20
1;1;13;16;8;10;9;10;10;10
1;1;13;16;9;10;10;10;11;10
1;1;13;16;10;10;11;10;12;10
1;1;13;16;11;10;12;10;13;10
1;1;13;16;12;10;13;10;14;10
1;1;13;16;13;10;14;10;15;10
2;1;13;16;14;10;15;10;16;10
2;2;13;16;15;10;16;10;16;11
2;2;13;16;16;10;16;11;16;12
2;2;13;16;16;11;16;12;16;13
2;2;13;16;16;12;16;13;16;14
2;2;13;16;16;13;16;14;16;15
3;2;13;16;16;14;16;15;16;16
3;3;13;16;16;15;16;16;15;16
3;3;13;16;16;16;15;16;14;16
3;3;4;7;15;16;15;16;14;16;13;16
3;3;4;7;15;16;14;16;13;16;12;16
3;3;4;7;14;16;13;16;12;16;11;16
3;3;4;7;13;16;12;16;11;16;10;16
3;3;4;7;12;16;11;16;10;16;9;16
3;3;4;7;11;16;10;16;9;16;8;16
3;3;4;7;10;16;9;16;8;16;7;16
3;3;4;7;9;16;8;16;7;16;6;16
3;3;4;7;8;16;7;16;6;16;5;16
0;3;4;7;7;16;6;16;5;16;4;16
0;0;4;7;6;16;5;16;4;16;4;15
0;0;4;7;5;16;4;16;4;15;4;14
0;0;4;7;4;16;4;15;4;14;4;13
0;0;4;7;4;15;4;14;4;13;4;12
0;0;4;7;4;14;4;13;4;12;4;11
0;0;4;7;4;13;4;12;4;11;4;10
0;0;4;7;4;12;4;11;4;10;4;9
0;0;4;7;4;11;4;10;4;9;4;8
0;0;15;6;4;10;4;10;4;9;4;8;4;7
0;0;15;6;4;10;4;9;4;8;4;7;4;6
0;0;15;6;4;9;4;8;4;7;4;6;4;5
1;0;15;6;4;8;4;7;4;6;4;5;4;4
1;1;15;6;4;7;4;6;4;5;4;4;5;4
1;1;15;6;4;6;4;5;4;4;5;4;6;4
1;1;15;6;4;5;4;4;5;4;6;4;7;4
1;1;15;6;4;4;5;4;6;4;7;4;8;4
1;1;15;6;5;4;6;4;7;4;8;4;9;4
1;1;15;6;6;4;7;4;8;4;9;4;10;4
1;1;15;6;7;4;8;4;9;4;10;4;11;4
1;1;15;6;8;4;9;4;10;4;11;4;12;4
1;1;15;6;9;4;10;4;11;4;12;4;13;4
1;1;15;6;10;4;11;4;12;4;13;4;14;4
2;1;15;6;11;4;12;4;13;4;14;4;15;4
2;2;15;6;12;4;13;4;14;4;15;4;15;5
2;2;11;0;13;4;13;4;14;4;15;4;15;5;15;6
2;2;11;0;13;4;14;4;15;4;15;5;15;6;15;7
2;2;11;0;14;4;15;4;15;5;15;6;15;7;15;8
2;2;11;0;15;4;15;5;15;6;15;7;15;8;15;9
2;2;11;0;15;5;15;6;15;7;15;8;15;9;15;10
2;2;11;0;15;6;15;7;15;8;15;9;15;10;15;11
2;2;11;0;15;7;15;8;15;9;15;10;15;11;15;12
2;2;11;0;15;8;15;9;15;10;15;11;15;12;15;13
1;2;11;0;15;9;15;10;15;11;15;12;15;13;15;14
1;1;11;0;15;10;15;11;15;12;15;13;15;14;16;14
0;1;11;0;15;11;15;12;15;13;15;14;16;14;17;14
0;0;11;0;15;12;15;13;15;14;16;14;17;14;17;13
0;0;11;0;15;13;15;14;16;14;17;14;17;13;17;12
0;0;11;0;15;14;16;14;17;14;17;13;17;12;17;11
0;0;11;0;16;14;17;14;17;13;17;12;17;11;17;10
0;0;11;0;17;14;17;13;17;12;17;11;17;10;17;9
0;0;11;0;17;13;17;12;17;11;17;10;17;9;17;8
0;0;11;0;17;12;17;11;17;10;17;9;17;8;17;7
0;0;11;0;17;11;17;10;17;9;17;8;17;7;17;6
0;0;11;0;17;10;17;9;17;8;17;7;17;6;17;5
0;0;11;0;17;9;17;8;17;7;17;6;17;5;17;4
0;0;11;0;17;8;17;7;17;6;17;5;17;4;17;3
0;0;11;0;17;7;17;6;17;5;17;4;17;3;17;2
3;0;11;0;17;6;17;5;17;4;17;3;17;2;17;1
3;3;11;0;17;5;17;4;17;3;17;2;17;1;16;1
3;3;11;0;17;4;17;3;17;2;17;1;16;1;15;1
3;3;11;0;17;3;17;2;17;1;16;1;15;1;14;1
0;3;11;0;17;2;17;1;16;1;15;1;14;1;13;1
3;0;11;0;17;1;16;1;15;1;14;1;13;1;13;0
3;3;11;0;16;1;15;1;14;1;13;1;13;0;12;0
3;3;15;18;15;1;15;1;14;1;13;1;13;0;12;0;11;0
3;3;15;18;15;1;14;1;13;1;13;0;12;0;11;0;10;0
2;3;15;18;14;1;13;1;13;0;12;0;11;0;10;0;9;0
2;2;15;18;13;1;13;0;12;0;11;0;10;0;9;0;9;1
1;2;15;18;13;0;12;0;11;0;10;0;9;0;9;1;9;2
1;1;15;18;12;0;11;0;10;0;9;0;9;1;9;2;10;2
1;1;15;18;11;0;10;0;9;0;9;1;9;2;10;2;11;2
1;1;15;18;10;0;9;0;9;1;9;2;10;2;11;2;12;2
1;1;15;18;9;0;9;1;9;2;10;2;11;2;12;2;13;2
1;1;15;18;9;1;9;2;10;2;11;2;12;2;13;2;14;2
2;1;15;18;9;2;10;2;11;2;12;2;13;2;14;2;15;2
2;2;15;18;10;2;11;2;12;2;13;2;14;2;15;2;15;3
2;2;15;18;11;2;12;2;13;2;14;2;15;2;15;3;15;4
2;2;15;18;12;2;13;2;14;2;15;2;15;3;15;4;15;5
2;2;15;18;13;2;14;2;15;2;15;3;15;4;15;5;15;6
2;2;15;18;14;2;15;2;15;3;15;4;15;5;15;6;15;7
2;2;15;18;15;2;15;3;15;4;15;5;15;6;15;7;15;8
2;2;15;18;15;3;15;4;15;5;15;6;15;7;15;8;15;9
2;2;15;18;15;4;15;5;15;6;15;7;15;8;15;9;15;10
2;2;15;18;15;5;15;6;15;7;15;8;15;9;15;10;15;11
2;2;15;18;15;6;15;7;15;8;15;9;15;10;15;11;15;12
2;2;15;18;15;7;15;8;15;9;15;10;15;11;15;12;15;13
2;2;15;18;15;8;15;9;15;10;15;11;15;12;15;13;15;14
2;2;15;18;15;9;15;10;15;11;15;12;15;13;15;14;15;15
2;2;15;18;15;10;15;11;15;12;15;13;15;14;15;15;15;16
2;2;15;18;15;11;15;12;15;13;15;14;15;15;15;16;15;17
3;2;5;9;15;12;15;12;15;13;15;14;15;15;15;16;15;17;15;18
3;3;5;9;15;12;15;13;15;14;15;15;15;16;15;17;15;18;14;18
3;3;5;9;15;13;15;14;15;15;15;16;15;17;15;18;14;18;13;18
3;3;5;9;15;14;15;15;15;16;15;17;15;18;14;18;13;18;12;18
3;3;5;9;15;15;15;16;15;17;15;18;14;18;13;18;12;18;11;18
3;3;5;9;15;16;15;17;15;18;14;18;13;18;12;18;11;18;10;18
3;3;5;9;15;17;15;18;14;18;13;18;12;18;11;18;10;18;9;18
3;3;5;9;15;18;14;18;13;18;12;18;11;18;10;18;9;18;8;18
3;3;5;9;14;18;13;18;12;18;11;18;10;18;9;18;8;18;7;18
3;3;5;9;13;18;12;18;11;18;10;18;9;18;8;18;7;18;6;18
0;3;5;9;12;18;11;18;10;18;9;18;8;18;7;18;6;18;5;18
0;0;5;9;11;18;10;18;9;18;8;18;7;18;6;18;5;18;5;17
0;0;5;9;10;18;9;18;8;18;7;18;6;18;5;18;5;17;5;16
0;0;5;9;9;18;8;18;7;18;6;18;5;18;5;17;5;16;5;15
0;0;5;9;8;18;7;18;6;18;5;18;5;17;5;16;5;15;5;14
0;0;5;9;7;18;6;18;5;18;5;17;5;16;5;15;5;14;5;13
0;0;5;9;6;18;5;18;5;17;5;16;5;15;5;14;5;13;5;12
0;0;5;9;5;18;5;17;5;16;5;15;5;14;5;13;5;12;5;11
0;0;5;9;5;17;5;16;5;15;5;14;5;13;5;12;5;11;5;10
0;0;10;8;5;16;5;16;5;15;5;14;5;13;5;12;5;11;5;10;5;9
0;0;10;8;5;16;5;15;5;14;5;13;5;12;5;11;5;10;5;9;5;8
0;0;10;8;5;15;5;14;5;13;5;12;5;11;5;10;5;9;5;8;5;7
1;0;10;8;5;14;5;13;5;12;5;11;5;10;5;9;5;8;5;7;5;6
1;1;10;8;5;13;5;12;5;11;5;10;5;9;5;8;5;7;5;6;6;6
1;1;10;8;5;12;5;11;5;10;5;9;5;8;5;7;5;6;6;6;7;6
1;1;10;8;5;11;5;10;5;9;5;8;5;7;5;6;6;6;7;6;8;6
1;1;10;8;5;10;5;9;5;8;5;7;5;6;6;6;7;6;8;6;9;6
2;1;10;8;5;9;5;8;5;7;5;6;6;6;7;6;8;6;9;6;10;6
2;2;10;8;5;8;5;7;5;6;6;6;7;6;8;6;9;6;10;6;10;7
2;2;10;17;5;7;5;7;5;6;6;6;7;6;8;6;9;6;10;6;10;7;10;8
2;2;10;17;5;7;5;6;6;6;7;6;8;6;9;6;10;6;10;7;10;8;10;9
2;2;10;17;5;6;6;6;7;6;8;6;9;6;10;6;10;7;10;8;10;9;10;10
2;2;10;17;6;6;7;6;8;6;9;6;10;6;10;7;10;8;10;9;10;10;10;11
2;2;10;17;7;6;8;6;9;6;10;6;10;7;10;8;10;9;10;10;10;11;10;12
2;2;10;17;8;6;9;6;10;6;10;7;10;8;10;9;10;10;10;11;10;12;10;13
2;2;10;17;9;6;10;6;10;7;10;8;10;9;10;10;10;11;10;12;10;13;10;14
2;2;10;17;10;6;10;7;10;8;10;9;10;10;10;11;10;12;10;13;10;14;10;15
2;2;10;17;10;7;10;8;10;9;10;10;10;11;10;12;10;13;10;14;10;15;10;16
1;2;3;2;10;8;10;8;10;9;10;10;10;11;10;12;10;13;10;14;10;15;10;16;10;17
1;1;3;2;10;8;10;9;10;10;10;11;10;12;10;13;10;14;10;15;10;16;10;17;11;17
1;1;3;2;10;9;10;10;10;11;10;12;10;13;10;14;10;15;10;16;10;17;11;17;12;17
0;1;3;2;10;10;10;11;10;12;10;13;10;14;10;15;10;16;10;17;11;17;12;17;13;17
0;0;3;2;10;11;10;12;10;13;10;14;10;15;10;16;10;17;11;17;12;17;13;17;13;16
0;0;3;2;10;12;10;13;10;14;10;15;10;16;10;17;11;17;12;17;13;17;13;16;13;15
0;0;3;2;10;13;10;14;10;15;10;16;10;17;11;17;12;17;13;17;13;16;13;15;13;14
0;0;3;2;10;14;10;15;10;16;10;17;11;17;12;17;13;17;13;16;13;15;13;14;13;13
0;0;3;2;10;15;10;16;10;17;11;17;12;17;13;17;13;16;13;15;13;14;13;13;13;12
0;0;3;2;10;16;10;17;11;17;12;17;13;17;13;16;13;15;13;14;13;13;13;12;13;11
0;0;3;2;10;17;11;17;12;17;13;17;13;16;13;15;13;14;13;13;13;12;13;11;13;10
0;0;3;2;11;17;12;17;13;17;13;16;13;15;13;14;13;13;13;12;13;11;13;10;13;9
0;0;3;2;12;17;13;17;13;16;13;15;13;14;13;13;13;12;13;11;13;10;13;9;13;8
0;0;3;2;13;17;13;16;13;15;13;14;13;13;13;12;13;11;13;10;13;9;13;8;13;7
0;0;3;2;13;16;13;15;13;14;13;13;13;12;13;11;13;10;13;9;13;8;13;7;13;6
0;0;3;2;13;15;13;14;13;13;13;12;13;11;13;10;13;9;13;8;13;7;13;6;13;5
0;0;3;2;13;14;13;13;13;12;13;11;13;10;13;9;13;8;13;7;13;6;13;5;13;4
3;0;3;2;13;13;13;12;13;11;13;10;13;9;13;8;13;7;13;6;13;5;13;4;13;3
3;3;3;2;13;12;13;11;13;10;13;9;13;8;13;7;13;6;13;5;13;4;13;3;12;3
3;3;3;2;13;11;13;10;13;9;13;8;13;7;13;6;13;5;13;4;13;3;12;3;11;3
3;3;3;2;13;10;13;9;13;8;13;7;13;6;13;5;13;4;13;3;12;3;11;3;10;3
0;3;3;2;13;9;13;8;13;7;13;6;13;5;13;4;13;3;12;3;11;3;10;3;9;3
3;0;3;2;13;8;13;7;13;6;13;5;13;4;13;3;12;3;11;3;10;3;9;3;9;2
3;3;3;2;13;7;13;6;13;5;13;4;13;3;12;3;11;3;10;3;9;3;9;2;8;2
3;3;3;2;13;6;13;5;13;4;13;3;12;3;11;3;10;3;9;3;9;2;8;2;7;2
3;3;3;2;13;5;13;4;13;3;12;3;11;3;10;3;9;3;9;2;8;2;7;2;6;2
3;3;3;2;13;4;13;3;12;3;11;3;10;3;9;3;9;2;8;2;7;2;6;2;5;2
3;3;3;2;13;3;12;3;11;3;10;3;9;3;9;2;8;2;7;2;6;2;5;2;4;2
2;3;18;15;12;3;12;3;11;3;10;3;9;3;9;2;8;2;7;2;6;2;5;2;4;2;3;2
2;2;18;15;12;3;11;3;10;3;9;3;9;2;8;2;7;2;6;2;5;2;4;2;3;2;3;3
2;2;18;15;11;3;10;3;9;3;9;2;8;2;7;2;6;2;5;2;4;2;3;2;3;3;3;4
2;2;18;15;10;3;9;3;9;2;8;2;7;2;6;2;5;2;4;2;3;2;3;3;3;4;3;5
2;2;18;15;9;3;9;2;8;2;7;2;6;2;5;2;4;2;3;2;3;3;3;4;3;5;3;6
2;2;18;15;9;2;8;2;7;2;6;2;5;2;4;2;3;2;3;3;3;4;3;5;3;6;3;7
2;2;18;15;8;2;7;2;6;2;5;2;4;2;3;2;3;3;3;4;3;5;3;6;3;7;3;8
2;2;18;15;7;2;6;2;5;2;4;2;3;2;3;3;3;4;3;5;3;6;3;7;3;8;3;9
2;2;18;15;6;2;5;2;4;2;3;2;3;3;3;4;3;5;3;6;3;7;3;8;3;9;3;10
2;2;18;15;5;2;4;2;3;2;3;3;3;4;3;5;3;6;3;7;3;8;3;9;3;10;3;11
2;2;18;15;4;2;3;2;3;3;3;4;3;5;3;6;3;7;3;8;3;9;3;10;3;11;3;12
2;2;18;15;3;2;3;3;3;4;3;5;3;6;3;7;3;8;3;9;3;10;3;11;3;12;3;13
2;2;18;15;3;3;3;4;3;5;3;6;3;7;3;8;3;9;3;10;3;11;3;12;3;13;3;14
1;2;18;15;3;4;3;5;3;6;3;7;3;8;3;9;3;10;3;11;3;12;3;13;3;14;3;15
1;1;18;15;3;5;3;6;3;7;3;8;3;9;3;10;3;11;3;12;3;13;3;14;3;15;4;15
1;1;18;15;3;6;3;7;3;8;3;9;3;10;3;11;3;12;3;13;3;14;3;15;4;15;5;15
1;1;18;15;3;7;3;8;3;9;3;10;3;11;3;12;3;13;3;14;3;15;4;15;5;15;6;15
1;1;18;15;3;8;3;9;3;10;3;11;3;12;3;13;3;14;3;15;4;15;5;15;6;15;7;15
1;1;18;15;3;9;3;10;3;11;3;12;3;13;3;14;3;15;4;15;5;15;6;15;7;15;8;15
1;1;18;15;3;10;3;11;3;12;3;13;3;14;3;15;4;15;5;15;6;15;7;15;8;15;9;15
1;1;18;15;3;11;3;12;3;13;3;14;3;15;4;15;5;15;6;15;7;15;8;15;9;15;10;15
1;1;18;15;3;12;3;13;3;14;3;15;4;15;5;15;6;15;7;15;8;15;9;15;10;15;11;15
1;1;18;15;3;13;3;14;3;15;4;15;5;15;6;15;7;15;8;15;9;15;10;15;11;15;12;15
1;1;18;15;3;14;3;15;4;15;5;15;6;15;7;15;8;15;9;15;10;15;11;15;12;15;13;15
1;1;18;15;3;15;4;15;5;15;6;15;7;15;8;15;9;15;10;15;11;15;12;15;13;15;14;15
1;1;18;15;4;15;5;15;6;15;7;15;8;15;9;15;10;15;11;15;12;15;13;15;14;15;15;15
1;1;18;15;5;15;6;15;7;15;8;15;9;15;10;15;11;15;12;15;13;15;14;15;15;15;16;15
1;1;18;15;6;15;7;15;8;15;9;15;10;15;11;15;12;15;13;15;14;15;15;15;16;15;17;15
0;1;16;17;7;15;7;15;8;15;9;15;10;15;11;15;12;15;13;15;14;15;15;15;16;15;17;15;18;15
0;0;16;17;7;15;8;15;9;15;10;15;11;15;12;15;13;15;14;15;15;15;16;15;17;15;18;15;18;14
0;0;16;17;8;15;9;15;10;15;11;15;12;15;13;15;14;15;15;15;16;15;17;15;18;15;18;14;18;13
0;0;16;17;9;15;10;15;11;15;12;15;13;15;14;15;15;15;16;15;17;15;18;15;18;14;18;13;18;12
0;0;16;17;10;15;11;15;12;15;13;15;14;15;15;15;16;15;17;15;18;15;18;14;18;13;18;12;18;11
0;0;16;17;11;15;12;15;13;15;14;15;15;15;16;15;17;15;18;15;18;14;18;13;18;12;18;11;18;10
0;0;16;17;12;15;13;15;14;15;15;15;16;15;17;15;18;15;18;14;18;13;18;12;18;11;18;10;18;9
3;0;16;17;13;15;14;15;15;15;16;15;17;15;18;15;18;14;18;13;18;12;18;11;18;10;18;9;18;8
3;3;16;17;14;15;15;15;16;15;17;15;18;15;18;14;18;13;18;12;18;11;18;10;18;9;18;8;17;8
2;3;16;17;15;15;16;15;17;15;18;15;18;14;18;13;18;12;18;11;18;10;18;9;18;8;17;8;16;8
2;2;16;17;16;15;17;15;18;15;18;14;18;13;18;12;18;11;18;10;18;9;18;8;17;8;16;8;16;9
2;2;16;17;17;15;18;15;18;14;18;13;18;12;18;11;18;10;18;9;18;8;17;8;16;8;16;9;16;10
2;2;16;17;18;15;18;14;18;13;18;12;18;11;18;10;18;9;18;8;17;8;16;8;16;9;16;10;16;11
2;2;16;17;18;14;18;13;18;12;18;11;18;10;18;9;18;8;17;8;16;8;16;9;16;10;16;11;16;12
2;2;16;17;18;13;18;12;18;11;18;10;18;9;18;8;17;8;16;8;16;9;16;10;16;11;16;12;16;13
2;2;16;17;18;12;18;11;18;10;18;9;18;8;17;8;16;8;16;9;16;10;16;11;16;12;16;13;16;14
2;2;16;17;18;11;18;10;18;9;18;8;17;8;16;8;16;9;16;10;16;11;16;12;16;13;16;14;16;15
2;2;16;17;18;10;18;9;18;8;17;8;16;8;16;9;16;10;16;11;16;12;16;13;16;14;16;15;16;16
2;2;15;5;18;9;18;9;18;8;17;8;16;8;16;9;16;10;16;11;16;12;16;13;16;14;16;15;16;16;16;17
2;2;15;5;18;9;18;8;17;8;16;8;16;9;16;10;16;11;16;12;16;13;16;14;16;15;16;16;16;17;16;18
3;2;15;5;18;8;17;8;16;8;16;9;16;10;16;11;16;12;16;13;16;14;16;15;16;16;16;17;16;18;16;19
3;3;15;5;17;8;16;8;16;9;16;10;16;11;16;12;16;13;16;14;16;15;16;16;16;17;16;18;16;19;15;19
3;3;15;5;16;8;16;9;16;10;16;11;16;12;16;13;16;14;16;15;16;16;16;17;16;18;16;19;15;19;14;19
0;3;15;5;16;9;16;10;16;11;16;12;16;13;16;14;16;15;16;16;16;17;16;18;16;19;15;19;14;19;13;19
0;0;15;5;16;10;16;11;16;12;16;13;16;14;16;15;16;16;16;17;16;18;16;19;15;19;14;19;13;19;13;18
1;0;15;5;16;11;16;12;16;13;16;14;16;15;16;16;16;17;16;18;16;19;15;19;14;19;13;19;13;18;13;17
1;1;15;5;16;12;16;13;16;14;16;15;16;16;16;17;16;18;16;19;15;19;14;19;13;19;13;18;13;17;14;17
0;1;15;5;16;13;16;14;16;15;16;16;16;17;16;18;16;19;15;19;14;19;13;19;13;18;13;17;14;17;15;17
0;0;15;5;16;14;16;15;16;16;16;17;16;18;16;19;15;19;14;19;13;19;13;18;13;17;14;17;15;17;15;16
0;0;15;5;16;15;16;16;16;17;16;18;16;19;15;19;14;19;13;19;13;18;13;17;14;17;15;17;15;16;15;15
0;0;15;5;16;16;16;17;16;18;16;19;15;19;14;19;13;19;13;18;13;17;14;17;15;17;15;16;15;15;15;14
0;0;15;5;16;17;16;18;16;19;15;19;14;19;13;19;13;18;13;17;14;17;15;17;15;16;15;15;15;14;15;13
0;0;15;5;16;18;16;19;15;19;14;19;13;19;13;18;13;17;14;17;15;17;15;16;15;15;15;14;15;13;15;12
0;0;15;5;16;19;15;19;14;19;13;19;13;18;13;17;14;17;15;17;15;16;15;15;15;14;15;13;15;12;15;11
0;0;15;5;15;19;14;19;13;19;13;18;13;17;14;17;15;17;15;16;15;15;15;14;15;13;15;12;15;11;15;10
0;0;15;5;14;19;13;19;13;18;13;17;14;17;15;17;15;16;15;15;15;14;15;13;15;12;15;11;15;10;15;9
0;0;15;5;13;19;13;18;13;17;14;17;15;17;15;16;15;15;15;14;15;13;15;12;15;11;15;10;15;9;15;8
0;0;15;5;13;18;13;17;14;17;15;17;15;16;15;15;15;14;15;13;15;12;15;11;15;10;15;9;15;8;15;7
0;0;15;5;13;17;14;17;15;17;15;16;15;15;15;14;15;13;15;12;15;11;15;10;15;9;15;8;15;7;15;6
0;0;16;0;14;17;14;17;15;17;15;16;15;15;15;14;15;13;15;12;15;11;15;10;15;9;15;8;15;7;15;6;15;5
3;0;16;0;14;17;15;17;15;16;15;15;15;14;15;13;15;12;15;11;15;10;15;9;15;8;15;7;15;6;15;5;15;4
3;3;16;0;15;17;15;16;15;15;15;14;15;13;15;12;15;11;15;10;15;9;15;8;15;7;15;6;15;5;15;4;14;4
0;3;16;0;15;16;15;15;15;14;15;13;15;12;15;11;15;10;15;9;15;8;15;7;15;6;15;5;15;4;14;4;13;4
0;0;16;0;15;15;15;14;15;13;15;12;15;11;15;10;15;9;15;8;15;7;15;6;15;5;15;4;14;4;13;4;13;3
0;0;16;0;15;14;15;13;15;12;15;11;15;10;15;9;15;8;15;7;15;6;15;5;15;4;14;4;13;4;13;3;13;2
0;0;16;0;15;13;15;12;15;11;15;10;15;9;15;8;15;7;15;6;15;5;15;4;14;4;13;4;13;3;13;2;13;1
1;0;16;0;15;12;15;11;15;10;15;9;15;8;15;7;15;6;15;5;15;4;14;4;13;4;13;3;13;2;13;1;13;0
1;1;16;0;15;11;15;10;15;9;15;8;15;7;15;6;15;5;15;4;14;4;13;4;13;3;13;2;13;1;13;0;14;0
1;1;16;0;15;10;15;9;15;8;15;7;15;6;15;5;15;4;14;4;13;4;13;3;13;2;13;1;13;0;14;0;15;0
1;1;7;5;15;9;15;9;15;8;15;7;15;6;15;5;15;4;14;4;13;4;13;3;13;2;13;1;13;0;14;0;15;0;16;0
1;1;7;5;15;9;15;8;15;7;15;6;15;5;15;4;14;4;13;4;13;3;13;2;13;1;13;0;14;0;15;0;16;0;17;0
2;1;7;5;15;8;15;7;15;6;15;5;15;4;14;4;13;4;13;3;13;2;13;1;13;0;14;0;15;0;16;0;17;0;18;0
2;2;7;5;15;7;15;6;15;5;15;4;14;4;13;4;13;3;13;2;13;1;13;0;14;0;15;0;16;0;17;0;18;0;18;1
2;2;7;5;15;6;15;5;15;4;14;4;13;4;13;3;13;2;13;1;13;0;14;0;15;0;16;0;17;0;18;0;18;1;18;2
2;2;7;5;15;5;15;4;14;4;13;4;13;3;13;2;13;1;13;0;14;0;15;0;16;0;17;0;18;0;18;1;18;2;18;3
2;2;7;5;15;4;14;4;13;4;13;3;13;2;13;1;13;0;14;0;15;0;16;0;17;0;18;0;18;1;18;2;18;3;18;4
3;2;7;5;14;4;13;4;13;3;13;2;13;1;13;0;14;0;15;0;16;0;17;0;18;0;18;1;18;2;18;3;18;4;18;5
3;3;7;5;13;4;13;3;13;2;13;1;13;0;14;0;15;0;16;0;17;0;18;0;18;1;18;2;18;3;18;4;18;5;17;5
3;3;7;5;13;3;13;2;13;1;13;0;14;0;15;0;16;0;17;0;18;0;18;1;18;2;18;3;18;4;18;5;17;5;16;5
3;3;7;5;13;2;13;1;13;0;14;0;15;0;16;0;17;0;18;0;18;1;18;2;18;3;18;4;18;5;17;5;16;5;15;5
3;3;7;5;13;1;13;0;14;0;15;0;16;0;17;0;18;0;18;1;18;2;18;3;18;4;18;5;17;5;16;5;15;5;14;5
3;3;7;5;13;0;14;0;15;0;16;0;17;0;18;0;18;1;18;2;18;3;18;4;18;5;17;5;16;5;15;5;14;5;13;5
3;3;7;5;14;0;15;0;16;0;17;0;18;0;18;1;18;2;18;3;18;4;18;5;17;5;16;5;15;5;14;5;13;5;12;5
3;3;7;5;15;0;16;0;17;0;18;0;18;1;18;2;18;3;18;4;18;5;17;5;16;5;15;5;14;5;13;5;12;5;11;5
3;3;7;5;16;0;17;0;18;0;18;1;18;2;18;3;18;4;18;5;17;5;16;5;15;5;14;5;13;5;12;5;11;5;10;5
3;3;7;5;17;0;18;0;18;1;18;2;18;3;18;4;18;5;17;5;16;5;15;5;14;5;13;5;12;5;11;5;10;5;9;5
3;3;7;5;18;0;18;1;18;2;18;3;18;4;18;5;17;5;16;5;15;5;14;5;13;5;12;5;11;5;10;5;9;5;8;5
3;3;10;4;18;1;18;1;18;2;18;3;18;4;18;5;17;5;16;5;15;5;14;5;13;5;12;5;11;5;10;5;9;5;8;5;7;5
3;3;10;4;18;1;18;2;18;3;18;4;18;5;17;5;16;5;15;5;14;5;13;5;12;5;11;5;10;5;9;5;8;5;7;5;6;5
3;3;10;4;18;2;18;3;18;4;18;5;17;5;16;5;15;5;14;5;13;5;12;5;11;5;10;5;9;5;8;5;7;5;6;5;5;5
0;3;10;4;18;3;18;4;18;5;17;5;16;5;15;5;14;5;13;5;12;5;11;5;10;5;9;5;8;5;7;5;6;5;5;5;4;5
1;0;10;4;18;4;18;5;17;5;16;5;15;5;14;5;13;5;12;5;11;5;10;5;9;5;8;5;7;5;6;5;5;5;4;5;4;4
1;1;10;4;18;5;17;5;16;5;15;5;14;5;13;5;12;5;11;5;10;5;9;5;8;5;7;5;6;5;5;5;4;5;4;4;5;4
1;1;10;4;17;5;16;5;15;5;14;5;13;5;12;5;11;5;10;5;9;5;8;5;7;5;6;5;5;5;4;5;4;4;5;4;6;4
1;1;10;4;16;5;15;5;14;5;13;5;12;5;11;5;10;5;9;5;8;5;7;5;6;5;5;5;4;5;4;4;5;4;6;4;7;4
1;1;10;4;15;5;14;5;13;5;12;5;11;5;10;5;9;5;8;5;7;5;6;5;5;5;4;5;4;4;5;4;6;4;7;4;8;4
1;1;10;4;14;5;13;5;12;5;11;5;10;5;9;5;8;5;7;5;6;5;5;5;4;5;4;4;5;4;6;4;7;4;8;4;9;4
1;1;12;3;13;5;13;5;12;5;11;5;10;5;9;5;8;5;7;5;6;5;5;5;4;5;4;4;5;4;6;4;7;4;8;4;9;4;10;4
1;1;12;3;13;5;12;5;11;5;10;5;9;5;8;5;7;5;6;5;5;5;4;5;4;4;5;4;6;4;7;4;8;4;9;4;10;4;11;4
1;1;12;3;12;5;11;5;10;5;9;5;8;5;7;5;6;5;5;5;4;5;4;4;5;4;6;4;7;4;8;4;9;4;10;4;11;4;12;4
0;1;12;3;11;5;10;5;9;5;8;5;7;5;6;5;5;5;4;5;4;4;5;4;6;4;7;4;8;4;9;4;10;4;11;4;12;4;13;4
3;0;12;3;10;5;9;5;8;5;7;5;6;5;5;5;4;5;4;4;5;4;6;4;7;4;8;4;9;4;10;4;11;4;12;4;13;4;13;3
3;3;3;0;9;5;9;5;8;5;7;5;6;5;5;5;4;5;4;4;5;4;6;4;7;4;8;4;9;4;10;4;11;4;12;4;13;4;13;3;12;3
3;3;3;0;9;5;8;5;7;5;6;5;5;5;4;5;4;4;5;4;6;4;7;4;8;4;9;4;10;4;11;4;12;4;13;4;13;3;12;3;11;3
3;3;3;0;8;5;7;5;6;5;5;5;4;5;4;4;5;4;6;4;7;4;8;4;9;4;10;4;11;4;12;4;13;4;13;3;12;3;11;3;10;3
3;3;3;0;7;5;6;5;5;5;4;5;4;4;5;4;6;4;7;4;8;4;9;4;10;4;11;4;12;4;13;4;13;3;12;3;11;3;10;3;9;3
3;3;3;0;6;5;5;5;4;5;4;4;5;4;6;4;7;4;8;4;9;4;10;4;11;4;12;4;13;4;13;3;12;3;11;3;10;3;9;3;8;3
0;3;3;0;5;5;4;5;4;4;5;4;6;4;7;4;8;4;9;4;10;4;11;4;12;4;13;4;13;3;12;3;11;3;10;3;9;3;8;3;7;3
0;0;3;0;4;5;4;4;5;4;6;4;7;4;8;4;9;4;10;4;11;4;12;4;13;4;13;3;12;3;11;3;10;3;9;3;8;3;7;3;7;2
3;0;3;0;4;4;5;4;6;4;7;4;8;4;9;4;10;4;11;4;12;4;13;4;13;3;12;3;11;3;10;3;9;3;8;3;7;3;7;2;7;1
3;3;3;0;5;4;6;4;7;4;8;4;9;4;10;4;11;4;12;4;13;4;13;3;12;3;11;3;10;3;9;3;8;3;7;3;7;2;7;1;6;1
3;3;3;0;6;4;7;4;8;4;9;4;10;4;11;4;12;4;13;4;13;3;12;3;11;3;10;3;9;3;8;3;7;3;7;2;7;1;6;1;5;1
3;3;3;0;7;4;8;4;9;4;10;4;11;4;12;4;13;4;13;3;12;3;11;3;10;3;9;3;8;3;7;3;7;2;7;1;6;1;5;1;4;1
0;3;3;0;8;4;9;4;10;4;11;4;12;4;13;4;13;3;12;3;11;3;10;3;9;3;8;3;7;3;7;2;7;1;6;1;5;1;4;1;3;1
3;0;17;5;9;4;9;4;10;4;11;4;12;4;13;4;13;3;12;3;11;3;10;3;9;3;8;3;7;3;7;2;7;1;6;1;5;1;4;1;3;1;3;0
3;3;17;5;9;4;10;4;11;4;12;4;13;4;13;3;12;3;11;3;10;3;9;3;8;3;7;3;7;2;7;1;6;1;5;1;4;1;3;1;3;0;2;0
2;3;17;5;10;4;11;4;12;4;13;4;13;3;12;3;11;3;10;3;9;3;8;3;7;3;7;2;7;1;6;1;5;1;4;1;3;1;3;0;2;0;1;0
2;2;17;5;11;4;12;4;13;4;13;3;12;3;11;3;10;3;9;3;8;3;7;3;7;2;7;1;6;1;5;1;4;1;3;1;3;0;2;0;1;0;1;1
2;2;17;5;12;4;13;4;13;3;12;3;11;3;10;3;9;3;8;3;7;3;7;2;7;1;6;1;5;1;4;1;3;1;3;0;2;0;1;0;1;1;1;2
2;2;17;5;13;4;13;3;12;3;11;3;10;3;9;3;8;3;7;3;7;2;7;1;6;1;5;1;4;1;3;1;3;0;2;0;1;0;1;1;1;2;1;3
1;2;17;5;13;3;12;3;11;3;10;3;9;3;8;3;7;3;7;2;7;1;6;1;5;1;4;1;3;1;3;0;2;0;1;0;1;1;1;2;1;3;1;4
1;1;17;5;12;3;11;3;10;3;9;3;8;3;7;3;7;2;7;1;6;1;5;1;4;1;3;1;3;0;2;0;1;0;1;1;1;2;1;3;1;4;2;4
1;1;17;5;11;3;10;3;9;3;8;3;7;3;7;2;7;1;6;1;5;1;4;1;3;1;3;0;2;0;1;0;1;1;1;2;1;3;1;4;2;4;3;4
1;1;17;5;10;3;9;3;8;3;7;3;7;2;7;1;6;1;5;1;4;1;3;1;3;0;2;0;1;0;1;1;1;2;1;3;1;4;2;4;3;4;4;4
1;1;17;5;9;3;8;3;7;3;7;2;7;1;6;1;5;1;4;1;3;1;3;0;2;0;1;0;1;1;1;2;1;3;1;4;2;4;3;4;4;4;5;4
1;1;17;5;8;3;7;3;7;2;7;1;6;1;5;1;4;1;3;1;3;0;2;0;1;0;1;1;1;2;1;3;1;4;2;4;3;4;4;4;5;4;6;4
1;1;17;5;7;3;7;2;7;1;6;1;5;1;4;1;3;1;3;0;2;0;1;0;1;1;1;2;1;3;1;4;2;4;3;4;4;4;5;4;6;4;7;4
1;1;17;5;7;2;7;1;6;1;5;1;4;1;3;1;3;0;2;0;1;0;1;1;1;2;1;3;1;4;2;4;3;4;4;4;5;4;6;4;7;4;8;4
1;1;17;5;7;1;6;1;5;1;4;1;3;1;3;0;2;0;1;0;1;1;1;2;1;3;1;4;2;4;3;4;4;4;5;4;6;4;7;4;8;4;9;4
1;1;17;5;6;1;5;1;4;1;3;1;3;0;2;0;1;0;1;1;1;2;1;3;1;4;2;4;3;4;4;4;5;4;6;4;7;4;8;4;9;4;10;4
1;1;17;5;5;1;4;1;3;1;3;0;2;0;1;0;1;1;1;2;1;3;1;4;2;4;3;4;4;4;5;4;6;4;7;4;8;4;9;4;10;4;11;4
1;1;17;5;4;1;3;1;3;0;2;0;1;0;1;1;1;2;1;3;1;4;2;4;3;4;4;4;5;4;6;4;7;4;8;4;9;4;10;4;11;4;12;4
1;1;17;5;3;1;3;0;2;0;1;0;1;1;1;2;1;3;1;4;2;4;3;4;4;4;5;4;6;4;7;4;8;4;9;4;10;4;11;4;12;4;13;4
1;1;17;5;3;0;2;0;1;0;1;1;1;2;1;3;1;4;2;4;3;4;4;4;5;4;6;4;7;4;8;4;9;4;10;4;11;4;12;4;13;4;14;4
1;1;17;5;2;0;1;0;1;1;1;2;1;3;1;4;2;4;3;4;4;4;5;4;6;4;7;4;8;4;9;4;10;4;11;4;12;4;13;4;14;4;15;4
1;1;17;5;1;0;1;1;1;2;1;3;1;4;2;4;3;4;4;4;5;4;6;4;7;4;8;4;9;4;10;4;11;4;12;4;13;4;14;4;15;4;16;4
2;1;17;5;1;1;1;2;1;3;1;4;2;4;3;4;4;4;5;4;6;4;7;4;8;4;9;4;10;4;11;4;12;4;13;4;14;4;15;4;16;4;17;4
2;2;17;16;1;2;1;2;1;3;1;4;2;4;3;4;4;4;5;4;6;4;7;4;8;4;9;4;10;4;11;4;12;4;13;4;14;4;15;4;16;4;17;4;17;5
2;2;17;16;1;2;1;3;1;4;2;4;3;4;4;4;5;4;6;4;7;4;8;4;9;4;10;4;11;4;12;4;13;4;14;4;15;4;16;4;17;4;17;5;17;6
2;2;17;16;1;3;1;4;2;4;3;4;4;4;5;4;6;4;7;4;8;4;9;4;10;4;11;4;12;4;13;4;14;4;15;4;16;4;17;4;17;5;17;6;17;7
2;2;17;16;1;4;2;4;3;4;4;4;5;4;6;4;7;4;8;4;9;4;10;4;11;4;12;4;13;4;14;4;15;4;16;4;17;4;17;5;17;6;17;7;17;8
2;2;17;16;2;4;3;4;4;4;5;4;6;4;7;4;8;4;9;4;10;4;11;4;12;4;13;4;14;4;15;4;16;4;17;4;17;5;17;6;17;7;17;8;17;9
2;2;17;16;3;4;4;4;5;4;6;4;7;4;8;4;9;4;10;4;11;4;12;4;13;4;14;4;15;4;16;4;17;4;17;5;17;6;17;7;17;8;17;9;17;10
2;2;17;16;4;4;5;4;6;4;7;4;8;4;9;4;10;4;11;4;12;4;13;4;14;4;15;4;16;4;17;4;17;5;17;6;17;7;17;8;17;9;17;10;17;11
2;2;17;16;5;4;6;4;7;4;8;4;9;4;10;4;11;4;12;4;13;4;14;4;15;4;16;4;17;4;17;5;17;6;17;7;17;8;17;9;17;10;17;11;17;12
2;2;17;16;6;4;7;4;8;4;9;4;10;4;11;4;12;4;13;4;14;4;15;4;16;4;17;4;17;5;17;6;17;7;17;8;17;9;17;10;17;11;17;12;17;13
2;2;17;16;7;4;8;4;9;4;10;4;11;4;12;4;13;4;14;4;15;4;16;4;17;4;17;5;17;6;17;7;17;8;17;9;17;10;17;11;17;12;17;13;17;14
2;2;17;16;8;4;9;4;10;4;11;4;12;4;13;4;14;4;15;4;16;4;17;4;17;5;17;6;17;7;17;8;17;9;17;10;17;11;17;12;17;13;17;14;17;15
3;2;6;17;9;4;9;4;10;4;11;4;12;4;13;4;14;4;15;4;16;4;17;4;17;5;17;6;17;7;17;8;17;9;17;10;17;11;17;12;17;13;17;14;17;15;17;16
3;3;6;17;9;4;10;4;11;4;12;4;13;4;14;4;15;4;16;4;17;4;17;5;17;6;17;7;17;8;17;9;17;10;17;11;17;12;17;13;17;14;17;15;17;16;16;16
3;3;6;17;10;4;11;4;12;4;13;4;14;4;15;4;16;4;17;4;17;5;17;6;17;7;17;8;17;9;17;10;17;11;17;12;17;13;17;14;17;15;17;16;16;16;15;16
3;3;6;17;11;4;12;4;13;4;14;4;15;4;16;4;17;4;17;5;17;6;17;7;17;8;17;9;17;10;17;11;17;12;17;13;17;14;17;15;17;16;16;16;15;16;14;16
2;3;6;17;12;4;13;4;14;4;15;4;16;4;17;4;17;5;17;6;17;7;17;8;17;9;17;10;17;11;17;12;17;13;17;14;17;15;17;16;16;16;15;16;14;16;13;16
3;2;6;17;13;4;14;4;15;4;16;4;17;4;17;5;17;6;17;7;17;8;17;9;17;10;17;11;17;12;17;13;17;14;17;15;17;16;16;16;15;16;14;16;13;16;13;17
3;3;6;17;14;4;15;4;16;4;17;4;17;5;17;6;17;7;17;8;17;9;17;10;17;11;17;12;17;13;17;14;17;15;17;16;16;16;15;16;14;16;13;16;13;17;12;17
3;3;6;17;15;4;16;4;17;4;17;5;17;6;17;7;17;8;17;9;17;10;17;11;17;12;17;13;17;14;17;15;17;16;16;16;15;16;14;16;13;16;13;17;12;17;11;17
3;3;6;17;16;4;17;4;17;5;17;6;17;7;17;8;17;9;17;10;17;11;17;12;17;13;17;14;17;15;17;16;16;16;15;16;14;16;13;16;13;17;12;17;11;17;10;17
3;3;6;17;17;4;17;5;17;6;17;7;17;8;17;9;17;10;17;11;17;12;17;13;17;14;17;15;17;16;16;16;15;16;14;16;13;16;13;17;12;17;11;17;10;17;9;17
3;3;6;17;17;5;17;6;17;7;17;8;17;9;17;10;17;11;17;12;17;13;17;14;17;15;17;16;16;16;15;16;14;16;13;16;13;17;12;17;11;17;10;17;9;17;8;17
3;3;6;17;17;6;17;7;17;8;17;9;17;10;17;11;17;12;17;13;17;14;17;15;17;16;16;16;15;16;14;16;13;16;13;17;12;17;11;17;10;17;9;17;8;17;7;17
0;3;18;0;17;7;17;7;17;8;17;9;17;10;17;11;17;12;17;13;17;14;17;15;17;16;16;16;15;16;14;16;13;16;13;17;12;17;11;17;10;17;9;17;8;17;7;17;6;17
0;0;18;0;17;7;17;8;17;9;17;10;17;11;17;12;17;13;17;14;17;15;17;16;16;16;15;16;14;16;13;16;13;17;12;17;11;17;10;17;9;17;8;17;7;17;6;17;6;16
0;0;18;0;17;8;17;9;17;10;17;11;17;12;17;13;17;14;17;15;17;16;16;16;15;16;14;16;13;16;13;17;12;17;11;17;10;17;9;17;8;17;7;17;6;17;6;16;6;15
0;0;18;0;17;9;17;10;17;11;17;12;17;13;17;14;17;15;17;16;16;16;15;16;14;16;13;16;13;17;12;17;11;17;10;17;9;17;8;17;7;17;6;17;6;16;6;15;6;14
0;0;18;0;17;10;17;11;17;12;17;13;17;14;17;15;17;16;16;16;15;16;14;16;13;16;13;17;12;17;11;17;10;17;9;17;8;17;7;17;6;17;6;16;6;15;6;14;6;13
0;0;18;0;17;11;17;12;17;13;17;14;17;15;17;16;16;16;15;16;14;16;13;16;13;17;12;17;11;17;10;17;9;17;8;17;7;17;6;17;6;16;6;15;6;14;6;13;6;12
0;0;18;0;17;12;17;13;17;14;17;15;17;16;16;16;15;16;14;16;13;16;13;17;12;17;11;17;10;17;9;17;8;17;7;17;6;17;6;16;6;15;6;14;6;13;6;12;6;11
0;0;18;0;17;13;17;14;17;15;17;16;16;16;15;16;14;16;13;16;13;17;12;17;11;17;10;17;9;17;8;17;7;17;6;17;6;16;6;15;6;14;6;13;6;12;6;11;6;10
0;0;18;0;17;14;17;15;17;16;16;16;15;16;14;16;13;16;13;17;12;17;11;17;10;17;9;17;8;17;7;17;6;17;6;16;6;15;6;14;6;13;6;12;6;11;6;10;6;9
0;0;18;0;17;15;17;16;16;16;15;16;14;16;13;16;13;17;12;17;11;17;10;17;9;17;8;17;7;17;6;17;6;16;6;15;6;14;6;13;6;12;6;11;6;10;6;9;6;8
0;0;18;0;17;16;16;16;15;16;14;16;13;16;13;17;12;17;11;17;10;17;9;17;8;17;7;17;6;17;6;16;6;15;6;14;6;13;6;12;6;11;6;10;6;9;6;8;6;7
0;0;18;0;16;16;15;16;14;16;13;16;13;17;12;17;11;17;10;17;9;17;8;17;7;17;6;17;6;16;6;15;6;14;6;13;6;12;6;11;6;10;6;9;6;8;6;7;6;6
0;0;18;0;15;16;14;16;13;16;13;17;12;17;11;17;10;17;9;17;8;17;7;17;6;17;6;16;6;15;6;14;6;13;6;12;6;11;6;10;6;9;6;8;6;7;6;6;6;5
0;0;18;0;14;16;13;16;13;17;12;17;11;17;10;17;9;17;8;17;7;17;6;17;6;16;6;15;6;14;6;13;6;12;6;11;6;10;6;9;6;8;6;7;6;6;6;5;6;4
0;0;18;0;13;16;13;17;12;17;11;17;10;17;9;17;8;17;7;17;6;17;6;16;6;15;6;14;6;13;6;12;6;11;6;10;6;9;6;8;6;7;6;6;6;5;6;4;6;3
0;0;18;0;13;17;12;17;11;17;10;17;9;17;8;17;7;17;6;17;6;16;6;15;6;14;6;13;6;12;6;11;6;10;6;9;6;8;6;7;6;6;6;5;6;4;6;3;6;2
0;0;18;0;12;17;11;17;10;17;9;17;8;17;7;17;6;17;6;16;6;15;6;14;6;13;6;12;6;11;6;10;6;9;6;8;6;7;6;6;6;5;6;4;6;3;6;2;6;1
1;0;18;0;11;17;10;17;9;17;8;17;7;17;6;17;6;16;6;15;6;14;6;13;6;12;6;11;6;10;6;9;6;8;6;7;6;6;6;5;6;4;6;3;6;2;6;1;6;0
1;1;18;0;10;17;9;17;8;17;7;17;6;17;6;16;6;15;6;14;6;13;6;12;6;11;6;10;6;9;6;8;6;7;6;6;6;5;6;4;6;3;6;2;6;1;6;0;7;0
1;1;18;0;9;17;8;17;7;17;6;17;6;16;6;15;6;14;6;13;6;12;6;11;6;10;6;9;6;8;6;7;6;6;6;5;6;4;6;3;6;2;6;1;6;0;7;0;8;0
1;1;18;0;8;17;7;17;6;17;6;16;6;15;6;14;6;13;6;12;6;11;6;10;6;9;6;8;6;7;6;6;6;5;6;4;6;3;6;2;6;1;6;0;7;0;8;0;9;0
1;1;18;0;7;17;6;17;6;16;6;15;6;14;6;13;6;12;6;11;6;10;6;9;6;8;6;7;6;6;6;5;6;4;6;3;6;2;6;1;6;0;7;0;8;0;9;0;10;0
1;1;18;0;6;17;6;16;6;15;6;14;6;13;6;12;6;11;6;10;6;9;6;8;6;7;6;6;6;5;6;4;6;3;6;2;6;1;6;0;7;0;8;0;9;0;10;0;11;0
1;1;18;0;6;16;6;15;6;14;6;13;6;12;6;11;6;10;6;9;6;8;6;7;6;6;6;5;6;4;6;3;6;2;6;1;6;0;7;0;8;0;9;0;10;0;11;0;12;0
1;1;18;0;6;15;6;14;6;13;6;12;6;11;6;10;6;9;6;8;6;7;6;6;6;5;6;4;6;3;6;2;6;1;6;0;7;0;8;0;9;0;10;0;11;0;12;0;13;0
1;1;18;0;6;14;6;13;6;12;6;11;6;10;6;9;6;8;6;7;6;6;6;5;6;4;6;3;6;2;6;1;6;0;7;0;8;0;9;0;10;0;11;0;12;0;13;0;14;0
1;1;18;0;6;13;6;12;6;11;6;10;6;9;6;8;6;7;6;6;6;5;6;4;6;3;6;2;6;1;6;0;7;0;8;0;9;0;10;0;11;0;12;0;13;0;14;0;15;0
1;1;18;0;6;12;6;11;6;10;6;9;6;8;6;7;6;6;6;5;6;4;6;3;6;2;6;1;6;0;7;0;8;0;9;0;10;0;11;0;12;0;13;0;14;0;15;0;16;0
1;1;18;0;6;11;6;10;6;9;6;8;6;7;6;6;6;5;6;4;6;3;6;2;6;1;6;0;7;0;8;0;9;0;10;0;11;0;12;0;13;0;14;0;15;0;16;0;17;0
2;1;12;3;6;10;6;10;6;9;6;8;6;7;6;6;6;5;6;4;6;3;6;2;6;1;6;0;7;0;8;0;9;0;10;0;11;0;12;0;13;0;14;0;15;0;16;0;17;0;18;0
2;2;12;3;6;10;6;9;6;8;6;7;6;6;6;5;6;4;6;3;6;2;6;1;6;0;7;0;8;0;9;0;10;0;11;0;12;0;13;0;14;0;15;0;16;0;17;0;18;0;18;1
2;2;12;3;6;9;6;8;6;7;6;6;6;5;6;4;6;3;6;2;6;1;6;0;7;0;8;0;9;0;10;0;11;0;12;0;13;0;14;0;15;0;16;0;17;0;18;0;18;1;18;2
3;2;12;3;6;8;6;7;6;6;6;5;6;4;6;3;6;2;6;1;6;0;7;0;8;0;9;0;10;0;11;0;12;0;13;0;14;0;15;0;16;0;17;0;18;0;18;1;18;2;18;3
3;3;12;3;6;7;6;6;6;5;6;4;6;3;6;2;6;1;6;0;7;0;8;0;9;0;10;0;11;0;12;0;13;0;14;0;15;0;16;0;17;0;18;0;18;1;18;2;18;3;17;3
3;3;12;3;6;6;6;5;6;4;6;3;6;2;6;1;6;0;7;0;8;0;9;0;10;0;11;0;12;0;13;0;14;0;15;0;16;0;17;0;18;0;18;1;18;2;18;3;17;3;16;3
3;3;12;3;6;5;6;4;6;3;6;2;6;1;6;0;7;0;8;0;9;0;10;0;11;0;12;0;13;0;14;0;15;0;16;0;17;0;18;0;18;1;18;2;18;3;17;3;16;3;15;3
3;3;12;3;6;4;6;3;6;2;6;1;6;0;7;0;8;0;9;0;10;0;11;0;12;0;13;0;14;0;15;0;16;0;17;0;18;0;18;1;18;2;18;3;17;3;16;3;15;3;14;3
3;3;12;3;6;3;6;2;6;1;6;0;7;0;8;0;9;0;10;0;11;0;12;0;13;0;14;0;15;0;16;0;17;0;18;0;18;1;18;2;18;3;17;3;16;3;15;3;14;3;13;3
3;3;12;16;6;2;6;2;6;1;6;0;7;0;8;0;9;0;10;0;11;0;12;0;13;0;14;0;15;0;16;0;17;0;18;0;18;1;18;2;18;3;17;3;16;3;15;3;14;3;13;3;12;3
3;3;12;16;6;2;6;1;6;0;7;0;8;0;9;0;10;0;11;0;12;0;13;0;14;0;15;0;16;0;17;0;18;0;18;1;18;2;18;3;17;3;16;3;15;3;14;3;13;3;12;3;11;3
2;3;12;16;6;1;6;0;7;0;8;0;9;0;10;0;11;0;12;0;13;0;14;0;15;0;16;0;17;0;18;0;18;1;18;2;18;3;17;3;16;3;15;3;14;3;13;3;12;3;11;3;10;3
2;2;12;16;6;0;7;0;8;0;9;0;10;0;11;0;12;0;13;0;14;0;15;0;16;0;17;0;18;0;18;1;18;2;18;3;17;3;16;3;15;3;14;3;13;3;12;3;11;3;10;3;10;4
1;2;12;16;7;0;8;0;9;0;10;0;11;0;12;0;13;0;14;0;15;0;16;0;17;0;18;0;18;1;18;2;18;3;17;3;16;3;15;3;14;3;13;3;12;3;11;3;10;3;10;4;10;5
1;1;12;16;8;0;9;0;10;0;11;0;12;0;13;0;14;0;15;0;16;0;17;0;18;0;18;1;18;2;18;3;17;3;16;3;15;3;14;3;13;3;12;3;11;3;10;3;10;4;10;5;11;5
1;1;12;16;9;0;10;0;11;0;12;0;13;0;14;0;15;0;16;0;17;0;18;0;18;1;18;2;18;3;17;3;16;3;15;3;14;3;13;3;12;3;11;3;10;3;10;4;10;5;11;5;12;5
2;1;12;16;10;0;11;0;12;0;13;0;14;0;15;0;16;0;17;0;18;0;18;1;18;2;18;3;17;3;16;3;15;3;14;3;13;3;12;3;11;3;10;3;10;4;10;5;11;5;12;5;13;5
2;2;12;16;11;0;12;0;13;0;14;0;15;0;16;0;17;0;18;0;18;1;18;2;18;3;17;3;16;3;15;3;14;3;13;3;12;3;11;3;10;3;10;4;10;5;11;5;12;5;13;5;13;6
2;2;12;16;12;0;13;0;14;0;15;0;16;0;17;0;18;0;18;1;18;2;18;3;17;3;16;3;15;3;14;3;13;3;12;3;11;3;10;3;10;4;10;5;11;5;12;5;13;5;13;6;13;7
3;2;12;16;13;0;14;0;15;0;16;0;17;0;18;0;18;1;18;2;18;3;17;3;16;3;15;3;14;3;13;3;12;3;11;3;10;3;10;4;10;5;11;5;12;5;13;5;13;6;13;7;13;8
2;3;12;16;14;0;15;0;16;0;17;0;18;0;18;1;18;2;18;3;17;3;16;3;15;3;14;3;13;3;12;3;11;3;10;3;10;4;10;5;11;5;12;5;13;5;13;6;13;7;13;8;12;8
2;2;12;16;15;0;16;0;17;0;18;0;18;1;18;2;18;3;17;3;16;3;15;3;14;3;13;3;12;3;11;3;10;3;10;4;10;5;11;5;12;5;13;5;13;6;13;7;13;8;12;8;12;9
2;2;12;16;16;0;17;0;18;0;18;1;18;2;18;3;17;3;16;3;15;3;14;3;13;3;12;3;11;3;10;3;10;4;10;5;11;5;12;5;13;5;13;6;13;7;13;8;12;8;12;9;12;10
2;2;12;16;17;0;18;0;18;1;18;2;18;3;17;3;16;3;15;3;14;3;13;3;12;3;11;3;10;3;10;4;10;5;11;5;12;5;13;5;13;6;13;7;13;8;12;8;12;9;12;10;12;11
2;2;12;16;18;0;18;1;18;2;18;3;17;3;16;3;15;3;14;3;13;3;12;3;11;3;10;3;10;4;10;5;11;5;12;5;13;5;13;6;13;7;13;8;12;8;12;9;12;10;12;11;12;12
2;2;12;16;18;1;18;2;18;3;17;3;16;3;15;3;14;3;13;3;12;3;11;3;10;3;10;4;10;5;11;5;12;5;13;5;13;6;13;7;13;8;12;8;12;9;12;10;12;11;12;12;12;13
2;2;12;16;18;2;18;3;17;3;16;3;15;3;14;3;13;3;12;3;11;3;10;3;10;4;10;5;11;5;12;5;13;5;13;6;13;7;13;8;12;8;12;9;12;10;12;11;12;12;12;13;12;14
2;2;12;16;18;3;17;3;16;3;15;3;14;3;13;3;12;3;11;3;10;3;10;4;10;5;11;5;12;5;13;5;13;6;13;7;13;8;12;8;12;9;12;10;12;11;12;12;12;13;12;14;12;15
3;2;19;3;17;3;17;3;16;3;15;3;14;3;13;3;12;3;11;3;10;3;10;4;10;5;11;5;12;5;13;5;13;6;13;7;13;8;12;8;12;9;12;10;12;11;12;12;12;13;12;14;12;15;12;16
3;3;19;3;17;3;16;3;15;3;14;3;13;3;12;3;11;3;10;3;10;4;10;5;11;5;12;5;13;5;13;6;13;7;13;8;12;8;12;9;12;10;12;11;12;12;12;13;12;14;12;15;12;16;11;16
3;3;19;3;16;3;15;3;14;3;13;3;12;3;11;3;10;3;10;4;10;5;11;5;12;5;13;5;13;6;13;7;13;8;12;8;12;9;12;10;12;11;12;12;12;13;12;14;12;15;12;16;11;16;10;16
3;3;19;3;15;3;14;3;13;3;12;3;11;3;10;3;10;4;10;5;11;5;12;5;13;5;13;6;13;7;13;8;12;8;12;9;12;10;12;11;12;12;12;13;12;14;12;15;12;16;11;16;10;16;9;16
0;3;19;3;14;3;13;3;12;3;11;3;10;3;10;4;10;5;11;5;12;5;13;5;13;6;13;7;13;8;12;8;12;9;12;10;12;11;12;12;12;13;12;14;12;15;12;16;11;16;10;16;9;16;8;16
0;0;19;3;13;3;12;3;11;3;10;3;10;4;10;5;11;5;12;5;13;5;13;6;13;7;13;8;12;8;12;9;12;10;12;11;12;12;12;13;12;14;12;15;12;16;11;16;10;16;9;16;8;16;8;15
0;0;19;3;12;3;11;3;10;3;10;4;10;5;11;5;12;5;13;5;13;6;13;7;13;8;12;8;12;9;12;10;12;11;12;12;12;13;12;14;12;15;12;16;11;16;10;16;9;16;8;16;8;15;8;14
0;0;19;3;11;3;10;3;10;4;10;5;11;5;12;5;13;5;13;6;13;7;13;8;12;8;12;9;12;10;12;11;12;12;12;13;12;14;12;15;12;16;11;16;10;16;9;16;8;16;8;15;8;14;8;13
0;0;19;3;10;3;10;4;10;5;11;5;12;5;13;5;13;6;13;7;13;8;12;8;12;9;12;10;12;11;12;12;12;13;12;14;12;15;12;16;11;16;10;16;9;16;8;16;8;15;8;14;8;13;8;12
0;0;19;3;10;4;10;5;11;5;12;5;13;5;13;6;13;7;13;8;12;8;12;9;12;10;12;11;12;12;12;13;12;14;12;15;12;16;11;16;10;16;9;16;8;16;8;15;8;14;8;13;8;12;8;11
0;0;19;3;10;5;11;5;12;5;13;5;13;6;13;7;13;8;12;8;12;9;12;10;12;11;12;12;12;13;12;14;12;15;12;16;11;16;10;16;9;16;8;16;8;15;8;14;8;13;8;12;8;11;8;10
0;0;19;3;11;5;12;5;13;5;13;6;13;7;13;8;12;8;12;9;12;10;12;11;12;12;12;13;12;14;12;15;12;16;11;16;10;16;9;16;8;16;8;15;8;14;8;13;8;12;8;11;8;10;8;9
0;0;19;3;12;5;13;5;13;6;13;7;13;8;12;8;12;9;12;10;12;11;12;12;12;13;12;14;12;15;12;16;11;16;10;16;9;16;8;16;8;15;8;14;8;13;8;12;8;11;8;10;8;9;8;8
0;0;19;3;13;5;13;6;13;7;13;8;12;8;12;9;12;10;12;11;12;12;12;13;12;14;12;15;12;16;11;16;10;16;9;16;8;16;8;15;8;14;8;13;8;12;8;11;8;10;8;9;8;8;8;7
0;0;19;3;13;6;13;7;13;8;12;8;12;9;12;10;12;11;12;12;12;13;12;14;12;15;12;16;11;16;10;16;9;16;8;16;8;15;8;14;8;13;8;12;8;11;8;10;8;9;8;8;8;7;8;6
0;0;19;3;13;7;13;8;12;8;12;9;12;10;12;11;12;12;12;13;12;14;12;15;12;16;11;16;10;16;9;16;8;16;8;15;8;14;8;13;8;12;8;11;8;10;8;9;8;8;8;7;8;6;8;5
0;0;19;3;13;8;12;8;12;9;12;10;12;11;12;12;12;13;12;14;12;15;12;16;11;16;10;16;9;16;8;16;8;15;8;14;8;13;8;12;8;11;8;10;8;9;8;8;8;7;8;6;8;5;8;4
1;0;19;3;12;8;12;9;12;10;12;11;12;12;12;13;12;14;12;15;12;16;11;16;10;16;9;16;8;16;8;15;8;14;8;13;8;12;8;11;8;10;8;9;8;8;8;7;8;6;8;5;8;4;8;3
1;1;19;3;12;9;12;10;12;11;12;12;12;13;12;14;12;15;12;16;11;16;10;16;9;16;8;16;8;15;8;14;8;13;8;12;8;11;8;10;8;9;8;8;8;7;8;6;8;5;8;4;8;3;9;3
1;1;19;3;12;10;12;11;12;12;12;13;12;14;12;15;12;16;11;16;10;16;9;16;8;16;8;15;8;14;8;13;8;12;8;11;8;10;8;9;8;8;8;7;8;6;8;5;8;4;8;3;9;3;10;3
1;1;19;3;12;11;12;12;12;13;12;14;12;15;12;16;11;16;10;16;9;16;8;16;8;15;8;14;8;13;8;12;8;11;8;10;8;9;8;8;8;7;8;6;8;5;8;4;8;3;9;3;10;3;11;3
1;1;19;3;12;12;12;13;12;14;12;15;12;16;11;16;10;16;9;16;8;16;8;15;8;14;8;13;8;12;8;11;8;10;8;9;8;8;8;7;8;6;8;5;8;4;8;3;9;3;10;3;11;3;12;3
1;1;19;3;12;13;12;14;12;15;12;16;11;16;10;16;9;16;8;16;8;15;8;14;8;13;8;12;8;11;8;10;8;9;8;8;8;7;8;6;8;5;8;4;8;3;9;3;10;3;11;3;12;3;13;3
1;1;19;3;12;14;12;15;12;16;11;16;10;16;9;16;8;16;8;15;8;14;8;13;8;12;8;11;8;10;8;9;8;8;8;7;8;6;8;5;8;4;8;3;9;3;10;3;11;3;12;3;13;3;14;3
1;1;19;3;12;15;12;16;11;16;10;16;9;16;8;16;8;15;8;14;8;13;8;12;8;11;8;10;8;9;8;8;8;7;8;6;8;5;8;4;8;3;9;3;10;3;11;3;12;3;13;3;14;3;15;3
1;1;19;3;12;16;11;16;10;16;9;16;8;16;8;15;8;14;8;13;8;12;8;11;8;10;8;9;8;8;8;7;8;6;8;5;8;4;8;3;9;3;10;3;11;3;12;3;13;3;14;3;15;3;16;3
1;1;19;3;11;16;10;16;9;16;8;16;8;15;8;14;8;13;8;12;8;11;8;10;8;9;8;8;8;7;8;6;8;5;8;4;8;3;9;3;10;3;11;3;12;3;13;3;14;3;15;3;16;3;17;3
1;1;19;3;10;16;9;16;8;16;8;15;8;14;8;13;8;12;8;11;8;10;8;9;8;8;8;7;8;6;8;5;8;4;8;3;9;3;10;3;11;3;12;3;13;3;14;3;15;3;16;3;17;3;18;3
2;1;9;11;9;16;9;16;8;16;8;15;8;14;8;13;8;12;8;11;8;10;8;9;8;8;8;7;8;6;8;5;8;4;8;3;9;3;10;3;11;3;12;3;13;3;14;3;15;3;16;3;17;3;18;3;19;3
2;2;9;11;9;16;8;16;8;15;8;14;8;13;8;12;8;11;8;10;8;9;8;8;8;7;8;6;8;5;8;4;8;3;9;3;10;3;11;3;12;3;13;3;14;3;15;3;16;3;17;3;18;3;19;3;19;4
2;2;9;11;8;16;8;15;8;14;8;13;8;12;8;11;8;10;8;9;8;8;8;7;8;6;8;5;8;4;8;3;9;3;10;3;11;3;12;3;13;3;14;3;15;3;16;3;17;3;18;3;19;3;19;4;19;5
2;2;9;11;8;15;8;14;8;13;8;12;8;11;8;10;8;9;8;8;8;7;8;6;8;5;8;4;8;3;9;3;10;3;11;3;12;3;13;3;14;3;15;3;16;3;17;3;18;3;19;3;19;4;19;5;19;6
2;2;9;11;8;14;8;13;8;12;8;11;8;10;8;9;8;8;8;7;8;6;8;5;8;4;8;3;9;3;10;3;11;3;12;3;13;3;14;3;15;3;16;3;17;3;18;3;19;3;19;4;19;5;19;6;19;7
2;2;9;11;8;13;8;12;8;11;8;10;8;9;8;8;8;7;8;6;8;5;8;4;8;3;9;3;10;3;11;3;12;3;13;3;14;3;15;3;16;3;17;3;18;3;19;3;19;4;19;5;19;6;19;7;19;8
2;2;9;11;8;12;8;11;8;10;8;9;8;8;8;7;8;6;8;5;8;4;8;3;9;3;10;3;11;3;12;3;13;3;14;3;15;3;16;3;17;3;18;3;19;3;19;4;19;5;19;6;19;7;19;8;19;9
3;2;9;11;8;11;8;10;8;9;8;8;8;7;8;6;8;5;8;4;8;3;9;3;10;3;11;3;12;3;13;3;14;3;15;3;16;3;17;3;18;3;19;3;19;4;19;5;19;6;19;7;19;8;19;9;19;10
3;3;9;11;8;10;8;9;8;8;8;7;8;6;8;5;8;4;8;3;9;3;10;3;11;3;12;3;13;3;14;3;15;3;16;3;17;3;18;3;19;3;19;4;19;5;19;6;19;7;19;8;19;9;19;10;18;10
3;3;9;11;8;9;8;8;8;7;8;6;8;5;8;4;8;3;9;3;10;3;11;3;12;3;13;3;14;3;15;3;16;3;17;3;18;3;19;3;19;4;19;5;19;6;19;7;19;8;19;9;19;10;18;10;17;10
2;3;9;11;8;8;8;7;8;6;8;5;8;4;8;3;9;3;10;3;11;3;12;3;13;3;14;3;15;3;16;3;17;3;18;3;19;3;19;4;19;5;19;6;19;7;19;8;19;9;19;10;18;10;17;10;16;10
3;2;9;11;8;7;8;6;8;5;8;4;8;3;9;3;10;3;11;3;12;3;13;3;14;3;15;3;16;3;17;3;18;3;19;3;19;4;19;5;19;6;19;7;19;8;19;9;19;10;18;10;17;10;16;10;16;11
3;3;9;11;8;6;8;5;8;4;8;3;9;3;10;3;11;3;12;3;13;3;14;3;15;3;16;3;17;3;18;3;19;3;19;4;19;5;19;6;19;7;19;8;19;9;19;10;18;10;17;10;16;10;16;11;15;11
3;3;9;11;8;5;8;4;8;3;9;3;10;3;11;3;12;3;13;3;14;3;15;3;16;3;17;3;18;3;19;3;19;4;19;5;19;6;19;7;19;8;19;9;19;10;18;10;17;10;16;10;16;11;15;11;14;11
3;3;9;11;8;4;8;3;9;3;10;3;11;3;12;3;13;3;14;3;15;3;16;3;17;3;18;3;19;3;19;4;19;5;19;6;19;7;19;8;19;9;19;10;18;10;17;10;16;10;16;11;15;11;14;11;13;11
3;3;9;11;8;3;9;3;10;3;11;3;12;3;13;3;14;3;15;3;16;3;17;3;18;3;19;3;19;4;19;5;19;6;19;7;19;8;19;9;19;10;18;10;17;10;16;10;16;11;15;11;14;11;13;11;12;11
3;3;9;11;9;3;10;3;11;3;12;3;13;3;14;3;15;3;16;3;17;3;18;3;19;3;19;4;19;5;19;6;19;7;19;8;19;9;19;10;18;10;17;10;16;10;16;11;15;11;14;11;13;11;12;11;11;11
3;3;9;11;10;3;11;3;12;3;13;3;14;3;15;3;16;3;17;3;18;3;19;3;19;4;19;5;19;6;19;7;19;8;19;9;19;10;18;10;17;10;16;10;16;11;15;11;14;11;13;11;12;11;11;11;10;11
3;3;13;12;11;3;11;3;12;3;13;3;14;3;15;3;16;3;17;3;18;3;19;3;19;4;19;5;19;6;19;7;19;8;19;9;19;10;18;10;17;10;16;10;16;11;15;11;14;11;13;11;12;11;11;11;10;11;9;11
3;3;13;12;11;3;12;3;13;3;14;3;15;3;16;3;17;3;18;3;19;3;19;4;19;5;19;6;19;7;19;8;19;9;19;10;18;10;17;10;16;10;16;11;15;11;14;11;13;11;12;11;11;11;10;11;9;11;8;11
3;3;13;12;12;3;13;3;14;3;15;3;16;3;17;3;18;3;19;3;19;4;19;5;19;6;19;7;19;8;19;9;19;10;18;10;17;10;16;10;16;11;15;11;14;11;13;11;12;11;11;11;10;11;9;11;8;11;7;11
2;3;13;12;13;3;14;3;15;3;16;3;17;3;18;3;19;3;19;4;19;5;19;6;19;7;19;8;19;9;19;10;18;10;17;10;16;10;16;11;15;11;14;11;13;11;12;11;11;11;10;11;9;11;8;11;7;11;6;11
1;2;13;12;14;3;15;3;16;3;17;3;18;3;19;3;19;4;19;5;19;6;19;7;19;8;19;9;19;10;18;10;17;10;16;10;16;11;15;11;14;11;13;11;12;11;11;11;10;11;9;11;8;11;7;11;6;11;6;12
1;1;13;12;15;3;16;3;17;3;18;3;19;3;19;4;19;5;19;6;19;7;19;8;19;9;19;10;18;10;17;10;16;10;16;11;15;11;14;11;13;11;12;11;11;11;10;11;9;11;8;11;7;11;6;11;6;12;7;12
1;1;13;12;16;3;17;3;18;3;19;3;19;4;19;5;19;6;19;7;19;8;19;9;19;10;18;10;17;10;16;10;16;11;15;11;14;11;13;11;12;11;11;11;10;11;9;11;8;11;7;11;6;11;6;12;7;12;8;12
1;1;13;12;17;3;18;3;19;3;19;4;19;5;19;6;19;7;19;8;19;9;19;10;18;10;17;10;16;10;16;11;15;11;14;11;13;11;12;11;11;11;10;11;9;11;8;11;7;11;6;11;6;12;7;12;8;12;9;12
1;1;13;12;18;3;19;3;19;4;19;5;19;6;19;7;19;8;19;9;19;10;18;10;17;10;16;10;16;11;15;11;14;11;13;11;12;11;11;11;10;11;9;11;8;11;7;11;6;11;6;12;7;12;8;12;9;12;10;12
1;1;13;12;19;3;19;4;19;5;19;6;19;7;19;8;19;9;19;10;18;10;17;10;16;10;16;11;15;11;14;11;13;11;12;11;11;11;10;11;9;11;8;11;7;11;6;11;6;12;7;12;8;12;9;12;10;12;11;12
1;1;13;12;19;4;19;5;19;6;19;7;19;8;19;9;19;10;18;10;17;10;16;10;16;11;15;11;14;11;13;11;12;11;11;11;10;11;9;11;8;11;7;11;6;11;6;12;7;12;8;12;9;12;10;12;11;12;12;12
2;1;0;10;19;5;19;5;19;6;19;7;19;8;19;9;19;10;18;10;17;10;16;10;16;11;15;11;14;11;13;11;12;11;11;11;10;11;9;11;8;11;7;11;6;11;6;12;7;12;8;12;9;12;10;12;11;12;12;12;13;12
2;2;0;10;19;5;19;6;19;7;19;8;19;9;19;10;18;10;17;10;16;10;16;11;15;11;14;11;13;11;12;11;11;11;10;11;9;11;8;11;7;11;6;11;6;12;7;12;8;12;9;12;10;12;11;12;12;12;13;12;13;13
3;2;0;10;19;6;19;7;19;8;19;9;19;10;18;10;17;10;16;10;16;11;15;11;14;11;13;11;12;11;11;11;10;11;9;11;8;11;7;11;6;11;6;12;7;12;8;12;9;12;10;12;11;12;12;12;13;12;13;13;13;14
3;3;0;10;19;7;19;8;19;9;19;10;18;10;17;10;16;10;16;11;15;11;14;11;13;11;12;11;11;11;10;11;9;11;8;11;7;11;6;11;6;12;7;12;8;12;9;12;10;12;11;12;12;12;13;12;13;13;13;14;12;14
3;3;0;10;19;8;19;9;19;10;18;10;17;10;16;10;16;11;15;11;14;11;13;11;12;11;11;11;10;11;9;11;8;11;7;11;6;11;6;12;7;12;8;12;9;12;10;12;11;12;12;12;13;12;13;13;13;14;12;14;11;14
3;3;0;10;19;9;19;10;18;10;17;10;16;10;16;11;15;11;14;11;13;11;12;11;11;11;10;11;9;11;8;11;7;11;6;11;6;12;7;12;8;12;9;12;10;12;11;12;12;12;13;12;13;13;13;14;12;14;11;14;10;14
3;3;0;10;19;10;18;10;17;10;16;10;16;11;15;11;14;11;13;11;12;11;11;11;10;11;9;11;8;11;7;11;6;11;6;12;7;12;8;12;9;12;10;12;11;12;12;12;13;12;13;13;13;14;12;14;11;14;10;14;9;14
3;3;0;10;18;10;17;10;16;10;16;11;15;11;14;11;13;11;12;11;11;11;10;11;9;11;8;11;7;11;6;11;6;12;7;12;8;12;9;12;10;12;11;12;12;12;13;12;13;13;13;14;12;14;11;14;10;14;9;14;8;14
3;3;0;10;17;10;16;10;16;11;15;11;14;11;13;11;12;11;11;11;10;11;9;11;8;11;7;11;6;11;6;12;7;12;8;12;9;12;10;12;11;12;12;12;13;12;13;13;13;14;12;14;11;14;10;14;9;14;8;14;7;14
3;3;0;10;16;10;16;11;15;11;14;11;13;11;12;11;11;11;10;11;9;11;8;11;7;11;6;11;6;12;7;12;8;12;9;12;10;12;11;12;12;12;13;12;13;13;13;14;12;14;11;14;10;14;9;14;8;14;7;14;6;14
3;3;0;10;16;11;15;11;14;11;13;11;12;11;11;11;10;11;9;11;8;11;7;11;6;11;6;12;7;12;8;12;9;12;10;12;11;12;12;12;13;12;13;13;13;14;12;14;11;14;10;14;9;14;8;14;7;14;6;14;5;14
3;3;0;10;15;11;14;11;13;11;12;11;11;11;10;11;9;11;8;11;7;11;6;11;6;12;7;12;8;12;9;12;10;12;11;12;12;12;13;12;13;13;13;14;12;14;11;14;10;14;9;14;8;14;7;14;6;14;5;14;4;14
3;3;0;10;14;11;13;11;12;11;11;11;10;11;9;11;8;11;7;11;6;11;6;12;7;12;8;12;9;12;10;12;11;12;12;12;13;12;13;13;13;14;12;14;11;14;10;14;9;14;8;14;7;14;6;14;5;14;4;14;3;14
3;3;0;10;13;11;12;11;11;11;10;11;9;11;8;11;7;11;6;11;6;12;7;12;8;12;9;12;10;12;11;12;12;12;13;12;13;13;13;14;12;14;11;14;10;14;9;14;8;14;7;14;6;14;5;14;4;14;3;14;2;14
3;3;0;10;12;11;11;11;10;11;9;11;8;11;7;11;6;11;6;12;7;12;8;12;9;12;10;12;11;12;12;12;13;12;13;13;13;14;12;14;11;14;10;14;9;14;8;14;7;14;6;14;5;14;4;14;3;14;2;14;1;14
3;3;0;10;11;11;10;11;9;11;8;11;7;11;6;11;6;12;7;12;8;12;9;12;10;12;11;12;12;12;13;12;13;13;13;14;12;14;11;14;10;14;9;14;8;14;7;14;6;14;5;14;4;14;3;14;2;14;1;14;0;14
