20
1;1;6;18;8;10;9;10;10;10
1;1;6;18;9;10;10;10;11;10
1;1;6;18;10;10;11;10;12;10
1;1;6;18;11;10;12;10;13;10
1;1;6;18;12;10;13;10;14;10
0;1;6;18;13;10;14;10;15;10
0;0;6;18;14;10;15;10;15;9
0;0;6;18;15;10;15;9;15;8
3;0;6;18;15;9;15;8;15;7
3;3;6;18;15;8;15;7;14;7
3;3;6;18;15;7;14;7;13;7
2;3;6;18;14;7;13;7;12;7
2;2;6;18;13;7;12;7;12;8
2;2;6;18;12;7;12;8;12;9
2;2;6;18;12;8;12;9;12;10
2;2;6;18;12;9;12;10;12;11
2;2;6;18;12;10;12;11;12;12
2;2;6;18;12;11;12;12;12;13
2;2;6;18;12;12;12;13;12;14
2;2;6;18;12;13;12;14;12;15
2;2;6;18;12;14;12;15;12;16
2;2;6;18;12;15;12;16;12;17
3;2;6;18;12;16;12;17;12;18
3;3;6;18;12;17;12;18;11;18
3;3;6;18;12;18;11;18;10;18
3;3;6;18;11;18;10;18;9;18
3;3;6;18;10;18;9;18;8;18
3;3;6;18;9;18;8;18;7;18
3;3;15;19;8;18;8;18;7;18;6;18
3;3;15;19;8;18;7;18;6;18;5;18
0;3;15;19;7;18;6;18;5;18;4;18
0;0;15;19;6;18;5;18;4;18;4;17
0;0;15;19;5;18;4;18;4;17;4;16
1;0;15;19;4;18;4;17;4;16;4;15
1;1;15;19;4;17;4;16;4;15;5;15
1;1;15;19;4;16;4;15;5;15;6;15
1;1;15;19;4;15;5;15;6;15;7;15
1;1;15;19;5;15;6;15;7;15;8;15
1;1;15;19;6;15;7;15;8;15;9;15
1;1;15;19;7;15;8;15;9;15;10;15
1;1;15;19;8;15;9;15;10;15;11;15
2;1;15;19;9;15;10;15;11;15;12;15
2;2;15;19;10;15;11;15;12;15;12;16
2;2;15;19;11;15;12;15;12;16;12;17
1;2;15;19;12;15;12;16;12;17;12;18
1;1;15;19;12;16;12;17;12;18;13;18
1;1;15;19;12;17;12;18;13;18;14;18
1;1;15;19;12;18;13;18;14;18;15;18
1;1;15;19;13;18;14;18;15;18;16;18
2;1;15;19;14;18;15;18;16;18;17;18
3;2;15;19;15;18;16;18;17;18;17;19
3;3;15;19;16;18;17;18;17;19;16;19
3;3;17;4;17;18;17;18;17;19;16;19;15;19
3;3;17;4;17;18;17;19;16;19;15;19;14;19
3;3;17;4;17;19;16;19;15;19;14;19;13;19
0;3;17;4;16;19;15;19;14;19;13;19;12;19
0;0;17;4;15;19;14;19;13;19;12;19;12;18
1;0;17;4;14;19;13;19;12;19;12;18;12;17
1;1;17;4;13;19;12;19;12;18;12;17;13;17
1;1;17;4;12;19;12;18;12;17;13;17;14;17
1;1;17;4;12;18;12;17;13;17;14;17;15;17
0;1;17;4;12;17;13;17;14;17;15;17;16;17
0;0;17;4;13;17;14;17;15;17;16;17;16;16
1;0;17;4;14;17;15;17;16;17;16;16;16;15
0;1;17;4;15;17;16;17;16;16;16;15;17;15
0;0;17;4;16;17;16;16;16;15;17;15;17;14
0;0;17;4;16;16;16;15;17;15;17;14;17;13
0;0;17;4;16;15;17;15;17;14;17;13;17;12
0;0;17;4;17;15;17;14;17;13;17;12;17;11
0;0;17;4;17;14;17;13;17;12;17;11;17;10
0;0;17;4;17;13;17;12;17;11;17;10;17;9
0;0;17;4;17;12;17;11;17;10;17;9;17;8
0;0;17;4;17;11;17;10;17;9;17;8;17;7
0;0;17;4;17;10;17;9;17;8;17;7;17;6
0;0;17;4;17;9;17;8;17;7;17;6;17;5
0;0;2;10;17;8;17;8;17;7;17;6;17;5;17;4
3;0;2;10;17;8;17;7;17;6;17;5;17;4;17;3
3;3;2;10;17;7;17;6;17;5;17;4;17;3;16;3
3;3;2;10;17;6;17;5;17;4;17;3;16;3;15;3
3;3;2;10;17;5;17;4;17;3;16;3;15;3;14;3
3;3;2;10;17;4;17;3;16;3;15;3;14;3;13;3
3;3;2;10;17;3;16;3;15;3;14;3;13;3;12;3
3;3;2;10;16;3;15;3;14;3;13;3;12;3;11;3
3;3;2;10;15;3;14;3;13;3;12;3;11;3;10;3
3;3;2;10;14;3;13;3;12;3;11;3;10;3;9;3
3;3;2;10;13;3;12;3;11;3;10;3;9;3;8;3
3;3;2;10;12;3;11;3;10;3;9;3;8;3;7;3
3;3;2;10;11;3;10;3;9;3;8;3;7;3;6;3
3;3;2;10;10;3;9;3;8;3;7;3;6;3;5;3
3;3;2;10;9;3;8;3;7;3;6;3;5;3;4;3
2;3;2;10;8;3;7;3;6;3;5;3;4;3;3;3
2;2;2;10;7;3;6;3;5;3;4;3;3;3;3;4
2;2;2;10;6;3;5;3;4;3;3;3;3;4;3;5
2;2;2;10;5;3;4;3;3;3;3;4;3;5;3;6
2;2;2;10;4;3;3;3;3;4;3;5;3;6;3;7
2;2;2;10;3;3;3;4;3;5;3;6;3;7;3;8
2;2;2;10;3;4;3;5;3;6;3;7;3;8;3;9
2;2;2;10;3;5;3;6;3;7;3;8;3;9;3;10
2;2;2;10;3;6;3;7;3;8;3;9;3;10;3;11
2;2;2;10;3;7;3;8;3;9;3;10;3;11;3;12
2;2;2;10;3;8;3;9;3;10;3;11;3;12;3;13
2;2;2;10;3;9;3;10;3;11;3;12;3;13;3;14
3;2;2;10;3;10;3;11;3;12;3;13;3;14;3;15
0;3;2;10;3;11;3;12;3;13;3;14;3;15;2;15
0;0;2;10;3;12;3;13;3;14;3;15;2;15;2;14
0;0;2;10;3;13;3;14;3;15;2;15;2;14;2;13
0;0;2;10;3;14;3;15;2;15;2;14;2;13;2;12
0;0;2;10;3;15;2;15;2;14;2;13;2;12;2;11
0;0;14;5;2;15;2;15;2;14;2;13;2;12;2;11;2;10
1;0;14;5;2;15;2;14;2;13;2;12;2;11;2;10;2;9
1;1;14;5;2;14;2;13;2;12;2;11;2;10;2;9;3;9
1;1;14;5;2;13;2;12;2;11;2;10;2;9;3;9;4;9
1;1;14;5;2;12;2;11;2;10;2;9;3;9;4;9;5;9
1;1;14;5;2;11;2;10;2;9;3;9;4;9;5;9;6;9
1;1;14;5;2;10;2;9;3;9;4;9;5;9;6;9;7;9
1;1;14;5;2;9;3;9;4;9;5;9;6;9;7;9;8;9
1;1;14;5;3;9;4;9;5;9;6;9;7;9;8;9;9;9
1;1;14;5;4;9;5;9;6;9;7;9;8;9;9;9;10;9
1;1;14;5;5;9;6;9;7;9;8;9;9;9;10;9;11;9
1;1;14;5;6;9;7;9;8;9;9;9;10;9;11;9;12;9
1;1;14;5;7;9;8;9;9;9;10;9;11;9;12;9;13;9
0;1;14;5;8;9;9;9;10;9;11;9;12;9;13;9;14;9
0;0;14;5;9;9;10;9;11;9;12;9;13;9;14;9;14;8
0;0;14;5;10;9;11;9;12;9;13;9;14;9;14;8;14;7
0;0;14;5;11;9;12;9;13;9;14;9;14;8;14;7;14;6
3;0;18;14;12;9;12;9;13;9;14;9;14;8;14;7;14;6;14;5
3;3;18;14;12;9;13;9;14;9;14;8;14;7;14;6;14;5;13;5
3;3;18;14;13;9;14;9;14;8;14;7;14;6;14;5;13;5;12;5
3;3;18;14;14;9;14;8;14;7;14;6;14;5;13;5;12;5;11;5
3;3;18;14;14;8;14;7;14;6;14;5;13;5;12;5;11;5;10;5
3;3;18;14;14;7;14;6;14;5;13;5;12;5;11;5;10;5;9;5
2;3;18;14;14;6;14;5;13;5;12;5;11;5;10;5;9;5;8;5
2;2;18;14;14;5;13;5;12;5;11;5;10;5;9;5;8;5;8;6
2;2;18;14;13;5;12;5;11;5;10;5;9;5;8;5;8;6;8;7
2;2;18;14;12;5;11;5;10;5;9;5;8;5;8;6;8;7;8;8
2;2;18;14;11;5;10;5;9;5;8;5;8;6;8;7;8;8;8;9
2;2;18;14;10;5;9;5;8;5;8;6;8;7;8;8;8;9;8;10
2;2;18;14;9;5;8;5;8;6;8;7;8;8;8;9;8;10;8;11
2;2;18;14;8;5;8;6;8;7;8;8;8;9;8;10;8;11;8;12
2;2;18;14;8;6;8;7;8;8;8;9;8;10;8;11;8;12;8;13
1;2;18;14;8;7;8;8;8;9;8;10;8;11;8;12;8;13;8;14
1;1;18;14;8;8;8;9;8;10;8;11;8;12;8;13;8;14;9;14
1;1;18;14;8;9;8;10;8;11;8;12;8;13;8;14;9;14;10;14
1;1;18;14;8;10;8;11;8;12;8;13;8;14;9;14;10;14;11;14
1;1;18;14;8;11;8;12;8;13;8;14;9;14;10;14;11;14;12;14
1;1;18;14;8;12;8;13;8;14;9;14;10;14;11;14;12;14;13;14
1;1;18;14;8;13;8;14;9;14;10;14;11;14;12;14;13;14;14;14
1;1;18;14;8;14;9;14;10;14;11;14;12;14;13;14;14;14;15;14
1;1;18;14;9;14;10;14;11;14;12;14;13;14;14;14;15;14;16;14
1;1;18;14;10;14;11;14;12;14;13;14;14;14;15;14;16;14;17;14
0;1;12;16;11;14;11;14;12;14;13;14;14;14;15;14;16;14;17;14;18;14
0;0;12;16;11;14;12;14;13;14;14;14;15;14;16;14;17;14;18;14;18;13
0;0;12;16;12;14;13;14;14;14;15;14;16;14;17;14;18;14;18;13;18;12
0;0;12;16;13;14;14;14;15;14;16;14;17;14;18;14;18;13;18;12;18;11
3;0;12;16;14;14;15;14;16;14;17;14;18;14;18;13;18;12;18;11;18;10
3;3;12;16;15;14;16;14;17;14;18;14;18;13;18;12;18;11;18;10;17;10
3;3;12;16;16;14;17;14;18;14;18;13;18;12;18;11;18;10;17;10;16;10
3;3;12;16;17;14;18;14;18;13;18;12;18;11;18;10;17;10;16;10;15;10
3;3;12;16;18;14;18;13;18;12;18;11;18;10;17;10;16;10;15;10;14;10
3;3;12;16;18;13;18;12;18;11;18;10;17;10;16;10;15;10;14;10;13;10
2;3;12;16;18;12;18;11;18;10;17;10;16;10;15;10;14;10;13;10;12;10
2;2;12;16;18;11;18;10;17;10;16;10;15;10;14;10;13;10;12;10;12;11
2;2;12;16;18;10;17;10;16;10;15;10;14;10;13;10;12;10;12;11;12;12
2;2;12;16;17;10;16;10;15;10;14;10;13;10;12;10;12;11;12;12;12;13
2;2;12;16;16;10;15;10;14;10;13;10;12;10;12;11;12;12;12;13;12;14
2;2;12;16;15;10;14;10;13;10;12;10;12;11;12;12;12;13;12;14;12;15
2;2;8;11;14;10;14;10;13;10;12;10;12;11;12;12;12;13;12;14;12;15;12;16
3;2;8;11;14;10;13;10;12;10;12;11;12;12;12;13;12;14;12;15;12;16;12;17
3;3;8;11;13;10;12;10;12;11;12;12;12;13;12;14;12;15;12;16;12;17;11;17
3;3;8;11;12;10;12;11;12;12;12;13;12;14;12;15;12;16;12;17;11;17;10;17
3;3;8;11;12;11;12;12;12;13;12;14;12;15;12;16;12;17;11;17;10;17;9;17
0;3;8;11;12;12;12;13;12;14;12;15;12;16;12;17;11;17;10;17;9;17;8;17
0;0;8;11;12;13;12;14;12;15;12;16;12;17;11;17;10;17;9;17;8;17;8;16
0;0;8;11;12;14;12;15;12;16;12;17;11;17;10;17;9;17;8;17;8;16;8;15
0;0;8;11;12;15;12;16;12;17;11;17;10;17;9;17;8;17;8;16;8;15;8;14
0;0;8;11;12;16;12;17;11;17;10;17;9;17;8;17;8;16;8;15;8;14;8;13
0;0;8;11;12;17;11;17;10;17;9;17;8;17;8;16;8;15;8;14;8;13;8;12
0;0;14;19;11;17;11;17;10;17;9;17;8;17;8;16;8;15;8;14;8;13;8;12;8;11
0;0;14;19;11;17;10;17;9;17;8;17;8;16;8;15;8;14;8;13;8;12;8;11;8;10
0;0;14;19;10;17;9;17;8;17;8;16;8;15;8;14;8;13;8;12;8;11;8;10;8;9
0;0;14;19;9;17;8;17;8;16;8;15;8;14;8;13;8;12;8;11;8;10;8;9;8;8
1;0;14;19;8;17;8;16;8;15;8;14;8;13;8;12;8;11;8;10;8;9;8;8;8;7
1;1;14;19;8;16;8;15;8;14;8;13;8;12;8;11;8;10;8;9;8;8;8;7;9;7
1;1;14;19;8;15;8;14;8;13;8;12;8;11;8;10;8;9;8;8;8;7;9;7;10;7
1;1;14;19;8;14;8;13;8;12;8;11;8;10;8;9;8;8;8;7;9;7;10;7;11;7
2;1;14;19;8;13;8;12;8;11;8;10;8;9;8;8;8;7;9;7;10;7;11;7;12;7
2;2;14;19;8;12;8;11;8;10;8;9;8;8;8;7;9;7;10;7;11;7;12;7;12;8
2;2;14;19;8;11;8;10;8;9;8;8;8;7;9;7;10;7;11;7;12;7;12;8;12;9
2;2;14;19;8;10;8;9;8;8;8;7;9;7;10;7;11;7;12;7;12;8;12;9;12;10
2;2;14;19;8;9;8;8;8;7;9;7;10;7;11;7;12;7;12;8;12;9;12;10;12;11
2;2;14;19;8;8;8;7;9;7;10;7;11;7;12;7;12;8;12;9;12;10;12;11;12;12
2;2;14;19;8;7;9;7;10;7;11;7;12;7;12;8;12;9;12;10;12;11;12;12;12;13
2;2;14;19;9;7;10;7;11;7;12;7;12;8;12;9;12;10;12;11;12;12;12;13;12;14
2;2;14;19;10;7;11;7;12;7;12;8;12;9;12;10;12;11;12;12;12;13;12;14;12;15
2;2;14;19;11;7;12;7;12;8;12;9;12;10;12;11;12;12;12;13;12;14;12;15;12;16
2;2;14;19;12;7;12;8;12;9;12;10;12;11;12;12;12;13;12;14;12;15;12;16;12;17
1;2;14;19;12;8;12;9;12;10;12;11;12;12;12;13;12;14;12;15;12;16;12;17;12;18
1;1;14;19;12;9;12;10;12;11;12;12;12;13;12;14;12;15;12;16;12;17;12;18;13;18
1;1;14;19;12;10;12;11;12;12;12;13;12;14;12;15;12;16;12;17;12;18;13;18;14;18
1;1;14;19;12;11;12;12;12;13;12;14;12;15;12;16;12;17;12;18;13;18;14;18;15;18
1;1;14;19;12;12;12;13;12;14;12;15;12;16;12;17;12;18;13;18;14;18;15;18;16;18
1;1;14;19;12;13;12;14;12;15;12;16;12;17;12;18;13;18;14;18;15;18;16;18;17;18
2;1;14;19;12;14;12;15;12;16;12;17;12;18;13;18;14;18;15;18;16;18;17;18;18;18
2;2;14;19;12;15;12;16;12;17;12;18;13;18;14;18;15;18;16;18;17;18;18;18;18;19
