20
1;1;7;14;8;10;9;10;10;10
1;1;7;14;9;10;10;10;11;10
1;1;7;14;10;10;11;10;12;10
1;1;7;14;11;10;12;10;13;10
1;1;7;14;12;10;13;10;14;10
2;1;7;14;13;10;14;10;15;10
2;2;7;14;14;10;15;10;15;11
2;2;7;14;15;10;15;11;15;12
2;2;7;14;15;11;15;12;15;13
3;2;7;14;15;12;15;13;15;14
3;3;7;14;15;13;15;14;14;14
3;3;7;14;15;14;14;14;13;14
3;3;7;14;14;14;13;14;12;14
3;3;7;14;13;14;12;14;11;14
3;3;7;14;12;14;11;14;10;14
3;3;7;14;11;14;10;14;9;14
3;3;7;14;10;14;9;14;8;14
3;3;10;2;9;14;9;14;8;14;7;14
3;3;10;2;9;14;8;14;7;14;6;14
0;3;10;2;8;14;7;14;6;14;5;14
0;0;10;2;7;14;6;14;5;14;5;13
0;0;10;2;6;14;5;14;5;13;5;12
0;0;10;2;5;14;5;13;5;12;5;11
0;0;10;2;5;13;5;12;5;11;5;10
0;0;10;2;5;12;5;11;5;10;5;9
0;0;10;2;5;11;5;10;5;9;5;8
0;0;10;2;5;10;5;9;5;8;5;7
0;0;10;2;5;9;5;8;5;7;5;6
0;0;10;2;5;8;5;7;5;6;5;5
0;0;10;2;5;7;5;6;5;5;5;4
0;0;10;2;5;6;5;5;5;4;5;3
1;0;10;2;5;5;5;4;5;3;5;2
1;1;10;2;5;4;5;3;5;2;6;2
1;1;10;2;5;3;5;2;6;2;7;2
1;1;10;2;5;2;6;2;7;2;8;2
1;1;10;2;6;2;7;2;8;2;9;2
1;1;18;18;7;2;7;2;8;2;9;2;10;2
1;1;18;18;7;2;8;2;9;2;10;2;11;2
1;1;18;18;8;2;9;2;10;2;11;2;12;2
1;1;18;18;9;2;10;2;11;2;12;2;13;2
1;1;18;18;10;2;11;2;12;2;13;2;14;2
1;1;18;18;11;2;12;2;13;2;14;2;15;2
1;1;18;18;12;2;13;2;14;2;15;2;16;2
1;1;18;18;13;2;14;2;15;2;16;2;17;2
2;1;18;18;14;2;15;2;16;2;17;2;18;2
2;2;18;18;15;2;16;2;17;2;18;2;18;3
2;2;18;18;16;2;17;2;18;2;18;3;18;4
2;2;18;18;17;2;18;2;18;3;18;4;18;5
2;2;18;18;18;2;18;3;18;4;18;5;18;6
2;2;18;18;18;3;18;4;18;5;18;6;18;7
2;2;18;18;18;4;18;5;18;6;18;7;18;8
2;2;18;18;18;5;18;6;18;7;18;8;18;9
2;2;18;18;18;6;18;7;18;8;18;9;18;10
2;2;18;18;18;7;18;8;18;9;18;10;18;11
2;2;18;18;18;8;18;9;18;10;18;11;18;12
2;2;18;18;18;9;18;10;18;11;18;12;18;13
2;2;18;18;18;10;18;11;18;12;18;13;18;14
2;2;18;18;18;11;18;12;18;13;18;14;18;15
2;2;18;18;18;12;18;13;18;14;18;15;18;16
2;2;18;18;18;13;18;14;18;15;18;16;18;17
3;2;16;0;18;14;18;14;18;15;18;16;18;17;18;18
3;3;16;0;18;14;18;15;18;16;18;17;18;18;17;18
3;3;16;0;18;15;18;16;18;17;18;18;17;18;16;18
0;3;16;0;18;16;18;17;18;18;17;18;16;18;15;18
0;0;16;0;18;17;18;18;17;18;16;18;15;18;15;17
0;0;16;0;18;18;17;18;16;18;15;18;15;17;15;16
1;0;16;0;17;18;16;18;15;18;15;17;15;16;15;15
0;1;16;0;16;18;15;18;15;17;15;16;15;15;16;15
0;0;16;0;15;18;15;17;15;16;15;15;16;15;16;14
0;0;16;0;15;17;15;16;15;15;16;15;16;14;16;13
0;0;16;0;15;16;15;15;16;15;16;14;16;13;16;12
0;0;16;0;15;15;16;15;16;14;16;13;16;12;16;11
0;0;16;0;16;15;16;14;16;13;16;12;16;11;16;10
0;0;16;0;16;14;16;13;16;12;16;11;16;10;16;9
0;0;16;0;16;13;16;12;16;11;16;10;16;9;16;8
0;0;16;0;16;12;16;11;16;10;16;9;16;8;16;7
0;0;16;0;16;11;16;10;16;9;16;8;16;7;16;6
0;0;16;0;16;10;16;9;16;8;16;7;16;6;16;5
0;0;16;0;16;9;16;8;16;7;16;6;16;5;16;4
0;0;16;0;16;8;16;7;16;6;16;5;16;4;16;3
0;0;16;0;16;7;16;6;16;5;16;4;16;3;16;2
0;0;16;0;16;6;16;5;16;4;16;3;16;2;16;1
3;0;1;15;16;5;16;5;16;4;16;3;16;2;16;1;16;0
3;3;1;15;16;5;16;4;16;3;16;2;16;1;16;0;15;0
3;3;1;15;16;4;16;3;16;2;16;1;16;0;15;0;14;0
3;3;1;15;16;3;16;2;16;1;16;0;15;0;14;0;13;0
3;3;1;15;16;2;16;1;16;0;15;0;14;0;13;0;12;0
3;3;1;15;16;1;16;0;15;0;14;0;13;0;12;0;11;0
3;3;1;15;16;0;15;0;14;0;13;0;12;0;11;0;10;0
3;3;1;15;15;0;14;0;13;0;12;0;11;0;10;0;9;0
3;3;1;15;14;0;13;0;12;0;11;0;10;0;9;0;8;0
3;3;1;15;13;0;12;0;11;0;10;0;9;0;8;0;7;0
3;3;1;15;12;0;11;0;10;0;9;0;8;0;7;0;6;0
3;3;1;15;11;0;10;0;9;0;8;0;7;0;6;0;5;0
3;3;1;15;10;0;9;0;8;0;7;0;6;0;5;0;4;0
3;3;1;15;9;0;8;0;7;0;6;0;5;0;4;0;3;0
3;3;1;15;8;0;7;0;6;0;5;0;4;0;3;0;2;0
2;3;1;15;7;0;6;0;5;0;4;0;3;0;2;0;1;0
2;2;1;15;6;0;5;0;4;0;3;0;2;0;1;0;1;1
2;2;1;15;5;0;4;0;3;0;2;0;1;0;1;1;1;2
2;2;1;15;4;0;3;0;2;0;1;0;1;1;1;2;1;3
2;2;1;15;3;0;2;0;1;0;1;1;1;2;1;3;1;4
2;2;1;15;2;0;1;0;1;1;1;2;1;3;1;4;1;5
2;2;1;15;1;0;1;1;1;2;1;3;1;4;1;5;1;6
2;2;1;15;1;1;1;2;1;3;1;4;1;5;1;6;1;7
2;2;1;15;1;2;1;3;1;4;1;5;1;6;1;7;1;8
2;2;1;15;1;3;1;4;1;5;1;6;1;7;1;8;1;9
2;2;1;15;1;4;1;5;1;6;1;7;1;8;1;9;1;10
2;2;1;15;1;5;1;6;1;7;1;8;1;9;1;10;1;11
2;2;1;15;1;6;1;7;1;8;1;9;1;10;1;11;1;12
2;2;1;15;1;7;1;8;1;9;1;10;1;11;1;12;1;13
2;2;1;15;1;8;1;9;1;10;1;11;1;12;1;13;1;14
2;2;12;1;1;9;1;9;1;10;1;11;1;12;1;13;1;14;1;15
2;2;12;1;1;9;1;10;1;11;1;12;1;13;1;14;1;15;1;16
2;2;12;1;1;10;1;11;1;12;1;13;1;14;1;15;1;16;1;17
1;2;12;1;1;11;1;12;1;13;1;14;1;15;1;16;1;17;1;18
0;1;12;1;1;12;1;13;1;14;1;15;1;16;1;17;1;18;2;18
0;0;12;1;1;13;1;14;1;15;1;16;1;17;1;18;2;18;2;17
0;0;12;1;1;14;1;15;1;16;1;17;1;18;2;18;2;17;2;16
0;0;12;1;1;15;1;16;1;17;1;18;2;18;2;17;2;16;2;15
0;0;12;1;1;16;1;17;1;18;2;18;2;17;2;16;2;15;2;14
0;0;12;1;1;17;1;18;2;18;2;17;2;16;2;15;2;14;2;13
0;0;12;1;1;18;2;18;2;17;2;16;2;15;2;14;2;13;2;12
0;0;12;1;2;18;2;17;2;16;2;15;2;14;2;13;2;12;2;11
0;0;12;1;2;17;2;16;2;15;2;14;2;13;2;12;2;11;2;10
0;0;12;1;2;16;2;15;2;14;2;13;2;12;2;11;2;10;2;9
0;0;12;1;2;15;2;14;2;13;2;12;2;11;2;10;2;9;2;8
0;0;12;1;2;14;2;13;2;12;2;11;2;10;2;9;2;8;2;7
0;0;12;1;2;13;2;12;2;11;2;10;2;9;2;8;2;7;2;6
0;0;12;1;2;12;2;11;2;10;2;9;2;8;2;7;2;6;2;5
0;0;12;1;2;11;2;10;2;9;2;8;2;7;2;6;2;5;2;4
0;0;12;1;2;10;2;9;2;8;2;7;2;6;2;5;2;4;2;3
0;0;12;1;2;9;2;8;2;7;2;6;2;5;2;4;2;3;2;2
1;0;12;1;2;8;2;7;2;6;2;5;2;4;2;3;2;2;2;1
1;1;12;1;2;7;2;6;2;5;2;4;2;3;2;2;2;1;3;1
1;1;12;1;2;6;2;5;2;4;2;3;2;2;2;1;3;1;4;1
1;1;12;1;2;5;2;4;2;3;2;2;2;1;3;1;4;1;5;1
1;1;12;1;2;4;2;3;2;2;2;1;3;1;4;1;5;1;6;1
1;1;12;1;2;3;2;2;2;1;3;1;4;1;5;1;6;1;7;1
1;1;12;1;2;2;2;1;3;1;4;1;5;1;6;1;7;1;8;1
1;1;12;1;2;1;3;1;4;1;5;1;6;1;7;1;8;1;9;1
1;1;12;1;3;1;4;1;5;1;6;1;7;1;8;1;9;1;10;1
1;1;12;1;4;1;5;1;6;1;7;1;8;1;9;1;10;1;11;1
1;1;8;14;5;1;5;1;6;1;7;1;8;1;9;1;10;1;11;1;12;1
1;1;8;14;5;1;6;1;7;1;8;1;9;1;10;1;11;1;12;1;13;1
2;1;8;14;6;1;7;1;8;1;9;1;10;1;11;1;12;1;13;1;14;1
2;2;8;14;7;1;8;1;9;1;10;1;11;1;12;1;13;1;14;1;14;2
3;2;8;14;8;1;9;1;10;1;11;1;12;1;13;1;14;1;14;2;14;3
3;3;8;14;9;1;10;1;11;1;12;1;13;1;14;1;14;2;14;3;13;3
3;3;8;14;10;1;11;1;12;1;13;1;14;1;14;2;14;3;13;3;12;3
3;3;8;14;11;1;12;1;13;1;14;1;14;2;14;3;13;3;12;3;11;3
3;3;8;14;12;1;13;1;14;1;14;2;14;3;13;3;12;3;11;3;10;3
3;3;8;14;13;1;14;1;14;2;14;3;13;3;12;3;11;3;10;3;9;3
2;3;8;14;14;1;14;2;14;3;13;3;12;3;11;3;10;3;9;3;8;3
2;2;8;14;14;2;14;3;13;3;12;3;11;3;10;3;9;3;8;3;8;4
2;2;8;14;14;3;13;3;12;3;11;3;10;3;9;3;8;3;8;4;8;5
2;2;8;14;13;3;12;3;11;3;10;3;9;3;8;3;8;4;8;5;8;6
2;2;8;14;12;3;11;3;10;3;9;3;8;3;8;4;8;5;8;6;8;7
2;2;8;14;11;3;10;3;9;3;8;3;8;4;8;5;8;6;8;7;8;8
2;2;8;14;10;3;9;3;8;3;8;4;8;5;8;6;8;7;8;8;8;9
2;2;8;14;9;3;8;3;8;4;8;5;8;6;8;7;8;8;8;9;8;10
2;2;8;14;8;3;8;4;8;5;8;6;8;7;8;8;8;9;8;10;8;11
2;2;8;14;8;4;8;5;8;6;8;7;8;8;8;9;8;10;8;11;8;12
2;2;8;14;8;5;8;6;8;7;8;8;8;9;8;10;8;11;8;12;8;13
2;2;0;7;8;6;8;6;8;7;8;8;8;9;8;10;8;11;8;12;8;13;8;14
2;2;0;7;8;6;8;7;8;8;8;9;8;10;8;11;8;12;8;13;8;14;8;15
3;2;0;7;8;7;8;8;8;9;8;10;8;11;8;12;8;13;8;14;8;15;8;16
3;3;0;7;8;8;8;9;8;10;8;11;8;12;8;13;8;14;8;15;8;16;7;16
3;3;0;7;8;9;8;10;8;11;8;12;8;13;8;14;8;15;8;16;7;16;6;16
3;3;0;7;8;10;8;11;8;12;8;13;8;14;8;15;8;16;7;16;6;16;5;16
3;3;0;7;8;11;8;12;8;13;8;14;8;15;8;16;7;16;6;16;5;16;4;16
3;3;0;7;8;12;8;13;8;14;8;15;8;16;7;16;6;16;5;16;4;16;3;16
3;3;0;7;8;13;8;14;8;15;8;16;7;16;6;16;5;16;4;16;3;16;2;16
3;3;0;7;8;14;8;15;8;16;7;16;6;16;5;16;4;16;3;16;2;16;1;16
0;3;0;7;8;15;8;16;7;16;6;16;5;16;4;16;3;16;2;16;1;16;0;16
0;0;0;7;8;16;7;16;6;16;5;16;4;16;3;16;2;16;1;16;0;16;0;15
0;0;0;7;7;16;6;16;5;16;4;16;3;16;2;16;1;16;0;16;0;15;0;14
0;0;0;7;6;16;5;16;4;16;3;16;2;16;1;16;0;16;0;15;0;14;0;13
0;0;0;7;5;16;4;16;3;16;2;16;1;16;0;16;0;15;0;14;0;13;0;12
0;0;0;7;4;16;3;16;2;16;1;16;0;16;0;15;0;14;0;13;0;12;0;11
0;0;0;7;3;16;2;16;1;16;0;16;0;15;0;14;0;13;0;12;0;11;0;10
0;0;0;7;2;16;1;16;0;16;0;15;0;14;0;13;0;12;0;11;0;10;0;9
0;0;0;7;1;16;0;16;0;15;0;14;0;13;0;12;0;11;0;10;0;9;0;8
1;0;6;14;0;16;0;16;0;15;0;14;0;13;0;12;0;11;0;10;0;9;0;8;0;7
1;1;6;14;0;16;0;15;0;14;0;13;0;12;0;11;0;10;0;9;0;8;0;7;1;7
1;1;6;14;0;15;0;14;0;13;0;12;0;11;0;10;0;9;0;8;0;7;1;7;2;7
1;1;6;14;0;14;0;13;0;12;0;11;0;10;0;9;0;8;0;7;1;7;2;7;3;7
2;1;6;14;0;13;0;12;0;11;0;10;0;9;0;8;0;7;1;7;2;7;3;7;4;7
2;2;6;14;0;12;0;11;0;10;0;9;0;8;0;7;1;7;2;7;3;7;4;7;4;8
2;2;6;14;0;11;0;10;0;9;0;8;0;7;1;7;2;7;3;7;4;7;4;8;4;9
2;2;6;14;0;10;0;9;0;8;0;7;1;7;2;7;3;7;4;7;4;8;4;9;4;10
2;2;6;14;0;9;0;8;0;7;1;7;2;7;3;7;4;7;4;8;4;9;4;10;4;11
2;2;6;14;0;8;0;7;1;7;2;7;3;7;4;7;4;8;4;9;4;10;4;11;4;12
2;2;6;14;0;7;1;7;2;7;3;7;4;7;4;8;4;9;4;10;4;11;4;12;4;13
1;2;6;14;1;7;2;7;3;7;4;7;4;8;4;9;4;10;4;11;4;12;4;13;4;14
1;1;6;14;2;7;3;7;4;7;4;8;4;9;4;10;4;11;4;12;4;13;4;14;5;14
1;1;1;12;3;7;3;7;4;7;4;8;4;9;4;10;4;11;4;12;4;13;4;14;5;14;6;14
1;1;1;12;3;7;4;7;4;8;4;9;4;10;4;11;4;12;4;13;4;14;5;14;6;14;7;14
1;1;1;12;4;7;4;8;4;9;4;10;4;11;4;12;4;13;4;14;5;14;6;14;7;14;8;14
2;1;1;12;4;8;4;9;4;10;4;11;4;12;4;13;4;14;5;14;6;14;7;14;8;14;9;14
2;2;1;12;4;9;4;10;4;11;4;12;4;13;4;14;5;14;6;14;7;14;8;14;9;14;9;15
3;2;1;12;4;10;4;11;4;12;4;13;4;14;5;14;6;14;7;14;8;14;9;14;9;15;9;16
3;3;1;12;4;11;4;12;4;13;4;14;5;14;6;14;7;14;8;14;9;14;9;15;9;16;8;16
3;3;1;12;4;12;4;13;4;14;5;14;6;14;7;14;8;14;9;14;9;15;9;16;8;16;7;16
3;3;1;12;4;13;4;14;5;14;6;14;7;14;8;14;9;14;9;15;9;16;8;16;7;16;6;16
3;3;1;12;4;14;5;14;6;14;7;14;8;14;9;14;9;15;9;16;8;16;7;16;6;16;5;16
3;3;1;12;5;14;6;14;7;14;8;14;9;14;9;15;9;16;8;16;7;16;6;16;5;16;4;16
3;3;1;12;6;14;7;14;8;14;9;14;9;15;9;16;8;16;7;16;6;16;5;16;4;16;3;16
3;3;1;12;7;14;8;14;9;14;9;15;9;16;8;16;7;16;6;16;5;16;4;16;3;16;2;16
0;3;1;12;8;14;9;14;9;15;9;16;8;16;7;16;6;16;5;16;4;16;3;16;2;16;1;16
0;0;1;12;9;14;9;15;9;16;8;16;7;16;6;16;5;16;4;16;3;16;2;16;1;16;1;15
0;0;1;12;9;15;9;16;8;16;7;16;6;16;5;16;4;16;3;16;2;16;1;16;1;15;1;14
0;0;1;12;9;16;8;16;7;16;6;16;5;16;4;16;3;16;2;16;1;16;1;15;1;14;1;13
0;0;14;9;8;16;8;16;7;16;6;16;5;16;4;16;3;16;2;16;1;16;1;15;1;14;1;13;1;12
0;0;14;9;8;16;7;16;6;16;5;16;4;16;3;16;2;16;1;16;1;15;1;14;1;13;1;12;1;11
0;0;14;9;7;16;6;16;5;16;4;16;3;16;2;16;1;16;1;15;1;14;1;13;1;12;1;11;1;10
1;0;14;9;6;16;5;16;4;16;3;16;2;16;1;16;1;15;1;14;1;13;1;12;1;11;1;10;1;9
2;1;14;9;5;16;4;16;3;16;2;16;1;16;1;15;1;14;1;13;1;12;1;11;1;10;1;9;2;9
2;2;14;9;4;16;3;16;2;16;1;16;1;15;1;14;1;13;1;12;1;11;1;10;1;9;2;9;2;10
1;2;14;9;3;16;2;16;1;16;1;15;1;14;1;13;1;12;1;11;1;10;1;9;2;9;2;10;2;11
0;1;14;9;2;16;1;16;1;15;1;14;1;13;1;12;1;11;1;10;1;9;2;9;2;10;2;11;3;11
0;0;14;9;1;16;1;15;1;14;1;13;1;12;1;11;1;10;1;9;2;9;2;10;2;11;3;11;3;10
0;0;14;9;1;15;1;14;1;13;1;12;1;11;1;10;1;9;2;9;2;10;2;11;3;11;3;10;3;9
0;0;14;9;1;14;1;13;1;12;1;11;1;10;1;9;2;9;2;10;2;11;3;11;3;10;3;9;3;8
0;0;14;9;1;13;1;12;1;11;1;10;1;9;2;9;2;10;2;11;3;11;3;10;3;9;3;8;3;7
1;0;14;9;1;12;1;11;1;10;1;9;2;9;2;10;2;11;3;11;3;10;3;9;3;8;3;7;3;6
1;1;14;9;1;11;1;10;1;9;2;9;2;10;2;11;3;11;3;10;3;9;3;8;3;7;3;6;4;6
2;1;14;9;1;10;1;9;2;9;2;10;2;11;3;11;3;10;3;9;3;8;3;7;3;6;4;6;5;6
2;2;14;9;1;9;2;9;2;10;2;11;3;11;3;10;3;9;3;8;3;7;3;6;4;6;5;6;5;7
2;2;14;9;2;9;2;10;2;11;3;11;3;10;3;9;3;8;3;7;3;6;4;6;5;6;5;7;5;8
1;2;14;9;2;10;2;11;3;11;3;10;3;9;3;8;3;7;3;6;4;6;5;6;5;7;5;8;5;9
1;1;14;9;2;11;3;11;3;10;3;9;3;8;3;7;3;6;4;6;5;6;5;7;5;8;5;9;6;9
1;1;14;9;3;11;3;10;3;9;3;8;3;7;3;6;4;6;5;6;5;7;5;8;5;9;6;9;7;9
1;1;14;9;3;10;3;9;3;8;3;7;3;6;4;6;5;6;5;7;5;8;5;9;6;9;7;9;8;9
1;1;14;9;3;9;3;8;3;7;3;6;4;6;5;6;5;7;5;8;5;9;6;9;7;9;8;9;9;9
1;1;14;9;3;8;3;7;3;6;4;6;5;6;5;7;5;8;5;9;6;9;7;9;8;9;9;9;10;9
1;1;14;9;3;7;3;6;4;6;5;6;5;7;5;8;5;9;6;9;7;9;8;9;9;9;10;9;11;9
1;1;14;9;3;6;4;6;5;6;5;7;5;8;5;9;6;9;7;9;8;9;9;9;10;9;11;9;12;9
1;1;14;9;4;6;5;6;5;7;5;8;5;9;6;9;7;9;8;9;9;9;10;9;11;9;12;9;13;9
1;1;11;8;5;6;5;6;5;7;5;8;5;9;6;9;7;9;8;9;9;9;10;9;11;9;12;9;13;9;14;9
1;1;11;8;5;6;5;7;5;8;5;9;6;9;7;9;8;9;9;9;10;9;11;9;12;9;13;9;14;9;15;9
1;1;11;8;5;7;5;8;5;9;6;9;7;9;8;9;9;9;10;9;11;9;12;9;13;9;14;9;15;9;16;9
0;1;11;8;5;8;5;9;6;9;7;9;8;9;9;9;10;9;11;9;12;9;13;9;14;9;15;9;16;9;17;9
3;0;11;8;5;9;6;9;7;9;8;9;9;9;10;9;11;9;12;9;13;9;14;9;15;9;16;9;17;9;17;8
3;3;11;8;6;9;7;9;8;9;9;9;10;9;11;9;12;9;13;9;14;9;15;9;16;9;17;9;17;8;16;8
3;3;11;8;7;9;8;9;9;9;10;9;11;9;12;9;13;9;14;9;15;9;16;9;17;9;17;8;16;8;15;8
3;3;11;8;8;9;9;9;10;9;11;9;12;9;13;9;14;9;15;9;16;9;17;9;17;8;16;8;15;8;14;8
3;3;11;8;9;9;10;9;11;9;12;9;13;9;14;9;15;9;16;9;17;9;17;8;16;8;15;8;14;8;13;8
3;3;11;8;10;9;11;9;12;9;13;9;14;9;15;9;16;9;17;9;17;8;16;8;15;8;14;8;13;8;12;8
3;3;16;5;11;9;11;9;12;9;13;9;14;9;15;9;16;9;17;9;17;8;16;8;15;8;14;8;13;8;12;8;11;8
3;3;16;5;11;9;12;9;13;9;14;9;15;9;16;9;17;9;17;8;16;8;15;8;14;8;13;8;12;8;11;8;10;8
0;3;16;5;12;9;13;9;14;9;15;9;16;9;17;9;17;8;16;8;15;8;14;8;13;8;12;8;11;8;10;8;9;8
0;0;16;5;13;9;14;9;15;9;16;9;17;9;17;8;16;8;15;8;14;8;13;8;12;8;11;8;10;8;9;8;9;7
0;0;16;5;14;9;15;9;16;9;17;9;17;8;16;8;15;8;14;8;13;8;12;8;11;8;10;8;9;8;9;7;9;6
1;0;16;5;15;9;16;9;17;9;17;8;16;8;15;8;14;8;13;8;12;8;11;8;10;8;9;8;9;7;9;6;9;5
1;1;16;5;16;9;17;9;17;8;16;8;15;8;14;8;13;8;12;8;11;8;10;8;9;8;9;7;9;6;9;5;10;5
1;1;16;5;17;9;17;8;16;8;15;8;14;8;13;8;12;8;11;8;10;8;9;8;9;7;9;6;9;5;10;5;11;5
1;1;16;5;17;8;16;8;15;8;14;8;13;8;12;8;11;8;10;8;9;8;9;7;9;6;9;5;10;5;11;5;12;5
1;1;16;5;16;8;15;8;14;8;13;8;12;8;11;8;10;8;9;8;9;7;9;6;9;5;10;5;11;5;12;5;13;5
1;1;16;5;15;8;14;8;13;8;12;8;11;8;10;8;9;8;9;7;9;6;9;5;10;5;11;5;12;5;13;5;14;5
1;1;16;5;14;8;13;8;12;8;11;8;10;8;9;8;9;7;9;6;9;5;10;5;11;5;12;5;13;5;14;5;15;5
1;1;3;4;13;8;13;8;12;8;11;8;10;8;9;8;9;7;9;6;9;5;10;5;11;5;12;5;13;5;14;5;15;5;16;5
1;1;3;4;13;8;12;8;11;8;10;8;9;8;9;7;9;6;9;5;10;5;11;5;12;5;13;5;14;5;15;5;16;5;17;5
2;1;3;4;12;8;11;8;10;8;9;8;9;7;9;6;9;5;10;5;11;5;12;5;13;5;14;5;15;5;16;5;17;5;18;5
2;2;3;4;11;8;10;8;9;8;9;7;9;6;9;5;10;5;11;5;12;5;13;5;14;5;15;5;16;5;17;5;18;5;18;6
2;2;3;4;10;8;9;8;9;7;9;6;9;5;10;5;11;5;12;5;13;5;14;5;15;5;16;5;17;5;18;5;18;6;18;7
3;2;3;4;9;8;9;7;9;6;9;5;10;5;11;5;12;5;13;5;14;5;15;5;16;5;17;5;18;5;18;6;18;7;18;8
3;3;3;4;9;7;9;6;9;5;10;5;11;5;12;5;13;5;14;5;15;5;16;5;17;5;18;5;18;6;18;7;18;8;17;8
3;3;3;4;9;6;9;5;10;5;11;5;12;5;13;5;14;5;15;5;16;5;17;5;18;5;18;6;18;7;18;8;17;8;16;8
3;3;3;4;9;5;10;5;11;5;12;5;13;5;14;5;15;5;16;5;17;5;18;5;18;6;18;7;18;8;17;8;16;8;15;8
3;3;3;4;10;5;11;5;12;5;13;5;14;5;15;5;16;5;17;5;18;5;18;6;18;7;18;8;17;8;16;8;15;8;14;8
3;3;3;4;11;5;12;5;13;5;14;5;15;5;16;5;17;5;18;5;18;6;18;7;18;8;17;8;16;8;15;8;14;8;13;8
3;3;3;4;12;5;13;5;14;5;15;5;16;5;17;5;18;5;18;6;18;7;18;8;17;8;16;8;15;8;14;8;13;8;12;8
0;3;3;4;13;5;14;5;15;5;16;5;17;5;18;5;18;6;18;7;18;8;17;8;16;8;15;8;14;8;13;8;12;8;11;8
0;0;3;4;14;5;15;5;16;5;17;5;18;5;18;6;18;7;18;8;17;8;16;8;15;8;14;8;13;8;12;8;11;8;11;7
0;0;3;4;15;5;16;5;17;5;18;5;18;6;18;7;18;8;17;8;16;8;15;8;14;8;13;8;12;8;11;8;11;7;11;6
0;0;3;4;16;5;17;5;18;5;18;6;18;7;18;8;17;8;16;8;15;8;14;8;13;8;12;8;11;8;11;7;11;6;11;5
3;0;3;4;17;5;18;5;18;6;18;7;18;8;17;8;16;8;15;8;14;8;13;8;12;8;11;8;11;7;11;6;11;5;11;4
3;3;3;4;18;5;18;6;18;7;18;8;17;8;16;8;15;8;14;8;13;8;12;8;11;8;11;7;11;6;11;5;11;4;10;4
3;3;3;4;18;6;18;7;18;8;17;8;16;8;15;8;14;8;13;8;12;8;11;8;11;7;11;6;11;5;11;4;10;4;9;4
3;3;3;4;18;7;18;8;17;8;16;8;15;8;14;8;13;8;12;8;11;8;11;7;11;6;11;5;11;4;10;4;9;4;8;4
3;3;3;4;18;8;17;8;16;8;15;8;14;8;13;8;12;8;11;8;11;7;11;6;11;5;11;4;10;4;9;4;8;4;7;4
3;3;3;4;17;8;16;8;15;8;14;8;13;8;12;8;11;8;11;7;11;6;11;5;11;4;10;4;9;4;8;4;7;4;6;4
3;3;3;4;16;8;15;8;14;8;13;8;12;8;11;8;11;7;11;6;11;5;11;4;10;4;9;4;8;4;7;4;6;4;5;4
3;3;3;4;15;8;14;8;13;8;12;8;11;8;11;7;11;6;11;5;11;4;10;4;9;4;8;4;7;4;6;4;5;4;4;4
2;3;6;16;14;8;14;8;13;8;12;8;11;8;11;7;11;6;11;5;11;4;10;4;9;4;8;4;7;4;6;4;5;4;4;4;3;4
2;2;6;16;14;8;13;8;12;8;11;8;11;7;11;6;11;5;11;4;10;4;9;4;8;4;7;4;6;4;5;4;4;4;3;4;3;5
2;2;6;16;13;8;12;8;11;8;11;7;11;6;11;5;11;4;10;4;9;4;8;4;7;4;6;4;5;4;4;4;3;4;3;5;3;6
2;2;6;16;12;8;11;8;11;7;11;6;11;5;11;4;10;4;9;4;8;4;7;4;6;4;5;4;4;4;3;4;3;5;3;6;3;7
2;2;6;16;11;8;11;7;11;6;11;5;11;4;10;4;9;4;8;4;7;4;6;4;5;4;4;4;3;4;3;5;3;6;3;7;3;8
2;2;6;16;11;7;11;6;11;5;11;4;10;4;9;4;8;4;7;4;6;4;5;4;4;4;3;4;3;5;3;6;3;7;3;8;3;9
2;2;6;16;11;6;11;5;11;4;10;4;9;4;8;4;7;4;6;4;5;4;4;4;3;4;3;5;3;6;3;7;3;8;3;9;3;10
2;2;6;16;11;5;11;4;10;4;9;4;8;4;7;4;6;4;5;4;4;4;3;4;3;5;3;6;3;7;3;8;3;9;3;10;3;11
2;2;6;16;11;4;10;4;9;4;8;4;7;4;6;4;5;4;4;4;3;4;3;5;3;6;3;7;3;8;3;9;3;10;3;11;3;12
2;2;6;16;10;4;9;4;8;4;7;4;6;4;5;4;4;4;3;4;3;5;3;6;3;7;3;8;3;9;3;10;3;11;3;12;3;13
2;2;6;16;9;4;8;4;7;4;6;4;5;4;4;4;3;4;3;5;3;6;3;7;3;8;3;9;3;10;3;11;3;12;3;13;3;14
2;2;6;16;8;4;7;4;6;4;5;4;4;4;3;4;3;5;3;6;3;7;3;8;3;9;3;10;3;11;3;12;3;13;3;14;3;15
1;2;6;16;7;4;6;4;5;4;4;4;3;4;3;5;3;6;3;7;3;8;3;9;3;10;3;11;3;12;3;13;3;14;3;15;3;16
1;1;6;16;6;4;5;4;4;4;3;4;3;5;3;6;3;7;3;8;3;9;3;10;3;11;3;12;3;13;3;14;3;15;3;16;4;16
1;1;6;16;5;4;4;4;3;4;3;5;3;6;3;7;3;8;3;9;3;10;3;11;3;12;3;13;3;14;3;15;3;16;4;16;5;16
1;1;14;13;4;4;4;4;3;4;3;5;3;6;3;7;3;8;3;9;3;10;3;11;3;12;3;13;3;14;3;15;3;16;4;16;5;16;6;16
1;1;14;13;4;4;3;4;3;5;3;6;3;7;3;8;3;9;3;10;3;11;3;12;3;13;3;14;3;15;3;16;4;16;5;16;6;16;7;16
1;1;14;13;3;4;3;5;3;6;3;7;3;8;3;9;3;10;3;11;3;12;3;13;3;14;3;15;3;16;4;16;5;16;6;16;7;16;8;16
1;1;14;13;3;5;3;6;3;7;3;8;3;9;3;10;3;11;3;12;3;13;3;14;3;15;3;16;4;16;5;16;6;16;7;16;8;16;9;16
1;1;14;13;3;6;3;7;3;8;3;9;3;10;3;11;3;12;3;13;3;14;3;15;3;16;4;16;5;16;6;16;7;16;8;16;9;16;10;16
1;1;14;13;3;7;3;8;3;9;3;10;3;11;3;12;3;13;3;14;3;15;3;16;4;16;5;16;6;16;7;16;8;16;9;16;10;16;11;16
1;1;14;13;3;8;3;9;3;10;3;11;3;12;3;13;3;14;3;15;3;16;4;16;5;16;6;16;7;16;8;16;9;16;10;16;11;16;12;16
1;1;14;13;3;9;3;10;3;11;3;12;3;13;3;14;3;15;3;16;4;16;5;16;6;16;7;16;8;16;9;16;10;16;11;16;12;16;13;16
0;1;14;13;3;10;3;11;3;12;3;13;3;14;3;15;3;16;4;16;5;16;6;16;7;16;8;16;9;16;10;16;11;16;12;16;13;16;14;16
0;0;14;13;3;11;3;12;3;13;3;14;3;15;3;16;4;16;5;16;6;16;7;16;8;16;9;16;10;16;11;16;12;16;13;16;14;16;14;15
0;0;14;13;3;12;3;13;3;14;3;15;3;16;4;16;5;16;6;16;7;16;8;16;9;16;10;16;11;16;12;16;13;16;14;16;14;15;14;14
0;0;5;4;3;13;3;13;3;14;3;15;3;16;4;16;5;16;6;16;7;16;8;16;9;16;10;16;11;16;12;16;13;16;14;16;14;15;14;14;14;13
0;0;5;4;3;13;3;14;3;15;3;16;4;16;5;16;6;16;7;16;8;16;9;16;10;16;11;16;12;16;13;16;14;16;14;15;14;14;14;13;14;12
0;0;5;4;3;14;3;15;3;16;4;16;5;16;6;16;7;16;8;16;9;16;10;16;11;16;12;16;13;16;14;16;14;15;14;14;14;13;14;12;14;11
0;0;5;4;3;15;3;16;4;16;5;16;6;16;7;16;8;16;9;16;10;16;11;16;12;16;13;16;14;16;14;15;14;14;14;13;14;12;14;11;14;10
0;0;5;4;3;16;4;16;5;16;6;16;7;16;8;16;9;16;10;16;11;16;12;16;13;16;14;16;14;15;14;14;14;13;14;12;14;11;14;10;14;9
0;0;5;4;4;16;5;16;6;16;7;16;8;16;9;16;10;16;11;16;12;16;13;16;14;16;14;15;14;14;14;13;14;12;14;11;14;10;14;9;14;8
0;0;5;4;5;16;6;16;7;16;8;16;9;16;10;16;11;16;12;16;13;16;14;16;14;15;14;14;14;13;14;12;14;11;14;10;14;9;14;8;14;7
0;0;5;4;6;16;7;16;8;16;9;16;10;16;11;16;12;16;13;16;14;16;14;15;14;14;14;13;14;12;14;11;14;10;14;9;14;8;14;7;14;6
0;0;5;4;7;16;8;16;9;16;10;16;11;16;12;16;13;16;14;16;14;15;14;14;14;13;14;12;14;11;14;10;14;9;14;8;14;7;14;6;14;5
3;0;5;4;8;16;9;16;10;16;11;16;12;16;13;16;14;16;14;15;14;14;14;13;14;12;14;11;14;10;14;9;14;8;14;7;14;6;14;5;14;4
3;3;5;4;9;16;10;16;11;16;12;16;13;16;14;16;14;15;14;14;14;13;14;12;14;11;14;10;14;9;14;8;14;7;14;6;14;5;14;4;13;4
3;3;5;4;10;16;11;16;12;16;13;16;14;16;14;15;14;14;14;13;14;12;14;11;14;10;14;9;14;8;14;7;14;6;14;5;14;4;13;4;12;4
3;3;5;4;11;16;12;16;13;16;14;16;14;15;14;14;14;13;14;12;14;11;14;10;14;9;14;8;14;7;14;6;14;5;14;4;13;4;12;4;11;4
3;3;5;4;12;16;13;16;14;16;14;15;14;14;14;13;14;12;14;11;14;10;14;9;14;8;14;7;14;6;14;5;14;4;13;4;12;4;11;4;10;4
3;3;5;4;13;16;14;16;14;15;14;14;14;13;14;12;14;11;14;10;14;9;14;8;14;7;14;6;14;5;14;4;13;4;12;4;11;4;10;4;9;4
3;3;5;4;14;16;14;15;14;14;14;13;14;12;14;11;14;10;14;9;14;8;14;7;14;6;14;5;14;4;13;4;12;4;11;4;10;4;9;4;8;4
3;3;5;4;14;15;14;14;14;13;14;12;14;11;14;10;14;9;14;8;14;7;14;6;14;5;14;4;13;4;12;4;11;4;10;4;9;4;8;4;7;4
3;3;5;4;14;14;14;13;14;12;14;11;14;10;14;9;14;8;14;7;14;6;14;5;14;4;13;4;12;4;11;4;10;4;9;4;8;4;7;4;6;4
3;3;17;6;14;13;14;13;14;12;14;11;14;10;14;9;14;8;14;7;14;6;14;5;14;4;13;4;12;4;11;4;10;4;9;4;8;4;7;4;6;4;5;4
3;3;17;6;14;13;14;12;14;11;14;10;14;9;14;8;14;7;14;6;14;5;14;4;13;4;12;4;11;4;10;4;9;4;8;4;7;4;6;4;5;4;4;4
3;3;17;6;14;12;14;11;14;10;14;9;14;8;14;7;14;6;14;5;14;4;13;4;12;4;11;4;10;4;9;4;8;4;7;4;6;4;5;4;4;4;3;4
0;3;17;6;14;11;14;10;14;9;14;8;14;7;14;6;14;5;14;4;13;4;12;4;11;4;10;4;9;4;8;4;7;4;6;4;5;4;4;4;3;4;2;4
1;0;17;6;14;10;14;9;14;8;14;7;14;6;14;5;14;4;13;4;12;4;11;4;10;4;9;4;8;4;7;4;6;4;5;4;4;4;3;4;2;4;2;3
1;1;17;6;14;9;14;8;14;7;14;6;14;5;14;4;13;4;12;4;11;4;10;4;9;4;8;4;7;4;6;4;5;4;4;4;3;4;2;4;2;3;3;3
1;1;17;6;14;8;14;7;14;6;14;5;14;4;13;4;12;4;11;4;10;4;9;4;8;4;7;4;6;4;5;4;4;4;3;4;2;4;2;3;3;3;4;3
1;1;17;6;14;7;14;6;14;5;14;4;13;4;12;4;11;4;10;4;9;4;8;4;7;4;6;4;5;4;4;4;3;4;2;4;2;3;3;3;4;3;5;3
1;1;17;6;14;6;14;5;14;4;13;4;12;4;11;4;10;4;9;4;8;4;7;4;6;4;5;4;4;4;3;4;2;4;2;3;3;3;4;3;5;3;6;3
1;1;17;6;14;5;14;4;13;4;12;4;11;4;10;4;9;4;8;4;7;4;6;4;5;4;4;4;3;4;2;4;2;3;3;3;4;3;5;3;6;3;7;3
1;1;17;6;14;4;13;4;12;4;11;4;10;4;9;4;8;4;7;4;6;4;5;4;4;4;3;4;2;4;2;3;3;3;4;3;5;3;6;3;7;3;8;3
1;1;17;6;13;4;12;4;11;4;10;4;9;4;8;4;7;4;6;4;5;4;4;4;3;4;2;4;2;3;3;3;4;3;5;3;6;3;7;3;8;3;9;3
1;1;17;6;12;4;11;4;10;4;9;4;8;4;7;4;6;4;5;4;4;4;3;4;2;4;2;3;3;3;4;3;5;3;6;3;7;3;8;3;9;3;10;3
1;1;17;6;11;4;10;4;9;4;8;4;7;4;6;4;5;4;4;4;3;4;2;4;2;3;3;3;4;3;5;3;6;3;7;3;8;3;9;3;10;3;11;3
1;1;17;6;10;4;9;4;8;4;7;4;6;4;5;4;4;4;3;4;2;4;2;3;3;3;4;3;5;3;6;3;7;3;8;3;9;3;10;3;11;3;12;3
1;1;17;6;9;4;8;4;7;4;6;4;5;4;4;4;3;4;2;4;2;3;3;3;4;3;5;3;6;3;7;3;8;3;9;3;10;3;11;3;12;3;13;3
1;1;17;6;8;4;7;4;6;4;5;4;4;4;3;4;2;4;2;3;3;3;4;3;5;3;6;3;7;3;8;3;9;3;10;3;11;3;12;3;13;3;14;3
1;1;17;6;7;4;6;4;5;4;4;4;3;4;2;4;2;3;3;3;4;3;5;3;6;3;7;3;8;3;9;3;10;3;11;3;12;3;13;3;14;3;15;3
1;1;17;6;6;4;5;4;4;4;3;4;2;4;2;3;3;3;4;3;5;3;6;3;7;3;8;3;9;3;10;3;11;3;12;3;13;3;14;3;15;3;16;3
2;1;17;6;5;4;4;4;3;4;2;4;2;3;3;3;4;3;5;3;6;3;7;3;8;3;9;3;10;3;11;3;12;3;13;3;14;3;15;3;16;3;17;3
2;2;17;6;4;4;3;4;2;4;2;3;3;3;4;3;5;3;6;3;7;3;8;3;9;3;10;3;11;3;12;3;13;3;14;3;15;3;16;3;17;3;17;4
2;2;17;6;3;4;2;4;2;3;3;3;4;3;5;3;6;3;7;3;8;3;9;3;10;3;11;3;12;3;13;3;14;3;15;3;16;3;17;3;17;4;17;5
2;2;11;8;2;4;2;4;2;3;3;3;4;3;5;3;6;3;7;3;8;3;9;3;10;3;11;3;12;3;13;3;14;3;15;3;16;3;17;3;17;4;17;5;17;6
2;2;11;8;2;4;2;3;3;3;4;3;5;3;6;3;7;3;8;3;9;3;10;3;11;3;12;3;13;3;14;3;15;3;16;3;17;3;17;4;17;5;17;6;17;7
2;2;11;8;2;3;3;3;4;3;5;3;6;3;7;3;8;3;9;3;10;3;11;3;12;3;13;3;14;3;15;3;16;3;17;3;17;4;17;5;17;6;17;7;17;8
3;2;11;8;3;3;4;3;5;3;6;3;7;3;8;3;9;3;10;3;11;3;12;3;13;3;14;3;15;3;16;3;17;3;17;4;17;5;17;6;17;7;17;8;17;9
3;3;11;8;4;3;5;3;6;3;7;3;8;3;9;3;10;3;11;3;12;3;13;3;14;3;15;3;16;3;17;3;17;4;17;5;17;6;17;7;17;8;17;9;16;9
0;3;11;8;5;3;6;3;7;3;8;3;9;3;10;3;11;3;12;3;13;3;14;3;15;3;16;3;17;3;17;4;17;5;17;6;17;7;17;8;17;9;16;9;15;9
3;0;11;8;6;3;7;3;8;3;9;3;10;3;11;3;12;3;13;3;14;3;15;3;16;3;17;3;17;4;17;5;17;6;17;7;17;8;17;9;16;9;15;9;15;8
3;3;11;8;7;3;8;3;9;3;10;3;11;3;12;3;13;3;14;3;15;3;16;3;17;3;17;4;17;5;17;6;17;7;17;8;17;9;16;9;15;9;15;8;14;8
3;3;11;8;8;3;9;3;10;3;11;3;12;3;13;3;14;3;15;3;16;3;17;3;17;4;17;5;17;6;17;7;17;8;17;9;16;9;15;9;15;8;14;8;13;8
3;3;11;8;9;3;10;3;11;3;12;3;13;3;14;3;15;3;16;3;17;3;17;4;17;5;17;6;17;7;17;8;17;9;16;9;15;9;15;8;14;8;13;8;12;8
3;3;0;0;10;3;10;3;11;3;12;3;13;3;14;3;15;3;16;3;17;3;17;4;17;5;17;6;17;7;17;8;17;9;16;9;15;9;15;8;14;8;13;8;12;8;11;8
3;3;0;0;10;3;11;3;12;3;13;3;14;3;15;3;16;3;17;3;17;4;17;5;17;6;17;7;17;8;17;9;16;9;15;9;15;8;14;8;13;8;12;8;11;8;10;8
3;3;0;0;11;3;12;3;13;3;14;3;15;3;16;3;17;3;17;4;17;5;17;6;17;7;17;8;17;9;16;9;15;9;15;8;14;8;13;8;12;8;11;8;10;8;9;8
3;3;0;0;12;3;13;3;14;3;15;3;16;3;17;3;17;4;17;5;17;6;17;7;17;8;17;9;16;9;15;9;15;8;14;8;13;8;12;8;11;8;10;8;9;8;8;8
3;3;0;0;13;3;14;3;15;3;16;3;17;3;17;4;17;5;17;6;17;7;17;8;17;9;16;9;15;9;15;8;14;8;13;8;12;8;11;8;10;8;9;8;8;8;7;8
3;3;0;0;14;3;15;3;16;3;17;3;17;4;17;5;17;6;17;7;17;8;17;9;16;9;15;9;15;8;14;8;13;8;12;8;11;8;10;8;9;8;8;8;7;8;6;8
3;3;0;0;15;3;16;3;17;3;17;4;17;5;17;6;17;7;17;8;17;9;16;9;15;9;15;8;14;8;13;8;12;8;11;8;10;8;9;8;8;8;7;8;6;8;5;8
3;3;0;0;16;3;17;3;17;4;17;5;17;6;17;7;17;8;17;9;16;9;15;9;15;8;14;8;13;8;12;8;11;8;10;8;9;8;8;8;7;8;6;8;5;8;4;8
3;3;0;0;17;3;17;4;17;5;17;6;17;7;17;8;17;9;16;9;15;9;15;8;14;8;13;8;12;8;11;8;10;8;9;8;8;8;7;8;6;8;5;8;4;8;3;8
3;3;0;0;17;4;17;5;17;6;17;7;17;8;17;9;16;9;15;9;15;8;14;8;13;8;12;8;11;8;10;8;9;8;8;8;7;8;6;8;5;8;4;8;3;8;2;8
3;3;0;0;17;5;17;6;17;7;17;8;17;9;16;9;15;9;15;8;14;8;13;8;12;8;11;8;10;8;9;8;8;8;7;8;6;8;5;8;4;8;3;8;2;8;1;8
0;3;0;0;17;6;17;7;17;8;17;9;16;9;15;9;15;8;14;8;13;8;12;8;11;8;10;8;9;8;8;8;7;8;6;8;5;8;4;8;3;8;2;8;1;8;0;8
0;0;0;0;17;7;17;8;17;9;16;9;15;9;15;8;14;8;13;8;12;8;11;8;10;8;9;8;8;8;7;8;6;8;5;8;4;8;3;8;2;8;1;8;0;8;0;7
0;0;0;0;17;8;17;9;16;9;15;9;15;8;14;8;13;8;12;8;11;8;10;8;9;8;8;8;7;8;6;8;5;8;4;8;3;8;2;8;1;8;0;8;0;7;0;6
0;0;0;0;17;9;16;9;15;9;15;8;14;8;13;8;12;8;11;8;10;8;9;8;8;8;7;8;6;8;5;8;4;8;3;8;2;8;1;8;0;8;0;7;0;6;0;5
0;0;0;0;16;9;15;9;15;8;14;8;13;8;12;8;11;8;10;8;9;8;8;8;7;8;6;8;5;8;4;8;3;8;2;8;1;8;0;8;0;7;0;6;0;5;0;4
0;0;0;0;15;9;15;8;14;8;13;8;12;8;11;8;10;8;9;8;8;8;7;8;6;8;5;8;4;8;3;8;2;8;1;8;0;8;0;7;0;6;0;5;0;4;0;3
0;0;0;0;15;8;14;8;13;8;12;8;11;8;10;8;9;8;8;8;7;8;6;8;5;8;4;8;3;8;2;8;1;8;0;8;0;7;0;6;0;5;0;4;0;3;0;2
0;0;0;0;14;8;13;8;12;8;11;8;10;8;9;8;8;8;7;8;6;8;5;8;4;8;3;8;2;8;1;8;0;8;0;7;0;6;0;5;0;4;0;3;0;2;0;1
1;0;10;19;13;8;13;8;12;8;11;8;10;8;9;8;8;8;7;8;6;8;5;8;4;8;3;8;2;8;1;8;0;8;0;7;0;6;0;5;0;4;0;3;0;2;0;1;0;0
1;1;10;19;13;8;12;8;11;8;10;8;9;8;8;8;7;8;6;8;5;8;4;8;3;8;2;8;1;8;0;8;0;7;0;6;0;5;0;4;0;3;0;2;0;1;0;0;1;0
1;1;10;19;12;8;11;8;10;8;9;8;8;8;7;8;6;8;5;8;4;8;3;8;2;8;1;8;0;8;0;7;0;6;0;5;0;4;0;3;0;2;0;1;0;0;1;0;2;0
1;1;10;19;11;8;10;8;9;8;8;8;7;8;6;8;5;8;4;8;3;8;2;8;1;8;0;8;0;7;0;6;0;5;0;4;0;3;0;2;0;1;0;0;1;0;2;0;3;0
1;1;10;19;10;8;9;8;8;8;7;8;6;8;5;8;4;8;3;8;2;8;1;8;0;8;0;7;0;6;0;5;0;4;0;3;0;2;0;1;0;0;1;0;2;0;3;0;4;0
1;1;10;19;9;8;8;8;7;8;6;8;5;8;4;8;3;8;2;8;1;8;0;8;0;7;0;6;0;5;0;4;0;3;0;2;0;1;0;0;1;0;2;0;3;0;4;0;5;0
1;1;10;19;8;8;7;8;6;8;5;8;4;8;3;8;2;8;1;8;0;8;0;7;0;6;0;5;0;4;0;3;0;2;0;1;0;0;1;0;2;0;3;0;4;0;5;0;6;0
1;1;10;19;7;8;6;8;5;8;4;8;3;8;2;8;1;8;0;8;0;7;0;6;0;5;0;4;0;3;0;2;0;1;0;0;1;0;2;0;3;0;4;0;5;0;6;0;7;0
1;1;10;19;6;8;5;8;4;8;3;8;2;8;1;8;0;8;0;7;0;6;0;5;0;4;0;3;0;2;0;1;0;0;1;0;2;0;3;0;4;0;5;0;6;0;7;0;8;0
1;1;10;19;5;8;4;8;3;8;2;8;1;8;0;8;0;7;0;6;0;5;0;4;0;3;0;2;0;1;0;0;1;0;2;0;3;0;4;0;5;0;6;0;7;0;8;0;9;0
2;1;10;19;4;8;3;8;2;8;1;8;0;8;0;7;0;6;0;5;0;4;0;3;0;2;0;1;0;0;1;0;2;0;3;0;4;0;5;0;6;0;7;0;8;0;9;0;10;0
2;2;10;19;3;8;2;8;1;8;0;8;0;7;0;6;0;5;0;4;0;3;0;2;0;1;0;0;1;0;2;0;3;0;4;0;5;0;6;0;7;0;8;0;9;0;10;0;10;1
2;2;10;19;2;8;1;8;0;8;0;7;0;6;0;5;0;4;0;3;0;2;0;1;0;0;1;0;2;0;3;0;4;0;5;0;6;0;7;0;8;0;9;0;10;0;10;1;10;2
2;2;10;19;1;8;0;8;0;7;0;6;0;5;0;4;0;3;0;2;0;1;0;0;1;0;2;0;3;0;4;0;5;0;6;0;7;0;8;0;9;0;10;0;10;1;10;2;10;3
2;2;10;19;0;8;0;7;0;6;0;5;0;4;0;3;0;2;0;1;0;0;1;0;2;0;3;0;4;0;5;0;6;0;7;0;8;0;9;0;10;0;10;1;10;2;10;3;10;4
2;2;10;19;0;7;0;6;0;5;0;4;0;3;0;2;0;1;0;0;1;0;2;0;3;0;4;0;5;0;6;0;7;0;8;0;9;0;10;0;10;1;10;2;10;3;10;4;10;5
2;2;10;19;0;6;0;5;0;4;0;3;0;2;0;1;0;0;1;0;2;0;3;0;4;0;5;0;6;0;7;0;8;0;9;0;10;0;10;1;10;2;10;3;10;4;10;5;10;6
2;2;10;19;0;5;0;4;0;3;0;2;0;1;0;0;1;0;2;0;3;0;4;0;5;0;6;0;7;0;8;0;9;0;10;0;10;1;10;2;10;3;10;4;10;5;10;6;10;7
2;2;10;19;0;4;0;3;0;2;0;1;0;0;1;0;2;0;3;0;4;0;5;0;6;0;7;0;8;0;9;0;10;0;10;1;10;2;10;3;10;4;10;5;10;6;10;7;10;8
2;2;10;19;0;3;0;2;0;1;0;0;1;0;2;0;3;0;4;0;5;0;6;0;7;0;8;0;9;0;10;0;10;1;10;2;10;3;10;4;10;5;10;6;10;7;10;8;10;9
2;2;10;19;0;2;0;1;0;0;1;0;2;0;3;0;4;0;5;0;6;0;7;0;8;0;9;0;10;0;10;1;10;2;10;3;10;4;10;5;10;6;10;7;10;8;10;9;10;10
2;2;10;19;0;1;0;0;1;0;2;0;3;0;4;0;5;0;6;0;7;0;8;0;9;0;10;0;10;1;10;2;10;3;10;4;10;5;10;6;10;7;10;8;10;9;10;10;10;11
2;2;10;19;0;0;1;0;2;0;3;0;4;0;5;0;6;0;7;0;8;0;9;0;10;0;10;1;10;2;10;3;10;4;10;5;10;6;10;7;10;8;10;9;10;10;10;11;10;12
2;2;10;19;1;0;2;0;3;0;4;0;5;0;6;0;7;0;8;0;9;0;10;0;10;1;10;2;10;3;10;4;10;5;10;6;10;7;10;8;10;9;10;10;10;11;10;12;10;13
2;2;10;19;2;0;3;0;4;0;5;0;6;0;7;0;8;0;9;0;10;0;10;1;10;2;10;3;10;4;10;5;10;6;10;7;10;8;10;9;10;10;10;11;10;12;10;13;10;14
2;2;10;19;3;0;4;0;5;0;6;0;7;0;8;0;9;0;10;0;10;1;10;2;10;3;10;4;10;5;10;6;10;7;10;8;10;9;10;10;10;11;10;12;10;13;10;14;10;15
2;2;10;19;4;0;5;0;6;0;7;0;8;0;9;0;10;0;10;1;10;2;10;3;10;4;10;5;10;6;10;7;10;8;10;9;10;10;10;11;10;12;10;13;10;14;10;15;10;16
2;2;10;19;5;0;6;0;7;0;8;0;9;0;10;0;10;1;10;2;10;3;10;4;10;5;10;6;10;7;10;8;10;9;10;10;10;11;10;12;10;13;10;14;10;15;10;16;10;17
2;2;10;19;6;0;7;0;8;0;9;0;10;0;10;1;10;2;10;3;10;4;10;5;10;6;10;7;10;8;10;9;10;10;10;11;10;12;10;13;10;14;10;15;10;16;10;17;10;18
1;2;2;16;7;0;7;0;8;0;9;0;10;0;10;1;10;2;10;3;10;4;10;5;10;6;10;7;10;8;10;9;10;10;10;11;10;12;10;13;10;14;10;15;10;16;10;17;10;18;10;19
1;1;2;16;7;0;8;0;9;0;10;0;10;1;10;2;10;3;10;4;10;5;10;6;10;7;10;8;10;9;10;10;10;11;10;12;10;13;10;14;10;15;10;16;10;17;10;18;10;19;11;19
1;1;2;16;8;0;9;0;10;0;10;1;10;2;10;3;10;4;10;5;10;6;10;7;10;8;10;9;10;10;10;11;10;12;10;13;10;14;10;15;10;16;10;17;10;18;10;19;11;19;12;19
1;1;2;16;9;0;10;0;10;1;10;2;10;3;10;4;10;5;10;6;10;7;10;8;10;9;10;10;10;11;10;12;10;13;10;14;10;15;10;16;10;17;10;18;10;19;11;19;12;19;13;19
1;1;2;16;10;0;10;1;10;2;10;3;10;4;10;5;10;6;10;7;10;8;10;9;10;10;10;11;10;12;10;13;10;14;10;15;10;16;10;17;10;18;10;19;11;19;12;19;13;19;14;19
1;1;2;16;10;1;10;2;10;3;10;4;10;5;10;6;10;7;10;8;10;9;10;10;10;11;10;12;10;13;10;14;10;15;10;16;10;17;10;18;10;19;11;19;12;19;13;19;14;19;15;19
1;1;2;16;10;2;10;3;10;4;10;5;10;6;10;7;10;8;10;9;10;10;10;11;10;12;10;13;10;14;10;15;10;16;10;17;10;18;10;19;11;19;12;19;13;19;14;19;15;19;16;19
1;1;2;16;10;3;10;4;10;5;10;6;10;7;10;8;10;9;10;10;10;11;10;12;10;13;10;14;10;15;10;16;10;17;10;18;10;19;11;19;12;19;13;19;14;19;15;19;16;19;17;19
1;1;2;16;10;4;10;5;10;6;10;7;10;8;10;9;10;10;10;11;10;12;10;13;10;14;10;15;10;16;10;17;10;18;10;19;11;19;12;19;13;19;14;19;15;19;16;19;17;19;18;19
0;1;2;16;10;5;10;6;10;7;10;8;10;9;10;10;10;11;10;12;10;13;10;14;10;15;10;16;10;17;10;18;10;19;11;19;12;19;13;19;14;19;15;19;16;19;17;19;18;19;19;19
0;0;2;16;10;6;10;7;10;8;10;9;10;10;10;11;10;12;10;13;10;14;10;15;10;16;10;17;10;18;10;19;11;19;12;19;13;19;14;19;15;19;16;19;17;19;18;19;19;19;19;18
0;0;2;16;10;7;10;8;10;9;10;10;10;11;10;12;10;13;10;14;10;15;10;16;10;17;10;18;10;19;11;19;12;19;13;19;14;19;15;19;16;19;17;19;18;19;19;19;19;18;19;17
3;0;2;16;10;8;10;9;10;10;10;11;10;12;10;13;10;14;10;15;10;16;10;17;10;18;10;19;11;19;12;19;13;19;14;19;15;19;16;19;17;19;18;19;19;19;19;18;19;17;19;16
3;3;2;16;10;9;10;10;10;11;10;12;10;13;10;14;10;15;10;16;10;17;10;18;10;19;11;19;12;19;13;19;14;19;15;19;16;19;17;19;18;19;19;19;19;18;19;17;19;16;18;16
3;3;2;16;10;10;10;11;10;12;10;13;10;14;10;15;10;16;10;17;10;18;10;19;11;19;12;19;13;19;14;19;15;19;16;19;17;19;18;19;19;19;19;18;19;17;19;16;18;16;17;16
3;3;2;16;10;11;10;12;10;13;10;14;10;15;10;16;10;17;10;18;10;19;11;19;12;19;13;19;14;19;15;19;16;19;17;19;18;19;19;19;19;18;19;17;19;16;18;16;17;16;16;16
3;3;2;16;10;12;10;13;10;14;10;15;10;16;10;17;10;18;10;19;11;19;12;19;13;19;14;19;15;19;16;19;17;19;18;19;19;19;19;18;19;17;19;16;18;16;17;16;16;16;15;16
3;3;2;16;10;13;10;14;10;15;10;16;10;17;10;18;10;19;11;19;12;19;13;19;14;19;15;19;16;19;17;19;18;19;19;19;19;18;19;17;19;16;18;16;17;16;16;16;15;16;14;16
3;3;2;16;10;14;10;15;10;16;10;17;10;18;10;19;11;19;12;19;13;19;14;19;15;19;16;19;17;19;18;19;19;19;19;18;19;17;19;16;18;16;17;16;16;16;15;16;14;16;13;16
3;3;2;16;10;15;10;16;10;17;10;18;10;19;11;19;12;19;13;19;14;19;15;19;16;19;17;19;18;19;19;19;19;18;19;17;19;16;18;16;17;16;16;16;15;16;14;16;13;16;12;16
3;3;2;16;10;16;10;17;10;18;10;19;11;19;12;19;13;19;14;19;15;19;16;19;17;19;18;19;19;19;19;18;19;17;19;16;18;16;17;16;16;16;15;16;14;16;13;16;12;16;11;16
3;3;2;16;10;17;10;18;10;19;11;19;12;19;13;19;14;19;15;19;16;19;17;19;18;19;19;19;19;18;19;17;19;16;18;16;17;16;16;16;15;16;14;16;13;16;12;16;11;16;10;16
3;3;2;16;10;18;10;19;11;19;12;19;13;19;14;19;15;19;16;19;17;19;18;19;19;19;19;18;19;17;19;16;18;16;17;16;16;16;15;16;14;16;13;16;12;16;11;16;10;16;9;16
3;3;2;16;10;19;11;19;12;19;13;19;14;19;15;19;16;19;17;19;18;19;19;19;19;18;19;17;19;16;18;16;17;16;16;16;15;16;14;16;13;16;12;16;11;16;10;16;9;16;8;16
3;3;2;16;11;19;12;19;13;19;14;19;15;19;16;19;17;19;18;19;19;19;19;18;19;17;19;16;18;16;17;16;16;16;15;16;14;16;13;16;12;16;11;16;10;16;9;16;8;16;7;16
3;3;2;16;12;19;13;19;14;19;15;19;16;19;17;19;18;19;19;19;19;18;19;17;19;16;18;16;17;16;16;16;15;16;14;16;13;16;12;16;11;16;10;16;9;16;8;16;7;16;6;16
3;3;2;16;13;19;14;19;15;19;16;19;17;19;18;19;19;19;19;18;19;17;19;16;18;16;17;16;16;16;15;16;14;16;13;16;12;16;11;16;10;16;9;16;8;16;7;16;6;16;5;16
3;3;2;16;14;19;15;19;16;19;17;19;18;19;19;19;19;18;19;17;19;16;18;16;17;16;16;16;15;16;14;16;13;16;12;16;11;16;10;16;9;16;8;16;7;16;6;16;5;16;4;16
3;3;2;16;15;19;16;19;17;19;18;19;19;19;19;18;19;17;19;16;18;16;17;16;16;16;15;16;14;16;13;16;12;16;11;16;10;16;9;16;8;16;7;16;6;16;5;16;4;16;3;16
0;3;14;2;16;19;16;19;17;19;18;19;19;19;19;18;19;17;19;16;18;16;17;16;16;16;15;16;14;16;13;16;12;16;11;16;10;16;9;16;8;16;7;16;6;16;5;16;4;16;3;16;2;16
0;0;14;2;16;19;17;19;18;19;19;19;19;18;19;17;19;16;18;16;17;16;16;16;15;16;14;16;13;16;12;16;11;16;10;16;9;16;8;16;7;16;6;16;5;16;4;16;3;16;2;16;2;15
0;0;14;2;17;19;18;19;19;19;19;18;19;17;19;16;18;16;17;16;16;16;15;16;14;16;13;16;12;16;11;16;10;16;9;16;8;16;7;16;6;16;5;16;4;16;3;16;2;16;2;15;2;14
0;0;14;2;18;19;19;19;19;18;19;17;19;16;18;16;17;16;16;16;15;16;14;16;13;16;12;16;11;16;10;16;9;16;8;16;7;16;6;16;5;16;4;16;3;16;2;16;2;15;2;14;2;13
0;0;14;2;19;19;19;18;19;17;19;16;18;16;17;16;16;16;15;16;14;16;13;16;12;16;11;16;10;16;9;16;8;16;7;16;6;16;5;16;4;16;3;16;2;16;2;15;2;14;2;13;2;12
0;0;14;2;19;18;19;17;19;16;18;16;17;16;16;16;15;16;14;16;13;16;12;16;11;16;10;16;9;16;8;16;7;16;6;16;5;16;4;16;3;16;2;16;2;15;2;14;2;13;2;12;2;11
0;0;14;2;19;17;19;16;18;16;17;16;16;16;15;16;14;16;13;16;12;16;11;16;10;16;9;16;8;16;7;16;6;16;5;16;4;16;3;16;2;16;2;15;2;14;2;13;2;12;2;11;2;10
0;0;14;2;19;16;18;16;17;16;16;16;15;16;14;16;13;16;12;16;11;16;10;16;9;16;8;16;7;16;6;16;5;16;4;16;3;16;2;16;2;15;2;14;2;13;2;12;2;11;2;10;2;9
0;0;14;2;18;16;17;16;16;16;15;16;14;16;13;16;12;16;11;16;10;16;9;16;8;16;7;16;6;16;5;16;4;16;3;16;2;16;2;15;2;14;2;13;2;12;2;11;2;10;2;9;2;8
0;0;14;2;17;16;16;16;15;16;14;16;13;16;12;16;11;16;10;16;9;16;8;16;7;16;6;16;5;16;4;16;3;16;2;16;2;15;2;14;2;13;2;12;2;11;2;10;2;9;2;8;2;7
0;0;14;2;16;16;15;16;14;16;13;16;12;16;11;16;10;16;9;16;8;16;7;16;6;16;5;16;4;16;3;16;2;16;2;15;2;14;2;13;2;12;2;11;2;10;2;9;2;8;2;7;2;6
0;0;14;2;15;16;14;16;13;16;12;16;11;16;10;16;9;16;8;16;7;16;6;16;5;16;4;16;3;16;2;16;2;15;2;14;2;13;2;12;2;11;2;10;2;9;2;8;2;7;2;6;2;5
0;0;14;2;14;16;13;16;12;16;11;16;10;16;9;16;8;16;7;16;6;16;5;16;4;16;3;16;2;16;2;15;2;14;2;13;2;12;2;11;2;10;2;9;2;8;2;7;2;6;2;5;2;4
0;0;14;2;13;16;12;16;11;16;10;16;9;16;8;16;7;16;6;16;5;16;4;16;3;16;2;16;2;15;2;14;2;13;2;12;2;11;2;10;2;9;2;8;2;7;2;6;2;5;2;4;2;3
1;0;14;2;12;16;11;16;10;16;9;16;8;16;7;16;6;16;5;16;4;16;3;16;2;16;2;15;2;14;2;13;2;12;2;11;2;10;2;9;2;8;2;7;2;6;2;5;2;4;2;3;2;2
1;1;14;2;11;16;10;16;9;16;8;16;7;16;6;16;5;16;4;16;3;16;2;16;2;15;2;14;2;13;2;12;2;11;2;10;2;9;2;8;2;7;2;6;2;5;2;4;2;3;2;2;3;2
1;1;14;2;10;16;9;16;8;16;7;16;6;16;5;16;4;16;3;16;2;16;2;15;2;14;2;13;2;12;2;11;2;10;2;9;2;8;2;7;2;6;2;5;2;4;2;3;2;2;3;2;4;2
1;1;14;2;9;16;8;16;7;16;6;16;5;16;4;16;3;16;2;16;2;15;2;14;2;13;2;12;2;11;2;10;2;9;2;8;2;7;2;6;2;5;2;4;2;3;2;2;3;2;4;2;5;2
1;1;14;2;8;16;7;16;6;16;5;16;4;16;3;16;2;16;2;15;2;14;2;13;2;12;2;11;2;10;2;9;2;8;2;7;2;6;2;5;2;4;2;3;2;2;3;2;4;2;5;2;6;2
1;1;14;2;7;16;6;16;5;16;4;16;3;16;2;16;2;15;2;14;2;13;2;12;2;11;2;10;2;9;2;8;2;7;2;6;2;5;2;4;2;3;2;2;3;2;4;2;5;2;6;2;7;2
1;1;14;2;6;16;5;16;4;16;3;16;2;16;2;15;2;14;2;13;2;12;2;11;2;10;2;9;2;8;2;7;2;6;2;5;2;4;2;3;2;2;3;2;4;2;5;2;6;2;7;2;8;2
1;1;14;2;5;16;4;16;3;16;2;16;2;15;2;14;2;13;2;12;2;11;2;10;2;9;2;8;2;7;2;6;2;5;2;4;2;3;2;2;3;2;4;2;5;2;6;2;7;2;8;2;9;2
1;1;14;2;4;16;3;16;2;16;2;15;2;14;2;13;2;12;2;11;2;10;2;9;2;8;2;7;2;6;2;5;2;4;2;3;2;2;3;2;4;2;5;2;6;2;7;2;8;2;9;2;10;2
1;1;14;2;3;16;2;16;2;15;2;14;2;13;2;12;2;11;2;10;2;9;2;8;2;7;2;6;2;5;2;4;2;3;2;2;3;2;4;2;5;2;6;2;7;2;8;2;9;2;10;2;11;2
1;1;14;2;2;16;2;15;2;14;2;13;2;12;2;11;2;10;2;9;2;8;2;7;2;6;2;5;2;4;2;3;2;2;3;2;4;2;5;2;6;2;7;2;8;2;9;2;10;2;11;2;12;2
1;1;14;2;2;15;2;14;2;13;2;12;2;11;2;10;2;9;2;8;2;7;2;6;2;5;2;4;2;3;2;2;3;2;4;2;5;2;6;2;7;2;8;2;9;2;10;2;11;2;12;2;13;2
1;1;3;6;2;14;2;14;2;13;2;12;2;11;2;10;2;9;2;8;2;7;2;6;2;5;2;4;2;3;2;2;3;2;4;2;5;2;6;2;7;2;8;2;9;2;10;2;11;2;12;2;13;2;14;2
2;1;3;6;2;14;2;13;2;12;2;11;2;10;2;9;2;8;2;7;2;6;2;5;2;4;2;3;2;2;3;2;4;2;5;2;6;2;7;2;8;2;9;2;10;2;11;2;12;2;13;2;14;2;15;2
2;2;3;6;2;13;2;12;2;11;2;10;2;9;2;8;2;7;2;6;2;5;2;4;2;3;2;2;3;2;4;2;5;2;6;2;7;2;8;2;9;2;10;2;11;2;12;2;13;2;14;2;15;2;15;3
3;2;3;6;2;12;2;11;2;10;2;9;2;8;2;7;2;6;2;5;2;4;2;3;2;2;3;2;4;2;5;2;6;2;7;2;8;2;9;2;10;2;11;2;12;2;13;2;14;2;15;2;15;3;15;4
3;3;3;6;2;11;2;10;2;9;2;8;2;7;2;6;2;5;2;4;2;3;2;2;3;2;4;2;5;2;6;2;7;2;8;2;9;2;10;2;11;2;12;2;13;2;14;2;15;2;15;3;15;4;14;4
3;3;3;6;2;10;2;9;2;8;2;7;2;6;2;5;2;4;2;3;2;2;3;2;4;2;5;2;6;2;7;2;8;2;9;2;10;2;11;2;12;2;13;2;14;2;15;2;15;3;15;4;14;4;13;4
3;3;3;6;2;9;2;8;2;7;2;6;2;5;2;4;2;3;2;2;3;2;4;2;5;2;6;2;7;2;8;2;9;2;10;2;11;2;12;2;13;2;14;2;15;2;15;3;15;4;14;4;13;4;12;4
3;3;3;6;2;8;2;7;2;6;2;5;2;4;2;3;2;2;3;2;4;2;5;2;6;2;7;2;8;2;9;2;10;2;11;2;12;2;13;2;14;2;15;2;15;3;15;4;14;4;13;4;12;4;11;4
3;3;3;6;2;7;2;6;2;5;2;4;2;3;2;2;3;2;4;2;5;2;6;2;7;2;8;2;9;2;10;2;11;2;12;2;13;2;14;2;15;2;15;3;15;4;14;4;13;4;12;4;11;4;10;4
3;3;3;6;2;6;2;5;2;4;2;3;2;2;3;2;4;2;5;2;6;2;7;2;8;2;9;2;10;2;11;2;12;2;13;2;14;2;15;2;15;3;15;4;14;4;13;4;12;4;11;4;10;4;9;4
3;3;3;6;2;5;2;4;2;3;2;2;3;2;4;2;5;2;6;2;7;2;8;2;9;2;10;2;11;2;12;2;13;2;14;2;15;2;15;3;15;4;14;4;13;4;12;4;11;4;10;4;9;4;8;4
3;3;3;6;2;4;2;3;2;2;3;2;4;2;5;2;6;2;7;2;8;2;9;2;10;2;11;2;12;2;13;2;14;2;15;2;15;3;15;4;14;4;13;4;12;4;11;4;10;4;9;4;8;4;7;4
3;3;3;6;2;3;2;2;3;2;4;2;5;2;6;2;7;2;8;2;9;2;10;2;11;2;12;2;13;2;14;2;15;2;15;3;15;4;14;4;13;4;12;4;11;4;10;4;9;4;8;4;7;4;6;4
3;3;3;6;2;2;3;2;4;2;5;2;6;2;7;2;8;2;9;2;10;2;11;2;12;2;13;2;14;2;15;2;15;3;15;4;14;4;13;4;12;4;11;4;10;4;9;4;8;4;7;4;6;4;5;4
3;3;3;6;3;2;4;2;5;2;6;2;7;2;8;2;9;2;10;2;11;2;12;2;13;2;14;2;15;2;15;3;15;4;14;4;13;4;12;4;11;4;10;4;9;4;8;4;7;4;6;4;5;4;4;4
2;3;3;6;4;2;5;2;6;2;7;2;8;2;9;2;10;2;11;2;12;2;13;2;14;2;15;2;15;3;15;4;14;4;13;4;12;4;11;4;10;4;9;4;8;4;7;4;6;4;5;4;4;4;3;4
2;2;3;6;5;2;6;2;7;2;8;2;9;2;10;2;11;2;12;2;13;2;14;2;15;2;15;3;15;4;14;4;13;4;12;4;11;4;10;4;9;4;8;4;7;4;6;4;5;4;4;4;3;4;3;5
2;2;9;17;6;2;6;2;7;2;8;2;9;2;10;2;11;2;12;2;13;2;14;2;15;2;15;3;15;4;14;4;13;4;12;4;11;4;10;4;9;4;8;4;7;4;6;4;5;4;4;4;3;4;3;5;3;6
2;2;9;17;6;2;7;2;8;2;9;2;10;2;11;2;12;2;13;2;14;2;15;2;15;3;15;4;14;4;13;4;12;4;11;4;10;4;9;4;8;4;7;4;6;4;5;4;4;4;3;4;3;5;3;6;3;7
2;2;9;17;7;2;8;2;9;2;10;2;11;2;12;2;13;2;14;2;15;2;15;3;15;4;14;4;13;4;12;4;11;4;10;4;9;4;8;4;7;4;6;4;5;4;4;4;3;4;3;5;3;6;3;7;3;8
2;2;9;17;8;2;9;2;10;2;11;2;12;2;13;2;14;2;15;2;15;3;15;4;14;4;13;4;12;4;11;4;10;4;9;4;8;4;7;4;6;4;5;4;4;4;3;4;3;5;3;6;3;7;3;8;3;9
2;2;9;17;9;2;10;2;11;2;12;2;13;2;14;2;15;2;15;3;15;4;14;4;13;4;12;4;11;4;10;4;9;4;8;4;7;4;6;4;5;4;4;4;3;4;3;5;3;6;3;7;3;8;3;9;3;10
2;2;9;17;10;2;11;2;12;2;13;2;14;2;15;2;15;3;15;4;14;4;13;4;12;4;11;4;10;4;9;4;8;4;7;4;6;4;5;4;4;4;3;4;3;5;3;6;3;7;3;8;3;9;3;10;3;11
2;2;9;17;11;2;12;2;13;2;14;2;15;2;15;3;15;4;14;4;13;4;12;4;11;4;10;4;9;4;8;4;7;4;6;4;5;4;4;4;3;4;3;5;3;6;3;7;3;8;3;9;3;10;3;11;3;12
2;2;9;17;12;2;13;2;14;2;15;2;15;3;15;4;14;4;13;4;12;4;11;4;10;4;9;4;8;4;7;4;6;4;5;4;4;4;3;4;3;5;3;6;3;7;3;8;3;9;3;10;3;11;3;12;3;13
2;2;9;17;13;2;14;2;15;2;15;3;15;4;14;4;13;4;12;4;11;4;10;4;9;4;8;4;7;4;6;4;5;4;4;4;3;4;3;5;3;6;3;7;3;8;3;9;3;10;3;11;3;12;3;13;3;14
2;2;9;17;14;2;15;2;15;3;15;4;14;4;13;4;12;4;11;4;10;4;9;4;8;4;7;4;6;4;5;4;4;4;3;4;3;5;3;6;3;7;3;8;3;9;3;10;3;11;3;12;3;13;3;14;3;15
2;2;9;17;15;2;15;3;15;4;14;4;13;4;12;4;11;4;10;4;9;4;8;4;7;4;6;4;5;4;4;4;3;4;3;5;3;6;3;7;3;8;3;9;3;10;3;11;3;12;3;13;3;14;3;15;3;16
1;2;9;17;15;3;15;4;14;4;13;4;12;4;11;4;10;4;9;4;8;4;7;4;6;4;5;4;4;4;3;4;3;5;3;6;3;7;3;8;3;9;3;10;3;11;3;12;3;13;3;14;3;15;3;16;3;17
1;1;9;17;15;4;14;4;13;4;12;4;11;4;10;4;9;4;8;4;7;4;6;4;5;4;4;4;3;4;3;5;3;6;3;7;3;8;3;9;3;10;3;11;3;12;3;13;3;14;3;15;3;16;3;17;4;17
1;1;9;17;14;4;13;4;12;4;11;4;10;4;9;4;8;4;7;4;6;4;5;4;4;4;3;4;3;5;3;6;3;7;3;8;3;9;3;10;3;11;3;12;3;13;3;14;3;15;3;16;3;17;4;17;5;17
1;1;9;17;13;4;12;4;11;4;10;4;9;4;8;4;7;4;6;4;5;4;4;4;3;4;3;5;3;6;3;7;3;8;3;9;3;10;3;11;3;12;3;13;3;14;3;15;3;16;3;17;4;17;5;17;6;17
1;1;9;17;12;4;11;4;10;4;9;4;8;4;7;4;6;4;5;4;4;4;3;4;3;5;3;6;3;7;3;8;3;9;3;10;3;11;3;12;3;13;3;14;3;15;3;16;3;17;4;17;5;17;6;17;7;17
1;1;9;17;11;4;10;4;9;4;8;4;7;4;6;4;5;4;4;4;3;4;3;5;3;6;3;7;3;8;3;9;3;10;3;11;3;12;3;13;3;14;3;15;3;16;3;17;4;17;5;17;6;17;7;17;8;17
1;1;0;8;10;4;10;4;9;4;8;4;7;4;6;4;5;4;4;4;3;4;3;5;3;6;3;7;3;8;3;9;3;10;3;11;3;12;3;13;3;14;3;15;3;16;3;17;4;17;5;17;6;17;7;17;8;17;9;17
1;1;0;8;10;4;9;4;8;4;7;4;6;4;5;4;4;4;3;4;3;5;3;6;3;7;3;8;3;9;3;10;3;11;3;12;3;13;3;14;3;15;3;16;3;17;4;17;5;17;6;17;7;17;8;17;9;17;10;17
1;1;0;8;9;4;8;4;7;4;6;4;5;4;4;4;3;4;3;5;3;6;3;7;3;8;3;9;3;10;3;11;3;12;3;13;3;14;3;15;3;16;3;17;4;17;5;17;6;17;7;17;8;17;9;17;10;17;11;17
0;1;0;8;8;4;7;4;6;4;5;4;4;4;3;4;3;5;3;6;3;7;3;8;3;9;3;10;3;11;3;12;3;13;3;14;3;15;3;16;3;17;4;17;5;17;6;17;7;17;8;17;9;17;10;17;11;17;12;17
0;0;0;8;7;4;6;4;5;4;4;4;3;4;3;5;3;6;3;7;3;8;3;9;3;10;3;11;3;12;3;13;3;14;3;15;3;16;3;17;4;17;5;17;6;17;7;17;8;17;9;17;10;17;11;17;12;17;12;16
0;0;0;8;6;4;5;4;4;4;3;4;3;5;3;6;3;7;3;8;3;9;3;10;3;11;3;12;3;13;3;14;3;15;3;16;3;17;4;17;5;17;6;17;7;17;8;17;9;17;10;17;11;17;12;17;12;16;12;15
0;0;0;8;5;4;4;4;3;4;3;5;3;6;3;7;3;8;3;9;3;10;3;11;3;12;3;13;3;14;3;15;3;16;3;17;4;17;5;17;6;17;7;17;8;17;9;17;10;17;11;17;12;17;12;16;12;15;12;14
0;0;0;8;4;4;3;4;3;5;3;6;3;7;3;8;3;9;3;10;3;11;3;12;3;13;3;14;3;15;3;16;3;17;4;17;5;17;6;17;7;17;8;17;9;17;10;17;11;17;12;17;12;16;12;15;12;14;12;13
0;0;0;8;3;4;3;5;3;6;3;7;3;8;3;9;3;10;3;11;3;12;3;13;3;14;3;15;3;16;3;17;4;17;5;17;6;17;7;17;8;17;9;17;10;17;11;17;12;17;12;16;12;15;12;14;12;13;12;12
0;0;0;8;3;5;3;6;3;7;3;8;3;9;3;10;3;11;3;12;3;13;3;14;3;15;3;16;3;17;4;17;5;17;6;17;7;17;8;17;9;17;10;17;11;17;12;17;12;16;12;15;12;14;12;13;12;12;12;11
0;0;0;8;3;6;3;7;3;8;3;9;3;10;3;11;3;12;3;13;3;14;3;15;3;16;3;17;4;17;5;17;6;17;7;17;8;17;9;17;10;17;11;17;12;17;12;16;12;15;12;14;12;13;12;12;12;11;12;10
0;0;0;8;3;7;3;8;3;9;3;10;3;11;3;12;3;13;3;14;3;15;3;16;3;17;4;17;5;17;6;17;7;17;8;17;9;17;10;17;11;17;12;17;12;16;12;15;12;14;12;13;12;12;12;11;12;10;12;9
0;0;0;8;3;8;3;9;3;10;3;11;3;12;3;13;3;14;3;15;3;16;3;17;4;17;5;17;6;17;7;17;8;17;9;17;10;17;11;17;12;17;12;16;12;15;12;14;12;13;12;12;12;11;12;10;12;9;12;8
3;0;0;8;3;9;3;10;3;11;3;12;3;13;3;14;3;15;3;16;3;17;4;17;5;17;6;17;7;17;8;17;9;17;10;17;11;17;12;17;12;16;12;15;12;14;12;13;12;12;12;11;12;10;12;9;12;8;12;7
3;3;0;8;3;10;3;11;3;12;3;13;3;14;3;15;3;16;3;17;4;17;5;17;6;17;7;17;8;17;9;17;10;17;11;17;12;17;12;16;12;15;12;14;12;13;12;12;12;11;12;10;12;9;12;8;12;7;11;7
3;3;0;8;3;11;3;12;3;13;3;14;3;15;3;16;3;17;4;17;5;17;6;17;7;17;8;17;9;17;10;17;11;17;12;17;12;16;12;15;12;14;12;13;12;12;12;11;12;10;12;9;12;8;12;7;11;7;10;7
3;3;0;8;3;12;3;13;3;14;3;15;3;16;3;17;4;17;5;17;6;17;7;17;8;17;9;17;10;17;11;17;12;17;12;16;12;15;12;14;12;13;12;12;12;11;12;10;12;9;12;8;12;7;11;7;10;7;9;7
3;3;0;8;3;13;3;14;3;15;3;16;3;17;4;17;5;17;6;17;7;17;8;17;9;17;10;17;11;17;12;17;12;16;12;15;12;14;12;13;12;12;12;11;12;10;12;9;12;8;12;7;11;7;10;7;9;7;8;7
3;3;0;8;3;14;3;15;3;16;3;17;4;17;5;17;6;17;7;17;8;17;9;17;10;17;11;17;12;17;12;16;12;15;12;14;12;13;12;12;12;11;12;10;12;9;12;8;12;7;11;7;10;7;9;7;8;7;7;7
3;3;0;8;3;15;3;16;3;17;4;17;5;17;6;17;7;17;8;17;9;17;10;17;11;17;12;17;12;16;12;15;12;14;12;13;12;12;12;11;12;10;12;9;12;8;12;7;11;7;10;7;9;7;8;7;7;7;6;7
3;3;0;8;3;16;3;17;4;17;5;17;6;17;7;17;8;17;9;17;10;17;11;17;12;17;12;16;12;15;12;14;12;13;12;12;12;11;12;10;12;9;12;8;12;7;11;7;10;7;9;7;8;7;7;7;6;7;5;7
3;3;0;8;3;17;4;17;5;17;6;17;7;17;8;17;9;17;10;17;11;17;12;17;12;16;12;15;12;14;12;13;12;12;12;11;12;10;12;9;12;8;12;7;11;7;10;7;9;7;8;7;7;7;6;7;5;7;4;7
3;3;0;8;4;17;5;17;6;17;7;17;8;17;9;17;10;17;11;17;12;17;12;16;12;15;12;14;12;13;12;12;12;11;12;10;12;9;12;8;12;7;11;7;10;7;9;7;8;7;7;7;6;7;5;7;4;7;3;7
3;3;0;8;5;17;6;17;7;17;8;17;9;17;10;17;11;17;12;17;12;16;12;15;12;14;12;13;12;12;12;11;12;10;12;9;12;8;12;7;11;7;10;7;9;7;8;7;7;7;6;7;5;7;4;7;3;7;2;7
3;3;0;8;6;17;7;17;8;17;9;17;10;17;11;17;12;17;12;16;12;15;12;14;12;13;12;12;12;11;12;10;12;9;12;8;12;7;11;7;10;7;9;7;8;7;7;7;6;7;5;7;4;7;3;7;2;7;1;7
2;3;0;8;7;17;8;17;9;17;10;17;11;17;12;17;12;16;12;15;12;14;12;13;12;12;12;11;12;10;12;9;12;8;12;7;11;7;10;7;9;7;8;7;7;7;6;7;5;7;4;7;3;7;2;7;1;7;0;7
2;2;18;2;8;17;8;17;9;17;10;17;11;17;12;17;12;16;12;15;12;14;12;13;12;12;12;11;12;10;12;9;12;8;12;7;11;7;10;7;9;7;8;7;7;7;6;7;5;7;4;7;3;7;2;7;1;7;0;7;0;8
2;2;18;2;8;17;9;17;10;17;11;17;12;17;12;16;12;15;12;14;12;13;12;12;12;11;12;10;12;9;12;8;12;7;11;7;10;7;9;7;8;7;7;7;6;7;5;7;4;7;3;7;2;7;1;7;0;7;0;8;0;9
2;2;18;2;9;17;10;17;11;17;12;17;12;16;12;15;12;14;12;13;12;12;12;11;12;10;12;9;12;8;12;7;11;7;10;7;9;7;8;7;7;7;6;7;5;7;4;7;3;7;2;7;1;7;0;7;0;8;0;9;0;10
2;2;18;2;10;17;11;17;12;17;12;16;12;15;12;14;12;13;12;12;12;11;12;10;12;9;12;8;12;7;11;7;10;7;9;7;8;7;7;7;6;7;5;7;4;7;3;7;2;7;1;7;0;7;0;8;0;9;0;10;0;11
2;2;18;2;11;17;12;17;12;16;12;15;12;14;12;13;12;12;12;11;12;10;12;9;12;8;12;7;11;7;10;7;9;7;8;7;7;7;6;7;5;7;4;7;3;7;2;7;1;7;0;7;0;8;0;9;0;10;0;11;0;12
2;2;18;2;12;17;12;16;12;15;12;14;12;13;12;12;12;11;12;10;12;9;12;8;12;7;11;7;10;7;9;7;8;7;7;7;6;7;5;7;4;7;3;7;2;7;1;7;0;7;0;8;0;9;0;10;0;11;0;12;0;13
2;2;18;2;12;16;12;15;12;14;12;13;12;12;12;11;12;10;12;9;12;8;12;7;11;7;10;7;9;7;8;7;7;7;6;7;5;7;4;7;3;7;2;7;1;7;0;7;0;8;0;9;0;10;0;11;0;12;0;13;0;14
1;2;18;2;12;15;12;14;12;13;12;12;12;11;12;10;12;9;12;8;12;7;11;7;10;7;9;7;8;7;7;7;6;7;5;7;4;7;3;7;2;7;1;7;0;7;0;8;0;9;0;10;0;11;0;12;0;13;0;14;0;15
1;1;18;2;12;14;12;13;12;12;12;11;12;10;12;9;12;8;12;7;11;7;10;7;9;7;8;7;7;7;6;7;5;7;4;7;3;7;2;7;1;7;0;7;0;8;0;9;0;10;0;11;0;12;0;13;0;14;0;15;1;15
1;1;18;2;12;13;12;12;12;11;12;10;12;9;12;8;12;7;11;7;10;7;9;7;8;7;7;7;6;7;5;7;4;7;3;7;2;7;1;7;0;7;0;8;0;9;0;10;0;11;0;12;0;13;0;14;0;15;1;15;2;15
1;1;18;2;12;12;12;11;12;10;12;9;12;8;12;7;11;7;10;7;9;7;8;7;7;7;6;7;5;7;4;7;3;7;2;7;1;7;0;7;0;8;0;9;0;10;0;11;0;12;0;13;0;14;0;15;1;15;2;15;3;15
1;1;18;2;12;11;12;10;12;9;12;8;12;7;11;7;10;7;9;7;8;7;7;7;6;7;5;7;4;7;3;7;2;7;1;7;0;7;0;8;0;9;0;10;0;11;0;12;0;13;0;14;0;15;1;15;2;15;3;15;4;15
1;1;18;2;12;10;12;9;12;8;12;7;11;7;10;7;9;7;8;7;7;7;6;7;5;7;4;7;3;7;2;7;1;7;0;7;0;8;0;9;0;10;0;11;0;12;0;13;0;14;0;15;1;15;2;15;3;15;4;15;5;15
1;1;18;2;12;9;12;8;12;7;11;7;10;7;9;7;8;7;7;7;6;7;5;7;4;7;3;7;2;7;1;7;0;7;0;8;0;9;0;10;0;11;0;12;0;13;0;14;0;15;1;15;2;15;3;15;4;15;5;15;6;15
1;1;18;2;12;8;12;7;11;7;10;7;9;7;8;7;7;7;6;7;5;7;4;7;3;7;2;7;1;7;0;7;0;8;0;9;0;10;0;11;0;12;0;13;0;14;0;15;1;15;2;15;3;15;4;15;5;15;6;15;7;15
1;1;18;2;12;7;11;7;10;7;9;7;8;7;7;7;6;7;5;7;4;7;3;7;2;7;1;7;0;7;0;8;0;9;0;10;0;11;0;12;0;13;0;14;0;15;1;15;2;15;3;15;4;15;5;15;6;15;7;15;8;15
1;1;18;2;11;7;10;7;9;7;8;7;7;7;6;7;5;7;4;7;3;7;2;7;1;7;0;7;0;8;0;9;0;10;0;11;0;12;0;13;0;14;0;15;1;15;2;15;3;15;4;15;5;15;6;15;7;15;8;15;9;15
1;1;18;2;10;7;9;7;8;7;7;7;6;7;5;7;4;7;3;7;2;7;1;7;0;7;0;8;0;9;0;10;0;11;0;12;0;13;0;14;0;15;1;15;2;15;3;15;4;15;5;15;6;15;7;15;8;15;9;15;10;15
1;1;18;2;9;7;8;7;7;7;6;7;5;7;4;7;3;7;2;7;1;7;0;7;0;8;0;9;0;10;0;11;0;12;0;13;0;14;0;15;1;15;2;15;3;15;4;15;5;15;6;15;7;15;8;15;9;15;10;15;11;15
1;1;18;2;8;7;7;7;6;7;5;7;4;7;3;7;2;7;1;7;0;7;0;8;0;9;0;10;0;11;0;12;0;13;0;14;0;15;1;15;2;15;3;15;4;15;5;15;6;15;7;15;8;15;9;15;10;15;11;15;12;15
1;1;18;2;7;7;6;7;5;7;4;7;3;7;2;7;1;7;0;7;0;8;0;9;0;10;0;11;0;12;0;13;0;14;0;15;1;15;2;15;3;15;4;15;5;15;6;15;7;15;8;15;9;15;10;15;11;15;12;15;13;15
1;1;18;2;6;7;5;7;4;7;3;7;2;7;1;7;0;7;0;8;0;9;0;10;0;11;0;12;0;13;0;14;0;15;1;15;2;15;3;15;4;15;5;15;6;15;7;15;8;15;9;15;10;15;11;15;12;15;13;15;14;15
1;1;18;2;5;7;4;7;3;7;2;7;1;7;0;7;0;8;0;9;0;10;0;11;0;12;0;13;0;14;0;15;1;15;2;15;3;15;4;15;5;15;6;15;7;15;8;15;9;15;10;15;11;15;12;15;13;15;14;15;15;15
1;1;18;2;4;7;3;7;2;7;1;7;0;7;0;8;0;9;0;10;0;11;0;12;0;13;0;14;0;15;1;15;2;15;3;15;4;15;5;15;6;15;7;15;8;15;9;15;10;15;11;15;12;15;13;15;14;15;15;15;16;15
1;1;18;2;3;7;2;7;1;7;0;7;0;8;0;9;0;10;0;11;0;12;0;13;0;14;0;15;1;15;2;15;3;15;4;15;5;15;6;15;7;15;8;15;9;15;10;15;11;15;12;15;13;15;14;15;15;15;16;15;17;15
0;1;18;2;2;7;1;7;0;7;0;8;0;9;0;10;0;11;0;12;0;13;0;14;0;15;1;15;2;15;3;15;4;15;5;15;6;15;7;15;8;15;9;15;10;15;11;15;12;15;13;15;14;15;15;15;16;15;17;15;18;15
0;0;18;2;1;7;0;7;0;8;0;9;0;10;0;11;0;12;0;13;0;14;0;15;1;15;2;15;3;15;4;15;5;15;6;15;7;15;8;15;9;15;10;15;11;15;12;15;13;15;14;15;15;15;16;15;17;15;18;15;18;14
0;0;18;2;0;7;0;8;0;9;0;10;0;11;0;12;0;13;0;14;0;15;1;15;2;15;3;15;4;15;5;15;6;15;7;15;8;15;9;15;10;15;11;15;12;15;13;15;14;15;15;15;16;15;17;15;18;15;18;14;18;13
0;0;18;2;0;8;0;9;0;10;0;11;0;12;0;13;0;14;0;15;1;15;2;15;3;15;4;15;5;15;6;15;7;15;8;15;9;15;10;15;11;15;12;15;13;15;14;15;15;15;16;15;17;15;18;15;18;14;18;13;18;12
0;0;18;2;0;9;0;10;0;11;0;12;0;13;0;14;0;15;1;15;2;15;3;15;4;15;5;15;6;15;7;15;8;15;9;15;10;15;11;15;12;15;13;15;14;15;15;15;16;15;17;15;18;15;18;14;18;13;18;12;18;11
0;0;18;2;0;10;0;11;0;12;0;13;0;14;0;15;1;15;2;15;3;15;4;15;5;15;6;15;7;15;8;15;9;15;10;15;11;15;12;15;13;15;14;15;15;15;16;15;17;15;18;15;18;14;18;13;18;12;18;11;18;10
0;0;18;2;0;11;0;12;0;13;0;14;0;15;1;15;2;15;3;15;4;15;5;15;6;15;7;15;8;15;9;15;10;15;11;15;12;15;13;15;14;15;15;15;16;15;17;15;18;15;18;14;18;13;18;12;18;11;18;10;18;9
0;0;18;2;0;12;0;13;0;14;0;15;1;15;2;15;3;15;4;15;5;15;6;15;7;15;8;15;9;15;10;15;11;15;12;15;13;15;14;15;15;15;16;15;17;15;18;15;18;14;18;13;18;12;18;11;18;10;18;9;18;8
0;0;18;2;0;13;0;14;0;15;1;15;2;15;3;15;4;15;5;15;6;15;7;15;8;15;9;15;10;15;11;15;12;15;13;15;14;15;15;15;16;15;17;15;18;15;18;14;18;13;18;12;18;11;18;10;18;9;18;8;18;7
0;0;18;2;0;14;0;15;1;15;2;15;3;15;4;15;5;15;6;15;7;15;8;15;9;15;10;15;11;15;12;15;13;15;14;15;15;15;16;15;17;15;18;15;18;14;18;13;18;12;18;11;18;10;18;9;18;8;18;7;18;6
0;0;18;2;0;15;1;15;2;15;3;15;4;15;5;15;6;15;7;15;8;15;9;15;10;15;11;15;12;15;13;15;14;15;15;15;16;15;17;15;18;15;18;14;18;13;18;12;18;11;18;10;18;9;18;8;18;7;18;6;18;5
0;0;18;2;1;15;2;15;3;15;4;15;5;15;6;15;7;15;8;15;9;15;10;15;11;15;12;15;13;15;14;15;15;15;16;15;17;15;18;15;18;14;18;13;18;12;18;11;18;10;18;9;18;8;18;7;18;6;18;5;18;4
0;0;18;2;2;15;3;15;4;15;5;15;6;15;7;15;8;15;9;15;10;15;11;15;12;15;13;15;14;15;15;15;16;15;17;15;18;15;18;14;18;13;18;12;18;11;18;10;18;9;18;8;18;7;18;6;18;5;18;4;18;3
3;0;16;3;3;15;3;15;4;15;5;15;6;15;7;15;8;15;9;15;10;15;11;15;12;15;13;15;14;15;15;15;16;15;17;15;18;15;18;14;18;13;18;12;18;11;18;10;18;9;18;8;18;7;18;6;18;5;18;4;18;3;18;2
3;3;16;3;3;15;4;15;5;15;6;15;7;15;8;15;9;15;10;15;11;15;12;15;13;15;14;15;15;15;16;15;17;15;18;15;18;14;18;13;18;12;18;11;18;10;18;9;18;8;18;7;18;6;18;5;18;4;18;3;18;2;17;2
3;3;16;3;4;15;5;15;6;15;7;15;8;15;9;15;10;15;11;15;12;15;13;15;14;15;15;15;16;15;17;15;18;15;18;14;18;13;18;12;18;11;18;10;18;9;18;8;18;7;18;6;18;5;18;4;18;3;18;2;17;2;16;2
0;3;16;3;5;15;6;15;7;15;8;15;9;15;10;15;11;15;12;15;13;15;14;15;15;15;16;15;17;15;18;15;18;14;18;13;18;12;18;11;18;10;18;9;18;8;18;7;18;6;18;5;18;4;18;3;18;2;17;2;16;2;15;2
0;0;16;3;6;15;7;15;8;15;9;15;10;15;11;15;12;15;13;15;14;15;15;15;16;15;17;15;18;15;18;14;18;13;18;12;18;11;18;10;18;9;18;8;18;7;18;6;18;5;18;4;18;3;18;2;17;2;16;2;15;2;15;1
0;0;16;3;7;15;8;15;9;15;10;15;11;15;12;15;13;15;14;15;15;15;16;15;17;15;18;15;18;14;18;13;18;12;18;11;18;10;18;9;18;8;18;7;18;6;18;5;18;4;18;3;18;2;17;2;16;2;15;2;15;1;15;0
