20
1;1;6;2;8;10;9;10;10;10
1;1;6;2;9;10;10;10;11;10
1;1;6;2;10;10;11;10;12;10
1;1;6;2;11;10;12;10;13;10
1;1;6;2;12;10;13;10;14;10
0;1;6;2;13;10;14;10;15;10
0;0;6;2;14;10;15;10;15;9
0;0;6;2;15;10;15;9;15;8
0;0;6;2;15;9;15;8;15;7
0;0;6;2;15;8;15;7;15;6
0;0;6;2;15;7;15;6;15;5
0;0;6;2;15;6;15;5;15;4
0;0;6;2;15;5;15;4;15;3
3;0;6;2;15;4;15;3;15;2
3;3;6;2;15;3;15;2;14;2
3;3;6;2;15;2;14;2;13;2
3;3;6;2;14;2;13;2;12;2
3;3;6;2;13;2;12;2;11;2
3;3;6;2;12;2;11;2;10;2
3;3;6;2;11;2;10;2;9;2
3;3;6;2;10;2;9;2;8;2
3;3;6;2;9;2;8;2;7;2
3;3;16;0;8;2;8;2;7;2;6;2
3;3;16;0;8;2;7;2;6;2;5;2
2;3;16;0;7;2;6;2;5;2;4;2
2;2;16;0;6;2;5;2;4;2;4;3
2;2;16;0;5;2;4;2;4;3;4;4
2;2;16;0;4;2;4;3;4;4;4;5
1;2;16;0;4;3;4;4;4;5;4;6
1;1;16;0;4;4;4;5;4;6;5;6
0;1;16;0;4;5;4;6;5;6;6;6
0;0;16;0;4;6;5;6;6;6;6;5
0;0;16;0;5;6;6;6;6;5;6;4
0;0;16;0;6;6;6;5;6;4;6;3
0;0;16;0;6;5;6;4;6;3;6;2
1;0;16;0;6;4;6;3;6;2;6;1
1;1;16;0;6;3;6;2;6;1;7;1
1;1;16;0;6;2;6;1;7;1;8;1
1;1;16;0;6;1;7;1;8;1;9;1
1;1;16;0;7;1;8;1;9;1;10;1
1;1;16;0;8;1;9;1;10;1;11;1
1;1;16;0;9;1;10;1;11;1;12;1
1;1;16;0;10;1;11;1;12;1;13;1
1;1;16;0;11;1;12;1;13;1;14;1
1;1;16;0;12;1;13;1;14;1;15;1
0;1;16;0;13;1;14;1;15;1;16;1
3;0;15;13;14;1;14;1;15;1;16;1;16;0
3;3;15;13;14;1;15;1;16;1;16;0;15;0
3;3;15;13;15;1;16;1;16;0;15;0;14;0
3;3;15;13;16;1;16;0;15;0;14;0;13;0
2;3;15;13;16;0;15;0;14;0;13;0;12;0
2;2;15;13;15;0;14;0;13;0;12;0;12;1
1;2;15;13;14;0;13;0;12;0;12;1;12;2
1;1;15;13;13;0;12;0;12;1;12;2;13;2
1;1;15;13;12;0;12;1;12;2;13;2;14;2
2;1;15;13;12;1;12;2;13;2;14;2;15;2
2;2;15;13;12;2;13;2;14;2;15;2;15;3
2;2;15;13;13;2;14;2;15;2;15;3;15;4
2;2;15;13;14;2;15;2;15;3;15;4;15;5
2;2;15;13;15;2;15;3;15;4;15;5;15;6
2;2;15;13;15;3;15;4;15;5;15;6;15;7
2;2;15;13;15;4;15;5;15;6;15;7;15;8
2;2;15;13;15;5;15;6;15;7;15;8;15;9
2;2;15;13;15;6;15;7;15;8;15;9;15;10
2;2;15;13;15;7;15;8;15;9;15;10;15;11
2;2;15;13;15;8;15;9;15;10;15;11;15;12
3;2;2;1;15;9;15;9;15;10;15;11;15;12;15;13
3;3;2;1;15;9;15;10;15;11;15;12;15;13;14;13
3;3;2;1;15;10;15;11;15;12;15;13;14;13;13;13
3;3;2;1;15;11;15;12;15;13;14;13;13;13;12;13
3;3;2;1;15;12;15;13;14;13;13;13;12;13;11;13
3;3;2;1;15;13;14;13;13;13;12;13;11;13;10;13
3;3;2;1;14;13;13;13;12;13;11;13;10;13;9;13
3;3;2;1;13;13;12;13;11;13;10;13;9;13;8;13
3;3;2;1;12;13;11;13;10;13;9;13;8;13;7;13
3;3;2;1;11;13;10;13;9;13;8;13;7;13;6;13
3;3;2;1;10;13;9;13;8;13;7;13;6;13;5;13
3;3;2;1;9;13;8;13;7;13;6;13;5;13;4;13
3;3;2;1;8;13;7;13;6;13;5;13;4;13;3;13
0;3;2;1;7;13;6;13;5;13;4;13;3;13;2;13
0;0;2;1;6;13;5;13;4;13;3;13;2;13;2;12
0;0;2;1;5;13;4;13;3;13;2;13;2;12;2;11
0;0;2;1;4;13;3;13;2;13;2;12;2;11;2;10
0;0;2;1;3;13;2;13;2;12;2;11;2;10;2;9
0;0;2;1;2;13;2;12;2;11;2;10;2;9;2;8
0;0;2;1;2;12;2;11;2;10;2;9;2;8;2;7
0;0;2;1;2;11;2;10;2;9;2;8;2;7;2;6
0;0;2;1;2;10;2;9;2;8;2;7;2;6;2;5
0;0;2;1;2;9;2;8;2;7;2;6;2;5;2;4
0;0;2;1;2;8;2;7;2;6;2;5;2;4;2;3
0;0;2;1;2;7;2;6;2;5;2;4;2;3;2;2
1;0;2;17;2;6;2;6;2;5;2;4;2;3;2;2;2;1
1;1;2;17;2;6;2;5;2;4;2;3;2;2;2;1;3;1
1;1;2;17;2;5;2;4;2;3;2;2;2;1;3;1;4;1
2;1;2;17;2;4;2;3;2;2;2;1;3;1;4;1;5;1
2;2;2;17;2;3;2;2;2;1;3;1;4;1;5;1;5;2
2;2;2;17;2;2;2;1;3;1;4;1;5;1;5;2;5;3
3;2;2;17;2;1;3;1;4;1;5;1;5;2;5;3;5;4
3;3;2;17;3;1;4;1;5;1;5;2;5;3;5;4;4;4
3;3;2;17;4;1;5;1;5;2;5;3;5;4;4;4;3;4
2;3;2;17;5;1;5;2;5;3;5;4;4;4;3;4;2;4
2;2;2;17;5;2;5;3;5;4;4;4;3;4;2;4;2;5
2;2;2;17;5;3;5;4;4;4;3;4;2;4;2;5;2;6
2;2;2;17;5;4;4;4;3;4;2;4;2;5;2;6;2;7
2;2;2;17;4;4;3;4;2;4;2;5;2;6;2;7;2;8
2;2;2;17;3;4;2;4;2;5;2;6;2;7;2;8;2;9
2;2;2;17;2;4;2;5;2;6;2;7;2;8;2;9;2;10
2;2;2;17;2;5;2;6;2;7;2;8;2;9;2;10;2;11
2;2;2;17;2;6;2;7;2;8;2;9;2;10;2;11;2;12
2;2;2;17;2;7;2;8;2;9;2;10;2;11;2;12;2;13
2;2;2;17;2;8;2;9;2;10;2;11;2;12;2;13;2;14
2;2;2;17;2;9;2;10;2;11;2;12;2;13;2;14;2;15
2;2;2;17;2;10;2;11;2;12;2;13;2;14;2;15;2;16
1;2;9;14;2;11;2;11;2;12;2;13;2;14;2;15;2;16;2;17
1;1;9;14;2;11;2;12;2;13;2;14;2;15;2;16;2;17;3;17
1;1;9;14;2;12;2;13;2;14;2;15;2;16;2;17;3;17;4;17
1;1;9;14;2;13;2;14;2;15;2;16;2;17;3;17;4;17;5;17
1;1;9;14;2;14;2;15;2;16;2;17;3;17;4;17;5;17;6;17
1;1;9;14;2;15;2;16;2;17;3;17;4;17;5;17;6;17;7;17
1;1;9;14;2;16;2;17;3;17;4;17;5;17;6;17;7;17;8;17
0;1;9;14;2;17;3;17;4;17;5;17;6;17;7;17;8;17;9;17
0;0;9;14;3;17;4;17;5;17;6;17;7;17;8;17;9;17;9;16
0;0;9;14;4;17;5;17;6;17;7;17;8;17;9;17;9;16;9;15
0;0;9;10;5;17;5;17;6;17;7;17;8;17;9;17;9;16;9;15;9;14
0;0;9;10;5;17;6;17;7;17;8;17;9;17;9;16;9;15;9;14;9;13
0;0;9;10;6;17;7;17;8;17;9;17;9;16;9;15;9;14;9;13;9;12
0;0;9;10;7;17;8;17;9;17;9;16;9;15;9;14;9;13;9;12;9;11
0;0;17;14;8;17;8;17;9;17;9;16;9;15;9;14;9;13;9;12;9;11;9;10
0;0;17;14;8;17;9;17;9;16;9;15;9;14;9;13;9;12;9;11;9;10;9;9
0;0;17;14;9;17;9;16;9;15;9;14;9;13;9;12;9;11;9;10;9;9;9;8
1;0;17;14;9;16;9;15;9;14;9;13;9;12;9;11;9;10;9;9;9;8;9;7
1;1;17;14;9;15;9;14;9;13;9;12;9;11;9;10;9;9;9;8;9;7;10;7
1;1;17;14;9;14;9;13;9;12;9;11;9;10;9;9;9;8;9;7;10;7;11;7
1;1;17;14;9;13;9;12;9;11;9;10;9;9;9;8;9;7;10;7;11;7;12;7
1;1;17;14;9;12;9;11;9;10;9;9;9;8;9;7;10;7;11;7;12;7;13;7
1;1;17;14;9;11;9;10;9;9;9;8;9;7;10;7;11;7;12;7;13;7;14;7
1;1;17;14;9;10;9;9;9;8;9;7;10;7;11;7;12;7;13;7;14;7;15;7
1;1;17;14;9;9;9;8;9;7;10;7;11;7;12;7;13;7;14;7;15;7;16;7
2;1;17;14;9;8;9;7;10;7;11;7;12;7;13;7;14;7;15;7;16;7;17;7
2;2;17;14;9;7;10;7;11;7;12;7;13;7;14;7;15;7;16;7;17;7;17;8
2;2;17;14;10;7;11;7;12;7;13;7;14;7;15;7;16;7;17;7;17;8;17;9
2;2;17;14;11;7;12;7;13;7;14;7;15;7;16;7;17;7;17;8;17;9;17;10
2;2;17;14;12;7;13;7;14;7;15;7;16;7;17;7;17;8;17;9;17;10;17;11
2;2;17;14;13;7;14;7;15;7;16;7;17;7;17;8;17;9;17;10;17;11;17;12
2;2;17;14;14;7;15;7;16;7;17;7;17;8;17;9;17;10;17;11;17;12;17;13
2;2;3;6;15;7;15;7;16;7;17;7;17;8;17;9;17;10;17;11;17;12;17;13;17;14
2;2;3;6;15;7;16;7;17;7;17;8;17;9;17;10;17;11;17;12;17;13;17;14;17;15
3;2;3;6;16;7;17;7;17;8;17;9;17;10;17;11;17;12;17;13;17;14;17;15;17;16
3;3;3;6;17;7;17;8;17;9;17;10;17;11;17;12;17;13;17;14;17;15;17;16;16;16
3;3;3;6;17;8;17;9;17;10;17;11;17;12;17;13;17;14;17;15;17;16;16;16;15;16
3;3;3;6;17;9;17;10;17;11;17;12;17;13;17;14;17;15;17;16;16;16;15;16;14;16
0;3;3;6;17;10;17;11;17;12;17;13;17;14;17;15;17;16;16;16;15;16;14;16;13;16
0;0;3;6;17;11;17;12;17;13;17;14;17;15;17;16;16;16;15;16;14;16;13;16;13;15
0;0;3;6;17;12;17;13;17;14;17;15;17;16;16;16;15;16;14;16;13;16;13;15;13;14
0;0;3;6;17;13;17;14;17;15;17;16;16;16;15;16;14;16;13;16;13;15;13;14;13;13
0;0;3;6;17;14;17;15;17;16;16;16;15;16;14;16;13;16;13;15;13;14;13;13;13;12
0;0;3;6;17;15;17;16;16;16;15;16;14;16;13;16;13;15;13;14;13;13;13;12;13;11
0;0;3;6;17;16;16;16;15;16;14;16;13;16;13;15;13;14;13;13;13;12;13;11;13;10
0;0;3;6;16;16;15;16;14;16;13;16;13;15;13;14;13;13;13;12;13;11;13;10;13;9
0;0;3;6;15;16;14;16;13;16;13;15;13;14;13;13;13;12;13;11;13;10;13;9;13;8
3;0;3;6;14;16;13;16;13;15;13;14;13;13;13;12;13;11;13;10;13;9;13;8;13;7
3;3;3;6;13;16;13;15;13;14;13;13;13;12;13;11;13;10;13;9;13;8;13;7;12;7
3;3;3;6;13;15;13;14;13;13;13;12;13;11;13;10;13;9;13;8;13;7;12;7;11;7
3;3;3;6;13;14;13;13;13;12;13;11;13;10;13;9;13;8;13;7;12;7;11;7;10;7
0;3;3;6;13;13;13;12;13;11;13;10;13;9;13;8;13;7;12;7;11;7;10;7;9;7
3;0;3;6;13;12;13;11;13;10;13;9;13;8;13;7;12;7;11;7;10;7;9;7;9;6
3;3;3;6;13;11;13;10;13;9;13;8;13;7;12;7;11;7;10;7;9;7;9;6;8;6
3;3;3;6;13;10;13;9;13;8;13;7;12;7;11;7;10;7;9;7;9;6;8;6;7;6
3;3;3;6;13;9;13;8;13;7;12;7;11;7;10;7;9;7;9;6;8;6;7;6;6;6
3;3;3;6;13;8;13;7;12;7;11;7;10;7;9;7;9;6;8;6;7;6;6;6;5;6
3;3;3;6;13;7;12;7;11;7;10;7;9;7;9;6;8;6;7;6;6;6;5;6;4;6
3;3;3;11;12;7;12;7;11;7;10;7;9;7;9;6;8;6;7;6;6;6;5;6;4;6;3;6
3;3;3;11;12;7;11;7;10;7;9;7;9;6;8;6;7;6;6;6;5;6;4;6;3;6;2;6
2;3;3;11;11;7;10;7;9;7;9;6;8;6;7;6;6;6;5;6;4;6;3;6;2;6;1;6
2;2;3;11;10;7;9;7;9;6;8;6;7;6;6;6;5;6;4;6;3;6;2;6;1;6;1;7
2;2;3;11;9;7;9;6;8;6;7;6;6;6;5;6;4;6;3;6;2;6;1;6;1;7;1;8
2;2;3;11;9;6;8;6;7;6;6;6;5;6;4;6;3;6;2;6;1;6;1;7;1;8;1;9
2;2;3;11;8;6;7;6;6;6;5;6;4;6;3;6;2;6;1;6;1;7;1;8;1;9;1;10
1;2;3;11;7;6;6;6;5;6;4;6;3;6;2;6;1;6;1;7;1;8;1;9;1;10;1;11
1;1;3;11;6;6;5;6;4;6;3;6;2;6;1;6;1;7;1;8;1;9;1;10;1;11;2;11
1;1;5;10;5;6;5;6;4;6;3;6;2;6;1;6;1;7;1;8;1;9;1;10;1;11;2;11;3;11
1;1;5;10;5;6;4;6;3;6;2;6;1;6;1;7;1;8;1;9;1;10;1;11;2;11;3;11;4;11
1;1;5;10;4;6;3;6;2;6;1;6;1;7;1;8;1;9;1;10;1;11;2;11;3;11;4;11;5;11
0;1;5;10;3;6;2;6;1;6;1;7;1;8;1;9;1;10;1;11;2;11;3;11;4;11;5;11;6;11
3;0;5;10;2;6;1;6;1;7;1;8;1;9;1;10;1;11;2;11;3;11;4;11;5;11;6;11;6;10
3;3;9;5;1;6;1;6;1;7;1;8;1;9;1;10;1;11;2;11;3;11;4;11;5;11;6;11;6;10;5;10
3;3;9;5;1;6;1;7;1;8;1;9;1;10;1;11;2;11;3;11;4;11;5;11;6;11;6;10;5;10;4;10
0;3;9;5;1;7;1;8;1;9;1;10;1;11;2;11;3;11;4;11;5;11;6;11;6;10;5;10;4;10;3;10
0;0;9;5;1;8;1;9;1;10;1;11;2;11;3;11;4;11;5;11;6;11;6;10;5;10;4;10;3;10;3;9
0;0;9;5;1;9;1;10;1;11;2;11;3;11;4;11;5;11;6;11;6;10;5;10;4;10;3;10;3;9;3;8
0;0;9;5;1;10;1;11;2;11;3;11;4;11;5;11;6;11;6;10;5;10;4;10;3;10;3;9;3;8;3;7
0;0;9;5;1;11;2;11;3;11;4;11;5;11;6;11;6;10;5;10;4;10;3;10;3;9;3;8;3;7;3;6
1;0;9;5;2;11;3;11;4;11;5;11;6;11;6;10;5;10;4;10;3;10;3;9;3;8;3;7;3;6;3;5
1;1;9;5;3;11;4;11;5;11;6;11;6;10;5;10;4;10;3;10;3;9;3;8;3;7;3;6;3;5;4;5
1;1;9;5;4;11;5;11;6;11;6;10;5;10;4;10;3;10;3;9;3;8;3;7;3;6;3;5;4;5;5;5
1;1;9;5;5;11;6;11;6;10;5;10;4;10;3;10;3;9;3;8;3;7;3;6;3;5;4;5;5;5;6;5
1;1;9;5;6;11;6;10;5;10;4;10;3;10;3;9;3;8;3;7;3;6;3;5;4;5;5;5;6;5;7;5
1;1;9;5;6;10;5;10;4;10;3;10;3;9;3;8;3;7;3;6;3;5;4;5;5;5;6;5;7;5;8;5
1;1;13;10;5;10;5;10;4;10;3;10;3;9;3;8;3;7;3;6;3;5;4;5;5;5;6;5;7;5;8;5;9;5
1;1;13;10;5;10;4;10;3;10;3;9;3;8;3;7;3;6;3;5;4;5;5;5;6;5;7;5;8;5;9;5;10;5
1;1;13;10;4;10;3;10;3;9;3;8;3;7;3;6;3;5;4;5;5;5;6;5;7;5;8;5;9;5;10;5;11;5
1;1;13;10;3;10;3;9;3;8;3;7;3;6;3;5;4;5;5;5;6;5;7;5;8;5;9;5;10;5;11;5;12;5
2;1;13;10;3;9;3;8;3;7;3;6;3;5;4;5;5;5;6;5;7;5;8;5;9;5;10;5;11;5;12;5;13;5
2;2;13;10;3;8;3;7;3;6;3;5;4;5;5;5;6;5;7;5;8;5;9;5;10;5;11;5;12;5;13;5;13;6
2;2;13;10;3;7;3;6;3;5;4;5;5;5;6;5;7;5;8;5;9;5;10;5;11;5;12;5;13;5;13;6;13;7
2;2;13;10;3;6;3;5;4;5;5;5;6;5;7;5;8;5;9;5;10;5;11;5;12;5;13;5;13;6;13;7;13;8
2;2;13;10;3;5;4;5;5;5;6;5;7;5;8;5;9;5;10;5;11;5;12;5;13;5;13;6;13;7;13;8;13;9
2;2;8;8;4;5;4;5;5;5;6;5;7;5;8;5;9;5;10;5;11;5;12;5;13;5;13;6;13;7;13;8;13;9;13;10
2;2;8;8;4;5;5;5;6;5;7;5;8;5;9;5;10;5;11;5;12;5;13;5;13;6;13;7;13;8;13;9;13;10;13;11
3;2;8;8;5;5;6;5;7;5;8;5;9;5;10;5;11;5;12;5;13;5;13;6;13;7;13;8;13;9;13;10;13;11;13;12
3;3;8;8;6;5;7;5;8;5;9;5;10;5;11;5;12;5;13;5;13;6;13;7;13;8;13;9;13;10;13;11;13;12;12;12
0;3;8;8;7;5;8;5;9;5;10;5;11;5;12;5;13;5;13;6;13;7;13;8;13;9;13;10;13;11;13;12;12;12;11;12
0;0;8;8;8;5;9;5;10;5;11;5;12;5;13;5;13;6;13;7;13;8;13;9;13;10;13;11;13;12;12;12;11;12;11;11
0;0;8;8;9;5;10;5;11;5;12;5;13;5;13;6;13;7;13;8;13;9;13;10;13;11;13;12;12;12;11;12;11;11;11;10
0;0;8;8;10;5;11;5;12;5;13;5;13;6;13;7;13;8;13;9;13;10;13;11;13;12;12;12;11;12;11;11;11;10;11;9
3;0;8;8;11;5;12;5;13;5;13;6;13;7;13;8;13;9;13;10;13;11;13;12;12;12;11;12;11;11;11;10;11;9;11;8
3;3;8;8;12;5;13;5;13;6;13;7;13;8;13;9;13;10;13;11;13;12;12;12;11;12;11;11;11;10;11;9;11;8;10;8
3;3;8;8;13;5;13;6;13;7;13;8;13;9;13;10;13;11;13;12;12;12;11;12;11;11;11;10;11;9;11;8;10;8;9;8
3;3;2;12;13;6;13;6;13;7;13;8;13;9;13;10;13;11;13;12;12;12;11;12;11;11;11;10;11;9;11;8;10;8;9;8;8;8
3;3;2;12;13;6;13;7;13;8;13;9;13;10;13;11;13;12;12;12;11;12;11;11;11;10;11;9;11;8;10;8;9;8;8;8;7;8
3;3;2;12;13;7;13;8;13;9;13;10;13;11;13;12;12;12;11;12;11;11;11;10;11;9;11;8;10;8;9;8;8;8;7;8;6;8
3;3;2;12;13;8;13;9;13;10;13;11;13;12;12;12;11;12;11;11;11;10;11;9;11;8;10;8;9;8;8;8;7;8;6;8;5;8
3;3;2;12;13;9;13;10;13;11;13;12;12;12;11;12;11;11;11;10;11;9;11;8;10;8;9;8;8;8;7;8;6;8;5;8;4;8
3;3;2;12;13;10;13;11;13;12;12;12;11;12;11;11;11;10;11;9;11;8;10;8;9;8;8;8;7;8;6;8;5;8;4;8;3;8
2;3;2;12;13;11;13;12;12;12;11;12;11;11;11;10;11;9;11;8;10;8;9;8;8;8;7;8;6;8;5;8;4;8;3;8;2;8
2;2;2;12;13;12;12;12;11;12;11;11;11;10;11;9;11;8;10;8;9;8;8;8;7;8;6;8;5;8;4;8;3;8;2;8;2;9
2;2;2;12;12;12;11;12;11;11;11;10;11;9;11;8;10;8;9;8;8;8;7;8;6;8;5;8;4;8;3;8;2;8;2;9;2;10
2;2;2;12;11;12;11;11;11;10;11;9;11;8;10;8;9;8;8;8;7;8;6;8;5;8;4;8;3;8;2;8;2;9;2;10;2;11
2;2;2;0;11;11;11;11;11;10;11;9;11;8;10;8;9;8;8;8;7;8;6;8;5;8;4;8;3;8;2;8;2;9;2;10;2;11;2;12
2;2;2;0;11;11;11;10;11;9;11;8;10;8;9;8;8;8;7;8;6;8;5;8;4;8;3;8;2;8;2;9;2;10;2;11;2;12;2;13
2;2;2;0;11;10;11;9;11;8;10;8;9;8;8;8;7;8;6;8;5;8;4;8;3;8;2;8;2;9;2;10;2;11;2;12;2;13;2;14
3;2;2;0;11;9;11;8;10;8;9;8;8;8;7;8;6;8;5;8;4;8;3;8;2;8;2;9;2;10;2;11;2;12;2;13;2;14;2;15
0;3;2;0;11;8;10;8;9;8;8;8;7;8;6;8;5;8;4;8;3;8;2;8;2;9;2;10;2;11;2;12;2;13;2;14;2;15;1;15
0;0;2;0;10;8;9;8;8;8;7;8;6;8;5;8;4;8;3;8;2;8;2;9;2;10;2;11;2;12;2;13;2;14;2;15;1;15;1;14
0;0;2;0;9;8;8;8;7;8;6;8;5;8;4;8;3;8;2;8;2;9;2;10;2;11;2;12;2;13;2;14;2;15;1;15;1;14;1;13
0;0;2;0;8;8;7;8;6;8;5;8;4;8;3;8;2;8;2;9;2;10;2;11;2;12;2;13;2;14;2;15;1;15;1;14;1;13;1;12
0;0;2;0;7;8;6;8;5;8;4;8;3;8;2;8;2;9;2;10;2;11;2;12;2;13;2;14;2;15;1;15;1;14;1;13;1;12;1;11
0;0;2;0;6;8;5;8;4;8;3;8;2;8;2;9;2;10;2;11;2;12;2;13;2;14;2;15;1;15;1;14;1;13;1;12;1;11;1;10
0;0;2;0;5;8;4;8;3;8;2;8;2;9;2;10;2;11;2;12;2;13;2;14;2;15;1;15;1;14;1;13;1;12;1;11;1;10;1;9
0;0;2;0;4;8;3;8;2;8;2;9;2;10;2;11;2;12;2;13;2;14;2;15;1;15;1;14;1;13;1;12;1;11;1;10;1;9;1;8
0;0;2;0;3;8;2;8;2;9;2;10;2;11;2;12;2;13;2;14;2;15;1;15;1;14;1;13;1;12;1;11;1;10;1;9;1;8;1;7
0;0;2;0;2;8;2;9;2;10;2;11;2;12;2;13;2;14;2;15;1;15;1;14;1;13;1;12;1;11;1;10;1;9;1;8;1;7;1;6
0;0;2;0;2;9;2;10;2;11;2;12;2;13;2;14;2;15;1;15;1;14;1;13;1;12;1;11;1;10;1;9;1;8;1;7;1;6;1;5
0;0;2;0;2;10;2;11;2;12;2;13;2;14;2;15;1;15;1;14;1;13;1;12;1;11;1;10;1;9;1;8;1;7;1;6;1;5;1;4
0;0;2;0;2;11;2;12;2;13;2;14;2;15;1;15;1;14;1;13;1;12;1;11;1;10;1;9;1;8;1;7;1;6;1;5;1;4;1;3
0;0;2;0;2;12;2;13;2;14;2;15;1;15;1;14;1;13;1;12;1;11;1;10;1;9;1;8;1;7;1;6;1;5;1;4;1;3;1;2
0;0;2;0;2;13;2;14;2;15;1;15;1;14;1;13;1;12;1;11;1;10;1;9;1;8;1;7;1;6;1;5;1;4;1;3;1;2;1;1
1;0;2;0;2;14;2;15;1;15;1;14;1;13;1;12;1;11;1;10;1;9;1;8;1;7;1;6;1;5;1;4;1;3;1;2;1;1;1;0
1;1;8;13;2;15;2;15;1;15;1;14;1;13;1;12;1;11;1;10;1;9;1;8;1;7;1;6;1;5;1;4;1;3;1;2;1;1;1;0;2;0
1;1;8;13;2;15;1;15;1;14;1;13;1;12;1;11;1;10;1;9;1;8;1;7;1;6;1;5;1;4;1;3;1;2;1;1;1;0;2;0;3;0
1;1;8;13;1;15;1;14;1;13;1;12;1;11;1;10;1;9;1;8;1;7;1;6;1;5;1;4;1;3;1;2;1;1;1;0;2;0;3;0;4;0
2;1;8;13;1;14;1;13;1;12;1;11;1;10;1;9;1;8;1;7;1;6;1;5;1;4;1;3;1;2;1;1;1;0;2;0;3;0;4;0;5;0
2;2;8;13;1;13;1;12;1;11;1;10;1;9;1;8;1;7;1;6;1;5;1;4;1;3;1;2;1;1;1;0;2;0;3;0;4;0;5;0;5;1
1;2;8;13;1;12;1;11;1;10;1;9;1;8;1;7;1;6;1;5;1;4;1;3;1;2;1;1;1;0;2;0;3;0;4;0;5;0;5;1;5;2
1;1;8;13;1;11;1;10;1;9;1;8;1;7;1;6;1;5;1;4;1;3;1;2;1;1;1;0;2;0;3;0;4;0;5;0;5;1;5;2;6;2
1;1;8;13;1;10;1;9;1;8;1;7;1;6;1;5;1;4;1;3;1;2;1;1;1;0;2;0;3;0;4;0;5;0;5;1;5;2;6;2;7;2
2;1;8;13;1;9;1;8;1;7;1;6;1;5;1;4;1;3;1;2;1;1;1;0;2;0;3;0;4;0;5;0;5;1;5;2;6;2;7;2;8;2
2;2;8;13;1;8;1;7;1;6;1;5;1;4;1;3;1;2;1;1;1;0;2;0;3;0;4;0;5;0;5;1;5;2;6;2;7;2;8;2;8;3
2;2;8;13;1;7;1;6;1;5;1;4;1;3;1;2;1;1;1;0;2;0;3;0;4;0;5;0;5;1;5;2;6;2;7;2;8;2;8;3;8;4
2;2;8;13;1;6;1;5;1;4;1;3;1;2;1;1;1;0;2;0;3;0;4;0;5;0;5;1;5;2;6;2;7;2;8;2;8;3;8;4;8;5
2;2;8;13;1;5;1;4;1;3;1;2;1;1;1;0;2;0;3;0;4;0;5;0;5;1;5;2;6;2;7;2;8;2;8;3;8;4;8;5;8;6
2;2;8;13;1;4;1;3;1;2;1;1;1;0;2;0;3;0;4;0;5;0;5;1;5;2;6;2;7;2;8;2;8;3;8;4;8;5;8;6;8;7
2;2;8;13;1;3;1;2;1;1;1;0;2;0;3;0;4;0;5;0;5;1;5;2;6;2;7;2;8;2;8;3;8;4;8;5;8;6;8;7;8;8
2;2;8;13;1;2;1;1;1;0;2;0;3;0;4;0;5;0;5;1;5;2;6;2;7;2;8;2;8;3;8;4;8;5;8;6;8;7;8;8;8;9
2;2;8;13;1;1;1;0;2;0;3;0;4;0;5;0;5;1;5;2;6;2;7;2;8;2;8;3;8;4;8;5;8;6;8;7;8;8;8;9;8;10
2;2;8;13;1;0;2;0;3;0;4;0;5;0;5;1;5;2;6;2;7;2;8;2;8;3;8;4;8;5;8;6;8;7;8;8;8;9;8;10;8;11
2;2;8;13;2;0;3;0;4;0;5;0;5;1;5;2;6;2;7;2;8;2;8;3;8;4;8;5;8;6;8;7;8;8;8;9;8;10;8;11;8;12
2;2;18;13;3;0;3;0;4;0;5;0;5;1;5;2;6;2;7;2;8;2;8;3;8;4;8;5;8;6;8;7;8;8;8;9;8;10;8;11;8;12;8;13
2;2;18;13;3;0;4;0;5;0;5;1;5;2;6;2;7;2;8;2;8;3;8;4;8;5;8;6;8;7;8;8;8;9;8;10;8;11;8;12;8;13;8;14
2;2;18;13;4;0;5;0;5;1;5;2;6;2;7;2;8;2;8;3;8;4;8;5;8;6;8;7;8;8;8;9;8;10;8;11;8;12;8;13;8;14;8;15
1;2;18;13;5;0;5;1;5;2;6;2;7;2;8;2;8;3;8;4;8;5;8;6;8;7;8;8;8;9;8;10;8;11;8;12;8;13;8;14;8;15;8;16
1;1;18;13;5;1;5;2;6;2;7;2;8;2;8;3;8;4;8;5;8;6;8;7;8;8;8;9;8;10;8;11;8;12;8;13;8;14;8;15;8;16;9;16
1;1;18;13;5;2;6;2;7;2;8;2;8;3;8;4;8;5;8;6;8;7;8;8;8;9;8;10;8;11;8;12;8;13;8;14;8;15;8;16;9;16;10;16
1;1;18;13;6;2;7;2;8;2;8;3;8;4;8;5;8;6;8;7;8;8;8;9;8;10;8;11;8;12;8;13;8;14;8;15;8;16;9;16;10;16;11;16
1;1;18;13;7;2;8;2;8;3;8;4;8;5;8;6;8;7;8;8;8;9;8;10;8;11;8;12;8;13;8;14;8;15;8;16;9;16;10;16;11;16;12;16
1;1;18;13;8;2;8;3;8;4;8;5;8;6;8;7;8;8;8;9;8;10;8;11;8;12;8;13;8;14;8;15;8;16;9;16;10;16;11;16;12;16;13;16
1;1;18;13;8;3;8;4;8;5;8;6;8;7;8;8;8;9;8;10;8;11;8;12;8;13;8;14;8;15;8;16;9;16;10;16;11;16;12;16;13;16;14;16
1;1;18;13;8;4;8;5;8;6;8;7;8;8;8;9;8;10;8;11;8;12;8;13;8;14;8;15;8;16;9;16;10;16;11;16;12;16;13;16;14;16;15;16
1;1;18;13;8;5;8;6;8;7;8;8;8;9;8;10;8;11;8;12;8;13;8;14;8;15;8;16;9;16;10;16;11;16;12;16;13;16;14;16;15;16;16;16
1;1;18;13;8;6;8;7;8;8;8;9;8;10;8;11;8;12;8;13;8;14;8;15;8;16;9;16;10;16;11;16;12;16;13;16;14;16;15;16;16;16;17;16
0;1;18;13;8;7;8;8;8;9;8;10;8;11;8;12;8;13;8;14;8;15;8;16;9;16;10;16;11;16;12;16;13;16;14;16;15;16;16;16;17;16;18;16
0;0;18;13;8;8;8;9;8;10;8;11;8;12;8;13;8;14;8;15;8;16;9;16;10;16;11;16;12;16;13;16;14;16;15;16;16;16;17;16;18;16;18;15
0;0;18;13;8;9;8;10;8;11;8;12;8;13;8;14;8;15;8;16;9;16;10;16;11;16;12;16;13;16;14;16;15;16;16;16;17;16;18;16;18;15;18;14
0;0;19;8;8;10;8;10;8;11;8;12;8;13;8;14;8;15;8;16;9;16;10;16;11;16;12;16;13;16;14;16;15;16;16;16;17;16;18;16;18;15;18;14;18;13
0;0;19;8;8;10;8;11;8;12;8;13;8;14;8;15;8;16;9;16;10;16;11;16;12;16;13;16;14;16;15;16;16;16;17;16;18;16;18;15;18;14;18;13;18;12
0;0;19;8;8;11;8;12;8;13;8;14;8;15;8;16;9;16;10;16;11;16;12;16;13;16;14;16;15;16;16;16;17;16;18;16;18;15;18;14;18;13;18;12;18;11
0;0;19;8;8;12;8;13;8;14;8;15;8;16;9;16;10;16;11;16;12;16;13;16;14;16;15;16;16;16;17;16;18;16;18;15;18;14;18;13;18;12;18;11;18;10
0;0;19;8;8;13;8;14;8;15;8;16;9;16;10;16;11;16;12;16;13;16;14;16;15;16;16;16;17;16;18;16;18;15;18;14;18;13;18;12;18;11;18;10;18;9
1;0;19;8;8;14;8;15;8;16;9;16;10;16;11;16;12;16;13;16;14;16;15;16;16;16;17;16;18;16;18;15;18;14;18;13;18;12;18;11;18;10;18;9;18;8
1;1;16;9;8;15;8;15;8;16;9;16;10;16;11;16;12;16;13;16;14;16;15;16;16;16;17;16;18;16;18;15;18;14;18;13;18;12;18;11;18;10;18;9;18;8;19;8
