20
1;1;7;0;8;10;9;10;10;10
1;1;7;0;9;10;10;10;11;10
1;1;7;0;10;10;11;10;12;10
1;1;7;0;11;10;12;10;13;10
1;1;7;0;12;10;13;10;14;10
0;1;7;0;13;10;14;10;15;10
0;0;7;0;14;10;15;10;15;9
0;0;7;0;15;10;15;9;15;8
0;0;7;0;15;9;15;8;15;7
0;0;7;0;15;8;15;7;15;6
0;0;7;0;15;7;15;6;15;5
0;0;7;0;15;6;15;5;15;4
0;0;7;0;15;5;15;4;15;3
0;0;7;0;15;4;15;3;15;2
0;0;7;0;15;3;15;2;15;1
3;0;7;0;15;2;15;1;15;0
3;3;7;0;15;1;15;0;14;0
3;3;7;0;15;0;14;0;13;0
3;3;7;0;14;0;13;0;12;0
3;3;7;0;13;0;12;0;11;0
3;3;7;0;12;0;11;0;10;0
3;3;7;0;11;0;10;0;9;0
3;3;7;0;10;0;9;0;8;0
3;3;8;14;9;0;9;0;8;0;7;0
3;3;8;14;9;0;8;0;7;0;6;0
2;3;8;14;8;0;7;0;6;0;5;0
1;2;8;14;7;0;6;0;5;0;5;1
1;1;8;14;6;0;5;0;5;1;6;1
1;1;8;14;5;0;5;1;6;1;7;1
2;1;8;14;5;1;6;1;7;1;8;1
2;2;8;14;6;1;7;1;8;1;8;2
2;2;8;14;7;1;8;1;8;2;8;3
2;2;8;14;8;1;8;2;8;3;8;4
2;2;8;14;8;2;8;3;8;4;8;5
2;2;8;14;8;3;8;4;8;5;8;6
2;2;8;14;8;4;8;5;8;6;8;7
2;2;8;14;8;5;8;6;8;7;8;8
2;2;8;14;8;6;8;7;8;8;8;9
2;2;8;14;8;7;8;8;8;9;8;10
2;2;8;14;8;8;8;9;8;10;8;11
2;2;8;14;8;9;8;10;8;11;8;12
2;2;8;14;8;10;8;11;8;12;8;13
2;2;2;16;8;11;8;11;8;12;8;13;8;14
2;2;2;16;8;11;8;12;8;13;8;14;8;15
2;2;2;16;8;12;8;13;8;14;8;15;8;16
3;2;2;16;8;13;8;14;8;15;8;16;8;17
3;3;2;16;8;14;8;15;8;16;8;17;7;17
3;3;2;16;8;15;8;16;8;17;7;17;6;17
3;3;2;16;8;16;8;17;7;17;6;17;5;17
3;3;2;16;8;17;7;17;6;17;5;17;4;17
3;3;2;16;7;17;6;17;5;17;4;17;3;17
0;3;2;16;6;17;5;17;4;17;3;17;2;17
0;0;11;9;5;17;5;17;4;17;3;17;2;17;2;16
0;0;11;9;5;17;4;17;3;17;2;17;2;16;2;15
0;0;11;9;4;17;3;17;2;17;2;16;2;15;2;14
0;0;11;9;3;17;2;17;2;16;2;15;2;14;2;13
0;0;11;9;2;17;2;16;2;15;2;14;2;13;2;12
0;0;11;9;2;16;2;15;2;14;2;13;2;12;2;11
0;0;11;9;2;15;2;14;2;13;2;12;2;11;2;10
1;0;11;9;2;14;2;13;2;12;2;11;2;10;2;9
1;1;11;9;2;13;2;12;2;11;2;10;2;9;3;9
1;1;11;9;2;12;2;11;2;10;2;9;3;9;4;9
1;1;11;9;2;11;2;10;2;9;3;9;4;9;5;9
1;1;11;9;2;10;2;9;3;9;4;9;5;9;6;9
1;1;11;9;2;9;3;9;4;9;5;9;6;9;7;9
1;1;11;9;3;9;4;9;5;9;6;9;7;9;8;9
1;1;11;9;4;9;5;9;6;9;7;9;8;9;9;9
1;1;11;9;5;9;6;9;7;9;8;9;9;9;10;9
1;1;17;2;6;9;6;9;7;9;8;9;9;9;10;9;11;9
1;1;17;2;6;9;7;9;8;9;9;9;10;9;11;9;12;9
1;1;17;2;7;9;8;9;9;9;10;9;11;9;12;9;13;9
1;1;17;2;8;9;9;9;10;9;11;9;12;9;13;9;14;9
1;1;17;2;9;9;10;9;11;9;12;9;13;9;14;9;15;9
1;1;17;2;10;9;11;9;12;9;13;9;14;9;15;9;16;9
0;1;17;2;11;9;12;9;13;9;14;9;15;9;16;9;17;9
0;0;17;2;12;9;13;9;14;9;15;9;16;9;17;9;17;8
0;0;17;2;13;9;14;9;15;9;16;9;17;9;17;8;17;7
0;0;17;2;14;9;15;9;16;9;17;9;17;8;17;7;17;6
0;0;17;2;15;9;16;9;17;9;17;8;17;7;17;6;17;5
0;0;17;2;16;9;17;9;17;8;17;7;17;6;17;5;17;4
0;0;17;2;17;9;17;8;17;7;17;6;17;5;17;4;17;3
3;0;16;7;17;8;17;8;17;7;17;6;17;5;17;4;17;3;17;2
3;3;16;7;17;8;17;7;17;6;17;5;17;4;17;3;17;2;16;2
3;3;16;7;17;7;17;6;17;5;17;4;17;3;17;2;16;2;15;2
2;3;16;7;17;6;17;5;17;4;17;3;17;2;16;2;15;2;14;2
2;2;16;7;17;5;17;4;17;3;17;2;16;2;15;2;14;2;14;3
1;2;16;7;17;4;17;3;17;2;16;2;15;2;14;2;14;3;14;4
1;1;16;7;17;3;17;2;16;2;15;2;14;2;14;3;14;4;15;4
2;1;16;7;17;2;16;2;15;2;14;2;14;3;14;4;15;4;16;4
2;2;16;7;16;2;15;2;14;2;14;3;14;4;15;4;16;4;16;5
2;2;16;7;15;2;14;2;14;3;14;4;15;4;16;4;16;5;16;6
2;2;9;0;14;2;14;2;14;3;14;4;15;4;16;4;16;5;16;6;16;7
2;2;9;0;14;2;14;3;14;4;15;4;16;4;16;5;16;6;16;7;16;8
3;2;9;0;14;3;14;4;15;4;16;4;16;5;16;6;16;7;16;8;16;9
3;3;9;0;14;4;15;4;16;4;16;5;16;6;16;7;16;8;16;9;15;9
0;3;9;0;15;4;16;4;16;5;16;6;16;7;16;8;16;9;15;9;14;9
0;0;9;0;16;4;16;5;16;6;16;7;16;8;16;9;15;9;14;9;14;8
0;0;9;0;16;5;16;6;16;7;16;8;16;9;15;9;14;9;14;8;14;7
0;0;9;0;16;6;16;7;16;8;16;9;15;9;14;9;14;8;14;7;14;6
0;0;9;0;16;7;16;8;16;9;15;9;14;9;14;8;14;7;14;6;14;5
0;0;9;0;16;8;16;9;15;9;14;9;14;8;14;7;14;6;14;5;14;4
0;0;9;0;16;9;15;9;14;9;14;8;14;7;14;6;14;5;14;4;14;3
0;0;9;0;15;9;14;9;14;8;14;7;14;6;14;5;14;4;14;3;14;2
0;0;9;0;14;9;14;8;14;7;14;6;14;5;14;4;14;3;14;2;14;1
3;0;9;0;14;8;14;7;14;6;14;5;14;4;14;3;14;2;14;1;14;0
3;3;9;0;14;7;14;6;14;5;14;4;14;3;14;2;14;1;14;0;13;0
3;3;9;0;14;6;14;5;14;4;14;3;14;2;14;1;14;0;13;0;12;0
3;3;9;0;14;5;14;4;14;3;14;2;14;1;14;0;13;0;12;0;11;0
3;3;9;0;14;4;14;3;14;2;14;1;14;0;13;0;12;0;11;0;10;0
3;3;11;17;14;3;14;3;14;2;14;1;14;0;13;0;12;0;11;0;10;0;9;0
3;3;11;17;14;3;14;2;14;1;14;0;13;0;12;0;11;0;10;0;9;0;8;0
2;3;11;17;14;2;14;1;14;0;13;0;12;0;11;0;10;0;9;0;8;0;7;0
2;2;11;17;14;1;14;0;13;0;12;0;11;0;10;0;9;0;8;0;7;0;7;1
1;2;11;17;14;0;13;0;12;0;11;0;10;0;9;0;8;0;7;0;7;1;7;2
1;1;11;17;13;0;12;0;11;0;10;0;9;0;8;0;7;0;7;1;7;2;8;2
1;1;11;17;12;0;11;0;10;0;9;0;8;0;7;0;7;1;7;2;8;2;9;2
1;1;11;17;11;0;10;0;9;0;8;0;7;0;7;1;7;2;8;2;9;2;10;2
2;1;11;17;10;0;9;0;8;0;7;0;7;1;7;2;8;2;9;2;10;2;11;2
2;2;11;17;9;0;8;0;7;0;7;1;7;2;8;2;9;2;10;2;11;2;11;3
2;2;11;17;8;0;7;0;7;1;7;2;8;2;9;2;10;2;11;2;11;3;11;4
2;2;11;17;7;0;7;1;7;2;8;2;9;2;10;2;11;2;11;3;11;4;11;5
2;2;11;17;7;1;7;2;8;2;9;2;10;2;11;2;11;3;11;4;11;5;11;6
2;2;11;17;7;2;8;2;9;2;10;2;11;2;11;3;11;4;11;5;11;6;11;7
2;2;11;17;8;2;9;2;10;2;11;2;11;3;11;4;11;5;11;6;11;7;11;8
2;2;11;17;9;2;10;2;11;2;11;3;11;4;11;5;11;6;11;7;11;8;11;9
2;2;11;17;10;2;11;2;11;3;11;4;11;5;11;6;11;7;11;8;11;9;11;10
2;2;11;17;11;2;11;3;11;4;11;5;11;6;11;7;11;8;11;9;11;10;11;11
2;2;11;17;11;3;11;4;11;5;11;6;11;7;11;8;11;9;11;10;11;11;11;12
2;2;11;17;11;4;11;5;11;6;11;7;11;8;11;9;11;10;11;11;11;12;11;13
2;2;11;17;11;5;11;6;11;7;11;8;11;9;11;10;11;11;11;12;11;13;11;14
2;2;11;17;11;6;11;7;11;8;11;9;11;10;11;11;11;12;11;13;11;14;11;15
2;2;11;17;11;7;11;8;11;9;11;10;11;11;11;12;11;13;11;14;11;15;11;16
3;2;13;15;11;8;11;8;11;9;11;10;11;11;11;12;11;13;11;14;11;15;11;16;11;17
3;3;13;15;11;8;11;9;11;10;11;11;11;12;11;13;11;14;11;15;11;16;11;17;10;17
0;3;13;15;11;9;11;10;11;11;11;12;11;13;11;14;11;15;11;16;11;17;10;17;9;17
0;0;13;15;11;10;11;11;11;12;11;13;11;14;11;15;11;16;11;17;10;17;9;17;9;16
0;0;13;15;11;11;11;12;11;13;11;14;11;15;11;16;11;17;10;17;9;17;9;16;9;15
0;0;13;15;11;12;11;13;11;14;11;15;11;16;11;17;10;17;9;17;9;16;9;15;9;14
0;0;13;15;11;13;11;14;11;15;11;16;11;17;10;17;9;17;9;16;9;15;9;14;9;13
1;0;13;15;11;14;11;15;11;16;11;17;10;17;9;17;9;16;9;15;9;14;9;13;9;12
1;1;13;15;11;15;11;16;11;17;10;17;9;17;9;16;9;15;9;14;9;13;9;12;10;12
2;1;13;15;11;16;11;17;10;17;9;17;9;16;9;15;9;14;9;13;9;12;10;12;11;12
2;2;13;15;11;17;10;17;9;17;9;16;9;15;9;14;9;13;9;12;10;12;11;12;11;13
2;2;13;15;10;17;9;17;9;16;9;15;9;14;9;13;9;12;10;12;11;12;11;13;11;14
1;2;13;15;9;17;9;16;9;15;9;14;9;13;9;12;10;12;11;12;11;13;11;14;11;15
1;1;13;15;9;16;9;15;9;14;9;13;9;12;10;12;11;12;11;13;11;14;11;15;12;15
1;1;4;0;9;15;9;15;9;14;9;13;9;12;10;12;11;12;11;13;11;14;11;15;12;15;13;15
1;1;4;0;9;15;9;14;9;13;9;12;10;12;11;12;11;13;11;14;11;15;12;15;13;15;14;15
1;1;4;0;9;14;9;13;9;12;10;12;11;12;11;13;11;14;11;15;12;15;13;15;14;15;15;15
0;1;4;0;9;13;9;12;10;12;11;12;11;13;11;14;11;15;12;15;13;15;14;15;15;15;16;15
0;0;4;0;9;12;10;12;11;12;11;13;11;14;11;15;12;15;13;15;14;15;15;15;16;15;16;14
0;0;4;0;10;12;11;12;11;13;11;14;11;15;12;15;13;15;14;15;15;15;16;15;16;14;16;13
0;0;4;0;11;12;11;13;11;14;11;15;12;15;13;15;14;15;15;15;16;15;16;14;16;13;16;12
0;0;4;0;11;13;11;14;11;15;12;15;13;15;14;15;15;15;16;15;16;14;16;13;16;12;16;11
0;0;4;0;11;14;11;15;12;15;13;15;14;15;15;15;16;15;16;14;16;13;16;12;16;11;16;10
0;0;4;0;11;15;12;15;13;15;14;15;15;15;16;15;16;14;16;13;16;12;16;11;16;10;16;9
0;0;4;0;12;15;13;15;14;15;15;15;16;15;16;14;16;13;16;12;16;11;16;10;16;9;16;8
0;0;4;0;13;15;14;15;15;15;16;15;16;14;16;13;16;12;16;11;16;10;16;9;16;8;16;7
0;0;4;0;14;15;15;15;16;15;16;14;16;13;16;12;16;11;16;10;16;9;16;8;16;7;16;6
0;0;4;0;15;15;16;15;16;14;16;13;16;12;16;11;16;10;16;9;16;8;16;7;16;6;16;5
0;0;4;0;16;15;16;14;16;13;16;12;16;11;16;10;16;9;16;8;16;7;16;6;16;5;16;4
0;0;4;0;16;14;16;13;16;12;16;11;16;10;16;9;16;8;16;7;16;6;16;5;16;4;16;3
0;0;4;0;16;13;16;12;16;11;16;10;16;9;16;8;16;7;16;6;16;5;16;4;16;3;16;2
0;0;4;0;16;12;16;11;16;10;16;9;16;8;16;7;16;6;16;5;16;4;16;3;16;2;16;1
3;0;4;0;16;11;16;10;16;9;16;8;16;7;16;6;16;5;16;4;16;3;16;2;16;1;16;0
3;3;4;0;16;10;16;9;16;8;16;7;16;6;16;5;16;4;16;3;16;2;16;1;16;0;15;0
3;3;4;0;16;9;16;8;16;7;16;6;16;5;16;4;16;3;16;2;16;1;16;0;15;0;14;0
3;3;4;0;16;8;16;7;16;6;16;5;16;4;16;3;16;2;16;1;16;0;15;0;14;0;13;0
3;3;4;0;16;7;16;6;16;5;16;4;16;3;16;2;16;1;16;0;15;0;14;0;13;0;12;0
3;3;4;0;16;6;16;5;16;4;16;3;16;2;16;1;16;0;15;0;14;0;13;0;12;0;11;0
3;3;4;0;16;5;16;4;16;3;16;2;16;1;16;0;15;0;14;0;13;0;12;0;11;0;10;0
3;3;4;0;16;4;16;3;16;2;16;1;16;0;15;0;14;0;13;0;12;0;11;0;10;0;9;0
3;3;4;0;16;3;16;2;16;1;16;0;15;0;14;0;13;0;12;0;11;0;10;0;9;0;8;0
3;3;4;0;16;2;16;1;16;0;15;0;14;0;13;0;12;0;11;0;10;0;9;0;8;0;7;0
3;3;4;0;16;1;16;0;15;0;14;0;13;0;12;0;11;0;10;0;9;0;8;0;7;0;6;0
3;3;4;0;16;0;15;0;14;0;13;0;12;0;11;0;10;0;9;0;8;0;7;0;6;0;5;0
2;3;2;2;15;0;15;0;14;0;13;0;12;0;11;0;10;0;9;0;8;0;7;0;6;0;5;0;4;0
2;2;2;2;15;0;14;0;13;0;12;0;11;0;10;0;9;0;8;0;7;0;6;0;5;0;4;0;4;1
2;2;2;2;14;0;13;0;12;0;11;0;10;0;9;0;8;0;7;0;6;0;5;0;4;0;4;1;4;2
3;2;2;2;13;0;12;0;11;0;10;0;9;0;8;0;7;0;6;0;5;0;4;0;4;1;4;2;4;3
3;3;2;2;12;0;11;0;10;0;9;0;8;0;7;0;6;0;5;0;4;0;4;1;4;2;4;3;3;3
3;3;2;2;11;0;10;0;9;0;8;0;7;0;6;0;5;0;4;0;4;1;4;2;4;3;3;3;2;3
0;3;2;2;10;0;9;0;8;0;7;0;6;0;5;0;4;0;4;1;4;2;4;3;3;3;2;3;1;3
0;0;2;2;9;0;8;0;7;0;6;0;5;0;4;0;4;1;4;2;4;3;3;3;2;3;1;3;1;2
0;0;2;2;8;0;7;0;6;0;5;0;4;0;4;1;4;2;4;3;3;3;2;3;1;3;1;2;1;1
0;0;2;2;7;0;6;0;5;0;4;0;4;1;4;2;4;3;3;3;2;3;1;3;1;2;1;1;1;0
