20
1;1;12;12;8;10;9;10;10;10
1;1;12;12;9;10;10;10;11;10
1;1;12;12;10;10;11;10;12;10
1;1;12;12;11;10;12;10;13;10
1;1;12;12;12;10;13;10;14;10
1;1;12;12;13;10;14;10;15;10
1;1;12;12;14;10;15;10;16;10
1;1;12;12;15;10;16;10;17;10
2;1;12;12;16;10;17;10;18;10
2;2;12;12;17;10;18;10;18;11
3;2;12;12;18;10;18;11;18;12
3;3;12;12;18;11;18;12;17;12
3;3;12;12;18;12;17;12;16;12
3;3;12;12;17;12;16;12;15;12
3;3;12;12;16;12;15;12;14;12
3;3;12;12;15;12;14;12;13;12
3;3;2;0;14;12;14;12;13;12;12;12
3;3;2;0;14;12;13;12;12;12;11;12
3;3;2;0;13;12;12;12;11;12;10;12
3;3;2;0;12;12;11;12;10;12;9;12
3;3;2;0;11;12;10;12;9;12;8;12
3;3;2;0;10;12;9;12;8;12;7;12
3;3;2;0;9;12;8;12;7;12;6;12
3;3;2;0;8;12;7;12;6;12;5;12
3;3;2;0;7;12;6;12;5;12;4;12
0;3;2;0;6;12;5;12;4;12;3;12
0;0;2;0;5;12;4;12;3;12;3;11
0;0;2;0;4;12;3;12;3;11;3;10
0;0;2;0;3;12;3;11;3;10;3;9
3;0;2;0;3;11;3;10;3;9;3;8
0;3;2;0;3;10;3;9;3;8;2;8
0;0;2;0;3;9;3;8;2;8;2;7
0;0;2;0;3;8;2;8;2;7;2;6
0;0;2;0;2;8;2;7;2;6;2;5
0;0;2;0;2;7;2;6;2;5;2;4
0;0;2;0;2;6;2;5;2;4;2;3
0;0;2;0;2;5;2;4;2;3;2;2
0;0;2;0;2;4;2;3;2;2;2;1
1;0;0;15;2;3;2;3;2;2;2;1;2;0
1;1;0;15;2;3;2;2;2;1;2;0;3;0
1;1;0;15;2;2;2;1;2;0;3;0;4;0
2;1;0;15;2;1;2;0;3;0;4;0;5;0
3;2;0;15;2;0;3;0;4;0;5;0;5;1
3;3;0;15;3;0;4;0;5;0;5;1;4;1
3;3;0;15;4;0;5;0;5;1;4;1;3;1
3;3;0;15;5;0;5;1;4;1;3;1;2;1
3;3;0;15;5;1;4;1;3;1;2;1;1;1
2;3;0;15;4;1;3;1;2;1;1;1;0;1
2;2;0;15;3;1;2;1;1;1;0;1;0;2
2;2;0;15;2;1;1;1;0;1;0;2;0;3
2;2;0;15;1;1;0;1;0;2;0;3;0;4
2;2;0;15;0;1;0;2;0;3;0;4;0;5
2;2;0;15;0;2;0;3;0;4;0;5;0;6
2;2;0;15;0;3;0;4;0;5;0;6;0;7
2;2;0;15;0;4;0;5;0;6;0;7;0;8
2;2;0;15;0;5;0;6;0;7;0;8;0;9
2;2;0;15;0;6;0;7;0;8;0;9;0;10
2;2;0;15;0;7;0;8;0;9;0;10;0;11
2;2;0;15;0;8;0;9;0;10;0;11;0;12
2;2;0;15;0;9;0;10;0;11;0;12;0;13
2;2;0;15;0;10;0;11;0;12;0;13;0;14
1;2;12;10;0;11;0;11;0;12;0;13;0;14;0;15
1;1;12;10;0;11;0;12;0;13;0;14;0;15;1;15
1;1;12;10;0;12;0;13;0;14;0;15;1;15;2;15
0;1;12;10;0;13;0;14;0;15;1;15;2;15;3;15
0;0;12;10;0;14;0;15;1;15;2;15;3;15;3;14
0;0;12;10;0;15;1;15;2;15;3;15;3;14;3;13
0;0;12;10;1;15;2;15;3;15;3;14;3;13;3;12
0;0;12;10;2;15;3;15;3;14;3;13;3;12;3;11
1;0;12;10;3;15;3;14;3;13;3;12;3;11;3;10
1;1;12;10;3;14;3;13;3;12;3;11;3;10;4;10
1;1;12;10;3;13;3;12;3;11;3;10;4;10;5;10
1;1;12;10;3;12;3;11;3;10;4;10;5;10;6;10
1;1;12;10;3;11;3;10;4;10;5;10;6;10;7;10
1;1;12;10;3;10;4;10;5;10;6;10;7;10;8;10
1;1;12;10;4;10;5;10;6;10;7;10;8;10;9;10
1;1;12;10;5;10;6;10;7;10;8;10;9;10;10;10
1;1;12;10;6;10;7;10;8;10;9;10;10;10;11;10
1;1;1;6;7;10;7;10;8;10;9;10;10;10;11;10;12;10
1;1;1;6;7;10;8;10;9;10;10;10;11;10;12;10;13;10
1;1;1;6;8;10;9;10;10;10;11;10;12;10;13;10;14;10
0;1;1;6;9;10;10;10;11;10;12;10;13;10;14;10;15;10
0;0;1;6;10;10;11;10;12;10;13;10;14;10;15;10;15;9
0;0;1;6;11;10;12;10;13;10;14;10;15;10;15;9;15;8
3;0;1;6;12;10;13;10;14;10;15;10;15;9;15;8;15;7
3;3;1;6;13;10;14;10;15;10;15;9;15;8;15;7;14;7
3;3;1;6;14;10;15;10;15;9;15;8;15;7;14;7;13;7
3;3;1;6;15;10;15;9;15;8;15;7;14;7;13;7;12;7
0;3;1;6;15;9;15;8;15;7;14;7;13;7;12;7;11;7
3;0;1;6;15;8;15;7;14;7;13;7;12;7;11;7;11;6
3;3;1;6;15;7;14;7;13;7;12;7;11;7;11;6;10;6
3;3;1;6;14;7;13;7;12;7;11;7;11;6;10;6;9;6
3;3;1;6;13;7;12;7;11;7;11;6;10;6;9;6;8;6
3;3;1;6;12;7;11;7;11;6;10;6;9;6;8;6;7;6
3;3;1;6;11;7;11;6;10;6;9;6;8;6;7;6;6;6
3;3;1;6;11;6;10;6;9;6;8;6;7;6;6;6;5;6
3;3;1;6;10;6;9;6;8;6;7;6;6;6;5;6;4;6
3;3;1;6;9;6;8;6;7;6;6;6;5;6;4;6;3;6
3;3;1;6;8;6;7;6;6;6;5;6;4;6;3;6;2;6
2;3;0;13;7;6;7;6;6;6;5;6;4;6;3;6;2;6;1;6
2;2;0;13;7;6;6;6;5;6;4;6;3;6;2;6;1;6;1;7
2;2;0;13;6;6;5;6;4;6;3;6;2;6;1;6;1;7;1;8
2;2;0;13;5;6;4;6;3;6;2;6;1;6;1;7;1;8;1;9
3;2;0;13;4;6;3;6;2;6;1;6;1;7;1;8;1;9;1;10
2;3;0;13;3;6;2;6;1;6;1;7;1;8;1;9;1;10;0;10
2;2;0;13;2;6;1;6;1;7;1;8;1;9;1;10;0;10;0;11
2;2;0;13;1;6;1;7;1;8;1;9;1;10;0;10;0;11;0;12
2;2;10;14;1;7;1;7;1;8;1;9;1;10;0;10;0;11;0;12;0;13
2;2;10;14;1;7;1;8;1;9;1;10;0;10;0;11;0;12;0;13;0;14
1;2;10;14;1;8;1;9;1;10;0;10;0;11;0;12;0;13;0;14;0;15
1;1;10;14;1;9;1;10;0;10;0;11;0;12;0;13;0;14;0;15;1;15
1;1;10;14;1;10;0;10;0;11;0;12;0;13;0;14;0;15;1;15;2;15
1;1;10;14;0;10;0;11;0;12;0;13;0;14;0;15;1;15;2;15;3;15
0;1;10;14;0;11;0;12;0;13;0;14;0;15;1;15;2;15;3;15;4;15
1;0;10;14;0;12;0;13;0;14;0;15;1;15;2;15;3;15;4;15;4;14
1;1;10;14;0;13;0;14;0;15;1;15;2;15;3;15;4;15;4;14;5;14
1;1;10;14;0;14;0;15;1;15;2;15;3;15;4;15;4;14;5;14;6;14
1;1;10;14;0;15;1;15;2;15;3;15;4;15;4;14;5;14;6;14;7;14
1;1;10;14;1;15;2;15;3;15;4;15;4;14;5;14;6;14;7;14;8;14
1;1;10;14;2;15;3;15;4;15;4;14;5;14;6;14;7;14;8;14;9;14
1;1;14;10;3;15;3;15;4;15;4;14;5;14;6;14;7;14;8;14;9;14;10;14
1;1;14;10;3;15;4;15;4;14;5;14;6;14;7;14;8;14;9;14;10;14;11;14
0;1;14;10;4;15;4;14;5;14;6;14;7;14;8;14;9;14;10;14;11;14;12;14
0;0;14;10;4;14;5;14;6;14;7;14;8;14;9;14;10;14;11;14;12;14;12;13
0;0;14;10;5;14;6;14;7;14;8;14;9;14;10;14;11;14;12;14;12;13;12;12
1;0;14;10;6;14;7;14;8;14;9;14;10;14;11;14;12;14;12;13;12;12;12;11
1;1;14;10;7;14;8;14;9;14;10;14;11;14;12;14;12;13;12;12;12;11;13;11
0;1;14;10;8;14;9;14;10;14;11;14;12;14;12;13;12;12;12;11;13;11;14;11
0;0;19;12;9;14;9;14;10;14;11;14;12;14;12;13;12;12;12;11;13;11;14;11;14;10
0;0;19;12;9;14;10;14;11;14;12;14;12;13;12;12;12;11;13;11;14;11;14;10;14;9
0;0;19;12;10;14;11;14;12;14;12;13;12;12;12;11;13;11;14;11;14;10;14;9;14;8
1;0;19;12;11;14;12;14;12;13;12;12;12;11;13;11;14;11;14;10;14;9;14;8;14;7
1;1;19;12;12;14;12;13;12;12;12;11;13;11;14;11;14;10;14;9;14;8;14;7;15;7
1;1;19;12;12;13;12;12;12;11;13;11;14;11;14;10;14;9;14;8;14;7;15;7;16;7
1;1;19;12;12;12;12;11;13;11;14;11;14;10;14;9;14;8;14;7;15;7;16;7;17;7
1;1;19;12;12;11;13;11;14;11;14;10;14;9;14;8;14;7;15;7;16;7;17;7;18;7
2;1;19;12;13;11;14;11;14;10;14;9;14;8;14;7;15;7;16;7;17;7;18;7;19;7
2;2;19;12;14;11;14;10;14;9;14;8;14;7;15;7;16;7;17;7;18;7;19;7;19;8
2;2;19;12;14;10;14;9;14;8;14;7;15;7;16;7;17;7;18;7;19;7;19;8;19;9
2;2;19;12;14;9;14;8;14;7;15;7;16;7;17;7;18;7;19;7;19;8;19;9;19;10
2;2;19;12;14;8;14;7;15;7;16;7;17;7;18;7;19;7;19;8;19;9;19;10;19;11
3;2;6;16;14;7;14;7;15;7;16;7;17;7;18;7;19;7;19;8;19;9;19;10;19;11;19;12
3;3;6;16;14;7;15;7;16;7;17;7;18;7;19;7;19;8;19;9;19;10;19;11;19;12;18;12
3;3;6;16;15;7;16;7;17;7;18;7;19;7;19;8;19;9;19;10;19;11;19;12;18;12;17;12
2;3;6;16;16;7;17;7;18;7;19;7;19;8;19;9;19;10;19;11;19;12;18;12;17;12;16;12
2;2;6;16;17;7;18;7;19;7;19;8;19;9;19;10;19;11;19;12;18;12;17;12;16;12;16;13
2;2;6;16;18;7;19;7;19;8;19;9;19;10;19;11;19;12;18;12;17;12;16;12;16;13;16;14
2;2;6;16;19;7;19;8;19;9;19;10;19;11;19;12;18;12;17;12;16;12;16;13;16;14;16;15
2;2;6;16;19;8;19;9;19;10;19;11;19;12;18;12;17;12;16;12;16;13;16;14;16;15;16;16
3;2;6;16;19;9;19;10;19;11;19;12;18;12;17;12;16;12;16;13;16;14;16;15;16;16;16;17
3;3;6;16;19;10;19;11;19;12;18;12;17;12;16;12;16;13;16;14;16;15;16;16;16;17;15;17
3;3;6;16;19;11;19;12;18;12;17;12;16;12;16;13;16;14;16;15;16;16;16;17;15;17;14;17
3;3;6;16;19;12;18;12;17;12;16;12;16;13;16;14;16;15;16;16;16;17;15;17;14;17;13;17
3;3;6;16;18;12;17;12;16;12;16;13;16;14;16;15;16;16;16;17;15;17;14;17;13;17;12;17
3;3;6;16;17;12;16;12;16;13;16;14;16;15;16;16;16;17;15;17;14;17;13;17;12;17;11;17
3;3;6;16;16;12;16;13;16;14;16;15;16;16;16;17;15;17;14;17;13;17;12;17;11;17;10;17
3;3;6;16;16;13;16;14;16;15;16;16;16;17;15;17;14;17;13;17;12;17;11;17;10;17;9;17
3;3;6;16;16;14;16;15;16;16;16;17;15;17;14;17;13;17;12;17;11;17;10;17;9;17;8;17
3;3;6;16;16;15;16;16;16;17;15;17;14;17;13;17;12;17;11;17;10;17;9;17;8;17;7;17
0;3;6;16;16;16;16;17;15;17;14;17;13;17;12;17;11;17;10;17;9;17;8;17;7;17;6;17
0;0;16;0;16;17;16;17;15;17;14;17;13;17;12;17;11;17;10;17;9;17;8;17;7;17;6;17;6;16
0;0;16;0;16;17;15;17;14;17;13;17;12;17;11;17;10;17;9;17;8;17;7;17;6;17;6;16;6;15
0;0;16;0;15;17;14;17;13;17;12;17;11;17;10;17;9;17;8;17;7;17;6;17;6;16;6;15;6;14
0;0;16;0;14;17;13;17;12;17;11;17;10;17;9;17;8;17;7;17;6;17;6;16;6;15;6;14;6;13
0;0;16;0;13;17;12;17;11;17;10;17;9;17;8;17;7;17;6;17;6;16;6;15;6;14;6;13;6;12
0;0;16;0;12;17;11;17;10;17;9;17;8;17;7;17;6;17;6;16;6;15;6;14;6;13;6;12;6;11
0;0;16;0;11;17;10;17;9;17;8;17;7;17;6;17;6;16;6;15;6;14;6;13;6;12;6;11;6;10
0;0;16;0;10;17;9;17;8;17;7;17;6;17;6;16;6;15;6;14;6;13;6;12;6;11;6;10;6;9
0;0;16;0;9;17;8;17;7;17;6;17;6;16;6;15;6;14;6;13;6;12;6;11;6;10;6;9;6;8
0;0;16;0;8;17;7;17;6;17;6;16;6;15;6;14;6;13;6;12;6;11;6;10;6;9;6;8;6;7
0;0;16;0;7;17;6;17;6;16;6;15;6;14;6;13;6;12;6;11;6;10;6;9;6;8;6;7;6;6
0;0;16;0;6;17;6;16;6;15;6;14;6;13;6;12;6;11;6;10;6;9;6;8;6;7;6;6;6;5
0;0;16;0;6;16;6;15;6;14;6;13;6;12;6;11;6;10;6;9;6;8;6;7;6;6;6;5;6;4
0;0;16;0;6;15;6;14;6;13;6;12;6;11;6;10;6;9;6;8;6;7;6;6;6;5;6;4;6;3
0;0;16;0;6;14;6;13;6;12;6;11;6;10;6;9;6;8;6;7;6;6;6;5;6;4;6;3;6;2
0;0;16;0;6;13;6;12;6;11;6;10;6;9;6;8;6;7;6;6;6;5;6;4;6;3;6;2;6;1
1;0;16;0;6;12;6;11;6;10;6;9;6;8;6;7;6;6;6;5;6;4;6;3;6;2;6;1;6;0
1;1;16;0;6;11;6;10;6;9;6;8;6;7;6;6;6;5;6;4;6;3;6;2;6;1;6;0;7;0
1;1;16;0;6;10;6;9;6;8;6;7;6;6;6;5;6;4;6;3;6;2;6;1;6;0;7;0;8;0
1;1;16;0;6;9;6;8;6;7;6;6;6;5;6;4;6;3;6;2;6;1;6;0;7;0;8;0;9;0
1;1;16;0;6;8;6;7;6;6;6;5;6;4;6;3;6;2;6;1;6;0;7;0;8;0;9;0;10;0
1;1;16;0;6;7;6;6;6;5;6;4;6;3;6;2;6;1;6;0;7;0;8;0;9;0;10;0;11;0
1;1;16;0;6;6;6;5;6;4;6;3;6;2;6;1;6;0;7;0;8;0;9;0;10;0;11;0;12;0
1;1;16;0;6;5;6;4;6;3;6;2;6;1;6;0;7;0;8;0;9;0;10;0;11;0;12;0;13;0
1;1;16;0;6;4;6;3;6;2;6;1;6;0;7;0;8;0;9;0;10;0;11;0;12;0;13;0;14;0
1;1;16;0;6;3;6;2;6;1;6;0;7;0;8;0;9;0;10;0;11;0;12;0;13;0;14;0;15;0
2;1;19;2;6;2;6;2;6;1;6;0;7;0;8;0;9;0;10;0;11;0;12;0;13;0;14;0;15;0;16;0
2;2;19;2;6;2;6;1;6;0;7;0;8;0;9;0;10;0;11;0;12;0;13;0;14;0;15;0;16;0;16;1
2;2;19;2;6;1;6;0;7;0;8;0;9;0;10;0;11;0;12;0;13;0;14;0;15;0;16;0;16;1;16;2
1;2;19;2;6;0;7;0;8;0;9;0;10;0;11;0;12;0;13;0;14;0;15;0;16;0;16;1;16;2;16;3
1;1;19;2;7;0;8;0;9;0;10;0;11;0;12;0;13;0;14;0;15;0;16;0;16;1;16;2;16;3;17;3
1;1;19;2;8;0;9;0;10;0;11;0;12;0;13;0;14;0;15;0;16;0;16;1;16;2;16;3;17;3;18;3
1;1;19;2;9;0;10;0;11;0;12;0;13;0;14;0;15;0;16;0;16;1;16;2;16;3;17;3;18;3;19;3
