20
1;1;10;6;8;10;9;10;10;10
1;1;10;6;9;10;10;10;11;10
1;1;10;6;10;10;11;10;12;10
1;1;10;6;11;10;12;10;13;10
1;1;10;6;12;10;13;10;14;10
1;1;10;6;13;10;14;10;15;10
0;1;10;6;14;10;15;10;16;10
0;0;10;6;15;10;16;10;16;9
0;0;10;6;16;10;16;9;16;8
3;0;10;6;16;9;16;8;16;7
3;3;10;6;16;8;16;7;15;7
3;3;10;6;16;7;15;7;14;7
3;3;10;6;15;7;14;7;13;7
3;3;10;6;14;7;13;7;12;7
3;3;10;6;13;7;12;7;11;7
0;3;10;6;12;7;11;7;10;7
0;0;5;9;11;7;11;7;10;7;10;6
0;0;5;9;11;7;10;7;10;6;10;5
0;0;5;9;10;7;10;6;10;5;10;4
3;0;5;9;10;6;10;5;10;4;10;3
3;3;5;9;10;5;10;4;10;3;9;3
3;3;5;9;10;4;10;3;9;3;8;3
3;3;5;9;10;3;9;3;8;3;7;3
3;3;5;9;9;3;8;3;7;3;6;3
2;3;5;9;8;3;7;3;6;3;5;3
2;2;5;9;7;3;6;3;5;3;5;4
2;2;5;9;6;3;5;3;5;4;5;5
2;2;5;9;5;3;5;4;5;5;5;6
2;2;5;9;5;4;5;5;5;6;5;7
2;2;5;9;5;5;5;6;5;7;5;8
2;2;19;12;5;6;5;6;5;7;5;8;5;9
2;2;19;12;5;6;5;7;5;8;5;9;5;10
2;2;19;12;5;7;5;8;5;9;5;10;5;11
2;2;19;12;5;8;5;9;5;10;5;11;5;12
1;2;19;12;5;9;5;10;5;11;5;12;5;13
1;1;19;12;5;10;5;11;5;12;5;13;6;13
1;1;19;12;5;11;5;12;5;13;6;13;7;13
1;1;19;12;5;12;5;13;6;13;7;13;8;13
1;1;19;12;5;13;6;13;7;13;8;13;9;13
1;1;19;12;6;13;7;13;8;13;9;13;10;13
1;1;19;12;7;13;8;13;9;13;10;13;11;13
1;1;19;12;8;13;9;13;10;13;11;13;12;13
1;1;19;12;9;13;10;13;11;13;12;13;13;13
1;1;19;12;10;13;11;13;12;13;13;13;14;13
1;1;19;12;11;13;12;13;13;13;14;13;15;13
1;1;19;12;12;13;13;13;14;13;15;13;16;13
1;1;19;12;13;13;14;13;15;13;16;13;17;13
1;1;19;12;14;13;15;13;16;13;17;13;18;13
0;1;19;12;15;13;16;13;17;13;18;13;19;13
0;0;0;13;16;13;16;13;17;13;18;13;19;13;19;12
0;0;0;13;16;13;17;13;18;13;19;13;19;12;19;11
0;0;0;13;17;13;18;13;19;13;19;12;19;11;19;10
3;0;0;13;18;13;19;13;19;12;19;11;19;10;19;9
3;3;0;13;19;13;19;12;19;11;19;10;19;9;18;9
2;3;0;13;19;12;19;11;19;10;19;9;18;9;17;9
2;2;0;13;19;11;19;10;19;9;18;9;17;9;17;10
2;2;0;13;19;10;19;9;18;9;17;9;17;10;17;11
2;2;0;13;19;9;18;9;17;9;17;10;17;11;17;12
2;2;0;13;18;9;17;9;17;10;17;11;17;12;17;13
3;2;0;13;17;9;17;10;17;11;17;12;17;13;17;14
3;3;0;13;17;10;17;11;17;12;17;13;17;14;16;14
3;3;0;13;17;11;17;12;17;13;17;14;16;14;15;14
3;3;0;13;17;12;17;13;17;14;16;14;15;14;14;14
3;3;0;13;17;13;17;14;16;14;15;14;14;14;13;14
3;3;0;13;17;14;16;14;15;14;14;14;13;14;12;14
3;3;0;13;16;14;15;14;14;14;13;14;12;14;11;14
3;3;0;13;15;14;14;14;13;14;12;14;11;14;10;14
3;3;0;13;14;14;13;14;12;14;11;14;10;14;9;14
3;3;0;13;13;14;12;14;11;14;10;14;9;14;8;14
3;3;0;13;12;14;11;14;10;14;9;14;8;14;7;14
3;3;0;13;11;14;10;14;9;14;8;14;7;14;6;14
3;3;0;13;10;14;9;14;8;14;7;14;6;14;5;14
3;3;0;13;9;14;8;14;7;14;6;14;5;14;4;14
3;3;0;13;8;14;7;14;6;14;5;14;4;14;3;14
3;3;0;13;7;14;6;14;5;14;4;14;3;14;2;14
0;3;0;13;6;14;5;14;4;14;3;14;2;14;1;14
0;0;0;13;5;14;4;14;3;14;2;14;1;14;1;13
0;0;0;13;4;14;3;14;2;14;1;14;1;13;1;12
0;0;0;13;3;14;2;14;1;14;1;13;1;12;1;11
0;0;0;13;2;14;1;14;1;13;1;12;1;11;1;10
3;0;0;13;1;14;1;13;1;12;1;11;1;10;1;9
3;3;0;13;1;13;1;12;1;11;1;10;1;9;0;9
