20
1;1;6;6;8;10;9;10;10;10
1;1;6;6;9;10;10;10;11;10
1;1;6;6;10;10;11;10;12;10
0;1;6;6;11;10;12;10;13;10
0;0;6;6;12;10;13;10;13;9
0;0;6;6;13;10;13;9;13;8
0;0;6;6;13;9;13;8;13;7
0;0;6;6;13;8;13;7;13;6
3;0;6;6;13;7;13;6;13;5
3;3;6;6;13;6;13;5;12;5
3;3;6;6;13;5;12;5;11;5
3;3;6;6;12;5;11;5;10;5
3;3;6;6;11;5;10;5;9;5
3;3;6;6;10;5;9;5;8;5
3;3;6;6;9;5;8;5;7;5
2;3;6;6;8;5;7;5;6;5
2;2;7;3;7;5;7;5;6;5;6;6
2;2;7;3;7;5;6;5;6;6;6;7
2;2;7;3;6;5;6;6;6;7;6;8
2;2;7;3;6;6;6;7;6;8;6;9
2;2;7;3;6;7;6;8;6;9;6;10
1;2;7;3;6;8;6;9;6;10;6;11
1;1;7;3;6;9;6;10;6;11;7;11
0;1;7;3;6;10;6;11;7;11;8;11
0;0;7;3;6;11;7;11;8;11;8;10
0;0;7;3;7;11;8;11;8;10;8;9
0;0;7;3;8;11;8;10;8;9;8;8
0;0;7;3;8;10;8;9;8;8;8;7
0;0;7;3;8;9;8;8;8;7;8;6
0;0;7;3;8;8;8;7;8;6;8;5
0;0;7;3;8;7;8;6;8;5;8;4
3;0;7;3;8;6;8;5;8;4;8;3
3;3;6;3;8;5;8;5;8;4;8;3;7;3
3;3;13;16;8;5;8;5;8;4;8;3;7;3;6;3
3;3;13;16;8;5;8;4;8;3;7;3;6;3;5;3
3;3;13;16;8;4;8;3;7;3;6;3;5;3;4;3
2;3;13;16;8;3;7;3;6;3;5;3;4;3;3;3
2;2;13;16;7;3;6;3;5;3;4;3;3;3;3;4
2;2;13;16;6;3;5;3;4;3;3;3;3;4;3;5
2;2;13;16;5;3;4;3;3;3;3;4;3;5;3;6
2;2;13;16;4;3;3;3;3;4;3;5;3;6;3;7
2;2;13;16;3;3;3;4;3;5;3;6;3;7;3;8
2;2;13;16;3;4;3;5;3;6;3;7;3;8;3;9
2;2;13;16;3;5;3;6;3;7;3;8;3;9;3;10
2;2;13;16;3;6;3;7;3;8;3;9;3;10;3;11
2;2;13;16;3;7;3;8;3;9;3;10;3;11;3;12
2;2;13;16;3;8;3;9;3;10;3;11;3;12;3;13
2;2;13;16;3;9;3;10;3;11;3;12;3;13;3;14
2;2;13;16;3;10;3;11;3;12;3;13;3;14;3;15
1;2;13;16;3;11;3;12;3;13;3;14;3;15;3;16
1;1;13;16;3;12;3;13;3;14;3;15;3;16;4;16
1;1;13;16;3;13;3;14;3;15;3;16;4;16;5;16
1;1;13;16;3;14;3;15;3;16;4;16;5;16;6;16
1;1;13;16;3;15;3;16;4;16;5;16;6;16;7;16
1;1;13;16;3;16;4;16;5;16;6;16;7;16;8;16
1;1;13;16;4;16;5;16;6;16;7;16;8;16;9;16
1;1;13;16;5;16;6;16;7;16;8;16;9;16;10;16
1;1;13;16;6;16;7;16;8;16;9;16;10;16;11;16
1;1;13;16;7;16;8;16;9;16;10;16;11;16;12;16
0;1;1;17;8;16;8;16;9;16;10;16;11;16;12;16;13;16
0;0;1;17;8;16;9;16;10;16;11;16;12;16;13;16;13;15
0;0;1;17;9;16;10;16;11;16;12;16;13;16;13;15;13;14
0;0;1;17;10;16;11;16;12;16;13;16;13;15;13;14;13;13
0;0;1;17;11;16;12;16;13;16;13;15;13;14;13;13;13;12
3;0;1;17;12;16;13;16;13;15;13;14;13;13;13;12;13;11
3;3;1;17;13;16;13;15;13;14;13;13;13;12;13;11;12;11
3;3;1;17;13;15;13;14;13;13;13;12;13;11;12;11;11;11
3;3;1;17;13;14;13;13;13;12;13;11;12;11;11;11;10;11
3;3;1;17;13;13;13;12;13;11;12;11;11;11;10;11;9;11
3;3;1;17;13;12;13;11;12;11;11;11;10;11;9;11;8;11
3;3;1;17;13;11;12;11;11;11;10;11;9;11;8;11;7;11
3;3;1;17;12;11;11;11;10;11;9;11;8;11;7;11;6;11
3;3;1;17;11;11;10;11;9;11;8;11;7;11;6;11;5;11
3;3;1;17;10;11;9;11;8;11;7;11;6;11;5;11;4;11
3;3;1;17;9;11;8;11;7;11;6;11;5;11;4;11;3;11
3;3;1;17;8;11;7;11;6;11;5;11;4;11;3;11;2;11
2;3;1;17;7;11;6;11;5;11;4;11;3;11;2;11;1;11
2;2;1;17;6;11;5;11;4;11;3;11;2;11;1;11;1;12
2;2;1;17;5;11;4;11;3;11;2;11;1;11;1;12;1;13
2;2;1;17;4;11;3;11;2;11;1;11;1;12;1;13;1;14
2;2;1;17;3;11;2;11;1;11;1;12;1;13;1;14;1;15
2;2;1;17;2;11;1;11;1;12;1;13;1;14;1;15;1;16
1;2;17;1;1;11;1;11;1;12;1;13;1;14;1;15;1;16;1;17
1;1;17;1;1;11;1;12;1;13;1;14;1;15;1;16;1;17;2;17
1;1;17;1;1;12;1;13;1;14;1;15;1;16;1;17;2;17;3;17
1;1;17;1;1;13;1;14;1;15;1;16;1;17;2;17;3;17;4;17
1;1;17;1;1;14;1;15;1;16;1;17;2;17;3;17;4;17;5;17
1;1;17;1;1;15;1;16;1;17;2;17;3;17;4;17;5;17;6;17
1;1;17;1;1;16;1;17;2;17;3;17;4;17;5;17;6;17;7;17
1;1;17;1;1;17;2;17;3;17;4;17;5;17;6;17;7;17;8;17
1;1;17;1;2;17;3;17;4;17;5;17;6;17;7;17;8;17;9;17
1;1;17;1;3;17;4;17;5;17;6;17;7;17;8;17;9;17;10;17
1;1;17;1;4;17;5;17;6;17;7;17;8;17;9;17;10;17;11;17
1;1;17;1;5;17;6;17;7;17;8;17;9;17;10;17;11;17;12;17
1;1;17;1;6;17;7;17;8;17;9;17;10;17;11;17;12;17;13;17
1;1;17;1;7;17;8;17;9;17;10;17;11;17;12;17;13;17;14;17
1;1;17;1;8;17;9;17;10;17;11;17;12;17;13;17;14;17;15;17
0;1;17;1;9;17;10;17;11;17;12;17;13;17;14;17;15;17;16;17
0;0;17;1;10;17;11;17;12;17;13;17;14;17;15;17;16;17;16;16
0;0;17;1;11;17;12;17;13;17;14;17;15;17;16;17;16;16;16;15
0;0;17;1;12;17;13;17;14;17;15;17;16;17;16;16;16;15;16;14
0;0;17;1;13;17;14;17;15;17;16;17;16;16;16;15;16;14;16;13
1;0;17;1;14;17;15;17;16;17;16;16;16;15;16;14;16;13;16;12
0;1;17;1;15;17;16;17;16;16;16;15;16;14;16;13;16;12;17;12
0;0;17;1;16;17;16;16;16;15;16;14;16;13;16;12;17;12;17;11
0;0;17;1;16;16;16;15;16;14;16;13;16;12;17;12;17;11;17;10
0;0;17;1;16;15;16;14;16;13;16;12;17;12;17;11;17;10;17;9
0;0;17;1;16;14;16;13;16;12;17;12;17;11;17;10;17;9;17;8
0;0;17;1;16;13;16;12;17;12;17;11;17;10;17;9;17;8;17;7
0;0;17;1;16;12;17;12;17;11;17;10;17;9;17;8;17;7;17;6
0;0;17;1;17;12;17;11;17;10;17;9;17;8;17;7;17;6;17;5
0;0;17;1;17;11;17;10;17;9;17;8;17;7;17;6;17;5;17;4
0;0;17;1;17;10;17;9;17;8;17;7;17;6;17;5;17;4;17;3
3;0;17;1;17;9;17;8;17;7;17;6;17;5;17;4;17;3;17;2
3;3;17;1;17;8;17;7;17;6;17;5;17;4;17;3;17;2;16;2
3;3;17;1;17;7;17;6;17;5;17;4;17;3;17;2;16;2;15;2
3;3;17;1;17;6;17;5;17;4;17;3;17;2;16;2;15;2;14;2
3;3;17;1;17;5;17;4;17;3;17;2;16;2;15;2;14;2;13;2
3;3;17;1;17;4;17;3;17;2;16;2;15;2;14;2;13;2;12;2
3;3;17;1;17;3;17;2;16;2;15;2;14;2;13;2;12;2;11;2
3;3;17;1;17;2;16;2;15;2;14;2;13;2;12;2;11;2;10;2
3;3;17;1;16;2;15;2;14;2;13;2;12;2;11;2;10;2;9;2
0;3;17;1;15;2;14;2;13;2;12;2;11;2;10;2;9;2;8;2
0;0;17;1;14;2;13;2;12;2;11;2;10;2;9;2;8;2;8;1
1;0;17;1;13;2;12;2;11;2;10;2;9;2;8;2;8;1;8;0
1;1;17;1;12;2;11;2;10;2;9;2;8;2;8;1;8;0;9;0
1;1;17;1;11;2;10;2;9;2;8;2;8;1;8;0;9;0;10;0
1;1;17;1;10;2;9;2;8;2;8;1;8;0;9;0;10;0;11;0
1;1;17;1;9;2;8;2;8;1;8;0;9;0;10;0;11;0;12;0
1;1;17;1;8;2;8;1;8;0;9;0;10;0;11;0;12;0;13;0
1;1;17;1;8;1;8;0;9;0;10;0;11;0;12;0;13;0;14;0
1;1;17;1;8;0;9;0;10;0;11;0;12;0;13;0;14;0;15;0
1;1;17;1;9;0;10;0;11;0;12;0;13;0;14;0;15;0;16;0
2;1;17;1;10;0;11;0;12;0;13;0;14;0;15;0;16;0;17;0
2;2;19;9;11;0;11;0;12;0;13;0;14;0;15;0;16;0;17;0;17;1
2;2;19;9;11;0;12;0;13;0;14;0;15;0;16;0;17;0;17;1;17;2
2;2;19;9;12;0;13;0;14;0;15;0;16;0;17;0;17;1;17;2;17;3
2;2;19;9;13;0;14;0;15;0;16;0;17;0;17;1;17;2;17;3;17;4
2;2;19;9;14;0;15;0;16;0;17;0;17;1;17;2;17;3;17;4;17;5
2;2;19;9;15;0;16;0;17;0;17;1;17;2;17;3;17;4;17;5;17;6
2;2;19;9;16;0;17;0;17;1;17;2;17;3;17;4;17;5;17;6;17;7
2;2;19;9;17;0;17;1;17;2;17;3;17;4;17;5;17;6;17;7;17;8
2;2;19;9;17;1;17;2;17;3;17;4;17;5;17;6;17;7;17;8;17;9
2;2;19;9;17;2;17;3;17;4;17;5;17;6;17;7;17;8;17;9;17;10
2;2;19;9;17;3;17;4;17;5;17;6;17;7;17;8;17;9;17;10;17;11
2;2;19;9;17;4;17;5;17;6;17;7;17;8;17;9;17;10;17;11;17;12
1;2;19;9;17;5;17;6;17;7;17;8;17;9;17;10;17;11;17;12;17;13
1;1;19;9;17;6;17;7;17;8;17;9;17;10;17;11;17;12;17;13;18;13
0;1;19;9;17;7;17;8;17;9;17;10;17;11;17;12;17;13;18;13;19;13
0;0;19;9;17;8;17;9;17;10;17;11;17;12;17;13;18;13;19;13;19;12
0;0;19;9;17;9;17;10;17;11;17;12;17;13;18;13;19;13;19;12;19;11
0;0;19;9;17;10;17;11;17;12;17;13;18;13;19;13;19;12;19;11;19;10
0;0;15;15;17;11;17;11;17;12;17;13;18;13;19;13;19;12;19;11;19;10;19;9
0;0;15;15;17;11;17;12;17;13;18;13;19;13;19;12;19;11;19;10;19;9;19;8
3;0;15;15;17;12;17;13;18;13;19;13;19;12;19;11;19;10;19;9;19;8;19;7
3;3;15;15;17;13;18;13;19;13;19;12;19;11;19;10;19;9;19;8;19;7;18;7
3;3;15;15;18;13;19;13;19;12;19;11;19;10;19;9;19;8;19;7;18;7;17;7
3;3;15;15;19;13;19;12;19;11;19;10;19;9;19;8;19;7;18;7;17;7;16;7
3;3;15;15;19;12;19;11;19;10;19;9;19;8;19;7;18;7;17;7;16;7;15;7
2;3;15;15;19;11;19;10;19;9;19;8;19;7;18;7;17;7;16;7;15;7;14;7
2;2;15;15;19;10;19;9;19;8;19;7;18;7;17;7;16;7;15;7;14;7;14;8
2;2;15;15;19;9;19;8;19;7;18;7;17;7;16;7;15;7;14;7;14;8;14;9
2;2;15;15;19;8;19;7;18;7;17;7;16;7;15;7;14;7;14;8;14;9;14;10
2;2;15;15;19;7;18;7;17;7;16;7;15;7;14;7;14;8;14;9;14;10;14;11
1;2;15;15;18;7;17;7;16;7;15;7;14;7;14;8;14;9;14;10;14;11;14;12
2;1;15;15;17;7;16;7;15;7;14;7;14;8;14;9;14;10;14;11;14;12;15;12
2;2;15;15;16;7;15;7;14;7;14;8;14;9;14;10;14;11;14;12;15;12;15;13
3;2;15;15;15;7;14;7;14;8;14;9;14;10;14;11;14;12;15;12;15;13;15;14
3;3;15;15;14;7;14;8;14;9;14;10;14;11;14;12;15;12;15;13;15;14;14;14
3;3;15;15;14;8;14;9;14;10;14;11;14;12;15;12;15;13;15;14;14;14;13;14
3;3;15;15;14;9;14;10;14;11;14;12;15;12;15;13;15;14;14;14;13;14;12;14
3;3;15;15;14;10;14;11;14;12;15;12;15;13;15;14;14;14;13;14;12;14;11;14
3;3;15;15;14;11;14;12;15;12;15;13;15;14;14;14;13;14;12;14;11;14;10;14
3;3;15;15;14;12;15;12;15;13;15;14;14;14;13;14;12;14;11;14;10;14;9;14
3;3;15;15;15;12;15;13;15;14;14;14;13;14;12;14;11;14;10;14;9;14;8;14
3;3;15;15;15;13;15;14;14;14;13;14;12;14;11;14;10;14;9;14;8;14;7;14
2;3;15;15;15;14;14;14;13;14;12;14;11;14;10;14;9;14;8;14;7;14;6;14
1;2;15;15;14;14;13;14;12;14;11;14;10;14;9;14;8;14;7;14;6;14;6;15
1;1;15;15;13;14;12;14;11;14;10;14;9;14;8;14;7;14;6;14;6;15;7;15
1;1;15;15;12;14;11;14;10;14;9;14;8;14;7;14;6;14;6;15;7;15;8;15
1;1;15;15;11;14;10;14;9;14;8;14;7;14;6;14;6;15;7;15;8;15;9;15
1;1;15;15;10;14;9;14;8;14;7;14;6;14;6;15;7;15;8;15;9;15;10;15
1;1;15;15;9;14;8;14;7;14;6;14;6;15;7;15;8;15;9;15;10;15;11;15
1;1;15;15;8;14;7;14;6;14;6;15;7;15;8;15;9;15;10;15;11;15;12;15
1;1;15;15;7;14;6;14;6;15;7;15;8;15;9;15;10;15;11;15;12;15;13;15
1;1;15;15;6;14;6;15;7;15;8;15;9;15;10;15;11;15;12;15;13;15;14;15
1;1;1;4;6;15;6;15;7;15;8;15;9;15;10;15;11;15;12;15;13;15;14;15;15;15
1;1;1;4;6;15;7;15;8;15;9;15;10;15;11;15;12;15;13;15;14;15;15;15;16;15
1;1;1;4;7;15;8;15;9;15;10;15;11;15;12;15;13;15;14;15;15;15;16;15;17;15
1;1;1;4;8;15;9;15;10;15;11;15;12;15;13;15;14;15;15;15;16;15;17;15;18;15
1;1;1;4;9;15;10;15;11;15;12;15;13;15;14;15;15;15;16;15;17;15;18;15;19;15
