20
1;1;18;7;8;10;9;10;10;10
1;1;18;7;9;10;10;10;11;10
1;1;18;7;10;10;11;10;12;10
1;1;18;7;11;10;12;10;13;10
1;1;18;7;12;10;13;10;14;10
1;1;18;7;13;10;14;10;15;10
1;1;18;7;14;10;15;10;16;10
1;1;18;7;15;10;16;10;17;10
0;1;18;7;16;10;17;10;18;10
0;0;18;7;17;10;18;10;18;9
0;0;18;7;18;10;18;9;18;8
0;0;14;5;18;9;18;9;18;8;18;7
0;0;14;5;18;9;18;8;18;7;18;6
3;0;14;5;18;8;18;7;18;6;18;5
3;3;14;5;18;7;18;6;18;5;17;5
3;3;14;5;18;6;18;5;17;5;16;5
3;3;14;5;18;5;17;5;16;5;15;5
3;3;3;14;17;5;17;5;16;5;15;5;14;5
3;3;3;14;17;5;16;5;15;5;14;5;13;5
3;3;3;14;16;5;15;5;14;5;13;5;12;5
3;3;3;14;15;5;14;5;13;5;12;5;11;5
3;3;3;14;14;5;13;5;12;5;11;5;10;5
3;3;3;14;13;5;12;5;11;5;10;5;9;5
3;3;3;14;12;5;11;5;10;5;9;5;8;5
3;3;3;14;11;5;10;5;9;5;8;5;7;5
3;3;3;14;10;5;9;5;8;5;7;5;6;5
3;3;3;14;9;5;8;5;7;5;6;5;5;5
3;3;3;14;8;5;7;5;6;5;5;5;4;5
2;3;3;14;7;5;6;5;5;5;4;5;3;5
2;2;3;14;6;5;5;5;4;5;3;5;3;6
2;2;3;14;5;5;4;5;3;5;3;6;3;7
2;2;3;14;4;5;3;5;3;6;3;7;3;8
2;2;3;14;3;5;3;6;3;7;3;8;3;9
2;2;3;14;3;6;3;7;3;8;3;9;3;10
2;2;3;14;3;7;3;8;3;9;3;10;3;11
2;2;3;14;3;8;3;9;3;10;3;11;3;12
2;2;3;14;3;9;3;10;3;11;3;12;3;13
2;2;2;10;3;10;3;10;3;11;3;12;3;13;3;14
1;2;2;10;3;10;3;11;3;12;3;13;3;14;3;15
1;1;2;10;3;11;3;12;3;13;3;14;3;15;4;15
1;1;2;10;3;12;3;13;3;14;3;15;4;15;5;15
1;1;2;10;3;13;3;14;3;15;4;15;5;15;6;15
1;1;2;10;3;14;3;15;4;15;5;15;6;15;7;15
1;1;2;10;3;15;4;15;5;15;6;15;7;15;8;15
1;1;2;10;4;15;5;15;6;15;7;15;8;15;9;15
0;1;2;10;5;15;6;15;7;15;8;15;9;15;10;15
0;0;2;10;6;15;7;15;8;15;9;15;10;15;10;14
0;0;2;10;7;15;8;15;9;15;10;15;10;14;10;13
0;0;2;10;8;15;9;15;10;15;10;14;10;13;10;12
0;0;2;10;9;15;10;15;10;14;10;13;10;12;10;11
3;0;2;10;10;15;10;14;10;13;10;12;10;11;10;10
3;3;2;10;10;14;10;13;10;12;10;11;10;10;9;10
3;3;2;10;10;13;10;12;10;11;10;10;9;10;8;10
3;3;2;10;10;12;10;11;10;10;9;10;8;10;7;10
3;3;2;10;10;11;10;10;9;10;8;10;7;10;6;10
3;3;2;10;10;10;9;10;8;10;7;10;6;10;5;10
3;3;2;10;9;10;8;10;7;10;6;10;5;10;4;10
3;3;2;10;8;10;7;10;6;10;5;10;4;10;3;10
2;3;11;13;7;10;7;10;6;10;5;10;4;10;3;10;2;10
2;2;11;13;7;10;6;10;5;10;4;10;3;10;2;10;2;11
2;2;11;13;6;10;5;10;4;10;3;10;2;10;2;11;2;12
2;2;11;13;5;10;4;10;3;10;2;10;2;11;2;12;2;13
2;2;11;13;4;10;3;10;2;10;2;11;2;12;2;13;2;14
1;2;11;13;3;10;2;10;2;11;2;12;2;13;2;14;2;15
1;1;11;13;2;10;2;11;2;12;2;13;2;14;2;15;3;15
1;1;11;13;2;11;2;12;2;13;2;14;2;15;3;15;4;15
1;1;11;13;2;12;2;13;2;14;2;15;3;15;4;15;5;15
1;1;11;13;2;13;2;14;2;15;3;15;4;15;5;15;6;15
1;1;11;13;2;14;2;15;3;15;4;15;5;15;6;15;7;15
1;1;11;13;2;15;3;15;4;15;5;15;6;15;7;15;8;15
0;1;11;13;3;15;4;15;5;15;6;15;7;15;8;15;9;15
0;0;11;13;4;15;5;15;6;15;7;15;8;15;9;15;9;14
0;0;11;13;5;15;6;15;7;15;8;15;9;15;9;14;9;13
0;0;11;13;6;15;7;15;8;15;9;15;9;14;9;13;9;12
0;0;11;13;7;15;8;15;9;15;9;14;9;13;9;12;9;11
1;0;11;13;8;15;9;15;9;14;9;13;9;12;9;11;9;10
1;1;11;13;9;15;9;14;9;13;9;12;9;11;9;10;10;10
1;1;11;13;9;14;9;13;9;12;9;11;9;10;10;10;11;10
1;1;11;13;9;13;9;12;9;11;9;10;10;10;11;10;12;10
1;1;11;13;9;12;9;11;9;10;10;10;11;10;12;10;13;10
1;1;11;13;9;11;9;10;10;10;11;10;12;10;13;10;14;10
2;1;11;13;9;10;10;10;11;10;12;10;13;10;14;10;15;10
2;2;11;13;10;10;11;10;12;10;13;10;14;10;15;10;15;11
2;2;11;13;11;10;12;10;13;10;14;10;15;10;15;11;15;12
2;2;11;13;12;10;13;10;14;10;15;10;15;11;15;12;15;13
2;2;11;13;13;10;14;10;15;10;15;11;15;12;15;13;15;14
2;2;11;13;14;10;15;10;15;11;15;12;15;13;15;14;15;15
2;2;11;13;15;10;15;11;15;12;15;13;15;14;15;15;15;16
3;2;11;13;15;11;15;12;15;13;15;14;15;15;15;16;15;17
3;3;11;13;15;12;15;13;15;14;15;15;15;16;15;17;14;17
3;3;11;13;15;13;15;14;15;15;15;16;15;17;14;17;13;17
3;3;11;13;15;14;15;15;15;16;15;17;14;17;13;17;12;17
3;3;11;13;15;15;15;16;15;17;14;17;13;17;12;17;11;17
0;3;11;13;15;16;15;17;14;17;13;17;12;17;11;17;10;17
0;0;11;13;15;17;14;17;13;17;12;17;11;17;10;17;10;16
0;0;11;13;14;17;13;17;12;17;11;17;10;17;10;16;10;15
0;0;11;13;13;17;12;17;11;17;10;17;10;16;10;15;10;14
0;0;11;13;12;17;11;17;10;17;10;16;10;15;10;14;10;13
0;0;11;13;11;17;10;17;10;16;10;15;10;14;10;13;10;12
0;0;11;13;10;17;10;16;10;15;10;14;10;13;10;12;10;11
0;0;11;13;10;16;10;15;10;14;10;13;10;12;10;11;10;10
0;0;11;13;10;15;10;14;10;13;10;12;10;11;10;10;10;9
0;0;11;13;10;14;10;13;10;12;10;11;10;10;10;9;10;8
0;0;11;13;10;13;10;12;10;11;10;10;10;9;10;8;10;7
1;0;11;13;10;12;10;11;10;10;10;9;10;8;10;7;10;6
1;1;11;13;10;11;10;10;10;9;10;8;10;7;10;6;11;6
1;1;11;13;10;10;10;9;10;8;10;7;10;6;11;6;12;6
1;1;11;13;10;9;10;8;10;7;10;6;11;6;12;6;13;6
1;1;11;13;10;8;10;7;10;6;11;6;12;6;13;6;14;6
1;1;11;13;10;7;10;6;11;6;12;6;13;6;14;6;15;6
2;1;11;13;10;6;11;6;12;6;13;6;14;6;15;6;16;6
2;2;11;13;11;6;12;6;13;6;14;6;15;6;16;6;16;7
2;2;11;13;12;6;13;6;14;6;15;6;16;6;16;7;16;8
2;2;11;13;13;6;14;6;15;6;16;6;16;7;16;8;16;9
2;2;11;13;14;6;15;6;16;6;16;7;16;8;16;9;16;10
2;2;11;13;15;6;16;6;16;7;16;8;16;9;16;10;16;11
2;2;11;13;16;6;16;7;16;8;16;9;16;10;16;11;16;12
3;2;11;13;16;7;16;8;16;9;16;10;16;11;16;12;16;13
3;3;11;13;16;8;16;9;16;10;16;11;16;12;16;13;15;13
3;3;11;13;16;9;16;10;16;11;16;12;16;13;15;13;14;13
3;3;11;13;16;10;16;11;16;12;16;13;15;13;14;13;13;13
3;3;11;13;16;11;16;12;16;13;15;13;14;13;13;13;12;13
3;3;3;6;16;12;16;12;16;13;15;13;14;13;13;13;12;13;11;13
3;3;3;6;16;12;16;13;15;13;14;13;13;13;12;13;11;13;10;13
0;3;3;6;16;13;15;13;14;13;13;13;12;13;11;13;10;13;9;13
0;0;3;6;15;13;14;13;13;13;12;13;11;13;10;13;9;13;9;12
0;0;3;6;14;13;13;13;12;13;11;13;10;13;9;13;9;12;9;11
0;0;3;6;13;13;12;13;11;13;10;13;9;13;9;12;9;11;9;10
0;0;3;6;12;13;11;13;10;13;9;13;9;12;9;11;9;10;9;9
0;0;3;6;11;13;10;13;9;13;9;12;9;11;9;10;9;9;9;8
3;0;3;6;10;13;9;13;9;12;9;11;9;10;9;9;9;8;9;7
3;3;3;6;9;13;9;12;9;11;9;10;9;9;9;8;9;7;8;7
3;3;3;6;9;12;9;11;9;10;9;9;9;8;9;7;8;7;7;7
3;3;3;6;9;11;9;10;9;9;9;8;9;7;8;7;7;7;6;7
3;3;3;6;9;10;9;9;9;8;9;7;8;7;7;7;6;7;5;7
3;3;3;6;9;9;9;8;9;7;8;7;7;7;6;7;5;7;4;7
3;3;3;6;9;8;9;7;8;7;7;7;6;7;5;7;4;7;3;7
0;3;3;6;9;7;8;7;7;7;6;7;5;7;4;7;3;7;2;7
0;0;3;6;8;7;7;7;6;7;5;7;4;7;3;7;2;7;2;6
0;0;3;6;7;7;6;7;5;7;4;7;3;7;2;7;2;6;2;5
0;0;3;6;6;7;5;7;4;7;3;7;2;7;2;6;2;5;2;4
0;0;3;6;5;7;4;7;3;7;2;7;2;6;2;5;2;4;2;3
0;0;3;6;4;7;3;7;2;7;2;6;2;5;2;4;2;3;2;2
0;0;3;6;3;7;2;7;2;6;2;5;2;4;2;3;2;2;2;1
1;0;3;6;2;7;2;6;2;5;2;4;2;3;2;2;2;1;2;0
1;1;3;6;2;6;2;5;2;4;2;3;2;2;2;1;2;0;3;0
1;1;3;6;2;5;2;4;2;3;2;2;2;1;2;0;3;0;4;0
1;1;3;6;2;4;2;3;2;2;2;1;2;0;3;0;4;0;5;0
1;1;3;6;2;3;2;2;2;1;2;0;3;0;4;0;5;0;6;0
1;1;3;6;2;2;2;1;2;0;3;0;4;0;5;0;6;0;7;0
1;1;3;6;2;1;2;0;3;0;4;0;5;0;6;0;7;0;8;0
1;1;3;6;2;0;3;0;4;0;5;0;6;0;7;0;8;0;9;0
1;1;3;6;3;0;4;0;5;0;6;0;7;0;8;0;9;0;10;0
1;1;3;6;4;0;5;0;6;0;7;0;8;0;9;0;10;0;11;0
2;1;3;6;5;0;6;0;7;0;8;0;9;0;10;0;11;0;12;0
2;2;3;6;6;0;7;0;8;0;9;0;10;0;11;0;12;0;12;1
2;2;3;6;7;0;8;0;9;0;10;0;11;0;12;0;12;1;12;2
2;2;3;6;8;0;9;0;10;0;11;0;12;0;12;1;12;2;12;3
2;2;3;6;9;0;10;0;11;0;12;0;12;1;12;2;12;3;12;4
3;2;3;6;10;0;11;0;12;0;12;1;12;2;12;3;12;4;12;5
3;3;3;6;11;0;12;0;12;1;12;2;12;3;12;4;12;5;11;5
3;3;3;6;12;0;12;1;12;2;12;3;12;4;12;5;11;5;10;5
3;3;3;6;12;1;12;2;12;3;12;4;12;5;11;5;10;5;9;5
3;3;3;6;12;2;12;3;12;4;12;5;11;5;10;5;9;5;8;5
3;3;3;6;12;3;12;4;12;5;11;5;10;5;9;5;8;5;7;5
3;3;3;6;12;4;12;5;11;5;10;5;9;5;8;5;7;5;6;5
3;3;3;6;12;5;11;5;10;5;9;5;8;5;7;5;6;5;5;5
3;3;3;6;11;5;10;5;9;5;8;5;7;5;6;5;5;5;4;5
2;3;3;6;10;5;9;5;8;5;7;5;6;5;5;5;4;5;3;5
2;2;2;2;9;5;9;5;8;5;7;5;6;5;5;5;4;5;3;5;3;6
2;2;2;2;9;5;8;5;7;5;6;5;5;5;4;5;3;5;3;6;3;7
2;2;2;2;8;5;7;5;6;5;5;5;4;5;3;5;3;6;3;7;3;8
2;2;2;2;7;5;6;5;5;5;4;5;3;5;3;6;3;7;3;8;3;9
2;2;2;2;6;5;5;5;4;5;3;5;3;6;3;7;3;8;3;9;3;10
2;2;2;2;5;5;4;5;3;5;3;6;3;7;3;8;3;9;3;10;3;11
2;2;2;2;4;5;3;5;3;6;3;7;3;8;3;9;3;10;3;11;3;12
3;2;2;2;3;5;3;6;3;7;3;8;3;9;3;10;3;11;3;12;3;13
0;3;2;2;3;6;3;7;3;8;3;9;3;10;3;11;3;12;3;13;2;13
0;0;2;2;3;7;3;8;3;9;3;10;3;11;3;12;3;13;2;13;2;12
0;0;2;2;3;8;3;9;3;10;3;11;3;12;3;13;2;13;2;12;2;11
0;0;2;2;3;9;3;10;3;11;3;12;3;13;2;13;2;12;2;11;2;10
0;0;2;2;3;10;3;11;3;12;3;13;2;13;2;12;2;11;2;10;2;9
0;0;2;2;3;11;3;12;3;13;2;13;2;12;2;11;2;10;2;9;2;8
0;0;2;2;3;12;3;13;2;13;2;12;2;11;2;10;2;9;2;8;2;7
0;0;2;2;3;13;2;13;2;12;2;11;2;10;2;9;2;8;2;7;2;6
0;0;2;2;2;13;2;12;2;11;2;10;2;9;2;8;2;7;2;6;2;5
0;0;2;2;2;12;2;11;2;10;2;9;2;8;2;7;2;6;2;5;2;4
0;0;2;2;2;11;2;10;2;9;2;8;2;7;2;6;2;5;2;4;2;3
1;0;13;12;2;10;2;10;2;9;2;8;2;7;2;6;2;5;2;4;2;3;2;2
1;1;13;12;2;10;2;9;2;8;2;7;2;6;2;5;2;4;2;3;2;2;3;2
1;1;13;12;2;9;2;8;2;7;2;6;2;5;2;4;2;3;2;2;3;2;4;2
1;1;13;12;2;8;2;7;2;6;2;5;2;4;2;3;2;2;3;2;4;2;5;2
1;1;13;12;2;7;2;6;2;5;2;4;2;3;2;2;3;2;4;2;5;2;6;2
1;1;13;12;2;6;2;5;2;4;2;3;2;2;3;2;4;2;5;2;6;2;7;2
1;1;13;12;2;5;2;4;2;3;2;2;3;2;4;2;5;2;6;2;7;2;8;2
1;1;13;12;2;4;2;3;2;2;3;2;4;2;5;2;6;2;7;2;8;2;9;2
1;1;13;12;2;3;2;2;3;2;4;2;5;2;6;2;7;2;8;2;9;2;10;2
1;1;13;12;2;2;3;2;4;2;5;2;6;2;7;2;8;2;9;2;10;2;11;2
1;1;13;12;3;2;4;2;5;2;6;2;7;2;8;2;9;2;10;2;11;2;12;2
2;1;13;12;4;2;5;2;6;2;7;2;8;2;9;2;10;2;11;2;12;2;13;2
2;2;13;12;5;2;6;2;7;2;8;2;9;2;10;2;11;2;12;2;13;2;13;3
2;2;13;12;6;2;7;2;8;2;9;2;10;2;11;2;12;2;13;2;13;3;13;4
2;2;13;12;7;2;8;2;9;2;10;2;11;2;12;2;13;2;13;3;13;4;13;5
2;2;13;12;8;2;9;2;10;2;11;2;12;2;13;2;13;3;13;4;13;5;13;6
2;2;13;12;9;2;10;2;11;2;12;2;13;2;13;3;13;4;13;5;13;6;13;7
2;2;13;12;10;2;11;2;12;2;13;2;13;3;13;4;13;5;13;6;13;7;13;8
2;2;13;12;11;2;12;2;13;2;13;3;13;4;13;5;13;6;13;7;13;8;13;9
2;2;13;12;12;2;13;2;13;3;13;4;13;5;13;6;13;7;13;8;13;9;13;10
2;2;13;12;13;2;13;3;13;4;13;5;13;6;13;7;13;8;13;9;13;10;13;11
3;2;5;15;13;3;13;3;13;4;13;5;13;6;13;7;13;8;13;9;13;10;13;11;13;12
3;3;5;15;13;3;13;4;13;5;13;6;13;7;13;8;13;9;13;10;13;11;13;12;12;12
3;3;5;15;13;4;13;5;13;6;13;7;13;8;13;9;13;10;13;11;13;12;12;12;11;12
3;3;5;15;13;5;13;6;13;7;13;8;13;9;13;10;13;11;13;12;12;12;11;12;10;12
3;3;5;15;13;6;13;7;13;8;13;9;13;10;13;11;13;12;12;12;11;12;10;12;9;12
3;3;5;15;13;7;13;8;13;9;13;10;13;11;13;12;12;12;11;12;10;12;9;12;8;12
3;3;5;15;13;8;13;9;13;10;13;11;13;12;12;12;11;12;10;12;9;12;8;12;7;12
3;3;5;15;13;9;13;10;13;11;13;12;12;12;11;12;10;12;9;12;8;12;7;12;6;12
2;3;5;15;13;10;13;11;13;12;12;12;11;12;10;12;9;12;8;12;7;12;6;12;5;12
2;2;5;15;13;11;13;12;12;12;11;12;10;12;9;12;8;12;7;12;6;12;5;12;5;13
1;2;5;15;13;12;12;12;11;12;10;12;9;12;8;12;7;12;6;12;5;12;5;13;5;14
1;1;5;15;12;12;11;12;10;12;9;12;8;12;7;12;6;12;5;12;5;13;5;14;6;14
1;1;5;15;11;12;10;12;9;12;8;12;7;12;6;12;5;12;5;13;5;14;6;14;7;14
1;1;5;15;10;12;9;12;8;12;7;12;6;12;5;12;5;13;5;14;6;14;7;14;8;14
1;1;5;15;9;12;8;12;7;12;6;12;5;12;5;13;5;14;6;14;7;14;8;14;9;14
1;1;5;15;8;12;7;12;6;12;5;12;5;13;5;14;6;14;7;14;8;14;9;14;10;14
1;1;5;15;7;12;6;12;5;12;5;13;5;14;6;14;7;14;8;14;9;14;10;14;11;14
1;1;5;15;6;12;5;12;5;13;5;14;6;14;7;14;8;14;9;14;10;14;11;14;12;14
2;1;5;15;5;12;5;13;5;14;6;14;7;14;8;14;9;14;10;14;11;14;12;14;13;14
3;2;5;15;5;13;5;14;6;14;7;14;8;14;9;14;10;14;11;14;12;14;13;14;13;15
3;3;5;15;5;14;6;14;7;14;8;14;9;14;10;14;11;14;12;14;13;14;13;15;12;15
3;3;5;15;6;14;7;14;8;14;9;14;10;14;11;14;12;14;13;14;13;15;12;15;11;15
3;3;5;15;7;14;8;14;9;14;10;14;11;14;12;14;13;14;13;15;12;15;11;15;10;15
3;3;5;15;8;14;9;14;10;14;11;14;12;14;13;14;13;15;12;15;11;15;10;15;9;15
3;3;5;15;9;14;10;14;11;14;12;14;13;14;13;15;12;15;11;15;10;15;9;15;8;15
3;3;5;15;10;14;11;14;12;14;13;14;13;15;12;15;11;15;10;15;9;15;8;15;7;15
3;3;5;15;11;14;12;14;13;14;13;15;12;15;11;15;10;15;9;15;8;15;7;15;6;15
3;3;19;15;12;14;12;14;13;14;13;15;12;15;11;15;10;15;9;15;8;15;7;15;6;15;5;15
0;3;19;15;12;14;13;14;13;15;12;15;11;15;10;15;9;15;8;15;7;15;6;15;5;15;4;15
0;0;19;15;13;14;13;15;12;15;11;15;10;15;9;15;8;15;7;15;6;15;5;15;4;15;4;14
0;0;19;15;13;15;12;15;11;15;10;15;9;15;8;15;7;15;6;15;5;15;4;15;4;14;4;13
0;0;19;15;12;15;11;15;10;15;9;15;8;15;7;15;6;15;5;15;4;15;4;14;4;13;4;12
0;0;19;15;11;15;10;15;9;15;8;15;7;15;6;15;5;15;4;15;4;14;4;13;4;12;4;11
0;0;19;15;10;15;9;15;8;15;7;15;6;15;5;15;4;15;4;14;4;13;4;12;4;11;4;10
0;0;19;15;9;15;8;15;7;15;6;15;5;15;4;15;4;14;4;13;4;12;4;11;4;10;4;9
0;0;19;15;8;15;7;15;6;15;5;15;4;15;4;14;4;13;4;12;4;11;4;10;4;9;4;8
0;0;19;15;7;15;6;15;5;15;4;15;4;14;4;13;4;12;4;11;4;10;4;9;4;8;4;7
0;0;19;15;6;15;5;15;4;15;4;14;4;13;4;12;4;11;4;10;4;9;4;8;4;7;4;6
1;0;19;15;5;15;4;15;4;14;4;13;4;12;4;11;4;10;4;9;4;8;4;7;4;6;4;5
1;1;19;15;4;15;4;14;4;13;4;12;4;11;4;10;4;9;4;8;4;7;4;6;4;5;5;5
1;1;19;15;4;14;4;13;4;12;4;11;4;10;4;9;4;8;4;7;4;6;4;5;5;5;6;5
1;1;19;15;4;13;4;12;4;11;4;10;4;9;4;8;4;7;4;6;4;5;5;5;6;5;7;5
1;1;19;15;4;12;4;11;4;10;4;9;4;8;4;7;4;6;4;5;5;5;6;5;7;5;8;5
1;1;19;15;4;11;4;10;4;9;4;8;4;7;4;6;4;5;5;5;6;5;7;5;8;5;9;5
1;1;19;15;4;10;4;9;4;8;4;7;4;6;4;5;5;5;6;5;7;5;8;5;9;5;10;5
1;1;19;15;4;9;4;8;4;7;4;6;4;5;5;5;6;5;7;5;8;5;9;5;10;5;11;5
1;1;19;15;4;8;4;7;4;6;4;5;5;5;6;5;7;5;8;5;9;5;10;5;11;5;12;5
1;1;19;15;4;7;4;6;4;5;5;5;6;5;7;5;8;5;9;5;10;5;11;5;12;5;13;5
1;1;19;15;4;6;4;5;5;5;6;5;7;5;8;5;9;5;10;5;11;5;12;5;13;5;14;5
1;1;19;15;4;5;5;5;6;5;7;5;8;5;9;5;10;5;11;5;12;5;13;5;14;5;15;5
1;1;19;15;5;5;6;5;7;5;8;5;9;5;10;5;11;5;12;5;13;5;14;5;15;5;16;5
1;1;19;15;6;5;7;5;8;5;9;5;10;5;11;5;12;5;13;5;14;5;15;5;16;5;17;5
2;1;19;15;7;5;8;5;9;5;10;5;11;5;12;5;13;5;14;5;15;5;16;5;17;5;18;5
2;2;19;15;8;5;9;5;10;5;11;5;12;5;13;5;14;5;15;5;16;5;17;5;18;5;18;6
2;2;19;15;9;5;10;5;11;5;12;5;13;5;14;5;15;5;16;5;17;5;18;5;18;6;18;7
2;2;19;15;10;5;11;5;12;5;13;5;14;5;15;5;16;5;17;5;18;5;18;6;18;7;18;8
2;2;19;15;11;5;12;5;13;5;14;5;15;5;16;5;17;5;18;5;18;6;18;7;18;8;18;9
2;2;19;15;12;5;13;5;14;5;15;5;16;5;17;5;18;5;18;6;18;7;18;8;18;9;18;10
2;2;19;15;13;5;14;5;15;5;16;5;17;5;18;5;18;6;18;7;18;8;18;9;18;10;18;11
2;2;19;15;14;5;15;5;16;5;17;5;18;5;18;6;18;7;18;8;18;9;18;10;18;11;18;12
3;2;19;15;15;5;16;5;17;5;18;5;18;6;18;7;18;8;18;9;18;10;18;11;18;12;18;13
3;3;19;15;16;5;17;5;18;5;18;6;18;7;18;8;18;9;18;10;18;11;18;12;18;13;17;13
3;3;19;15;17;5;18;5;18;6;18;7;18;8;18;9;18;10;18;11;18;12;18;13;17;13;16;13
3;3;19;15;18;5;18;6;18;7;18;8;18;9;18;10;18;11;18;12;18;13;17;13;16;13;15;13
3;3;19;15;18;6;18;7;18;8;18;9;18;10;18;11;18;12;18;13;17;13;16;13;15;13;14;13
3;3;19;15;18;7;18;8;18;9;18;10;18;11;18;12;18;13;17;13;16;13;15;13;14;13;13;13
3;3;19;15;18;8;18;9;18;10;18;11;18;12;18;13;17;13;16;13;15;13;14;13;13;13;12;13
3;3;19;15;18;9;18;10;18;11;18;12;18;13;17;13;16;13;15;13;14;13;13;13;12;13;11;13
3;3;19;15;18;10;18;11;18;12;18;13;17;13;16;13;15;13;14;13;13;13;12;13;11;13;10;13
3;3;19;15;18;11;18;12;18;13;17;13;16;13;15;13;14;13;13;13;12;13;11;13;10;13;9;13
3;3;19;15;18;12;18;13;17;13;16;13;15;13;14;13;13;13;12;13;11;13;10;13;9;13;8;13
3;3;19;15;18;13;17;13;16;13;15;13;14;13;13;13;12;13;11;13;10;13;9;13;8;13;7;13
3;3;19;15;17;13;16;13;15;13;14;13;13;13;12;13;11;13;10;13;9;13;8;13;7;13;6;13
3;3;19;15;16;13;15;13;14;13;13;13;12;13;11;13;10;13;9;13;8;13;7;13;6;13;5;13
3;3;19;15;15;13;14;13;13;13;12;13;11;13;10;13;9;13;8;13;7;13;6;13;5;13;4;13
2;3;19;15;14;13;13;13;12;13;11;13;10;13;9;13;8;13;7;13;6;13;5;13;4;13;3;13
2;2;19;15;13;13;12;13;11;13;10;13;9;13;8;13;7;13;6;13;5;13;4;13;3;13;3;14
1;2;19;15;12;13;11;13;10;13;9;13;8;13;7;13;6;13;5;13;4;13;3;13;3;14;3;15
1;1;19;15;11;13;10;13;9;13;8;13;7;13;6;13;5;13;4;13;3;13;3;14;3;15;4;15
1;1;19;15;10;13;9;13;8;13;7;13;6;13;5;13;4;13;3;13;3;14;3;15;4;15;5;15
1;1;19;15;9;13;8;13;7;13;6;13;5;13;4;13;3;13;3;14;3;15;4;15;5;15;6;15
1;1;19;15;8;13;7;13;6;13;5;13;4;13;3;13;3;14;3;15;4;15;5;15;6;15;7;15
1;1;19;15;7;13;6;13;5;13;4;13;3;13;3;14;3;15;4;15;5;15;6;15;7;15;8;15
1;1;19;15;6;13;5;13;4;13;3;13;3;14;3;15;4;15;5;15;6;15;7;15;8;15;9;15
1;1;19;15;5;13;4;13;3;13;3;14;3;15;4;15;5;15;6;15;7;15;8;15;9;15;10;15
1;1;19;15;4;13;3;13;3;14;3;15;4;15;5;15;6;15;7;15;8;15;9;15;10;15;11;15
1;1;19;15;3;13;3;14;3;15;4;15;5;15;6;15;7;15;8;15;9;15;10;15;11;15;12;15
1;1;19;15;3;14;3;15;4;15;5;15;6;15;7;15;8;15;9;15;10;15;11;15;12;15;13;15
1;1;19;15;3;15;4;15;5;15;6;15;7;15;8;15;9;15;10;15;11;15;12;15;13;15;14;15
1;1;19;15;4;15;5;15;6;15;7;15;8;15;9;15;10;15;11;15;12;15;13;15;14;15;15;15
1;1;19;15;5;15;6;15;7;15;8;15;9;15;10;15;11;15;12;15;13;15;14;15;15;15;16;15
1;1;19;15;6;15;7;15;8;15;9;15;10;15;11;15;12;15;13;15;14;15;15;15;16;15;17;15
0;1;19;15;7;15;8;15;9;15;10;15;11;15;12;15;13;15;14;15;15;15;16;15;17;15;18;15
0;0;19;15;8;15;9;15;10;15;11;15;12;15;13;15;14;15;15;15;16;15;17;15;18;15;18;14
0;0;19;15;9;15;10;15;11;15;12;15;13;15;14;15;15;15;16;15;17;15;18;15;18;14;18;13
0;0;19;15;10;15;11;15;12;15;13;15;14;15;15;15;16;15;17;15;18;15;18;14;18;13;18;12
0;0;19;15;11;15;12;15;13;15;14;15;15;15;16;15;17;15;18;15;18;14;18;13;18;12;18;11
0;0;19;15;12;15;13;15;14;15;15;15;16;15;17;15;18;15;18;14;18;13;18;12;18;11;18;10
0;0;19;15;13;15;14;15;15;15;16;15;17;15;18;15;18;14;18;13;18;12;18;11;18;10;18;9
0;0;19;15;14;15;15;15;16;15;17;15;18;15;18;14;18;13;18;12;18;11;18;10;18;9;18;8
0;0;19;15;15;15;16;15;17;15;18;15;18;14;18;13;18;12;18;11;18;10;18;9;18;8;18;7
0;0;19;15;16;15;17;15;18;15;18;14;18;13;18;12;18;11;18;10;18;9;18;8;18;7;18;6
1;0;19;15;17;15;18;15;18;14;18;13;18;12;18;11;18;10;18;9;18;8;18;7;18;6;18;5
1;1;19;15;18;15;18;14;18;13;18;12;18;11;18;10;18;9;18;8;18;7;18;6;18;5;19;5
