20
1;1;3;9;8;10;9;10;10;10
1;1;3;9;9;10;10;10;11;10
1;1;3;9;10;10;11;10;12;10
1;1;3;9;11;10;12;10;13;10
1;1;3;9;12;10;13;10;14;10
1;1;3;9;13;10;14;10;15;10
1;1;3;9;14;10;15;10;16;10
1;1;3;9;15;10;16;10;17;10
1;1;3;9;16;10;17;10;18;10
0;1;3;9;17;10;18;10;19;10
0;0;3;9;18;10;19;10;19;9
0;0;3;9;19;10;19;9;19;8
0;0;3;9;19;9;19;8;19;7
0;0;3;9;19;8;19;7;19;6
0;0;3;9;19;7;19;6;19;5
3;0;3;9;19;6;19;5;19;4
3;3;3;9;19;5;19;4;18;4
3;3;3;9;19;4;18;4;17;4
2;3;3;9;18;4;17;4;16;4
2;2;3;9;17;4;16;4;16;5
2;2;3;9;16;4;16;5;16;6
2;2;3;9;16;5;16;6;16;7
3;2;3;9;16;6;16;7;16;8
3;3;3;9;16;7;16;8;15;8
3;3;3;9;16;8;15;8;14;8
2;3;3;9;15;8;14;8;13;8
2;2;3;9;14;8;13;8;13;9
3;2;3;9;13;8;13;9;13;10
3;3;3;9;13;9;13;10;12;10
3;3;3;9;13;10;12;10;11;10
3;3;3;9;12;10;11;10;10;10
3;3;3;9;11;10;10;10;9;10
3;3;3;9;10;10;9;10;8;10
3;3;3;9;9;10;8;10;7;10
3;3;3;9;8;10;7;10;6;10
3;3;3;9;7;10;6;10;5;10
3;3;3;9;6;10;5;10;4;10
0;3;3;9;5;10;4;10;3;10
0;0;14;8;4;10;4;10;3;10;3;9
0;0;14;8;4;10;3;10;3;9;3;8
0;0;14;8;3;10;3;9;3;8;3;7
1;0;14;8;3;9;3;8;3;7;3;6
1;1;14;8;3;8;3;7;3;6;4;6
1;1;14;8;3;7;3;6;4;6;5;6
2;1;14;8;3;6;4;6;5;6;6;6
2;2;14;8;4;6;5;6;6;6;6;7
1;2;14;8;5;6;6;6;6;7;6;8
1;1;14;8;6;6;6;7;6;8;7;8
1;1;14;8;6;7;6;8;7;8;8;8
1;1;14;8;6;8;7;8;8;8;9;8
1;1;14;8;7;8;8;8;9;8;10;8
1;1;14;8;8;8;9;8;10;8;11;8
1;1;14;8;9;8;10;8;11;8;12;8
1;1;14;8;10;8;11;8;12;8;13;8
1;1;15;0;11;8;11;8;12;8;13;8;14;8
1;1;15;0;11;8;12;8;13;8;14;8;15;8
0;1;15;0;12;8;13;8;14;8;15;8;16;8
0;0;15;0;13;8;14;8;15;8;16;8;16;7
0;0;15;0;14;8;15;8;16;8;16;7;16;6
0;0;15;0;15;8;16;8;16;7;16;6;16;5
0;0;15;0;16;8;16;7;16;6;16;5;16;4
0;0;15;0;16;7;16;6;16;5;16;4;16;3
0;0;15;0;16;6;16;5;16;4;16;3;16;2
0;0;15;0;16;5;16;4;16;3;16;2;16;1
3;0;15;0;16;4;16;3;16;2;16;1;16;0
3;3;9;13;16;3;16;3;16;2;16;1;16;0;15;0
3;3;9;13;16;3;16;2;16;1;16;0;15;0;14;0
3;3;9;13;16;2;16;1;16;0;15;0;14;0;13;0
3;3;9;13;16;1;16;0;15;0;14;0;13;0;12;0
3;3;9;13;16;0;15;0;14;0;13;0;12;0;11;0
3;3;9;13;15;0;14;0;13;0;12;0;11;0;10;0
2;3;9;13;14;0;13;0;12;0;11;0;10;0;9;0
2;2;9;13;13;0;12;0;11;0;10;0;9;0;9;1
2;2;9;13;12;0;11;0;10;0;9;0;9;1;9;2
2;2;9;13;11;0;10;0;9;0;9;1;9;2;9;3
2;2;9;13;10;0;9;0;9;1;9;2;9;3;9;4
2;2;9;13;9;0;9;1;9;2;9;3;9;4;9;5
2;2;9;13;9;1;9;2;9;3;9;4;9;5;9;6
2;2;9;13;9;2;9;3;9;4;9;5;9;6;9;7
2;2;9;13;9;3;9;4;9;5;9;6;9;7;9;8
2;2;9;13;9;4;9;5;9;6;9;7;9;8;9;9
2;2;9;13;9;5;9;6;9;7;9;8;9;9;9;10
2;2;9;13;9;6;9;7;9;8;9;9;9;10;9;11
2;2;9;13;9;7;9;8;9;9;9;10;9;11;9;12
2;2;17;5;9;8;9;8;9;9;9;10;9;11;9;12;9;13
2;2;17;5;9;8;9;9;9;10;9;11;9;12;9;13;9;14
1;2;17;5;9;9;9;10;9;11;9;12;9;13;9;14;9;15
1;1;17;5;9;10;9;11;9;12;9;13;9;14;9;15;10;15
1;1;17;5;9;11;9;12;9;13;9;14;9;15;10;15;11;15
1;1;17;5;9;12;9;13;9;14;9;15;10;15;11;15;12;15
1;1;17;5;9;13;9;14;9;15;10;15;11;15;12;15;13;15
1;1;17;5;9;14;9;15;10;15;11;15;12;15;13;15;14;15
1;1;17;5;9;15;10;15;11;15;12;15;13;15;14;15;15;15
1;1;17;5;10;15;11;15;12;15;13;15;14;15;15;15;16;15
0;1;17;5;11;15;12;15;13;15;14;15;15;15;16;15;17;15
0;0;17;5;12;15;13;15;14;15;15;15;16;15;17;15;17;14
0;0;17;5;13;15;14;15;15;15;16;15;17;15;17;14;17;13
0;0;17;5;14;15;15;15;16;15;17;15;17;14;17;13;17;12
0;0;17;5;15;15;16;15;17;15;17;14;17;13;17;12;17;11
0;0;17;5;16;15;17;15;17;14;17;13;17;12;17;11;17;10
0;0;17;5;17;15;17;14;17;13;17;12;17;11;17;10;17;9
0;0;17;5;17;14;17;13;17;12;17;11;17;10;17;9;17;8
0;0;17;5;17;13;17;12;17;11;17;10;17;9;17;8;17;7
0;0;17;5;17;12;17;11;17;10;17;9;17;8;17;7;17;6
0;0;6;19;17;11;17;11;17;10;17;9;17;8;17;7;17;6;17;5
3;0;6;19;17;11;17;10;17;9;17;8;17;7;17;6;17;5;17;4
3;3;6;19;17;10;17;9;17;8;17;7;17;6;17;5;17;4;16;4
3;3;6;19;17;9;17;8;17;7;17;6;17;5;17;4;16;4;15;4
2;3;6;19;17;8;17;7;17;6;17;5;17;4;16;4;15;4;14;4
2;2;6;19;17;7;17;6;17;5;17;4;16;4;15;4;14;4;14;5
2;2;6;19;17;6;17;5;17;4;16;4;15;4;14;4;14;5;14;6
2;2;6;19;17;5;17;4;16;4;15;4;14;4;14;5;14;6;14;7
2;2;6;19;17;4;16;4;15;4;14;4;14;5;14;6;14;7;14;8
2;2;6;19;16;4;15;4;14;4;14;5;14;6;14;7;14;8;14;9
2;2;6;19;15;4;14;4;14;5;14;6;14;7;14;8;14;9;14;10
2;2;6;19;14;4;14;5;14;6;14;7;14;8;14;9;14;10;14;11
2;2;6;19;14;5;14;6;14;7;14;8;14;9;14;10;14;11;14;12
2;2;6;19;14;6;14;7;14;8;14;9;14;10;14;11;14;12;14;13
2;2;6;19;14;7;14;8;14;9;14;10;14;11;14;12;14;13;14;14
2;2;6;19;14;8;14;9;14;10;14;11;14;12;14;13;14;14;14;15
2;2;6;19;14;9;14;10;14;11;14;12;14;13;14;14;14;15;14;16
2;2;6;19;14;10;14;11;14;12;14;13;14;14;14;15;14;16;14;17
2;2;6;19;14;11;14;12;14;13;14;14;14;15;14;16;14;17;14;18
3;2;6;19;14;12;14;13;14;14;14;15;14;16;14;17;14;18;14;19
3;3;6;19;14;13;14;14;14;15;14;16;14;17;14;18;14;19;13;19
3;3;6;19;14;14;14;15;14;16;14;17;14;18;14;19;13;19;12;19
3;3;6;19;14;15;14;16;14;17;14;18;14;19;13;19;12;19;11;19
3;3;6;19;14;16;14;17;14;18;14;19;13;19;12;19;11;19;10;19
3;3;6;19;14;17;14;18;14;19;13;19;12;19;11;19;10;19;9;19
3;3;6;19;14;18;14;19;13;19;12;19;11;19;10;19;9;19;8;19
3;3;6;19;14;19;13;19;12;19;11;19;10;19;9;19;8;19;7;19
3;3;14;5;13;19;13;19;12;19;11;19;10;19;9;19;8;19;7;19;6;19
3;3;14;5;13;19;12;19;11;19;10;19;9;19;8;19;7;19;6;19;5;19
0;3;14;5;12;19;11;19;10;19;9;19;8;19;7;19;6;19;5;19;4;19
0;0;14;5;11;19;10;19;9;19;8;19;7;19;6;19;5;19;4;19;4;18
0;0;14;5;10;19;9;19;8;19;7;19;6;19;5;19;4;19;4;18;4;17
0;0;14;5;9;19;8;19;7;19;6;19;5;19;4;19;4;18;4;17;4;16
0;0;14;5;8;19;7;19;6;19;5;19;4;19;4;18;4;17;4;16;4;15
0;0;14;5;7;19;6;19;5;19;4;19;4;18;4;17;4;16;4;15;4;14
0;0;14;5;6;19;5;19;4;19;4;18;4;17;4;16;4;15;4;14;4;13
0;0;14;5;5;19;4;19;4;18;4;17;4;16;4;15;4;14;4;13;4;12
0;0;14;5;4;19;4;18;4;17;4;16;4;15;4;14;4;13;4;12;4;11
0;0;14;5;4;18;4;17;4;16;4;15;4;14;4;13;4;12;4;11;4;10
0;0;14;5;4;17;4;16;4;15;4;14;4;13;4;12;4;11;4;10;4;9
0;0;14;5;4;16;4;15;4;14;4;13;4;12;4;11;4;10;4;9;4;8
0;0;14;5;4;15;4;14;4;13;4;12;4;11;4;10;4;9;4;8;4;7
0;0;14;5;4;14;4;13;4;12;4;11;4;10;4;9;4;8;4;7;4;6
1;0;14;5;4;13;4;12;4;11;4;10;4;9;4;8;4;7;4;6;4;5
1;1;14;5;4;12;4;11;4;10;4;9;4;8;4;7;4;6;4;5;5;5
1;1;14;5;4;11;4;10;4;9;4;8;4;7;4;6;4;5;5;5;6;5
1;1;14;5;4;10;4;9;4;8;4;7;4;6;4;5;5;5;6;5;7;5
1;1;14;5;4;9;4;8;4;7;4;6;4;5;5;5;6;5;7;5;8;5
1;1;14;5;4;8;4;7;4;6;4;5;5;5;6;5;7;5;8;5;9;5
1;1;14;5;4;7;4;6;4;5;5;5;6;5;7;5;8;5;9;5;10;5
1;1;14;5;4;6;4;5;5;5;6;5;7;5;8;5;9;5;10;5;11;5
1;1;14;5;4;5;5;5;6;5;7;5;8;5;9;5;10;5;11;5;12;5
1;1;14;5;5;5;6;5;7;5;8;5;9;5;10;5;11;5;12;5;13;5
1;1;12;0;6;5;6;5;7;5;8;5;9;5;10;5;11;5;12;5;13;5;14;5
1;1;12;0;6;5;7;5;8;5;9;5;10;5;11;5;12;5;13;5;14;5;15;5
1;1;12;0;7;5;8;5;9;5;10;5;11;5;12;5;13;5;14;5;15;5;16;5
0;1;12;0;8;5;9;5;10;5;11;5;12;5;13;5;14;5;15;5;16;5;17;5
0;0;12;0;9;5;10;5;11;5;12;5;13;5;14;5;15;5;16;5;17;5;17;4
0;0;12;0;10;5;11;5;12;5;13;5;14;5;15;5;16;5;17;5;17;4;17;3
0;0;12;0;11;5;12;5;13;5;14;5;15;5;16;5;17;5;17;4;17;3;17;2
0;0;12;0;12;5;13;5;14;5;15;5;16;5;17;5;17;4;17;3;17;2;17;1
3;0;12;0;13;5;14;5;15;5;16;5;17;5;17;4;17;3;17;2;17;1;17;0
3;3;12;0;14;5;15;5;16;5;17;5;17;4;17;3;17;2;17;1;17;0;16;0
3;3;12;0;15;5;16;5;17;5;17;4;17;3;17;2;17;1;17;0;16;0;15;0
3;3;12;0;16;5;17;5;17;4;17;3;17;2;17;1;17;0;16;0;15;0;14;0
3;3;12;0;17;5;17;4;17;3;17;2;17;1;17;0;16;0;15;0;14;0;13;0
3;3;8;8;17;4;17;4;17;3;17;2;17;1;17;0;16;0;15;0;14;0;13;0;12;0
3;3;8;8;17;4;17;3;17;2;17;1;17;0;16;0;15;0;14;0;13;0;12;0;11;0
3;3;8;8;17;3;17;2;17;1;17;0;16;0;15;0;14;0;13;0;12;0;11;0;10;0
2;3;8;8;17;2;17;1;17;0;16;0;15;0;14;0;13;0;12;0;11;0;10;0;9;0
2;2;8;8;17;1;17;0;16;0;15;0;14;0;13;0;12;0;11;0;10;0;9;0;9;1
3;2;8;8;17;0;16;0;15;0;14;0;13;0;12;0;11;0;10;0;9;0;9;1;9;2
2;3;8;8;16;0;15;0;14;0;13;0;12;0;11;0;10;0;9;0;9;1;9;2;8;2
2;2;8;8;15;0;14;0;13;0;12;0;11;0;10;0;9;0;9;1;9;2;8;2;8;3
2;2;8;8;14;0;13;0;12;0;11;0;10;0;9;0;9;1;9;2;8;2;8;3;8;4
2;2;8;8;13;0;12;0;11;0;10;0;9;0;9;1;9;2;8;2;8;3;8;4;8;5
2;2;8;8;12;0;11;0;10;0;9;0;9;1;9;2;8;2;8;3;8;4;8;5;8;6
2;2;8;8;11;0;10;0;9;0;9;1;9;2;8;2;8;3;8;4;8;5;8;6;8;7
2;2;0;5;10;0;10;0;9;0;9;1;9;2;8;2;8;3;8;4;8;5;8;6;8;7;8;8
2;2;0;5;10;0;9;0;9;1;9;2;8;2;8;3;8;4;8;5;8;6;8;7;8;8;8;9
3;2;0;5;9;0;9;1;9;2;8;2;8;3;8;4;8;5;8;6;8;7;8;8;8;9;8;10
3;3;0;5;9;1;9;2;8;2;8;3;8;4;8;5;8;6;8;7;8;8;8;9;8;10;7;10
3;3;0;5;9;2;8;2;8;3;8;4;8;5;8;6;8;7;8;8;8;9;8;10;7;10;6;10
3;3;0;5;8;2;8;3;8;4;8;5;8;6;8;7;8;8;8;9;8;10;7;10;6;10;5;10
3;3;0;5;8;3;8;4;8;5;8;6;8;7;8;8;8;9;8;10;7;10;6;10;5;10;4;10
3;3;0;5;8;4;8;5;8;6;8;7;8;8;8;9;8;10;7;10;6;10;5;10;4;10;3;10
3;3;0;5;8;5;8;6;8;7;8;8;8;9;8;10;7;10;6;10;5;10;4;10;3;10;2;10
3;3;0;5;8;6;8;7;8;8;8;9;8;10;7;10;6;10;5;10;4;10;3;10;2;10;1;10
0;3;0;5;8;7;8;8;8;9;8;10;7;10;6;10;5;10;4;10;3;10;2;10;1;10;0;10
0;0;0;5;8;8;8;9;8;10;7;10;6;10;5;10;4;10;3;10;2;10;1;10;0;10;0;9
0;0;0;5;8;9;8;10;7;10;6;10;5;10;4;10;3;10;2;10;1;10;0;10;0;9;0;8
0;0;0;5;8;10;7;10;6;10;5;10;4;10;3;10;2;10;1;10;0;10;0;9;0;8;0;7
0;0;0;5;7;10;6;10;5;10;4;10;3;10;2;10;1;10;0;10;0;9;0;8;0;7;0;6
1;0;1;15;6;10;6;10;5;10;4;10;3;10;2;10;1;10;0;10;0;9;0;8;0;7;0;6;0;5
1;1;1;15;6;10;5;10;4;10;3;10;2;10;1;10;0;10;0;9;0;8;0;7;0;6;0;5;1;5
1;1;1;15;5;10;4;10;3;10;2;10;1;10;0;10;0;9;0;8;0;7;0;6;0;5;1;5;2;5
1;1;1;15;4;10;3;10;2;10;1;10;0;10;0;9;0;8;0;7;0;6;0;5;1;5;2;5;3;5
2;1;1;15;3;10;2;10;1;10;0;10;0;9;0;8;0;7;0;6;0;5;1;5;2;5;3;5;4;5
2;2;1;15;2;10;1;10;0;10;0;9;0;8;0;7;0;6;0;5;1;5;2;5;3;5;4;5;4;6
2;2;1;15;1;10;0;10;0;9;0;8;0;7;0;6;0;5;1;5;2;5;3;5;4;5;4;6;4;7
2;2;1;15;0;10;0;9;0;8;0;7;0;6;0;5;1;5;2;5;3;5;4;5;4;6;4;7;4;8
3;2;1;15;0;9;0;8;0;7;0;6;0;5;1;5;2;5;3;5;4;5;4;6;4;7;4;8;4;9
3;3;1;15;0;8;0;7;0;6;0;5;1;5;2;5;3;5;4;5;4;6;4;7;4;8;4;9;3;9
3;3;1;15;0;7;0;6;0;5;1;5;2;5;3;5;4;5;4;6;4;7;4;8;4;9;3;9;2;9
2;3;1;15;0;6;0;5;1;5;2;5;3;5;4;5;4;6;4;7;4;8;4;9;3;9;2;9;1;9
2;2;1;15;0;5;1;5;2;5;3;5;4;5;4;6;4;7;4;8;4;9;3;9;2;9;1;9;1;10
2;2;1;15;1;5;2;5;3;5;4;5;4;6;4;7;4;8;4;9;3;9;2;9;1;9;1;10;1;11
2;2;1;15;2;5;3;5;4;5;4;6;4;7;4;8;4;9;3;9;2;9;1;9;1;10;1;11;1;12
2;2;1;15;3;5;4;5;4;6;4;7;4;8;4;9;3;9;2;9;1;9;1;10;1;11;1;12;1;13
2;2;1;15;4;5;4;6;4;7;4;8;4;9;3;9;2;9;1;9;1;10;1;11;1;12;1;13;1;14
1;2;6;6;4;6;4;6;4;7;4;8;4;9;3;9;2;9;1;9;1;10;1;11;1;12;1;13;1;14;1;15
1;1;6;6;4;6;4;7;4;8;4;9;3;9;2;9;1;9;1;10;1;11;1;12;1;13;1;14;1;15;2;15
1;1;6;6;4;7;4;8;4;9;3;9;2;9;1;9;1;10;1;11;1;12;1;13;1;14;1;15;2;15;3;15
1;1;6;6;4;8;4;9;3;9;2;9;1;9;1;10;1;11;1;12;1;13;1;14;1;15;2;15;3;15;4;15
1;1;6;6;4;9;3;9;2;9;1;9;1;10;1;11;1;12;1;13;1;14;1;15;2;15;3;15;4;15;5;15
0;1;6;6;3;9;2;9;1;9;1;10;1;11;1;12;1;13;1;14;1;15;2;15;3;15;4;15;5;15;6;15
0;0;6;6;2;9;1;9;1;10;1;11;1;12;1;13;1;14;1;15;2;15;3;15;4;15;5;15;6;15;6;14
0;0;6;6;1;9;1;10;1;11;1;12;1;13;1;14;1;15;2;15;3;15;4;15;5;15;6;15;6;14;6;13
0;0;6;6;1;10;1;11;1;12;1;13;1;14;1;15;2;15;3;15;4;15;5;15;6;15;6;14;6;13;6;12
0;0;6;6;1;11;1;12;1;13;1;14;1;15;2;15;3;15;4;15;5;15;6;15;6;14;6;13;6;12;6;11
0;0;6;6;1;12;1;13;1;14;1;15;2;15;3;15;4;15;5;15;6;15;6;14;6;13;6;12;6;11;6;10
0;0;6;6;1;13;1;14;1;15;2;15;3;15;4;15;5;15;6;15;6;14;6;13;6;12;6;11;6;10;6;9
0;0;6;6;1;14;1;15;2;15;3;15;4;15;5;15;6;15;6;14;6;13;6;12;6;11;6;10;6;9;6;8
0;0;6;6;1;15;2;15;3;15;4;15;5;15;6;15;6;14;6;13;6;12;6;11;6;10;6;9;6;8;6;7
0;0;3;0;2;15;2;15;3;15;4;15;5;15;6;15;6;14;6;13;6;12;6;11;6;10;6;9;6;8;6;7;6;6
0;0;3;0;2;15;3;15;4;15;5;15;6;15;6;14;6;13;6;12;6;11;6;10;6;9;6;8;6;7;6;6;6;5
0;0;3;0;3;15;4;15;5;15;6;15;6;14;6;13;6;12;6;11;6;10;6;9;6;8;6;7;6;6;6;5;6;4
0;0;3;0;4;15;5;15;6;15;6;14;6;13;6;12;6;11;6;10;6;9;6;8;6;7;6;6;6;5;6;4;6;3
0;0;3;0;5;15;6;15;6;14;6;13;6;12;6;11;6;10;6;9;6;8;6;7;6;6;6;5;6;4;6;3;6;2
3;0;3;0;6;15;6;14;6;13;6;12;6;11;6;10;6;9;6;8;6;7;6;6;6;5;6;4;6;3;6;2;6;1
3;3;3;0;6;14;6;13;6;12;6;11;6;10;6;9;6;8;6;7;6;6;6;5;6;4;6;3;6;2;6;1;5;1
3;3;3;0;6;13;6;12;6;11;6;10;6;9;6;8;6;7;6;6;6;5;6;4;6;3;6;2;6;1;5;1;4;1
3;3;3;0;6;12;6;11;6;10;6;9;6;8;6;7;6;6;6;5;6;4;6;3;6;2;6;1;5;1;4;1;3;1
0;3;3;0;6;11;6;10;6;9;6;8;6;7;6;6;6;5;6;4;6;3;6;2;6;1;5;1;4;1;3;1;2;1
3;0;3;0;6;10;6;9;6;8;6;7;6;6;6;5;6;4;6;3;6;2;6;1;5;1;4;1;3;1;2;1;2;0
3;3;3;0;6;9;6;8;6;7;6;6;6;5;6;4;6;3;6;2;6;1;5;1;4;1;3;1;2;1;2;0;1;0
3;3;3;0;6;8;6;7;6;6;6;5;6;4;6;3;6;2;6;1;5;1;4;1;3;1;2;1;2;0;1;0;0;0
