20
1;1;3;2;8;10;9;10;10;10
1;1;3;2;9;10;10;10;11;10
1;1;3;2;10;10;11;10;12;10
1;1;3;2;11;10;12;10;13;10
1;1;3;2;12;10;13;10;14;10
1;1;3;2;13;10;14;10;15;10
1;1;3;2;14;10;15;10;16;10
0;1;3;2;15;10;16;10;17;10
0;0;3;2;16;10;17;10;17;9
0;0;3;2;17;10;17;9;17;8
0;0;3;2;17;9;17;8;17;7
0;0;3;2;17;8;17;7;17;6
0;0;3;2;17;7;17;6;17;5
0;0;3;2;17;6;17;5;17;4
3;0;3;2;17;5;17;4;17;3
3;3;3;2;17;4;17;3;16;3
3;3;3;2;17;3;16;3;15;3
0;3;3;2;16;3;15;3;14;3
3;0;3;2;15;3;14;3;14;2
3;3;3;2;14;3;14;2;13;2
3;3;3;2;14;2;13;2;12;2
3;3;3;2;13;2;12;2;11;2
3;3;3;2;12;2;11;2;10;2
3;3;3;2;11;2;10;2;9;2
3;3;3;2;10;2;9;2;8;2
3;3;3;2;9;2;8;2;7;2
3;3;3;2;8;2;7;2;6;2
3;3;3;2;7;2;6;2;5;2
3;3;3;2;6;2;5;2;4;2
3;3;12;2;5;2;5;2;4;2;3;2
2;3;12;2;5;2;4;2;3;2;2;2
2;2;12;2;4;2;3;2;2;2;2;3
1;2;12;2;3;2;2;2;2;3;2;4
0;1;12;2;2;2;2;3;2;4;3;4
0;0;12;2;2;3;2;4;3;4;3;3
0;0;12;2;2;4;3;4;3;3;3;2
1;0;12;2;3;4;3;3;3;2;3;1
1;1;12;2;3;3;3;2;3;1;4;1
1;1;12;2;3;2;3;1;4;1;5;1
1;1;12;2;3;1;4;1;5;1;6;1
1;1;12;2;4;1;5;1;6;1;7;1
1;1;12;2;5;1;6;1;7;1;8;1
1;1;12;2;6;1;7;1;8;1;9;1
1;1;12;2;7;1;8;1;9;1;10;1
1;1;12;2;8;1;9;1;10;1;11;1
2;1;12;2;9;1;10;1;11;1;12;1
2;2;5;2;10;1;10;1;11;1;12;1;12;2
2;2;5;2;10;1;11;1;12;1;12;2;12;3
3;2;5;2;11;1;12;1;12;2;12;3;12;4
3;3;5;2;12;1;12;2;12;3;12;4;11;4
0;3;5;2;12;2;12;3;12;4;11;4;10;4
3;0;5;2;12;3;12;4;11;4;10;4;10;3
3;3;5;2;12;4;11;4;10;4;10;3;9;3
3;3;5;2;11;4;10;4;10;3;9;3;8;3
3;3;5;2;10;4;10;3;9;3;8;3;7;3
0;3;5;2;10;3;9;3;8;3;7;3;6;3
3;0;5;2;9;3;8;3;7;3;6;3;6;2
3;3;2;17;8;3;8;3;7;3;6;3;6;2;5;2
3;3;2;17;8;3;7;3;6;3;6;2;5;2;4;2
3;3;2;17;7;3;6;3;6;2;5;2;4;2;3;2
2;3;2;17;6;3;6;2;5;2;4;2;3;2;2;2
2;2;2;17;6;2;5;2;4;2;3;2;2;2;2;3
3;2;2;17;5;2;4;2;3;2;2;2;2;3;2;4
2;3;2;17;4;2;3;2;2;2;2;3;2;4;1;4
2;2;2;17;3;2;2;2;2;3;2;4;1;4;1;5
2;2;2;17;2;2;2;3;2;4;1;4;1;5;1;6
2;2;2;17;2;3;2;4;1;4;1;5;1;6;1;7
2;2;2;17;2;4;1;4;1;5;1;6;1;7;1;8
2;2;2;17;1;4;1;5;1;6;1;7;1;8;1;9
2;2;2;17;1;5;1;6;1;7;1;8;1;9;1;10
2;2;2;17;1;6;1;7;1;8;1;9;1;10;1;11
2;2;2;17;1;7;1;8;1;9;1;10;1;11;1;12
2;2;2;17;1;8;1;9;1;10;1;11;1;12;1;13
2;2;2;17;1;9;1;10;1;11;1;12;1;13;1;14
2;2;2;17;1;10;1;11;1;12;1;13;1;14;1;15
2;2;2;17;1;11;1;12;1;13;1;14;1;15;1;16
1;2;2;17;1;12;1;13;1;14;1;15;1;16;1;17
1;1;0;18;1;13;1;13;1;14;1;15;1;16;1;17;2;17
1;1;0;18;1;13;1;14;1;15;1;16;1;17;2;17;3;17
1;1;0;18;1;14;1;15;1;16;1;17;2;17;3;17;4;17
1;1;0;18;1;15;1;16;1;17;2;17;3;17;4;17;5;17
2;1;0;18;1;16;1;17;2;17;3;17;4;17;5;17;6;17
2;2;0;18;1;17;2;17;3;17;4;17;5;17;6;17;6;18
2;2;0;18;2;17;3;17;4;17;5;17;6;17;6;18;6;19
