20
1;1;18;14;8;10;9;10;10;10
1;1;18;14;9;10;10;10;11;10
1;1;18;14;10;10;11;10;12;10
1;1;18;14;11;10;12;10;13;10
1;1;18;14;12;10;13;10;14;10
1;1;18;14;13;10;14;10;15;10
1;1;18;14;14;10;15;10;16;10
1;1;18;14;15;10;16;10;17;10
2;1;18;14;16;10;17;10;18;10
2;2;18;14;17;10;18;10;18;11
2;2;18;14;18;10;18;11;18;12
2;2;18;14;18;11;18;12;18;13
3;2;1;16;18;12;18;12;18;13;18;14
3;3;1;16;18;12;18;13;18;14;17;14
3;3;1;16;18;13;18;14;17;14;16;14
2;3;1;16;18;14;17;14;16;14;15;14
2;2;1;16;17;14;16;14;15;14;15;15
3;2;1;16;16;14;15;14;15;15;15;16
3;3;1;16;15;14;15;15;15;16;14;16
3;3;1;16;15;15;15;16;14;16;13;16
3;3;1;16;15;16;14;16;13;16;12;16
3;3;1;16;14;16;13;16;12;16;11;16
3;3;1;16;13;16;12;16;11;16;10;16
3;3;1;16;12;16;11;16;10;16;9;16
3;3;1;16;11;16;10;16;9;16;8;16
3;3;1;16;10;16;9;16;8;16;7;16
3;3;1;16;9;16;8;16;7;16;6;16
3;3;1;16;8;16;7;16;6;16;5;16
3;3;1;16;7;16;6;16;5;16;4;16
3;3;1;16;6;16;5;16;4;16;3;16
3;3;1;16;5;16;4;16;3;16;2;16
0;3;13;12;4;16;4;16;3;16;2;16;1;16
0;0;13;12;4;16;3;16;2;16;1;16;1;15
0;0;13;12;3;16;2;16;1;16;1;15;1;14
1;0;13;12;2;16;1;16;1;15;1;14;1;13
1;1;13;12;1;16;1;15;1;14;1;13;2;13
1;1;13;12;1;15;1;14;1;13;2;13;3;13
0;1;13;12;1;14;1;13;2;13;3;13;4;13
1;0;13;12;1;13;2;13;3;13;4;13;4;12
1;1;13;12;2;13;3;13;4;13;4;12;5;12
1;1;13;12;3;13;4;13;4;12;5;12;6;12
1;1;13;12;4;13;4;12;5;12;6;12;7;12
1;1;13;12;4;12;5;12;6;12;7;12;8;12
1;1;13;12;5;12;6;12;7;12;8;12;9;12
1;1;13;12;6;12;7;12;8;12;9;12;10;12
1;1;13;12;7;12;8;12;9;12;10;12;11;12
1;1;13;12;8;12;9;12;10;12;11;12;12;12
1;1;16;17;9;12;9;12;10;12;11;12;12;12;13;12
1;1;16;17;9;12;10;12;11;12;12;12;13;12;14;12
1;1;16;17;10;12;11;12;12;12;13;12;14;12;15;12
2;1;16;17;11;12;12;12;13;12;14;12;15;12;16;12
2;2;16;17;12;12;13;12;14;12;15;12;16;12;16;13
2;2;16;17;13;12;14;12;15;12;16;12;16;13;16;14
2;2;16;17;14;12;15;12;16;12;16;13;16;14;16;15
2;2;16;17;15;12;16;12;16;13;16;14;16;15;16;16
3;2;3;5;16;12;16;12;16;13;16;14;16;15;16;16;16;17
3;3;3;5;16;12;16;13;16;14;16;15;16;16;16;17;15;17
3;3;3;5;16;13;16;14;16;15;16;16;16;17;15;17;14;17
0;3;3;5;16;14;16;15;16;16;16;17;15;17;14;17;13;17
0;0;3;5;16;15;16;16;16;17;15;17;14;17;13;17;13;16
0;0;3;5;16;16;16;17;15;17;14;17;13;17;13;16;13;15
0;0;3;5;16;17;15;17;14;17;13;17;13;16;13;15;13;14
0;0;3;5;15;17;14;17;13;17;13;16;13;15;13;14;13;13
0;0;3;5;14;17;13;17;13;16;13;15;13;14;13;13;13;12
0;0;3;5;13;17;13;16;13;15;13;14;13;13;13;12;13;11
0;0;3;5;13;16;13;15;13;14;13;13;13;12;13;11;13;10
0;0;3;5;13;15;13;14;13;13;13;12;13;11;13;10;13;9
0;0;3;5;13;14;13;13;13;12;13;11;13;10;13;9;13;8
0;0;3;5;13;13;13;12;13;11;13;10;13;9;13;8;13;7
0;0;3;5;13;12;13;11;13;10;13;9;13;8;13;7;13;6
3;0;3;5;13;11;13;10;13;9;13;8;13;7;13;6;13;5
3;3;3;5;13;10;13;9;13;8;13;7;13;6;13;5;12;5
3;3;3;5;13;9;13;8;13;7;13;6;13;5;12;5;11;5
3;3;3;5;13;8;13;7;13;6;13;5;12;5;11;5;10;5
3;3;3;5;13;7;13;6;13;5;12;5;11;5;10;5;9;5
3;3;3;5;13;6;13;5;12;5;11;5;10;5;9;5;8;5
3;3;3;5;13;5;12;5;11;5;10;5;9;5;8;5;7;5
3;3;3;5;12;5;11;5;10;5;9;5;8;5;7;5;6;5
3;3;3;5;11;5;10;5;9;5;8;5;7;5;6;5;5;5
3;3;3;5;10;5;9;5;8;5;7;5;6;5;5;5;4;5
2;3;7;4;9;5;9;5;8;5;7;5;6;5;5;5;4;5;3;5
2;2;7;4;9;5;8;5;7;5;6;5;5;5;4;5;3;5;3;6
2;2;7;4;8;5;7;5;6;5;5;5;4;5;3;5;3;6;3;7
1;2;7;4;7;5;6;5;5;5;4;5;3;5;3;6;3;7;3;8
1;1;7;4;6;5;5;5;4;5;3;5;3;6;3;7;3;8;4;8
1;1;7;4;5;5;4;5;3;5;3;6;3;7;3;8;4;8;5;8
0;1;7;4;4;5;3;5;3;6;3;7;3;8;4;8;5;8;6;8
0;0;7;4;3;5;3;6;3;7;3;8;4;8;5;8;6;8;6;7
0;0;7;4;3;6;3;7;3;8;4;8;5;8;6;8;6;7;6;6
0;0;7;4;3;7;3;8;4;8;5;8;6;8;6;7;6;6;6;5
1;0;7;4;3;8;4;8;5;8;6;8;6;7;6;6;6;5;6;4
1;1;11;9;4;8;4;8;5;8;6;8;6;7;6;6;6;5;6;4;7;4
1;1;11;9;4;8;5;8;6;8;6;7;6;6;6;5;6;4;7;4;8;4
1;1;11;9;5;8;6;8;6;7;6;6;6;5;6;4;7;4;8;4;9;4
1;1;11;9;6;8;6;7;6;6;6;5;6;4;7;4;8;4;9;4;10;4
2;1;11;9;6;7;6;6;6;5;6;4;7;4;8;4;9;4;10;4;11;4
2;2;11;9;6;6;6;5;6;4;7;4;8;4;9;4;10;4;11;4;11;5
2;2;11;9;6;5;6;4;7;4;8;4;9;4;10;4;11;4;11;5;11;6
2;2;11;9;6;4;7;4;8;4;9;4;10;4;11;4;11;5;11;6;11;7
2;2;11;9;7;4;8;4;9;4;10;4;11;4;11;5;11;6;11;7;11;8
1;2;7;18;8;4;8;4;9;4;10;4;11;4;11;5;11;6;11;7;11;8;11;9
1;1;7;18;8;4;9;4;10;4;11;4;11;5;11;6;11;7;11;8;11;9;12;9
2;1;7;18;9;4;10;4;11;4;11;5;11;6;11;7;11;8;11;9;12;9;13;9
2;2;7;18;10;4;11;4;11;5;11;6;11;7;11;8;11;9;12;9;13;9;13;10
2;2;7;18;11;4;11;5;11;6;11;7;11;8;11;9;12;9;13;9;13;10;13;11
2;2;7;18;11;5;11;6;11;7;11;8;11;9;12;9;13;9;13;10;13;11;13;12
2;2;7;18;11;6;11;7;11;8;11;9;12;9;13;9;13;10;13;11;13;12;13;13
2;2;7;18;11;7;11;8;11;9;12;9;13;9;13;10;13;11;13;12;13;13;13;14
2;2;7;18;11;8;11;9;12;9;13;9;13;10;13;11;13;12;13;13;13;14;13;15
2;2;7;18;11;9;12;9;13;9;13;10;13;11;13;12;13;13;13;14;13;15;13;16
2;2;7;18;12;9;13;9;13;10;13;11;13;12;13;13;13;14;13;15;13;16;13;17
2;2;7;18;13;9;13;10;13;11;13;12;13;13;13;14;13;15;13;16;13;17;13;18
2;2;7;18;13;10;13;11;13;12;13;13;13;14;13;15;13;16;13;17;13;18;13;19
