20
1;1;0;4;8;10;9;10;10;10
1;1;0;4;9;10;10;10;11;10
1;1;0;4;10;10;11;10;12;10
1;1;0;4;11;10;12;10;13;10
1;1;0;4;12;10;13;10;14;10
1;1;0;4;13;10;14;10;15;10
0;1;0;4;14;10;15;10;16;10
0;0;0;4;15;10;16;10;16;9
0;0;0;4;16;10;16;9;16;8
0;0;0;4;16;9;16;8;16;7
0;0;0;4;16;8;16;7;16;6
3;0;0;4;16;7;16;6;16;5
3;3;0;4;16;6;16;5;15;5
3;3;0;4;16;5;15;5;14;5
3;3;0;4;15;5;14;5;13;5
3;3;0;4;14;5;13;5;12;5
0;3;0;4;13;5;12;5;11;5
3;0;0;4;12;5;11;5;11;4
3;3;0;4;11;5;11;4;10;4
3;3;0;4;11;4;10;4;9;4
3;3;0;4;10;4;9;4;8;4
3;3;0;4;9;4;8;4;7;4
3;3;0;4;8;4;7;4;6;4
3;3;0;4;7;4;6;4;5;4
3;3;0;4;6;4;5;4;4;4
3;3;0;4;5;4;4;4;3;4
3;3;0;4;4;4;3;4;2;4
2;3;0;4;3;4;2;4;1;4
2;2;0;4;2;4;1;4;1;5
2;2;0;4;1;4;1;5;1;6
2;2;0;4;1;5;1;6;1;7
3;2;0;4;1;6;1;7;1;8
0;3;0;4;1;7;1;8;0;8
0;0;0;4;1;8;0;8;0;7
0;0;0;4;0;8;0;7;0;6
0;0;0;4;0;7;0;6;0;5
0;0;10;15;0;6;0;6;0;5;0;4
1;0;10;15;0;6;0;5;0;4;0;3
1;1;10;15;0;5;0;4;0;3;1;3
2;1;10;15;0;4;0;3;1;3;2;3
2;2;10;15;0;3;1;3;2;3;2;4
2;2;10;15;1;3;2;3;2;4;2;5
2;2;10;15;2;3;2;4;2;5;2;6
2;2;10;15;2;4;2;5;2;6;2;7
2;2;10;15;2;5;2;6;2;7;2;8
2;2;10;15;2;6;2;7;2;8;2;9
2;2;10;15;2;7;2;8;2;9;2;10
2;2;10;15;2;8;2;9;2;10;2;11
2;2;10;15;2;9;2;10;2;11;2;12
2;2;10;15;2;10;2;11;2;12;2;13
2;2;10;15;2;11;2;12;2;13;2;14
1;2;10;15;2;12;2;13;2;14;2;15
1;1;10;15;2;13;2;14;2;15;3;15
1;1;10;15;2;14;2;15;3;15;4;15
1;1;10;15;2;15;3;15;4;15;5;15
1;1;10;15;3;15;4;15;5;15;6;15
1;1;10;15;4;15;5;15;6;15;7;15
1;1;10;15;5;15;6;15;7;15;8;15
1;1;10;15;6;15;7;15;8;15;9;15
1;1;9;17;7;15;7;15;8;15;9;15;10;15
1;1;9;17;7;15;8;15;9;15;10;15;11;15
1;1;9;17;8;15;9;15;10;15;11;15;12;15
2;1;9;17;9;15;10;15;11;15;12;15;13;15
2;2;9;17;10;15;11;15;12;15;13;15;13;16
3;2;9;17;11;15;12;15;13;15;13;16;13;17
3;3;9;17;12;15;13;15;13;16;13;17;12;17
3;3;9;17;13;15;13;16;13;17;12;17;11;17
3;3;9;17;13;16;13;17;12;17;11;17;10;17
3;3;3;19;13;17;13;17;12;17;11;17;10;17;9;17
3;3;3;19;13;17;12;17;11;17;10;17;9;17;8;17
3;3;3;19;12;17;11;17;10;17;9;17;8;17;7;17
2;3;3;19;11;17;10;17;9;17;8;17;7;17;6;17
2;2;3;19;10;17;9;17;8;17;7;17;6;17;6;18
2;2;3;19;9;17;8;17;7;17;6;17;6;18;6;19
