20
1;1;11;0;8;10;9;10;10;10
1;1;11;0;9;10;10;10;11;10
1;1;11;0;10;10;11;10;12;10
1;1;11;0;11;10;12;10;13;10
0;1;11;0;12;10;13;10;14;10
0;0;11;0;13;10;14;10;14;9
0;0;11;0;14;10;14;9;14;8
0;0;11;0;14;9;14;8;14;7
0;0;11;0;14;8;14;7;14;6
0;0;11;0;14;7;14;6;14;5
0;0;11;0;14;6;14;5;14;4
0;0;11;0;14;5;14;4;14;3
0;0;11;0;14;4;14;3;14;2
0;0;11;0;14;3;14;2;14;1
3;0;11;0;14;2;14;1;14;0
3;3;11;0;14;1;14;0;13;0
3;3;11;0;14;0;13;0;12;0
3;3;11;1;13;0;13;0;12;0;11;0
2;3;11;1;13;0;12;0;11;0;10;0
2;2;11;1;12;0;11;0;10;0;10;1
2;2;11;1;11;0;10;0;10;1;10;2
2;2;11;1;10;0;10;1;10;2;10;3
2;2;11;1;10;1;10;2;10;3;10;4
1;2;11;1;10;2;10;3;10;4;10;5
1;1;11;1;10;3;10;4;10;5;11;5
0;1;11;1;10;4;10;5;11;5;12;5
0;0;11;1;10;5;11;5;12;5;12;4
0;0;11;1;11;5;12;5;12;4;12;3
3;0;11;1;12;5;12;4;12;3;12;2
3;3;11;1;12;4;12;3;12;2;11;2
3;3;11;1;12;3;12;2;11;2;10;2
3;3;11;1;12;2;11;2;10;2;9;2
3;3;11;1;11;2;10;2;9;2;8;2
3;3;11;1;10;2;9;2;8;2;7;2
0;3;11;1;9;2;8;2;7;2;6;2
1;0;11;1;8;2;7;2;6;2;6;1
1;1;11;1;7;2;6;2;6;1;7;1
1;1;11;1;6;2;6;1;7;1;8;1
1;1;11;1;6;1;7;1;8;1;9;1
1;1;11;1;7;1;8;1;9;1;10;1
1;1;15;15;8;1;8;1;9;1;10;1;11;1
1;1;15;15;8;1;9;1;10;1;11;1;12;1
2;1;15;15;9;1;10;1;11;1;12;1;13;1
2;2;15;15;10;1;11;1;12;1;13;1;13;2
2;2;15;15;11;1;12;1;13;1;13;2;13;3
1;2;15;15;12;1;13;1;13;2;13;3;13;4
2;1;15;15;13;1;13;2;13;3;13;4;14;4
2;2;15;15;13;2;13;3;13;4;14;4;14;5
2;2;15;15;13;3;13;4;14;4;14;5;14;6
1;2;15;15;13;4;14;4;14;5;14;6;14;7
2;1;15;15;14;4;14;5;14;6;14;7;15;7
2;2;15;15;14;5;14;6;14;7;15;7;15;8
2;2;15;15;14;6;14;7;15;7;15;8;15;9
2;2;15;15;14;7;15;7;15;8;15;9;15;10
2;2;15;15;15;7;15;8;15;9;15;10;15;11
2;2;15;15;15;8;15;9;15;10;15;11;15;12
2;2;15;15;15;9;15;10;15;11;15;12;15;13
2;2;15;15;15;10;15;11;15;12;15;13;15;14
3;2;9;17;15;11;15;11;15;12;15;13;15;14;15;15
3;3;9;17;15;11;15;12;15;13;15;14;15;15;14;15
3;3;9;17;15;12;15;13;15;14;15;15;14;15;13;15
2;3;9;17;15;13;15;14;15;15;14;15;13;15;12;15
2;2;9;17;15;14;15;15;14;15;13;15;12;15;12;16
2;2;9;17;15;15;14;15;13;15;12;15;12;16;12;17
3;2;9;17;14;15;13;15;12;15;12;16;12;17;12;18
3;3;9;17;13;15;12;15;12;16;12;17;12;18;11;18
3;3;9;17;12;15;12;16;12;17;12;18;11;18;10;18
0;3;9;17;12;16;12;17;12;18;11;18;10;18;9;18
0;0;17;16;12;17;12;17;12;18;11;18;10;18;9;18;9;17
0;0;17;16;12;17;12;18;11;18;10;18;9;18;9;17;9;16
0;0;17;16;12;18;11;18;10;18;9;18;9;17;9;16;9;15
1;0;17;16;11;18;10;18;9;18;9;17;9;16;9;15;9;14
1;1;17;16;10;18;9;18;9;17;9;16;9;15;9;14;10;14
1;1;17;16;9;18;9;17;9;16;9;15;9;14;10;14;11;14
1;1;17;16;9;17;9;16;9;15;9;14;10;14;11;14;12;14
1;1;17;16;9;16;9;15;9;14;10;14;11;14;12;14;13;14
1;1;17;16;9;15;9;14;10;14;11;14;12;14;13;14;14;14
1;1;17;16;9;14;10;14;11;14;12;14;13;14;14;14;15;14
1;1;17;16;10;14;11;14;12;14;13;14;14;14;15;14;16;14
2;1;17;16;11;14;12;14;13;14;14;14;15;14;16;14;17;14
2;2;17;16;12;14;13;14;14;14;15;14;16;14;17;14;17;15
2;2;14;6;13;14;13;14;14;14;15;14;16;14;17;14;17;15;17;16
3;2;14;6;13;14;14;14;15;14;16;14;17;14;17;15;17;16;17;17
3;3;14;6;14;14;15;14;16;14;17;14;17;15;17;16;17;17;16;17
3;3;14;6;15;14;16;14;17;14;17;15;17;16;17;17;16;17;15;17
3;3;14;6;16;14;17;14;17;15;17;16;17;17;16;17;15;17;14;17
0;3;14;6;17;14;17;15;17;16;17;17;16;17;15;17;14;17;13;17
0;0;14;6;17;15;17;16;17;17;16;17;15;17;14;17;13;17;13;16
1;0;14;6;17;16;17;17;16;17;15;17;14;17;13;17;13;16;13;15
0;1;14;6;17;17;16;17;15;17;14;17;13;17;13;16;13;15;14;15
0;0;14;6;16;17;15;17;14;17;13;17;13;16;13;15;14;15;14;14
0;0;14;6;15;17;14;17;13;17;13;16;13;15;14;15;14;14;14;13
0;0;14;6;14;17;13;17;13;16;13;15;14;15;14;14;14;13;14;12
0;0;14;6;13;17;13;16;13;15;14;15;14;14;14;13;14;12;14;11
0;0;14;6;13;16;13;15;14;15;14;14;14;13;14;12;14;11;14;10
0;0;14;6;13;15;14;15;14;14;14;13;14;12;14;11;14;10;14;9
0;0;14;6;14;15;14;14;14;13;14;12;14;11;14;10;14;9;14;8
0;0;14;6;14;14;14;13;14;12;14;11;14;10;14;9;14;8;14;7
3;0;13;2;14;13;14;13;14;12;14;11;14;10;14;9;14;8;14;7;14;6
3;3;13;2;14;13;14;12;14;11;14;10;14;9;14;8;14;7;14;6;13;6
3;3;13;2;14;12;14;11;14;10;14;9;14;8;14;7;14;6;13;6;12;6
0;3;13;2;14;11;14;10;14;9;14;8;14;7;14;6;13;6;12;6;11;6
0;0;13;2;14;10;14;9;14;8;14;7;14;6;13;6;12;6;11;6;11;5
0;0;13;2;14;9;14;8;14;7;14;6;13;6;12;6;11;6;11;5;11;4
0;0;13;2;14;8;14;7;14;6;13;6;12;6;11;6;11;5;11;4;11;3
1;0;13;2;14;7;14;6;13;6;12;6;11;6;11;5;11;4;11;3;11;2
1;1;13;2;14;6;13;6;12;6;11;6;11;5;11;4;11;3;11;2;12;2
1;1;10;19;13;6;13;6;12;6;11;6;11;5;11;4;11;3;11;2;12;2;13;2
1;1;10;19;13;6;12;6;11;6;11;5;11;4;11;3;11;2;12;2;13;2;14;2
1;1;10;19;12;6;11;6;11;5;11;4;11;3;11;2;12;2;13;2;14;2;15;2
2;1;10;19;11;6;11;5;11;4;11;3;11;2;12;2;13;2;14;2;15;2;16;2
2;2;10;19;11;5;11;4;11;3;11;2;12;2;13;2;14;2;15;2;16;2;16;3
2;2;10;19;11;4;11;3;11;2;12;2;13;2;14;2;15;2;16;2;16;3;16;4
2;2;10;19;11;3;11;2;12;2;13;2;14;2;15;2;16;2;16;3;16;4;16;5
2;2;10;19;11;2;12;2;13;2;14;2;15;2;16;2;16;3;16;4;16;5;16;6
2;2;10;19;12;2;13;2;14;2;15;2;16;2;16;3;16;4;16;5;16;6;16;7
2;2;10;19;13;2;14;2;15;2;16;2;16;3;16;4;16;5;16;6;16;7;16;8
2;2;10;19;14;2;15;2;16;2;16;3;16;4;16;5;16;6;16;7;16;8;16;9
2;2;10;19;15;2;16;2;16;3;16;4;16;5;16;6;16;7;16;8;16;9;16;10
2;2;10;19;16;2;16;3;16;4;16;5;16;6;16;7;16;8;16;9;16;10;16;11
2;2;10;19;16;3;16;4;16;5;16;6;16;7;16;8;16;9;16;10;16;11;16;12
2;2;10;19;16;4;16;5;16;6;16;7;16;8;16;9;16;10;16;11;16;12;16;13
2;2;10;19;16;5;16;6;16;7;16;8;16;9;16;10;16;11;16;12;16;13;16;14
2;2;10;19;16;6;16;7;16;8;16;9;16;10;16;11;16;12;16;13;16;14;16;15
2;2;10;19;16;7;16;8;16;9;16;10;16;11;16;12;16;13;16;14;16;15;16;16
2;2;10;19;16;8;16;9;16;10;16;11;16;12;16;13;16;14;16;15;16;16;16;17
2;2;10;19;16;9;16;10;16;11;16;12;16;13;16;14;16;15;16;16;16;17;16;18
3;2;10;19;16;10;16;11;16;12;16;13;16;14;16;15;16;16;16;17;16;18;16;19
3;3;10;19;16;11;16;12;16;13;16;14;16;15;16;16;16;17;16;18;16;19;15;19
3;3;10;19;16;12;16;13;16;14;16;15;16;16;16;17;16;18;16;19;15;19;14;19
3;3;10;19;16;13;16;14;16;15;16;16;16;17;16;18;16;19;15;19;14;19;13;19
3;3;10;19;16;14;16;15;16;16;16;17;16;18;16;19;15;19;14;19;13;19;12;19
3;3;10;19;16;15;16;16;16;17;16;18;16;19;15;19;14;19;13;19;12;19;11;19
3;3;14;12;16;16;16;16;16;17;16;18;16;19;15;19;14;19;13;19;12;19;11;19;10;19
3;3;14;12;16;16;16;17;16;18;16;19;15;19;14;19;13;19;12;19;11;19;10;19;9;19
0;3;14;12;16;17;16;18;16;19;15;19;14;19;13;19;12;19;11;19;10;19;9;19;8;19
0;0;14;12;16;18;16;19;15;19;14;19;13;19;12;19;11;19;10;19;9;19;8;19;8;18
1;0;14;12;16;19;15;19;14;19;13;19;12;19;11;19;10;19;9;19;8;19;8;18;8;17
1;1;14;12;15;19;14;19;13;19;12;19;11;19;10;19;9;19;8;19;8;18;8;17;9;17
1;1;14;12;14;19;13;19;12;19;11;19;10;19;9;19;8;19;8;18;8;17;9;17;10;17
1;1;14;12;13;19;12;19;11;19;10;19;9;19;8;19;8;18;8;17;9;17;10;17;11;17
1;1;14;12;12;19;11;19;10;19;9;19;8;19;8;18;8;17;9;17;10;17;11;17;12;17
1;1;14;12;11;19;10;19;9;19;8;19;8;18;8;17;9;17;10;17;11;17;12;17;13;17
0;1;14;12;10;19;9;19;8;19;8;18;8;17;9;17;10;17;11;17;12;17;13;17;14;17
0;0;14;12;9;19;8;19;8;18;8;17;9;17;10;17;11;17;12;17;13;17;14;17;14;16
0;0;14;12;8;19;8;18;8;17;9;17;10;17;11;17;12;17;13;17;14;17;14;16;14;15
0;0;14;12;8;18;8;17;9;17;10;17;11;17;12;17;13;17;14;17;14;16;14;15;14;14
0;0;14;12;8;17;9;17;10;17;11;17;12;17;13;17;14;17;14;16;14;15;14;14;14;13
0;0;17;1;9;17;9;17;10;17;11;17;12;17;13;17;14;17;14;16;14;15;14;14;14;13;14;12
0;0;17;1;9;17;10;17;11;17;12;17;13;17;14;17;14;16;14;15;14;14;14;13;14;12;14;11
0;0;17;1;10;17;11;17;12;17;13;17;14;17;14;16;14;15;14;14;14;13;14;12;14;11;14;10
1;0;17;1;11;17;12;17;13;17;14;17;14;16;14;15;14;14;14;13;14;12;14;11;14;10;14;9
1;1;17;1;12;17;13;17;14;17;14;16;14;15;14;14;14;13;14;12;14;11;14;10;14;9;15;9
1;1;17;1;13;17;14;17;14;16;14;15;14;14;14;13;14;12;14;11;14;10;14;9;15;9;16;9
0;1;17;1;14;17;14;16;14;15;14;14;14;13;14;12;14;11;14;10;14;9;15;9;16;9;17;9
0;0;17;1;14;16;14;15;14;14;14;13;14;12;14;11;14;10;14;9;15;9;16;9;17;9;17;8
0;0;17;1;14;15;14;14;14;13;14;12;14;11;14;10;14;9;15;9;16;9;17;9;17;8;17;7
0;0;17;1;14;14;14;13;14;12;14;11;14;10;14;9;15;9;16;9;17;9;17;8;17;7;17;6
0;0;17;1;14;13;14;12;14;11;14;10;14;9;15;9;16;9;17;9;17;8;17;7;17;6;17;5
0;0;17;1;14;12;14;11;14;10;14;9;15;9;16;9;17;9;17;8;17;7;17;6;17;5;17;4
0;0;17;1;14;11;14;10;14;9;15;9;16;9;17;9;17;8;17;7;17;6;17;5;17;4;17;3
0;0;17;1;14;10;14;9;15;9;16;9;17;9;17;8;17;7;17;6;17;5;17;4;17;3;17;2
3;0;2;9;14;9;14;9;15;9;16;9;17;9;17;8;17;7;17;6;17;5;17;4;17;3;17;2;17;1
3;3;2;9;14;9;15;9;16;9;17;9;17;8;17;7;17;6;17;5;17;4;17;3;17;2;17;1;16;1
3;3;2;9;15;9;16;9;17;9;17;8;17;7;17;6;17;5;17;4;17;3;17;2;17;1;16;1;15;1
2;3;2;9;16;9;17;9;17;8;17;7;17;6;17;5;17;4;17;3;17;2;17;1;16;1;15;1;14;1
2;2;2;9;17;9;17;8;17;7;17;6;17;5;17;4;17;3;17;2;17;1;16;1;15;1;14;1;14;2
3;2;2;9;17;8;17;7;17;6;17;5;17;4;17;3;17;2;17;1;16;1;15;1;14;1;14;2;14;3
3;3;2;9;17;7;17;6;17;5;17;4;17;3;17;2;17;1;16;1;15;1;14;1;14;2;14;3;13;3
2;3;2;9;17;6;17;5;17;4;17;3;17;2;17;1;16;1;15;1;14;1;14;2;14;3;13;3;12;3
2;2;2;9;17;5;17;4;17;3;17;2;17;1;16;1;15;1;14;1;14;2;14;3;13;3;12;3;12;4
3;2;2;9;17;4;17;3;17;2;17;1;16;1;15;1;14;1;14;2;14;3;13;3;12;3;12;4;12;5
2;3;2;9;17;3;17;2;17;1;16;1;15;1;14;1;14;2;14;3;13;3;12;3;12;4;12;5;11;5
3;2;2;9;17;2;17;1;16;1;15;1;14;1;14;2;14;3;13;3;12;3;12;4;12;5;11;5;11;6
2;3;2;9;17;1;16;1;15;1;14;1;14;2;14;3;13;3;12;3;12;4;12;5;11;5;11;6;10;6
3;2;2;9;16;1;15;1;14;1;14;2;14;3;13;3;12;3;12;4;12;5;11;5;11;6;10;6;10;7
3;3;2;9;15;1;14;1;14;2;14;3;13;3;12;3;12;4;12;5;11;5;11;6;10;6;10;7;9;7
3;3;2;9;14;1;14;2;14;3;13;3;12;3;12;4;12;5;11;5;11;6;10;6;10;7;9;7;8;7
3;3;2;9;14;2;14;3;13;3;12;3;12;4;12;5;11;5;11;6;10;6;10;7;9;7;8;7;7;7
3;3;2;9;14;3;13;3;12;3;12;4;12;5;11;5;11;6;10;6;10;7;9;7;8;7;7;7;6;7
3;3;2;9;13;3;12;3;12;4;12;5;11;5;11;6;10;6;10;7;9;7;8;7;7;7;6;7;5;7
3;3;2;9;12;3;12;4;12;5;11;5;11;6;10;6;10;7;9;7;8;7;7;7;6;7;5;7;4;7
3;3;2;9;12;4;12;5;11;5;11;6;10;6;10;7;9;7;8;7;7;7;6;7;5;7;4;7;3;7
2;3;2;9;12;5;11;5;11;6;10;6;10;7;9;7;8;7;7;7;6;7;5;7;4;7;3;7;2;7
2;2;2;9;11;5;11;6;10;6;10;7;9;7;8;7;7;7;6;7;5;7;4;7;3;7;2;7;2;8
2;2;4;12;11;6;11;6;10;6;10;7;9;7;8;7;7;7;6;7;5;7;4;7;3;7;2;7;2;8;2;9
2;2;4;12;11;6;10;6;10;7;9;7;8;7;7;7;6;7;5;7;4;7;3;7;2;7;2;8;2;9;2;10
2;2;4;12;10;6;10;7;9;7;8;7;7;7;6;7;5;7;4;7;3;7;2;7;2;8;2;9;2;10;2;11
1;2;4;12;10;7;9;7;8;7;7;7;6;7;5;7;4;7;3;7;2;7;2;8;2;9;2;10;2;11;2;12
1;1;4;12;9;7;8;7;7;7;6;7;5;7;4;7;3;7;2;7;2;8;2;9;2;10;2;11;2;12;3;12
1;1;7;14;8;7;8;7;7;7;6;7;5;7;4;7;3;7;2;7;2;8;2;9;2;10;2;11;2;12;3;12;4;12
1;1;7;14;8;7;7;7;6;7;5;7;4;7;3;7;2;7;2;8;2;9;2;10;2;11;2;12;3;12;4;12;5;12
1;1;7;14;7;7;6;7;5;7;4;7;3;7;2;7;2;8;2;9;2;10;2;11;2;12;3;12;4;12;5;12;6;12
2;1;7;14;6;7;5;7;4;7;3;7;2;7;2;8;2;9;2;10;2;11;2;12;3;12;4;12;5;12;6;12;7;12
2;2;7;14;5;7;4;7;3;7;2;7;2;8;2;9;2;10;2;11;2;12;3;12;4;12;5;12;6;12;7;12;7;13
2;2;15;1;4;7;4;7;3;7;2;7;2;8;2;9;2;10;2;11;2;12;3;12;4;12;5;12;6;12;7;12;7;13;7;14
1;2;15;1;4;7;3;7;2;7;2;8;2;9;2;10;2;11;2;12;3;12;4;12;5;12;6;12;7;12;7;13;7;14;7;15
1;1;15;1;3;7;2;7;2;8;2;9;2;10;2;11;2;12;3;12;4;12;5;12;6;12;7;12;7;13;7;14;7;15;8;15
1;1;15;1;2;7;2;8;2;9;2;10;2;11;2;12;3;12;4;12;5;12;6;12;7;12;7;13;7;14;7;15;8;15;9;15
1;1;15;1;2;8;2;9;2;10;2;11;2;12;3;12;4;12;5;12;6;12;7;12;7;13;7;14;7;15;8;15;9;15;10;15
1;1;15;1;2;9;2;10;2;11;2;12;3;12;4;12;5;12;6;12;7;12;7;13;7;14;7;15;8;15;9;15;10;15;11;15
1;1;15;1;2;10;2;11;2;12;3;12;4;12;5;12;6;12;7;12;7;13;7;14;7;15;8;15;9;15;10;15;11;15;12;15
1;1;15;1;2;11;2;12;3;12;4;12;5;12;6;12;7;12;7;13;7;14;7;15;8;15;9;15;10;15;11;15;12;15;13;15
1;1;15;1;2;12;3;12;4;12;5;12;6;12;7;12;7;13;7;14;7;15;8;15;9;15;10;15;11;15;12;15;13;15;14;15
0;1;15;1;3;12;4;12;5;12;6;12;7;12;7;13;7;14;7;15;8;15;9;15;10;15;11;15;12;15;13;15;14;15;15;15
0;0;15;1;4;12;5;12;6;12;7;12;7;13;7;14;7;15;8;15;9;15;10;15;11;15;12;15;13;15;14;15;15;15;15;14
1;0;15;1;5;12;6;12;7;12;7;13;7;14;7;15;8;15;9;15;10;15;11;15;12;15;13;15;14;15;15;15;15;14;15;13
1;1;15;1;6;12;7;12;7;13;7;14;7;15;8;15;9;15;10;15;11;15;12;15;13;15;14;15;15;15;15;14;15;13;16;13
1;1;15;1;7;12;7;13;7;14;7;15;8;15;9;15;10;15;11;15;12;15;13;15;14;15;15;15;15;14;15;13;16;13;17;13
1;1;15;1;7;13;7;14;7;15;8;15;9;15;10;15;11;15;12;15;13;15;14;15;15;15;15;14;15;13;16;13;17;13;18;13
0;1;15;1;7;14;7;15;8;15;9;15;10;15;11;15;12;15;13;15;14;15;15;15;15;14;15;13;16;13;17;13;18;13;19;13
0;0;15;1;7;15;8;15;9;15;10;15;11;15;12;15;13;15;14;15;15;15;15;14;15;13;16;13;17;13;18;13;19;13;19;12
0;0;15;1;8;15;9;15;10;15;11;15;12;15;13;15;14;15;15;15;15;14;15;13;16;13;17;13;18;13;19;13;19;12;19;11
0;0;15;1;9;15;10;15;11;15;12;15;13;15;14;15;15;15;15;14;15;13;16;13;17;13;18;13;19;13;19;12;19;11;19;10
0;0;15;1;10;15;11;15;12;15;13;15;14;15;15;15;15;14;15;13;16;13;17;13;18;13;19;13;19;12;19;11;19;10;19;9
0;0;15;1;11;15;12;15;13;15;14;15;15;15;15;14;15;13;16;13;17;13;18;13;19;13;19;12;19;11;19;10;19;9;19;8
0;0;15;1;12;15;13;15;14;15;15;15;15;14;15;13;16;13;17;13;18;13;19;13;19;12;19;11;19;10;19;9;19;8;19;7
0;0;15;1;13;15;14;15;15;15;15;14;15;13;16;13;17;13;18;13;19;13;19;12;19;11;19;10;19;9;19;8;19;7;19;6
0;0;15;1;14;15;15;15;15;14;15;13;16;13;17;13;18;13;19;13;19;12;19;11;19;10;19;9;19;8;19;7;19;6;19;5
0;0;15;1;15;15;15;14;15;13;16;13;17;13;18;13;19;13;19;12;19;11;19;10;19;9;19;8;19;7;19;6;19;5;19;4
0;0;15;1;15;14;15;13;16;13;17;13;18;13;19;13;19;12;19;11;19;10;19;9;19;8;19;7;19;6;19;5;19;4;19;3
0;0;15;1;15;13;16;13;17;13;18;13;19;13;19;12;19;11;19;10;19;9;19;8;19;7;19;6;19;5;19;4;19;3;19;2
3;0;15;1;16;13;17;13;18;13;19;13;19;12;19;11;19;10;19;9;19;8;19;7;19;6;19;5;19;4;19;3;19;2;19;1
3;3;15;1;17;13;18;13;19;13;19;12;19;11;19;10;19;9;19;8;19;7;19;6;19;5;19;4;19;3;19;2;19;1;18;1
3;3;15;1;18;13;19;13;19;12;19;11;19;10;19;9;19;8;19;7;19;6;19;5;19;4;19;3;19;2;19;1;18;1;17;1
3;3;15;1;19;13;19;12;19;11;19;10;19;9;19;8;19;7;19;6;19;5;19;4;19;3;19;2;19;1;18;1;17;1;16;1
3;3;18;12;19;12;19;12;19;11;19;10;19;9;19;8;19;7;19;6;19;5;19;4;19;3;19;2;19;1;18;1;17;1;16;1;15;1
3;3;18;12;19;12;19;11;19;10;19;9;19;8;19;7;19;6;19;5;19;4;19;3;19;2;19;1;18;1;17;1;16;1;15;1;14;1
3;3;18;12;19;11;19;10;19;9;19;8;19;7;19;6;19;5;19;4;19;3;19;2;19;1;18;1;17;1;16;1;15;1;14;1;13;1
3;3;18;12;19;10;19;9;19;8;19;7;19;6;19;5;19;4;19;3;19;2;19;1;18;1;17;1;16;1;15;1;14;1;13;1;12;1
2;3;18;12;19;9;19;8;19;7;19;6;19;5;19;4;19;3;19;2;19;1;18;1;17;1;16;1;15;1;14;1;13;1;12;1;11;1
1;2;18;12;19;8;19;7;19;6;19;5;19;4;19;3;19;2;19;1;18;1;17;1;16;1;15;1;14;1;13;1;12;1;11;1;11;2
1;1;18;12;19;7;19;6;19;5;19;4;19;3;19;2;19;1;18;1;17;1;16;1;15;1;14;1;13;1;12;1;11;1;11;2;12;2
1;1;18;12;19;6;19;5;19;4;19;3;19;2;19;1;18;1;17;1;16;1;15;1;14;1;13;1;12;1;11;1;11;2;12;2;13;2
1;1;18;12;19;5;19;4;19;3;19;2;19;1;18;1;17;1;16;1;15;1;14;1;13;1;12;1;11;1;11;2;12;2;13;2;14;2
1;1;18;12;19;4;19;3;19;2;19;1;18;1;17;1;16;1;15;1;14;1;13;1;12;1;11;1;11;2;12;2;13;2;14;2;15;2
1;1;18;12;19;3;19;2;19;1;18;1;17;1;16;1;15;1;14;1;13;1;12;1;11;1;11;2;12;2;13;2;14;2;15;2;16;2
1;1;18;12;19;2;19;1;18;1;17;1;16;1;15;1;14;1;13;1;12;1;11;1;11;2;12;2;13;2;14;2;15;2;16;2;17;2
2;1;18;12;19;1;18;1;17;1;16;1;15;1;14;1;13;1;12;1;11;1;11;2;12;2;13;2;14;2;15;2;16;2;17;2;18;2
2;2;18;12;18;1;17;1;16;1;15;1;14;1;13;1;12;1;11;1;11;2;12;2;13;2;14;2;15;2;16;2;17;2;18;2;18;3
2;2;18;12;17;1;16;1;15;1;14;1;13;1;12;1;11;1;11;2;12;2;13;2;14;2;15;2;16;2;17;2;18;2;18;3;18;4
2;2;18;12;16;1;15;1;14;1;13;1;12;1;11;1;11;2;12;2;13;2;14;2;15;2;16;2;17;2;18;2;18;3;18;4;18;5
2;2;18;12;15;1;14;1;13;1;12;1;11;1;11;2;12;2;13;2;14;2;15;2;16;2;17;2;18;2;18;3;18;4;18;5;18;6
2;2;18;12;14;1;13;1;12;1;11;1;11;2;12;2;13;2;14;2;15;2;16;2;17;2;18;2;18;3;18;4;18;5;18;6;18;7
2;2;18;12;13;1;12;1;11;1;11;2;12;2;13;2;14;2;15;2;16;2;17;2;18;2;18;3;18;4;18;5;18;6;18;7;18;8
2;2;18;12;12;1;11;1;11;2;12;2;13;2;14;2;15;2;16;2;17;2;18;2;18;3;18;4;18;5;18;6;18;7;18;8;18;9
2;2;18;12;11;1;11;2;12;2;13;2;14;2;15;2;16;2;17;2;18;2;18;3;18;4;18;5;18;6;18;7;18;8;18;9;18;10
2;2;18;12;11;2;12;2;13;2;14;2;15;2;16;2;17;2;18;2;18;3;18;4;18;5;18;6;18;7;18;8;18;9;18;10;18;11
3;2;14;18;12;2;12;2;13;2;14;2;15;2;16;2;17;2;18;2;18;3;18;4;18;5;18;6;18;7;18;8;18;9;18;10;18;11;18;12
3;3;14;18;12;2;13;2;14;2;15;2;16;2;17;2;18;2;18;3;18;4;18;5;18;6;18;7;18;8;18;9;18;10;18;11;18;12;17;12
3;3;14;18;13;2;14;2;15;2;16;2;17;2;18;2;18;3;18;4;18;5;18;6;18;7;18;8;18;9;18;10;18;11;18;12;17;12;16;12
2;3;14;18;14;2;15;2;16;2;17;2;18;2;18;3;18;4;18;5;18;6;18;7;18;8;18;9;18;10;18;11;18;12;17;12;16;12;15;12
2;2;14;18;15;2;16;2;17;2;18;2;18;3;18;4;18;5;18;6;18;7;18;8;18;9;18;10;18;11;18;12;17;12;16;12;15;12;15;13
2;2;14;18;16;2;17;2;18;2;18;3;18;4;18;5;18;6;18;7;18;8;18;9;18;10;18;11;18;12;17;12;16;12;15;12;15;13;15;14
2;2;14;18;17;2;18;2;18;3;18;4;18;5;18;6;18;7;18;8;18;9;18;10;18;11;18;12;17;12;16;12;15;12;15;13;15;14;15;15
2;2;14;18;18;2;18;3;18;4;18;5;18;6;18;7;18;8;18;9;18;10;18;11;18;12;17;12;16;12;15;12;15;13;15;14;15;15;15;16
2;2;14;18;18;3;18;4;18;5;18;6;18;7;18;8;18;9;18;10;18;11;18;12;17;12;16;12;15;12;15;13;15;14;15;15;15;16;15;17
3;2;14;18;18;4;18;5;18;6;18;7;18;8;18;9;18;10;18;11;18;12;17;12;16;12;15;12;15;13;15;14;15;15;15;16;15;17;15;18
3;3;13;0;18;5;18;5;18;6;18;7;18;8;18;9;18;10;18;11;18;12;17;12;16;12;15;12;15;13;15;14;15;15;15;16;15;17;15;18;14;18
3;3;13;0;18;5;18;6;18;7;18;8;18;9;18;10;18;11;18;12;17;12;16;12;15;12;15;13;15;14;15;15;15;16;15;17;15;18;14;18;13;18
0;3;13;0;18;6;18;7;18;8;18;9;18;10;18;11;18;12;17;12;16;12;15;12;15;13;15;14;15;15;15;16;15;17;15;18;14;18;13;18;12;18
0;0;13;0;18;7;18;8;18;9;18;10;18;11;18;12;17;12;16;12;15;12;15;13;15;14;15;15;15;16;15;17;15;18;14;18;13;18;12;18;12;17
1;0;13;0;18;8;18;9;18;10;18;11;18;12;17;12;16;12;15;12;15;13;15;14;15;15;15;16;15;17;15;18;14;18;13;18;12;18;12;17;12;16
0;1;13;0;18;9;18;10;18;11;18;12;17;12;16;12;15;12;15;13;15;14;15;15;15;16;15;17;15;18;14;18;13;18;12;18;12;17;12;16;13;16
0;0;13;0;18;10;18;11;18;12;17;12;16;12;15;12;15;13;15;14;15;15;15;16;15;17;15;18;14;18;13;18;12;18;12;17;12;16;13;16;13;15
0;0;13;0;18;11;18;12;17;12;16;12;15;12;15;13;15;14;15;15;15;16;15;17;15;18;14;18;13;18;12;18;12;17;12;16;13;16;13;15;13;14
0;0;13;0;18;12;17;12;16;12;15;12;15;13;15;14;15;15;15;16;15;17;15;18;14;18;13;18;12;18;12;17;12;16;13;16;13;15;13;14;13;13
0;0;13;0;17;12;16;12;15;12;15;13;15;14;15;15;15;16;15;17;15;18;14;18;13;18;12;18;12;17;12;16;13;16;13;15;13;14;13;13;13;12
0;0;13;0;16;12;15;12;15;13;15;14;15;15;15;16;15;17;15;18;14;18;13;18;12;18;12;17;12;16;13;16;13;15;13;14;13;13;13;12;13;11
0;0;13;0;15;12;15;13;15;14;15;15;15;16;15;17;15;18;14;18;13;18;12;18;12;17;12;16;13;16;13;15;13;14;13;13;13;12;13;11;13;10
0;0;13;0;15;13;15;14;15;15;15;16;15;17;15;18;14;18;13;18;12;18;12;17;12;16;13;16;13;15;13;14;13;13;13;12;13;11;13;10;13;9
0;0;13;0;15;14;15;15;15;16;15;17;15;18;14;18;13;18;12;18;12;17;12;16;13;16;13;15;13;14;13;13;13;12;13;11;13;10;13;9;13;8
0;0;13;0;15;15;15;16;15;17;15;18;14;18;13;18;12;18;12;17;12;16;13;16;13;15;13;14;13;13;13;12;13;11;13;10;13;9;13;8;13;7
0;0;13;0;15;16;15;17;15;18;14;18;13;18;12;18;12;17;12;16;13;16;13;15;13;14;13;13;13;12;13;11;13;10;13;9;13;8;13;7;13;6
0;0;13;0;15;17;15;18;14;18;13;18;12;18;12;17;12;16;13;16;13;15;13;14;13;13;13;12;13;11;13;10;13;9;13;8;13;7;13;6;13;5
0;0;13;0;15;18;14;18;13;18;12;18;12;17;12;16;13;16;13;15;13;14;13;13;13;12;13;11;13;10;13;9;13;8;13;7;13;6;13;5;13;4
0;0;13;0;14;18;13;18;12;18;12;17;12;16;13;16;13;15;13;14;13;13;13;12;13;11;13;10;13;9;13;8;13;7;13;6;13;5;13;4;13;3
0;0;13;0;13;18;12;18;12;17;12;16;13;16;13;15;13;14;13;13;13;12;13;11;13;10;13;9;13;8;13;7;13;6;13;5;13;4;13;3;13;2
3;0;13;0;12;18;12;17;12;16;13;16;13;15;13;14;13;13;13;12;13;11;13;10;13;9;13;8;13;7;13;6;13;5;13;4;13;3;13;2;13;1
3;3;13;0;12;17;12;16;13;16;13;15;13;14;13;13;13;12;13;11;13;10;13;9;13;8;13;7;13;6;13;5;13;4;13;3;13;2;13;1;12;1
3;3;13;0;12;16;13;16;13;15;13;14;13;13;13;12;13;11;13;10;13;9;13;8;13;7;13;6;13;5;13;4;13;3;13;2;13;1;12;1;11;1
3;3;13;0;13;16;13;15;13;14;13;13;13;12;13;11;13;10;13;9;13;8;13;7;13;6;13;5;13;4;13;3;13;2;13;1;12;1;11;1;10;1
3;3;13;0;13;15;13;14;13;13;13;12;13;11;13;10;13;9;13;8;13;7;13;6;13;5;13;4;13;3;13;2;13;1;12;1;11;1;10;1;9;1
3;3;13;0;13;14;13;13;13;12;13;11;13;10;13;9;13;8;13;7;13;6;13;5;13;4;13;3;13;2;13;1;12;1;11;1;10;1;9;1;8;1
0;3;13;0;13;13;13;12;13;11;13;10;13;9;13;8;13;7;13;6;13;5;13;4;13;3;13;2;13;1;12;1;11;1;10;1;9;1;8;1;7;1
0;0;13;0;13;12;13;11;13;10;13;9;13;8;13;7;13;6;13;5;13;4;13;3;13;2;13;1;12;1;11;1;10;1;9;1;8;1;7;1;7;0
