20
1;1;16;13;8;10;9;10;10;10
1;1;16;13;9;10;10;10;11;10
1;1;16;13;10;10;11;10;12;10
1;1;16;13;11;10;12;10;13;10
1;1;16;13;12;10;13;10;14;10
1;1;16;13;13;10;14;10;15;10
2;1;16;13;14;10;15;10;16;10
2;2;16;13;15;10;16;10;16;11
2;2;16;13;16;10;16;11;16;12
2;2;10;13;16;11;16;11;16;12;16;13
2;2;10;13;16;11;16;12;16;13;16;14
3;2;10;13;16;12;16;13;16;14;16;15
3;3;10;13;16;13;16;14;16;15;15;15
0;3;10;13;16;14;16;15;15;15;14;15
0;0;10;13;16;15;15;15;14;15;14;14
3;0;10;13;15;15;14;15;14;14;14;13
3;3;10;13;14;15;14;14;14;13;13;13
3;3;10;13;14;14;14;13;13;13;12;13
3;3;10;13;14;13;13;13;12;13;11;13
3;3;14;9;13;13;13;13;12;13;11;13;10;13
3;3;14;9;13;13;12;13;11;13;10;13;9;13
0;3;14;9;12;13;11;13;10;13;9;13;8;13
0;0;14;9;11;13;10;13;9;13;8;13;8;12
0;0;14;9;10;13;9;13;8;13;8;12;8;11
0;0;14;9;9;13;8;13;8;12;8;11;8;10
1;0;14;9;8;13;8;12;8;11;8;10;8;9
1;1;14;9;8;12;8;11;8;10;8;9;9;9
1;1;14;9;8;11;8;10;8;9;9;9;10;9
1;1;14;9;8;10;8;9;9;9;10;9;11;9
1;1;14;9;8;9;9;9;10;9;11;9;12;9
1;1;14;9;9;9;10;9;11;9;12;9;13;9
1;1;19;1;10;9;10;9;11;9;12;9;13;9;14;9
1;1;19;1;10;9;11;9;12;9;13;9;14;9;15;9
0;1;19;1;11;9;12;9;13;9;14;9;15;9;16;9
0;0;19;1;12;9;13;9;14;9;15;9;16;9;16;8
0;0;19;1;13;9;14;9;15;9;16;9;16;8;16;7
1;0;19;1;14;9;15;9;16;9;16;8;16;7;16;6
1;1;19;1;15;9;16;9;16;8;16;7;16;6;17;6
1;1;19;1;16;9;16;8;16;7;16;6;17;6;18;6
0;1;19;1;16;8;16;7;16;6;17;6;18;6;19;6
0;0;19;1;16;7;16;6;17;6;18;6;19;6;19;5
0;0;19;1;16;6;17;6;18;6;19;6;19;5;19;4
0;0;19;1;17;6;18;6;19;6;19;5;19;4;19;3
0;0;19;1;18;6;19;6;19;5;19;4;19;3;19;2
3;0;18;4;19;6;19;6;19;5;19;4;19;3;19;2;19;1
3;3;18;4;19;6;19;5;19;4;19;3;19;2;19;1;18;1
3;3;18;4;19;5;19;4;19;3;19;2;19;1;18;1;17;1
2;3;18;4;19;4;19;3;19;2;19;1;18;1;17;1;16;1
2;2;18;4;19;3;19;2;19;1;18;1;17;1;16;1;16;2
1;2;18;4;19;2;19;1;18;1;17;1;16;1;16;2;16;3
1;1;18;4;19;1;18;1;17;1;16;1;16;2;16;3;17;3
2;1;18;4;18;1;17;1;16;1;16;2;16;3;17;3;18;3
2;2;18;1;17;1;17;1;16;1;16;2;16;3;17;3;18;3;18;4
2;2;18;1;17;1;16;1;16;2;16;3;17;3;18;3;18;4;18;5
2;2;18;1;16;1;16;2;16;3;17;3;18;3;18;4;18;5;18;6
2;2;18;1;16;2;16;3;17;3;18;3;18;4;18;5;18;6;18;7
1;2;18;1;16;3;17;3;18;3;18;4;18;5;18;6;18;7;18;8
0;1;18;1;17;3;18;3;18;4;18;5;18;6;18;7;18;8;19;8
0;0;18;1;18;3;18;4;18;5;18;6;18;7;18;8;19;8;19;7
0;0;18;1;18;4;18;5;18;6;18;7;18;8;19;8;19;7;19;6
0;0;18;1;18;5;18;6;18;7;18;8;19;8;19;7;19;6;19;5
0;0;18;1;18;6;18;7;18;8;19;8;19;7;19;6;19;5;19;4
0;0;18;1;18;7;18;8;19;8;19;7;19;6;19;5;19;4;19;3
0;0;18;1;18;8;19;8;19;7;19;6;19;5;19;4;19;3;19;2
3;0;18;1;19;8;19;7;19;6;19;5;19;4;19;3;19;2;19;1
3;3;13;4;19;7;19;7;19;6;19;5;19;4;19;3;19;2;19;1;18;1
3;3;13;4;19;7;19;6;19;5;19;4;19;3;19;2;19;1;18;1;17;1
3;3;13;4;19;6;19;5;19;4;19;3;19;2;19;1;18;1;17;1;16;1
3;3;13;4;19;5;19;4;19;3;19;2;19;1;18;1;17;1;16;1;15;1
3;3;13;4;19;4;19;3;19;2;19;1;18;1;17;1;16;1;15;1;14;1
2;3;13;4;19;3;19;2;19;1;18;1;17;1;16;1;15;1;14;1;13;1
2;2;13;4;19;2;19;1;18;1;17;1;16;1;15;1;14;1;13;1;13;2
2;2;13;4;19;1;18;1;17;1;16;1;15;1;14;1;13;1;13;2;13;3
2;2;3;5;18;1;18;1;17;1;16;1;15;1;14;1;13;1;13;2;13;3;13;4
2;2;3;5;18;1;17;1;16;1;15;1;14;1;13;1;13;2;13;3;13;4;13;5
3;2;3;5;17;1;16;1;15;1;14;1;13;1;13;2;13;3;13;4;13;5;13;6
3;3;3;5;16;1;15;1;14;1;13;1;13;2;13;3;13;4;13;5;13;6;12;6
3;3;3;5;15;1;14;1;13;1;13;2;13;3;13;4;13;5;13;6;12;6;11;6
3;3;3;5;14;1;13;1;13;2;13;3;13;4;13;5;13;6;12;6;11;6;10;6
3;3;3;5;13;1;13;2;13;3;13;4;13;5;13;6;12;6;11;6;10;6;9;6
3;3;3;5;13;2;13;3;13;4;13;5;13;6;12;6;11;6;10;6;9;6;8;6
3;3;3;5;13;3;13;4;13;5;13;6;12;6;11;6;10;6;9;6;8;6;7;6
3;3;3;5;13;4;13;5;13;6;12;6;11;6;10;6;9;6;8;6;7;6;6;6
0;3;3;5;13;5;13;6;12;6;11;6;10;6;9;6;8;6;7;6;6;6;5;6
3;0;3;5;13;6;12;6;11;6;10;6;9;6;8;6;7;6;6;6;5;6;5;5
3;3;3;5;12;6;11;6;10;6;9;6;8;6;7;6;6;6;5;6;5;5;4;5
2;3;12;18;11;6;11;6;10;6;9;6;8;6;7;6;6;6;5;6;5;5;4;5;3;5
2;2;12;18;11;6;10;6;9;6;8;6;7;6;6;6;5;6;5;5;4;5;3;5;3;6
2;2;12;18;10;6;9;6;8;6;7;6;6;6;5;6;5;5;4;5;3;5;3;6;3;7
2;2;12;18;9;6;8;6;7;6;6;6;5;6;5;5;4;5;3;5;3;6;3;7;3;8
2;2;12;18;8;6;7;6;6;6;5;6;5;5;4;5;3;5;3;6;3;7;3;8;3;9
2;2;12;18;7;6;6;6;5;6;5;5;4;5;3;5;3;6;3;7;3;8;3;9;3;10
2;2;12;18;6;6;5;6;5;5;4;5;3;5;3;6;3;7;3;8;3;9;3;10;3;11
2;2;12;18;5;6;5;5;4;5;3;5;3;6;3;7;3;8;3;9;3;10;3;11;3;12
2;2;12;18;5;5;4;5;3;5;3;6;3;7;3;8;3;9;3;10;3;11;3;12;3;13
2;2;12;18;4;5;3;5;3;6;3;7;3;8;3;9;3;10;3;11;3;12;3;13;3;14
2;2;12;18;3;5;3;6;3;7;3;8;3;9;3;10;3;11;3;12;3;13;3;14;3;15
2;2;12;18;3;6;3;7;3;8;3;9;3;10;3;11;3;12;3;13;3;14;3;15;3;16
2;2;12;18;3;7;3;8;3;9;3;10;3;11;3;12;3;13;3;14;3;15;3;16;3;17
1;2;12;18;3;8;3;9;3;10;3;11;3;12;3;13;3;14;3;15;3;16;3;17;3;18
1;1;12;18;3;9;3;10;3;11;3;12;3;13;3;14;3;15;3;16;3;17;3;18;4;18
1;1;12;18;3;10;3;11;3;12;3;13;3;14;3;15;3;16;3;17;3;18;4;18;5;18
1;1;12;18;3;11;3;12;3;13;3;14;3;15;3;16;3;17;3;18;4;18;5;18;6;18
1;1;12;18;3;12;3;13;3;14;3;15;3;16;3;17;3;18;4;18;5;18;6;18;7;18
1;1;12;18;3;13;3;14;3;15;3;16;3;17;3;18;4;18;5;18;6;18;7;18;8;18
1;1;12;18;3;14;3;15;3;16;3;17;3;18;4;18;5;18;6;18;7;18;8;18;9;18
1;1;12;18;3;15;3;16;3;17;3;18;4;18;5;18;6;18;7;18;8;18;9;18;10;18
1;1;12;18;3;16;3;17;3;18;4;18;5;18;6;18;7;18;8;18;9;18;10;18;11;18
1;1;11;6;3;17;3;17;3;18;4;18;5;18;6;18;7;18;8;18;9;18;10;18;11;18;12;18
1;1;11;6;3;17;3;18;4;18;5;18;6;18;7;18;8;18;9;18;10;18;11;18;12;18;13;18
1;1;11;6;3;18;4;18;5;18;6;18;7;18;8;18;9;18;10;18;11;18;12;18;13;18;14;18
0;1;11;6;4;18;5;18;6;18;7;18;8;18;9;18;10;18;11;18;12;18;13;18;14;18;15;18
0;0;11;6;5;18;6;18;7;18;8;18;9;18;10;18;11;18;12;18;13;18;14;18;15;18;15;17
0;0;11;6;6;18;7;18;8;18;9;18;10;18;11;18;12;18;13;18;14;18;15;18;15;17;15;16
0;0;11;6;7;18;8;18;9;18;10;18;11;18;12;18;13;18;14;18;15;18;15;17;15;16;15;15
0;0;11;6;8;18;9;18;10;18;11;18;12;18;13;18;14;18;15;18;15;17;15;16;15;15;15;14
0;0;11;6;9;18;10;18;11;18;12;18;13;18;14;18;15;18;15;17;15;16;15;15;15;14;15;13
0;0;11;6;10;18;11;18;12;18;13;18;14;18;15;18;15;17;15;16;15;15;15;14;15;13;15;12
0;0;11;6;11;18;12;18;13;18;14;18;15;18;15;17;15;16;15;15;15;14;15;13;15;12;15;11
0;0;11;6;12;18;13;18;14;18;15;18;15;17;15;16;15;15;15;14;15;13;15;12;15;11;15;10
0;0;11;6;13;18;14;18;15;18;15;17;15;16;15;15;15;14;15;13;15;12;15;11;15;10;15;9
0;0;11;6;14;18;15;18;15;17;15;16;15;15;15;14;15;13;15;12;15;11;15;10;15;9;15;8
3;0;11;6;15;18;15;17;15;16;15;15;15;14;15;13;15;12;15;11;15;10;15;9;15;8;15;7
3;3;11;6;15;17;15;16;15;15;15;14;15;13;15;12;15;11;15;10;15;9;15;8;15;7;14;7
3;3;11;6;15;16;15;15;15;14;15;13;15;12;15;11;15;10;15;9;15;8;15;7;14;7;13;7
3;3;11;6;15;15;15;14;15;13;15;12;15;11;15;10;15;9;15;8;15;7;14;7;13;7;12;7
0;3;11;6;15;14;15;13;15;12;15;11;15;10;15;9;15;8;15;7;14;7;13;7;12;7;11;7
3;0;14;18;15;13;15;13;15;12;15;11;15;10;15;9;15;8;15;7;14;7;13;7;12;7;11;7;11;6
3;3;14;18;15;13;15;12;15;11;15;10;15;9;15;8;15;7;14;7;13;7;12;7;11;7;11;6;10;6
3;3;14;18;15;12;15;11;15;10;15;9;15;8;15;7;14;7;13;7;12;7;11;7;11;6;10;6;9;6
2;3;14;18;15;11;15;10;15;9;15;8;15;7;14;7;13;7;12;7;11;7;11;6;10;6;9;6;8;6
2;2;14;18;15;10;15;9;15;8;15;7;14;7;13;7;12;7;11;7;11;6;10;6;9;6;8;6;8;7
2;2;14;18;15;9;15;8;15;7;14;7;13;7;12;7;11;7;11;6;10;6;9;6;8;6;8;7;8;8
2;2;14;18;15;8;15;7;14;7;13;7;12;7;11;7;11;6;10;6;9;6;8;6;8;7;8;8;8;9
2;2;14;18;15;7;14;7;13;7;12;7;11;7;11;6;10;6;9;6;8;6;8;7;8;8;8;9;8;10
2;2;14;18;14;7;13;7;12;7;11;7;11;6;10;6;9;6;8;6;8;7;8;8;8;9;8;10;8;11
2;2;14;18;13;7;12;7;11;7;11;6;10;6;9;6;8;6;8;7;8;8;8;9;8;10;8;11;8;12
2;2;14;18;12;7;11;7;11;6;10;6;9;6;8;6;8;7;8;8;8;9;8;10;8;11;8;12;8;13
2;2;14;18;11;7;11;6;10;6;9;6;8;6;8;7;8;8;8;9;8;10;8;11;8;12;8;13;8;14
2;2;14;18;11;6;10;6;9;6;8;6;8;7;8;8;8;9;8;10;8;11;8;12;8;13;8;14;8;15
2;2;14;18;10;6;9;6;8;6;8;7;8;8;8;9;8;10;8;11;8;12;8;13;8;14;8;15;8;16
2;2;14;18;9;6;8;6;8;7;8;8;8;9;8;10;8;11;8;12;8;13;8;14;8;15;8;16;8;17
1;2;14;18;8;6;8;7;8;8;8;9;8;10;8;11;8;12;8;13;8;14;8;15;8;16;8;17;8;18
1;1;14;18;8;7;8;8;8;9;8;10;8;11;8;12;8;13;8;14;8;15;8;16;8;17;8;18;9;18
1;1;14;18;8;8;8;9;8;10;8;11;8;12;8;13;8;14;8;15;8;16;8;17;8;18;9;18;10;18
1;1;14;18;8;9;8;10;8;11;8;12;8;13;8;14;8;15;8;16;8;17;8;18;9;18;10;18;11;18
1;1;14;18;8;10;8;11;8;12;8;13;8;14;8;15;8;16;8;17;8;18;9;18;10;18;11;18;12;18
1;1;14;18;8;11;8;12;8;13;8;14;8;15;8;16;8;17;8;18;9;18;10;18;11;18;12;18;13;18
1;1;17;16;8;12;8;12;8;13;8;14;8;15;8;16;8;17;8;18;9;18;10;18;11;18;12;18;13;18;14;18
1;1;17;16;8;12;8;13;8;14;8;15;8;16;8;17;8;18;9;18;10;18;11;18;12;18;13;18;14;18;15;18
1;1;17;16;8;13;8;14;8;15;8;16;8;17;8;18;9;18;10;18;11;18;12;18;13;18;14;18;15;18;16;18
0;1;17;16;8;14;8;15;8;16;8;17;8;18;9;18;10;18;11;18;12;18;13;18;14;18;15;18;16;18;17;18
0;0;17;16;8;15;8;16;8;17;8;18;9;18;10;18;11;18;12;18;13;18;14;18;15;18;16;18;17;18;17;17
0;0;7;9;8;16;8;16;8;17;8;18;9;18;10;18;11;18;12;18;13;18;14;18;15;18;16;18;17;18;17;17;17;16
0;0;7;9;8;16;8;17;8;18;9;18;10;18;11;18;12;18;13;18;14;18;15;18;16;18;17;18;17;17;17;16;17;15
0;0;7;9;8;17;8;18;9;18;10;18;11;18;12;18;13;18;14;18;15;18;16;18;17;18;17;17;17;16;17;15;17;14
0;0;7;9;8;18;9;18;10;18;11;18;12;18;13;18;14;18;15;18;16;18;17;18;17;17;17;16;17;15;17;14;17;13
0;0;7;9;9;18;10;18;11;18;12;18;13;18;14;18;15;18;16;18;17;18;17;17;17;16;17;15;17;14;17;13;17;12
0;0;7;9;10;18;11;18;12;18;13;18;14;18;15;18;16;18;17;18;17;17;17;16;17;15;17;14;17;13;17;12;17;11
3;0;7;9;11;18;12;18;13;18;14;18;15;18;16;18;17;18;17;17;17;16;17;15;17;14;17;13;17;12;17;11;17;10
3;3;7;9;12;18;13;18;14;18;15;18;16;18;17;18;17;17;17;16;17;15;17;14;17;13;17;12;17;11;17;10;16;10
3;3;7;9;13;18;14;18;15;18;16;18;17;18;17;17;17;16;17;15;17;14;17;13;17;12;17;11;17;10;16;10;15;10
0;3;7;9;14;18;15;18;16;18;17;18;17;17;17;16;17;15;17;14;17;13;17;12;17;11;17;10;16;10;15;10;14;10
3;0;7;9;15;18;16;18;17;18;17;17;17;16;17;15;17;14;17;13;17;12;17;11;17;10;16;10;15;10;14;10;14;9
3;3;7;9;16;18;17;18;17;17;17;16;17;15;17;14;17;13;17;12;17;11;17;10;16;10;15;10;14;10;14;9;13;9
3;3;7;9;17;18;17;17;17;16;17;15;17;14;17;13;17;12;17;11;17;10;16;10;15;10;14;10;14;9;13;9;12;9
3;3;7;9;17;17;17;16;17;15;17;14;17;13;17;12;17;11;17;10;16;10;15;10;14;10;14;9;13;9;12;9;11;9
3;3;7;9;17;16;17;15;17;14;17;13;17;12;17;11;17;10;16;10;15;10;14;10;14;9;13;9;12;9;11;9;10;9
3;3;7;9;17;15;17;14;17;13;17;12;17;11;17;10;16;10;15;10;14;10;14;9;13;9;12;9;11;9;10;9;9;9
3;3;7;9;17;14;17;13;17;12;17;11;17;10;16;10;15;10;14;10;14;9;13;9;12;9;11;9;10;9;9;9;8;9
3;3;2;11;17;13;17;13;17;12;17;11;17;10;16;10;15;10;14;10;14;9;13;9;12;9;11;9;10;9;9;9;8;9;7;9
3;3;2;11;17;13;17;12;17;11;17;10;16;10;15;10;14;10;14;9;13;9;12;9;11;9;10;9;9;9;8;9;7;9;6;9
3;3;2;11;17;12;17;11;17;10;16;10;15;10;14;10;14;9;13;9;12;9;11;9;10;9;9;9;8;9;7;9;6;9;5;9
3;3;2;11;17;11;17;10;16;10;15;10;14;10;14;9;13;9;12;9;11;9;10;9;9;9;8;9;7;9;6;9;5;9;4;9
3;3;2;11;17;10;16;10;15;10;14;10;14;9;13;9;12;9;11;9;10;9;9;9;8;9;7;9;6;9;5;9;4;9;3;9
2;3;2;11;16;10;15;10;14;10;14;9;13;9;12;9;11;9;10;9;9;9;8;9;7;9;6;9;5;9;4;9;3;9;2;9
2;2;2;11;15;10;14;10;14;9;13;9;12;9;11;9;10;9;9;9;8;9;7;9;6;9;5;9;4;9;3;9;2;9;2;10
2;2;11;14;14;10;14;10;14;9;13;9;12;9;11;9;10;9;9;9;8;9;7;9;6;9;5;9;4;9;3;9;2;9;2;10;2;11
2;2;11;14;14;10;14;9;13;9;12;9;11;9;10;9;9;9;8;9;7;9;6;9;5;9;4;9;3;9;2;9;2;10;2;11;2;12
2;2;11;14;14;9;13;9;12;9;11;9;10;9;9;9;8;9;7;9;6;9;5;9;4;9;3;9;2;9;2;10;2;11;2;12;2;13
1;2;11;14;13;9;12;9;11;9;10;9;9;9;8;9;7;9;6;9;5;9;4;9;3;9;2;9;2;10;2;11;2;12;2;13;2;14
1;1;11;14;12;9;11;9;10;9;9;9;8;9;7;9;6;9;5;9;4;9;3;9;2;9;2;10;2;11;2;12;2;13;2;14;3;14
0;1;11;14;11;9;10;9;9;9;8;9;7;9;6;9;5;9;4;9;3;9;2;9;2;10;2;11;2;12;2;13;2;14;3;14;4;14
1;0;11;14;10;9;9;9;8;9;7;9;6;9;5;9;4;9;3;9;2;9;2;10;2;11;2;12;2;13;2;14;3;14;4;14;4;13
1;1;11;14;9;9;8;9;7;9;6;9;5;9;4;9;3;9;2;9;2;10;2;11;2;12;2;13;2;14;3;14;4;14;4;13;5;13
1;1;11;14;8;9;7;9;6;9;5;9;4;9;3;9;2;9;2;10;2;11;2;12;2;13;2;14;3;14;4;14;4;13;5;13;6;13
1;1;11;14;7;9;6;9;5;9;4;9;3;9;2;9;2;10;2;11;2;12;2;13;2;14;3;14;4;14;4;13;5;13;6;13;7;13
1;1;11;14;6;9;5;9;4;9;3;9;2;9;2;10;2;11;2;12;2;13;2;14;3;14;4;14;4;13;5;13;6;13;7;13;8;13
1;1;11;14;5;9;4;9;3;9;2;9;2;10;2;11;2;12;2;13;2;14;3;14;4;14;4;13;5;13;6;13;7;13;8;13;9;13
1;1;11;14;4;9;3;9;2;9;2;10;2;11;2;12;2;13;2;14;3;14;4;14;4;13;5;13;6;13;7;13;8;13;9;13;10;13
1;1;11;14;3;9;2;9;2;10;2;11;2;12;2;13;2;14;3;14;4;14;4;13;5;13;6;13;7;13;8;13;9;13;10;13;11;13
2;1;11;14;2;9;2;10;2;11;2;12;2;13;2;14;3;14;4;14;4;13;5;13;6;13;7;13;8;13;9;13;10;13;11;13;12;13
2;2;11;14;2;10;2;11;2;12;2;13;2;14;3;14;4;14;4;13;5;13;6;13;7;13;8;13;9;13;10;13;11;13;12;13;12;14
3;2;11;14;2;11;2;12;2;13;2;14;3;14;4;14;4;13;5;13;6;13;7;13;8;13;9;13;10;13;11;13;12;13;12;14;12;15
3;3;11;14;2;12;2;13;2;14;3;14;4;14;4;13;5;13;6;13;7;13;8;13;9;13;10;13;11;13;12;13;12;14;12;15;11;15
2;3;11;14;2;13;2;14;3;14;4;14;4;13;5;13;6;13;7;13;8;13;9;13;10;13;11;13;12;13;12;14;12;15;11;15;10;15
2;2;11;14;2;14;3;14;4;14;4;13;5;13;6;13;7;13;8;13;9;13;10;13;11;13;12;13;12;14;12;15;11;15;10;15;10;16
2;2;11;14;3;14;4;14;4;13;5;13;6;13;7;13;8;13;9;13;10;13;11;13;12;13;12;14;12;15;11;15;10;15;10;16;10;17
3;2;11;14;4;14;4;13;5;13;6;13;7;13;8;13;9;13;10;13;11;13;12;13;12;14;12;15;11;15;10;15;10;16;10;17;10;18
3;3;11;14;4;13;5;13;6;13;7;13;8;13;9;13;10;13;11;13;12;13;12;14;12;15;11;15;10;15;10;16;10;17;10;18;9;18
3;3;11;14;5;13;6;13;7;13;8;13;9;13;10;13;11;13;12;13;12;14;12;15;11;15;10;15;10;16;10;17;10;18;9;18;8;18
3;3;11;14;6;13;7;13;8;13;9;13;10;13;11;13;12;13;12;14;12;15;11;15;10;15;10;16;10;17;10;18;9;18;8;18;7;18
3;3;11;14;7;13;8;13;9;13;10;13;11;13;12;13;12;14;12;15;11;15;10;15;10;16;10;17;10;18;9;18;8;18;7;18;6;18
3;3;11;14;8;13;9;13;10;13;11;13;12;13;12;14;12;15;11;15;10;15;10;16;10;17;10;18;9;18;8;18;7;18;6;18;5;18
3;3;11;14;9;13;10;13;11;13;12;13;12;14;12;15;11;15;10;15;10;16;10;17;10;18;9;18;8;18;7;18;6;18;5;18;4;18
0;3;11;14;10;13;11;13;12;13;12;14;12;15;11;15;10;15;10;16;10;17;10;18;9;18;8;18;7;18;6;18;5;18;4;18;3;18
0;0;11;14;11;13;12;13;12;14;12;15;11;15;10;15;10;16;10;17;10;18;9;18;8;18;7;18;6;18;5;18;4;18;3;18;3;17
0;0;11;14;12;13;12;14;12;15;11;15;10;15;10;16;10;17;10;18;9;18;8;18;7;18;6;18;5;18;4;18;3;18;3;17;3;16
1;0;11;14;12;14;12;15;11;15;10;15;10;16;10;17;10;18;9;18;8;18;7;18;6;18;5;18;4;18;3;18;3;17;3;16;3;15
1;1;11;14;12;15;11;15;10;15;10;16;10;17;10;18;9;18;8;18;7;18;6;18;5;18;4;18;3;18;3;17;3;16;3;15;4;15
1;1;11;14;11;15;10;15;10;16;10;17;10;18;9;18;8;18;7;18;6;18;5;18;4;18;3;18;3;17;3;16;3;15;4;15;5;15
0;1;11;14;10;15;10;16;10;17;10;18;9;18;8;18;7;18;6;18;5;18;4;18;3;18;3;17;3;16;3;15;4;15;5;15;6;15
0;0;11;14;10;16;10;17;10;18;9;18;8;18;7;18;6;18;5;18;4;18;3;18;3;17;3;16;3;15;4;15;5;15;6;15;6;14
1;0;11;14;10;17;10;18;9;18;8;18;7;18;6;18;5;18;4;18;3;18;3;17;3;16;3;15;4;15;5;15;6;15;6;14;6;13
1;1;11;14;10;18;9;18;8;18;7;18;6;18;5;18;4;18;3;18;3;17;3;16;3;15;4;15;5;15;6;15;6;14;6;13;7;13
1;1;11;14;9;18;8;18;7;18;6;18;5;18;4;18;3;18;3;17;3;16;3;15;4;15;5;15;6;15;6;14;6;13;7;13;8;13
1;1;11;14;8;18;7;18;6;18;5;18;4;18;3;18;3;17;3;16;3;15;4;15;5;15;6;15;6;14;6;13;7;13;8;13;9;13
2;1;11;14;7;18;6;18;5;18;4;18;3;18;3;17;3;16;3;15;4;15;5;15;6;15;6;14;6;13;7;13;8;13;9;13;10;13
2;2;11;14;6;18;5;18;4;18;3;18;3;17;3;16;3;15;4;15;5;15;6;15;6;14;6;13;7;13;8;13;9;13;10;13;10;14
1;2;11;14;5;18;4;18;3;18;3;17;3;16;3;15;4;15;5;15;6;15;6;14;6;13;7;13;8;13;9;13;10;13;10;14;10;15
1;1;11;14;4;18;3;18;3;17;3;16;3;15;4;15;5;15;6;15;6;14;6;13;7;13;8;13;9;13;10;13;10;14;10;15;11;15
0;1;11;14;3;18;3;17;3;16;3;15;4;15;5;15;6;15;6;14;6;13;7;13;8;13;9;13;10;13;10;14;10;15;11;15;12;15
0;0;11;14;3;17;3;16;3;15;4;15;5;15;6;15;6;14;6;13;7;13;8;13;9;13;10;13;10;14;10;15;11;15;12;15;12;14
0;0;11;14;3;16;3;15;4;15;5;15;6;15;6;14;6;13;7;13;8;13;9;13;10;13;10;14;10;15;11;15;12;15;12;14;12;13
0;0;11;14;3;15;4;15;5;15;6;15;6;14;6;13;7;13;8;13;9;13;10;13;10;14;10;15;11;15;12;15;12;14;12;13;12;12
1;0;11;14;4;15;5;15;6;15;6;14;6;13;7;13;8;13;9;13;10;13;10;14;10;15;11;15;12;15;12;14;12;13;12;12;12;11
1;1;11;14;5;15;6;15;6;14;6;13;7;13;8;13;9;13;10;13;10;14;10;15;11;15;12;15;12;14;12;13;12;12;12;11;13;11
1;1;11;14;6;15;6;14;6;13;7;13;8;13;9;13;10;13;10;14;10;15;11;15;12;15;12;14;12;13;12;12;12;11;13;11;14;11
0;1;11;14;6;14;6;13;7;13;8;13;9;13;10;13;10;14;10;15;11;15;12;15;12;14;12;13;12;12;12;11;13;11;14;11;15;11
0;0;11;14;6;13;7;13;8;13;9;13;10;13;10;14;10;15;11;15;12;15;12;14;12;13;12;12;12;11;13;11;14;11;15;11;15;10
3;0;11;14;7;13;8;13;9;13;10;13;10;14;10;15;11;15;12;15;12;14;12;13;12;12;12;11;13;11;14;11;15;11;15;10;15;9
3;3;11;14;8;13;9;13;10;13;10;14;10;15;11;15;12;15;12;14;12;13;12;12;12;11;13;11;14;11;15;11;15;10;15;9;14;9
3;3;11;14;9;13;10;13;10;14;10;15;11;15;12;15;12;14;12;13;12;12;12;11;13;11;14;11;15;11;15;10;15;9;14;9;13;9
3;3;11;14;10;13;10;14;10;15;11;15;12;15;12;14;12;13;12;12;12;11;13;11;14;11;15;11;15;10;15;9;14;9;13;9;12;9
3;3;11;14;10;14;10;15;11;15;12;15;12;14;12;13;12;12;12;11;13;11;14;11;15;11;15;10;15;9;14;9;13;9;12;9;11;9
3;3;11;14;10;15;11;15;12;15;12;14;12;13;12;12;12;11;13;11;14;11;15;11;15;10;15;9;14;9;13;9;12;9;11;9;10;9
3;3;11;14;11;15;12;15;12;14;12;13;12;12;12;11;13;11;14;11;15;11;15;10;15;9;14;9;13;9;12;9;11;9;10;9;9;9
3;3;11;14;12;15;12;14;12;13;12;12;12;11;13;11;14;11;15;11;15;10;15;9;14;9;13;9;12;9;11;9;10;9;9;9;8;9
2;3;11;14;12;14;12;13;12;12;12;11;13;11;14;11;15;11;15;10;15;9;14;9;13;9;12;9;11;9;10;9;9;9;8;9;7;9
2;2;11;14;12;13;12;12;12;11;13;11;14;11;15;11;15;10;15;9;14;9;13;9;12;9;11;9;10;9;9;9;8;9;7;9;7;10
1;2;11;14;12;12;12;11;13;11;14;11;15;11;15;10;15;9;14;9;13;9;12;9;11;9;10;9;9;9;8;9;7;9;7;10;7;11
1;1;11;14;12;11;13;11;14;11;15;11;15;10;15;9;14;9;13;9;12;9;11;9;10;9;9;9;8;9;7;9;7;10;7;11;8;11
1;1;11;14;13;11;14;11;15;11;15;10;15;9;14;9;13;9;12;9;11;9;10;9;9;9;8;9;7;9;7;10;7;11;8;11;9;11
1;1;11;14;14;11;15;11;15;10;15;9;14;9;13;9;12;9;11;9;10;9;9;9;8;9;7;9;7;10;7;11;8;11;9;11;10;11
2;1;11;14;15;11;15;10;15;9;14;9;13;9;12;9;11;9;10;9;9;9;8;9;7;9;7;10;7;11;8;11;9;11;10;11;11;11
2;2;11;14;15;10;15;9;14;9;13;9;12;9;11;9;10;9;9;9;8;9;7;9;7;10;7;11;8;11;9;11;10;11;11;11;11;12
2;2;11;14;15;9;14;9;13;9;12;9;11;9;10;9;9;9;8;9;7;9;7;10;7;11;8;11;9;11;10;11;11;11;11;12;11;13
2;2;11;1;14;9;14;9;13;9;12;9;11;9;10;9;9;9;8;9;7;9;7;10;7;11;8;11;9;11;10;11;11;11;11;12;11;13;11;14
2;2;11;1;14;9;13;9;12;9;11;9;10;9;9;9;8;9;7;9;7;10;7;11;8;11;9;11;10;11;11;11;11;12;11;13;11;14;11;15
3;2;11;1;13;9;12;9;11;9;10;9;9;9;8;9;7;9;7;10;7;11;8;11;9;11;10;11;11;11;11;12;11;13;11;14;11;15;11;16
3;3;11;1;12;9;11;9;10;9;9;9;8;9;7;9;7;10;7;11;8;11;9;11;10;11;11;11;11;12;11;13;11;14;11;15;11;16;10;16
3;3;11;1;11;9;10;9;9;9;8;9;7;9;7;10;7;11;8;11;9;11;10;11;11;11;11;12;11;13;11;14;11;15;11;16;10;16;9;16
3;3;11;1;10;9;9;9;8;9;7;9;7;10;7;11;8;11;9;11;10;11;11;11;11;12;11;13;11;14;11;15;11;16;10;16;9;16;8;16
3;3;11;1;9;9;8;9;7;9;7;10;7;11;8;11;9;11;10;11;11;11;11;12;11;13;11;14;11;15;11;16;10;16;9;16;8;16;7;16
0;3;11;1;8;9;7;9;7;10;7;11;8;11;9;11;10;11;11;11;11;12;11;13;11;14;11;15;11;16;10;16;9;16;8;16;7;16;6;16
0;0;11;1;7;9;7;10;7;11;8;11;9;11;10;11;11;11;11;12;11;13;11;14;11;15;11;16;10;16;9;16;8;16;7;16;6;16;6;15
0;0;11;1;7;10;7;11;8;11;9;11;10;11;11;11;11;12;11;13;11;14;11;15;11;16;10;16;9;16;8;16;7;16;6;16;6;15;6;14
0;0;11;1;7;11;8;11;9;11;10;11;11;11;11;12;11;13;11;14;11;15;11;16;10;16;9;16;8;16;7;16;6;16;6;15;6;14;6;13
0;0;11;1;8;11;9;11;10;11;11;11;11;12;11;13;11;14;11;15;11;16;10;16;9;16;8;16;7;16;6;16;6;15;6;14;6;13;6;12
0;0;11;1;9;11;10;11;11;11;11;12;11;13;11;14;11;15;11;16;10;16;9;16;8;16;7;16;6;16;6;15;6;14;6;13;6;12;6;11
0;0;11;1;10;11;11;11;11;12;11;13;11;14;11;15;11;16;10;16;9;16;8;16;7;16;6;16;6;15;6;14;6;13;6;12;6;11;6;10
0;0;11;1;11;11;11;12;11;13;11;14;11;15;11;16;10;16;9;16;8;16;7;16;6;16;6;15;6;14;6;13;6;12;6;11;6;10;6;9
0;0;11;1;11;12;11;13;11;14;11;15;11;16;10;16;9;16;8;16;7;16;6;16;6;15;6;14;6;13;6;12;6;11;6;10;6;9;6;8
0;0;11;1;11;13;11;14;11;15;11;16;10;16;9;16;8;16;7;16;6;16;6;15;6;14;6;13;6;12;6;11;6;10;6;9;6;8;6;7
0;0;11;1;11;14;11;15;11;16;10;16;9;16;8;16;7;16;6;16;6;15;6;14;6;13;6;12;6;11;6;10;6;9;6;8;6;7;6;6
0;0;11;1;11;15;11;16;10;16;9;16;8;16;7;16;6;16;6;15;6;14;6;13;6;12;6;11;6;10;6;9;6;8;6;7;6;6;6;5
0;0;11;1;11;16;10;16;9;16;8;16;7;16;6;16;6;15;6;14;6;13;6;12;6;11;6;10;6;9;6;8;6;7;6;6;6;5;6;4
0;0;11;1;10;16;9;16;8;16;7;16;6;16;6;15;6;14;6;13;6;12;6;11;6;10;6;9;6;8;6;7;6;6;6;5;6;4;6;3
0;0;11;1;9;16;8;16;7;16;6;16;6;15;6;14;6;13;6;12;6;11;6;10;6;9;6;8;6;7;6;6;6;5;6;4;6;3;6;2
1;0;11;1;8;16;7;16;6;16;6;15;6;14;6;13;6;12;6;11;6;10;6;9;6;8;6;7;6;6;6;5;6;4;6;3;6;2;6;1
1;1;11;1;7;16;6;16;6;15;6;14;6;13;6;12;6;11;6;10;6;9;6;8;6;7;6;6;6;5;6;4;6;3;6;2;6;1;7;1
1;1;11;1;6;16;6;15;6;14;6;13;6;12;6;11;6;10;6;9;6;8;6;7;6;6;6;5;6;4;6;3;6;2;6;1;7;1;8;1
1;1;11;1;6;15;6;14;6;13;6;12;6;11;6;10;6;9;6;8;6;7;6;6;6;5;6;4;6;3;6;2;6;1;7;1;8;1;9;1
1;1;11;1;6;14;6;13;6;12;6;11;6;10;6;9;6;8;6;7;6;6;6;5;6;4;6;3;6;2;6;1;7;1;8;1;9;1;10;1
1;1;5;15;6;13;6;13;6;12;6;11;6;10;6;9;6;8;6;7;6;6;6;5;6;4;6;3;6;2;6;1;7;1;8;1;9;1;10;1;11;1
1;1;5;15;6;13;6;12;6;11;6;10;6;9;6;8;6;7;6;6;6;5;6;4;6;3;6;2;6;1;7;1;8;1;9;1;10;1;11;1;12;1
1;1;5;15;6;12;6;11;6;10;6;9;6;8;6;7;6;6;6;5;6;4;6;3;6;2;6;1;7;1;8;1;9;1;10;1;11;1;12;1;13;1
2;1;5;15;6;11;6;10;6;9;6;8;6;7;6;6;6;5;6;4;6;3;6;2;6;1;7;1;8;1;9;1;10;1;11;1;12;1;13;1;14;1
2;2;5;15;6;10;6;9;6;8;6;7;6;6;6;5;6;4;6;3;6;2;6;1;7;1;8;1;9;1;10;1;11;1;12;1;13;1;14;1;14;2
2;2;5;15;6;9;6;8;6;7;6;6;6;5;6;4;6;3;6;2;6;1;7;1;8;1;9;1;10;1;11;1;12;1;13;1;14;1;14;2;14;3
2;2;5;15;6;8;6;7;6;6;6;5;6;4;6;3;6;2;6;1;7;1;8;1;9;1;10;1;11;1;12;1;13;1;14;1;14;2;14;3;14;4
2;2;5;15;6;7;6;6;6;5;6;4;6;3;6;2;6;1;7;1;8;1;9;1;10;1;11;1;12;1;13;1;14;1;14;2;14;3;14;4;14;5
2;2;5;15;6;6;6;5;6;4;6;3;6;2;6;1;7;1;8;1;9;1;10;1;11;1;12;1;13;1;14;1;14;2;14;3;14;4;14;5;14;6
2;2;5;15;6;5;6;4;6;3;6;2;6;1;7;1;8;1;9;1;10;1;11;1;12;1;13;1;14;1;14;2;14;3;14;4;14;5;14;6;14;7
2;2;5;15;6;4;6;3;6;2;6;1;7;1;8;1;9;1;10;1;11;1;12;1;13;1;14;1;14;2;14;3;14;4;14;5;14;6;14;7;14;8
2;2;5;15;6;3;6;2;6;1;7;1;8;1;9;1;10;1;11;1;12;1;13;1;14;1;14;2;14;3;14;4;14;5;14;6;14;7;14;8;14;9
2;2;5;15;6;2;6;1;7;1;8;1;9;1;10;1;11;1;12;1;13;1;14;1;14;2;14;3;14;4;14;5;14;6;14;7;14;8;14;9;14;10
2;2;5;15;6;1;7;1;8;1;9;1;10;1;11;1;12;1;13;1;14;1;14;2;14;3;14;4;14;5;14;6;14;7;14;8;14;9;14;10;14;11
2;2;5;15;7;1;8;1;9;1;10;1;11;1;12;1;13;1;14;1;14;2;14;3;14;4;14;5;14;6;14;7;14;8;14;9;14;10;14;11;14;12
2;2;5;15;8;1;9;1;10;1;11;1;12;1;13;1;14;1;14;2;14;3;14;4;14;5;14;6;14;7;14;8;14;9;14;10;14;11;14;12;14;13
2;2;5;15;9;1;10;1;11;1;12;1;13;1;14;1;14;2;14;3;14;4;14;5;14;6;14;7;14;8;14;9;14;10;14;11;14;12;14;13;14;14
3;2;5;15;10;1;11;1;12;1;13;1;14;1;14;2;14;3;14;4;14;5;14;6;14;7;14;8;14;9;14;10;14;11;14;12;14;13;14;14;14;15
3;3;5;15;11;1;12;1;13;1;14;1;14;2;14;3;14;4;14;5;14;6;14;7;14;8;14;9;14;10;14;11;14;12;14;13;14;14;14;15;13;15
3;3;5;15;12;1;13;1;14;1;14;2;14;3;14;4;14;5;14;6;14;7;14;8;14;9;14;10;14;11;14;12;14;13;14;14;14;15;13;15;12;15
3;3;5;15;13;1;14;1;14;2;14;3;14;4;14;5;14;6;14;7;14;8;14;9;14;10;14;11;14;12;14;13;14;14;14;15;13;15;12;15;11;15
3;3;5;15;14;1;14;2;14;3;14;4;14;5;14;6;14;7;14;8;14;9;14;10;14;11;14;12;14;13;14;14;14;15;13;15;12;15;11;15;10;15
3;3;5;15;14;2;14;3;14;4;14;5;14;6;14;7;14;8;14;9;14;10;14;11;14;12;14;13;14;14;14;15;13;15;12;15;11;15;10;15;9;15
3;3;5;15;14;3;14;4;14;5;14;6;14;7;14;8;14;9;14;10;14;11;14;12;14;13;14;14;14;15;13;15;12;15;11;15;10;15;9;15;8;15
3;3;5;15;14;4;14;5;14;6;14;7;14;8;14;9;14;10;14;11;14;12;14;13;14;14;14;15;13;15;12;15;11;15;10;15;9;15;8;15;7;15
3;3;5;15;14;5;14;6;14;7;14;8;14;9;14;10;14;11;14;12;14;13;14;14;14;15;13;15;12;15;11;15;10;15;9;15;8;15;7;15;6;15
3;3;8;16;14;6;14;6;14;7;14;8;14;9;14;10;14;11;14;12;14;13;14;14;14;15;13;15;12;15;11;15;10;15;9;15;8;15;7;15;6;15;5;15
0;3;8;16;14;6;14;7;14;8;14;9;14;10;14;11;14;12;14;13;14;14;14;15;13;15;12;15;11;15;10;15;9;15;8;15;7;15;6;15;5;15;4;15
0;0;8;16;14;7;14;8;14;9;14;10;14;11;14;12;14;13;14;14;14;15;13;15;12;15;11;15;10;15;9;15;8;15;7;15;6;15;5;15;4;15;4;14
0;0;8;16;14;8;14;9;14;10;14;11;14;12;14;13;14;14;14;15;13;15;12;15;11;15;10;15;9;15;8;15;7;15;6;15;5;15;4;15;4;14;4;13
0;0;8;16;14;9;14;10;14;11;14;12;14;13;14;14;14;15;13;15;12;15;11;15;10;15;9;15;8;15;7;15;6;15;5;15;4;15;4;14;4;13;4;12
0;0;8;16;14;10;14;11;14;12;14;13;14;14;14;15;13;15;12;15;11;15;10;15;9;15;8;15;7;15;6;15;5;15;4;15;4;14;4;13;4;12;4;11
0;0;8;16;14;11;14;12;14;13;14;14;14;15;13;15;12;15;11;15;10;15;9;15;8;15;7;15;6;15;5;15;4;15;4;14;4;13;4;12;4;11;4;10
1;0;8;16;14;12;14;13;14;14;14;15;13;15;12;15;11;15;10;15;9;15;8;15;7;15;6;15;5;15;4;15;4;14;4;13;4;12;4;11;4;10;4;9
1;1;8;16;14;13;14;14;14;15;13;15;12;15;11;15;10;15;9;15;8;15;7;15;6;15;5;15;4;15;4;14;4;13;4;12;4;11;4;10;4;9;5;9
1;1;8;16;14;14;14;15;13;15;12;15;11;15;10;15;9;15;8;15;7;15;6;15;5;15;4;15;4;14;4;13;4;12;4;11;4;10;4;9;5;9;6;9
1;1;8;16;14;15;13;15;12;15;11;15;10;15;9;15;8;15;7;15;6;15;5;15;4;15;4;14;4;13;4;12;4;11;4;10;4;9;5;9;6;9;7;9
1;1;8;16;13;15;12;15;11;15;10;15;9;15;8;15;7;15;6;15;5;15;4;15;4;14;4;13;4;12;4;11;4;10;4;9;5;9;6;9;7;9;8;9
1;1;8;16;12;15;11;15;10;15;9;15;8;15;7;15;6;15;5;15;4;15;4;14;4;13;4;12;4;11;4;10;4;9;5;9;6;9;7;9;8;9;9;9
1;1;8;16;11;15;10;15;9;15;8;15;7;15;6;15;5;15;4;15;4;14;4;13;4;12;4;11;4;10;4;9;5;9;6;9;7;9;8;9;9;9;10;9
1;1;8;16;10;15;9;15;8;15;7;15;6;15;5;15;4;15;4;14;4;13;4;12;4;11;4;10;4;9;5;9;6;9;7;9;8;9;9;9;10;9;11;9
1;1;8;16;9;15;8;15;7;15;6;15;5;15;4;15;4;14;4;13;4;12;4;11;4;10;4;9;5;9;6;9;7;9;8;9;9;9;10;9;11;9;12;9
1;1;8;16;8;15;7;15;6;15;5;15;4;15;4;14;4;13;4;12;4;11;4;10;4;9;5;9;6;9;7;9;8;9;9;9;10;9;11;9;12;9;13;9
2;1;8;16;7;15;6;15;5;15;4;15;4;14;4;13;4;12;4;11;4;10;4;9;5;9;6;9;7;9;8;9;9;9;10;9;11;9;12;9;13;9;14;9
2;2;8;16;6;15;5;15;4;15;4;14;4;13;4;12;4;11;4;10;4;9;5;9;6;9;7;9;8;9;9;9;10;9;11;9;12;9;13;9;14;9;14;10
2;2;8;16;5;15;4;15;4;14;4;13;4;12;4;11;4;10;4;9;5;9;6;9;7;9;8;9;9;9;10;9;11;9;12;9;13;9;14;9;14;10;14;11
2;2;8;16;4;15;4;14;4;13;4;12;4;11;4;10;4;9;5;9;6;9;7;9;8;9;9;9;10;9;11;9;12;9;13;9;14;9;14;10;14;11;14;12
2;2;8;16;4;14;4;13;4;12;4;11;4;10;4;9;5;9;6;9;7;9;8;9;9;9;10;9;11;9;12;9;13;9;14;9;14;10;14;11;14;12;14;13
2;2;8;16;4;13;4;12;4;11;4;10;4;9;5;9;6;9;7;9;8;9;9;9;10;9;11;9;12;9;13;9;14;9;14;10;14;11;14;12;14;13;14;14
3;2;8;16;4;12;4;11;4;10;4;9;5;9;6;9;7;9;8;9;9;9;10;9;11;9;12;9;13;9;14;9;14;10;14;11;14;12;14;13;14;14;14;15
3;3;8;16;4;11;4;10;4;9;5;9;6;9;7;9;8;9;9;9;10;9;11;9;12;9;13;9;14;9;14;10;14;11;14;12;14;13;14;14;14;15;13;15
3;3;8;16;4;10;4;9;5;9;6;9;7;9;8;9;9;9;10;9;11;9;12;9;13;9;14;9;14;10;14;11;14;12;14;13;14;14;14;15;13;15;12;15
3;3;8;16;4;9;5;9;6;9;7;9;8;9;9;9;10;9;11;9;12;9;13;9;14;9;14;10;14;11;14;12;14;13;14;14;14;15;13;15;12;15;11;15
3;3;8;16;5;9;6;9;7;9;8;9;9;9;10;9;11;9;12;9;13;9;14;9;14;10;14;11;14;12;14;13;14;14;14;15;13;15;12;15;11;15;10;15
3;3;8;16;6;9;7;9;8;9;9;9;10;9;11;9;12;9;13;9;14;9;14;10;14;11;14;12;14;13;14;14;14;15;13;15;12;15;11;15;10;15;9;15
2;3;8;16;7;9;8;9;9;9;10;9;11;9;12;9;13;9;14;9;14;10;14;11;14;12;14;13;14;14;14;15;13;15;12;15;11;15;10;15;9;15;8;15
2;2;9;8;8;9;8;9;9;9;10;9;11;9;12;9;13;9;14;9;14;10;14;11;14;12;14;13;14;14;14;15;13;15;12;15;11;15;10;15;9;15;8;15;8;16
3;2;9;8;8;9;9;9;10;9;11;9;12;9;13;9;14;9;14;10;14;11;14;12;14;13;14;14;14;15;13;15;12;15;11;15;10;15;9;15;8;15;8;16;8;17
3;3;9;8;9;9;10;9;11;9;12;9;13;9;14;9;14;10;14;11;14;12;14;13;14;14;14;15;13;15;12;15;11;15;10;15;9;15;8;15;8;16;8;17;7;17
3;3;9;8;10;9;11;9;12;9;13;9;14;9;14;10;14;11;14;12;14;13;14;14;14;15;13;15;12;15;11;15;10;15;9;15;8;15;8;16;8;17;7;17;6;17
0;3;9;8;11;9;12;9;13;9;14;9;14;10;14;11;14;12;14;13;14;14;14;15;13;15;12;15;11;15;10;15;9;15;8;15;8;16;8;17;7;17;6;17;5;17
0;0;9;8;12;9;13;9;14;9;14;10;14;11;14;12;14;13;14;14;14;15;13;15;12;15;11;15;10;15;9;15;8;15;8;16;8;17;7;17;6;17;5;17;5;16
0;0;9;8;13;9;14;9;14;10;14;11;14;12;14;13;14;14;14;15;13;15;12;15;11;15;10;15;9;15;8;15;8;16;8;17;7;17;6;17;5;17;5;16;5;15
0;0;9;8;14;9;14;10;14;11;14;12;14;13;14;14;14;15;13;15;12;15;11;15;10;15;9;15;8;15;8;16;8;17;7;17;6;17;5;17;5;16;5;15;5;14
0;0;9;8;14;10;14;11;14;12;14;13;14;14;14;15;13;15;12;15;11;15;10;15;9;15;8;15;8;16;8;17;7;17;6;17;5;17;5;16;5;15;5;14;5;13
0;0;9;8;14;11;14;12;14;13;14;14;14;15;13;15;12;15;11;15;10;15;9;15;8;15;8;16;8;17;7;17;6;17;5;17;5;16;5;15;5;14;5;13;5;12
0;0;9;8;14;12;14;13;14;14;14;15;13;15;12;15;11;15;10;15;9;15;8;15;8;16;8;17;7;17;6;17;5;17;5;16;5;15;5;14;5;13;5;12;5;11
0;0;9;8;14;13;14;14;14;15;13;15;12;15;11;15;10;15;9;15;8;15;8;16;8;17;7;17;6;17;5;17;5;16;5;15;5;14;5;13;5;12;5;11;5;10
0;0;9;8;14;14;14;15;13;15;12;15;11;15;10;15;9;15;8;15;8;16;8;17;7;17;6;17;5;17;5;16;5;15;5;14;5;13;5;12;5;11;5;10;5;9
1;0;9;8;14;15;13;15;12;15;11;15;10;15;9;15;8;15;8;16;8;17;7;17;6;17;5;17;5;16;5;15;5;14;5;13;5;12;5;11;5;10;5;9;5;8
1;1;9;8;13;15;12;15;11;15;10;15;9;15;8;15;8;16;8;17;7;17;6;17;5;17;5;16;5;15;5;14;5;13;5;12;5;11;5;10;5;9;5;8;6;8
1;1;9;8;12;15;11;15;10;15;9;15;8;15;8;16;8;17;7;17;6;17;5;17;5;16;5;15;5;14;5;13;5;12;5;11;5;10;5;9;5;8;6;8;7;8
1;1;9;8;11;15;10;15;9;15;8;15;8;16;8;17;7;17;6;17;5;17;5;16;5;15;5;14;5;13;5;12;5;11;5;10;5;9;5;8;6;8;7;8;8;8
1;1;9;17;10;15;10;15;9;15;8;15;8;16;8;17;7;17;6;17;5;17;5;16;5;15;5;14;5;13;5;12;5;11;5;10;5;9;5;8;6;8;7;8;8;8;9;8
1;1;9;17;10;15;9;15;8;15;8;16;8;17;7;17;6;17;5;17;5;16;5;15;5;14;5;13;5;12;5;11;5;10;5;9;5;8;6;8;7;8;8;8;9;8;10;8
1;1;9;17;9;15;8;15;8;16;8;17;7;17;6;17;5;17;5;16;5;15;5;14;5;13;5;12;5;11;5;10;5;9;5;8;6;8;7;8;8;8;9;8;10;8;11;8
2;1;9;17;8;15;8;16;8;17;7;17;6;17;5;17;5;16;5;15;5;14;5;13;5;12;5;11;5;10;5;9;5;8;6;8;7;8;8;8;9;8;10;8;11;8;12;8
2;2;9;17;8;16;8;17;7;17;6;17;5;17;5;16;5;15;5;14;5;13;5;12;5;11;5;10;5;9;5;8;6;8;7;8;8;8;9;8;10;8;11;8;12;8;12;9
2;2;9;17;8;17;7;17;6;17;5;17;5;16;5;15;5;14;5;13;5;12;5;11;5;10;5;9;5;8;6;8;7;8;8;8;9;8;10;8;11;8;12;8;12;9;12;10
2;2;9;17;7;17;6;17;5;17;5;16;5;15;5;14;5;13;5;12;5;11;5;10;5;9;5;8;6;8;7;8;8;8;9;8;10;8;11;8;12;8;12;9;12;10;12;11
2;2;9;17;6;17;5;17;5;16;5;15;5;14;5;13;5;12;5;11;5;10;5;9;5;8;6;8;7;8;8;8;9;8;10;8;11;8;12;8;12;9;12;10;12;11;12;12
2;2;9;17;5;17;5;16;5;15;5;14;5;13;5;12;5;11;5;10;5;9;5;8;6;8;7;8;8;8;9;8;10;8;11;8;12;8;12;9;12;10;12;11;12;12;12;13
2;2;9;17;5;16;5;15;5;14;5;13;5;12;5;11;5;10;5;9;5;8;6;8;7;8;8;8;9;8;10;8;11;8;12;8;12;9;12;10;12;11;12;12;12;13;12;14
2;2;9;17;5;15;5;14;5;13;5;12;5;11;5;10;5;9;5;8;6;8;7;8;8;8;9;8;10;8;11;8;12;8;12;9;12;10;12;11;12;12;12;13;12;14;12;15
2;2;9;17;5;14;5;13;5;12;5;11;5;10;5;9;5;8;6;8;7;8;8;8;9;8;10;8;11;8;12;8;12;9;12;10;12;11;12;12;12;13;12;14;12;15;12;16
3;2;9;17;5;13;5;12;5;11;5;10;5;9;5;8;6;8;7;8;8;8;9;8;10;8;11;8;12;8;12;9;12;10;12;11;12;12;12;13;12;14;12;15;12;16;12;17
3;3;9;17;5;12;5;11;5;10;5;9;5;8;6;8;7;8;8;8;9;8;10;8;11;8;12;8;12;9;12;10;12;11;12;12;12;13;12;14;12;15;12;16;12;17;11;17
3;3;9;17;5;11;5;10;5;9;5;8;6;8;7;8;8;8;9;8;10;8;11;8;12;8;12;9;12;10;12;11;12;12;12;13;12;14;12;15;12;16;12;17;11;17;10;17
3;3;8;19;5;10;5;10;5;9;5;8;6;8;7;8;8;8;9;8;10;8;11;8;12;8;12;9;12;10;12;11;12;12;12;13;12;14;12;15;12;16;12;17;11;17;10;17;9;17
3;3;8;19;5;10;5;9;5;8;6;8;7;8;8;8;9;8;10;8;11;8;12;8;12;9;12;10;12;11;12;12;12;13;12;14;12;15;12;16;12;17;11;17;10;17;9;17;8;17
3;3;8;19;5;9;5;8;6;8;7;8;8;8;9;8;10;8;11;8;12;8;12;9;12;10;12;11;12;12;12;13;12;14;12;15;12;16;12;17;11;17;10;17;9;17;8;17;7;17
3;3;8;19;5;8;6;8;7;8;8;8;9;8;10;8;11;8;12;8;12;9;12;10;12;11;12;12;12;13;12;14;12;15;12;16;12;17;11;17;10;17;9;17;8;17;7;17;6;17
2;3;8;19;6;8;7;8;8;8;9;8;10;8;11;8;12;8;12;9;12;10;12;11;12;12;12;13;12;14;12;15;12;16;12;17;11;17;10;17;9;17;8;17;7;17;6;17;5;17
2;2;8;19;7;8;8;8;9;8;10;8;11;8;12;8;12;9;12;10;12;11;12;12;12;13;12;14;12;15;12;16;12;17;11;17;10;17;9;17;8;17;7;17;6;17;5;17;5;18
2;2;8;19;8;8;9;8;10;8;11;8;12;8;12;9;12;10;12;11;12;12;12;13;12;14;12;15;12;16;12;17;11;17;10;17;9;17;8;17;7;17;6;17;5;17;5;18;5;19
