20
0;1;14;6;8;10;9;10;10;10
0;0;14;6;9;10;10;10;10;9
0;0;14;6;10;10;10;9;10;8
0;0;14;6;10;9;10;8;10;7
0;0;14;6;10;8;10;7;10;6
0;0;14;6;10;7;10;6;10;5
0;0;14;6;10;6;10;5;10;4
0;0;14;6;10;5;10;4;10;3
0;0;14;6;10;4;10;3;10;2
1;0;14;6;10;3;10;2;10;1
1;1;14;6;10;2;10;1;11;1
1;1;14;6;10;1;11;1;12;1
1;1;14;6;11;1;12;1;13;1
2;1;14;6;12;1;13;1;14;1
2;2;14;6;13;1;14;1;14;2
2;2;14;6;14;1;14;2;14;3
2;2;14;6;14;2;14;3;14;4
2;2;14;6;14;3;14;4;14;5
2;2;1;12;14;4;14;4;14;5;14;6
2;2;1;12;14;4;14;5;14;6;14;7
2;2;1;12;14;5;14;6;14;7;14;8
3;2;1;12;14;6;14;7;14;8;14;9
3;3;1;12;14;7;14;8;14;9;13;9
2;3;1;12;14;8;14;9;13;9;12;9
2;2;1;12;14;9;13;9;12;9;12;10
2;2;1;12;13;9;12;9;12;10;12;11
3;2;1;12;12;9;12;10;12;11;12;12
3;3;1;12;12;10;12;11;12;12;11;12
3;3;1;12;12;11;12;12;11;12;10;12
3;3;1;12;12;12;11;12;10;12;9;12
3;3;1;12;11;12;10;12;9;12;8;12
3;3;1;12;10;12;9;12;8;12;7;12
3;3;1;12;9;12;8;12;7;12;6;12
3;3;1;12;8;12;7;12;6;12;5;12
3;3;1;12;7;12;6;12;5;12;4;12
3;3;1;12;6;12;5;12;4;12;3;12
3;3;1;12;5;12;4;12;3;12;2;12
0;3;10;14;4;12;4;12;3;12;2;12;1;12
0;0;10;14;4;12;3;12;2;12;1;12;1;11
0;0;10;14;3;12;2;12;1;12;1;11;1;10
1;0;10;14;2;12;1;12;1;11;1;10;1;9
1;1;10;14;1;12;1;11;1;10;1;9;2;9
1;1;10;14;1;11;1;10;1;9;2;9;3;9
2;1;10;14;1;10;1;9;2;9;3;9;4;9
2;2;10;14;1;9;2;9;3;9;4;9;4;10
2;2;10;14;2;9;3;9;4;9;4;10;4;11
2;2;10;14;3;9;4;9;4;10;4;11;4;12
2;2;10;14;4;9;4;10;4;11;4;12;4;13
1;2;10;14;4;10;4;11;4;12;4;13;4;14
1;1;10;14;4;11;4;12;4;13;4;14;5;14
1;1;10;14;4;12;4;13;4;14;5;14;6;14
1;1;10;14;4;13;4;14;5;14;6;14;7;14
1;1;10;14;4;14;5;14;6;14;7;14;8;14
1;1;10;14;5;14;6;14;7;14;8;14;9;14
1;1;3;0;6;14;6;14;7;14;8;14;9;14;10;14
1;1;3;0;6;14;7;14;8;14;9;14;10;14;11;14
1;1;3;0;7;14;8;14;9;14;10;14;11;14;12;14
0;1;3;0;8;14;9;14;10;14;11;14;12;14;13;14
0;0;3;0;9;14;10;14;11;14;12;14;13;14;13;13
0;0;3;0;10;14;11;14;12;14;13;14;13;13;13;12
0;0;3;0;11;14;12;14;13;14;13;13;13;12;13;11
0;0;3;0;12;14;13;14;13;13;13;12;13;11;13;10
0;0;3;0;13;14;13;13;13;12;13;11;13;10;13;9
0;0;3;0;13;13;13;12;13;11;13;10;13;9;13;8
0;0;3;0;13;12;13;11;13;10;13;9;13;8;13;7
0;0;3;0;13;11;13;10;13;9;13;8;13;7;13;6
0;0;3;0;13;10;13;9;13;8;13;7;13;6;13;5
0;0;3;0;13;9;13;8;13;7;13;6;13;5;13;4
0;0;3;0;13;8;13;7;13;6;13;5;13;4;13;3
0;0;3;0;13;7;13;6;13;5;13;4;13;3;13;2
3;0;3;0;13;6;13;5;13;4;13;3;13;2;13;1
3;3;3;0;13;5;13;4;13;3;13;2;13;1;12;1
3;3;3;0;13;4;13;3;13;2;13;1;12;1;11;1
3;3;3;0;13;3;13;2;13;1;12;1;11;1;10;1
3;3;3;0;13;2;13;1;12;1;11;1;10;1;9;1
3;3;3;0;13;1;12;1;11;1;10;1;9;1;8;1
3;3;3;0;12;1;11;1;10;1;9;1;8;1;7;1
3;3;3;0;11;1;10;1;9;1;8;1;7;1;6;1
3;3;3;0;10;1;9;1;8;1;7;1;6;1;5;1
0;3;3;0;9;1;8;1;7;1;6;1;5;1;4;1
1;0;3;0;8;1;7;1;6;1;5;1;4;1;4;0
1;1;3;0;7;1;6;1;5;1;4;1;4;0;5;0
1;1;3;0;6;1;5;1;4;1;4;0;5;0;6;0
1;1;3;0;5;1;4;1;4;0;5;0;6;0;7;0
1;1;3;0;4;1;4;0;5;0;6;0;7;0;8;0
1;1;3;0;4;0;5;0;6;0;7;0;8;0;9;0
2;1;3;0;5;0;6;0;7;0;8;0;9;0;10;0
3;2;3;0;6;0;7;0;8;0;9;0;10;0;10;1
3;3;3;0;7;0;8;0;9;0;10;0;10;1;9;1
3;3;3;0;8;0;9;0;10;0;10;1;9;1;8;1
3;3;3;0;9;0;10;0;10;1;9;1;8;1;7;1
3;3;3;0;10;0;10;1;9;1;8;1;7;1;6;1
3;3;3;0;10;1;9;1;8;1;7;1;6;1;5;1
0;3;3;0;9;1;8;1;7;1;6;1;5;1;4;1
0;0;3;0;8;1;7;1;6;1;5;1;4;1;4;0
