20
1;1;1;3;8;10;9;10;10;10
1;1;1;3;9;10;10;10;11;10
1;1;1;3;10;10;11;10;12;10
1;1;1;3;11;10;12;10;13;10
1;1;1;3;12;10;13;10;14;10
0;1;1;3;13;10;14;10;15;10
0;0;1;3;14;10;15;10;15;9
0;0;1;3;15;10;15;9;15;8
0;0;1;3;15;9;15;8;15;7
0;0;1;3;15;8;15;7;15;6
0;0;1;3;15;7;15;6;15;5
0;0;1;3;15;6;15;5;15;4
3;0;1;3;15;5;15;4;15;3
3;3;1;3;15;4;15;3;14;3
3;3;1;3;15;3;14;3;13;3
3;3;1;3;14;3;13;3;12;3
3;3;1;3;13;3;12;3;11;3
3;3;1;3;12;3;11;3;10;3
3;3;1;3;11;3;10;3;9;3
3;3;1;3;10;3;9;3;8;3
3;3;1;3;9;3;8;3;7;3
3;3;1;3;8;3;7;3;6;3
3;3;1;3;7;3;6;3;5;3
3;3;1;3;6;3;5;3;4;3
3;3;1;3;5;3;4;3;3;3
3;3;1;3;4;3;3;3;2;3
2;3;15;7;3;3;3;3;2;3;1;3
2;2;15;7;3;3;2;3;1;3;1;4
2;2;15;7;2;3;1;3;1;4;1;5
1;2;15;7;1;3;1;4;1;5;1;6
1;1;15;7;1;4;1;5;1;6;2;6
1;1;15;7;1;5;1;6;2;6;3;6
2;1;15;7;1;6;2;6;3;6;4;6
2;2;15;7;2;6;3;6;4;6;4;7
1;2;15;7;3;6;4;6;4;7;4;8
1;1;15;7;4;6;4;7;4;8;5;8
1;1;15;7;4;7;4;8;5;8;6;8
1;1;15;7;4;8;5;8;6;8;7;8
1;1;15;7;5;8;6;8;7;8;8;8
1;1;15;7;6;8;7;8;8;8;9;8
1;1;15;7;7;8;8;8;9;8;10;8
1;1;15;7;8;8;9;8;10;8;11;8
1;1;15;7;9;8;10;8;11;8;12;8
1;1;15;7;10;8;11;8;12;8;13;8
1;1;15;7;11;8;12;8;13;8;14;8
0;1;15;7;12;8;13;8;14;8;15;8
0;0;15;16;13;8;13;8;14;8;15;8;15;7
0;0;15;16;13;8;14;8;15;8;15;7;15;6
0;0;15;16;14;8;15;8;15;7;15;6;15;5
3;0;15;16;15;8;15;7;15;6;15;5;15;4
3;3;15;16;15;7;15;6;15;5;15;4;14;4
2;3;15;16;15;6;15;5;15;4;14;4;13;4
2;2;15;16;15;5;15;4;14;4;13;4;13;5
2;2;15;16;15;4;14;4;13;4;13;5;13;6
1;2;15;16;14;4;13;4;13;5;13;6;13;7
1;1;15;16;13;4;13;5;13;6;13;7;14;7
2;1;15;16;13;5;13;6;13;7;14;7;15;7
2;2;15;16;13;6;13;7;14;7;15;7;15;8
2;2;15;16;13;7;14;7;15;7;15;8;15;9
2;2;15;16;14;7;15;7;15;8;15;9;15;10
2;2;15;16;15;7;15;8;15;9;15;10;15;11
2;2;15;16;15;8;15;9;15;10;15;11;15;12
2;2;15;16;15;9;15;10;15;11;15;12;15;13
2;2;15;16;15;10;15;11;15;12;15;13;15;14
2;2;15;16;15;11;15;12;15;13;15;14;15;15
3;2;14;10;15;12;15;12;15;13;15;14;15;15;15;16
3;3;14;10;15;12;15;13;15;14;15;15;15;16;14;16
3;3;14;10;15;13;15;14;15;15;15;16;14;16;13;16
0;3;14;10;15;14;15;15;15;16;14;16;13;16;12;16
0;0;14;10;15;15;15;16;14;16;13;16;12;16;12;15
0;0;14;10;15;16;14;16;13;16;12;16;12;15;12;14
1;0;14;10;14;16;13;16;12;16;12;15;12;14;12;13
1;1;14;10;13;16;12;16;12;15;12;14;12;13;13;13
0;1;14;10;12;16;12;15;12;14;12;13;13;13;14;13
0;0;14;10;12;15;12;14;12;13;13;13;14;13;14;12
0;0;14;10;12;14;12;13;13;13;14;13;14;12;14;11
0;0;3;16;12;13;12;13;13;13;14;13;14;12;14;11;14;10
0;0;3;16;12;13;13;13;14;13;14;12;14;11;14;10;14;9
3;0;3;16;13;13;14;13;14;12;14;11;14;10;14;9;14;8
3;3;3;16;14;13;14;12;14;11;14;10;14;9;14;8;13;8
2;3;3;16;14;12;14;11;14;10;14;9;14;8;13;8;12;8
2;2;3;16;14;11;14;10;14;9;14;8;13;8;12;8;12;9
2;2;3;16;14;10;14;9;14;8;13;8;12;8;12;9;12;10
2;2;3;16;14;9;14;8;13;8;12;8;12;9;12;10;12;11
2;2;3;16;14;8;13;8;12;8;12;9;12;10;12;11;12;12
2;2;3;16;13;8;12;8;12;9;12;10;12;11;12;12;12;13
2;2;3;16;12;8;12;9;12;10;12;11;12;12;12;13;12;14
2;2;3;16;12;9;12;10;12;11;12;12;12;13;12;14;12;15
2;2;3;16;12;10;12;11;12;12;12;13;12;14;12;15;12;16
3;2;3;16;12;11;12;12;12;13;12;14;12;15;12;16;12;17
3;3;3;16;12;12;12;13;12;14;12;15;12;16;12;17;11;17
3;3;3;16;12;13;12;14;12;15;12;16;12;17;11;17;10;17
3;3;3;16;12;14;12;15;12;16;12;17;11;17;10;17;9;17
3;3;3;16;12;15;12;16;12;17;11;17;10;17;9;17;8;17
3;3;3;16;12;16;12;17;11;17;10;17;9;17;8;17;7;17
3;3;3;16;12;17;11;17;10;17;9;17;8;17;7;17;6;17
3;3;3;16;11;17;10;17;9;17;8;17;7;17;6;17;5;17
3;3;3;16;10;17;9;17;8;17;7;17;6;17;5;17;4;17
0;3;3;16;9;17;8;17;7;17;6;17;5;17;4;17;3;17
0;0;12;16;8;17;8;17;7;17;6;17;5;17;4;17;3;17;3;16
0;0;12;16;8;17;7;17;6;17;5;17;4;17;3;17;3;16;3;15
0;0;12;16;7;17;6;17;5;17;4;17;3;17;3;16;3;15;3;14
1;0;12;16;6;17;5;17;4;17;3;17;3;16;3;15;3;14;3;13
1;1;12;16;5;17;4;17;3;17;3;16;3;15;3;14;3;13;4;13
2;1;12;16;4;17;3;17;3;16;3;15;3;14;3;13;4;13;5;13
2;2;12;16;3;17;3;16;3;15;3;14;3;13;4;13;5;13;5;14
2;2;12;16;3;16;3;15;3;14;3;13;4;13;5;13;5;14;5;15
1;2;12;16;3;15;3;14;3;13;4;13;5;13;5;14;5;15;5;16
1;1;12;16;3;14;3;13;4;13;5;13;5;14;5;15;5;16;6;16
1;1;12;16;3;13;4;13;5;13;5;14;5;15;5;16;6;16;7;16
1;1;12;16;4;13;5;13;5;14;5;15;5;16;6;16;7;16;8;16
1;1;12;16;5;13;5;14;5;15;5;16;6;16;7;16;8;16;9;16
1;1;12;16;5;14;5;15;5;16;6;16;7;16;8;16;9;16;10;16
1;1;12;16;5;15;5;16;6;16;7;16;8;16;9;16;10;16;11;16
1;1;17;3;5;16;5;16;6;16;7;16;8;16;9;16;10;16;11;16;12;16
1;1;17;3;5;16;6;16;7;16;8;16;9;16;10;16;11;16;12;16;13;16
1;1;17;3;6;16;7;16;8;16;9;16;10;16;11;16;12;16;13;16;14;16
1;1;17;3;7;16;8;16;9;16;10;16;11;16;12;16;13;16;14;16;15;16
1;1;17;3;8;16;9;16;10;16;11;16;12;16;13;16;14;16;15;16;16;16
0;1;17;3;9;16;10;16;11;16;12;16;13;16;14;16;15;16;16;16;17;16
0;0;17;3;10;16;11;16;12;16;13;16;14;16;15;16;16;16;17;16;17;15
0;0;17;3;11;16;12;16;13;16;14;16;15;16;16;16;17;16;17;15;17;14
0;0;17;3;12;16;13;16;14;16;15;16;16;16;17;16;17;15;17;14;17;13
0;0;17;3;13;16;14;16;15;16;16;16;17;16;17;15;17;14;17;13;17;12
0;0;17;3;14;16;15;16;16;16;17;16;17;15;17;14;17;13;17;12;17;11
0;0;17;3;15;16;16;16;17;16;17;15;17;14;17;13;17;12;17;11;17;10
0;0;17;3;16;16;17;16;17;15;17;14;17;13;17;12;17;11;17;10;17;9
0;0;17;3;17;16;17;15;17;14;17;13;17;12;17;11;17;10;17;9;17;8
0;0;17;3;17;15;17;14;17;13;17;12;17;11;17;10;17;9;17;8;17;7
0;0;17;3;17;14;17;13;17;12;17;11;17;10;17;9;17;8;17;7;17;6
0;0;17;3;17;13;17;12;17;11;17;10;17;9;17;8;17;7;17;6;17;5
0;0;17;3;17;12;17;11;17;10;17;9;17;8;17;7;17;6;17;5;17;4
3;0;4;3;17;11;17;11;17;10;17;9;17;8;17;7;17;6;17;5;17;4;17;3
3;3;4;3;17;11;17;10;17;9;17;8;17;7;17;6;17;5;17;4;17;3;16;3
3;3;4;3;17;10;17;9;17;8;17;7;17;6;17;5;17;4;17;3;16;3;15;3
3;3;4;3;17;9;17;8;17;7;17;6;17;5;17;4;17;3;16;3;15;3;14;3
3;3;4;3;17;8;17;7;17;6;17;5;17;4;17;3;16;3;15;3;14;3;13;3
3;3;4;3;17;7;17;6;17;5;17;4;17;3;16;3;15;3;14;3;13;3;12;3
3;3;4;3;17;6;17;5;17;4;17;3;16;3;15;3;14;3;13;3;12;3;11;3
3;3;4;3;17;5;17;4;17;3;16;3;15;3;14;3;13;3;12;3;11;3;10;3
3;3;4;3;17;4;17;3;16;3;15;3;14;3;13;3;12;3;11;3;10;3;9;3
3;3;4;3;17;3;16;3;15;3;14;3;13;3;12;3;11;3;10;3;9;3;8;3
3;3;4;3;16;3;15;3;14;3;13;3;12;3;11;3;10;3;9;3;8;3;7;3
3;3;4;3;15;3;14;3;13;3;12;3;11;3;10;3;9;3;8;3;7;3;6;3
3;3;4;3;14;3;13;3;12;3;11;3;10;3;9;3;8;3;7;3;6;3;5;3
3;3;11;7;13;3;13;3;12;3;11;3;10;3;9;3;8;3;7;3;6;3;5;3;4;3
3;3;11;7;13;3;12;3;11;3;10;3;9;3;8;3;7;3;6;3;5;3;4;3;3;3
2;3;11;7;12;3;11;3;10;3;9;3;8;3;7;3;6;3;5;3;4;3;3;3;2;3
2;2;11;7;11;3;10;3;9;3;8;3;7;3;6;3;5;3;4;3;3;3;2;3;2;4
2;2;11;7;10;3;9;3;8;3;7;3;6;3;5;3;4;3;3;3;2;3;2;4;2;5
1;2;11;7;9;3;8;3;7;3;6;3;5;3;4;3;3;3;2;3;2;4;2;5;2;6
1;1;11;7;8;3;7;3;6;3;5;3;4;3;3;3;2;3;2;4;2;5;2;6;3;6
1;1;11;7;7;3;6;3;5;3;4;3;3;3;2;3;2;4;2;5;2;6;3;6;4;6
1;1;11;7;6;3;5;3;4;3;3;3;2;3;2;4;2;5;2;6;3;6;4;6;5;6
1;1;11;7;5;3;4;3;3;3;2;3;2;4;2;5;2;6;3;6;4;6;5;6;6;6
1;1;11;7;4;3;3;3;2;3;2;4;2;5;2;6;3;6;4;6;5;6;6;6;7;6
1;1;11;7;3;3;2;3;2;4;2;5;2;6;3;6;4;6;5;6;6;6;7;6;8;6
1;1;11;7;2;3;2;4;2;5;2;6;3;6;4;6;5;6;6;6;7;6;8;6;9;6
1;1;11;7;2;4;2;5;2;6;3;6;4;6;5;6;6;6;7;6;8;6;9;6;10;6
2;1;11;7;2;5;2;6;3;6;4;6;5;6;6;6;7;6;8;6;9;6;10;6;11;6
2;2;19;13;2;6;2;6;3;6;4;6;5;6;6;6;7;6;8;6;9;6;10;6;11;6;11;7
2;2;19;13;2;6;3;6;4;6;5;6;6;6;7;6;8;6;9;6;10;6;11;6;11;7;11;8
2;2;19;13;3;6;4;6;5;6;6;6;7;6;8;6;9;6;10;6;11;6;11;7;11;8;11;9
2;2;19;13;4;6;5;6;6;6;7;6;8;6;9;6;10;6;11;6;11;7;11;8;11;9;11;10
2;2;19;13;5;6;6;6;7;6;8;6;9;6;10;6;11;6;11;7;11;8;11;9;11;10;11;11
2;2;19;13;6;6;7;6;8;6;9;6;10;6;11;6;11;7;11;8;11;9;11;10;11;11;11;12
1;2;19;13;7;6;8;6;9;6;10;6;11;6;11;7;11;8;11;9;11;10;11;11;11;12;11;13
1;1;19;13;8;6;9;6;10;6;11;6;11;7;11;8;11;9;11;10;11;11;11;12;11;13;12;13
1;1;19;13;9;6;10;6;11;6;11;7;11;8;11;9;11;10;11;11;11;12;11;13;12;13;13;13
1;1;19;13;10;6;11;6;11;7;11;8;11;9;11;10;11;11;11;12;11;13;12;13;13;13;14;13
1;1;19;13;11;6;11;7;11;8;11;9;11;10;11;11;11;12;11;13;12;13;13;13;14;13;15;13
1;1;19;13;11;7;11;8;11;9;11;10;11;11;11;12;11;13;12;13;13;13;14;13;15;13;16;13
1;1;19;13;11;8;11;9;11;10;11;11;11;12;11;13;12;13;13;13;14;13;15;13;16;13;17;13
1;1;19;13;11;9;11;10;11;11;11;12;11;13;12;13;13;13;14;13;15;13;16;13;17;13;18;13
0;1;2;1;11;10;11;10;11;11;11;12;11;13;12;13;13;13;14;13;15;13;16;13;17;13;18;13;19;13
0;0;2;1;11;10;11;11;11;12;11;13;12;13;13;13;14;13;15;13;16;13;17;13;18;13;19;13;19;12
0;0;2;1;11;11;11;12;11;13;12;13;13;13;14;13;15;13;16;13;17;13;18;13;19;13;19;12;19;11
0;0;2;1;11;12;11;13;12;13;13;13;14;13;15;13;16;13;17;13;18;13;19;13;19;12;19;11;19;10
0;0;2;1;11;13;12;13;13;13;14;13;15;13;16;13;17;13;18;13;19;13;19;12;19;11;19;10;19;9
0;0;2;1;12;13;13;13;14;13;15;13;16;13;17;13;18;13;19;13;19;12;19;11;19;10;19;9;19;8
0;0;2;1;13;13;14;13;15;13;16;13;17;13;18;13;19;13;19;12;19;11;19;10;19;9;19;8;19;7
0;0;2;1;14;13;15;13;16;13;17;13;18;13;19;13;19;12;19;11;19;10;19;9;19;8;19;7;19;6
0;0;2;1;15;13;16;13;17;13;18;13;19;13;19;12;19;11;19;10;19;9;19;8;19;7;19;6;19;5
0;0;2;1;16;13;17;13;18;13;19;13;19;12;19;11;19;10;19;9;19;8;19;7;19;6;19;5;19;4
0;0;2;1;17;13;18;13;19;13;19;12;19;11;19;10;19;9;19;8;19;7;19;6;19;5;19;4;19;3
0;0;2;1;18;13;19;13;19;12;19;11;19;10;19;9;19;8;19;7;19;6;19;5;19;4;19;3;19;2
0;0;2;1;19;13;19;12;19;11;19;10;19;9;19;8;19;7;19;6;19;5;19;4;19;3;19;2;19;1
3;0;2;1;19;12;19;11;19;10;19;9;19;8;19;7;19;6;19;5;19;4;19;3;19;2;19;1;19;0
3;3;2;1;19;11;19;10;19;9;19;8;19;7;19;6;19;5;19;4;19;3;19;2;19;1;19;0;18;0
3;3;2;1;19;10;19;9;19;8;19;7;19;6;19;5;19;4;19;3;19;2;19;1;19;0;18;0;17;0
3;3;2;1;19;9;19;8;19;7;19;6;19;5;19;4;19;3;19;2;19;1;19;0;18;0;17;0;16;0
3;3;2;1;19;8;19;7;19;6;19;5;19;4;19;3;19;2;19;1;19;0;18;0;17;0;16;0;15;0
3;3;2;1;19;7;19;6;19;5;19;4;19;3;19;2;19;1;19;0;18;0;17;0;16;0;15;0;14;0
3;3;2;1;19;6;19;5;19;4;19;3;19;2;19;1;19;0;18;0;17;0;16;0;15;0;14;0;13;0
3;3;2;1;19;5;19;4;19;3;19;2;19;1;19;0;18;0;17;0;16;0;15;0;14;0;13;0;12;0
3;3;2;1;19;4;19;3;19;2;19;1;19;0;18;0;17;0;16;0;15;0;14;0;13;0;12;0;11;0
3;3;2;1;19;3;19;2;19;1;19;0;18;0;17;0;16;0;15;0;14;0;13;0;12;0;11;0;10;0
3;3;2;1;19;2;19;1;19;0;18;0;17;0;16;0;15;0;14;0;13;0;12;0;11;0;10;0;9;0
3;3;2;1;19;1;19;0;18;0;17;0;16;0;15;0;14;0;13;0;12;0;11;0;10;0;9;0;8;0
3;3;2;1;19;0;18;0;17;0;16;0;15;0;14;0;13;0;12;0;11;0;10;0;9;0;8;0;7;0
3;3;2;1;18;0;17;0;16;0;15;0;14;0;13;0;12;0;11;0;10;0;9;0;8;0;7;0;6;0
3;3;2;1;17;0;16;0;15;0;14;0;13;0;12;0;11;0;10;0;9;0;8;0;7;0;6;0;5;0
3;3;2;1;16;0;15;0;14;0;13;0;12;0;11;0;10;0;9;0;8;0;7;0;6;0;5;0;4;0
3;3;2;1;15;0;14;0;13;0;12;0;11;0;10;0;9;0;8;0;7;0;6;0;5;0;4;0;3;0
2;3;2;1;14;0;13;0;12;0;11;0;10;0;9;0;8;0;7;0;6;0;5;0;4;0;3;0;2;0
2;2;18;0;13;0;13;0;12;0;11;0;10;0;9;0;8;0;7;0;6;0;5;0;4;0;3;0;2;0;2;1
2;2;18;0;13;0;12;0;11;0;10;0;9;0;8;0;7;0;6;0;5;0;4;0;3;0;2;0;2;1;2;2
2;2;18;0;12;0;11;0;10;0;9;0;8;0;7;0;6;0;5;0;4;0;3;0;2;0;2;1;2;2;2;3
2;2;18;0;11;0;10;0;9;0;8;0;7;0;6;0;5;0;4;0;3;0;2;0;2;1;2;2;2;3;2;4
1;2;18;0;10;0;9;0;8;0;7;0;6;0;5;0;4;0;3;0;2;0;2;1;2;2;2;3;2;4;2;5
1;1;18;0;9;0;8;0;7;0;6;0;5;0;4;0;3;0;2;0;2;1;2;2;2;3;2;4;2;5;3;5
1;1;18;0;8;0;7;0;6;0;5;0;4;0;3;0;2;0;2;1;2;2;2;3;2;4;2;5;3;5;4;5
1;1;18;0;7;0;6;0;5;0;4;0;3;0;2;0;2;1;2;2;2;3;2;4;2;5;3;5;4;5;5;5
1;1;18;0;6;0;5;0;4;0;3;0;2;0;2;1;2;2;2;3;2;4;2;5;3;5;4;5;5;5;6;5
1;1;18;0;5;0;4;0;3;0;2;0;2;1;2;2;2;3;2;4;2;5;3;5;4;5;5;5;6;5;7;5
0;1;18;0;4;0;3;0;2;0;2;1;2;2;2;3;2;4;2;5;3;5;4;5;5;5;6;5;7;5;8;5
0;0;18;0;3;0;2;0;2;1;2;2;2;3;2;4;2;5;3;5;4;5;5;5;6;5;7;5;8;5;8;4
0;0;18;0;2;0;2;1;2;2;2;3;2;4;2;5;3;5;4;5;5;5;6;5;7;5;8;5;8;4;8;3
0;0;18;0;2;1;2;2;2;3;2;4;2;5;3;5;4;5;5;5;6;5;7;5;8;5;8;4;8;3;8;2
0;0;18;0;2;2;2;3;2;4;2;5;3;5;4;5;5;5;6;5;7;5;8;5;8;4;8;3;8;2;8;1
1;0;18;0;2;3;2;4;2;5;3;5;4;5;5;5;6;5;7;5;8;5;8;4;8;3;8;2;8;1;8;0
1;1;18;0;2;4;2;5;3;5;4;5;5;5;6;5;7;5;8;5;8;4;8;3;8;2;8;1;8;0;9;0
1;1;18;0;2;5;3;5;4;5;5;5;6;5;7;5;8;5;8;4;8;3;8;2;8;1;8;0;9;0;10;0
1;1;18;0;3;5;4;5;5;5;6;5;7;5;8;5;8;4;8;3;8;2;8;1;8;0;9;0;10;0;11;0
1;1;18;0;4;5;5;5;6;5;7;5;8;5;8;4;8;3;8;2;8;1;8;0;9;0;10;0;11;0;12;0
1;1;18;0;5;5;6;5;7;5;8;5;8;4;8;3;8;2;8;1;8;0;9;0;10;0;11;0;12;0;13;0
1;1;18;0;6;5;7;5;8;5;8;4;8;3;8;2;8;1;8;0;9;0;10;0;11;0;12;0;13;0;14;0
1;1;18;0;7;5;8;5;8;4;8;3;8;2;8;1;8;0;9;0;10;0;11;0;12;0;13;0;14;0;15;0
1;1;18;0;8;5;8;4;8;3;8;2;8;1;8;0;9;0;10;0;11;0;12;0;13;0;14;0;15;0;16;0
1;1;18;0;8;4;8;3;8;2;8;1;8;0;9;0;10;0;11;0;12;0;13;0;14;0;15;0;16;0;17;0
2;1;18;5;8;3;8;3;8;2;8;1;8;0;9;0;10;0;11;0;12;0;13;0;14;0;15;0;16;0;17;0;18;0
2;2;18;5;8;3;8;2;8;1;8;0;9;0;10;0;11;0;12;0;13;0;14;0;15;0;16;0;17;0;18;0;18;1
2;2;18;5;8;2;8;1;8;0;9;0;10;0;11;0;12;0;13;0;14;0;15;0;16;0;17;0;18;0;18;1;18;2
2;2;18;5;8;1;8;0;9;0;10;0;11;0;12;0;13;0;14;0;15;0;16;0;17;0;18;0;18;1;18;2;18;3
2;2;18;5;8;0;9;0;10;0;11;0;12;0;13;0;14;0;15;0;16;0;17;0;18;0;18;1;18;2;18;3;18;4
2;2;19;8;9;0;9;0;10;0;11;0;12;0;13;0;14;0;15;0;16;0;17;0;18;0;18;1;18;2;18;3;18;4;18;5
2;2;19;8;9;0;10;0;11;0;12;0;13;0;14;0;15;0;16;0;17;0;18;0;18;1;18;2;18;3;18;4;18;5;18;6
2;2;19;8;10;0;11;0;12;0;13;0;14;0;15;0;16;0;17;0;18;0;18;1;18;2;18;3;18;4;18;5;18;6;18;7
2;2;19;8;11;0;12;0;13;0;14;0;15;0;16;0;17;0;18;0;18;1;18;2;18;3;18;4;18;5;18;6;18;7;18;8
2;2;19;8;12;0;13;0;14;0;15;0;16;0;17;0;18;0;18;1;18;2;18;3;18;4;18;5;18;6;18;7;18;8;18;9
2;2;19;8;13;0;14;0;15;0;16;0;17;0;18;0;18;1;18;2;18;3;18;4;18;5;18;6;18;7;18;8;18;9;18;10
2;2;19;8;14;0;15;0;16;0;17;0;18;0;18;1;18;2;18;3;18;4;18;5;18;6;18;7;18;8;18;9;18;10;18;11
2;2;19;8;15;0;16;0;17;0;18;0;18;1;18;2;18;3;18;4;18;5;18;6;18;7;18;8;18;9;18;10;18;11;18;12
2;2;19;8;16;0;17;0;18;0;18;1;18;2;18;3;18;4;18;5;18;6;18;7;18;8;18;9;18;10;18;11;18;12;18;13
2;2;19;8;17;0;18;0;18;1;18;2;18;3;18;4;18;5;18;6;18;7;18;8;18;9;18;10;18;11;18;12;18;13;18;14
1;2;19;8;18;0;18;1;18;2;18;3;18;4;18;5;18;6;18;7;18;8;18;9;18;10;18;11;18;12;18;13;18;14;18;15
1;1;19;8;18;1;18;2;18;3;18;4;18;5;18;6;18;7;18;8;18;9;18;10;18;11;18;12;18;13;18;14;18;15;19;15
