20
1;1;11;18;8;10;9;10;10;10
1;1;11;18;9;10;10;10;11;10
1;1;11;18;10;10;11;10;12;10
1;1;11;18;11;10;12;10;13;10
1;1;11;18;12;10;13;10;14;10
1;1;11;18;13;10;14;10;15;10
1;1;11;18;14;10;15;10;16;10
1;1;11;18;15;10;16;10;17;10
2;1;11;18;16;10;17;10;18;10
2;2;11;18;17;10;18;10;18;11
2;2;11;18;18;10;18;11;18;12
2;2;11;18;18;11;18;12;18;13
2;2;11;18;18;12;18;13;18;14
2;2;11;18;18;13;18;14;18;15
2;2;11;18;18;14;18;15;18;16
2;2;11;18;18;15;18;16;18;17
3;2;11;18;18;16;18;17;18;18
3;3;11;18;18;17;18;18;17;18
3;3;11;18;18;18;17;18;16;18
3;3;11;18;17;18;16;18;15;18
3;3;11;18;16;18;15;18;14;18
3;3;11;18;15;18;14;18;13;18
3;3;11;18;14;18;13;18;12;18
3;3;15;2;13;18;13;18;12;18;11;18
3;3;15;2;13;18;12;18;11;18;10;18
0;3;15;2;12;18;11;18;10;18;9;18
0;0;15;2;11;18;10;18;9;18;9;17
0;0;15;2;10;18;9;18;9;17;9;16
1;0;15;2;9;18;9;17;9;16;9;15
1;1;15;2;9;17;9;16;9;15;10;15
1;1;15;2;9;16;9;15;10;15;11;15
1;1;15;2;9;15;10;15;11;15;12;15
1;1;15;2;10;15;11;15;12;15;13;15
1;1;15;2;11;15;12;15;13;15;14;15
0;1;15;2;12;15;13;15;14;15;15;15
0;0;15;2;13;15;14;15;15;15;15;14
0;0;15;2;14;15;15;15;15;14;15;13
0;0;15;2;15;15;15;14;15;13;15;12
0;0;15;2;15;14;15;13;15;12;15;11
0;0;15;2;15;13;15;12;15;11;15;10
0;0;15;2;15;12;15;11;15;10;15;9
0;0;15;2;15;11;15;10;15;9;15;8
0;0;15;2;15;10;15;9;15;8;15;7
0;0;15;2;15;9;15;8;15;7;15;6
0;0;15;2;15;8;15;7;15;6;15;5
0;0;15;2;15;7;15;6;15;5;15;4
0;0;15;2;15;6;15;5;15;4;15;3
3;0;0;14;15;5;15;5;15;4;15;3;15;2
3;3;0;14;15;5;15;4;15;3;15;2;14;2
3;3;0;14;15;4;15;3;15;2;14;2;13;2
3;3;0;14;15;3;15;2;14;2;13;2;12;2
3;3;0;14;15;2;14;2;13;2;12;2;11;2
3;3;0;14;14;2;13;2;12;2;11;2;10;2
3;3;0;14;13;2;12;2;11;2;10;2;9;2
3;3;0;14;12;2;11;2;10;2;9;2;8;2
3;3;0;14;11;2;10;2;9;2;8;2;7;2
3;3;0;14;10;2;9;2;8;2;7;2;6;2
3;3;0;14;9;2;8;2;7;2;6;2;5;2
3;3;0;14;8;2;7;2;6;2;5;2;4;2
3;3;0;14;7;2;6;2;5;2;4;2;3;2
3;3;0;14;6;2;5;2;4;2;3;2;2;2
3;3;0;14;5;2;4;2;3;2;2;2;1;2
2;3;0;14;4;2;3;2;2;2;1;2;0;2
2;2;0;14;3;2;2;2;1;2;0;2;0;3
2;2;0;14;2;2;1;2;0;2;0;3;0;4
2;2;0;14;1;2;0;2;0;3;0;4;0;5
2;2;0;14;0;2;0;3;0;4;0;5;0;6
2;2;0;14;0;3;0;4;0;5;0;6;0;7
2;2;0;14;0;4;0;5;0;6;0;7;0;8
2;2;0;14;0;5;0;6;0;7;0;8;0;9
2;2;0;14;0;6;0;7;0;8;0;9;0;10
2;2;0;14;0;7;0;8;0;9;0;10;0;11
2;2;0;14;0;8;0;9;0;10;0;11;0;12
2;2;0;14;0;9;0;10;0;11;0;12;0;13
2;2;8;18;0;10;0;10;0;11;0;12;0;13;0;14
1;2;8;18;0;10;0;11;0;12;0;13;0;14;0;15
1;1;8;18;0;11;0;12;0;13;0;14;0;15;1;15
1;1;8;18;0;12;0;13;0;14;0;15;1;15;2;15
1;1;8;18;0;13;0;14;0;15;1;15;2;15;3;15
2;1;8;18;0;14;0;15;1;15;2;15;3;15;4;15
2;2;8;18;0;15;1;15;2;15;3;15;4;15;4;16
2;2;8;18;1;15;2;15;3;15;4;15;4;16;4;17
1;2;8;18;2;15;3;15;4;15;4;16;4;17;4;18
1;1;8;18;3;15;4;15;4;16;4;17;4;18;5;18
1;1;8;18;4;15;4;16;4;17;4;18;5;18;6;18
1;1;8;18;4;16;4;17;4;18;5;18;6;18;7;18
1;1;0;7;4;17;4;17;4;18;5;18;6;18;7;18;8;18
1;1;0;7;4;17;4;18;5;18;6;18;7;18;8;18;9;18
0;1;0;7;4;18;5;18;6;18;7;18;8;18;9;18;10;18
0;0;0;7;5;18;6;18;7;18;8;18;9;18;10;18;10;17
3;0;0;7;6;18;7;18;8;18;9;18;10;18;10;17;10;16
3;3;0;7;7;18;8;18;9;18;10;18;10;17;10;16;9;16
3;3;0;7;8;18;9;18;10;18;10;17;10;16;9;16;8;16
3;3;0;7;9;18;10;18;10;17;10;16;9;16;8;16;7;16
3;3;0;7;10;18;10;17;10;16;9;16;8;16;7;16;6;16
3;3;0;7;10;17;10;16;9;16;8;16;7;16;6;16;5;16
3;3;0;7;10;16;9;16;8;16;7;16;6;16;5;16;4;16
3;3;0;7;9;16;8;16;7;16;6;16;5;16;4;16;3;16
3;3;0;7;8;16;7;16;6;16;5;16;4;16;3;16;2;16
3;3;0;7;7;16;6;16;5;16;4;16;3;16;2;16;1;16
0;3;0;7;6;16;5;16;4;16;3;16;2;16;1;16;0;16
0;0;0;7;5;16;4;16;3;16;2;16;1;16;0;16;0;15
0;0;0;7;4;16;3;16;2;16;1;16;0;16;0;15;0;14
0;0;0;7;3;16;2;16;1;16;0;16;0;15;0;14;0;13
0;0;0;7;2;16;1;16;0;16;0;15;0;14;0;13;0;12
0;0;0;7;1;16;0;16;0;15;0;14;0;13;0;12;0;11
0;0;0;7;0;16;0;15;0;14;0;13;0;12;0;11;0;10
0;0;0;7;0;15;0;14;0;13;0;12;0;11;0;10;0;9
0;0;0;7;0;14;0;13;0;12;0;11;0;10;0;9;0;8
0;0;17;5;0;13;0;13;0;12;0;11;0;10;0;9;0;8;0;7
0;0;17;5;0;13;0;12;0;11;0;10;0;9;0;8;0;7;0;6
1;0;17;5;0;12;0;11;0;10;0;9;0;8;0;7;0;6;0;5
1;1;17;5;0;11;0;10;0;9;0;8;0;7;0;6;0;5;1;5
1;1;17;5;0;10;0;9;0;8;0;7;0;6;0;5;1;5;2;5
1;1;17;5;0;9;0;8;0;7;0;6;0;5;1;5;2;5;3;5
1;1;17;5;0;8;0;7;0;6;0;5;1;5;2;5;3;5;4;5
1;1;17;5;0;7;0;6;0;5;1;5;2;5;3;5;4;5;5;5
1;1;17;5;0;6;0;5;1;5;2;5;3;5;4;5;5;5;6;5
1;1;17;5;0;5;1;5;2;5;3;5;4;5;5;5;6;5;7;5
1;1;17;5;1;5;2;5;3;5;4;5;5;5;6;5;7;5;8;5
1;1;17;5;2;5;3;5;4;5;5;5;6;5;7;5;8;5;9;5
1;1;17;5;3;5;4;5;5;5;6;5;7;5;8;5;9;5;10;5
1;1;17;5;4;5;5;5;6;5;7;5;8;5;9;5;10;5;11;5
1;1;17;5;5;5;6;5;7;5;8;5;9;5;10;5;11;5;12;5
1;1;17;5;6;5;7;5;8;5;9;5;10;5;11;5;12;5;13;5
1;1;17;5;7;5;8;5;9;5;10;5;11;5;12;5;13;5;14;5
1;1;17;5;8;5;9;5;10;5;11;5;12;5;13;5;14;5;15;5
1;1;17;5;9;5;10;5;11;5;12;5;13;5;14;5;15;5;16;5
2;1;8;1;10;5;10;5;11;5;12;5;13;5;14;5;15;5;16;5;17;5
2;2;8;1;10;5;11;5;12;5;13;5;14;5;15;5;16;5;17;5;17;6
2;2;8;1;11;5;12;5;13;5;14;5;15;5;16;5;17;5;17;6;17;7
3;2;8;1;12;5;13;5;14;5;15;5;16;5;17;5;17;6;17;7;17;8
3;3;8;1;13;5;14;5;15;5;16;5;17;5;17;6;17;7;17;8;16;8
3;3;8;1;14;5;15;5;16;5;17;5;17;6;17;7;17;8;16;8;15;8
3;3;8;1;15;5;16;5;17;5;17;6;17;7;17;8;16;8;15;8;14;8
0;3;8;1;16;5;17;5;17;6;17;7;17;8;16;8;15;8;14;8;13;8
0;0;8;1;17;5;17;6;17;7;17;8;16;8;15;8;14;8;13;8;13;7
0;0;8;1;17;6;17;7;17;8;16;8;15;8;14;8;13;8;13;7;13;6
0;0;8;1;17;7;17;8;16;8;15;8;14;8;13;8;13;7;13;6;13;5
0;0;8;1;17;8;16;8;15;8;14;8;13;8;13;7;13;6;13;5;13;4
0;0;8;1;16;8;15;8;14;8;13;8;13;7;13;6;13;5;13;4;13;3
0;0;8;1;15;8;14;8;13;8;13;7;13;6;13;5;13;4;13;3;13;2
3;0;8;1;14;8;13;8;13;7;13;6;13;5;13;4;13;3;13;2;13;1
3;3;8;1;13;8;13;7;13;6;13;5;13;4;13;3;13;2;13;1;12;1
3;3;8;1;13;7;13;6;13;5;13;4;13;3;13;2;13;1;12;1;11;1
3;3;8;1;13;6;13;5;13;4;13;3;13;2;13;1;12;1;11;1;10;1
3;3;8;1;13;5;13;4;13;3;13;2;13;1;12;1;11;1;10;1;9;1
3;3;12;17;13;4;13;4;13;3;13;2;13;1;12;1;11;1;10;1;9;1;8;1
3;3;12;17;13;4;13;3;13;2;13;1;12;1;11;1;10;1;9;1;8;1;7;1
2;3;12;17;13;3;13;2;13;1;12;1;11;1;10;1;9;1;8;1;7;1;6;1
2;2;12;17;13;2;13;1;12;1;11;1;10;1;9;1;8;1;7;1;6;1;6;2
1;2;12;17;13;1;12;1;11;1;10;1;9;1;8;1;7;1;6;1;6;2;6;3
1;1;12;17;12;1;11;1;10;1;9;1;8;1;7;1;6;1;6;2;6;3;7;3
1;1;12;17;11;1;10;1;9;1;8;1;7;1;6;1;6;2;6;3;7;3;8;3
1;1;12;17;10;1;9;1;8;1;7;1;6;1;6;2;6;3;7;3;8;3;9;3
1;1;12;17;9;1;8;1;7;1;6;1;6;2;6;3;7;3;8;3;9;3;10;3
1;1;12;17;8;1;7;1;6;1;6;2;6;3;7;3;8;3;9;3;10;3;11;3
2;1;12;17;7;1;6;1;6;2;6;3;7;3;8;3;9;3;10;3;11;3;12;3
2;2;12;17;6;1;6;2;6;3;7;3;8;3;9;3;10;3;11;3;12;3;12;4
2;2;12;17;6;2;6;3;7;3;8;3;9;3;10;3;11;3;12;3;12;4;12;5
2;2;12;17;6;3;7;3;8;3;9;3;10;3;11;3;12;3;12;4;12;5;12;6
2;2;12;17;7;3;8;3;9;3;10;3;11;3;12;3;12;4;12;5;12;6;12;7
2;2;12;17;8;3;9;3;10;3;11;3;12;3;12;4;12;5;12;6;12;7;12;8
2;2;12;17;9;3;10;3;11;3;12;3;12;4;12;5;12;6;12;7;12;8;12;9
2;2;12;17;10;3;11;3;12;3;12;4;12;5;12;6;12;7;12;8;12;9;12;10
2;2;12;17;11;3;12;3;12;4;12;5;12;6;12;7;12;8;12;9;12;10;12;11
2;2;12;17;12;3;12;4;12;5;12;6;12;7;12;8;12;9;12;10;12;11;12;12
2;2;12;17;12;4;12;5;12;6;12;7;12;8;12;9;12;10;12;11;12;12;12;13
2;2;12;17;12;5;12;6;12;7;12;8;12;9;12;10;12;11;12;12;12;13;12;14
2;2;12;17;12;6;12;7;12;8;12;9;12;10;12;11;12;12;12;13;12;14;12;15
2;2;12;17;12;7;12;8;12;9;12;10;12;11;12;12;12;13;12;14;12;15;12;16
3;2;18;13;12;8;12;8;12;9;12;10;12;11;12;12;12;13;12;14;12;15;12;16;12;17
3;3;18;13;12;8;12;9;12;10;12;11;12;12;12;13;12;14;12;15;12;16;12;17;11;17
0;3;18;13;12;9;12;10;12;11;12;12;12;13;12;14;12;15;12;16;12;17;11;17;10;17
0;0;18;13;12;10;12;11;12;12;12;13;12;14;12;15;12;16;12;17;11;17;10;17;10;16
0;0;18;13;12;11;12;12;12;13;12;14;12;15;12;16;12;17;11;17;10;17;10;16;10;15
0;0;18;13;12;12;12;13;12;14;12;15;12;16;12;17;11;17;10;17;10;16;10;15;10;14
0;0;18;13;12;13;12;14;12;15;12;16;12;17;11;17;10;17;10;16;10;15;10;14;10;13
1;0;18;13;12;14;12;15;12;16;12;17;11;17;10;17;10;16;10;15;10;14;10;13;10;12
1;1;18;13;12;15;12;16;12;17;11;17;10;17;10;16;10;15;10;14;10;13;10;12;11;12
1;1;18;13;12;16;12;17;11;17;10;17;10;16;10;15;10;14;10;13;10;12;11;12;12;12
1;1;18;13;12;17;11;17;10;17;10;16;10;15;10;14;10;13;10;12;11;12;12;12;13;12
1;1;18;13;11;17;10;17;10;16;10;15;10;14;10;13;10;12;11;12;12;12;13;12;14;12
1;1;18;13;10;17;10;16;10;15;10;14;10;13;10;12;11;12;12;12;13;12;14;12;15;12
1;1;18;13;10;16;10;15;10;14;10;13;10;12;11;12;12;12;13;12;14;12;15;12;16;12
2;1;18;13;10;15;10;14;10;13;10;12;11;12;12;12;13;12;14;12;15;12;16;12;17;12
2;2;18;13;10;14;10;13;10;12;11;12;12;12;13;12;14;12;15;12;16;12;17;12;17;13
2;2;18;13;10;13;10;12;11;12;12;12;13;12;14;12;15;12;16;12;17;12;17;13;17;14
2;2;18;13;10;12;11;12;12;12;13;12;14;12;15;12;16;12;17;12;17;13;17;14;17;15
2;2;18;13;11;12;12;12;13;12;14;12;15;12;16;12;17;12;17;13;17;14;17;15;17;16
3;2;18;13;12;12;13;12;14;12;15;12;16;12;17;12;17;13;17;14;17;15;17;16;17;17
3;3;18;13;13;12;14;12;15;12;16;12;17;12;17;13;17;14;17;15;17;16;17;17;16;17
3;3;18;13;14;12;15;12;16;12;17;12;17;13;17;14;17;15;17;16;17;17;16;17;15;17
3;3;18;13;15;12;16;12;17;12;17;13;17;14;17;15;17;16;17;17;16;17;15;17;14;17
3;3;18;13;16;12;17;12;17;13;17;14;17;15;17;16;17;17;16;17;15;17;14;17;13;17
0;3;18;13;17;12;17;13;17;14;17;15;17;16;17;17;16;17;15;17;14;17;13;17;12;17
0;0;18;13;17;13;17;14;17;15;17;16;17;17;16;17;15;17;14;17;13;17;12;17;12;16
0;0;18;13;17;14;17;15;17;16;17;17;16;17;15;17;14;17;13;17;12;17;12;16;12;15
1;0;18;13;17;15;17;16;17;17;16;17;15;17;14;17;13;17;12;17;12;16;12;15;12;14
1;1;18;13;17;16;17;17;16;17;15;17;14;17;13;17;12;17;12;16;12;15;12;14;13;14
1;1;18;13;17;17;16;17;15;17;14;17;13;17;12;17;12;16;12;15;12;14;13;14;14;14
1;1;18;13;16;17;15;17;14;17;13;17;12;17;12;16;12;15;12;14;13;14;14;14;15;14
1;1;18;13;15;17;14;17;13;17;12;17;12;16;12;15;12;14;13;14;14;14;15;14;16;14
1;1;18;13;14;17;13;17;12;17;12;16;12;15;12;14;13;14;14;14;15;14;16;14;17;14
0;1;18;13;13;17;12;17;12;16;12;15;12;14;13;14;14;14;15;14;16;14;17;14;18;14
0;0;19;10;12;17;12;17;12;16;12;15;12;14;13;14;14;14;15;14;16;14;17;14;18;14;18;13
0;0;19;10;12;17;12;16;12;15;12;14;13;14;14;14;15;14;16;14;17;14;18;14;18;13;18;12
0;0;19;10;12;16;12;15;12;14;13;14;14;14;15;14;16;14;17;14;18;14;18;13;18;12;18;11
0;0;19;10;12;15;12;14;13;14;14;14;15;14;16;14;17;14;18;14;18;13;18;12;18;11;18;10
0;0;19;10;12;14;13;14;14;14;15;14;16;14;17;14;18;14;18;13;18;12;18;11;18;10;18;9
0;0;19;10;13;14;14;14;15;14;16;14;17;14;18;14;18;13;18;12;18;11;18;10;18;9;18;8
0;0;19;10;14;14;15;14;16;14;17;14;18;14;18;13;18;12;18;11;18;10;18;9;18;8;18;7
0;0;19;10;15;14;16;14;17;14;18;14;18;13;18;12;18;11;18;10;18;9;18;8;18;7;18;6
1;0;19;10;16;14;17;14;18;14;18;13;18;12;18;11;18;10;18;9;18;8;18;7;18;6;18;5
2;1;19;10;17;14;18;14;18;13;18;12;18;11;18;10;18;9;18;8;18;7;18;6;18;5;19;5
2;2;19;10;18;14;18;13;18;12;18;11;18;10;18;9;18;8;18;7;18;6;18;5;19;5;19;6
2;2;19;10;18;13;18;12;18;11;18;10;18;9;18;8;18;7;18;6;18;5;19;5;19;6;19;7
2;2;19;10;18;12;18;11;18;10;18;9;18;8;18;7;18;6;18;5;19;5;19;6;19;7;19;8
2;2;19;10;18;11;18;10;18;9;18;8;18;7;18;6;18;5;19;5;19;6;19;7;19;8;19;9
2;2;2;17;18;10;18;10;18;9;18;8;18;7;18;6;18;5;19;5;19;6;19;7;19;8;19;9;19;10
2;2;2;17;18;10;18;9;18;8;18;7;18;6;18;5;19;5;19;6;19;7;19;8;19;9;19;10;19;11
3;2;2;17;18;9;18;8;18;7;18;6;18;5;19;5;19;6;19;7;19;8;19;9;19;10;19;11;19;12
3;3;2;17;18;8;18;7;18;6;18;5;19;5;19;6;19;7;19;8;19;9;19;10;19;11;19;12;18;12
3;3;2;17;18;7;18;6;18;5;19;5;19;6;19;7;19;8;19;9;19;10;19;11;19;12;18;12;17;12
2;3;2;17;18;6;18;5;19;5;19;6;19;7;19;8;19;9;19;10;19;11;19;12;18;12;17;12;16;12
2;2;2;17;18;5;19;5;19;6;19;7;19;8;19;9;19;10;19;11;19;12;18;12;17;12;16;12;16;13
2;2;2;17;19;5;19;6;19;7;19;8;19;9;19;10;19;11;19;12;18;12;17;12;16;12;16;13;16;14
2;2;2;17;19;6;19;7;19;8;19;9;19;10;19;11;19;12;18;12;17;12;16;12;16;13;16;14;16;15
2;2;2;17;19;7;19;8;19;9;19;10;19;11;19;12;18;12;17;12;16;12;16;13;16;14;16;15;16;16
3;2;2;17;19;8;19;9;19;10;19;11;19;12;18;12;17;12;16;12;16;13;16;14;16;15;16;16;16;17
3;3;2;17;19;9;19;10;19;11;19;12;18;12;17;12;16;12;16;13;16;14;16;15;16;16;16;17;15;17
3;3;2;17;19;10;19;11;19;12;18;12;17;12;16;12;16;13;16;14;16;15;16;16;16;17;15;17;14;17
3;3;2;17;19;11;19;12;18;12;17;12;16;12;16;13;16;14;16;15;16;16;16;17;15;17;14;17;13;17
3;3;2;17;19;12;18;12;17;12;16;12;16;13;16;14;16;15;16;16;16;17;15;17;14;17;13;17;12;17
3;3;2;17;18;12;17;12;16;12;16;13;16;14;16;15;16;16;16;17;15;17;14;17;13;17;12;17;11;17
3;3;2;17;17;12;16;12;16;13;16;14;16;15;16;16;16;17;15;17;14;17;13;17;12;17;11;17;10;17
3;3;2;17;16;12;16;13;16;14;16;15;16;16;16;17;15;17;14;17;13;17;12;17;11;17;10;17;9;17
3;3;2;17;16;13;16;14;16;15;16;16;16;17;15;17;14;17;13;17;12;17;11;17;10;17;9;17;8;17
3;3;2;17;16;14;16;15;16;16;16;17;15;17;14;17;13;17;12;17;11;17;10;17;9;17;8;17;7;17
3;3;2;17;16;15;16;16;16;17;15;17;14;17;13;17;12;17;11;17;10;17;9;17;8;17;7;17;6;17
3;3;2;17;16;16;16;17;15;17;14;17;13;17;12;17;11;17;10;17;9;17;8;17;7;17;6;17;5;17
3;3;2;17;16;17;15;17;14;17;13;17;12;17;11;17;10;17;9;17;8;17;7;17;6;17;5;17;4;17
3;3;2;17;15;17;14;17;13;17;12;17;11;17;10;17;9;17;8;17;7;17;6;17;5;17;4;17;3;17
0;3;6;0;14;17;14;17;13;17;12;17;11;17;10;17;9;17;8;17;7;17;6;17;5;17;4;17;3;17;2;17
0;0;6;0;14;17;13;17;12;17;11;17;10;17;9;17;8;17;7;17;6;17;5;17;4;17;3;17;2;17;2;16
0;0;6;0;13;17;12;17;11;17;10;17;9;17;8;17;7;17;6;17;5;17;4;17;3;17;2;17;2;16;2;15
0;0;6;0;12;17;11;17;10;17;9;17;8;17;7;17;6;17;5;17;4;17;3;17;2;17;2;16;2;15;2;14
0;0;6;0;11;17;10;17;9;17;8;17;7;17;6;17;5;17;4;17;3;17;2;17;2;16;2;15;2;14;2;13
0;0;6;0;10;17;9;17;8;17;7;17;6;17;5;17;4;17;3;17;2;17;2;16;2;15;2;14;2;13;2;12
0;0;6;0;9;17;8;17;7;17;6;17;5;17;4;17;3;17;2;17;2;16;2;15;2;14;2;13;2;12;2;11
0;0;6;0;8;17;7;17;6;17;5;17;4;17;3;17;2;17;2;16;2;15;2;14;2;13;2;12;2;11;2;10
0;0;6;0;7;17;6;17;5;17;4;17;3;17;2;17;2;16;2;15;2;14;2;13;2;12;2;11;2;10;2;9
0;0;6;0;6;17;5;17;4;17;3;17;2;17;2;16;2;15;2;14;2;13;2;12;2;11;2;10;2;9;2;8
0;0;6;0;5;17;4;17;3;17;2;17;2;16;2;15;2;14;2;13;2;12;2;11;2;10;2;9;2;8;2;7
0;0;6;0;4;17;3;17;2;17;2;16;2;15;2;14;2;13;2;12;2;11;2;10;2;9;2;8;2;7;2;6
0;0;6;0;3;17;2;17;2;16;2;15;2;14;2;13;2;12;2;11;2;10;2;9;2;8;2;7;2;6;2;5
0;0;6;0;2;17;2;16;2;15;2;14;2;13;2;12;2;11;2;10;2;9;2;8;2;7;2;6;2;5;2;4
0;0;6;0;2;16;2;15;2;14;2;13;2;12;2;11;2;10;2;9;2;8;2;7;2;6;2;5;2;4;2;3
0;0;6;0;2;15;2;14;2;13;2;12;2;11;2;10;2;9;2;8;2;7;2;6;2;5;2;4;2;3;2;2
0;0;6;0;2;14;2;13;2;12;2;11;2;10;2;9;2;8;2;7;2;6;2;5;2;4;2;3;2;2;2;1
1;0;6;0;2;13;2;12;2;11;2;10;2;9;2;8;2;7;2;6;2;5;2;4;2;3;2;2;2;1;2;0
1;1;6;0;2;12;2;11;2;10;2;9;2;8;2;7;2;6;2;5;2;4;2;3;2;2;2;1;2;0;3;0
1;1;6;0;2;11;2;10;2;9;2;8;2;7;2;6;2;5;2;4;2;3;2;2;2;1;2;0;3;0;4;0
1;1;6;0;2;10;2;9;2;8;2;7;2;6;2;5;2;4;2;3;2;2;2;1;2;0;3;0;4;0;5;0
1;1;9;12;2;9;2;9;2;8;2;7;2;6;2;5;2;4;2;3;2;2;2;1;2;0;3;0;4;0;5;0;6;0
1;1;9;12;2;9;2;8;2;7;2;6;2;5;2;4;2;3;2;2;2;1;2;0;3;0;4;0;5;0;6;0;7;0
2;1;9;12;2;8;2;7;2;6;2;5;2;4;2;3;2;2;2;1;2;0;3;0;4;0;5;0;6;0;7;0;8;0
2;2;9;12;2;7;2;6;2;5;2;4;2;3;2;2;2;1;2;0;3;0;4;0;5;0;6;0;7;0;8;0;8;1
2;2;9;12;2;6;2;5;2;4;2;3;2;2;2;1;2;0;3;0;4;0;5;0;6;0;7;0;8;0;8;1;8;2
2;2;9;12;2;5;2;4;2;3;2;2;2;1;2;0;3;0;4;0;5;0;6;0;7;0;8;0;8;1;8;2;8;3
2;2;9;12;2;4;2;3;2;2;2;1;2;0;3;0;4;0;5;0;6;0;7;0;8;0;8;1;8;2;8;3;8;4
2;2;9;12;2;3;2;2;2;1;2;0;3;0;4;0;5;0;6;0;7;0;8;0;8;1;8;2;8;3;8;4;8;5
2;2;9;12;2;2;2;1;2;0;3;0;4;0;5;0;6;0;7;0;8;0;8;1;8;2;8;3;8;4;8;5;8;6
2;2;9;12;2;1;2;0;3;0;4;0;5;0;6;0;7;0;8;0;8;1;8;2;8;3;8;4;8;5;8;6;8;7
2;2;9;12;2;0;3;0;4;0;5;0;6;0;7;0;8;0;8;1;8;2;8;3;8;4;8;5;8;6;8;7;8;8
2;2;9;12;3;0;4;0;5;0;6;0;7;0;8;0;8;1;8;2;8;3;8;4;8;5;8;6;8;7;8;8;8;9
2;2;9;12;4;0;5;0;6;0;7;0;8;0;8;1;8;2;8;3;8;4;8;5;8;6;8;7;8;8;8;9;8;10
2;2;9;12;5;0;6;0;7;0;8;0;8;1;8;2;8;3;8;4;8;5;8;6;8;7;8;8;8;9;8;10;8;11
1;2;9;12;6;0;7;0;8;0;8;1;8;2;8;3;8;4;8;5;8;6;8;7;8;8;8;9;8;10;8;11;8;12
1;1;2;10;7;0;7;0;8;0;8;1;8;2;8;3;8;4;8;5;8;6;8;7;8;8;8;9;8;10;8;11;8;12;9;12
1;1;2;10;7;0;8;0;8;1;8;2;8;3;8;4;8;5;8;6;8;7;8;8;8;9;8;10;8;11;8;12;9;12;10;12
1;1;2;10;8;0;8;1;8;2;8;3;8;4;8;5;8;6;8;7;8;8;8;9;8;10;8;11;8;12;9;12;10;12;11;12
2;1;2;10;8;1;8;2;8;3;8;4;8;5;8;6;8;7;8;8;8;9;8;10;8;11;8;12;9;12;10;12;11;12;12;12
2;2;2;10;8;2;8;3;8;4;8;5;8;6;8;7;8;8;8;9;8;10;8;11;8;12;9;12;10;12;11;12;12;12;12;13
3;2;2;10;8;3;8;4;8;5;8;6;8;7;8;8;8;9;8;10;8;11;8;12;9;12;10;12;11;12;12;12;12;13;12;14
3;3;2;10;8;4;8;5;8;6;8;7;8;8;8;9;8;10;8;11;8;12;9;12;10;12;11;12;12;12;12;13;12;14;11;14
3;3;2;10;8;5;8;6;8;7;8;8;8;9;8;10;8;11;8;12;9;12;10;12;11;12;12;12;12;13;12;14;11;14;10;14
3;3;2;10;8;6;8;7;8;8;8;9;8;10;8;11;8;12;9;12;10;12;11;12;12;12;12;13;12;14;11;14;10;14;9;14
3;3;2;10;8;7;8;8;8;9;8;10;8;11;8;12;9;12;10;12;11;12;12;12;12;13;12;14;11;14;10;14;9;14;8;14
3;3;2;10;8;8;8;9;8;10;8;11;8;12;9;12;10;12;11;12;12;12;12;13;12;14;11;14;10;14;9;14;8;14;7;14
3;3;2;10;8;9;8;10;8;11;8;12;9;12;10;12;11;12;12;12;12;13;12;14;11;14;10;14;9;14;8;14;7;14;6;14
3;3;2;10;8;10;8;11;8;12;9;12;10;12;11;12;12;12;12;13;12;14;11;14;10;14;9;14;8;14;7;14;6;14;5;14
3;3;2;10;8;11;8;12;9;12;10;12;11;12;12;12;12;13;12;14;11;14;10;14;9;14;8;14;7;14;6;14;5;14;4;14
3;3;2;10;8;12;9;12;10;12;11;12;12;12;12;13;12;14;11;14;10;14;9;14;8;14;7;14;6;14;5;14;4;14;3;14
0;3;2;10;9;12;10;12;11;12;12;12;12;13;12;14;11;14;10;14;9;14;8;14;7;14;6;14;5;14;4;14;3;14;2;14
0;0;2;10;10;12;11;12;12;12;12;13;12;14;11;14;10;14;9;14;8;14;7;14;6;14;5;14;4;14;3;14;2;14;2;13
0;0;2;10;11;12;12;12;12;13;12;14;11;14;10;14;9;14;8;14;7;14;6;14;5;14;4;14;3;14;2;14;2;13;2;12
0;0;2;10;12;12;12;13;12;14;11;14;10;14;9;14;8;14;7;14;6;14;5;14;4;14;3;14;2;14;2;13;2;12;2;11
0;0;13;8;12;13;12;13;12;14;11;14;10;14;9;14;8;14;7;14;6;14;5;14;4;14;3;14;2;14;2;13;2;12;2;11;2;10
0;0;13;8;12;13;12;14;11;14;10;14;9;14;8;14;7;14;6;14;5;14;4;14;3;14;2;14;2;13;2;12;2;11;2;10;2;9
1;0;13;8;12;14;11;14;10;14;9;14;8;14;7;14;6;14;5;14;4;14;3;14;2;14;2;13;2;12;2;11;2;10;2;9;2;8
1;1;13;8;11;14;10;14;9;14;8;14;7;14;6;14;5;14;4;14;3;14;2;14;2;13;2;12;2;11;2;10;2;9;2;8;3;8
1;1;13;8;10;14;9;14;8;14;7;14;6;14;5;14;4;14;3;14;2;14;2;13;2;12;2;11;2;10;2;9;2;8;3;8;4;8
1;1;13;8;9;14;8;14;7;14;6;14;5;14;4;14;3;14;2;14;2;13;2;12;2;11;2;10;2;9;2;8;3;8;4;8;5;8
1;1;13;8;8;14;7;14;6;14;5;14;4;14;3;14;2;14;2;13;2;12;2;11;2;10;2;9;2;8;3;8;4;8;5;8;6;8
1;1;13;8;7;14;6;14;5;14;4;14;3;14;2;14;2;13;2;12;2;11;2;10;2;9;2;8;3;8;4;8;5;8;6;8;7;8
1;1;13;8;6;14;5;14;4;14;3;14;2;14;2;13;2;12;2;11;2;10;2;9;2;8;3;8;4;8;5;8;6;8;7;8;8;8
1;1;13;8;5;14;4;14;3;14;2;14;2;13;2;12;2;11;2;10;2;9;2;8;3;8;4;8;5;8;6;8;7;8;8;8;9;8
1;1;13;8;4;14;3;14;2;14;2;13;2;12;2;11;2;10;2;9;2;8;3;8;4;8;5;8;6;8;7;8;8;8;9;8;10;8
1;1;13;8;3;14;2;14;2;13;2;12;2;11;2;10;2;9;2;8;3;8;4;8;5;8;6;8;7;8;8;8;9;8;10;8;11;8
1;1;13;8;2;14;2;13;2;12;2;11;2;10;2;9;2;8;3;8;4;8;5;8;6;8;7;8;8;8;9;8;10;8;11;8;12;8
1;1;1;0;2;13;2;13;2;12;2;11;2;10;2;9;2;8;3;8;4;8;5;8;6;8;7;8;8;8;9;8;10;8;11;8;12;8;13;8
1;1;1;0;2;13;2;12;2;11;2;10;2;9;2;8;3;8;4;8;5;8;6;8;7;8;8;8;9;8;10;8;11;8;12;8;13;8;14;8
1;1;1;0;2;12;2;11;2;10;2;9;2;8;3;8;4;8;5;8;6;8;7;8;8;8;9;8;10;8;11;8;12;8;13;8;14;8;15;8
0;1;1;0;2;11;2;10;2;9;2;8;3;8;4;8;5;8;6;8;7;8;8;8;9;8;10;8;11;8;12;8;13;8;14;8;15;8;16;8
0;0;1;0;2;10;2;9;2;8;3;8;4;8;5;8;6;8;7;8;8;8;9;8;10;8;11;8;12;8;13;8;14;8;15;8;16;8;16;7
0;0;1;0;2;9;2;8;3;8;4;8;5;8;6;8;7;8;8;8;9;8;10;8;11;8;12;8;13;8;14;8;15;8;16;8;16;7;16;6
0;0;1;0;2;8;3;8;4;8;5;8;6;8;7;8;8;8;9;8;10;8;11;8;12;8;13;8;14;8;15;8;16;8;16;7;16;6;16;5
0;0;1;0;3;8;4;8;5;8;6;8;7;8;8;8;9;8;10;8;11;8;12;8;13;8;14;8;15;8;16;8;16;7;16;6;16;5;16;4
0;0;1;0;4;8;5;8;6;8;7;8;8;8;9;8;10;8;11;8;12;8;13;8;14;8;15;8;16;8;16;7;16;6;16;5;16;4;16;3
0;0;1;0;5;8;6;8;7;8;8;8;9;8;10;8;11;8;12;8;13;8;14;8;15;8;16;8;16;7;16;6;16;5;16;4;16;3;16;2
0;0;1;0;6;8;7;8;8;8;9;8;10;8;11;8;12;8;13;8;14;8;15;8;16;8;16;7;16;6;16;5;16;4;16;3;16;2;16;1
3;0;1;0;7;8;8;8;9;8;10;8;11;8;12;8;13;8;14;8;15;8;16;8;16;7;16;6;16;5;16;4;16;3;16;2;16;1;16;0
3;3;1;0;8;8;9;8;10;8;11;8;12;8;13;8;14;8;15;8;16;8;16;7;16;6;16;5;16;4;16;3;16;2;16;1;16;0;15;0
3;3;1;0;9;8;10;8;11;8;12;8;13;8;14;8;15;8;16;8;16;7;16;6;16;5;16;4;16;3;16;2;16;1;16;0;15;0;14;0
3;3;1;0;10;8;11;8;12;8;13;8;14;8;15;8;16;8;16;7;16;6;16;5;16;4;16;3;16;2;16;1;16;0;15;0;14;0;13;0
3;3;1;0;11;8;12;8;13;8;14;8;15;8;16;8;16;7;16;6;16;5;16;4;16;3;16;2;16;1;16;0;15;0;14;0;13;0;12;0
3;3;1;0;12;8;13;8;14;8;15;8;16;8;16;7;16;6;16;5;16;4;16;3;16;2;16;1;16;0;15;0;14;0;13;0;12;0;11;0
3;3;1;0;13;8;14;8;15;8;16;8;16;7;16;6;16;5;16;4;16;3;16;2;16;1;16;0;15;0;14;0;13;0;12;0;11;0;10;0
3;3;1;0;14;8;15;8;16;8;16;7;16;6;16;5;16;4;16;3;16;2;16;1;16;0;15;0;14;0;13;0;12;0;11;0;10;0;9;0
3;3;1;0;15;8;16;8;16;7;16;6;16;5;16;4;16;3;16;2;16;1;16;0;15;0;14;0;13;0;12;0;11;0;10;0;9;0;8;0
3;3;1;0;16;8;16;7;16;6;16;5;16;4;16;3;16;2;16;1;16;0;15;0;14;0;13;0;12;0;11;0;10;0;9;0;8;0;7;0
3;3;1;0;16;7;16;6;16;5;16;4;16;3;16;2;16;1;16;0;15;0;14;0;13;0;12;0;11;0;10;0;9;0;8;0;7;0;6;0
3;3;1;0;16;6;16;5;16;4;16;3;16;2;16;1;16;0;15;0;14;0;13;0;12;0;11;0;10;0;9;0;8;0;7;0;6;0;5;0
3;3;1;0;16;5;16;4;16;3;16;2;16;1;16;0;15;0;14;0;13;0;12;0;11;0;10;0;9;0;8;0;7;0;6;0;5;0;4;0
3;3;1;0;16;4;16;3;16;2;16;1;16;0;15;0;14;0;13;0;12;0;11;0;10;0;9;0;8;0;7;0;6;0;5;0;4;0;3;0
3;3;1;0;16;3;16;2;16;1;16;0;15;0;14;0;13;0;12;0;11;0;10;0;9;0;8;0;7;0;6;0;5;0;4;0;3;0;2;0
2;3;13;12;16;2;16;2;16;1;16;0;15;0;14;0;13;0;12;0;11;0;10;0;9;0;8;0;7;0;6;0;5;0;4;0;3;0;2;0;1;0
2;2;13;12;16;2;16;1;16;0;15;0;14;0;13;0;12;0;11;0;10;0;9;0;8;0;7;0;6;0;5;0;4;0;3;0;2;0;1;0;1;1
2;2;13;12;16;1;16;0;15;0;14;0;13;0;12;0;11;0;10;0;9;0;8;0;7;0;6;0;5;0;4;0;3;0;2;0;1;0;1;1;1;2
2;2;13;12;16;0;15;0;14;0;13;0;12;0;11;0;10;0;9;0;8;0;7;0;6;0;5;0;4;0;3;0;2;0;1;0;1;1;1;2;1;3
2;2;13;12;15;0;14;0;13;0;12;0;11;0;10;0;9;0;8;0;7;0;6;0;5;0;4;0;3;0;2;0;1;0;1;1;1;2;1;3;1;4
2;2;13;12;14;0;13;0;12;0;11;0;10;0;9;0;8;0;7;0;6;0;5;0;4;0;3;0;2;0;1;0;1;1;1;2;1;3;1;4;1;5
2;2;13;12;13;0;12;0;11;0;10;0;9;0;8;0;7;0;6;0;5;0;4;0;3;0;2;0;1;0;1;1;1;2;1;3;1;4;1;5;1;6
2;2;13;12;12;0;11;0;10;0;9;0;8;0;7;0;6;0;5;0;4;0;3;0;2;0;1;0;1;1;1;2;1;3;1;4;1;5;1;6;1;7
2;2;13;12;11;0;10;0;9;0;8;0;7;0;6;0;5;0;4;0;3;0;2;0;1;0;1;1;1;2;1;3;1;4;1;5;1;6;1;7;1;8
2;2;13;12;10;0;9;0;8;0;7;0;6;0;5;0;4;0;3;0;2;0;1;0;1;1;1;2;1;3;1;4;1;5;1;6;1;7;1;8;1;9
2;2;13;12;9;0;8;0;7;0;6;0;5;0;4;0;3;0;2;0;1;0;1;1;1;2;1;3;1;4;1;5;1;6;1;7;1;8;1;9;1;10
2;2;13;12;8;0;7;0;6;0;5;0;4;0;3;0;2;0;1;0;1;1;1;2;1;3;1;4;1;5;1;6;1;7;1;8;1;9;1;10;1;11
1;2;13;12;7;0;6;0;5;0;4;0;3;0;2;0;1;0;1;1;1;2;1;3;1;4;1;5;1;6;1;7;1;8;1;9;1;10;1;11;1;12
1;1;13;12;6;0;5;0;4;0;3;0;2;0;1;0;1;1;1;2;1;3;1;4;1;5;1;6;1;7;1;8;1;9;1;10;1;11;1;12;2;12
1;1;13;12;5;0;4;0;3;0;2;0;1;0;1;1;1;2;1;3;1;4;1;5;1;6;1;7;1;8;1;9;1;10;1;11;1;12;2;12;3;12
1;1;13;12;4;0;3;0;2;0;1;0;1;1;1;2;1;3;1;4;1;5;1;6;1;7;1;8;1;9;1;10;1;11;1;12;2;12;3;12;4;12
1;1;13;12;3;0;2;0;1;0;1;1;1;2;1;3;1;4;1;5;1;6;1;7;1;8;1;9;1;10;1;11;1;12;2;12;3;12;4;12;5;12
1;1;13;12;2;0;1;0;1;1;1;2;1;3;1;4;1;5;1;6;1;7;1;8;1;9;1;10;1;11;1;12;2;12;3;12;4;12;5;12;6;12
1;1;13;12;1;0;1;1;1;2;1;3;1;4;1;5;1;6;1;7;1;8;1;9;1;10;1;11;1;12;2;12;3;12;4;12;5;12;6;12;7;12
1;1;13;12;1;1;1;2;1;3;1;4;1;5;1;6;1;7;1;8;1;9;1;10;1;11;1;12;2;12;3;12;4;12;5;12;6;12;7;12;8;12
1;1;13;12;1;2;1;3;1;4;1;5;1;6;1;7;1;8;1;9;1;10;1;11;1;12;2;12;3;12;4;12;5;12;6;12;7;12;8;12;9;12
1;1;13;12;1;3;1;4;1;5;1;6;1;7;1;8;1;9;1;10;1;11;1;12;2;12;3;12;4;12;5;12;6;12;7;12;8;12;9;12;10;12
1;1;13;12;1;4;1;5;1;6;1;7;1;8;1;9;1;10;1;11;1;12;2;12;3;12;4;12;5;12;6;12;7;12;8;12;9;12;10;12;11;12
1;1;13;12;1;5;1;6;1;7;1;8;1;9;1;10;1;11;1;12;2;12;3;12;4;12;5;12;6;12;7;12;8;12;9;12;10;12;11;12;12;12
1;1;0;18;1;6;1;6;1;7;1;8;1;9;1;10;1;11;1;12;2;12;3;12;4;12;5;12;6;12;7;12;8;12;9;12;10;12;11;12;12;12;13;12
1;1;0;18;1;6;1;7;1;8;1;9;1;10;1;11;1;12;2;12;3;12;4;12;5;12;6;12;7;12;8;12;9;12;10;12;11;12;12;12;13;12;14;12
1;1;0;18;1;7;1;8;1;9;1;10;1;11;1;12;2;12;3;12;4;12;5;12;6;12;7;12;8;12;9;12;10;12;11;12;12;12;13;12;14;12;15;12
2;1;0;18;1;8;1;9;1;10;1;11;1;12;2;12;3;12;4;12;5;12;6;12;7;12;8;12;9;12;10;12;11;12;12;12;13;12;14;12;15;12;16;12
2;2;0;18;1;9;1;10;1;11;1;12;2;12;3;12;4;12;5;12;6;12;7;12;8;12;9;12;10;12;11;12;12;12;13;12;14;12;15;12;16;12;16;13
2;2;0;18;1;10;1;11;1;12;2;12;3;12;4;12;5;12;6;12;7;12;8;12;9;12;10;12;11;12;12;12;13;12;14;12;15;12;16;12;16;13;16;14
2;2;0;18;1;11;1;12;2;12;3;12;4;12;5;12;6;12;7;12;8;12;9;12;10;12;11;12;12;12;13;12;14;12;15;12;16;12;16;13;16;14;16;15
2;2;0;18;1;12;2;12;3;12;4;12;5;12;6;12;7;12;8;12;9;12;10;12;11;12;12;12;13;12;14;12;15;12;16;12;16;13;16;14;16;15;16;16
3;2;0;18;2;12;3;12;4;12;5;12;6;12;7;12;8;12;9;12;10;12;11;12;12;12;13;12;14;12;15;12;16;12;16;13;16;14;16;15;16;16;16;17
3;3;0;18;3;12;4;12;5;12;6;12;7;12;8;12;9;12;10;12;11;12;12;12;13;12;14;12;15;12;16;12;16;13;16;14;16;15;16;16;16;17;15;17
3;3;0;18;4;12;5;12;6;12;7;12;8;12;9;12;10;12;11;12;12;12;13;12;14;12;15;12;16;12;16;13;16;14;16;15;16;16;16;17;15;17;14;17
3;3;0;18;5;12;6;12;7;12;8;12;9;12;10;12;11;12;12;12;13;12;14;12;15;12;16;12;16;13;16;14;16;15;16;16;16;17;15;17;14;17;13;17
3;3;0;18;6;12;7;12;8;12;9;12;10;12;11;12;12;12;13;12;14;12;15;12;16;12;16;13;16;14;16;15;16;16;16;17;15;17;14;17;13;17;12;17
3;3;0;18;7;12;8;12;9;12;10;12;11;12;12;12;13;12;14;12;15;12;16;12;16;13;16;14;16;15;16;16;16;17;15;17;14;17;13;17;12;17;11;17
3;3;0;18;8;12;9;12;10;12;11;12;12;12;13;12;14;12;15;12;16;12;16;13;16;14;16;15;16;16;16;17;15;17;14;17;13;17;12;17;11;17;10;17
3;3;0;18;9;12;10;12;11;12;12;12;13;12;14;12;15;12;16;12;16;13;16;14;16;15;16;16;16;17;15;17;14;17;13;17;12;17;11;17;10;17;9;17
3;3;0;18;10;12;11;12;12;12;13;12;14;12;15;12;16;12;16;13;16;14;16;15;16;16;16;17;15;17;14;17;13;17;12;17;11;17;10;17;9;17;8;17
3;3;0;18;11;12;12;12;13;12;14;12;15;12;16;12;16;13;16;14;16;15;16;16;16;17;15;17;14;17;13;17;12;17;11;17;10;17;9;17;8;17;7;17
3;3;0;18;12;12;13;12;14;12;15;12;16;12;16;13;16;14;16;15;16;16;16;17;15;17;14;17;13;17;12;17;11;17;10;17;9;17;8;17;7;17;6;17
3;3;0;18;13;12;14;12;15;12;16;12;16;13;16;14;16;15;16;16;16;17;15;17;14;17;13;17;12;17;11;17;10;17;9;17;8;17;7;17;6;17;5;17
3;3;0;18;14;12;15;12;16;12;16;13;16;14;16;15;16;16;16;17;15;17;14;17;13;17;12;17;11;17;10;17;9;17;8;17;7;17;6;17;5;17;4;17
3;3;0;18;15;12;16;12;16;13;16;14;16;15;16;16;16;17;15;17;14;17;13;17;12;17;11;17;10;17;9;17;8;17;7;17;6;17;5;17;4;17;3;17
3;3;0;18;16;12;16;13;16;14;16;15;16;16;16;17;15;17;14;17;13;17;12;17;11;17;10;17;9;17;8;17;7;17;6;17;5;17;4;17;3;17;2;17
3;3;0;18;16;13;16;14;16;15;16;16;16;17;15;17;14;17;13;17;12;17;11;17;10;17;9;17;8;17;7;17;6;17;5;17;4;17;3;17;2;17;1;17
2;3;0;18;16;14;16;15;16;16;16;17;15;17;14;17;13;17;12;17;11;17;10;17;9;17;8;17;7;17;6;17;5;17;4;17;3;17;2;17;1;17;0;17
1;2;12;12;16;15;16;15;16;16;16;17;15;17;14;17;13;17;12;17;11;17;10;17;9;17;8;17;7;17;6;17;5;17;4;17;3;17;2;17;1;17;0;17;0;18
1;1;12;12;16;15;16;16;16;17;15;17;14;17;13;17;12;17;11;17;10;17;9;17;8;17;7;17;6;17;5;17;4;17;3;17;2;17;1;17;0;17;0;18;1;18
1;1;12;12;16;16;16;17;15;17;14;17;13;17;12;17;11;17;10;17;9;17;8;17;7;17;6;17;5;17;4;17;3;17;2;17;1;17;0;17;0;18;1;18;2;18
1;1;12;12;16;17;15;17;14;17;13;17;12;17;11;17;10;17;9;17;8;17;7;17;6;17;5;17;4;17;3;17;2;17;1;17;0;17;0;18;1;18;2;18;3;18
1;1;12;12;15;17;14;17;13;17;12;17;11;17;10;17;9;17;8;17;7;17;6;17;5;17;4;17;3;17;2;17;1;17;0;17;0;18;1;18;2;18;3;18;4;18
1;1;12;12;14;17;13;17;12;17;11;17;10;17;9;17;8;17;7;17;6;17;5;17;4;17;3;17;2;17;1;17;0;17;0;18;1;18;2;18;3;18;4;18;5;18
1;1;12;12;13;17;12;17;11;17;10;17;9;17;8;17;7;17;6;17;5;17;4;17;3;17;2;17;1;17;0;17;0;18;1;18;2;18;3;18;4;18;5;18;6;18
1;1;12;12;12;17;11;17;10;17;9;17;8;17;7;17;6;17;5;17;4;17;3;17;2;17;1;17;0;17;0;18;1;18;2;18;3;18;4;18;5;18;6;18;7;18
1;1;12;12;11;17;10;17;9;17;8;17;7;17;6;17;5;17;4;17;3;17;2;17;1;17;0;17;0;18;1;18;2;18;3;18;4;18;5;18;6;18;7;18;8;18
1;1;12;12;10;17;9;17;8;17;7;17;6;17;5;17;4;17;3;17;2;17;1;17;0;17;0;18;1;18;2;18;3;18;4;18;5;18;6;18;7;18;8;18;9;18
1;1;12;12;9;17;8;17;7;17;6;17;5;17;4;17;3;17;2;17;1;17;0;17;0;18;1;18;2;18;3;18;4;18;5;18;6;18;7;18;8;18;9;18;10;18
1;1;12;12;8;17;7;17;6;17;5;17;4;17;3;17;2;17;1;17;0;17;0;18;1;18;2;18;3;18;4;18;5;18;6;18;7;18;8;18;9;18;10;18;11;18
1;1;12;12;7;17;6;17;5;17;4;17;3;17;2;17;1;17;0;17;0;18;1;18;2;18;3;18;4;18;5;18;6;18;7;18;8;18;9;18;10;18;11;18;12;18
0;1;12;12;6;17;5;17;4;17;3;17;2;17;1;17;0;17;0;18;1;18;2;18;3;18;4;18;5;18;6;18;7;18;8;18;9;18;10;18;11;18;12;18;13;18
0;0;12;12;5;17;4;17;3;17;2;17;1;17;0;17;0;18;1;18;2;18;3;18;4;18;5;18;6;18;7;18;8;18;9;18;10;18;11;18;12;18;13;18;13;17
0;0;12;12;4;17;3;17;2;17;1;17;0;17;0;18;1;18;2;18;3;18;4;18;5;18;6;18;7;18;8;18;9;18;10;18;11;18;12;18;13;18;13;17;13;16
0;0;12;12;3;17;2;17;1;17;0;17;0;18;1;18;2;18;3;18;4;18;5;18;6;18;7;18;8;18;9;18;10;18;11;18;12;18;13;18;13;17;13;16;13;15
0;0;12;12;2;17;1;17;0;17;0;18;1;18;2;18;3;18;4;18;5;18;6;18;7;18;8;18;9;18;10;18;11;18;12;18;13;18;13;17;13;16;13;15;13;14
3;0;12;12;1;17;0;17;0;18;1;18;2;18;3;18;4;18;5;18;6;18;7;18;8;18;9;18;10;18;11;18;12;18;13;18;13;17;13;16;13;15;13;14;13;13
3;3;12;12;0;17;0;18;1;18;2;18;3;18;4;18;5;18;6;18;7;18;8;18;9;18;10;18;11;18;12;18;13;18;13;17;13;16;13;15;13;14;13;13;12;13
3;3;12;12;0;18;1;18;2;18;3;18;4;18;5;18;6;18;7;18;8;18;9;18;10;18;11;18;12;18;13;18;13;17;13;16;13;15;13;14;13;13;12;13;11;13
3;3;12;12;1;18;2;18;3;18;4;18;5;18;6;18;7;18;8;18;9;18;10;18;11;18;12;18;13;18;13;17;13;16;13;15;13;14;13;13;12;13;11;13;10;13
3;3;12;12;2;18;3;18;4;18;5;18;6;18;7;18;8;18;9;18;10;18;11;18;12;18;13;18;13;17;13;16;13;15;13;14;13;13;12;13;11;13;10;13;9;13
3;3;12;12;3;18;4;18;5;18;6;18;7;18;8;18;9;18;10;18;11;18;12;18;13;18;13;17;13;16;13;15;13;14;13;13;12;13;11;13;10;13;9;13;8;13
0;3;12;12;4;18;5;18;6;18;7;18;8;18;9;18;10;18;11;18;12;18;13;18;13;17;13;16;13;15;13;14;13;13;12;13;11;13;10;13;9;13;8;13;7;13
1;0;12;12;5;18;6;18;7;18;8;18;9;18;10;18;11;18;12;18;13;18;13;17;13;16;13;15;13;14;13;13;12;13;11;13;10;13;9;13;8;13;7;13;7;12
1;1;12;12;6;18;7;18;8;18;9;18;10;18;11;18;12;18;13;18;13;17;13;16;13;15;13;14;13;13;12;13;11;13;10;13;9;13;8;13;7;13;7;12;8;12
1;1;12;12;7;18;8;18;9;18;10;18;11;18;12;18;13;18;13;17;13;16;13;15;13;14;13;13;12;13;11;13;10;13;9;13;8;13;7;13;7;12;8;12;9;12
1;1;12;12;8;18;9;18;10;18;11;18;12;18;13;18;13;17;13;16;13;15;13;14;13;13;12;13;11;13;10;13;9;13;8;13;7;13;7;12;8;12;9;12;10;12
1;1;12;12;9;18;10;18;11;18;12;18;13;18;13;17;13;16;13;15;13;14;13;13;12;13;11;13;10;13;9;13;8;13;7;13;7;12;8;12;9;12;10;12;11;12
1;1;0;3;10;18;10;18;11;18;12;18;13;18;13;17;13;16;13;15;13;14;13;13;12;13;11;13;10;13;9;13;8;13;7;13;7;12;8;12;9;12;10;12;11;12;12;12
1;1;0;3;10;18;11;18;12;18;13;18;13;17;13;16;13;15;13;14;13;13;12;13;11;13;10;13;9;13;8;13;7;13;7;12;8;12;9;12;10;12;11;12;12;12;13;12
0;1;0;3;11;18;12;18;13;18;13;17;13;16;13;15;13;14;13;13;12;13;11;13;10;13;9;13;8;13;7;13;7;12;8;12;9;12;10;12;11;12;12;12;13;12;14;12
3;0;0;3;12;18;13;18;13;17;13;16;13;15;13;14;13;13;12;13;11;13;10;13;9;13;8;13;7;13;7;12;8;12;9;12;10;12;11;12;12;12;13;12;14;12;14;11
3;3;0;3;13;18;13;17;13;16;13;15;13;14;13;13;12;13;11;13;10;13;9;13;8;13;7;13;7;12;8;12;9;12;10;12;11;12;12;12;13;12;14;12;14;11;13;11
3;3;0;3;13;17;13;16;13;15;13;14;13;13;12;13;11;13;10;13;9;13;8;13;7;13;7;12;8;12;9;12;10;12;11;12;12;12;13;12;14;12;14;11;13;11;12;11
3;3;0;3;13;16;13;15;13;14;13;13;12;13;11;13;10;13;9;13;8;13;7;13;7;12;8;12;9;12;10;12;11;12;12;12;13;12;14;12;14;11;13;11;12;11;11;11
3;3;0;3;13;15;13;14;13;13;12;13;11;13;10;13;9;13;8;13;7;13;7;12;8;12;9;12;10;12;11;12;12;12;13;12;14;12;14;11;13;11;12;11;11;11;10;11
3;3;0;3;13;14;13;13;12;13;11;13;10;13;9;13;8;13;7;13;7;12;8;12;9;12;10;12;11;12;12;12;13;12;14;12;14;11;13;11;12;11;11;11;10;11;9;11
3;3;0;3;13;13;12;13;11;13;10;13;9;13;8;13;7;13;7;12;8;12;9;12;10;12;11;12;12;12;13;12;14;12;14;11;13;11;12;11;11;11;10;11;9;11;8;11
3;3;0;3;12;13;11;13;10;13;9;13;8;13;7;13;7;12;8;12;9;12;10;12;11;12;12;12;13;12;14;12;14;11;13;11;12;11;11;11;10;11;9;11;8;11;7;11
3;3;0;3;11;13;10;13;9;13;8;13;7;13;7;12;8;12;9;12;10;12;11;12;12;12;13;12;14;12;14;11;13;11;12;11;11;11;10;11;9;11;8;11;7;11;6;11
3;3;0;3;10;13;9;13;8;13;7;13;7;12;8;12;9;12;10;12;11;12;12;12;13;12;14;12;14;11;13;11;12;11;11;11;10;11;9;11;8;11;7;11;6;11;5;11
3;3;0;3;9;13;8;13;7;13;7;12;8;12;9;12;10;12;11;12;12;12;13;12;14;12;14;11;13;11;12;11;11;11;10;11;9;11;8;11;7;11;6;11;5;11;4;11
3;3;0;3;8;13;7;13;7;12;8;12;9;12;10;12;11;12;12;12;13;12;14;12;14;11;13;11;12;11;11;11;10;11;9;11;8;11;7;11;6;11;5;11;4;11;3;11
3;3;0;3;7;13;7;12;8;12;9;12;10;12;11;12;12;12;13;12;14;12;14;11;13;11;12;11;11;11;10;11;9;11;8;11;7;11;6;11;5;11;4;11;3;11;2;11
3;3;0;3;7;12;8;12;9;12;10;12;11;12;12;12;13;12;14;12;14;11;13;11;12;11;11;11;10;11;9;11;8;11;7;11;6;11;5;11;4;11;3;11;2;11;1;11
0;3;0;3;8;12;9;12;10;12;11;12;12;12;13;12;14;12;14;11;13;11;12;11;11;11;10;11;9;11;8;11;7;11;6;11;5;11;4;11;3;11;2;11;1;11;0;11
0;0;0;3;9;12;10;12;11;12;12;12;13;12;14;12;14;11;13;11;12;11;11;11;10;11;9;11;8;11;7;11;6;11;5;11;4;11;3;11;2;11;1;11;0;11;0;10
0;0;0;3;10;12;11;12;12;12;13;12;14;12;14;11;13;11;12;11;11;11;10;11;9;11;8;11;7;11;6;11;5;11;4;11;3;11;2;11;1;11;0;11;0;10;0;9
0;0;0;3;11;12;12;12;13;12;14;12;14;11;13;11;12;11;11;11;10;11;9;11;8;11;7;11;6;11;5;11;4;11;3;11;2;11;1;11;0;11;0;10;0;9;0;8
0;0;0;3;12;12;13;12;14;12;14;11;13;11;12;11;11;11;10;11;9;11;8;11;7;11;6;11;5;11;4;11;3;11;2;11;1;11;0;11;0;10;0;9;0;8;0;7
0;0;0;3;13;12;14;12;14;11;13;11;12;11;11;11;10;11;9;11;8;11;7;11;6;11;5;11;4;11;3;11;2;11;1;11;0;11;0;10;0;9;0;8;0;7;0;6
0;0;0;3;14;12;14;11;13;11;12;11;11;11;10;11;9;11;8;11;7;11;6;11;5;11;4;11;3;11;2;11;1;11;0;11;0;10;0;9;0;8;0;7;0;6;0;5
0;0;0;3;14;11;13;11;12;11;11;11;10;11;9;11;8;11;7;11;6;11;5;11;4;11;3;11;2;11;1;11;0;11;0;10;0;9;0;8;0;7;0;6;0;5;0;4
1;0;1;2;13;11;13;11;12;11;11;11;10;11;9;11;8;11;7;11;6;11;5;11;4;11;3;11;2;11;1;11;0;11;0;10;0;9;0;8;0;7;0;6;0;5;0;4;0;3
1;1;1;2;13;11;12;11;11;11;10;11;9;11;8;11;7;11;6;11;5;11;4;11;3;11;2;11;1;11;0;11;0;10;0;9;0;8;0;7;0;6;0;5;0;4;0;3;1;3
1;1;1;2;12;11;11;11;10;11;9;11;8;11;7;11;6;11;5;11;4;11;3;11;2;11;1;11;0;11;0;10;0;9;0;8;0;7;0;6;0;5;0;4;0;3;1;3;2;3
1;1;1;2;11;11;10;11;9;11;8;11;7;11;6;11;5;11;4;11;3;11;2;11;1;11;0;11;0;10;0;9;0;8;0;7;0;6;0;5;0;4;0;3;1;3;2;3;3;3
1;1;1;2;10;11;9;11;8;11;7;11;6;11;5;11;4;11;3;11;2;11;1;11;0;11;0;10;0;9;0;8;0;7;0;6;0;5;0;4;0;3;1;3;2;3;3;3;4;3
1;1;1;2;9;11;8;11;7;11;6;11;5;11;4;11;3;11;2;11;1;11;0;11;0;10;0;9;0;8;0;7;0;6;0;5;0;4;0;3;1;3;2;3;3;3;4;3;5;3
1;1;1;2;8;11;7;11;6;11;5;11;4;11;3;11;2;11;1;11;0;11;0;10;0;9;0;8;0;7;0;6;0;5;0;4;0;3;1;3;2;3;3;3;4;3;5;3;6;3
1;1;1;2;7;11;6;11;5;11;4;11;3;11;2;11;1;11;0;11;0;10;0;9;0;8;0;7;0;6;0;5;0;4;0;3;1;3;2;3;3;3;4;3;5;3;6;3;7;3
1;1;1;2;6;11;5;11;4;11;3;11;2;11;1;11;0;11;0;10;0;9;0;8;0;7;0;6;0;5;0;4;0;3;1;3;2;3;3;3;4;3;5;3;6;3;7;3;8;3
1;1;1;2;5;11;4;11;3;11;2;11;1;11;0;11;0;10;0;9;0;8;0;7;0;6;0;5;0;4;0;3;1;3;2;3;3;3;4;3;5;3;6;3;7;3;8;3;9;3
1;1;1;2;4;11;3;11;2;11;1;11;0;11;0;10;0;9;0;8;0;7;0;6;0;5;0;4;0;3;1;3;2;3;3;3;4;3;5;3;6;3;7;3;8;3;9;3;10;3
0;1;1;2;3;11;2;11;1;11;0;11;0;10;0;9;0;8;0;7;0;6;0;5;0;4;0;3;1;3;2;3;3;3;4;3;5;3;6;3;7;3;8;3;9;3;10;3;11;3
3;0;1;2;2;11;1;11;0;11;0;10;0;9;0;8;0;7;0;6;0;5;0;4;0;3;1;3;2;3;3;3;4;3;5;3;6;3;7;3;8;3;9;3;10;3;11;3;11;2
3;3;1;2;1;11;0;11;0;10;0;9;0;8;0;7;0;6;0;5;0;4;0;3;1;3;2;3;3;3;4;3;5;3;6;3;7;3;8;3;9;3;10;3;11;3;11;2;10;2
3;3;1;2;0;11;0;10;0;9;0;8;0;7;0;6;0;5;0;4;0;3;1;3;2;3;3;3;4;3;5;3;6;3;7;3;8;3;9;3;10;3;11;3;11;2;10;2;9;2
3;3;1;2;0;10;0;9;0;8;0;7;0;6;0;5;0;4;0;3;1;3;2;3;3;3;4;3;5;3;6;3;7;3;8;3;9;3;10;3;11;3;11;2;10;2;9;2;8;2
3;3;1;2;0;9;0;8;0;7;0;6;0;5;0;4;0;3;1;3;2;3;3;3;4;3;5;3;6;3;7;3;8;3;9;3;10;3;11;3;11;2;10;2;9;2;8;2;7;2
3;3;1;2;0;8;0;7;0;6;0;5;0;4;0;3;1;3;2;3;3;3;4;3;5;3;6;3;7;3;8;3;9;3;10;3;11;3;11;2;10;2;9;2;8;2;7;2;6;2
3;3;1;2;0;7;0;6;0;5;0;4;0;3;1;3;2;3;3;3;4;3;5;3;6;3;7;3;8;3;9;3;10;3;11;3;11;2;10;2;9;2;8;2;7;2;6;2;5;2
3;3;1;2;0;6;0;5;0;4;0;3;1;3;2;3;3;3;4;3;5;3;6;3;7;3;8;3;9;3;10;3;11;3;11;2;10;2;9;2;8;2;7;2;6;2;5;2;4;2
3;3;1;2;0;5;0;4;0;3;1;3;2;3;3;3;4;3;5;3;6;3;7;3;8;3;9;3;10;3;11;3;11;2;10;2;9;2;8;2;7;2;6;2;5;2;4;2;3;2
3;3;1;2;0;4;0;3;1;3;2;3;3;3;4;3;5;3;6;3;7;3;8;3;9;3;10;3;11;3;11;2;10;2;9;2;8;2;7;2;6;2;5;2;4;2;3;2;2;2
0;3;9;16;0;3;0;3;1;3;2;3;3;3;4;3;5;3;6;3;7;3;8;3;9;3;10;3;11;3;11;2;10;2;9;2;8;2;7;2;6;2;5;2;4;2;3;2;2;2;1;2
1;0;9;16;0;3;1;3;2;3;3;3;4;3;5;3;6;3;7;3;8;3;9;3;10;3;11;3;11;2;10;2;9;2;8;2;7;2;6;2;5;2;4;2;3;2;2;2;1;2;1;1
1;1;9;16;1;3;2;3;3;3;4;3;5;3;6;3;7;3;8;3;9;3;10;3;11;3;11;2;10;2;9;2;8;2;7;2;6;2;5;2;4;2;3;2;2;2;1;2;1;1;2;1
1;1;9;16;2;3;3;3;4;3;5;3;6;3;7;3;8;3;9;3;10;3;11;3;11;2;10;2;9;2;8;2;7;2;6;2;5;2;4;2;3;2;2;2;1;2;1;1;2;1;3;1
1;1;9;16;3;3;4;3;5;3;6;3;7;3;8;3;9;3;10;3;11;3;11;2;10;2;9;2;8;2;7;2;6;2;5;2;4;2;3;2;2;2;1;2;1;1;2;1;3;1;4;1
1;1;9;16;4;3;5;3;6;3;7;3;8;3;9;3;10;3;11;3;11;2;10;2;9;2;8;2;7;2;6;2;5;2;4;2;3;2;2;2;1;2;1;1;2;1;3;1;4;1;5;1
1;1;9;16;5;3;6;3;7;3;8;3;9;3;10;3;11;3;11;2;10;2;9;2;8;2;7;2;6;2;5;2;4;2;3;2;2;2;1;2;1;1;2;1;3;1;4;1;5;1;6;1
1;1;9;16;6;3;7;3;8;3;9;3;10;3;11;3;11;2;10;2;9;2;8;2;7;2;6;2;5;2;4;2;3;2;2;2;1;2;1;1;2;1;3;1;4;1;5;1;6;1;7;1
1;1;9;16;7;3;8;3;9;3;10;3;11;3;11;2;10;2;9;2;8;2;7;2;6;2;5;2;4;2;3;2;2;2;1;2;1;1;2;1;3;1;4;1;5;1;6;1;7;1;8;1
1;1;9;16;8;3;9;3;10;3;11;3;11;2;10;2;9;2;8;2;7;2;6;2;5;2;4;2;3;2;2;2;1;2;1;1;2;1;3;1;4;1;5;1;6;1;7;1;8;1;9;1
1;1;9;16;9;3;10;3;11;3;11;2;10;2;9;2;8;2;7;2;6;2;5;2;4;2;3;2;2;2;1;2;1;1;2;1;3;1;4;1;5;1;6;1;7;1;8;1;9;1;10;1
1;1;9;16;10;3;11;3;11;2;10;2;9;2;8;2;7;2;6;2;5;2;4;2;3;2;2;2;1;2;1;1;2;1;3;1;4;1;5;1;6;1;7;1;8;1;9;1;10;1;11;1
2;1;9;16;11;3;11;2;10;2;9;2;8;2;7;2;6;2;5;2;4;2;3;2;2;2;1;2;1;1;2;1;3;1;4;1;5;1;6;1;7;1;8;1;9;1;10;1;11;1;12;1
2;2;9;16;11;2;10;2;9;2;8;2;7;2;6;2;5;2;4;2;3;2;2;2;1;2;1;1;2;1;3;1;4;1;5;1;6;1;7;1;8;1;9;1;10;1;11;1;12;1;12;2
2;2;9;16;10;2;9;2;8;2;7;2;6;2;5;2;4;2;3;2;2;2;1;2;1;1;2;1;3;1;4;1;5;1;6;1;7;1;8;1;9;1;10;1;11;1;12;1;12;2;12;3
2;2;9;16;9;2;8;2;7;2;6;2;5;2;4;2;3;2;2;2;1;2;1;1;2;1;3;1;4;1;5;1;6;1;7;1;8;1;9;1;10;1;11;1;12;1;12;2;12;3;12;4
2;2;9;16;8;2;7;2;6;2;5;2;4;2;3;2;2;2;1;2;1;1;2;1;3;1;4;1;5;1;6;1;7;1;8;1;9;1;10;1;11;1;12;1;12;2;12;3;12;4;12;5
2;2;9;16;7;2;6;2;5;2;4;2;3;2;2;2;1;2;1;1;2;1;3;1;4;1;5;1;6;1;7;1;8;1;9;1;10;1;11;1;12;1;12;2;12;3;12;4;12;5;12;6
2;2;9;16;6;2;5;2;4;2;3;2;2;2;1;2;1;1;2;1;3;1;4;1;5;1;6;1;7;1;8;1;9;1;10;1;11;1;12;1;12;2;12;3;12;4;12;5;12;6;12;7
2;2;9;16;5;2;4;2;3;2;2;2;1;2;1;1;2;1;3;1;4;1;5;1;6;1;7;1;8;1;9;1;10;1;11;1;12;1;12;2;12;3;12;4;12;5;12;6;12;7;12;8
2;2;9;16;4;2;3;2;2;2;1;2;1;1;2;1;3;1;4;1;5;1;6;1;7;1;8;1;9;1;10;1;11;1;12;1;12;2;12;3;12;4;12;5;12;6;12;7;12;8;12;9
2;2;9;16;3;2;2;2;1;2;1;1;2;1;3;1;4;1;5;1;6;1;7;1;8;1;9;1;10;1;11;1;12;1;12;2;12;3;12;4;12;5;12;6;12;7;12;8;12;9;12;10
2;2;9;16;2;2;1;2;1;1;2;1;3;1;4;1;5;1;6;1;7;1;8;1;9;1;10;1;11;1;12;1;12;2;12;3;12;4;12;5;12;6;12;7;12;8;12;9;12;10;12;11
2;2;9;16;1;2;1;1;2;1;3;1;4;1;5;1;6;1;7;1;8;1;9;1;10;1;11;1;12;1;12;2;12;3;12;4;12;5;12;6;12;7;12;8;12;9;12;10;12;11;12;12
2;2;9;16;1;1;2;1;3;1;4;1;5;1;6;1;7;1;8;1;9;1;10;1;11;1;12;1;12;2;12;3;12;4;12;5;12;6;12;7;12;8;12;9;12;10;12;11;12;12;12;13
2;2;9;16;2;1;3;1;4;1;5;1;6;1;7;1;8;1;9;1;10;1;11;1;12;1;12;2;12;3;12;4;12;5;12;6;12;7;12;8;12;9;12;10;12;11;12;12;12;13;12;14
2;2;9;16;3;1;4;1;5;1;6;1;7;1;8;1;9;1;10;1;11;1;12;1;12;2;12;3;12;4;12;5;12;6;12;7;12;8;12;9;12;10;12;11;12;12;12;13;12;14;12;15
3;2;9;16;4;1;5;1;6;1;7;1;8;1;9;1;10;1;11;1;12;1;12;2;12;3;12;4;12;5;12;6;12;7;12;8;12;9;12;10;12;11;12;12;12;13;12;14;12;15;12;16
3;3;9;16;5;1;6;1;7;1;8;1;9;1;10;1;11;1;12;1;12;2;12;3;12;4;12;5;12;6;12;7;12;8;12;9;12;10;12;11;12;12;12;13;12;14;12;15;12;16;11;16
3;3;9;16;6;1;7;1;8;1;9;1;10;1;11;1;12;1;12;2;12;3;12;4;12;5;12;6;12;7;12;8;12;9;12;10;12;11;12;12;12;13;12;14;12;15;12;16;11;16;10;16
3;3;6;9;7;1;7;1;8;1;9;1;10;1;11;1;12;1;12;2;12;3;12;4;12;5;12;6;12;7;12;8;12;9;12;10;12;11;12;12;12;13;12;14;12;15;12;16;11;16;10;16;9;16
3;3;6;9;7;1;8;1;9;1;10;1;11;1;12;1;12;2;12;3;12;4;12;5;12;6;12;7;12;8;12;9;12;10;12;11;12;12;12;13;12;14;12;15;12;16;11;16;10;16;9;16;8;16
0;3;6;9;8;1;9;1;10;1;11;1;12;1;12;2;12;3;12;4;12;5;12;6;12;7;12;8;12;9;12;10;12;11;12;12;12;13;12;14;12;15;12;16;11;16;10;16;9;16;8;16;7;16
0;0;6;9;9;1;10;1;11;1;12;1;12;2;12;3;12;4;12;5;12;6;12;7;12;8;12;9;12;10;12;11;12;12;12;13;12;14;12;15;12;16;11;16;10;16;9;16;8;16;7;16;7;15
0;0;6;9;10;1;11;1;12;1;12;2;12;3;12;4;12;5;12;6;12;7;12;8;12;9;12;10;12;11;12;12;12;13;12;14;12;15;12;16;11;16;10;16;9;16;8;16;7;16;7;15;7;14
0;0;6;9;11;1;12;1;12;2;12;3;12;4;12;5;12;6;12;7;12;8;12;9;12;10;12;11;12;12;12;13;12;14;12;15;12;16;11;16;10;16;9;16;8;16;7;16;7;15;7;14;7;13
0;0;6;9;12;1;12;2;12;3;12;4;12;5;12;6;12;7;12;8;12;9;12;10;12;11;12;12;12;13;12;14;12;15;12;16;11;16;10;16;9;16;8;16;7;16;7;15;7;14;7;13;7;12
0;0;6;9;12;2;12;3;12;4;12;5;12;6;12;7;12;8;12;9;12;10;12;11;12;12;12;13;12;14;12;15;12;16;11;16;10;16;9;16;8;16;7;16;7;15;7;14;7;13;7;12;7;11
0;0;6;9;12;3;12;4;12;5;12;6;12;7;12;8;12;9;12;10;12;11;12;12;12;13;12;14;12;15;12;16;11;16;10;16;9;16;8;16;7;16;7;15;7;14;7;13;7;12;7;11;7;10
3;0;6;9;12;4;12;5;12;6;12;7;12;8;12;9;12;10;12;11;12;12;12;13;12;14;12;15;12;16;11;16;10;16;9;16;8;16;7;16;7;15;7;14;7;13;7;12;7;11;7;10;7;9
3;3;0;13;12;5;12;5;12;6;12;7;12;8;12;9;12;10;12;11;12;12;12;13;12;14;12;15;12;16;11;16;10;16;9;16;8;16;7;16;7;15;7;14;7;13;7;12;7;11;7;10;7;9;6;9
3;3;0;13;12;5;12;6;12;7;12;8;12;9;12;10;12;11;12;12;12;13;12;14;12;15;12;16;11;16;10;16;9;16;8;16;7;16;7;15;7;14;7;13;7;12;7;11;7;10;7;9;6;9;5;9
3;3;0;13;12;6;12;7;12;8;12;9;12;10;12;11;12;12;12;13;12;14;12;15;12;16;11;16;10;16;9;16;8;16;7;16;7;15;7;14;7;13;7;12;7;11;7;10;7;9;6;9;5;9;4;9
3;3;0;13;12;7;12;8;12;9;12;10;12;11;12;12;12;13;12;14;12;15;12;16;11;16;10;16;9;16;8;16;7;16;7;15;7;14;7;13;7;12;7;11;7;10;7;9;6;9;5;9;4;9;3;9
3;3;0;13;12;8;12;9;12;10;12;11;12;12;12;13;12;14;12;15;12;16;11;16;10;16;9;16;8;16;7;16;7;15;7;14;7;13;7;12;7;11;7;10;7;9;6;9;5;9;4;9;3;9;2;9
3;3;0;13;12;9;12;10;12;11;12;12;12;13;12;14;12;15;12;16;11;16;10;16;9;16;8;16;7;16;7;15;7;14;7;13;7;12;7;11;7;10;7;9;6;9;5;9;4;9;3;9;2;9;1;9
2;3;0;13;12;10;12;11;12;12;12;13;12;14;12;15;12;16;11;16;10;16;9;16;8;16;7;16;7;15;7;14;7;13;7;12;7;11;7;10;7;9;6;9;5;9;4;9;3;9;2;9;1;9;0;9
2;2;0;13;12;11;12;12;12;13;12;14;12;15;12;16;11;16;10;16;9;16;8;16;7;16;7;15;7;14;7;13;7;12;7;11;7;10;7;9;6;9;5;9;4;9;3;9;2;9;1;9;0;9;0;10
2;2;0;13;12;12;12;13;12;14;12;15;12;16;11;16;10;16;9;16;8;16;7;16;7;15;7;14;7;13;7;12;7;11;7;10;7;9;6;9;5;9;4;9;3;9;2;9;1;9;0;9;0;10;0;11
2;2;0;13;12;13;12;14;12;15;12;16;11;16;10;16;9;16;8;16;7;16;7;15;7;14;7;13;7;12;7;11;7;10;7;9;6;9;5;9;4;9;3;9;2;9;1;9;0;9;0;10;0;11;0;12
2;2;0;3;12;14;12;14;12;15;12;16;11;16;10;16;9;16;8;16;7;16;7;15;7;14;7;13;7;12;7;11;7;10;7;9;6;9;5;9;4;9;3;9;2;9;1;9;0;9;0;10;0;11;0;12;0;13
2;2;0;3;12;14;12;15;12;16;11;16;10;16;9;16;8;16;7;16;7;15;7;14;7;13;7;12;7;11;7;10;7;9;6;9;5;9;4;9;3;9;2;9;1;9;0;9;0;10;0;11;0;12;0;13;0;14
2;2;0;3;12;15;12;16;11;16;10;16;9;16;8;16;7;16;7;15;7;14;7;13;7;12;7;11;7;10;7;9;6;9;5;9;4;9;3;9;2;9;1;9;0;9;0;10;0;11;0;12;0;13;0;14;0;15
2;2;0;3;12;16;11;16;10;16;9;16;8;16;7;16;7;15;7;14;7;13;7;12;7;11;7;10;7;9;6;9;5;9;4;9;3;9;2;9;1;9;0;9;0;10;0;11;0;12;0;13;0;14;0;15;0;16
2;2;0;3;11;16;10;16;9;16;8;16;7;16;7;15;7;14;7;13;7;12;7;11;7;10;7;9;6;9;5;9;4;9;3;9;2;9;1;9;0;9;0;10;0;11;0;12;0;13;0;14;0;15;0;16;0;17
1;2;0;3;10;16;9;16;8;16;7;16;7;15;7;14;7;13;7;12;7;11;7;10;7;9;6;9;5;9;4;9;3;9;2;9;1;9;0;9;0;10;0;11;0;12;0;13;0;14;0;15;0;16;0;17;0;18
1;1;0;3;9;16;8;16;7;16;7;15;7;14;7;13;7;12;7;11;7;10;7;9;6;9;5;9;4;9;3;9;2;9;1;9;0;9;0;10;0;11;0;12;0;13;0;14;0;15;0;16;0;17;0;18;1;18
1;1;0;3;8;16;7;16;7;15;7;14;7;13;7;12;7;11;7;10;7;9;6;9;5;9;4;9;3;9;2;9;1;9;0;9;0;10;0;11;0;12;0;13;0;14;0;15;0;16;0;17;0;18;1;18;2;18
1;1;0;3;7;16;7;15;7;14;7;13;7;12;7;11;7;10;7;9;6;9;5;9;4;9;3;9;2;9;1;9;0;9;0;10;0;11;0;12;0;13;0;14;0;15;0;16;0;17;0;18;1;18;2;18;3;18
1;1;0;3;7;15;7;14;7;13;7;12;7;11;7;10;7;9;6;9;5;9;4;9;3;9;2;9;1;9;0;9;0;10;0;11;0;12;0;13;0;14;0;15;0;16;0;17;0;18;1;18;2;18;3;18;4;18
1;1;0;3;7;14;7;13;7;12;7;11;7;10;7;9;6;9;5;9;4;9;3;9;2;9;1;9;0;9;0;10;0;11;0;12;0;13;0;14;0;15;0;16;0;17;0;18;1;18;2;18;3;18;4;18;5;18
1;1;0;3;7;13;7;12;7;11;7;10;7;9;6;9;5;9;4;9;3;9;2;9;1;9;0;9;0;10;0;11;0;12;0;13;0;14;0;15;0;16;0;17;0;18;1;18;2;18;3;18;4;18;5;18;6;18
1;1;0;3;7;12;7;11;7;10;7;9;6;9;5;9;4;9;3;9;2;9;1;9;0;9;0;10;0;11;0;12;0;13;0;14;0;15;0;16;0;17;0;18;1;18;2;18;3;18;4;18;5;18;6;18;7;18
0;1;0;3;7;11;7;10;7;9;6;9;5;9;4;9;3;9;2;9;1;9;0;9;0;10;0;11;0;12;0;13;0;14;0;15;0;16;0;17;0;18;1;18;2;18;3;18;4;18;5;18;6;18;7;18;8;18
0;0;0;3;7;10;7;9;6;9;5;9;4;9;3;9;2;9;1;9;0;9;0;10;0;11;0;12;0;13;0;14;0;15;0;16;0;17;0;18;1;18;2;18;3;18;4;18;5;18;6;18;7;18;8;18;8;17
0;0;0;3;7;9;6;9;5;9;4;9;3;9;2;9;1;9;0;9;0;10;0;11;0;12;0;13;0;14;0;15;0;16;0;17;0;18;1;18;2;18;3;18;4;18;5;18;6;18;7;18;8;18;8;17;8;16
0;0;0;3;6;9;5;9;4;9;3;9;2;9;1;9;0;9;0;10;0;11;0;12;0;13;0;14;0;15;0;16;0;17;0;18;1;18;2;18;3;18;4;18;5;18;6;18;7;18;8;18;8;17;8;16;8;15
0;0;0;3;5;9;4;9;3;9;2;9;1;9;0;9;0;10;0;11;0;12;0;13;0;14;0;15;0;16;0;17;0;18;1;18;2;18;3;18;4;18;5;18;6;18;7;18;8;18;8;17;8;16;8;15;8;14
0;0;0;3;4;9;3;9;2;9;1;9;0;9;0;10;0;11;0;12;0;13;0;14;0;15;0;16;0;17;0;18;1;18;2;18;3;18;4;18;5;18;6;18;7;18;8;18;8;17;8;16;8;15;8;14;8;13
0;0;0;3;3;9;2;9;1;9;0;9;0;10;0;11;0;12;0;13;0;14;0;15;0;16;0;17;0;18;1;18;2;18;3;18;4;18;5;18;6;18;7;18;8;18;8;17;8;16;8;15;8;14;8;13;8;12
0;0;0;3;2;9;1;9;0;9;0;10;0;11;0;12;0;13;0;14;0;15;0;16;0;17;0;18;1;18;2;18;3;18;4;18;5;18;6;18;7;18;8;18;8;17;8;16;8;15;8;14;8;13;8;12;8;11
0;0;0;3;1;9;0;9;0;10;0;11;0;12;0;13;0;14;0;15;0;16;0;17;0;18;1;18;2;18;3;18;4;18;5;18;6;18;7;18;8;18;8;17;8;16;8;15;8;14;8;13;8;12;8;11;8;10
0;0;0;3;0;9;0;10;0;11;0;12;0;13;0;14;0;15;0;16;0;17;0;18;1;18;2;18;3;18;4;18;5;18;6;18;7;18;8;18;8;17;8;16;8;15;8;14;8;13;8;12;8;11;8;10;8;9
3;0;0;3;0;10;0;11;0;12;0;13;0;14;0;15;0;16;0;17;0;18;1;18;2;18;3;18;4;18;5;18;6;18;7;18;8;18;8;17;8;16;8;15;8;14;8;13;8;12;8;11;8;10;8;9;8;8
3;3;0;3;0;11;0;12;0;13;0;14;0;15;0;16;0;17;0;18;1;18;2;18;3;18;4;18;5;18;6;18;7;18;8;18;8;17;8;16;8;15;8;14;8;13;8;12;8;11;8;10;8;9;8;8;7;8
3;3;0;3;0;12;0;13;0;14;0;15;0;16;0;17;0;18;1;18;2;18;3;18;4;18;5;18;6;18;7;18;8;18;8;17;8;16;8;15;8;14;8;13;8;12;8;11;8;10;8;9;8;8;7;8;6;8
3;3;0;3;0;13;0;14;0;15;0;16;0;17;0;18;1;18;2;18;3;18;4;18;5;18;6;18;7;18;8;18;8;17;8;16;8;15;8;14;8;13;8;12;8;11;8;10;8;9;8;8;7;8;6;8;5;8
3;3;0;3;0;14;0;15;0;16;0;17;0;18;1;18;2;18;3;18;4;18;5;18;6;18;7;18;8;18;8;17;8;16;8;15;8;14;8;13;8;12;8;11;8;10;8;9;8;8;7;8;6;8;5;8;4;8
3;3;0;3;0;15;0;16;0;17;0;18;1;18;2;18;3;18;4;18;5;18;6;18;7;18;8;18;8;17;8;16;8;15;8;14;8;13;8;12;8;11;8;10;8;9;8;8;7;8;6;8;5;8;4;8;3;8
3;3;0;3;0;16;0;17;0;18;1;18;2;18;3;18;4;18;5;18;6;18;7;18;8;18;8;17;8;16;8;15;8;14;8;13;8;12;8;11;8;10;8;9;8;8;7;8;6;8;5;8;4;8;3;8;2;8
0;3;0;3;0;17;0;18;1;18;2;18;3;18;4;18;5;18;6;18;7;18;8;18;8;17;8;16;8;15;8;14;8;13;8;12;8;11;8;10;8;9;8;8;7;8;6;8;5;8;4;8;3;8;2;8;1;8
0;0;0;3;0;18;1;18;2;18;3;18;4;18;5;18;6;18;7;18;8;18;8;17;8;16;8;15;8;14;8;13;8;12;8;11;8;10;8;9;8;8;7;8;6;8;5;8;4;8;3;8;2;8;1;8;1;7
0;0;0;3;1;18;2;18;3;18;4;18;5;18;6;18;7;18;8;18;8;17;8;16;8;15;8;14;8;13;8;12;8;11;8;10;8;9;8;8;7;8;6;8;5;8;4;8;3;8;2;8;1;8;1;7;1;6
0;0;0;3;2;18;3;18;4;18;5;18;6;18;7;18;8;18;8;17;8;16;8;15;8;14;8;13;8;12;8;11;8;10;8;9;8;8;7;8;6;8;5;8;4;8;3;8;2;8;1;8;1;7;1;6;1;5
0;0;0;3;3;18;4;18;5;18;6;18;7;18;8;18;8;17;8;16;8;15;8;14;8;13;8;12;8;11;8;10;8;9;8;8;7;8;6;8;5;8;4;8;3;8;2;8;1;8;1;7;1;6;1;5;1;4
0;0;0;3;4;18;5;18;6;18;7;18;8;18;8;17;8;16;8;15;8;14;8;13;8;12;8;11;8;10;8;9;8;8;7;8;6;8;5;8;4;8;3;8;2;8;1;8;1;7;1;6;1;5;1;4;1;3
0;0;0;3;5;18;6;18;7;18;8;18;8;17;8;16;8;15;8;14;8;13;8;12;8;11;8;10;8;9;8;8;7;8;6;8;5;8;4;8;3;8;2;8;1;8;1;7;1;6;1;5;1;4;1;3;1;2
3;0;0;3;6;18;7;18;8;18;8;17;8;16;8;15;8;14;8;13;8;12;8;11;8;10;8;9;8;8;7;8;6;8;5;8;4;8;3;8;2;8;1;8;1;7;1;6;1;5;1;4;1;3;1;2;1;1
2;3;0;3;7;18;8;18;8;17;8;16;8;15;8;14;8;13;8;12;8;11;8;10;8;9;8;8;7;8;6;8;5;8;4;8;3;8;2;8;1;8;1;7;1;6;1;5;1;4;1;3;1;2;1;1;0;1
2;2;0;3;8;18;8;17;8;16;8;15;8;14;8;13;8;12;8;11;8;10;8;9;8;8;7;8;6;8;5;8;4;8;3;8;2;8;1;8;1;7;1;6;1;5;1;4;1;3;1;2;1;1;0;1;0;2
2;2;14;5;8;17;8;17;8;16;8;15;8;14;8;13;8;12;8;11;8;10;8;9;8;8;7;8;6;8;5;8;4;8;3;8;2;8;1;8;1;7;1;6;1;5;1;4;1;3;1;2;1;1;0;1;0;2;0;3
2;2;14;5;8;17;8;16;8;15;8;14;8;13;8;12;8;11;8;10;8;9;8;8;7;8;6;8;5;8;4;8;3;8;2;8;1;8;1;7;1;6;1;5;1;4;1;3;1;2;1;1;0;1;0;2;0;3;0;4
2;2;14;5;8;16;8;15;8;14;8;13;8;12;8;11;8;10;8;9;8;8;7;8;6;8;5;8;4;8;3;8;2;8;1;8;1;7;1;6;1;5;1;4;1;3;1;2;1;1;0;1;0;2;0;3;0;4;0;5
2;2;14;5;8;15;8;14;8;13;8;12;8;11;8;10;8;9;8;8;7;8;6;8;5;8;4;8;3;8;2;8;1;8;1;7;1;6;1;5;1;4;1;3;1;2;1;1;0;1;0;2;0;3;0;4;0;5;0;6
2;2;14;5;8;14;8;13;8;12;8;11;8;10;8;9;8;8;7;8;6;8;5;8;4;8;3;8;2;8;1;8;1;7;1;6;1;5;1;4;1;3;1;2;1;1;0;1;0;2;0;3;0;4;0;5;0;6;0;7
2;2;14;5;8;13;8;12;8;11;8;10;8;9;8;8;7;8;6;8;5;8;4;8;3;8;2;8;1;8;1;7;1;6;1;5;1;4;1;3;1;2;1;1;0;1;0;2;0;3;0;4;0;5;0;6;0;7;0;8
1;2;14;5;8;12;8;11;8;10;8;9;8;8;7;8;6;8;5;8;4;8;3;8;2;8;1;8;1;7;1;6;1;5;1;4;1;3;1;2;1;1;0;1;0;2;0;3;0;4;0;5;0;6;0;7;0;8;0;9
1;1;14;5;8;11;8;10;8;9;8;8;7;8;6;8;5;8;4;8;3;8;2;8;1;8;1;7;1;6;1;5;1;4;1;3;1;2;1;1;0;1;0;2;0;3;0;4;0;5;0;6;0;7;0;8;0;9;1;9
1;1;14;5;8;10;8;9;8;8;7;8;6;8;5;8;4;8;3;8;2;8;1;8;1;7;1;6;1;5;1;4;1;3;1;2;1;1;0;1;0;2;0;3;0;4;0;5;0;6;0;7;0;8;0;9;1;9;2;9
1;1;14;5;8;9;8;8;7;8;6;8;5;8;4;8;3;8;2;8;1;8;1;7;1;6;1;5;1;4;1;3;1;2;1;1;0;1;0;2;0;3;0;4;0;5;0;6;0;7;0;8;0;9;1;9;2;9;3;9
1;1;14;5;8;8;7;8;6;8;5;8;4;8;3;8;2;8;1;8;1;7;1;6;1;5;1;4;1;3;1;2;1;1;0;1;0;2;0;3;0;4;0;5;0;6;0;7;0;8;0;9;1;9;2;9;3;9;4;9
1;1;14;5;7;8;6;8;5;8;4;8;3;8;2;8;1;8;1;7;1;6;1;5;1;4;1;3;1;2;1;1;0;1;0;2;0;3;0;4;0;5;0;6;0;7;0;8;0;9;1;9;2;9;3;9;4;9;5;9
1;1;14;5;6;8;5;8;4;8;3;8;2;8;1;8;1;7;1;6;1;5;1;4;1;3;1;2;1;1;0;1;0;2;0;3;0;4;0;5;0;6;0;7;0;8;0;9;1;9;2;9;3;9;4;9;5;9;6;9
1;1;14;5;5;8;4;8;3;8;2;8;1;8;1;7;1;6;1;5;1;4;1;3;1;2;1;1;0;1;0;2;0;3;0;4;0;5;0;6;0;7;0;8;0;9;1;9;2;9;3;9;4;9;5;9;6;9;7;9
0;1;14;5;4;8;3;8;2;8;1;8;1;7;1;6;1;5;1;4;1;3;1;2;1;1;0;1;0;2;0;3;0;4;0;5;0;6;0;7;0;8;0;9;1;9;2;9;3;9;4;9;5;9;6;9;7;9;8;9
0;0;14;5;3;8;2;8;1;8;1;7;1;6;1;5;1;4;1;3;1;2;1;1;0;1;0;2;0;3;0;4;0;5;0;6;0;7;0;8;0;9;1;9;2;9;3;9;4;9;5;9;6;9;7;9;8;9;8;8
0;0;14;5;2;8;1;8;1;7;1;6;1;5;1;4;1;3;1;2;1;1;0;1;0;2;0;3;0;4;0;5;0;6;0;7;0;8;0;9;1;9;2;9;3;9;4;9;5;9;6;9;7;9;8;9;8;8;8;7
0;0;14;5;1;8;1;7;1;6;1;5;1;4;1;3;1;2;1;1;0;1;0;2;0;3;0;4;0;5;0;6;0;7;0;8;0;9;1;9;2;9;3;9;4;9;5;9;6;9;7;9;8;9;8;8;8;7;8;6
1;0;14;5;1;7;1;6;1;5;1;4;1;3;1;2;1;1;0;1;0;2;0;3;0;4;0;5;0;6;0;7;0;8;0;9;1;9;2;9;3;9;4;9;5;9;6;9;7;9;8;9;8;8;8;7;8;6;8;5
1;1;14;5;1;6;1;5;1;4;1;3;1;2;1;1;0;1;0;2;0;3;0;4;0;5;0;6;0;7;0;8;0;9;1;9;2;9;3;9;4;9;5;9;6;9;7;9;8;9;8;8;8;7;8;6;8;5;9;5
1;1;14;5;1;5;1;4;1;3;1;2;1;1;0;1;0;2;0;3;0;4;0;5;0;6;0;7;0;8;0;9;1;9;2;9;3;9;4;9;5;9;6;9;7;9;8;9;8;8;8;7;8;6;8;5;9;5;10;5
1;1;14;5;1;4;1;3;1;2;1;1;0;1;0;2;0;3;0;4;0;5;0;6;0;7;0;8;0;9;1;9;2;9;3;9;4;9;5;9;6;9;7;9;8;9;8;8;8;7;8;6;8;5;9;5;10;5;11;5
1;1;14;5;1;3;1;2;1;1;0;1;0;2;0;3;0;4;0;5;0;6;0;7;0;8;0;9;1;9;2;9;3;9;4;9;5;9;6;9;7;9;8;9;8;8;8;7;8;6;8;5;9;5;10;5;11;5;12;5
1;1;14;5;1;2;1;1;0;1;0;2;0;3;0;4;0;5;0;6;0;7;0;8;0;9;1;9;2;9;3;9;4;9;5;9;6;9;7;9;8;9;8;8;8;7;8;6;8;5;9;5;10;5;11;5;12;5;13;5
1;1;10;15;1;1;1;1;0;1;0;2;0;3;0;4;0;5;0;6;0;7;0;8;0;9;1;9;2;9;3;9;4;9;5;9;6;9;7;9;8;9;8;8;8;7;8;6;8;5;9;5;10;5;11;5;12;5;13;5;14;5
1;1;10;15;1;1;0;1;0;2;0;3;0;4;0;5;0;6;0;7;0;8;0;9;1;9;2;9;3;9;4;9;5;9;6;9;7;9;8;9;8;8;8;7;8;6;8;5;9;5;10;5;11;5;12;5;13;5;14;5;15;5
2;1;10;15;0;1;0;2;0;3;0;4;0;5;0;6;0;7;0;8;0;9;1;9;2;9;3;9;4;9;5;9;6;9;7;9;8;9;8;8;8;7;8;6;8;5;9;5;10;5;11;5;12;5;13;5;14;5;15;5;16;5
2;2;10;15;0;2;0;3;0;4;0;5;0;6;0;7;0;8;0;9;1;9;2;9;3;9;4;9;5;9;6;9;7;9;8;9;8;8;8;7;8;6;8;5;9;5;10;5;11;5;12;5;13;5;14;5;15;5;16;5;16;6
2;2;10;15;0;3;0;4;0;5;0;6;0;7;0;8;0;9;1;9;2;9;3;9;4;9;5;9;6;9;7;9;8;9;8;8;8;7;8;6;8;5;9;5;10;5;11;5;12;5;13;5;14;5;15;5;16;5;16;6;16;7
2;2;10;15;0;4;0;5;0;6;0;7;0;8;0;9;1;9;2;9;3;9;4;9;5;9;6;9;7;9;8;9;8;8;8;7;8;6;8;5;9;5;10;5;11;5;12;5;13;5;14;5;15;5;16;5;16;6;16;7;16;8
2;2;10;15;0;5;0;6;0;7;0;8;0;9;1;9;2;9;3;9;4;9;5;9;6;9;7;9;8;9;8;8;8;7;8;6;8;5;9;5;10;5;11;5;12;5;13;5;14;5;15;5;16;5;16;6;16;7;16;8;16;9
2;2;10;15;0;6;0;7;0;8;0;9;1;9;2;9;3;9;4;9;5;9;6;9;7;9;8;9;8;8;8;7;8;6;8;5;9;5;10;5;11;5;12;5;13;5;14;5;15;5;16;5;16;6;16;7;16;8;16;9;16;10
2;2;10;15;0;7;0;8;0;9;1;9;2;9;3;9;4;9;5;9;6;9;7;9;8;9;8;8;8;7;8;6;8;5;9;5;10;5;11;5;12;5;13;5;14;5;15;5;16;5;16;6;16;7;16;8;16;9;16;10;16;11
2;2;10;15;0;8;0;9;1;9;2;9;3;9;4;9;5;9;6;9;7;9;8;9;8;8;8;7;8;6;8;5;9;5;10;5;11;5;12;5;13;5;14;5;15;5;16;5;16;6;16;7;16;8;16;9;16;10;16;11;16;12
2;2;10;15;0;9;1;9;2;9;3;9;4;9;5;9;6;9;7;9;8;9;8;8;8;7;8;6;8;5;9;5;10;5;11;5;12;5;13;5;14;5;15;5;16;5;16;6;16;7;16;8;16;9;16;10;16;11;16;12;16;13
2;2;10;15;1;9;2;9;3;9;4;9;5;9;6;9;7;9;8;9;8;8;8;7;8;6;8;5;9;5;10;5;11;5;12;5;13;5;14;5;15;5;16;5;16;6;16;7;16;8;16;9;16;10;16;11;16;12;16;13;16;14
3;2;10;15;2;9;3;9;4;9;5;9;6;9;7;9;8;9;8;8;8;7;8;6;8;5;9;5;10;5;11;5;12;5;13;5;14;5;15;5;16;5;16;6;16;7;16;8;16;9;16;10;16;11;16;12;16;13;16;14;16;15
3;3;10;15;3;9;4;9;5;9;6;9;7;9;8;9;8;8;8;7;8;6;8;5;9;5;10;5;11;5;12;5;13;5;14;5;15;5;16;5;16;6;16;7;16;8;16;9;16;10;16;11;16;12;16;13;16;14;16;15;15;15
3;3;10;15;4;9;5;9;6;9;7;9;8;9;8;8;8;7;8;6;8;5;9;5;10;5;11;5;12;5;13;5;14;5;15;5;16;5;16;6;16;7;16;8;16;9;16;10;16;11;16;12;16;13;16;14;16;15;15;15;14;15
3;3;10;15;5;9;6;9;7;9;8;9;8;8;8;7;8;6;8;5;9;5;10;5;11;5;12;5;13;5;14;5;15;5;16;5;16;6;16;7;16;8;16;9;16;10;16;11;16;12;16;13;16;14;16;15;15;15;14;15;13;15
3;3;10;15;6;9;7;9;8;9;8;8;8;7;8;6;8;5;9;5;10;5;11;5;12;5;13;5;14;5;15;5;16;5;16;6;16;7;16;8;16;9;16;10;16;11;16;12;16;13;16;14;16;15;15;15;14;15;13;15;12;15
3;3;10;15;7;9;8;9;8;8;8;7;8;6;8;5;9;5;10;5;11;5;12;5;13;5;14;5;15;5;16;5;16;6;16;7;16;8;16;9;16;10;16;11;16;12;16;13;16;14;16;15;15;15;14;15;13;15;12;15;11;15
3;3;5;13;8;9;8;9;8;8;8;7;8;6;8;5;9;5;10;5;11;5;12;5;13;5;14;5;15;5;16;5;16;6;16;7;16;8;16;9;16;10;16;11;16;12;16;13;16;14;16;15;15;15;14;15;13;15;12;15;11;15;10;15
3;3;5;13;8;9;8;8;8;7;8;6;8;5;9;5;10;5;11;5;12;5;13;5;14;5;15;5;16;5;16;6;16;7;16;8;16;9;16;10;16;11;16;12;16;13;16;14;16;15;15;15;14;15;13;15;12;15;11;15;10;15;9;15
3;3;5;13;8;8;8;7;8;6;8;5;9;5;10;5;11;5;12;5;13;5;14;5;15;5;16;5;16;6;16;7;16;8;16;9;16;10;16;11;16;12;16;13;16;14;16;15;15;15;14;15;13;15;12;15;11;15;10;15;9;15;8;15
3;3;5;13;8;7;8;6;8;5;9;5;10;5;11;5;12;5;13;5;14;5;15;5;16;5;16;6;16;7;16;8;16;9;16;10;16;11;16;12;16;13;16;14;16;15;15;15;14;15;13;15;12;15;11;15;10;15;9;15;8;15;7;15
3;3;5;13;8;6;8;5;9;5;10;5;11;5;12;5;13;5;14;5;15;5;16;5;16;6;16;7;16;8;16;9;16;10;16;11;16;12;16;13;16;14;16;15;15;15;14;15;13;15;12;15;11;15;10;15;9;15;8;15;7;15;6;15
0;3;5;13;8;5;9;5;10;5;11;5;12;5;13;5;14;5;15;5;16;5;16;6;16;7;16;8;16;9;16;10;16;11;16;12;16;13;16;14;16;15;15;15;14;15;13;15;12;15;11;15;10;15;9;15;8;15;7;15;6;15;5;15
0;0;5;13;9;5;10;5;11;5;12;5;13;5;14;5;15;5;16;5;16;6;16;7;16;8;16;9;16;10;16;11;16;12;16;13;16;14;16;15;15;15;14;15;13;15;12;15;11;15;10;15;9;15;8;15;7;15;6;15;5;15;5;14
0;0;18;7;10;5;10;5;11;5;12;5;13;5;14;5;15;5;16;5;16;6;16;7;16;8;16;9;16;10;16;11;16;12;16;13;16;14;16;15;15;15;14;15;13;15;12;15;11;15;10;15;9;15;8;15;7;15;6;15;5;15;5;14;5;13
0;0;18;7;10;5;11;5;12;5;13;5;14;5;15;5;16;5;16;6;16;7;16;8;16;9;16;10;16;11;16;12;16;13;16;14;16;15;15;15;14;15;13;15;12;15;11;15;10;15;9;15;8;15;7;15;6;15;5;15;5;14;5;13;5;12
0;0;18;7;11;5;12;5;13;5;14;5;15;5;16;5;16;6;16;7;16;8;16;9;16;10;16;11;16;12;16;13;16;14;16;15;15;15;14;15;13;15;12;15;11;15;10;15;9;15;8;15;7;15;6;15;5;15;5;14;5;13;5;12;5;11
0;0;18;7;12;5;13;5;14;5;15;5;16;5;16;6;16;7;16;8;16;9;16;10;16;11;16;12;16;13;16;14;16;15;15;15;14;15;13;15;12;15;11;15;10;15;9;15;8;15;7;15;6;15;5;15;5;14;5;13;5;12;5;11;5;10
0;0;18;7;13;5;14;5;15;5;16;5;16;6;16;7;16;8;16;9;16;10;16;11;16;12;16;13;16;14;16;15;15;15;14;15;13;15;12;15;11;15;10;15;9;15;8;15;7;15;6;15;5;15;5;14;5;13;5;12;5;11;5;10;5;9
0;0;18;7;14;5;15;5;16;5;16;6;16;7;16;8;16;9;16;10;16;11;16;12;16;13;16;14;16;15;15;15;14;15;13;15;12;15;11;15;10;15;9;15;8;15;7;15;6;15;5;15;5;14;5;13;5;12;5;11;5;10;5;9;5;8
1;0;18;7;15;5;16;5;16;6;16;7;16;8;16;9;16;10;16;11;16;12;16;13;16;14;16;15;15;15;14;15;13;15;12;15;11;15;10;15;9;15;8;15;7;15;6;15;5;15;5;14;5;13;5;12;5;11;5;10;5;9;5;8;5;7
1;1;18;7;16;5;16;6;16;7;16;8;16;9;16;10;16;11;16;12;16;13;16;14;16;15;15;15;14;15;13;15;12;15;11;15;10;15;9;15;8;15;7;15;6;15;5;15;5;14;5;13;5;12;5;11;5;10;5;9;5;8;5;7;6;7
1;1;18;7;16;6;16;7;16;8;16;9;16;10;16;11;16;12;16;13;16;14;16;15;15;15;14;15;13;15;12;15;11;15;10;15;9;15;8;15;7;15;6;15;5;15;5;14;5;13;5;12;5;11;5;10;5;9;5;8;5;7;6;7;7;7
1;1;18;7;16;7;16;8;16;9;16;10;16;11;16;12;16;13;16;14;16;15;15;15;14;15;13;15;12;15;11;15;10;15;9;15;8;15;7;15;6;15;5;15;5;14;5;13;5;12;5;11;5;10;5;9;5;8;5;7;6;7;7;7;8;7
1;1;18;7;16;8;16;9;16;10;16;11;16;12;16;13;16;14;16;15;15;15;14;15;13;15;12;15;11;15;10;15;9;15;8;15;7;15;6;15;5;15;5;14;5;13;5;12;5;11;5;10;5;9;5;8;5;7;6;7;7;7;8;7;9;7
1;1;18;7;16;9;16;10;16;11;16;12;16;13;16;14;16;15;15;15;14;15;13;15;12;15;11;15;10;15;9;15;8;15;7;15;6;15;5;15;5;14;5;13;5;12;5;11;5;10;5;9;5;8;5;7;6;7;7;7;8;7;9;7;10;7
1;1;18;7;16;10;16;11;16;12;16;13;16;14;16;15;15;15;14;15;13;15;12;15;11;15;10;15;9;15;8;15;7;15;6;15;5;15;5;14;5;13;5;12;5;11;5;10;5;9;5;8;5;7;6;7;7;7;8;7;9;7;10;7;11;7
1;1;18;7;16;11;16;12;16;13;16;14;16;15;15;15;14;15;13;15;12;15;11;15;10;15;9;15;8;15;7;15;6;15;5;15;5;14;5;13;5;12;5;11;5;10;5;9;5;8;5;7;6;7;7;7;8;7;9;7;10;7;11;7;12;7
1;1;18;7;16;12;16;13;16;14;16;15;15;15;14;15;13;15;12;15;11;15;10;15;9;15;8;15;7;15;6;15;5;15;5;14;5;13;5;12;5;11;5;10;5;9;5;8;5;7;6;7;7;7;8;7;9;7;10;7;11;7;12;7;13;7
1;1;18;7;16;13;16;14;16;15;15;15;14;15;13;15;12;15;11;15;10;15;9;15;8;15;7;15;6;15;5;15;5;14;5;13;5;12;5;11;5;10;5;9;5;8;5;7;6;7;7;7;8;7;9;7;10;7;11;7;12;7;13;7;14;7
1;1;18;7;16;14;16;15;15;15;14;15;13;15;12;15;11;15;10;15;9;15;8;15;7;15;6;15;5;15;5;14;5;13;5;12;5;11;5;10;5;9;5;8;5;7;6;7;7;7;8;7;9;7;10;7;11;7;12;7;13;7;14;7;15;7
1;1;18;7;16;15;15;15;14;15;13;15;12;15;11;15;10;15;9;15;8;15;7;15;6;15;5;15;5;14;5;13;5;12;5;11;5;10;5;9;5;8;5;7;6;7;7;7;8;7;9;7;10;7;11;7;12;7;13;7;14;7;15;7;16;7
1;1;18;7;15;15;14;15;13;15;12;15;11;15;10;15;9;15;8;15;7;15;6;15;5;15;5;14;5;13;5;12;5;11;5;10;5;9;5;8;5;7;6;7;7;7;8;7;9;7;10;7;11;7;12;7;13;7;14;7;15;7;16;7;17;7
0;1;14;9;14;15;14;15;13;15;12;15;11;15;10;15;9;15;8;15;7;15;6;15;5;15;5;14;5;13;5;12;5;11;5;10;5;9;5;8;5;7;6;7;7;7;8;7;9;7;10;7;11;7;12;7;13;7;14;7;15;7;16;7;17;7;18;7
0;0;14;9;14;15;13;15;12;15;11;15;10;15;9;15;8;15;7;15;6;15;5;15;5;14;5;13;5;12;5;11;5;10;5;9;5;8;5;7;6;7;7;7;8;7;9;7;10;7;11;7;12;7;13;7;14;7;15;7;16;7;17;7;18;7;18;6
0;0;14;9;13;15;12;15;11;15;10;15;9;15;8;15;7;15;6;15;5;15;5;14;5;13;5;12;5;11;5;10;5;9;5;8;5;7;6;7;7;7;8;7;9;7;10;7;11;7;12;7;13;7;14;7;15;7;16;7;17;7;18;7;18;6;18;5
3;0;14;9;12;15;11;15;10;15;9;15;8;15;7;15;6;15;5;15;5;14;5;13;5;12;5;11;5;10;5;9;5;8;5;7;6;7;7;7;8;7;9;7;10;7;11;7;12;7;13;7;14;7;15;7;16;7;17;7;18;7;18;6;18;5;18;4
3;3;14;9;11;15;10;15;9;15;8;15;7;15;6;15;5;15;5;14;5;13;5;12;5;11;5;10;5;9;5;8;5;7;6;7;7;7;8;7;9;7;10;7;11;7;12;7;13;7;14;7;15;7;16;7;17;7;18;7;18;6;18;5;18;4;17;4
3;3;14;9;10;15;9;15;8;15;7;15;6;15;5;15;5;14;5;13;5;12;5;11;5;10;5;9;5;8;5;7;6;7;7;7;8;7;9;7;10;7;11;7;12;7;13;7;14;7;15;7;16;7;17;7;18;7;18;6;18;5;18;4;17;4;16;4
3;3;14;9;9;15;8;15;7;15;6;15;5;15;5;14;5;13;5;12;5;11;5;10;5;9;5;8;5;7;6;7;7;7;8;7;9;7;10;7;11;7;12;7;13;7;14;7;15;7;16;7;17;7;18;7;18;6;18;5;18;4;17;4;16;4;15;4
3;3;14;9;8;15;7;15;6;15;5;15;5;14;5;13;5;12;5;11;5;10;5;9;5;8;5;7;6;7;7;7;8;7;9;7;10;7;11;7;12;7;13;7;14;7;15;7;16;7;17;7;18;7;18;6;18;5;18;4;17;4;16;4;15;4;14;4
3;3;14;9;7;15;6;15;5;15;5;14;5;13;5;12;5;11;5;10;5;9;5;8;5;7;6;7;7;7;8;7;9;7;10;7;11;7;12;7;13;7;14;7;15;7;16;7;17;7;18;7;18;6;18;5;18;4;17;4;16;4;15;4;14;4;13;4
3;3;14;9;6;15;5;15;5;14;5;13;5;12;5;11;5;10;5;9;5;8;5;7;6;7;7;7;8;7;9;7;10;7;11;7;12;7;13;7;14;7;15;7;16;7;17;7;18;7;18;6;18;5;18;4;17;4;16;4;15;4;14;4;13;4;12;4
3;3;14;9;5;15;5;14;5;13;5;12;5;11;5;10;5;9;5;8;5;7;6;7;7;7;8;7;9;7;10;7;11;7;12;7;13;7;14;7;15;7;16;7;17;7;18;7;18;6;18;5;18;4;17;4;16;4;15;4;14;4;13;4;12;4;11;4
3;3;14;9;5;14;5;13;5;12;5;11;5;10;5;9;5;8;5;7;6;7;7;7;8;7;9;7;10;7;11;7;12;7;13;7;14;7;15;7;16;7;17;7;18;7;18;6;18;5;18;4;17;4;16;4;15;4;14;4;13;4;12;4;11;4;10;4
3;3;14;9;5;13;5;12;5;11;5;10;5;9;5;8;5;7;6;7;7;7;8;7;9;7;10;7;11;7;12;7;13;7;14;7;15;7;16;7;17;7;18;7;18;6;18;5;18;4;17;4;16;4;15;4;14;4;13;4;12;4;11;4;10;4;9;4
3;3;14;9;5;12;5;11;5;10;5;9;5;8;5;7;6;7;7;7;8;7;9;7;10;7;11;7;12;7;13;7;14;7;15;7;16;7;17;7;18;7;18;6;18;5;18;4;17;4;16;4;15;4;14;4;13;4;12;4;11;4;10;4;9;4;8;4
3;3;14;9;5;11;5;10;5;9;5;8;5;7;6;7;7;7;8;7;9;7;10;7;11;7;12;7;13;7;14;7;15;7;16;7;17;7;18;7;18;6;18;5;18;4;17;4;16;4;15;4;14;4;13;4;12;4;11;4;10;4;9;4;8;4;7;4
3;3;14;9;5;10;5;9;5;8;5;7;6;7;7;7;8;7;9;7;10;7;11;7;12;7;13;7;14;7;15;7;16;7;17;7;18;7;18;6;18;5;18;4;17;4;16;4;15;4;14;4;13;4;12;4;11;4;10;4;9;4;8;4;7;4;6;4
3;3;14;9;5;9;5;8;5;7;6;7;7;7;8;7;9;7;10;7;11;7;12;7;13;7;14;7;15;7;16;7;17;7;18;7;18;6;18;5;18;4;17;4;16;4;15;4;14;4;13;4;12;4;11;4;10;4;9;4;8;4;7;4;6;4;5;4
2;3;14;9;5;8;5;7;6;7;7;7;8;7;9;7;10;7;11;7;12;7;13;7;14;7;15;7;16;7;17;7;18;7;18;6;18;5;18;4;17;4;16;4;15;4;14;4;13;4;12;4;11;4;10;4;9;4;8;4;7;4;6;4;5;4;4;4
2;2;14;9;5;7;6;7;7;7;8;7;9;7;10;7;11;7;12;7;13;7;14;7;15;7;16;7;17;7;18;7;18;6;18;5;18;4;17;4;16;4;15;4;14;4;13;4;12;4;11;4;10;4;9;4;8;4;7;4;6;4;5;4;4;4;4;5
2;2;14;9;6;7;7;7;8;7;9;7;10;7;11;7;12;7;13;7;14;7;15;7;16;7;17;7;18;7;18;6;18;5;18;4;17;4;16;4;15;4;14;4;13;4;12;4;11;4;10;4;9;4;8;4;7;4;6;4;5;4;4;4;4;5;4;6
2;2;14;9;7;7;8;7;9;7;10;7;11;7;12;7;13;7;14;7;15;7;16;7;17;7;18;7;18;6;18;5;18;4;17;4;16;4;15;4;14;4;13;4;12;4;11;4;10;4;9;4;8;4;7;4;6;4;5;4;4;4;4;5;4;6;4;7
1;2;14;9;8;7;9;7;10;7;11;7;12;7;13;7;14;7;15;7;16;7;17;7;18;7;18;6;18;5;18;4;17;4;16;4;15;4;14;4;13;4;12;4;11;4;10;4;9;4;8;4;7;4;6;4;5;4;4;4;4;5;4;6;4;7;4;8
1;1;14;9;9;7;10;7;11;7;12;7;13;7;14;7;15;7;16;7;17;7;18;7;18;6;18;5;18;4;17;4;16;4;15;4;14;4;13;4;12;4;11;4;10;4;9;4;8;4;7;4;6;4;5;4;4;4;4;5;4;6;4;7;4;8;5;8
1;1;14;9;10;7;11;7;12;7;13;7;14;7;15;7;16;7;17;7;18;7;18;6;18;5;18;4;17;4;16;4;15;4;14;4;13;4;12;4;11;4;10;4;9;4;8;4;7;4;6;4;5;4;4;4;4;5;4;6;4;7;4;8;5;8;6;8
1;1;14;9;11;7;12;7;13;7;14;7;15;7;16;7;17;7;18;7;18;6;18;5;18;4;17;4;16;4;15;4;14;4;13;4;12;4;11;4;10;4;9;4;8;4;7;4;6;4;5;4;4;4;4;5;4;6;4;7;4;8;5;8;6;8;7;8
1;1;14;9;12;7;13;7;14;7;15;7;16;7;17;7;18;7;18;6;18;5;18;4;17;4;16;4;15;4;14;4;13;4;12;4;11;4;10;4;9;4;8;4;7;4;6;4;5;4;4;4;4;5;4;6;4;7;4;8;5;8;6;8;7;8;8;8
1;1;14;9;13;7;14;7;15;7;16;7;17;7;18;7;18;6;18;5;18;4;17;4;16;4;15;4;14;4;13;4;12;4;11;4;10;4;9;4;8;4;7;4;6;4;5;4;4;4;4;5;4;6;4;7;4;8;5;8;6;8;7;8;8;8;9;8
1;1;14;9;14;7;15;7;16;7;17;7;18;7;18;6;18;5;18;4;17;4;16;4;15;4;14;4;13;4;12;4;11;4;10;4;9;4;8;4;7;4;6;4;5;4;4;4;4;5;4;6;4;7;4;8;5;8;6;8;7;8;8;8;9;8;10;8
1;1;14;9;15;7;16;7;17;7;18;7;18;6;18;5;18;4;17;4;16;4;15;4;14;4;13;4;12;4;11;4;10;4;9;4;8;4;7;4;6;4;5;4;4;4;4;5;4;6;4;7;4;8;5;8;6;8;7;8;8;8;9;8;10;8;11;8
1;1;14;9;16;7;17;7;18;7;18;6;18;5;18;4;17;4;16;4;15;4;14;4;13;4;12;4;11;4;10;4;9;4;8;4;7;4;6;4;5;4;4;4;4;5;4;6;4;7;4;8;5;8;6;8;7;8;8;8;9;8;10;8;11;8;12;8
1;1;14;9;17;7;18;7;18;6;18;5;18;4;17;4;16;4;15;4;14;4;13;4;12;4;11;4;10;4;9;4;8;4;7;4;6;4;5;4;4;4;4;5;4;6;4;7;4;8;5;8;6;8;7;8;8;8;9;8;10;8;11;8;12;8;13;8
2;1;14;9;18;7;18;6;18;5;18;4;17;4;16;4;15;4;14;4;13;4;12;4;11;4;10;4;9;4;8;4;7;4;6;4;5;4;4;4;4;5;4;6;4;7;4;8;5;8;6;8;7;8;8;8;9;8;10;8;11;8;12;8;13;8;14;8
2;2;14;3;18;6;18;6;18;5;18;4;17;4;16;4;15;4;14;4;13;4;12;4;11;4;10;4;9;4;8;4;7;4;6;4;5;4;4;4;4;5;4;6;4;7;4;8;5;8;6;8;7;8;8;8;9;8;10;8;11;8;12;8;13;8;14;8;14;9
2;2;14;3;18;6;18;5;18;4;17;4;16;4;15;4;14;4;13;4;12;4;11;4;10;4;9;4;8;4;7;4;6;4;5;4;4;4;4;5;4;6;4;7;4;8;5;8;6;8;7;8;8;8;9;8;10;8;11;8;12;8;13;8;14;8;14;9;14;10
2;2;14;3;18;5;18;4;17;4;16;4;15;4;14;4;13;4;12;4;11;4;10;4;9;4;8;4;7;4;6;4;5;4;4;4;4;5;4;6;4;7;4;8;5;8;6;8;7;8;8;8;9;8;10;8;11;8;12;8;13;8;14;8;14;9;14;10;14;11
2;2;14;3;18;4;17;4;16;4;15;4;14;4;13;4;12;4;11;4;10;4;9;4;8;4;7;4;6;4;5;4;4;4;4;5;4;6;4;7;4;8;5;8;6;8;7;8;8;8;9;8;10;8;11;8;12;8;13;8;14;8;14;9;14;10;14;11;14;12
1;2;14;3;17;4;16;4;15;4;14;4;13;4;12;4;11;4;10;4;9;4;8;4;7;4;6;4;5;4;4;4;4;5;4;6;4;7;4;8;5;8;6;8;7;8;8;8;9;8;10;8;11;8;12;8;13;8;14;8;14;9;14;10;14;11;14;12;14;13
0;1;14;3;16;4;15;4;14;4;13;4;12;4;11;4;10;4;9;4;8;4;7;4;6;4;5;4;4;4;4;5;4;6;4;7;4;8;5;8;6;8;7;8;8;8;9;8;10;8;11;8;12;8;13;8;14;8;14;9;14;10;14;11;14;12;14;13;15;13
0;0;14;3;15;4;14;4;13;4;12;4;11;4;10;4;9;4;8;4;7;4;6;4;5;4;4;4;4;5;4;6;4;7;4;8;5;8;6;8;7;8;8;8;9;8;10;8;11;8;12;8;13;8;14;8;14;9;14;10;14;11;14;12;14;13;15;13;15;12
0;0;14;3;14;4;13;4;12;4;11;4;10;4;9;4;8;4;7;4;6;4;5;4;4;4;4;5;4;6;4;7;4;8;5;8;6;8;7;8;8;8;9;8;10;8;11;8;12;8;13;8;14;8;14;9;14;10;14;11;14;12;14;13;15;13;15;12;15;11
0;0;14;3;13;4;12;4;11;4;10;4;9;4;8;4;7;4;6;4;5;4;4;4;4;5;4;6;4;7;4;8;5;8;6;8;7;8;8;8;9;8;10;8;11;8;12;8;13;8;14;8;14;9;14;10;14;11;14;12;14;13;15;13;15;12;15;11;15;10
0;0;14;3;12;4;11;4;10;4;9;4;8;4;7;4;6;4;5;4;4;4;4;5;4;6;4;7;4;8;5;8;6;8;7;8;8;8;9;8;10;8;11;8;12;8;13;8;14;8;14;9;14;10;14;11;14;12;14;13;15;13;15;12;15;11;15;10;15;9
0;0;14;3;11;4;10;4;9;4;8;4;7;4;6;4;5;4;4;4;4;5;4;6;4;7;4;8;5;8;6;8;7;8;8;8;9;8;10;8;11;8;12;8;13;8;14;8;14;9;14;10;14;11;14;12;14;13;15;13;15;12;15;11;15;10;15;9;15;8
0;0;14;3;10;4;9;4;8;4;7;4;6;4;5;4;4;4;4;5;4;6;4;7;4;8;5;8;6;8;7;8;8;8;9;8;10;8;11;8;12;8;13;8;14;8;14;9;14;10;14;11;14;12;14;13;15;13;15;12;15;11;15;10;15;9;15;8;15;7
0;0;14;3;9;4;8;4;7;4;6;4;5;4;4;4;4;5;4;6;4;7;4;8;5;8;6;8;7;8;8;8;9;8;10;8;11;8;12;8;13;8;14;8;14;9;14;10;14;11;14;12;14;13;15;13;15;12;15;11;15;10;15;9;15;8;15;7;15;6
0;0;14;3;8;4;7;4;6;4;5;4;4;4;4;5;4;6;4;7;4;8;5;8;6;8;7;8;8;8;9;8;10;8;11;8;12;8;13;8;14;8;14;9;14;10;14;11;14;12;14;13;15;13;15;12;15;11;15;10;15;9;15;8;15;7;15;6;15;5
0;0;14;3;7;4;6;4;5;4;4;4;4;5;4;6;4;7;4;8;5;8;6;8;7;8;8;8;9;8;10;8;11;8;12;8;13;8;14;8;14;9;14;10;14;11;14;12;14;13;15;13;15;12;15;11;15;10;15;9;15;8;15;7;15;6;15;5;15;4
3;0;14;3;6;4;5;4;4;4;4;5;4;6;4;7;4;8;5;8;6;8;7;8;8;8;9;8;10;8;11;8;12;8;13;8;14;8;14;9;14;10;14;11;14;12;14;13;15;13;15;12;15;11;15;10;15;9;15;8;15;7;15;6;15;5;15;4;15;3
3;3;4;11;5;4;5;4;4;4;4;5;4;6;4;7;4;8;5;8;6;8;7;8;8;8;9;8;10;8;11;8;12;8;13;8;14;8;14;9;14;10;14;11;14;12;14;13;15;13;15;12;15;11;15;10;15;9;15;8;15;7;15;6;15;5;15;4;15;3;14;3
3;3;4;11;5;4;4;4;4;5;4;6;4;7;4;8;5;8;6;8;7;8;8;8;9;8;10;8;11;8;12;8;13;8;14;8;14;9;14;10;14;11;14;12;14;13;15;13;15;12;15;11;15;10;15;9;15;8;15;7;15;6;15;5;15;4;15;3;14;3;13;3
3;3;4;11;4;4;4;5;4;6;4;7;4;8;5;8;6;8;7;8;8;8;9;8;10;8;11;8;12;8;13;8;14;8;14;9;14;10;14;11;14;12;14;13;15;13;15;12;15;11;15;10;15;9;15;8;15;7;15;6;15;5;15;4;15;3;14;3;13;3;12;3
3;3;4;11;4;5;4;6;4;7;4;8;5;8;6;8;7;8;8;8;9;8;10;8;11;8;12;8;13;8;14;8;14;9;14;10;14;11;14;12;14;13;15;13;15;12;15;11;15;10;15;9;15;8;15;7;15;6;15;5;15;4;15;3;14;3;13;3;12;3;11;3
3;3;4;11;4;6;4;7;4;8;5;8;6;8;7;8;8;8;9;8;10;8;11;8;12;8;13;8;14;8;14;9;14;10;14;11;14;12;14;13;15;13;15;12;15;11;15;10;15;9;15;8;15;7;15;6;15;5;15;4;15;3;14;3;13;3;12;3;11;3;10;3
3;3;4;11;4;7;4;8;5;8;6;8;7;8;8;8;9;8;10;8;11;8;12;8;13;8;14;8;14;9;14;10;14;11;14;12;14;13;15;13;15;12;15;11;15;10;15;9;15;8;15;7;15;6;15;5;15;4;15;3;14;3;13;3;12;3;11;3;10;3;9;3
3;3;4;11;4;8;5;8;6;8;7;8;8;8;9;8;10;8;11;8;12;8;13;8;14;8;14;9;14;10;14;11;14;12;14;13;15;13;15;12;15;11;15;10;15;9;15;8;15;7;15;6;15;5;15;4;15;3;14;3;13;3;12;3;11;3;10;3;9;3;8;3
3;3;4;11;5;8;6;8;7;8;8;8;9;8;10;8;11;8;12;8;13;8;14;8;14;9;14;10;14;11;14;12;14;13;15;13;15;12;15;11;15;10;15;9;15;8;15;7;15;6;15;5;15;4;15;3;14;3;13;3;12;3;11;3;10;3;9;3;8;3;7;3
3;3;4;11;6;8;7;8;8;8;9;8;10;8;11;8;12;8;13;8;14;8;14;9;14;10;14;11;14;12;14;13;15;13;15;12;15;11;15;10;15;9;15;8;15;7;15;6;15;5;15;4;15;3;14;3;13;3;12;3;11;3;10;3;9;3;8;3;7;3;6;3
3;3;4;11;7;8;8;8;9;8;10;8;11;8;12;8;13;8;14;8;14;9;14;10;14;11;14;12;14;13;15;13;15;12;15;11;15;10;15;9;15;8;15;7;15;6;15;5;15;4;15;3;14;3;13;3;12;3;11;3;10;3;9;3;8;3;7;3;6;3;5;3
2;3;4;11;8;8;9;8;10;8;11;8;12;8;13;8;14;8;14;9;14;10;14;11;14;12;14;13;15;13;15;12;15;11;15;10;15;9;15;8;15;7;15;6;15;5;15;4;15;3;14;3;13;3;12;3;11;3;10;3;9;3;8;3;7;3;6;3;5;3;4;3
2;2;4;11;9;8;10;8;11;8;12;8;13;8;14;8;14;9;14;10;14;11;14;12;14;13;15;13;15;12;15;11;15;10;15;9;15;8;15;7;15;6;15;5;15;4;15;3;14;3;13;3;12;3;11;3;10;3;9;3;8;3;7;3;6;3;5;3;4;3;4;4
2;2;4;11;10;8;11;8;12;8;13;8;14;8;14;9;14;10;14;11;14;12;14;13;15;13;15;12;15;11;15;10;15;9;15;8;15;7;15;6;15;5;15;4;15;3;14;3;13;3;12;3;11;3;10;3;9;3;8;3;7;3;6;3;5;3;4;3;4;4;4;5
2;2;4;11;11;8;12;8;13;8;14;8;14;9;14;10;14;11;14;12;14;13;15;13;15;12;15;11;15;10;15;9;15;8;15;7;15;6;15;5;15;4;15;3;14;3;13;3;12;3;11;3;10;3;9;3;8;3;7;3;6;3;5;3;4;3;4;4;4;5;4;6
2;2;4;11;12;8;13;8;14;8;14;9;14;10;14;11;14;12;14;13;15;13;15;12;15;11;15;10;15;9;15;8;15;7;15;6;15;5;15;4;15;3;14;3;13;3;12;3;11;3;10;3;9;3;8;3;7;3;6;3;5;3;4;3;4;4;4;5;4;6;4;7
2;2;4;11;13;8;14;8;14;9;14;10;14;11;14;12;14;13;15;13;15;12;15;11;15;10;15;9;15;8;15;7;15;6;15;5;15;4;15;3;14;3;13;3;12;3;11;3;10;3;9;3;8;3;7;3;6;3;5;3;4;3;4;4;4;5;4;6;4;7;4;8
2;2;4;11;14;8;14;9;14;10;14;11;14;12;14;13;15;13;15;12;15;11;15;10;15;9;15;8;15;7;15;6;15;5;15;4;15;3;14;3;13;3;12;3;11;3;10;3;9;3;8;3;7;3;6;3;5;3;4;3;4;4;4;5;4;6;4;7;4;8;4;9
2;2;4;11;14;9;14;10;14;11;14;12;14;13;15;13;15;12;15;11;15;10;15;9;15;8;15;7;15;6;15;5;15;4;15;3;14;3;13;3;12;3;11;3;10;3;9;3;8;3;7;3;6;3;5;3;4;3;4;4;4;5;4;6;4;7;4;8;4;9;4;10
2;2;1;5;14;10;14;10;14;11;14;12;14;13;15;13;15;12;15;11;15;10;15;9;15;8;15;7;15;6;15;5;15;4;15;3;14;3;13;3;12;3;11;3;10;3;9;3;8;3;7;3;6;3;5;3;4;3;4;4;4;5;4;6;4;7;4;8;4;9;4;10;4;11
2;2;1;5;14;10;14;11;14;12;14;13;15;13;15;12;15;11;15;10;15;9;15;8;15;7;15;6;15;5;15;4;15;3;14;3;13;3;12;3;11;3;10;3;9;3;8;3;7;3;6;3;5;3;4;3;4;4;4;5;4;6;4;7;4;8;4;9;4;10;4;11;4;12
2;2;1;5;14;11;14;12;14;13;15;13;15;12;15;11;15;10;15;9;15;8;15;7;15;6;15;5;15;4;15;3;14;3;13;3;12;3;11;3;10;3;9;3;8;3;7;3;6;3;5;3;4;3;4;4;4;5;4;6;4;7;4;8;4;9;4;10;4;11;4;12;4;13
2;2;1;5;14;12;14;13;15;13;15;12;15;11;15;10;15;9;15;8;15;7;15;6;15;5;15;4;15;3;14;3;13;3;12;3;11;3;10;3;9;3;8;3;7;3;6;3;5;3;4;3;4;4;4;5;4;6;4;7;4;8;4;9;4;10;4;11;4;12;4;13;4;14
3;2;1;5;14;13;15;13;15;12;15;11;15;10;15;9;15;8;15;7;15;6;15;5;15;4;15;3;14;3;13;3;12;3;11;3;10;3;9;3;8;3;7;3;6;3;5;3;4;3;4;4;4;5;4;6;4;7;4;8;4;9;4;10;4;11;4;12;4;13;4;14;4;15
3;3;1;5;15;13;15;12;15;11;15;10;15;9;15;8;15;7;15;6;15;5;15;4;15;3;14;3;13;3;12;3;11;3;10;3;9;3;8;3;7;3;6;3;5;3;4;3;4;4;4;5;4;6;4;7;4;8;4;9;4;10;4;11;4;12;4;13;4;14;4;15;3;15
0;3;1;5;15;12;15;11;15;10;15;9;15;8;15;7;15;6;15;5;15;4;15;3;14;3;13;3;12;3;11;3;10;3;9;3;8;3;7;3;6;3;5;3;4;3;4;4;4;5;4;6;4;7;4;8;4;9;4;10;4;11;4;12;4;13;4;14;4;15;3;15;2;15
0;0;1;5;15;11;15;10;15;9;15;8;15;7;15;6;15;5;15;4;15;3;14;3;13;3;12;3;11;3;10;3;9;3;8;3;7;3;6;3;5;3;4;3;4;4;4;5;4;6;4;7;4;8;4;9;4;10;4;11;4;12;4;13;4;14;4;15;3;15;2;15;2;14
0;0;1;5;15;10;15;9;15;8;15;7;15;6;15;5;15;4;15;3;14;3;13;3;12;3;11;3;10;3;9;3;8;3;7;3;6;3;5;3;4;3;4;4;4;5;4;6;4;7;4;8;4;9;4;10;4;11;4;12;4;13;4;14;4;15;3;15;2;15;2;14;2;13
0;0;1;5;15;9;15;8;15;7;15;6;15;5;15;4;15;3;14;3;13;3;12;3;11;3;10;3;9;3;8;3;7;3;6;3;5;3;4;3;4;4;4;5;4;6;4;7;4;8;4;9;4;10;4;11;4;12;4;13;4;14;4;15;3;15;2;15;2;14;2;13;2;12
0;0;1;5;15;8;15;7;15;6;15;5;15;4;15;3;14;3;13;3;12;3;11;3;10;3;9;3;8;3;7;3;6;3;5;3;4;3;4;4;4;5;4;6;4;7;4;8;4;9;4;10;4;11;4;12;4;13;4;14;4;15;3;15;2;15;2;14;2;13;2;12;2;11
0;0;1;5;15;7;15;6;15;5;15;4;15;3;14;3;13;3;12;3;11;3;10;3;9;3;8;3;7;3;6;3;5;3;4;3;4;4;4;5;4;6;4;7;4;8;4;9;4;10;4;11;4;12;4;13;4;14;4;15;3;15;2;15;2;14;2;13;2;12;2;11;2;10
0;0;1;5;15;6;15;5;15;4;15;3;14;3;13;3;12;3;11;3;10;3;9;3;8;3;7;3;6;3;5;3;4;3;4;4;4;5;4;6;4;7;4;8;4;9;4;10;4;11;4;12;4;13;4;14;4;15;3;15;2;15;2;14;2;13;2;12;2;11;2;10;2;9
0;0;1;5;15;5;15;4;15;3;14;3;13;3;12;3;11;3;10;3;9;3;8;3;7;3;6;3;5;3;4;3;4;4;4;5;4;6;4;7;4;8;4;9;4;10;4;11;4;12;4;13;4;14;4;15;3;15;2;15;2;14;2;13;2;12;2;11;2;10;2;9;2;8
0;0;1;5;15;4;15;3;14;3;13;3;12;3;11;3;10;3;9;3;8;3;7;3;6;3;5;3;4;3;4;4;4;5;4;6;4;7;4;8;4;9;4;10;4;11;4;12;4;13;4;14;4;15;3;15;2;15;2;14;2;13;2;12;2;11;2;10;2;9;2;8;2;7
0;0;1;5;15;3;14;3;13;3;12;3;11;3;10;3;9;3;8;3;7;3;6;3;5;3;4;3;4;4;4;5;4;6;4;7;4;8;4;9;4;10;4;11;4;12;4;13;4;14;4;15;3;15;2;15;2;14;2;13;2;12;2;11;2;10;2;9;2;8;2;7;2;6
3;0;1;5;14;3;13;3;12;3;11;3;10;3;9;3;8;3;7;3;6;3;5;3;4;3;4;4;4;5;4;6;4;7;4;8;4;9;4;10;4;11;4;12;4;13;4;14;4;15;3;15;2;15;2;14;2;13;2;12;2;11;2;10;2;9;2;8;2;7;2;6;2;5
2;3;0;11;13;3;13;3;12;3;11;3;10;3;9;3;8;3;7;3;6;3;5;3;4;3;4;4;4;5;4;6;4;7;4;8;4;9;4;10;4;11;4;12;4;13;4;14;4;15;3;15;2;15;2;14;2;13;2;12;2;11;2;10;2;9;2;8;2;7;2;6;2;5;1;5
2;2;0;11;13;3;12;3;11;3;10;3;9;3;8;3;7;3;6;3;5;3;4;3;4;4;4;5;4;6;4;7;4;8;4;9;4;10;4;11;4;12;4;13;4;14;4;15;3;15;2;15;2;14;2;13;2;12;2;11;2;10;2;9;2;8;2;7;2;6;2;5;1;5;1;6
2;2;0;11;12;3;11;3;10;3;9;3;8;3;7;3;6;3;5;3;4;3;4;4;4;5;4;6;4;7;4;8;4;9;4;10;4;11;4;12;4;13;4;14;4;15;3;15;2;15;2;14;2;13;2;12;2;11;2;10;2;9;2;8;2;7;2;6;2;5;1;5;1;6;1;7
2;2;0;11;11;3;10;3;9;3;8;3;7;3;6;3;5;3;4;3;4;4;4;5;4;6;4;7;4;8;4;9;4;10;4;11;4;12;4;13;4;14;4;15;3;15;2;15;2;14;2;13;2;12;2;11;2;10;2;9;2;8;2;7;2;6;2;5;1;5;1;6;1;7;1;8
2;2;0;11;10;3;9;3;8;3;7;3;6;3;5;3;4;3;4;4;4;5;4;6;4;7;4;8;4;9;4;10;4;11;4;12;4;13;4;14;4;15;3;15;2;15;2;14;2;13;2;12;2;11;2;10;2;9;2;8;2;7;2;6;2;5;1;5;1;6;1;7;1;8;1;9
2;2;0;11;9;3;8;3;7;3;6;3;5;3;4;3;4;4;4;5;4;6;4;7;4;8;4;9;4;10;4;11;4;12;4;13;4;14;4;15;3;15;2;15;2;14;2;13;2;12;2;11;2;10;2;9;2;8;2;7;2;6;2;5;1;5;1;6;1;7;1;8;1;9;1;10
2;2;0;11;8;3;7;3;6;3;5;3;4;3;4;4;4;5;4;6;4;7;4;8;4;9;4;10;4;11;4;12;4;13;4;14;4;15;3;15;2;15;2;14;2;13;2;12;2;11;2;10;2;9;2;8;2;7;2;6;2;5;1;5;1;6;1;7;1;8;1;9;1;10;1;11
2;2;0;11;7;3;6;3;5;3;4;3;4;4;4;5;4;6;4;7;4;8;4;9;4;10;4;11;4;12;4;13;4;14;4;15;3;15;2;15;2;14;2;13;2;12;2;11;2;10;2;9;2;8;2;7;2;6;2;5;1;5;1;6;1;7;1;8;1;9;1;10;1;11;1;12
2;2;0;11;6;3;5;3;4;3;4;4;4;5;4;6;4;7;4;8;4;9;4;10;4;11;4;12;4;13;4;14;4;15;3;15;2;15;2;14;2;13;2;12;2;11;2;10;2;9;2;8;2;7;2;6;2;5;1;5;1;6;1;7;1;8;1;9;1;10;1;11;1;12;1;13
2;2;0;11;5;3;4;3;4;4;4;5;4;6;4;7;4;8;4;9;4;10;4;11;4;12;4;13;4;14;4;15;3;15;2;15;2;14;2;13;2;12;2;11;2;10;2;9;2;8;2;7;2;6;2;5;1;5;1;6;1;7;1;8;1;9;1;10;1;11;1;12;1;13;1;14
3;2;0;11;4;3;4;4;4;5;4;6;4;7;4;8;4;9;4;10;4;11;4;12;4;13;4;14;4;15;3;15;2;15;2;14;2;13;2;12;2;11;2;10;2;9;2;8;2;7;2;6;2;5;1;5;1;6;1;7;1;8;1;9;1;10;1;11;1;12;1;13;1;14;1;15
3;3;0;11;4;4;4;5;4;6;4;7;4;8;4;9;4;10;4;11;4;12;4;13;4;14;4;15;3;15;2;15;2;14;2;13;2;12;2;11;2;10;2;9;2;8;2;7;2;6;2;5;1;5;1;6;1;7;1;8;1;9;1;10;1;11;1;12;1;13;1;14;1;15;0;15
