20
1;1;5;9;8;10;9;10;10;10
1;1;5;9;9;10;10;10;11;10
1;1;5;9;10;10;11;10;12;10
1;1;5;9;11;10;12;10;13;10
1;1;5;9;12;10;13;10;14;10
1;1;5;9;13;10;14;10;15;10
1;1;5;9;14;10;15;10;16;10
1;1;5;9;15;10;16;10;17;10
0;1;5;9;16;10;17;10;18;10
0;0;5;9;17;10;18;10;18;9
3;0;5;9;18;10;18;9;18;8
3;3;5;9;18;9;18;8;17;8
3;3;5;9;18;8;17;8;16;8
3;3;5;9;17;8;16;8;15;8
3;3;5;9;16;8;15;8;14;8
3;3;5;9;15;8;14;8;13;8
3;3;5;9;14;8;13;8;12;8
3;3;5;9;13;8;12;8;11;8
3;3;5;9;12;8;11;8;10;8
3;3;5;9;11;8;10;8;9;8
3;3;5;9;10;8;9;8;8;8
3;3;5;9;9;8;8;8;7;8
3;3;5;9;8;8;7;8;6;8
2;3;5;9;7;8;6;8;5;8
2;2;11;19;6;8;6;8;5;8;5;9
2;2;11;19;6;8;5;8;5;9;5;10
2;2;11;19;5;8;5;9;5;10;5;11
1;2;11;19;5;9;5;10;5;11;5;12
1;1;11;19;5;10;5;11;5;12;6;12
1;1;11;19;5;11;5;12;6;12;7;12
1;1;11;19;5;12;6;12;7;12;8;12
2;1;11;19;6;12;7;12;8;12;9;12
2;2;11;19;7;12;8;12;9;12;9;13
2;2;11;19;8;12;9;12;9;13;9;14
2;2;11;19;9;12;9;13;9;14;9;15
2;2;11;19;9;13;9;14;9;15;9;16
2;2;11;19;9;14;9;15;9;16;9;17
2;2;11;19;9;15;9;16;9;17;9;18
1;2;11;19;9;16;9;17;9;18;9;19
1;1;11;19;9;17;9;18;9;19;10;19
1;1;13;10;9;18;9;18;9;19;10;19;11;19
1;1;13;10;9;18;9;19;10;19;11;19;12;19
1;1;13;10;9;19;10;19;11;19;12;19;13;19
1;1;13;10;10;19;11;19;12;19;13;19;14;19
0;1;13;10;11;19;12;19;13;19;14;19;15;19
0;0;13;10;12;19;13;19;14;19;15;19;15;18
0;0;13;10;13;19;14;19;15;19;15;18;15;17
0;0;13;10;14;19;15;19;15;18;15;17;15;16
0;0;13;10;15;19;15;18;15;17;15;16;15;15
0;0;13;10;15;18;15;17;15;16;15;15;15;14
0;0;13;10;15;17;15;16;15;15;15;14;15;13
0;0;13;10;15;16;15;15;15;14;15;13;15;12
0;0;13;10;15;15;15;14;15;13;15;12;15;11
0;0;13;10;15;14;15;13;15;12;15;11;15;10
3;0;13;10;15;13;15;12;15;11;15;10;15;9
3;3;13;10;15;12;15;11;15;10;15;9;14;9
3;3;13;10;15;11;15;10;15;9;14;9;13;9
3;3;13;10;15;10;15;9;14;9;13;9;12;9
3;3;13;10;15;9;14;9;13;9;12;9;11;9
3;3;13;10;14;9;13;9;12;9;11;9;10;9
3;3;13;10;13;9;12;9;11;9;10;9;9;9
2;3;13;10;12;9;11;9;10;9;9;9;8;9
2;2;13;10;11;9;10;9;9;9;8;9;8;10
1;2;13;10;10;9;9;9;8;9;8;10;8;11
1;1;13;10;9;9;8;9;8;10;8;11;9;11
1;1;13;10;8;9;8;10;8;11;9;11;10;11
1;1;13;10;8;10;8;11;9;11;10;11;11;11
1;1;13;10;8;11;9;11;10;11;11;11;12;11
0;1;13;10;9;11;10;11;11;11;12;11;13;11
0;0;7;4;10;11;10;11;11;11;12;11;13;11;13;10
0;0;7;4;10;11;11;11;12;11;13;11;13;10;13;9
3;0;7;4;11;11;12;11;13;11;13;10;13;9;13;8
3;3;7;4;12;11;13;11;13;10;13;9;13;8;12;8
3;3;7;4;13;11;13;10;13;9;13;8;12;8;11;8
3;3;7;4;13;10;13;9;13;8;12;8;11;8;10;8
3;3;7;4;13;9;13;8;12;8;11;8;10;8;9;8
0;3;7;4;13;8;12;8;11;8;10;8;9;8;8;8
0;0;7;4;12;8;11;8;10;8;9;8;8;8;8;7
0;0;7;4;11;8;10;8;9;8;8;8;8;7;8;6
0;0;7;4;10;8;9;8;8;8;8;7;8;6;8;5
3;0;7;4;9;8;8;8;8;7;8;6;8;5;8;4
3;3;8;9;8;8;8;8;8;7;8;6;8;5;8;4;7;4
3;3;8;9;8;8;8;7;8;6;8;5;8;4;7;4;6;4
3;3;8;9;8;7;8;6;8;5;8;4;7;4;6;4;5;4
3;3;8;9;8;6;8;5;8;4;7;4;6;4;5;4;4;4
2;3;8;9;8;5;8;4;7;4;6;4;5;4;4;4;3;4
2;2;8;9;8;4;7;4;6;4;5;4;4;4;3;4;3;5
2;2;8;9;7;4;6;4;5;4;4;4;3;4;3;5;3;6
2;2;8;9;6;4;5;4;4;4;3;4;3;5;3;6;3;7
2;2;8;9;5;4;4;4;3;4;3;5;3;6;3;7;3;8
1;2;8;9;4;4;3;4;3;5;3;6;3;7;3;8;3;9
1;1;8;9;3;4;3;5;3;6;3;7;3;8;3;9;4;9
1;1;8;9;3;5;3;6;3;7;3;8;3;9;4;9;5;9
1;1;8;9;3;6;3;7;3;8;3;9;4;9;5;9;6;9
1;1;8;9;3;7;3;8;3;9;4;9;5;9;6;9;7;9
1;1;6;8;3;8;3;8;3;9;4;9;5;9;6;9;7;9;8;9
1;1;6;8;3;8;3;9;4;9;5;9;6;9;7;9;8;9;9;9
2;1;6;8;3;9;4;9;5;9;6;9;7;9;8;9;9;9;10;9
2;2;6;8;4;9;5;9;6;9;7;9;8;9;9;9;10;9;10;10
2;2;6;8;5;9;6;9;7;9;8;9;9;9;10;9;10;10;10;11
2;2;6;8;6;9;7;9;8;9;9;9;10;9;10;10;10;11;10;12
2;2;6;8;7;9;8;9;9;9;10;9;10;10;10;11;10;12;10;13
3;2;6;8;8;9;9;9;10;9;10;10;10;11;10;12;10;13;10;14
3;3;6;8;9;9;10;9;10;10;10;11;10;12;10;13;10;14;9;14
3;3;6;8;10;9;10;10;10;11;10;12;10;13;10;14;9;14;8;14
3;3;6;8;10;10;10;11;10;12;10;13;10;14;9;14;8;14;7;14
0;3;6;8;10;11;10;12;10;13;10;14;9;14;8;14;7;14;6;14
0;0;6;8;10;12;10;13;10;14;9;14;8;14;7;14;6;14;6;13
0;0;6;8;10;13;10;14;9;14;8;14;7;14;6;14;6;13;6;12
0;0;6;8;10;14;9;14;8;14;7;14;6;14;6;13;6;12;6;11
0;0;6;8;9;14;8;14;7;14;6;14;6;13;6;12;6;11;6;10
0;0;6;8;8;14;7;14;6;14;6;13;6;12;6;11;6;10;6;9
0;0;19;6;7;14;7;14;6;14;6;13;6;12;6;11;6;10;6;9;6;8
0;0;19;6;7;14;6;14;6;13;6;12;6;11;6;10;6;9;6;8;6;7
1;0;19;6;6;14;6;13;6;12;6;11;6;10;6;9;6;8;6;7;6;6
1;1;19;6;6;13;6;12;6;11;6;10;6;9;6;8;6;7;6;6;7;6
1;1;19;6;6;12;6;11;6;10;6;9;6;8;6;7;6;6;7;6;8;6
1;1;19;6;6;11;6;10;6;9;6;8;6;7;6;6;7;6;8;6;9;6
1;1;19;6;6;10;6;9;6;8;6;7;6;6;7;6;8;6;9;6;10;6
1;1;19;6;6;9;6;8;6;7;6;6;7;6;8;6;9;6;10;6;11;6
1;1;19;6;6;8;6;7;6;6;7;6;8;6;9;6;10;6;11;6;12;6
1;1;19;6;6;7;6;6;7;6;8;6;9;6;10;6;11;6;12;6;13;6
1;1;19;6;6;6;7;6;8;6;9;6;10;6;11;6;12;6;13;6;14;6
1;1;19;6;7;6;8;6;9;6;10;6;11;6;12;6;13;6;14;6;15;6
1;1;19;6;8;6;9;6;10;6;11;6;12;6;13;6;14;6;15;6;16;6
1;1;19;6;9;6;10;6;11;6;12;6;13;6;14;6;15;6;16;6;17;6
0;1;19;6;10;6;11;6;12;6;13;6;14;6;15;6;16;6;17;6;18;6
0;0;19;6;11;6;12;6;13;6;14;6;15;6;16;6;17;6;18;6;18;5
0;0;19;6;12;6;13;6;14;6;15;6;16;6;17;6;18;6;18;5;18;4
0;0;19;6;13;6;14;6;15;6;16;6;17;6;18;6;18;5;18;4;18;3
3;0;19;6;14;6;15;6;16;6;17;6;18;6;18;5;18;4;18;3;18;2
3;3;19;6;15;6;16;6;17;6;18;6;18;5;18;4;18;3;18;2;17;2
3;3;19;6;16;6;17;6;18;6;18;5;18;4;18;3;18;2;17;2;16;2
3;3;19;6;17;6;18;6;18;5;18;4;18;3;18;2;17;2;16;2;15;2
3;3;19;6;18;6;18;5;18;4;18;3;18;2;17;2;16;2;15;2;14;2
3;3;19;6;18;5;18;4;18;3;18;2;17;2;16;2;15;2;14;2;13;2
3;3;19;6;18;4;18;3;18;2;17;2;16;2;15;2;14;2;13;2;12;2
2;3;19;6;18;3;18;2;17;2;16;2;15;2;14;2;13;2;12;2;11;2
2;2;19;6;18;2;17;2;16;2;15;2;14;2;13;2;12;2;11;2;11;3
1;2;19;6;17;2;16;2;15;2;14;2;13;2;12;2;11;2;11;3;11;4
1;1;19;6;16;2;15;2;14;2;13;2;12;2;11;2;11;3;11;4;12;4
1;1;19;6;15;2;14;2;13;2;12;2;11;2;11;3;11;4;12;4;13;4
1;1;19;6;14;2;13;2;12;2;11;2;11;3;11;4;12;4;13;4;14;4
1;1;19;6;13;2;12;2;11;2;11;3;11;4;12;4;13;4;14;4;15;4
1;1;19;6;12;2;11;2;11;3;11;4;12;4;13;4;14;4;15;4;16;4
1;1;19;6;11;2;11;3;11;4;12;4;13;4;14;4;15;4;16;4;17;4
1;1;19;6;11;3;11;4;12;4;13;4;14;4;15;4;16;4;17;4;18;4
2;1;19;6;11;4;12;4;13;4;14;4;15;4;16;4;17;4;18;4;19;4
2;2;19;6;12;4;13;4;14;4;15;4;16;4;17;4;18;4;19;4;19;5
2;2;5;18;13;4;13;4;14;4;15;4;16;4;17;4;18;4;19;4;19;5;19;6
2;2;5;18;13;4;14;4;15;4;16;4;17;4;18;4;19;4;19;5;19;6;19;7
2;2;5;18;14;4;15;4;16;4;17;4;18;4;19;4;19;5;19;6;19;7;19;8
2;2;5;18;15;4;16;4;17;4;18;4;19;4;19;5;19;6;19;7;19;8;19;9
3;2;5;18;16;4;17;4;18;4;19;4;19;5;19;6;19;7;19;8;19;9;19;10
3;3;5;18;17;4;18;4;19;4;19;5;19;6;19;7;19;8;19;9;19;10;18;10
3;3;5;18;18;4;19;4;19;5;19;6;19;7;19;8;19;9;19;10;18;10;17;10
2;3;5;18;19;4;19;5;19;6;19;7;19;8;19;9;19;10;18;10;17;10;16;10
2;2;5;18;19;5;19;6;19;7;19;8;19;9;19;10;18;10;17;10;16;10;16;11
2;2;5;18;19;6;19;7;19;8;19;9;19;10;18;10;17;10;16;10;16;11;16;12
2;2;5;18;19;7;19;8;19;9;19;10;18;10;17;10;16;10;16;11;16;12;16;13
2;2;5;18;19;8;19;9;19;10;18;10;17;10;16;10;16;11;16;12;16;13;16;14
2;2;5;18;19;9;19;10;18;10;17;10;16;10;16;11;16;12;16;13;16;14;16;15
2;2;5;18;19;10;18;10;17;10;16;10;16;11;16;12;16;13;16;14;16;15;16;16
2;2;5;18;18;10;17;10;16;10;16;11;16;12;16;13;16;14;16;15;16;16;16;17
3;2;5;18;17;10;16;10;16;11;16;12;16;13;16;14;16;15;16;16;16;17;16;18
3;3;5;18;16;10;16;11;16;12;16;13;16;14;16;15;16;16;16;17;16;18;15;18
3;3;5;18;16;11;16;12;16;13;16;14;16;15;16;16;16;17;16;18;15;18;14;18
3;3;5;18;16;12;16;13;16;14;16;15;16;16;16;17;16;18;15;18;14;18;13;18
3;3;5;18;16;13;16;14;16;15;16;16;16;17;16;18;15;18;14;18;13;18;12;18
3;3;5;18;16;14;16;15;16;16;16;17;16;18;15;18;14;18;13;18;12;18;11;18
3;3;5;18;16;15;16;16;16;17;16;18;15;18;14;18;13;18;12;18;11;18;10;18
3;3;5;18;16;16;16;17;16;18;15;18;14;18;13;18;12;18;11;18;10;18;9;18
3;3;5;18;16;17;16;18;15;18;14;18;13;18;12;18;11;18;10;18;9;18;8;18
3;3;5;18;16;18;15;18;14;18;13;18;12;18;11;18;10;18;9;18;8;18;7;18
3;3;5;18;15;18;14;18;13;18;12;18;11;18;10;18;9;18;8;18;7;18;6;18
3;3;12;6;14;18;14;18;13;18;12;18;11;18;10;18;9;18;8;18;7;18;6;18;5;18
0;3;12;6;14;18;13;18;12;18;11;18;10;18;9;18;8;18;7;18;6;18;5;18;4;18
0;0;12;6;13;18;12;18;11;18;10;18;9;18;8;18;7;18;6;18;5;18;4;18;4;17
0;0;12;6;12;18;11;18;10;18;9;18;8;18;7;18;6;18;5;18;4;18;4;17;4;16
1;0;12;6;11;18;10;18;9;18;8;18;7;18;6;18;5;18;4;18;4;17;4;16;4;15
1;1;12;6;10;18;9;18;8;18;7;18;6;18;5;18;4;18;4;17;4;16;4;15;5;15
1;1;12;6;9;18;8;18;7;18;6;18;5;18;4;18;4;17;4;16;4;15;5;15;6;15
0;1;12;6;8;18;7;18;6;18;5;18;4;18;4;17;4;16;4;15;5;15;6;15;7;15
0;0;12;6;7;18;6;18;5;18;4;18;4;17;4;16;4;15;5;15;6;15;7;15;7;14
0;0;12;6;6;18;5;18;4;18;4;17;4;16;4;15;5;15;6;15;7;15;7;14;7;13
0;0;12;6;5;18;4;18;4;17;4;16;4;15;5;15;6;15;7;15;7;14;7;13;7;12
0;0;12;6;4;18;4;17;4;16;4;15;5;15;6;15;7;15;7;14;7;13;7;12;7;11
0;0;12;6;4;17;4;16;4;15;5;15;6;15;7;15;7;14;7;13;7;12;7;11;7;10
0;0;12;6;4;16;4;15;5;15;6;15;7;15;7;14;7;13;7;12;7;11;7;10;7;9
0;0;12;6;4;15;5;15;6;15;7;15;7;14;7;13;7;12;7;11;7;10;7;9;7;8
1;0;12;6;5;15;6;15;7;15;7;14;7;13;7;12;7;11;7;10;7;9;7;8;7;7
1;1;12;6;6;15;7;15;7;14;7;13;7;12;7;11;7;10;7;9;7;8;7;7;8;7
1;1;12;6;7;15;7;14;7;13;7;12;7;11;7;10;7;9;7;8;7;7;8;7;9;7
1;1;12;6;7;14;7;13;7;12;7;11;7;10;7;9;7;8;7;7;8;7;9;7;10;7
1;1;12;6;7;13;7;12;7;11;7;10;7;9;7;8;7;7;8;7;9;7;10;7;11;7
1;1;12;6;7;12;7;11;7;10;7;9;7;8;7;7;8;7;9;7;10;7;11;7;12;7
0;1;12;6;7;11;7;10;7;9;7;8;7;7;8;7;9;7;10;7;11;7;12;7;13;7
0;0;12;6;7;10;7;9;7;8;7;7;8;7;9;7;10;7;11;7;12;7;13;7;13;6
0;0;12;6;7;9;7;8;7;7;8;7;9;7;10;7;11;7;12;7;13;7;13;6;13;5
0;0;12;6;7;8;7;7;8;7;9;7;10;7;11;7;12;7;13;7;13;6;13;5;13;4
3;0;12;6;7;7;8;7;9;7;10;7;11;7;12;7;13;7;13;6;13;5;13;4;13;3
3;3;12;6;8;7;9;7;10;7;11;7;12;7;13;7;13;6;13;5;13;4;13;3;12;3
3;3;12;6;9;7;10;7;11;7;12;7;13;7;13;6;13;5;13;4;13;3;12;3;11;3
3;3;12;6;10;7;11;7;12;7;13;7;13;6;13;5;13;4;13;3;12;3;11;3;10;3
3;3;12;6;11;7;12;7;13;7;13;6;13;5;13;4;13;3;12;3;11;3;10;3;9;3
3;3;12;6;12;7;13;7;13;6;13;5;13;4;13;3;12;3;11;3;10;3;9;3;8;3
3;3;12;6;13;7;13;6;13;5;13;4;13;3;12;3;11;3;10;3;9;3;8;3;7;3
2;3;12;6;13;6;13;5;13;4;13;3;12;3;11;3;10;3;9;3;8;3;7;3;6;3
2;2;12;6;13;5;13;4;13;3;12;3;11;3;10;3;9;3;8;3;7;3;6;3;6;4
1;2;12;6;13;4;13;3;12;3;11;3;10;3;9;3;8;3;7;3;6;3;6;4;6;5
1;1;12;6;13;3;12;3;11;3;10;3;9;3;8;3;7;3;6;3;6;4;6;5;7;5
1;1;12;6;12;3;11;3;10;3;9;3;8;3;7;3;6;3;6;4;6;5;7;5;8;5
1;1;12;6;11;3;10;3;9;3;8;3;7;3;6;3;6;4;6;5;7;5;8;5;9;5
1;1;12;6;10;3;9;3;8;3;7;3;6;3;6;4;6;5;7;5;8;5;9;5;10;5
1;1;12;6;9;3;8;3;7;3;6;3;6;4;6;5;7;5;8;5;9;5;10;5;11;5
2;1;12;6;8;3;7;3;6;3;6;4;6;5;7;5;8;5;9;5;10;5;11;5;12;5
2;2;2;5;7;3;7;3;6;3;6;4;6;5;7;5;8;5;9;5;10;5;11;5;12;5;12;6
2;2;2;5;7;3;6;3;6;4;6;5;7;5;8;5;9;5;10;5;11;5;12;5;12;6;12;7
2;2;2;5;6;3;6;4;6;5;7;5;8;5;9;5;10;5;11;5;12;5;12;6;12;7;12;8
2;2;2;5;6;4;6;5;7;5;8;5;9;5;10;5;11;5;12;5;12;6;12;7;12;8;12;9
2;2;2;5;6;5;7;5;8;5;9;5;10;5;11;5;12;5;12;6;12;7;12;8;12;9;12;10
2;2;2;5;7;5;8;5;9;5;10;5;11;5;12;5;12;6;12;7;12;8;12;9;12;10;12;11
2;2;2;5;8;5;9;5;10;5;11;5;12;5;12;6;12;7;12;8;12;9;12;10;12;11;12;12
3;2;2;5;9;5;10;5;11;5;12;5;12;6;12;7;12;8;12;9;12;10;12;11;12;12;12;13
3;3;2;5;10;5;11;5;12;5;12;6;12;7;12;8;12;9;12;10;12;11;12;12;12;13;11;13
3;3;2;5;11;5;12;5;12;6;12;7;12;8;12;9;12;10;12;11;12;12;12;13;11;13;10;13
3;3;2;5;12;5;12;6;12;7;12;8;12;9;12;10;12;11;12;12;12;13;11;13;10;13;9;13
3;3;2;5;12;6;12;7;12;8;12;9;12;10;12;11;12;12;12;13;11;13;10;13;9;13;8;13
3;3;2;5;12;7;12;8;12;9;12;10;12;11;12;12;12;13;11;13;10;13;9;13;8;13;7;13
3;3;2;5;12;8;12;9;12;10;12;11;12;12;12;13;11;13;10;13;9;13;8;13;7;13;6;13
3;3;2;5;12;9;12;10;12;11;12;12;12;13;11;13;10;13;9;13;8;13;7;13;6;13;5;13
3;3;2;5;12;10;12;11;12;12;12;13;11;13;10;13;9;13;8;13;7;13;6;13;5;13;4;13
0;3;2;5;12;11;12;12;12;13;11;13;10;13;9;13;8;13;7;13;6;13;5;13;4;13;3;13
0;0;2;5;12;12;12;13;11;13;10;13;9;13;8;13;7;13;6;13;5;13;4;13;3;13;3;12
0;0;2;5;12;13;11;13;10;13;9;13;8;13;7;13;6;13;5;13;4;13;3;13;3;12;3;11
0;0;2;5;11;13;10;13;9;13;8;13;7;13;6;13;5;13;4;13;3;13;3;12;3;11;3;10
3;0;2;5;10;13;9;13;8;13;7;13;6;13;5;13;4;13;3;13;3;12;3;11;3;10;3;9
3;3;2;5;9;13;8;13;7;13;6;13;5;13;4;13;3;13;3;12;3;11;3;10;3;9;2;9
0;3;2;5;8;13;7;13;6;13;5;13;4;13;3;13;3;12;3;11;3;10;3;9;2;9;1;9
0;0;2;5;7;13;6;13;5;13;4;13;3;13;3;12;3;11;3;10;3;9;2;9;1;9;1;8
0;0;2;5;6;13;5;13;4;13;3;13;3;12;3;11;3;10;3;9;2;9;1;9;1;8;1;7
0;0;2;5;5;13;4;13;3;13;3;12;3;11;3;10;3;9;2;9;1;9;1;8;1;7;1;6
1;0;2;5;4;13;3;13;3;12;3;11;3;10;3;9;2;9;1;9;1;8;1;7;1;6;1;5
1;1;18;13;3;13;3;13;3;12;3;11;3;10;3;9;2;9;1;9;1;8;1;7;1;6;1;5;2;5
1;1;18;13;3;13;3;12;3;11;3;10;3;9;2;9;1;9;1;8;1;7;1;6;1;5;2;5;3;5
1;1;18;13;3;12;3;11;3;10;3;9;2;9;1;9;1;8;1;7;1;6;1;5;2;5;3;5;4;5
1;1;18;13;3;11;3;10;3;9;2;9;1;9;1;8;1;7;1;6;1;5;2;5;3;5;4;5;5;5
1;1;18;13;3;10;3;9;2;9;1;9;1;8;1;7;1;6;1;5;2;5;3;5;4;5;5;5;6;5
1;1;18;13;3;9;2;9;1;9;1;8;1;7;1;6;1;5;2;5;3;5;4;5;5;5;6;5;7;5
1;1;18;13;2;9;1;9;1;8;1;7;1;6;1;5;2;5;3;5;4;5;5;5;6;5;7;5;8;5
1;1;18;13;1;9;1;8;1;7;1;6;1;5;2;5;3;5;4;5;5;5;6;5;7;5;8;5;9;5
1;1;18;13;1;8;1;7;1;6;1;5;2;5;3;5;4;5;5;5;6;5;7;5;8;5;9;5;10;5
1;1;18;13;1;7;1;6;1;5;2;5;3;5;4;5;5;5;6;5;7;5;8;5;9;5;10;5;11;5
1;1;18;13;1;6;1;5;2;5;3;5;4;5;5;5;6;5;7;5;8;5;9;5;10;5;11;5;12;5
1;1;18;13;1;5;2;5;3;5;4;5;5;5;6;5;7;5;8;5;9;5;10;5;11;5;12;5;13;5
1;1;18;13;2;5;3;5;4;5;5;5;6;5;7;5;8;5;9;5;10;5;11;5;12;5;13;5;14;5
1;1;18;13;3;5;4;5;5;5;6;5;7;5;8;5;9;5;10;5;11;5;12;5;13;5;14;5;15;5
1;1;18;13;4;5;5;5;6;5;7;5;8;5;9;5;10;5;11;5;12;5;13;5;14;5;15;5;16;5
1;1;18;13;5;5;6;5;7;5;8;5;9;5;10;5;11;5;12;5;13;5;14;5;15;5;16;5;17;5
2;1;18;13;6;5;7;5;8;5;9;5;10;5;11;5;12;5;13;5;14;5;15;5;16;5;17;5;18;5
2;2;18;13;7;5;8;5;9;5;10;5;11;5;12;5;13;5;14;5;15;5;16;5;17;5;18;5;18;6
2;2;18;13;8;5;9;5;10;5;11;5;12;5;13;5;14;5;15;5;16;5;17;5;18;5;18;6;18;7
2;2;18;13;9;5;10;5;11;5;12;5;13;5;14;5;15;5;16;5;17;5;18;5;18;6;18;7;18;8
2;2;18;13;10;5;11;5;12;5;13;5;14;5;15;5;16;5;17;5;18;5;18;6;18;7;18;8;18;9
2;2;18;13;11;5;12;5;13;5;14;5;15;5;16;5;17;5;18;5;18;6;18;7;18;8;18;9;18;10
2;2;18;13;12;5;13;5;14;5;15;5;16;5;17;5;18;5;18;6;18;7;18;8;18;9;18;10;18;11
2;2;18;13;13;5;14;5;15;5;16;5;17;5;18;5;18;6;18;7;18;8;18;9;18;10;18;11;18;12
2;2;18;16;14;5;14;5;15;5;16;5;17;5;18;5;18;6;18;7;18;8;18;9;18;10;18;11;18;12;18;13
2;2;18;16;14;5;15;5;16;5;17;5;18;5;18;6;18;7;18;8;18;9;18;10;18;11;18;12;18;13;18;14
2;2;18;16;15;5;16;5;17;5;18;5;18;6;18;7;18;8;18;9;18;10;18;11;18;12;18;13;18;14;18;15
2;2;5;19;16;5;16;5;17;5;18;5;18;6;18;7;18;8;18;9;18;10;18;11;18;12;18;13;18;14;18;15;18;16
2;2;5;19;16;5;17;5;18;5;18;6;18;7;18;8;18;9;18;10;18;11;18;12;18;13;18;14;18;15;18;16;18;17
2;2;5;19;17;5;18;5;18;6;18;7;18;8;18;9;18;10;18;11;18;12;18;13;18;14;18;15;18;16;18;17;18;18
3;2;5;19;18;5;18;6;18;7;18;8;18;9;18;10;18;11;18;12;18;13;18;14;18;15;18;16;18;17;18;18;18;19
3;3;5;19;18;6;18;7;18;8;18;9;18;10;18;11;18;12;18;13;18;14;18;15;18;16;18;17;18;18;18;19;17;19
3;3;5;19;18;7;18;8;18;9;18;10;18;11;18;12;18;13;18;14;18;15;18;16;18;17;18;18;18;19;17;19;16;19
3;3;5;19;18;8;18;9;18;10;18;11;18;12;18;13;18;14;18;15;18;16;18;17;18;18;18;19;17;19;16;19;15;19
3;3;5;19;18;9;18;10;18;11;18;12;18;13;18;14;18;15;18;16;18;17;18;18;18;19;17;19;16;19;15;19;14;19
3;3;5;19;18;10;18;11;18;12;18;13;18;14;18;15;18;16;18;17;18;18;18;19;17;19;16;19;15;19;14;19;13;19
3;3;5;19;18;11;18;12;18;13;18;14;18;15;18;16;18;17;18;18;18;19;17;19;16;19;15;19;14;19;13;19;12;19
3;3;5;19;18;12;18;13;18;14;18;15;18;16;18;17;18;18;18;19;17;19;16;19;15;19;14;19;13;19;12;19;11;19
3;3;5;19;18;13;18;14;18;15;18;16;18;17;18;18;18;19;17;19;16;19;15;19;14;19;13;19;12;19;11;19;10;19
3;3;5;19;18;14;18;15;18;16;18;17;18;18;18;19;17;19;16;19;15;19;14;19;13;19;12;19;11;19;10;19;9;19
3;3;5;19;18;15;18;16;18;17;18;18;18;19;17;19;16;19;15;19;14;19;13;19;12;19;11;19;10;19;9;19;8;19
3;3;5;19;18;16;18;17;18;18;18;19;17;19;16;19;15;19;14;19;13;19;12;19;11;19;10;19;9;19;8;19;7;19
3;3;5;19;18;17;18;18;18;19;17;19;16;19;15;19;14;19;13;19;12;19;11;19;10;19;9;19;8;19;7;19;6;19
3;3;2;6;18;18;18;18;18;19;17;19;16;19;15;19;14;19;13;19;12;19;11;19;10;19;9;19;8;19;7;19;6;19;5;19
3;3;2;6;18;18;18;19;17;19;16;19;15;19;14;19;13;19;12;19;11;19;10;19;9;19;8;19;7;19;6;19;5;19;4;19
3;3;2;6;18;19;17;19;16;19;15;19;14;19;13;19;12;19;11;19;10;19;9;19;8;19;7;19;6;19;5;19;4;19;3;19
3;3;2;6;17;19;16;19;15;19;14;19;13;19;12;19;11;19;10;19;9;19;8;19;7;19;6;19;5;19;4;19;3;19;2;19
0;3;2;6;16;19;15;19;14;19;13;19;12;19;11;19;10;19;9;19;8;19;7;19;6;19;5;19;4;19;3;19;2;19;1;19
0;0;2;6;15;19;14;19;13;19;12;19;11;19;10;19;9;19;8;19;7;19;6;19;5;19;4;19;3;19;2;19;1;19;1;18
0;0;2;6;14;19;13;19;12;19;11;19;10;19;9;19;8;19;7;19;6;19;5;19;4;19;3;19;2;19;1;19;1;18;1;17
0;0;2;6;13;19;12;19;11;19;10;19;9;19;8;19;7;19;6;19;5;19;4;19;3;19;2;19;1;19;1;18;1;17;1;16
0;0;2;6;12;19;11;19;10;19;9;19;8;19;7;19;6;19;5;19;4;19;3;19;2;19;1;19;1;18;1;17;1;16;1;15
0;0;2;6;11;19;10;19;9;19;8;19;7;19;6;19;5;19;4;19;3;19;2;19;1;19;1;18;1;17;1;16;1;15;1;14
0;0;2;6;10;19;9;19;8;19;7;19;6;19;5;19;4;19;3;19;2;19;1;19;1;18;1;17;1;16;1;15;1;14;1;13
0;0;2;6;9;19;8;19;7;19;6;19;5;19;4;19;3;19;2;19;1;19;1;18;1;17;1;16;1;15;1;14;1;13;1;12
0;0;2;6;8;19;7;19;6;19;5;19;4;19;3;19;2;19;1;19;1;18;1;17;1;16;1;15;1;14;1;13;1;12;1;11
0;0;2;6;7;19;6;19;5;19;4;19;3;19;2;19;1;19;1;18;1;17;1;16;1;15;1;14;1;13;1;12;1;11;1;10
0;0;2;6;6;19;5;19;4;19;3;19;2;19;1;19;1;18;1;17;1;16;1;15;1;14;1;13;1;12;1;11;1;10;1;9
0;0;2;6;5;19;4;19;3;19;2;19;1;19;1;18;1;17;1;16;1;15;1;14;1;13;1;12;1;11;1;10;1;9;1;8
0;0;2;6;4;19;3;19;2;19;1;19;1;18;1;17;1;16;1;15;1;14;1;13;1;12;1;11;1;10;1;9;1;8;1;7
1;0;2;6;3;19;2;19;1;19;1;18;1;17;1;16;1;15;1;14;1;13;1;12;1;11;1;10;1;9;1;8;1;7;1;6
1;1;17;14;2;19;2;19;1;19;1;18;1;17;1;16;1;15;1;14;1;13;1;12;1;11;1;10;1;9;1;8;1;7;1;6;2;6
1;1;17;14;2;19;1;19;1;18;1;17;1;16;1;15;1;14;1;13;1;12;1;11;1;10;1;9;1;8;1;7;1;6;2;6;3;6
1;1;17;14;1;19;1;18;1;17;1;16;1;15;1;14;1;13;1;12;1;11;1;10;1;9;1;8;1;7;1;6;2;6;3;6;4;6
1;1;17;14;1;18;1;17;1;16;1;15;1;14;1;13;1;12;1;11;1;10;1;9;1;8;1;7;1;6;2;6;3;6;4;6;5;6
1;1;17;14;1;17;1;16;1;15;1;14;1;13;1;12;1;11;1;10;1;9;1;8;1;7;1;6;2;6;3;6;4;6;5;6;6;6
1;1;17;14;1;16;1;15;1;14;1;13;1;12;1;11;1;10;1;9;1;8;1;7;1;6;2;6;3;6;4;6;5;6;6;6;7;6
1;1;17;14;1;15;1;14;1;13;1;12;1;11;1;10;1;9;1;8;1;7;1;6;2;6;3;6;4;6;5;6;6;6;7;6;8;6
1;1;17;14;1;14;1;13;1;12;1;11;1;10;1;9;1;8;1;7;1;6;2;6;3;6;4;6;5;6;6;6;7;6;8;6;9;6
1;1;17;14;1;13;1;12;1;11;1;10;1;9;1;8;1;7;1;6;2;6;3;6;4;6;5;6;6;6;7;6;8;6;9;6;10;6
1;1;17;14;1;12;1;11;1;10;1;9;1;8;1;7;1;6;2;6;3;6;4;6;5;6;6;6;7;6;8;6;9;6;10;6;11;6
1;1;17;14;1;11;1;10;1;9;1;8;1;7;1;6;2;6;3;6;4;6;5;6;6;6;7;6;8;6;9;6;10;6;11;6;12;6
1;1;17;14;1;10;1;9;1;8;1;7;1;6;2;6;3;6;4;6;5;6;6;6;7;6;8;6;9;6;10;6;11;6;12;6;13;6
1;1;17;14;1;9;1;8;1;7;1;6;2;6;3;6;4;6;5;6;6;6;7;6;8;6;9;6;10;6;11;6;12;6;13;6;14;6
1;1;17;14;1;8;1;7;1;6;2;6;3;6;4;6;5;6;6;6;7;6;8;6;9;6;10;6;11;6;12;6;13;6;14;6;15;6
1;1;17;14;1;7;1;6;2;6;3;6;4;6;5;6;6;6;7;6;8;6;9;6;10;6;11;6;12;6;13;6;14;6;15;6;16;6
2;1;17;14;1;6;2;6;3;6;4;6;5;6;6;6;7;6;8;6;9;6;10;6;11;6;12;6;13;6;14;6;15;6;16;6;17;6
2;2;17;14;2;6;3;6;4;6;5;6;6;6;7;6;8;6;9;6;10;6;11;6;12;6;13;6;14;6;15;6;16;6;17;6;17;7
2;2;17;14;3;6;4;6;5;6;6;6;7;6;8;6;9;6;10;6;11;6;12;6;13;6;14;6;15;6;16;6;17;6;17;7;17;8
2;2;17;14;4;6;5;6;6;6;7;6;8;6;9;6;10;6;11;6;12;6;13;6;14;6;15;6;16;6;17;6;17;7;17;8;17;9
2;2;17;14;5;6;6;6;7;6;8;6;9;6;10;6;11;6;12;6;13;6;14;6;15;6;16;6;17;6;17;7;17;8;17;9;17;10
2;2;17;14;6;6;7;6;8;6;9;6;10;6;11;6;12;6;13;6;14;6;15;6;16;6;17;6;17;7;17;8;17;9;17;10;17;11
2;2;17;14;7;6;8;6;9;6;10;6;11;6;12;6;13;6;14;6;15;6;16;6;17;6;17;7;17;8;17;9;17;10;17;11;17;12
2;2;17;14;8;6;9;6;10;6;11;6;12;6;13;6;14;6;15;6;16;6;17;6;17;7;17;8;17;9;17;10;17;11;17;12;17;13
2;2;10;2;9;6;9;6;10;6;11;6;12;6;13;6;14;6;15;6;16;6;17;6;17;7;17;8;17;9;17;10;17;11;17;12;17;13;17;14
2;2;10;2;9;6;10;6;11;6;12;6;13;6;14;6;15;6;16;6;17;6;17;7;17;8;17;9;17;10;17;11;17;12;17;13;17;14;17;15
2;2;10;2;10;6;11;6;12;6;13;6;14;6;15;6;16;6;17;6;17;7;17;8;17;9;17;10;17;11;17;12;17;13;17;14;17;15;17;16
3;2;10;2;11;6;12;6;13;6;14;6;15;6;16;6;17;6;17;7;17;8;17;9;17;10;17;11;17;12;17;13;17;14;17;15;17;16;17;17
3;3;10;2;12;6;13;6;14;6;15;6;16;6;17;6;17;7;17;8;17;9;17;10;17;11;17;12;17;13;17;14;17;15;17;16;17;17;16;17
3;3;10;2;13;6;14;6;15;6;16;6;17;6;17;7;17;8;17;9;17;10;17;11;17;12;17;13;17;14;17;15;17;16;17;17;16;17;15;17
3;3;10;2;14;6;15;6;16;6;17;6;17;7;17;8;17;9;17;10;17;11;17;12;17;13;17;14;17;15;17;16;17;17;16;17;15;17;14;17
3;3;10;2;15;6;16;6;17;6;17;7;17;8;17;9;17;10;17;11;17;12;17;13;17;14;17;15;17;16;17;17;16;17;15;17;14;17;13;17
0;3;10;2;16;6;17;6;17;7;17;8;17;9;17;10;17;11;17;12;17;13;17;14;17;15;17;16;17;17;16;17;15;17;14;17;13;17;12;17
0;0;10;2;17;6;17;7;17;8;17;9;17;10;17;11;17;12;17;13;17;14;17;15;17;16;17;17;16;17;15;17;14;17;13;17;12;17;12;16
0;0;10;2;17;7;17;8;17;9;17;10;17;11;17;12;17;13;17;14;17;15;17;16;17;17;16;17;15;17;14;17;13;17;12;17;12;16;12;15
0;0;10;2;17;8;17;9;17;10;17;11;17;12;17;13;17;14;17;15;17;16;17;17;16;17;15;17;14;17;13;17;12;17;12;16;12;15;12;14
0;0;10;2;17;9;17;10;17;11;17;12;17;13;17;14;17;15;17;16;17;17;16;17;15;17;14;17;13;17;12;17;12;16;12;15;12;14;12;13
0;0;10;2;17;10;17;11;17;12;17;13;17;14;17;15;17;16;17;17;16;17;15;17;14;17;13;17;12;17;12;16;12;15;12;14;12;13;12;12
0;0;10;2;17;11;17;12;17;13;17;14;17;15;17;16;17;17;16;17;15;17;14;17;13;17;12;17;12;16;12;15;12;14;12;13;12;12;12;11
0;0;10;2;17;12;17;13;17;14;17;15;17;16;17;17;16;17;15;17;14;17;13;17;12;17;12;16;12;15;12;14;12;13;12;12;12;11;12;10
0;0;10;2;17;13;17;14;17;15;17;16;17;17;16;17;15;17;14;17;13;17;12;17;12;16;12;15;12;14;12;13;12;12;12;11;12;10;12;9
0;0;10;2;17;14;17;15;17;16;17;17;16;17;15;17;14;17;13;17;12;17;12;16;12;15;12;14;12;13;12;12;12;11;12;10;12;9;12;8
0;0;10;2;17;15;17;16;17;17;16;17;15;17;14;17;13;17;12;17;12;16;12;15;12;14;12;13;12;12;12;11;12;10;12;9;12;8;12;7
0;0;10;2;17;16;17;17;16;17;15;17;14;17;13;17;12;17;12;16;12;15;12;14;12;13;12;12;12;11;12;10;12;9;12;8;12;7;12;6
0;0;10;2;17;17;16;17;15;17;14;17;13;17;12;17;12;16;12;15;12;14;12;13;12;12;12;11;12;10;12;9;12;8;12;7;12;6;12;5
0;0;10;2;16;17;15;17;14;17;13;17;12;17;12;16;12;15;12;14;12;13;12;12;12;11;12;10;12;9;12;8;12;7;12;6;12;5;12;4
0;0;10;2;15;17;14;17;13;17;12;17;12;16;12;15;12;14;12;13;12;12;12;11;12;10;12;9;12;8;12;7;12;6;12;5;12;4;12;3
3;0;10;2;14;17;13;17;12;17;12;16;12;15;12;14;12;13;12;12;12;11;12;10;12;9;12;8;12;7;12;6;12;5;12;4;12;3;12;2
3;3;10;2;13;17;12;17;12;16;12;15;12;14;12;13;12;12;12;11;12;10;12;9;12;8;12;7;12;6;12;5;12;4;12;3;12;2;11;2
3;3;6;4;12;17;12;17;12;16;12;15;12;14;12;13;12;12;12;11;12;10;12;9;12;8;12;7;12;6;12;5;12;4;12;3;12;2;11;2;10;2
3;3;6;4;12;17;12;16;12;15;12;14;12;13;12;12;12;11;12;10;12;9;12;8;12;7;12;6;12;5;12;4;12;3;12;2;11;2;10;2;9;2
3;3;6;4;12;16;12;15;12;14;12;13;12;12;12;11;12;10;12;9;12;8;12;7;12;6;12;5;12;4;12;3;12;2;11;2;10;2;9;2;8;2
3;3;6;4;12;15;12;14;12;13;12;12;12;11;12;10;12;9;12;8;12;7;12;6;12;5;12;4;12;3;12;2;11;2;10;2;9;2;8;2;7;2
2;3;6;4;12;14;12;13;12;12;12;11;12;10;12;9;12;8;12;7;12;6;12;5;12;4;12;3;12;2;11;2;10;2;9;2;8;2;7;2;6;2
2;2;6;4;12;13;12;12;12;11;12;10;12;9;12;8;12;7;12;6;12;5;12;4;12;3;12;2;11;2;10;2;9;2;8;2;7;2;6;2;6;3
2;2;3;5;12;12;12;12;12;11;12;10;12;9;12;8;12;7;12;6;12;5;12;4;12;3;12;2;11;2;10;2;9;2;8;2;7;2;6;2;6;3;6;4
2;2;3;5;12;12;12;11;12;10;12;9;12;8;12;7;12;6;12;5;12;4;12;3;12;2;11;2;10;2;9;2;8;2;7;2;6;2;6;3;6;4;6;5
2;2;3;5;12;11;12;10;12;9;12;8;12;7;12;6;12;5;12;4;12;3;12;2;11;2;10;2;9;2;8;2;7;2;6;2;6;3;6;4;6;5;6;6
3;2;3;5;12;10;12;9;12;8;12;7;12;6;12;5;12;4;12;3;12;2;11;2;10;2;9;2;8;2;7;2;6;2;6;3;6;4;6;5;6;6;6;7
3;3;3;5;12;9;12;8;12;7;12;6;12;5;12;4;12;3;12;2;11;2;10;2;9;2;8;2;7;2;6;2;6;3;6;4;6;5;6;6;6;7;5;7
0;3;3;5;12;8;12;7;12;6;12;5;12;4;12;3;12;2;11;2;10;2;9;2;8;2;7;2;6;2;6;3;6;4;6;5;6;6;6;7;5;7;4;7
0;0;3;5;12;7;12;6;12;5;12;4;12;3;12;2;11;2;10;2;9;2;8;2;7;2;6;2;6;3;6;4;6;5;6;6;6;7;5;7;4;7;4;6
0;0;3;5;12;6;12;5;12;4;12;3;12;2;11;2;10;2;9;2;8;2;7;2;6;2;6;3;6;4;6;5;6;6;6;7;5;7;4;7;4;6;4;5
3;0;3;5;12;5;12;4;12;3;12;2;11;2;10;2;9;2;8;2;7;2;6;2;6;3;6;4;6;5;6;6;6;7;5;7;4;7;4;6;4;5;4;4
3;3;3;5;12;4;12;3;12;2;11;2;10;2;9;2;8;2;7;2;6;2;6;3;6;4;6;5;6;6;6;7;5;7;4;7;4;6;4;5;4;4;3;4
3;3;3;5;12;3;12;2;11;2;10;2;9;2;8;2;7;2;6;2;6;3;6;4;6;5;6;6;6;7;5;7;4;7;4;6;4;5;4;4;3;4;2;4
3;3;3;5;12;2;11;2;10;2;9;2;8;2;7;2;6;2;6;3;6;4;6;5;6;6;6;7;5;7;4;7;4;6;4;5;4;4;3;4;2;4;1;4
2;3;3;5;11;2;10;2;9;2;8;2;7;2;6;2;6;3;6;4;6;5;6;6;6;7;5;7;4;7;4;6;4;5;4;4;3;4;2;4;1;4;0;4
2;2;3;5;10;2;9;2;8;2;7;2;6;2;6;3;6;4;6;5;6;6;6;7;5;7;4;7;4;6;4;5;4;4;3;4;2;4;1;4;0;4;0;5
2;2;3;5;9;2;8;2;7;2;6;2;6;3;6;4;6;5;6;6;6;7;5;7;4;7;4;6;4;5;4;4;3;4;2;4;1;4;0;4;0;5;0;6
2;2;3;5;8;2;7;2;6;2;6;3;6;4;6;5;6;6;6;7;5;7;4;7;4;6;4;5;4;4;3;4;2;4;1;4;0;4;0;5;0;6;0;7
2;2;3;5;7;2;6;2;6;3;6;4;6;5;6;6;6;7;5;7;4;7;4;6;4;5;4;4;3;4;2;4;1;4;0;4;0;5;0;6;0;7;0;8
2;2;3;5;6;2;6;3;6;4;6;5;6;6;6;7;5;7;4;7;4;6;4;5;4;4;3;4;2;4;1;4;0;4;0;5;0;6;0;7;0;8;0;9
2;2;3;5;6;3;6;4;6;5;6;6;6;7;5;7;4;7;4;6;4;5;4;4;3;4;2;4;1;4;0;4;0;5;0;6;0;7;0;8;0;9;0;10
2;2;3;5;6;4;6;5;6;6;6;7;5;7;4;7;4;6;4;5;4;4;3;4;2;4;1;4;0;4;0;5;0;6;0;7;0;8;0;9;0;10;0;11
2;2;3;5;6;5;6;6;6;7;5;7;4;7;4;6;4;5;4;4;3;4;2;4;1;4;0;4;0;5;0;6;0;7;0;8;0;9;0;10;0;11;0;12
2;2;3;5;6;6;6;7;5;7;4;7;4;6;4;5;4;4;3;4;2;4;1;4;0;4;0;5;0;6;0;7;0;8;0;9;0;10;0;11;0;12;0;13
1;2;3;5;6;7;5;7;4;7;4;6;4;5;4;4;3;4;2;4;1;4;0;4;0;5;0;6;0;7;0;8;0;9;0;10;0;11;0;12;0;13;0;14
0;1;3;5;5;7;4;7;4;6;4;5;4;4;3;4;2;4;1;4;0;4;0;5;0;6;0;7;0;8;0;9;0;10;0;11;0;12;0;13;0;14;1;14
0;0;3;5;4;7;4;6;4;5;4;4;3;4;2;4;1;4;0;4;0;5;0;6;0;7;0;8;0;9;0;10;0;11;0;12;0;13;0;14;1;14;1;13
0;0;3;5;4;6;4;5;4;4;3;4;2;4;1;4;0;4;0;5;0;6;0;7;0;8;0;9;0;10;0;11;0;12;0;13;0;14;1;14;1;13;1;12
0;0;3;5;4;5;4;4;3;4;2;4;1;4;0;4;0;5;0;6;0;7;0;8;0;9;0;10;0;11;0;12;0;13;0;14;1;14;1;13;1;12;1;11
0;0;3;5;4;4;3;4;2;4;1;4;0;4;0;5;0;6;0;7;0;8;0;9;0;10;0;11;0;12;0;13;0;14;1;14;1;13;1;12;1;11;1;10
0;0;3;5;3;4;2;4;1;4;0;4;0;5;0;6;0;7;0;8;0;9;0;10;0;11;0;12;0;13;0;14;1;14;1;13;1;12;1;11;1;10;1;9
0;0;3;5;2;4;1;4;0;4;0;5;0;6;0;7;0;8;0;9;0;10;0;11;0;12;0;13;0;14;1;14;1;13;1;12;1;11;1;10;1;9;1;8
0;0;3;5;1;4;0;4;0;5;0;6;0;7;0;8;0;9;0;10;0;11;0;12;0;13;0;14;1;14;1;13;1;12;1;11;1;10;1;9;1;8;1;7
1;0;3;5;0;4;0;5;0;6;0;7;0;8;0;9;0;10;0;11;0;12;0;13;0;14;1;14;1;13;1;12;1;11;1;10;1;9;1;8;1;7;1;6
1;1;3;5;0;5;0;6;0;7;0;8;0;9;0;10;0;11;0;12;0;13;0;14;1;14;1;13;1;12;1;11;1;10;1;9;1;8;1;7;1;6;2;6
1;1;3;5;0;6;0;7;0;8;0;9;0;10;0;11;0;12;0;13;0;14;1;14;1;13;1;12;1;11;1;10;1;9;1;8;1;7;1;6;2;6;3;6
1;1;3;5;0;7;0;8;0;9;0;10;0;11;0;12;0;13;0;14;1;14;1;13;1;12;1;11;1;10;1;9;1;8;1;7;1;6;2;6;3;6;4;6
0;1;3;5;0;8;0;9;0;10;0;11;0;12;0;13;0;14;1;14;1;13;1;12;1;11;1;10;1;9;1;8;1;7;1;6;2;6;3;6;4;6;5;6
0;0;3;5;0;9;0;10;0;11;0;12;0;13;0;14;1;14;1;13;1;12;1;11;1;10;1;9;1;8;1;7;1;6;2;6;3;6;4;6;5;6;5;5
0;0;3;5;0;10;0;11;0;12;0;13;0;14;1;14;1;13;1;12;1;11;1;10;1;9;1;8;1;7;1;6;2;6;3;6;4;6;5;6;5;5;5;4
0;0;3;5;0;11;0;12;0;13;0;14;1;14;1;13;1;12;1;11;1;10;1;9;1;8;1;7;1;6;2;6;3;6;4;6;5;6;5;5;5;4;5;3
0;0;3;5;0;12;0;13;0;14;1;14;1;13;1;12;1;11;1;10;1;9;1;8;1;7;1;6;2;6;3;6;4;6;5;6;5;5;5;4;5;3;5;2
3;0;3;5;0;13;0;14;1;14;1;13;1;12;1;11;1;10;1;9;1;8;1;7;1;6;2;6;3;6;4;6;5;6;5;5;5;4;5;3;5;2;5;1
3;3;3;5;0;14;1;14;1;13;1;12;1;11;1;10;1;9;1;8;1;7;1;6;2;6;3;6;4;6;5;6;5;5;5;4;5;3;5;2;5;1;4;1
3;3;3;5;1;14;1;13;1;12;1;11;1;10;1;9;1;8;1;7;1;6;2;6;3;6;4;6;5;6;5;5;5;4;5;3;5;2;5;1;4;1;3;1
3;3;3;5;1;13;1;12;1;11;1;10;1;9;1;8;1;7;1;6;2;6;3;6;4;6;5;6;5;5;5;4;5;3;5;2;5;1;4;1;3;1;2;1
2;3;3;5;1;12;1;11;1;10;1;9;1;8;1;7;1;6;2;6;3;6;4;6;5;6;5;5;5;4;5;3;5;2;5;1;4;1;3;1;2;1;1;1
2;2;3;5;1;11;1;10;1;9;1;8;1;7;1;6;2;6;3;6;4;6;5;6;5;5;5;4;5;3;5;2;5;1;4;1;3;1;2;1;1;1;1;2
3;2;3;5;1;10;1;9;1;8;1;7;1;6;2;6;3;6;4;6;5;6;5;5;5;4;5;3;5;2;5;1;4;1;3;1;2;1;1;1;1;2;1;3
3;3;3;5;1;9;1;8;1;7;1;6;2;6;3;6;4;6;5;6;5;5;5;4;5;3;5;2;5;1;4;1;3;1;2;1;1;1;1;2;1;3;0;3
