20
1;1;1;0;8;10;9;10;10;10
1;1;1;0;9;10;10;10;11;10
1;1;1;0;10;10;11;10;12;10
1;1;1;0;11;10;12;10;13;10
1;1;1;0;12;10;13;10;14;10
0;1;1;0;13;10;14;10;15;10
0;0;1;0;14;10;15;10;15;9
0;0;1;0;15;10;15;9;15;8
3;0;1;0;15;9;15;8;15;7
3;3;1;0;15;8;15;7;14;7
3;3;1;0;15;7;14;7;13;7
0;3;1;0;14;7;13;7;12;7
0;0;1;0;13;7;12;7;12;6
0;0;1;0;12;7;12;6;12;5
0;0;1;0;12;6;12;5;12;4
0;0;1;0;12;5;12;4;12;3
3;0;1;0;12;4;12;3;12;2
3;3;1;0;12;3;12;2;11;2
3;3;1;0;12;2;11;2;10;2
3;3;1;0;11;2;10;2;9;2
3;3;1;0;10;2;9;2;8;2
0;3;1;0;9;2;8;2;7;2
0;0;1;0;8;2;7;2;7;1
3;0;1;0;7;2;7;1;7;0
3;3;1;0;7;1;7;0;6;0
3;3;1;0;7;0;6;0;5;0
3;3;1;0;6;0;5;0;4;0
3;3;1;0;5;0;4;0;3;0
3;3;1;0;4;0;3;0;2;0
2;3;19;10;3;0;3;0;2;0;1;0
2;2;19;10;3;0;2;0;1;0;1;1
2;2;19;10;2;0;1;0;1;1;1;2
2;2;19;10;1;0;1;1;1;2;1;3
2;2;19;10;1;1;1;2;1;3;1;4
1;2;19;10;1;2;1;3;1;4;1;5
1;1;19;10;1;3;1;4;1;5;2;5
1;1;19;10;1;4;1;5;2;5;3;5
1;1;19;10;1;5;2;5;3;5;4;5
1;1;19;10;2;5;3;5;4;5;5;5
1;1;19;10;3;5;4;5;5;5;6;5
1;1;19;10;4;5;5;5;6;5;7;5
1;1;19;10;5;5;6;5;7;5;8;5
1;1;19;10;6;5;7;5;8;5;9;5
1;1;19;10;7;5;8;5;9;5;10;5
1;1;19;10;8;5;9;5;10;5;11;5
1;1;19;10;9;5;10;5;11;5;12;5
1;1;19;10;10;5;11;5;12;5;13;5
1;1;19;10;11;5;12;5;13;5;14;5
1;1;19;10;12;5;13;5;14;5;15;5
1;1;19;10;13;5;14;5;15;5;16;5
1;1;19;10;14;5;15;5;16;5;17;5
1;1;19;10;15;5;16;5;17;5;18;5
2;1;19;10;16;5;17;5;18;5;19;5
2;2;19;10;17;5;18;5;19;5;19;6
2;2;19;10;18;5;19;5;19;6;19;7
2;2;19;10;19;5;19;6;19;7;19;8
2;2;19;10;19;6;19;7;19;8;19;9
2;2;11;2;19;7;19;7;19;8;19;9;19;10
2;2;11;2;19;7;19;8;19;9;19;10;19;11
3;2;11;2;19;8;19;9;19;10;19;11;19;12
3;3;11;2;19;9;19;10;19;11;19;12;18;12
0;3;11;2;19;10;19;11;19;12;18;12;17;12
0;0;11;2;19;11;19;12;18;12;17;12;17;11
0;0;11;2;19;12;18;12;17;12;17;11;17;10
0;0;11;2;18;12;17;12;17;11;17;10;17;9
0;0;11;2;17;12;17;11;17;10;17;9;17;8
0;0;11;2;17;11;17;10;17;9;17;8;17;7
0;0;11;2;17;10;17;9;17;8;17;7;17;6
0;0;11;2;17;9;17;8;17;7;17;6;17;5
0;0;11;2;17;8;17;7;17;6;17;5;17;4
0;0;11;2;17;7;17;6;17;5;17;4;17;3
3;0;11;2;17;6;17;5;17;4;17;3;17;2
3;3;11;2;17;5;17;4;17;3;17;2;16;2
3;3;11;2;17;4;17;3;17;2;16;2;15;2
3;3;11;2;17;3;17;2;16;2;15;2;14;2
3;3;11;2;17;2;16;2;15;2;14;2;13;2
3;3;11;2;16;2;15;2;14;2;13;2;12;2
3;3;16;19;15;2;15;2;14;2;13;2;12;2;11;2
3;3;16;19;15;2;14;2;13;2;12;2;11;2;10;2
3;3;16;19;14;2;13;2;12;2;11;2;10;2;9;2
2;3;16;19;13;2;12;2;11;2;10;2;9;2;8;2
2;2;16;19;12;2;11;2;10;2;9;2;8;2;8;3
2;2;16;19;11;2;10;2;9;2;8;2;8;3;8;4
2;2;16;19;10;2;9;2;8;2;8;3;8;4;8;5
1;2;16;19;9;2;8;2;8;3;8;4;8;5;8;6
1;1;16;19;8;2;8;3;8;4;8;5;8;6;9;6
1;1;16;19;8;3;8;4;8;5;8;6;9;6;10;6
1;1;16;19;8;4;8;5;8;6;9;6;10;6;11;6
1;1;16;19;8;5;8;6;9;6;10;6;11;6;12;6
1;1;16;19;8;6;9;6;10;6;11;6;12;6;13;6
1;1;16;19;9;6;10;6;11;6;12;6;13;6;14;6
2;1;16;19;10;6;11;6;12;6;13;6;14;6;15;6
2;2;16;19;11;6;12;6;13;6;14;6;15;6;15;7
2;2;16;19;12;6;13;6;14;6;15;6;15;7;15;8
2;2;16;19;13;6;14;6;15;6;15;7;15;8;15;9
2;2;16;19;14;6;15;6;15;7;15;8;15;9;15;10
1;2;16;19;15;6;15;7;15;8;15;9;15;10;15;11
1;1;16;19;15;7;15;8;15;9;15;10;15;11;16;11
1;1;16;19;15;8;15;9;15;10;15;11;16;11;17;11
2;1;16;19;15;9;15;10;15;11;16;11;17;11;18;11
2;2;16;19;15;10;15;11;16;11;17;11;18;11;18;12
2;2;16;19;15;11;16;11;17;11;18;11;18;12;18;13
2;2;16;19;16;11;17;11;18;11;18;12;18;13;18;14
2;2;16;19;17;11;18;11;18;12;18;13;18;14;18;15
2;2;16;19;18;11;18;12;18;13;18;14;18;15;18;16
2;2;16;19;18;12;18;13;18;14;18;15;18;16;18;17
2;2;16;19;18;13;18;14;18;15;18;16;18;17;18;18
3;2;16;19;18;14;18;15;18;16;18;17;18;18;18;19
3;3;16;19;18;15;18;16;18;17;18;18;18;19;17;19
3;3;16;16;18;16;18;16;18;17;18;18;18;19;17;19;16;19
3;3;16;16;18;16;18;17;18;18;18;19;17;19;16;19;15;19
3;3;16;16;18;17;18;18;18;19;17;19;16;19;15;19;14;19
3;3;16;16;18;18;18;19;17;19;16;19;15;19;14;19;13;19
3;3;16;16;18;19;17;19;16;19;15;19;14;19;13;19;12;19
3;3;16;16;17;19;16;19;15;19;14;19;13;19;12;19;11;19
0;3;16;16;16;19;15;19;14;19;13;19;12;19;11;19;10;19
0;0;16;16;15;19;14;19;13;19;12;19;11;19;10;19;10;18
0;0;16;16;14;19;13;19;12;19;11;19;10;19;10;18;10;17
1;0;16;16;13;19;12;19;11;19;10;19;10;18;10;17;10;16
1;1;16;16;12;19;11;19;10;19;10;18;10;17;10;16;11;16
1;1;16;16;11;19;10;19;10;18;10;17;10;16;11;16;12;16
1;1;16;16;10;19;10;18;10;17;10;16;11;16;12;16;13;16
1;1;16;16;10;18;10;17;10;16;11;16;12;16;13;16;14;16
1;1;16;16;10;17;10;16;11;16;12;16;13;16;14;16;15;16
1;1;12;19;10;16;10;16;11;16;12;16;13;16;14;16;15;16;16;16
0;1;12;19;10;16;11;16;12;16;13;16;14;16;15;16;16;16;17;16
0;0;12;19;11;16;12;16;13;16;14;16;15;16;16;16;17;16;17;15
0;0;12;19;12;16;13;16;14;16;15;16;16;16;17;16;17;15;17;14
0;0;12;19;13;16;14;16;15;16;16;16;17;16;17;15;17;14;17;13
0;0;12;19;14;16;15;16;16;16;17;16;17;15;17;14;17;13;17;12
3;0;12;19;15;16;16;16;17;16;17;15;17;14;17;13;17;12;17;11
3;3;12;19;16;16;17;16;17;15;17;14;17;13;17;12;17;11;16;11
3;3;12;19;17;16;17;15;17;14;17;13;17;12;17;11;16;11;15;11
2;3;12;19;17;15;17;14;17;13;17;12;17;11;16;11;15;11;14;11
2;2;12;19;17;14;17;13;17;12;17;11;16;11;15;11;14;11;14;12
2;2;12;19;17;13;17;12;17;11;16;11;15;11;14;11;14;12;14;13
2;2;12;19;17;12;17;11;16;11;15;11;14;11;14;12;14;13;14;14
2;2;12;19;17;11;16;11;15;11;14;11;14;12;14;13;14;14;14;15
2;2;12;19;16;11;15;11;14;11;14;12;14;13;14;14;14;15;14;16
2;2;12;19;15;11;14;11;14;12;14;13;14;14;14;15;14;16;14;17
2;2;12;19;14;11;14;12;14;13;14;14;14;15;14;16;14;17;14;18
3;2;12;19;14;12;14;13;14;14;14;15;14;16;14;17;14;18;14;19
3;3;12;19;14;13;14;14;14;15;14;16;14;17;14;18;14;19;13;19
3;3;16;16;14;14;14;14;14;15;14;16;14;17;14;18;14;19;13;19;12;19
3;3;16;16;14;14;14;15;14;16;14;17;14;18;14;19;13;19;12;19;11;19
3;3;16;16;14;15;14;16;14;17;14;18;14;19;13;19;12;19;11;19;10;19
3;3;16;16;14;16;14;17;14;18;14;19;13;19;12;19;11;19;10;19;9;19
3;3;16;16;14;17;14;18;14;19;13;19;12;19;11;19;10;19;9;19;8;19
3;3;16;16;14;18;14;19;13;19;12;19;11;19;10;19;9;19;8;19;7;19
0;3;16;16;14;19;13;19;12;19;11;19;10;19;9;19;8;19;7;19;6;19
0;0;16;16;13;19;12;19;11;19;10;19;9;19;8;19;7;19;6;19;6;18
1;0;16;16;12;19;11;19;10;19;9;19;8;19;7;19;6;19;6;18;6;17
1;1;16;16;11;19;10;19;9;19;8;19;7;19;6;19;6;18;6;17;7;17
1;1;16;16;10;19;9;19;8;19;7;19;6;19;6;18;6;17;7;17;8;17
1;1;16;16;9;19;8;19;7;19;6;19;6;18;6;17;7;17;8;17;9;17
1;1;16;16;8;19;7;19;6;19;6;18;6;17;7;17;8;17;9;17;10;17
1;1;16;16;7;19;6;19;6;18;6;17;7;17;8;17;9;17;10;17;11;17
1;1;16;16;6;19;6;18;6;17;7;17;8;17;9;17;10;17;11;17;12;17
1;1;16;16;6;18;6;17;7;17;8;17;9;17;10;17;11;17;12;17;13;17
1;1;16;16;6;17;7;17;8;17;9;17;10;17;11;17;12;17;13;17;14;17
1;1;16;16;7;17;8;17;9;17;10;17;11;17;12;17;13;17;14;17;15;17
0;1;16;16;8;17;9;17;10;17;11;17;12;17;13;17;14;17;15;17;16;17
0;0;13;1;9;17;9;17;10;17;11;17;12;17;13;17;14;17;15;17;16;17;16;16
0;0;13;1;9;17;10;17;11;17;12;17;13;17;14;17;15;17;16;17;16;16;16;15
0;0;13;1;10;17;11;17;12;17;13;17;14;17;15;17;16;17;16;16;16;15;16;14
0;0;13;1;11;17;12;17;13;17;14;17;15;17;16;17;16;16;16;15;16;14;16;13
0;0;13;1;12;17;13;17;14;17;15;17;16;17;16;16;16;15;16;14;16;13;16;12
0;0;13;1;13;17;14;17;15;17;16;17;16;16;16;15;16;14;16;13;16;12;16;11
0;0;13;1;14;17;15;17;16;17;16;16;16;15;16;14;16;13;16;12;16;11;16;10
0;0;13;1;15;17;16;17;16;16;16;15;16;14;16;13;16;12;16;11;16;10;16;9
0;0;13;1;16;17;16;16;16;15;16;14;16;13;16;12;16;11;16;10;16;9;16;8
0;0;13;1;16;16;16;15;16;14;16;13;16;12;16;11;16;10;16;9;16;8;16;7
0;0;13;1;16;15;16;14;16;13;16;12;16;11;16;10;16;9;16;8;16;7;16;6
0;0;13;1;16;14;16;13;16;12;16;11;16;10;16;9;16;8;16;7;16;6;16;5
0;0;13;1;16;13;16;12;16;11;16;10;16;9;16;8;16;7;16;6;16;5;16;4
0;0;13;1;16;12;16;11;16;10;16;9;16;8;16;7;16;6;16;5;16;4;16;3
0;0;13;1;16;11;16;10;16;9;16;8;16;7;16;6;16;5;16;4;16;3;16;2
3;0;13;1;16;10;16;9;16;8;16;7;16;6;16;5;16;4;16;3;16;2;16;1
3;3;13;1;16;9;16;8;16;7;16;6;16;5;16;4;16;3;16;2;16;1;15;1
3;3;13;1;16;8;16;7;16;6;16;5;16;4;16;3;16;2;16;1;15;1;14;1
3;3;1;5;16;7;16;7;16;6;16;5;16;4;16;3;16;2;16;1;15;1;14;1;13;1
3;3;1;5;16;7;16;6;16;5;16;4;16;3;16;2;16;1;15;1;14;1;13;1;12;1
3;3;1;5;16;6;16;5;16;4;16;3;16;2;16;1;15;1;14;1;13;1;12;1;11;1
3;3;1;5;16;5;16;4;16;3;16;2;16;1;15;1;14;1;13;1;12;1;11;1;10;1
3;3;1;5;16;4;16;3;16;2;16;1;15;1;14;1;13;1;12;1;11;1;10;1;9;1
3;3;1;5;16;3;16;2;16;1;15;1;14;1;13;1;12;1;11;1;10;1;9;1;8;1
3;3;1;5;16;2;16;1;15;1;14;1;13;1;12;1;11;1;10;1;9;1;8;1;7;1
3;3;1;5;16;1;15;1;14;1;13;1;12;1;11;1;10;1;9;1;8;1;7;1;6;1
3;3;1;5;15;1;14;1;13;1;12;1;11;1;10;1;9;1;8;1;7;1;6;1;5;1
3;3;1;5;14;1;13;1;12;1;11;1;10;1;9;1;8;1;7;1;6;1;5;1;4;1
3;3;1;5;13;1;12;1;11;1;10;1;9;1;8;1;7;1;6;1;5;1;4;1;3;1
3;3;1;5;12;1;11;1;10;1;9;1;8;1;7;1;6;1;5;1;4;1;3;1;2;1
2;3;1;5;11;1;10;1;9;1;8;1;7;1;6;1;5;1;4;1;3;1;2;1;1;1
2;2;1;5;10;1;9;1;8;1;7;1;6;1;5;1;4;1;3;1;2;1;1;1;1;2
2;2;1;5;9;1;8;1;7;1;6;1;5;1;4;1;3;1;2;1;1;1;1;2;1;3
2;2;1;5;8;1;7;1;6;1;5;1;4;1;3;1;2;1;1;1;1;2;1;3;1;4
2;2;11;19;7;1;7;1;6;1;5;1;4;1;3;1;2;1;1;1;1;2;1;3;1;4;1;5
2;2;11;19;7;1;6;1;5;1;4;1;3;1;2;1;1;1;1;2;1;3;1;4;1;5;1;6
2;2;11;19;6;1;5;1;4;1;3;1;2;1;1;1;1;2;1;3;1;4;1;5;1;6;1;7
2;2;11;19;5;1;4;1;3;1;2;1;1;1;1;2;1;3;1;4;1;5;1;6;1;7;1;8
2;2;11;19;4;1;3;1;2;1;1;1;1;2;1;3;1;4;1;5;1;6;1;7;1;8;1;9
2;2;11;19;3;1;2;1;1;1;1;2;1;3;1;4;1;5;1;6;1;7;1;8;1;9;1;10
2;2;11;19;2;1;1;1;1;2;1;3;1;4;1;5;1;6;1;7;1;8;1;9;1;10;1;11
2;2;11;19;1;1;1;2;1;3;1;4;1;5;1;6;1;7;1;8;1;9;1;10;1;11;1;12
2;2;11;19;1;2;1;3;1;4;1;5;1;6;1;7;1;8;1;9;1;10;1;11;1;12;1;13
2;2;11;19;1;3;1;4;1;5;1;6;1;7;1;8;1;9;1;10;1;11;1;12;1;13;1;14
2;2;11;19;1;4;1;5;1;6;1;7;1;8;1;9;1;10;1;11;1;12;1;13;1;14;1;15
2;2;11;19;1;5;1;6;1;7;1;8;1;9;1;10;1;11;1;12;1;13;1;14;1;15;1;16
2;2;11;19;1;6;1;7;1;8;1;9;1;10;1;11;1;12;1;13;1;14;1;15;1;16;1;17
2;2;11;19;1;7;1;8;1;9;1;10;1;11;1;12;1;13;1;14;1;15;1;16;1;17;1;18
1;2;11;19;1;8;1;9;1;10;1;11;1;12;1;13;1;14;1;15;1;16;1;17;1;18;1;19
1;1;11;19;1;9;1;10;1;11;1;12;1;13;1;14;1;15;1;16;1;17;1;18;1;19;2;19
1;1;11;19;1;10;1;11;1;12;1;13;1;14;1;15;1;16;1;17;1;18;1;19;2;19;3;19
1;1;11;19;1;11;1;12;1;13;1;14;1;15;1;16;1;17;1;18;1;19;2;19;3;19;4;19
1;1;11;19;1;12;1;13;1;14;1;15;1;16;1;17;1;18;1;19;2;19;3;19;4;19;5;19
1;1;11;19;1;13;1;14;1;15;1;16;1;17;1;18;1;19;2;19;3;19;4;19;5;19;6;19
1;1;11;19;1;14;1;15;1;16;1;17;1;18;1;19;2;19;3;19;4;19;5;19;6;19;7;19
1;1;11;19;1;15;1;16;1;17;1;18;1;19;2;19;3;19;4;19;5;19;6;19;7;19;8;19
1;1;11;19;1;16;1;17;1;18;1;19;2;19;3;19;4;19;5;19;6;19;7;19;8;19;9;19
1;1;11;19;1;17;1;18;1;19;2;19;3;19;4;19;5;19;6;19;7;19;8;19;9;19;10;19
1;1;13;14;1;18;1;18;1;19;2;19;3;19;4;19;5;19;6;19;7;19;8;19;9;19;10;19;11;19
1;1;13;14;1;18;1;19;2;19;3;19;4;19;5;19;6;19;7;19;8;19;9;19;10;19;11;19;12;19
1;1;13;14;1;19;2;19;3;19;4;19;5;19;6;19;7;19;8;19;9;19;10;19;11;19;12;19;13;19
1;1;13;14;2;19;3;19;4;19;5;19;6;19;7;19;8;19;9;19;10;19;11;19;12;19;13;19;14;19
1;1;13;14;3;19;4;19;5;19;6;19;7;19;8;19;9;19;10;19;11;19;12;19;13;19;14;19;15;19
1;1;13;14;4;19;5;19;6;19;7;19;8;19;9;19;10;19;11;19;12;19;13;19;14;19;15;19;16;19
0;1;13;14;5;19;6;19;7;19;8;19;9;19;10;19;11;19;12;19;13;19;14;19;15;19;16;19;17;19
0;0;13;14;6;19;7;19;8;19;9;19;10;19;11;19;12;19;13;19;14;19;15;19;16;19;17;19;17;18
0;0;13;14;7;19;8;19;9;19;10;19;11;19;12;19;13;19;14;19;15;19;16;19;17;19;17;18;17;17
0;0;13;14;8;19;9;19;10;19;11;19;12;19;13;19;14;19;15;19;16;19;17;19;17;18;17;17;17;16
3;0;13;14;9;19;10;19;11;19;12;19;13;19;14;19;15;19;16;19;17;19;17;18;17;17;17;16;17;15
3;3;13;14;10;19;11;19;12;19;13;19;14;19;15;19;16;19;17;19;17;18;17;17;17;16;17;15;16;15
3;3;13;14;11;19;12;19;13;19;14;19;15;19;16;19;17;19;17;18;17;17;17;16;17;15;16;15;15;15
3;3;13;14;12;19;13;19;14;19;15;19;16;19;17;19;17;18;17;17;17;16;17;15;16;15;15;15;14;15
0;3;13;14;13;19;14;19;15;19;16;19;17;19;17;18;17;17;17;16;17;15;16;15;15;15;14;15;13;15
0;0;2;0;14;19;14;19;15;19;16;19;17;19;17;18;17;17;17;16;17;15;16;15;15;15;14;15;13;15;13;14
0;0;2;0;14;19;15;19;16;19;17;19;17;18;17;17;17;16;17;15;16;15;15;15;14;15;13;15;13;14;13;13
0;0;2;0;15;19;16;19;17;19;17;18;17;17;17;16;17;15;16;15;15;15;14;15;13;15;13;14;13;13;13;12
0;0;2;0;16;19;17;19;17;18;17;17;17;16;17;15;16;15;15;15;14;15;13;15;13;14;13;13;13;12;13;11
3;0;2;0;17;19;17;18;17;17;17;16;17;15;16;15;15;15;14;15;13;15;13;14;13;13;13;12;13;11;13;10
3;3;2;0;17;18;17;17;17;16;17;15;16;15;15;15;14;15;13;15;13;14;13;13;13;12;13;11;13;10;12;10
3;3;2;0;17;17;17;16;17;15;16;15;15;15;14;15;13;15;13;14;13;13;13;12;13;11;13;10;12;10;11;10
3;3;2;0;17;16;17;15;16;15;15;15;14;15;13;15;13;14;13;13;13;12;13;11;13;10;12;10;11;10;10;10
3;3;2;0;17;15;16;15;15;15;14;15;13;15;13;14;13;13;13;12;13;11;13;10;12;10;11;10;10;10;9;10
3;3;2;0;16;15;15;15;14;15;13;15;13;14;13;13;13;12;13;11;13;10;12;10;11;10;10;10;9;10;8;10
3;3;2;0;15;15;14;15;13;15;13;14;13;13;13;12;13;11;13;10;12;10;11;10;10;10;9;10;8;10;7;10
3;3;2;0;14;15;13;15;13;14;13;13;13;12;13;11;13;10;12;10;11;10;10;10;9;10;8;10;7;10;6;10
3;3;2;0;13;15;13;14;13;13;13;12;13;11;13;10;12;10;11;10;10;10;9;10;8;10;7;10;6;10;5;10
3;3;2;0;13;14;13;13;13;12;13;11;13;10;12;10;11;10;10;10;9;10;8;10;7;10;6;10;5;10;4;10
3;3;2;0;13;13;13;12;13;11;13;10;12;10;11;10;10;10;9;10;8;10;7;10;6;10;5;10;4;10;3;10
3;3;2;0;13;12;13;11;13;10;12;10;11;10;10;10;9;10;8;10;7;10;6;10;5;10;4;10;3;10;2;10
0;3;2;0;13;11;13;10;12;10;11;10;10;10;9;10;8;10;7;10;6;10;5;10;4;10;3;10;2;10;1;10
0;0;2;0;13;10;12;10;11;10;10;10;9;10;8;10;7;10;6;10;5;10;4;10;3;10;2;10;1;10;1;9
0;0;2;0;12;10;11;10;10;10;9;10;8;10;7;10;6;10;5;10;4;10;3;10;2;10;1;10;1;9;1;8
0;0;2;0;11;10;10;10;9;10;8;10;7;10;6;10;5;10;4;10;3;10;2;10;1;10;1;9;1;8;1;7
0;0;2;0;10;10;9;10;8;10;7;10;6;10;5;10;4;10;3;10;2;10;1;10;1;9;1;8;1;7;1;6
0;0;2;0;9;10;8;10;7;10;6;10;5;10;4;10;3;10;2;10;1;10;1;9;1;8;1;7;1;6;1;5
0;0;2;0;8;10;7;10;6;10;5;10;4;10;3;10;2;10;1;10;1;9;1;8;1;7;1;6;1;5;1;4
0;0;2;0;7;10;6;10;5;10;4;10;3;10;2;10;1;10;1;9;1;8;1;7;1;6;1;5;1;4;1;3
0;0;2;0;6;10;5;10;4;10;3;10;2;10;1;10;1;9;1;8;1;7;1;6;1;5;1;4;1;3;1;2
0;0;2;0;5;10;4;10;3;10;2;10;1;10;1;9;1;8;1;7;1;6;1;5;1;4;1;3;1;2;1;1
1;0;2;0;4;10;3;10;2;10;1;10;1;9;1;8;1;7;1;6;1;5;1;4;1;3;1;2;1;1;1;0
1;1;16;19;3;10;3;10;2;10;1;10;1;9;1;8;1;7;1;6;1;5;1;4;1;3;1;2;1;1;1;0;2;0
1;1;16;19;3;10;2;10;1;10;1;9;1;8;1;7;1;6;1;5;1;4;1;3;1;2;1;1;1;0;2;0;3;0
1;1;16;19;2;10;1;10;1;9;1;8;1;7;1;6;1;5;1;4;1;3;1;2;1;1;1;0;2;0;3;0;4;0
1;1;16;19;1;10;1;9;1;8;1;7;1;6;1;5;1;4;1;3;1;2;1;1;1;0;2;0;3;0;4;0;5;0
1;1;16;19;1;9;1;8;1;7;1;6;1;5;1;4;1;3;1;2;1;1;1;0;2;0;3;0;4;0;5;0;6;0
1;1;16;19;1;8;1;7;1;6;1;5;1;4;1;3;1;2;1;1;1;0;2;0;3;0;4;0;5;0;6;0;7;0
1;1;16;19;1;7;1;6;1;5;1;4;1;3;1;2;1;1;1;0;2;0;3;0;4;0;5;0;6;0;7;0;8;0
1;1;16;19;1;6;1;5;1;4;1;3;1;2;1;1;1;0;2;0;3;0;4;0;5;0;6;0;7;0;8;0;9;0
1;1;16;19;1;5;1;4;1;3;1;2;1;1;1;0;2;0;3;0;4;0;5;0;6;0;7;0;8;0;9;0;10;0
1;1;16;19;1;4;1;3;1;2;1;1;1;0;2;0;3;0;4;0;5;0;6;0;7;0;8;0;9;0;10;0;11;0
1;1;16;19;1;3;1;2;1;1;1;0;2;0;3;0;4;0;5;0;6;0;7;0;8;0;9;0;10;0;11;0;12;0
1;1;16;19;1;2;1;1;1;0;2;0;3;0;4;0;5;0;6;0;7;0;8;0;9;0;10;0;11;0;12;0;13;0
1;1;16;19;1;1;1;0;2;0;3;0;4;0;5;0;6;0;7;0;8;0;9;0;10;0;11;0;12;0;13;0;14;0
1;1;16;19;1;0;2;0;3;0;4;0;5;0;6;0;7;0;8;0;9;0;10;0;11;0;12;0;13;0;14;0;15;0
1;1;16;19;2;0;3;0;4;0;5;0;6;0;7;0;8;0;9;0;10;0;11;0;12;0;13;0;14;0;15;0;16;0
1;1;16;19;3;0;4;0;5;0;6;0;7;0;8;0;9;0;10;0;11;0;12;0;13;0;14;0;15;0;16;0;17;0
2;1;16;19;4;0;5;0;6;0;7;0;8;0;9;0;10;0;11;0;12;0;13;0;14;0;15;0;16;0;17;0;18;0
2;2;16;19;5;0;6;0;7;0;8;0;9;0;10;0;11;0;12;0;13;0;14;0;15;0;16;0;17;0;18;0;18;1
2;2;16;19;6;0;7;0;8;0;9;0;10;0;11;0;12;0;13;0;14;0;15;0;16;0;17;0;18;0;18;1;18;2
2;2;16;19;7;0;8;0;9;0;10;0;11;0;12;0;13;0;14;0;15;0;16;0;17;0;18;0;18;1;18;2;18;3
2;2;16;19;8;0;9;0;10;0;11;0;12;0;13;0;14;0;15;0;16;0;17;0;18;0;18;1;18;2;18;3;18;4
2;2;16;19;9;0;10;0;11;0;12;0;13;0;14;0;15;0;16;0;17;0;18;0;18;1;18;2;18;3;18;4;18;5
2;2;16;19;10;0;11;0;12;0;13;0;14;0;15;0;16;0;17;0;18;0;18;1;18;2;18;3;18;4;18;5;18;6
2;2;16;19;11;0;12;0;13;0;14;0;15;0;16;0;17;0;18;0;18;1;18;2;18;3;18;4;18;5;18;6;18;7
2;2;16;19;12;0;13;0;14;0;15;0;16;0;17;0;18;0;18;1;18;2;18;3;18;4;18;5;18;6;18;7;18;8
2;2;16;19;13;0;14;0;15;0;16;0;17;0;18;0;18;1;18;2;18;3;18;4;18;5;18;6;18;7;18;8;18;9
2;2;16;19;14;0;15;0;16;0;17;0;18;0;18;1;18;2;18;3;18;4;18;5;18;6;18;7;18;8;18;9;18;10
2;2;16;19;15;0;16;0;17;0;18;0;18;1;18;2;18;3;18;4;18;5;18;6;18;7;18;8;18;9;18;10;18;11
2;2;16;19;16;0;17;0;18;0;18;1;18;2;18;3;18;4;18;5;18;6;18;7;18;8;18;9;18;10;18;11;18;12
2;2;16;19;17;0;18;0;18;1;18;2;18;3;18;4;18;5;18;6;18;7;18;8;18;9;18;10;18;11;18;12;18;13
2;2;16;19;18;0;18;1;18;2;18;3;18;4;18;5;18;6;18;7;18;8;18;9;18;10;18;11;18;12;18;13;18;14
2;2;16;19;18;1;18;2;18;3;18;4;18;5;18;6;18;7;18;8;18;9;18;10;18;11;18;12;18;13;18;14;18;15
2;2;16;19;18;2;18;3;18;4;18;5;18;6;18;7;18;8;18;9;18;10;18;11;18;12;18;13;18;14;18;15;18;16
2;2;16;19;18;3;18;4;18;5;18;6;18;7;18;8;18;9;18;10;18;11;18;12;18;13;18;14;18;15;18;16;18;17
2;2;16;19;18;4;18;5;18;6;18;7;18;8;18;9;18;10;18;11;18;12;18;13;18;14;18;15;18;16;18;17;18;18
3;2;16;19;18;5;18;6;18;7;18;8;18;9;18;10;18;11;18;12;18;13;18;14;18;15;18;16;18;17;18;18;18;19
3;3;16;19;18;6;18;7;18;8;18;9;18;10;18;11;18;12;18;13;18;14;18;15;18;16;18;17;18;18;18;19;17;19
3;3;17;16;18;7;18;7;18;8;18;9;18;10;18;11;18;12;18;13;18;14;18;15;18;16;18;17;18;18;18;19;17;19;16;19
3;3;17;16;18;7;18;8;18;9;18;10;18;11;18;12;18;13;18;14;18;15;18;16;18;17;18;18;18;19;17;19;16;19;15;19
3;3;17;16;18;8;18;9;18;10;18;11;18;12;18;13;18;14;18;15;18;16;18;17;18;18;18;19;17;19;16;19;15;19;14;19
3;3;17;16;18;9;18;10;18;11;18;12;18;13;18;14;18;15;18;16;18;17;18;18;18;19;17;19;16;19;15;19;14;19;13;19
3;3;17;16;18;10;18;11;18;12;18;13;18;14;18;15;18;16;18;17;18;18;18;19;17;19;16;19;15;19;14;19;13;19;12;19
3;3;17;16;18;11;18;12;18;13;18;14;18;15;18;16;18;17;18;18;18;19;17;19;16;19;15;19;14;19;13;19;12;19;11;19
3;3;17;16;18;12;18;13;18;14;18;15;18;16;18;17;18;18;18;19;17;19;16;19;15;19;14;19;13;19;12;19;11;19;10;19
3;3;17;16;18;13;18;14;18;15;18;16;18;17;18;18;18;19;17;19;16;19;15;19;14;19;13;19;12;19;11;19;10;19;9;19
0;3;17;16;18;14;18;15;18;16;18;17;18;18;18;19;17;19;16;19;15;19;14;19;13;19;12;19;11;19;10;19;9;19;8;19
1;0;17;16;18;15;18;16;18;17;18;18;18;19;17;19;16;19;15;19;14;19;13;19;12;19;11;19;10;19;9;19;8;19;8;18
1;1;17;16;18;16;18;17;18;18;18;19;17;19;16;19;15;19;14;19;13;19;12;19;11;19;10;19;9;19;8;19;8;18;9;18
1;1;17;16;18;17;18;18;18;19;17;19;16;19;15;19;14;19;13;19;12;19;11;19;10;19;9;19;8;19;8;18;9;18;10;18
1;1;17;16;18;18;18;19;17;19;16;19;15;19;14;19;13;19;12;19;11;19;10;19;9;19;8;19;8;18;9;18;10;18;11;18
1;1;17;16;18;19;17;19;16;19;15;19;14;19;13;19;12;19;11;19;10;19;9;19;8;19;8;18;9;18;10;18;11;18;12;18
1;1;17;16;17;19;16;19;15;19;14;19;13;19;12;19;11;19;10;19;9;19;8;19;8;18;9;18;10;18;11;18;12;18;13;18
1;1;17;16;16;19;15;19;14;19;13;19;12;19;11;19;10;19;9;19;8;19;8;18;9;18;10;18;11;18;12;18;13;18;14;18
1;1;17;16;15;19;14;19;13;19;12;19;11;19;10;19;9;19;8;19;8;18;9;18;10;18;11;18;12;18;13;18;14;18;15;18
0;1;17;16;14;19;13;19;12;19;11;19;10;19;9;19;8;19;8;18;9;18;10;18;11;18;12;18;13;18;14;18;15;18;16;18
0;0;17;16;13;19;12;19;11;19;10;19;9;19;8;19;8;18;9;18;10;18;11;18;12;18;13;18;14;18;15;18;16;18;16;17
0;0;17;16;12;19;11;19;10;19;9;19;8;19;8;18;9;18;10;18;11;18;12;18;13;18;14;18;15;18;16;18;16;17;16;16
0;0;17;16;11;19;10;19;9;19;8;19;8;18;9;18;10;18;11;18;12;18;13;18;14;18;15;18;16;18;16;17;16;16;16;15
1;0;17;16;10;19;9;19;8;19;8;18;9;18;10;18;11;18;12;18;13;18;14;18;15;18;16;18;16;17;16;16;16;15;16;14
1;1;17;16;9;19;8;19;8;18;9;18;10;18;11;18;12;18;13;18;14;18;15;18;16;18;16;17;16;16;16;15;16;14;17;14
1;1;17;16;8;19;8;18;9;18;10;18;11;18;12;18;13;18;14;18;15;18;16;18;16;17;16;16;16;15;16;14;17;14;18;14
1;1;17;16;8;18;9;18;10;18;11;18;12;18;13;18;14;18;15;18;16;18;16;17;16;16;16;15;16;14;17;14;18;14;19;14
