20
1;1;7;12;8;10;9;10;10;10
1;1;7;12;9;10;10;10;11;10
1;1;7;12;10;10;11;10;12;10
1;1;7;12;11;10;12;10;13;10
1;1;7;12;12;10;13;10;14;10
0;1;7;12;13;10;14;10;15;10
0;0;7;12;14;10;15;10;15;9
0;0;7;12;15;10;15;9;15;8
3;0;7;12;15;9;15;8;15;7
3;3;7;12;15;8;15;7;14;7
3;3;7;12;15;7;14;7;13;7
3;3;7;12;14;7;13;7;12;7
3;3;7;12;13;7;12;7;11;7
3;3;7;12;12;7;11;7;10;7
3;3;7;12;11;7;10;7;9;7
2;3;7;12;10;7;9;7;8;7
2;2;7;12;9;7;8;7;8;8
2;2;7;12;8;7;8;8;8;9
2;2;7;12;8;8;8;9;8;10
2;2;7;12;8;9;8;10;8;11
3;2;7;12;8;10;8;11;8;12
3;3;11;18;8;11;8;11;8;12;7;12
3;3;11;18;8;11;8;12;7;12;6;12
2;3;11;18;8;12;7;12;6;12;5;12
2;2;11;18;7;12;6;12;5;12;5;13
2;2;11;18;6;12;5;12;5;13;5;14
2;2;11;18;5;12;5;13;5;14;5;15
2;2;11;18;5;13;5;14;5;15;5;16
2;2;11;18;5;14;5;15;5;16;5;17
1;2;11;18;5;15;5;16;5;17;5;18
1;1;11;18;5;16;5;17;5;18;6;18
1;1;11;18;5;17;5;18;6;18;7;18
1;1;11;18;5;18;6;18;7;18;8;18
1;1;11;18;6;18;7;18;8;18;9;18
1;1;11;18;7;18;8;18;9;18;10;18
1;1;8;19;8;18;8;18;9;18;10;18;11;18
0;1;8;19;8;18;9;18;10;18;11;18;12;18
0;0;8;19;9;18;10;18;11;18;12;18;12;17
3;0;8;19;10;18;11;18;12;18;12;17;12;16
3;3;8;19;11;18;12;18;12;17;12;16;11;16
3;3;8;19;12;18;12;17;12;16;11;16;10;16
3;3;8;19;12;17;12;16;11;16;10;16;9;16
2;3;8;19;12;16;11;16;10;16;9;16;8;16
2;2;8;19;11;16;10;16;9;16;8;16;8;17
2;2;8;19;10;16;9;16;8;16;8;17;8;18
1;2;7;0;9;16;9;16;8;16;8;17;8;18;8;19
1;1;7;0;9;16;8;16;8;17;8;18;8;19;9;19
1;1;7;0;8;16;8;17;8;18;8;19;9;19;10;19
0;1;7;0;8;17;8;18;8;19;9;19;10;19;11;19
0;0;7;0;8;18;8;19;9;19;10;19;11;19;11;18
0;0;7;0;8;19;9;19;10;19;11;19;11;18;11;17
0;0;7;0;9;19;10;19;11;19;11;18;11;17;11;16
0;0;7;0;10;19;11;19;11;18;11;17;11;16;11;15
0;0;7;0;11;19;11;18;11;17;11;16;11;15;11;14
0;0;7;0;11;18;11;17;11;16;11;15;11;14;11;13
0;0;7;0;11;17;11;16;11;15;11;14;11;13;11;12
0;0;7;0;11;16;11;15;11;14;11;13;11;12;11;11
0;0;7;0;11;15;11;14;11;13;11;12;11;11;11;10
0;0;7;0;11;14;11;13;11;12;11;11;11;10;11;9
0;0;7;0;11;13;11;12;11;11;11;10;11;9;11;8
0;0;7;0;11;12;11;11;11;10;11;9;11;8;11;7
0;0;7;0;11;11;11;10;11;9;11;8;11;7;11;6
0;0;7;0;11;10;11;9;11;8;11;7;11;6;11;5
0;0;7;0;11;9;11;8;11;7;11;6;11;5;11;4
0;0;7;0;11;8;11;7;11;6;11;5;11;4;11;3
0;0;7;0;11;7;11;6;11;5;11;4;11;3;11;2
0;0;7;0;11;6;11;5;11;4;11;3;11;2;11;1
3;0;7;0;11;5;11;4;11;3;11;2;11;1;11;0
3;3;7;0;11;4;11;3;11;2;11;1;11;0;10;0
3;3;7;0;11;3;11;2;11;1;11;0;10;0;9;0
3;3;7;0;11;2;11;1;11;0;10;0;9;0;8;0
3;3;15;9;11;1;11;1;11;0;10;0;9;0;8;0;7;0
3;3;15;9;11;1;11;0;10;0;9;0;8;0;7;0;6;0
2;3;15;9;11;0;10;0;9;0;8;0;7;0;6;0;5;0
2;2;15;9;10;0;9;0;8;0;7;0;6;0;5;0;5;1
1;2;15;9;9;0;8;0;7;0;6;0;5;0;5;1;5;2
1;1;15;9;8;0;7;0;6;0;5;0;5;1;5;2;6;2
1;1;15;9;7;0;6;0;5;0;5;1;5;2;6;2;7;2
1;1;15;9;6;0;5;0;5;1;5;2;6;2;7;2;8;2
1;1;15;9;5;0;5;1;5;2;6;2;7;2;8;2;9;2
1;1;15;9;5;1;5;2;6;2;7;2;8;2;9;2;10;2
1;1;15;9;5;2;6;2;7;2;8;2;9;2;10;2;11;2
1;1;15;9;6;2;7;2;8;2;9;2;10;2;11;2;12;2
1;1;15;9;7;2;8;2;9;2;10;2;11;2;12;2;13;2
2;1;15;9;8;2;9;2;10;2;11;2;12;2;13;2;14;2
2;2;15;9;9;2;10;2;11;2;12;2;13;2;14;2;14;3
2;2;15;9;10;2;11;2;12;2;13;2;14;2;14;3;14;4
2;2;15;9;11;2;12;2;13;2;14;2;14;3;14;4;14;5
2;2;15;9;12;2;13;2;14;2;14;3;14;4;14;5;14;6
2;2;15;9;13;2;14;2;14;3;14;4;14;5;14;6;14;7
2;2;15;9;14;2;14;3;14;4;14;5;14;6;14;7;14;8
1;2;15;9;14;3;14;4;14;5;14;6;14;7;14;8;14;9
1;1;0;14;14;4;14;4;14;5;14;6;14;7;14;8;14;9;15;9
1;1;0;14;14;4;14;5;14;6;14;7;14;8;14;9;15;9;16;9
2;1;0;14;14;5;14;6;14;7;14;8;14;9;15;9;16;9;17;9
2;2;0;14;14;6;14;7;14;8;14;9;15;9;16;9;17;9;17;10
2;2;0;14;14;7;14;8;14;9;15;9;16;9;17;9;17;10;17;11
3;2;0;14;14;8;14;9;15;9;16;9;17;9;17;10;17;11;17;12
3;3;0;14;14;9;15;9;16;9;17;9;17;10;17;11;17;12;16;12
3;3;0;14;15;9;16;9;17;9;17;10;17;11;17;12;16;12;15;12
3;3;0;14;16;9;17;9;17;10;17;11;17;12;16;12;15;12;14;12
3;3;0;14;17;9;17;10;17;11;17;12;16;12;15;12;14;12;13;12
3;3;0;14;17;10;17;11;17;12;16;12;15;12;14;12;13;12;12;12
3;3;0;14;17;11;17;12;16;12;15;12;14;12;13;12;12;12;11;12
3;3;0;14;17;12;16;12;15;12;14;12;13;12;12;12;11;12;10;12
3;3;0;14;16;12;15;12;14;12;13;12;12;12;11;12;10;12;9;12
3;3;0;14;15;12;14;12;13;12;12;12;11;12;10;12;9;12;8;12
3;3;0;14;14;12;13;12;12;12;11;12;10;12;9;12;8;12;7;12
3;3;0;14;13;12;12;12;11;12;10;12;9;12;8;12;7;12;6;12
3;3;0;14;12;12;11;12;10;12;9;12;8;12;7;12;6;12;5;12
3;3;0;14;11;12;10;12;9;12;8;12;7;12;6;12;5;12;4;12
3;3;0;14;10;12;9;12;8;12;7;12;6;12;5;12;4;12;3;12
3;3;0;14;9;12;8;12;7;12;6;12;5;12;4;12;3;12;2;12
3;3;0;14;8;12;7;12;6;12;5;12;4;12;3;12;2;12;1;12
2;3;0;14;7;12;6;12;5;12;4;12;3;12;2;12;1;12;0;12
2;2;0;14;6;12;5;12;4;12;3;12;2;12;1;12;0;12;0;13
2;2;17;13;5;12;5;12;4;12;3;12;2;12;1;12;0;12;0;13;0;14
2;2;17;13;5;12;4;12;3;12;2;12;1;12;0;12;0;13;0;14;0;15
1;2;17;13;4;12;3;12;2;12;1;12;0;12;0;13;0;14;0;15;0;16
1;1;17;13;3;12;2;12;1;12;0;12;0;13;0;14;0;15;0;16;1;16
1;1;17;13;2;12;1;12;0;12;0;13;0;14;0;15;0;16;1;16;2;16
0;1;17;13;1;12;0;12;0;13;0;14;0;15;0;16;1;16;2;16;3;16
0;0;17;13;0;12;0;13;0;14;0;15;0;16;1;16;2;16;3;16;3;15
0;0;17;13;0;13;0;14;0;15;0;16;1;16;2;16;3;16;3;15;3;14
1;0;17;13;0;14;0;15;0;16;1;16;2;16;3;16;3;15;3;14;3;13
1;1;17;13;0;15;0;16;1;16;2;16;3;16;3;15;3;14;3;13;4;13
1;1;17;13;0;16;1;16;2;16;3;16;3;15;3;14;3;13;4;13;5;13
1;1;17;13;1;16;2;16;3;16;3;15;3;14;3;13;4;13;5;13;6;13
1;1;17;13;2;16;3;16;3;15;3;14;3;13;4;13;5;13;6;13;7;13
1;1;17;13;3;16;3;15;3;14;3;13;4;13;5;13;6;13;7;13;8;13
1;1;17;13;3;15;3;14;3;13;4;13;5;13;6;13;7;13;8;13;9;13
1;1;17;13;3;14;3;13;4;13;5;13;6;13;7;13;8;13;9;13;10;13
1;1;17;13;3;13;4;13;5;13;6;13;7;13;8;13;9;13;10;13;11;13
1;1;17;13;4;13;5;13;6;13;7;13;8;13;9;13;10;13;11;13;12;13
1;1;17;13;5;13;6;13;7;13;8;13;9;13;10;13;11;13;12;13;13;13
1;1;17;13;6;13;7;13;8;13;9;13;10;13;11;13;12;13;13;13;14;13
1;1;17;13;7;13;8;13;9;13;10;13;11;13;12;13;13;13;14;13;15;13
1;1;17;13;8;13;9;13;10;13;11;13;12;13;13;13;14;13;15;13;16;13
0;1;4;1;9;13;9;13;10;13;11;13;12;13;13;13;14;13;15;13;16;13;17;13
0;0;4;1;9;13;10;13;11;13;12;13;13;13;14;13;15;13;16;13;17;13;17;12
0;0;4;1;10;13;11;13;12;13;13;13;14;13;15;13;16;13;17;13;17;12;17;11
0;0;4;1;11;13;12;13;13;13;14;13;15;13;16;13;17;13;17;12;17;11;17;10
0;0;4;1;12;13;13;13;14;13;15;13;16;13;17;13;17;12;17;11;17;10;17;9
0;0;4;1;13;13;14;13;15;13;16;13;17;13;17;12;17;11;17;10;17;9;17;8
0;0;4;1;14;13;15;13;16;13;17;13;17;12;17;11;17;10;17;9;17;8;17;7
0;0;4;1;15;13;16;13;17;13;17;12;17;11;17;10;17;9;17;8;17;7;17;6
0;0;4;1;16;13;17;13;17;12;17;11;17;10;17;9;17;8;17;7;17;6;17;5
0;0;4;1;17;13;17;12;17;11;17;10;17;9;17;8;17;7;17;6;17;5;17;4
0;0;4;1;17;12;17;11;17;10;17;9;17;8;17;7;17;6;17;5;17;4;17;3
0;0;4;1;17;11;17;10;17;9;17;8;17;7;17;6;17;5;17;4;17;3;17;2
3;0;4;1;17;10;17;9;17;8;17;7;17;6;17;5;17;4;17;3;17;2;17;1
3;3;4;1;17;9;17;8;17;7;17;6;17;5;17;4;17;3;17;2;17;1;16;1
3;3;4;1;17;8;17;7;17;6;17;5;17;4;17;3;17;2;17;1;16;1;15;1
3;3;4;1;17;7;17;6;17;5;17;4;17;3;17;2;17;1;16;1;15;1;14;1
3;3;4;1;17;6;17;5;17;4;17;3;17;2;17;1;16;1;15;1;14;1;13;1
3;3;4;1;17;5;17;4;17;3;17;2;17;1;16;1;15;1;14;1;13;1;12;1
3;3;4;1;17;4;17;3;17;2;17;1;16;1;15;1;14;1;13;1;12;1;11;1
3;3;4;1;17;3;17;2;17;1;16;1;15;1;14;1;13;1;12;1;11;1;10;1
3;3;4;1;17;2;17;1;16;1;15;1;14;1;13;1;12;1;11;1;10;1;9;1
3;3;4;1;17;1;16;1;15;1;14;1;13;1;12;1;11;1;10;1;9;1;8;1
3;3;4;1;16;1;15;1;14;1;13;1;12;1;11;1;10;1;9;1;8;1;7;1
3;3;4;1;15;1;14;1;13;1;12;1;11;1;10;1;9;1;8;1;7;1;6;1
3;3;4;1;14;1;13;1;12;1;11;1;10;1;9;1;8;1;7;1;6;1;5;1
2;3;15;6;13;1;13;1;12;1;11;1;10;1;9;1;8;1;7;1;6;1;5;1;4;1
2;2;15;6;13;1;12;1;11;1;10;1;9;1;8;1;7;1;6;1;5;1;4;1;4;2
2;2;15;6;12;1;11;1;10;1;9;1;8;1;7;1;6;1;5;1;4;1;4;2;4;3
1;2;15;6;11;1;10;1;9;1;8;1;7;1;6;1;5;1;4;1;4;2;4;3;4;4
1;1;15;6;10;1;9;1;8;1;7;1;6;1;5;1;4;1;4;2;4;3;4;4;5;4
1;1;15;6;9;1;8;1;7;1;6;1;5;1;4;1;4;2;4;3;4;4;5;4;6;4
1;1;15;6;8;1;7;1;6;1;5;1;4;1;4;2;4;3;4;4;5;4;6;4;7;4
1;1;15;6;7;1;6;1;5;1;4;1;4;2;4;3;4;4;5;4;6;4;7;4;8;4
1;1;15;6;6;1;5;1;4;1;4;2;4;3;4;4;5;4;6;4;7;4;8;4;9;4
1;1;15;6;5;1;4;1;4;2;4;3;4;4;5;4;6;4;7;4;8;4;9;4;10;4
1;1;15;6;4;1;4;2;4;3;4;4;5;4;6;4;7;4;8;4;9;4;10;4;11;4
1;1;15;6;4;2;4;3;4;4;5;4;6;4;7;4;8;4;9;4;10;4;11;4;12;4
1;1;15;6;4;3;4;4;5;4;6;4;7;4;8;4;9;4;10;4;11;4;12;4;13;4
1;1;15;6;4;4;5;4;6;4;7;4;8;4;9;4;10;4;11;4;12;4;13;4;14;4
2;1;15;6;5;4;6;4;7;4;8;4;9;4;10;4;11;4;12;4;13;4;14;4;15;4
2;2;15;6;6;4;7;4;8;4;9;4;10;4;11;4;12;4;13;4;14;4;15;4;15;5
2;2;15;15;7;4;7;4;8;4;9;4;10;4;11;4;12;4;13;4;14;4;15;4;15;5;15;6
2;2;15;15;7;4;8;4;9;4;10;4;11;4;12;4;13;4;14;4;15;4;15;5;15;6;15;7
2;2;15;15;8;4;9;4;10;4;11;4;12;4;13;4;14;4;15;4;15;5;15;6;15;7;15;8
2;2;15;15;9;4;10;4;11;4;12;4;13;4;14;4;15;4;15;5;15;6;15;7;15;8;15;9
2;2;15;15;10;4;11;4;12;4;13;4;14;4;15;4;15;5;15;6;15;7;15;8;15;9;15;10
2;2;15;15;11;4;12;4;13;4;14;4;15;4;15;5;15;6;15;7;15;8;15;9;15;10;15;11
2;2;15;15;12;4;13;4;14;4;15;4;15;5;15;6;15;7;15;8;15;9;15;10;15;11;15;12
2;2;15;15;13;4;14;4;15;4;15;5;15;6;15;7;15;8;15;9;15;10;15;11;15;12;15;13
2;2;15;15;14;4;15;4;15;5;15;6;15;7;15;8;15;9;15;10;15;11;15;12;15;13;15;14
3;2;2;14;15;4;15;4;15;5;15;6;15;7;15;8;15;9;15;10;15;11;15;12;15;13;15;14;15;15
3;3;2;14;15;4;15;5;15;6;15;7;15;8;15;9;15;10;15;11;15;12;15;13;15;14;15;15;14;15
3;3;2;14;15;5;15;6;15;7;15;8;15;9;15;10;15;11;15;12;15;13;15;14;15;15;14;15;13;15
3;3;2;14;15;6;15;7;15;8;15;9;15;10;15;11;15;12;15;13;15;14;15;15;14;15;13;15;12;15
3;3;2;14;15;7;15;8;15;9;15;10;15;11;15;12;15;13;15;14;15;15;14;15;13;15;12;15;11;15
3;3;2;14;15;8;15;9;15;10;15;11;15;12;15;13;15;14;15;15;14;15;13;15;12;15;11;15;10;15
3;3;2;14;15;9;15;10;15;11;15;12;15;13;15;14;15;15;14;15;13;15;12;15;11;15;10;15;9;15
3;3;2;14;15;10;15;11;15;12;15;13;15;14;15;15;14;15;13;15;12;15;11;15;10;15;9;15;8;15
3;3;2;14;15;11;15;12;15;13;15;14;15;15;14;15;13;15;12;15;11;15;10;15;9;15;8;15;7;15
3;3;2;14;15;12;15;13;15;14;15;15;14;15;13;15;12;15;11;15;10;15;9;15;8;15;7;15;6;15
3;3;2;14;15;13;15;14;15;15;14;15;13;15;12;15;11;15;10;15;9;15;8;15;7;15;6;15;5;15
3;3;2;14;15;14;15;15;14;15;13;15;12;15;11;15;10;15;9;15;8;15;7;15;6;15;5;15;4;15
3;3;2;14;15;15;14;15;13;15;12;15;11;15;10;15;9;15;8;15;7;15;6;15;5;15;4;15;3;15
0;3;2;14;14;15;13;15;12;15;11;15;10;15;9;15;8;15;7;15;6;15;5;15;4;15;3;15;2;15
0;0;1;14;13;15;13;15;12;15;11;15;10;15;9;15;8;15;7;15;6;15;5;15;4;15;3;15;2;15;2;14
0;0;1;14;13;15;12;15;11;15;10;15;9;15;8;15;7;15;6;15;5;15;4;15;3;15;2;15;2;14;2;13
0;0;1;14;12;15;11;15;10;15;9;15;8;15;7;15;6;15;5;15;4;15;3;15;2;15;2;14;2;13;2;12
0;0;1;14;11;15;10;15;9;15;8;15;7;15;6;15;5;15;4;15;3;15;2;15;2;14;2;13;2;12;2;11
0;0;1;14;10;15;9;15;8;15;7;15;6;15;5;15;4;15;3;15;2;15;2;14;2;13;2;12;2;11;2;10
0;0;1;14;9;15;8;15;7;15;6;15;5;15;4;15;3;15;2;15;2;14;2;13;2;12;2;11;2;10;2;9
3;0;1;14;8;15;7;15;6;15;5;15;4;15;3;15;2;15;2;14;2;13;2;12;2;11;2;10;2;9;2;8
3;3;1;14;7;15;6;15;5;15;4;15;3;15;2;15;2;14;2;13;2;12;2;11;2;10;2;9;2;8;1;8
2;3;1;14;6;15;5;15;4;15;3;15;2;15;2;14;2;13;2;12;2;11;2;10;2;9;2;8;1;8;0;8
2;2;1;14;5;15;4;15;3;15;2;15;2;14;2;13;2;12;2;11;2;10;2;9;2;8;1;8;0;8;0;9
2;2;1;14;4;15;3;15;2;15;2;14;2;13;2;12;2;11;2;10;2;9;2;8;1;8;0;8;0;9;0;10
2;2;1;14;3;15;2;15;2;14;2;13;2;12;2;11;2;10;2;9;2;8;1;8;0;8;0;9;0;10;0;11
2;2;1;14;2;15;2;14;2;13;2;12;2;11;2;10;2;9;2;8;1;8;0;8;0;9;0;10;0;11;0;12
2;2;1;14;2;14;2;13;2;12;2;11;2;10;2;9;2;8;1;8;0;8;0;9;0;10;0;11;0;12;0;13
2;2;1;14;2;13;2;12;2;11;2;10;2;9;2;8;1;8;0;8;0;9;0;10;0;11;0;12;0;13;0;14
2;2;1;14;2;12;2;11;2;10;2;9;2;8;1;8;0;8;0;9;0;10;0;11;0;12;0;13;0;14;0;15
1;2;1;14;2;11;2;10;2;9;2;8;1;8;0;8;0;9;0;10;0;11;0;12;0;13;0;14;0;15;0;16
0;1;1;14;2;10;2;9;2;8;1;8;0;8;0;9;0;10;0;11;0;12;0;13;0;14;0;15;0;16;1;16
0;0;1;14;2;9;2;8;1;8;0;8;0;9;0;10;0;11;0;12;0;13;0;14;0;15;0;16;1;16;1;15
0;0;12;19;2;8;2;8;1;8;0;8;0;9;0;10;0;11;0;12;0;13;0;14;0;15;0;16;1;16;1;15;1;14
0;0;12;19;2;8;1;8;0;8;0;9;0;10;0;11;0;12;0;13;0;14;0;15;0;16;1;16;1;15;1;14;1;13
0;0;12;19;1;8;0;8;0;9;0;10;0;11;0;12;0;13;0;14;0;15;0;16;1;16;1;15;1;14;1;13;1;12
1;0;12;19;0;8;0;9;0;10;0;11;0;12;0;13;0;14;0;15;0;16;1;16;1;15;1;14;1;13;1;12;1;11
1;1;12;19;0;9;0;10;0;11;0;12;0;13;0;14;0;15;0;16;1;16;1;15;1;14;1;13;1;12;1;11;2;11
2;1;12;19;0;10;0;11;0;12;0;13;0;14;0;15;0;16;1;16;1;15;1;14;1;13;1;12;1;11;2;11;3;11
2;2;12;19;0;11;0;12;0;13;0;14;0;15;0;16;1;16;1;15;1;14;1;13;1;12;1;11;2;11;3;11;3;12
2;2;12;19;0;12;0;13;0;14;0;15;0;16;1;16;1;15;1;14;1;13;1;12;1;11;2;11;3;11;3;12;3;13
2;2;12;19;0;13;0;14;0;15;0;16;1;16;1;15;1;14;1;13;1;12;1;11;2;11;3;11;3;12;3;13;3;14
2;2;12;19;0;14;0;15;0;16;1;16;1;15;1;14;1;13;1;12;1;11;2;11;3;11;3;12;3;13;3;14;3;15
2;2;12;19;0;15;0;16;1;16;1;15;1;14;1;13;1;12;1;11;2;11;3;11;3;12;3;13;3;14;3;15;3;16
2;2;12;19;0;16;1;16;1;15;1;14;1;13;1;12;1;11;2;11;3;11;3;12;3;13;3;14;3;15;3;16;3;17
2;2;12;19;1;16;1;15;1;14;1;13;1;12;1;11;2;11;3;11;3;12;3;13;3;14;3;15;3;16;3;17;3;18
1;2;12;19;1;15;1;14;1;13;1;12;1;11;2;11;3;11;3;12;3;13;3;14;3;15;3;16;3;17;3;18;3;19
1;1;12;19;1;14;1;13;1;12;1;11;2;11;3;11;3;12;3;13;3;14;3;15;3;16;3;17;3;18;3;19;4;19
1;1;12;19;1;13;1;12;1;11;2;11;3;11;3;12;3;13;3;14;3;15;3;16;3;17;3;18;3;19;4;19;5;19
1;1;12;19;1;12;1;11;2;11;3;11;3;12;3;13;3;14;3;15;3;16;3;17;3;18;3;19;4;19;5;19;6;19
1;1;12;19;1;11;2;11;3;11;3;12;3;13;3;14;3;15;3;16;3;17;3;18;3;19;4;19;5;19;6;19;7;19
1;1;12;19;2;11;3;11;3;12;3;13;3;14;3;15;3;16;3;17;3;18;3;19;4;19;5;19;6;19;7;19;8;19
1;1;12;19;3;11;3;12;3;13;3;14;3;15;3;16;3;17;3;18;3;19;4;19;5;19;6;19;7;19;8;19;9;19
1;1;12;19;3;12;3;13;3;14;3;15;3;16;3;17;3;18;3;19;4;19;5;19;6;19;7;19;8;19;9;19;10;19
1;1;12;19;3;13;3;14;3;15;3;16;3;17;3;18;3;19;4;19;5;19;6;19;7;19;8;19;9;19;10;19;11;19
1;1;11;17;3;14;3;14;3;15;3;16;3;17;3;18;3;19;4;19;5;19;6;19;7;19;8;19;9;19;10;19;11;19;12;19
0;1;11;17;3;14;3;15;3;16;3;17;3;18;3;19;4;19;5;19;6;19;7;19;8;19;9;19;10;19;11;19;12;19;13;19
0;0;11;17;3;15;3;16;3;17;3;18;3;19;4;19;5;19;6;19;7;19;8;19;9;19;10;19;11;19;12;19;13;19;13;18
0;0;11;17;3;16;3;17;3;18;3;19;4;19;5;19;6;19;7;19;8;19;9;19;10;19;11;19;12;19;13;19;13;18;13;17
3;0;11;17;3;17;3;18;3;19;4;19;5;19;6;19;7;19;8;19;9;19;10;19;11;19;12;19;13;19;13;18;13;17;13;16
3;3;11;17;3;18;3;19;4;19;5;19;6;19;7;19;8;19;9;19;10;19;11;19;12;19;13;19;13;18;13;17;13;16;12;16
3;3;11;17;3;19;4;19;5;19;6;19;7;19;8;19;9;19;10;19;11;19;12;19;13;19;13;18;13;17;13;16;12;16;11;16
3;3;11;17;4;19;5;19;6;19;7;19;8;19;9;19;10;19;11;19;12;19;13;19;13;18;13;17;13;16;12;16;11;16;10;16
3;3;11;17;5;19;6;19;7;19;8;19;9;19;10;19;11;19;12;19;13;19;13;18;13;17;13;16;12;16;11;16;10;16;9;16
3;3;11;17;6;19;7;19;8;19;9;19;10;19;11;19;12;19;13;19;13;18;13;17;13;16;12;16;11;16;10;16;9;16;8;16
3;3;11;17;7;19;8;19;9;19;10;19;11;19;12;19;13;19;13;18;13;17;13;16;12;16;11;16;10;16;9;16;8;16;7;16
2;3;11;17;8;19;9;19;10;19;11;19;12;19;13;19;13;18;13;17;13;16;12;16;11;16;10;16;9;16;8;16;7;16;6;16
1;2;11;17;9;19;10;19;11;19;12;19;13;19;13;18;13;17;13;16;12;16;11;16;10;16;9;16;8;16;7;16;6;16;6;17
1;1;11;17;10;19;11;19;12;19;13;19;13;18;13;17;13;16;12;16;11;16;10;16;9;16;8;16;7;16;6;16;6;17;7;17
1;1;11;17;11;19;12;19;13;19;13;18;13;17;13;16;12;16;11;16;10;16;9;16;8;16;7;16;6;16;6;17;7;17;8;17
1;1;11;17;12;19;13;19;13;18;13;17;13;16;12;16;11;16;10;16;9;16;8;16;7;16;6;16;6;17;7;17;8;17;9;17
1;1;11;17;13;19;13;18;13;17;13;16;12;16;11;16;10;16;9;16;8;16;7;16;6;16;6;17;7;17;8;17;9;17;10;17
1;1;1;5;13;18;13;18;13;17;13;16;12;16;11;16;10;16;9;16;8;16;7;16;6;16;6;17;7;17;8;17;9;17;10;17;11;17
1;1;1;5;13;18;13;17;13;16;12;16;11;16;10;16;9;16;8;16;7;16;6;16;6;17;7;17;8;17;9;17;10;17;11;17;12;17
