20
0;1;0;11;8;10;9;10;10;10
0;0;0;11;9;10;10;10;10;9
0;0;0;11;10;10;10;9;10;8
0;0;0;11;10;9;10;8;10;7
0;0;0;11;10;8;10;7;10;6
0;0;0;11;10;7;10;6;10;5
0;0;0;11;10;6;10;5;10;4
0;0;0;11;10;5;10;4;10;3
0;0;0;11;10;4;10;3;10;2
0;0;0;11;10;3;10;2;10;1
3;0;0;11;10;2;10;1;10;0
3;3;0;11;10;1;10;0;9;0
2;3;0;11;10;0;9;0;8;0
2;2;0;11;9;0;8;0;8;1
2;2;0;11;8;0;8;1;8;2
2;2;0;11;8;1;8;2;8;3
2;2;0;11;8;2;8;3;8;4
2;2;0;11;8;3;8;4;8;5
2;2;0;11;8;4;8;5;8;6
2;2;0;11;8;5;8;6;8;7
2;2;0;11;8;6;8;7;8;8
2;2;0;11;8;7;8;8;8;9
2;2;0;11;8;8;8;9;8;10
2;2;0;11;8;9;8;10;8;11
2;2;0;11;8;10;8;11;8;12
2;2;0;11;8;11;8;12;8;13
3;2;0;11;8;12;8;13;8;14
3;3;0;11;8;13;8;14;7;14
3;3;0;11;8;14;7;14;6;14
3;3;0;11;7;14;6;14;5;14
3;3;0;11;6;14;5;14;4;14
3;3;0;11;5;14;4;14;3;14
3;3;0;11;4;14;3;14;2;14
3;3;0;11;3;14;2;14;1;14
0;3;0;11;2;14;1;14;0;14
0;0;0;11;1;14;0;14;0;13
0;0;0;11;0;14;0;13;0;12
0;0;1;1;0;13;0;13;0;12;0;11
0;0;1;1;0;13;0;12;0;11;0;10
0;0;1;1;0;12;0;11;0;10;0;9
0;0;1;1;0;11;0;10;0;9;0;8
0;0;1;1;0;10;0;9;0;8;0;7
0;0;1;1;0;9;0;8;0;7;0;6
0;0;1;1;0;8;0;7;0;6;0;5
0;0;1;1;0;7;0;6;0;5;0;4
0;0;1;1;0;6;0;5;0;4;0;3
0;0;1;1;0;5;0;4;0;3;0;2
1;0;1;1;0;4;0;3;0;2;0;1
1;1;11;15;0;3;0;3;0;2;0;1;1;1
1;1;11;15;0;3;0;2;0;1;1;1;2;1
1;1;11;15;0;2;0;1;1;1;2;1;3;1
1;1;11;15;0;1;1;1;2;1;3;1;4;1
1;1;11;15;1;1;2;1;3;1;4;1;5;1
2;1;11;15;2;1;3;1;4;1;5;1;6;1
2;2;11;15;3;1;4;1;5;1;6;1;6;2
2;2;11;15;4;1;5;1;6;1;6;2;6;3
2;2;11;15;5;1;6;1;6;2;6;3;6;4
2;2;11;15;6;1;6;2;6;3;6;4;6;5
2;2;11;15;6;2;6;3;6;4;6;5;6;6
2;2;11;15;6;3;6;4;6;5;6;6;6;7
2;2;11;15;6;4;6;5;6;6;6;7;6;8
2;2;11;15;6;5;6;6;6;7;6;8;6;9
2;2;11;15;6;6;6;7;6;8;6;9;6;10
2;2;11;15;6;7;6;8;6;9;6;10;6;11
2;2;11;15;6;8;6;9;6;10;6;11;6;12
2;2;11;15;6;9;6;10;6;11;6;12;6;13
1;2;11;15;6;10;6;11;6;12;6;13;6;14
1;1;11;15;6;11;6;12;6;13;6;14;7;14
1;1;11;15;6;12;6;13;6;14;7;14;8;14
1;1;11;15;6;13;6;14;7;14;8;14;9;14
1;1;11;15;6;14;7;14;8;14;9;14;10;14
2;1;11;15;7;14;8;14;9;14;10;14;11;14
2;2;16;10;8;14;8;14;9;14;10;14;11;14;11;15
2;2;16;10;8;14;9;14;10;14;11;14;11;15;11;16
3;2;16;10;9;14;10;14;11;14;11;15;11;16;11;17
3;3;16;10;10;14;11;14;11;15;11;16;11;17;10;17
3;3;16;10;11;14;11;15;11;16;11;17;10;17;9;17
3;3;16;10;11;15;11;16;11;17;10;17;9;17;8;17
3;3;16;10;11;16;11;17;10;17;9;17;8;17;7;17
0;3;16;10;11;17;10;17;9;17;8;17;7;17;6;17
0;0;16;10;10;17;9;17;8;17;7;17;6;17;6;16
0;0;16;10;9;17;8;17;7;17;6;17;6;16;6;15
0;0;16;10;8;17;7;17;6;17;6;16;6;15;6;14
0;0;16;10;7;17;6;17;6;16;6;15;6;14;6;13
1;0;16;10;6;17;6;16;6;15;6;14;6;13;6;12
1;1;16;10;6;16;6;15;6;14;6;13;6;12;7;12
1;1;16;10;6;15;6;14;6;13;6;12;7;12;8;12
1;1;16;10;6;14;6;13;6;12;7;12;8;12;9;12
1;1;16;10;6;13;6;12;7;12;8;12;9;12;10;12
1;1;16;10;6;12;7;12;8;12;9;12;10;12;11;12
1;1;16;10;7;12;8;12;9;12;10;12;11;12;12;12
1;1;16;10;8;12;9;12;10;12;11;12;12;12;13;12
1;1;16;10;9;12;10;12;11;12;12;12;13;12;14;12
1;1;16;10;10;12;11;12;12;12;13;12;14;12;15;12
1;1;16;10;11;12;12;12;13;12;14;12;15;12;16;12
0;1;16;10;12;12;13;12;14;12;15;12;16;12;17;12
0;0;16;10;13;12;14;12;15;12;16;12;17;12;17;11
0;0;16;10;14;12;15;12;16;12;17;12;17;11;17;10
3;0;16;10;15;12;16;12;17;12;17;11;17;10;17;9
3;3;16;10;16;12;17;12;17;11;17;10;17;9;16;9
3;3;16;10;17;12;17;11;17;10;17;9;16;9;15;9
3;3;16;10;17;11;17;10;17;9;16;9;15;9;14;9
3;3;16;10;17;10;17;9;16;9;15;9;14;9;13;9
3;3;16;10;17;9;16;9;15;9;14;9;13;9;12;9
3;3;16;10;16;9;15;9;14;9;13;9;12;9;11;9
3;3;16;10;15;9;14;9;13;9;12;9;11;9;10;9
3;3;16;10;14;9;13;9;12;9;11;9;10;9;9;9
2;3;16;10;13;9;12;9;11;9;10;9;9;9;8;9
2;2;16;10;12;9;11;9;10;9;9;9;8;9;8;10
1;2;16;10;11;9;10;9;9;9;8;9;8;10;8;11
1;1;16;10;10;9;9;9;8;9;8;10;8;11;9;11
1;1;16;10;9;9;8;9;8;10;8;11;9;11;10;11
1;1;16;10;8;9;8;10;8;11;9;11;10;11;11;11
1;1;16;10;8;10;8;11;9;11;10;11;11;11;12;11
1;1;16;10;8;11;9;11;10;11;11;11;12;11;13;11
1;1;16;10;9;11;10;11;11;11;12;11;13;11;14;11
1;1;16;10;10;11;11;11;12;11;13;11;14;11;15;11
0;1;16;10;11;11;12;11;13;11;14;11;15;11;16;11
0;0;5;3;12;11;12;11;13;11;14;11;15;11;16;11;16;10
0;0;5;3;12;11;13;11;14;11;15;11;16;11;16;10;16;9
0;0;5;3;13;11;14;11;15;11;16;11;16;10;16;9;16;8
0;0;5;3;14;11;15;11;16;11;16;10;16;9;16;8;16;7
0;0;5;3;15;11;16;11;16;10;16;9;16;8;16;7;16;6
0;0;5;3;16;11;16;10;16;9;16;8;16;7;16;6;16;5
3;0;5;3;16;10;16;9;16;8;16;7;16;6;16;5;16;4
3;3;5;3;16;9;16;8;16;7;16;6;16;5;16;4;15;4
3;3;5;3;16;8;16;7;16;6;16;5;16;4;15;4;14;4
3;3;5;3;16;7;16;6;16;5;16;4;15;4;14;4;13;4
3;3;5;3;16;6;16;5;16;4;15;4;14;4;13;4;12;4
3;3;5;3;16;5;16;4;15;4;14;4;13;4;12;4;11;4
3;3;5;3;16;4;15;4;14;4;13;4;12;4;11;4;10;4
3;3;5;3;15;4;14;4;13;4;12;4;11;4;10;4;9;4
3;3;5;3;14;4;13;4;12;4;11;4;10;4;9;4;8;4
3;3;5;3;13;4;12;4;11;4;10;4;9;4;8;4;7;4
3;3;5;3;12;4;11;4;10;4;9;4;8;4;7;4;6;4
3;3;5;3;11;4;10;4;9;4;8;4;7;4;6;4;5;4
0;3;5;3;10;4;9;4;8;4;7;4;6;4;5;4;4;4
0;0;5;3;9;4;8;4;7;4;6;4;5;4;4;4;4;3
1;0;5;3;8;4;7;4;6;4;5;4;4;4;4;3;4;2
1;1;5;3;7;4;6;4;5;4;4;4;4;3;4;2;5;2
1;1;5;3;6;4;5;4;4;4;4;3;4;2;5;2;6;2
1;1;5;3;5;4;4;4;4;3;4;2;5;2;6;2;7;2
2;1;5;3;4;4;4;3;4;2;5;2;6;2;7;2;8;2
3;2;5;3;4;3;4;2;5;2;6;2;7;2;8;2;8;3
3;3;5;3;4;2;5;2;6;2;7;2;8;2;8;3;7;3
3;3;5;3;5;2;6;2;7;2;8;2;8;3;7;3;6;3
0;3;0;12;6;2;6;2;7;2;8;2;8;3;7;3;6;3;5;3
0;0;0;12;6;2;7;2;8;2;8;3;7;3;6;3;5;3;5;2
0;0;0;12;7;2;8;2;8;3;7;3;6;3;5;3;5;2;5;1
0;0;0;12;8;2;8;3;7;3;6;3;5;3;5;2;5;1;5;0
