20
1;1;2;12;8;10;9;10;10;10
1;1;2;12;9;10;10;10;11;10
1;1;2;12;10;10;11;10;12;10
1;1;2;12;11;10;12;10;13;10
1;1;2;12;12;10;13;10;14;10
0;1;2;12;13;10;14;10;15;10
0;0;2;12;14;10;15;10;15;9
3;0;2;12;15;10;15;9;15;8
3;3;2;12;15;9;15;8;14;8
3;3;2;12;15;8;14;8;13;8
3;3;2;12;14;8;13;8;12;8
3;3;2;12;13;8;12;8;11;8
3;3;2;12;12;8;11;8;10;8
3;3;2;12;11;8;10;8;9;8
3;3;2;12;10;8;9;8;8;8
3;3;2;12;9;8;8;8;7;8
3;3;2;12;8;8;7;8;6;8
3;3;2;12;7;8;6;8;5;8
3;3;2;12;6;8;5;8;4;8
3;3;2;12;5;8;4;8;3;8
2;3;2;12;4;8;3;8;2;8
2;2;2;12;3;8;2;8;2;9
2;2;2;12;2;8;2;9;2;10
2;2;2;12;2;9;2;10;2;11
1;2;18;15;2;10;2;10;2;11;2;12
1;1;18;15;2;10;2;11;2;12;3;12
1;1;18;15;2;11;2;12;3;12;4;12
1;1;18;15;2;12;3;12;4;12;5;12
1;1;18;15;3;12;4;12;5;12;6;12
1;1;18;15;4;12;5;12;6;12;7;12
1;1;18;15;5;12;6;12;7;12;8;12
1;1;18;15;6;12;7;12;8;12;9;12
1;1;18;15;7;12;8;12;9;12;10;12
1;1;18;15;8;12;9;12;10;12;11;12
1;1;18;15;9;12;10;12;11;12;12;12
1;1;18;15;10;12;11;12;12;12;13;12
1;1;18;15;11;12;12;12;13;12;14;12
1;1;18;15;12;12;13;12;14;12;15;12
1;1;18;15;13;12;14;12;15;12;16;12
1;1;18;15;14;12;15;12;16;12;17;12
2;1;18;15;15;12;16;12;17;12;18;12
2;2;18;15;16;12;17;12;18;12;18;13
2;2;18;15;17;12;18;12;18;13;18;14
3;2;16;18;18;12;18;12;18;13;18;14;18;15
3;3;16;18;18;12;18;13;18;14;18;15;17;15
3;3;16;18;18;13;18;14;18;15;17;15;16;15
2;3;16;18;18;14;18;15;17;15;16;15;15;15
2;2;16;18;18;15;17;15;16;15;15;15;15;16
2;2;16;18;17;15;16;15;15;15;15;16;15;17
1;2;16;18;16;15;15;15;15;16;15;17;15;18
1;1;5;12;15;15;15;15;15;16;15;17;15;18;16;18
0;1;5;12;15;15;15;16;15;17;15;18;16;18;17;18
0;0;5;12;15;16;15;17;15;18;16;18;17;18;17;17
0;0;5;12;15;17;15;18;16;18;17;18;17;17;17;16
0;0;5;12;15;18;16;18;17;18;17;17;17;16;17;15
0;0;5;12;16;18;17;18;17;17;17;16;17;15;17;14
3;0;5;12;17;18;17;17;17;16;17;15;17;14;17;13
3;3;5;12;17;17;17;16;17;15;17;14;17;13;16;13
3;3;5;12;17;16;17;15;17;14;17;13;16;13;15;13
3;3;5;12;17;15;17;14;17;13;16;13;15;13;14;13
3;3;5;12;17;14;17;13;16;13;15;13;14;13;13;13
3;3;5;12;17;13;16;13;15;13;14;13;13;13;12;13
3;3;5;12;16;13;15;13;14;13;13;13;12;13;11;13
3;3;5;12;15;13;14;13;13;13;12;13;11;13;10;13
3;3;5;12;14;13;13;13;12;13;11;13;10;13;9;13
3;3;5;12;13;13;12;13;11;13;10;13;9;13;8;13
3;3;5;12;12;13;11;13;10;13;9;13;8;13;7;13
3;3;5;12;11;13;10;13;9;13;8;13;7;13;6;13
0;3;5;12;10;13;9;13;8;13;7;13;6;13;5;13
0;0;4;7;9;13;9;13;8;13;7;13;6;13;5;13;5;12
0;0;4;7;9;13;8;13;7;13;6;13;5;13;5;12;5;11
0;0;4;7;8;13;7;13;6;13;5;13;5;12;5;11;5;10
0;0;4;7;7;13;6;13;5;13;5;12;5;11;5;10;5;9
0;0;4;7;6;13;5;13;5;12;5;11;5;10;5;9;5;8
3;0;4;7;5;13;5;12;5;11;5;10;5;9;5;8;5;7
3;3;0;6;5;12;5;12;5;11;5;10;5;9;5;8;5;7;4;7
3;3;0;6;5;12;5;11;5;10;5;9;5;8;5;7;4;7;3;7
3;3;0;6;5;11;5;10;5;9;5;8;5;7;4;7;3;7;2;7
3;3;0;6;5;10;5;9;5;8;5;7;4;7;3;7;2;7;1;7
0;3;0;6;5;9;5;8;5;7;4;7;3;7;2;7;1;7;0;7
0;0;9;1;5;8;5;8;5;7;4;7;3;7;2;7;1;7;0;7;0;6
0;0;9;1;5;8;5;7;4;7;3;7;2;7;1;7;0;7;0;6;0;5
0;0;9;1;5;7;4;7;3;7;2;7;1;7;0;7;0;6;0;5;0;4
0;0;9;1;4;7;3;7;2;7;1;7;0;7;0;6;0;5;0;4;0;3
0;0;9;1;3;7;2;7;1;7;0;7;0;6;0;5;0;4;0;3;0;2
1;0;9;1;2;7;1;7;0;7;0;6;0;5;0;4;0;3;0;2;0;1
1;1;9;1;1;7;0;7;0;6;0;5;0;4;0;3;0;2;0;1;1;1
1;1;9;1;0;7;0;6;0;5;0;4;0;3;0;2;0;1;1;1;2;1
1;1;9;1;0;6;0;5;0;4;0;3;0;2;0;1;1;1;2;1;3;1
1;1;9;1;0;5;0;4;0;3;0;2;0;1;1;1;2;1;3;1;4;1
1;1;9;1;0;4;0;3;0;2;0;1;1;1;2;1;3;1;4;1;5;1
1;1;9;1;0;3;0;2;0;1;1;1;2;1;3;1;4;1;5;1;6;1
1;1;9;1;0;2;0;1;1;1;2;1;3;1;4;1;5;1;6;1;7;1
1;1;9;1;0;1;1;1;2;1;3;1;4;1;5;1;6;1;7;1;8;1
1;1;6;9;1;1;1;1;2;1;3;1;4;1;5;1;6;1;7;1;8;1;9;1
1;1;6;9;1;1;2;1;3;1;4;1;5;1;6;1;7;1;8;1;9;1;10;1
2;1;6;9;2;1;3;1;4;1;5;1;6;1;7;1;8;1;9;1;10;1;11;1
2;2;6;9;3;1;4;1;5;1;6;1;7;1;8;1;9;1;10;1;11;1;11;2
2;2;6;9;4;1;5;1;6;1;7;1;8;1;9;1;10;1;11;1;11;2;11;3
3;2;6;9;5;1;6;1;7;1;8;1;9;1;10;1;11;1;11;2;11;3;11;4
3;3;6;9;6;1;7;1;8;1;9;1;10;1;11;1;11;2;11;3;11;4;10;4
3;3;6;9;7;1;8;1;9;1;10;1;11;1;11;2;11;3;11;4;10;4;9;4
3;3;6;9;8;1;9;1;10;1;11;1;11;2;11;3;11;4;10;4;9;4;8;4
3;3;6;9;9;1;10;1;11;1;11;2;11;3;11;4;10;4;9;4;8;4;7;4
2;3;6;9;10;1;11;1;11;2;11;3;11;4;10;4;9;4;8;4;7;4;6;4
2;2;6;9;11;1;11;2;11;3;11;4;10;4;9;4;8;4;7;4;6;4;6;5
2;2;6;9;11;2;11;3;11;4;10;4;9;4;8;4;7;4;6;4;6;5;6;6
2;2;6;9;11;3;11;4;10;4;9;4;8;4;7;4;6;4;6;5;6;6;6;7
2;2;6;9;11;4;10;4;9;4;8;4;7;4;6;4;6;5;6;6;6;7;6;8
2;2;8;16;10;4;10;4;9;4;8;4;7;4;6;4;6;5;6;6;6;7;6;8;6;9
2;2;8;16;10;4;9;4;8;4;7;4;6;4;6;5;6;6;6;7;6;8;6;9;6;10
2;2;8;16;9;4;8;4;7;4;6;4;6;5;6;6;6;7;6;8;6;9;6;10;6;11
2;2;8;16;8;4;7;4;6;4;6;5;6;6;6;7;6;8;6;9;6;10;6;11;6;12
2;2;8;16;7;4;6;4;6;5;6;6;6;7;6;8;6;9;6;10;6;11;6;12;6;13
2;2;8;16;6;4;6;5;6;6;6;7;6;8;6;9;6;10;6;11;6;12;6;13;6;14
2;2;8;16;6;5;6;6;6;7;6;8;6;9;6;10;6;11;6;12;6;13;6;14;6;15
1;2;8;16;6;6;6;7;6;8;6;9;6;10;6;11;6;12;6;13;6;14;6;15;6;16
1;1;8;16;6;7;6;8;6;9;6;10;6;11;6;12;6;13;6;14;6;15;6;16;7;16
1;1;0;0;6;8;6;8;6;9;6;10;6;11;6;12;6;13;6;14;6;15;6;16;7;16;8;16
1;1;0;0;6;8;6;9;6;10;6;11;6;12;6;13;6;14;6;15;6;16;7;16;8;16;9;16
1;1;0;0;6;9;6;10;6;11;6;12;6;13;6;14;6;15;6;16;7;16;8;16;9;16;10;16
1;1;0;0;6;10;6;11;6;12;6;13;6;14;6;15;6;16;7;16;8;16;9;16;10;16;11;16
1;1;0;0;6;11;6;12;6;13;6;14;6;15;6;16;7;16;8;16;9;16;10;16;11;16;12;16
0;1;0;0;6;12;6;13;6;14;6;15;6;16;7;16;8;16;9;16;10;16;11;16;12;16;13;16
0;0;0;0;6;13;6;14;6;15;6;16;7;16;8;16;9;16;10;16;11;16;12;16;13;16;13;15
0;0;0;0;6;14;6;15;6;16;7;16;8;16;9;16;10;16;11;16;12;16;13;16;13;15;13;14
0;0;0;0;6;15;6;16;7;16;8;16;9;16;10;16;11;16;12;16;13;16;13;15;13;14;13;13
0;0;0;0;6;16;7;16;8;16;9;16;10;16;11;16;12;16;13;16;13;15;13;14;13;13;13;12
0;0;0;0;7;16;8;16;9;16;10;16;11;16;12;16;13;16;13;15;13;14;13;13;13;12;13;11
0;0;0;0;8;16;9;16;10;16;11;16;12;16;13;16;13;15;13;14;13;13;13;12;13;11;13;10
0;0;0;0;9;16;10;16;11;16;12;16;13;16;13;15;13;14;13;13;13;12;13;11;13;10;13;9
0;0;0;0;10;16;11;16;12;16;13;16;13;15;13;14;13;13;13;12;13;11;13;10;13;9;13;8
0;0;0;0;11;16;12;16;13;16;13;15;13;14;13;13;13;12;13;11;13;10;13;9;13;8;13;7
0;0;0;0;12;16;13;16;13;15;13;14;13;13;13;12;13;11;13;10;13;9;13;8;13;7;13;6
0;0;0;0;13;16;13;15;13;14;13;13;13;12;13;11;13;10;13;9;13;8;13;7;13;6;13;5
0;0;0;0;13;15;13;14;13;13;13;12;13;11;13;10;13;9;13;8;13;7;13;6;13;5;13;4
0;0;0;0;13;14;13;13;13;12;13;11;13;10;13;9;13;8;13;7;13;6;13;5;13;4;13;3
0;0;0;0;13;13;13;12;13;11;13;10;13;9;13;8;13;7;13;6;13;5;13;4;13;3;13;2
0;0;0;0;13;12;13;11;13;10;13;9;13;8;13;7;13;6;13;5;13;4;13;3;13;2;13;1
3;0;0;0;13;11;13;10;13;9;13;8;13;7;13;6;13;5;13;4;13;3;13;2;13;1;13;0
3;3;0;0;13;10;13;9;13;8;13;7;13;6;13;5;13;4;13;3;13;2;13;1;13;0;12;0
3;3;0;0;13;9;13;8;13;7;13;6;13;5;13;4;13;3;13;2;13;1;13;0;12;0;11;0
3;3;0;0;13;8;13;7;13;6;13;5;13;4;13;3;13;2;13;1;13;0;12;0;11;0;10;0
3;3;0;0;13;7;13;6;13;5;13;4;13;3;13;2;13;1;13;0;12;0;11;0;10;0;9;0
3;3;0;0;13;6;13;5;13;4;13;3;13;2;13;1;13;0;12;0;11;0;10;0;9;0;8;0
3;3;0;0;13;5;13;4;13;3;13;2;13;1;13;0;12;0;11;0;10;0;9;0;8;0;7;0
3;3;0;0;13;4;13;3;13;2;13;1;13;0;12;0;11;0;10;0;9;0;8;0;7;0;6;0
3;3;0;0;13;3;13;2;13;1;13;0;12;0;11;0;10;0;9;0;8;0;7;0;6;0;5;0
3;3;0;0;13;2;13;1;13;0;12;0;11;0;10;0;9;0;8;0;7;0;6;0;5;0;4;0
3;3;0;0;13;1;13;0;12;0;11;0;10;0;9;0;8;0;7;0;6;0;5;0;4;0;3;0
3;3;0;0;13;0;12;0;11;0;10;0;9;0;8;0;7;0;6;0;5;0;4;0;3;0;2;0
3;3;0;0;12;0;11;0;10;0;9;0;8;0;7;0;6;0;5;0;4;0;3;0;2;0;1;0
2;3;12;11;11;0;11;0;10;0;9;0;8;0;7;0;6;0;5;0;4;0;3;0;2;0;1;0;0;0
2;2;12;11;11;0;10;0;9;0;8;0;7;0;6;0;5;0;4;0;3;0;2;0;1;0;0;0;0;1
2;2;12;11;10;0;9;0;8;0;7;0;6;0;5;0;4;0;3;0;2;0;1;0;0;0;0;1;0;2
2;2;12;11;9;0;8;0;7;0;6;0;5;0;4;0;3;0;2;0;1;0;0;0;0;1;0;2;0;3
1;2;12;11;8;0;7;0;6;0;5;0;4;0;3;0;2;0;1;0;0;0;0;1;0;2;0;3;0;4
1;1;12;11;7;0;6;0;5;0;4;0;3;0;2;0;1;0;0;0;0;1;0;2;0;3;0;4;1;4
1;1;12;11;6;0;5;0;4;0;3;0;2;0;1;0;0;0;0;1;0;2;0;3;0;4;1;4;2;4
1;1;12;11;5;0;4;0;3;0;2;0;1;0;0;0;0;1;0;2;0;3;0;4;1;4;2;4;3;4
1;1;12;11;4;0;3;0;2;0;1;0;0;0;0;1;0;2;0;3;0;4;1;4;2;4;3;4;4;4
1;1;12;11;3;0;2;0;1;0;0;0;0;1;0;2;0;3;0;4;1;4;2;4;3;4;4;4;5;4
1;1;12;11;2;0;1;0;0;0;0;1;0;2;0;3;0;4;1;4;2;4;3;4;4;4;5;4;6;4
1;1;12;11;1;0;0;0;0;1;0;2;0;3;0;4;1;4;2;4;3;4;4;4;5;4;6;4;7;4
1;1;12;11;0;0;0;1;0;2;0;3;0;4;1;4;2;4;3;4;4;4;5;4;6;4;7;4;8;4
1;1;12;11;0;1;0;2;0;3;0;4;1;4;2;4;3;4;4;4;5;4;6;4;7;4;8;4;9;4
1;1;12;11;0;2;0;3;0;4;1;4;2;4;3;4;4;4;5;4;6;4;7;4;8;4;9;4;10;4
2;1;12;11;0;3;0;4;1;4;2;4;3;4;4;4;5;4;6;4;7;4;8;4;9;4;10;4;11;4
2;2;12;11;0;4;1;4;2;4;3;4;4;4;5;4;6;4;7;4;8;4;9;4;10;4;11;4;11;5
2;2;12;11;1;4;2;4;3;4;4;4;5;4;6;4;7;4;8;4;9;4;10;4;11;4;11;5;11;6
2;2;12;11;2;4;3;4;4;4;5;4;6;4;7;4;8;4;9;4;10;4;11;4;11;5;11;6;11;7
2;2;12;11;3;4;4;4;5;4;6;4;7;4;8;4;9;4;10;4;11;4;11;5;11;6;11;7;11;8
2;2;12;11;4;4;5;4;6;4;7;4;8;4;9;4;10;4;11;4;11;5;11;6;11;7;11;8;11;9
2;2;12;11;5;4;6;4;7;4;8;4;9;4;10;4;11;4;11;5;11;6;11;7;11;8;11;9;11;10
1;2;12;11;6;4;7;4;8;4;9;4;10;4;11;4;11;5;11;6;11;7;11;8;11;9;11;10;11;11
1;1;5;13;7;4;7;4;8;4;9;4;10;4;11;4;11;5;11;6;11;7;11;8;11;9;11;10;11;11;12;11
1;1;5;13;7;4;8;4;9;4;10;4;11;4;11;5;11;6;11;7;11;8;11;9;11;10;11;11;12;11;13;11
1;1;5;13;8;4;9;4;10;4;11;4;11;5;11;6;11;7;11;8;11;9;11;10;11;11;12;11;13;11;14;11
2;1;5;13;9;4;10;4;11;4;11;5;11;6;11;7;11;8;11;9;11;10;11;11;12;11;13;11;14;11;15;11
2;2;5;13;10;4;11;4;11;5;11;6;11;7;11;8;11;9;11;10;11;11;12;11;13;11;14;11;15;11;15;12
2;2;5;13;11;4;11;5;11;6;11;7;11;8;11;9;11;10;11;11;12;11;13;11;14;11;15;11;15;12;15;13
3;2;5;13;11;5;11;6;11;7;11;8;11;9;11;10;11;11;12;11;13;11;14;11;15;11;15;12;15;13;15;14
3;3;5;13;11;6;11;7;11;8;11;9;11;10;11;11;12;11;13;11;14;11;15;11;15;12;15;13;15;14;14;14
3;3;5;13;11;7;11;8;11;9;11;10;11;11;12;11;13;11;14;11;15;11;15;12;15;13;15;14;14;14;13;14
3;3;5;13;11;8;11;9;11;10;11;11;12;11;13;11;14;11;15;11;15;12;15;13;15;14;14;14;13;14;12;14
3;3;5;13;11;9;11;10;11;11;12;11;13;11;14;11;15;11;15;12;15;13;15;14;14;14;13;14;12;14;11;14
3;3;5;13;11;10;11;11;12;11;13;11;14;11;15;11;15;12;15;13;15;14;14;14;13;14;12;14;11;14;10;14
3;3;5;13;11;11;12;11;13;11;14;11;15;11;15;12;15;13;15;14;14;14;13;14;12;14;11;14;10;14;9;14
3;3;5;13;12;11;13;11;14;11;15;11;15;12;15;13;15;14;14;14;13;14;12;14;11;14;10;14;9;14;8;14
3;3;5;13;13;11;14;11;15;11;15;12;15;13;15;14;14;14;13;14;12;14;11;14;10;14;9;14;8;14;7;14
3;3;5;13;14;11;15;11;15;12;15;13;15;14;14;14;13;14;12;14;11;14;10;14;9;14;8;14;7;14;6;14
0;3;5;13;15;11;15;12;15;13;15;14;14;14;13;14;12;14;11;14;10;14;9;14;8;14;7;14;6;14;5;14
0;0;0;12;15;12;15;12;15;13;15;14;14;14;13;14;12;14;11;14;10;14;9;14;8;14;7;14;6;14;5;14;5;13
0;0;0;12;15;12;15;13;15;14;14;14;13;14;12;14;11;14;10;14;9;14;8;14;7;14;6;14;5;14;5;13;5;12
0;0;0;12;15;13;15;14;14;14;13;14;12;14;11;14;10;14;9;14;8;14;7;14;6;14;5;14;5;13;5;12;5;11
0;0;0;12;15;14;14;14;13;14;12;14;11;14;10;14;9;14;8;14;7;14;6;14;5;14;5;13;5;12;5;11;5;10
3;0;0;12;14;14;13;14;12;14;11;14;10;14;9;14;8;14;7;14;6;14;5;14;5;13;5;12;5;11;5;10;5;9
3;3;0;12;13;14;12;14;11;14;10;14;9;14;8;14;7;14;6;14;5;14;5;13;5;12;5;11;5;10;5;9;4;9
3;3;0;12;12;14;11;14;10;14;9;14;8;14;7;14;6;14;5;14;5;13;5;12;5;11;5;10;5;9;4;9;3;9
3;3;0;12;11;14;10;14;9;14;8;14;7;14;6;14;5;14;5;13;5;12;5;11;5;10;5;9;4;9;3;9;2;9
2;3;0;12;10;14;9;14;8;14;7;14;6;14;5;14;5;13;5;12;5;11;5;10;5;9;4;9;3;9;2;9;1;9
2;2;0;12;9;14;8;14;7;14;6;14;5;14;5;13;5;12;5;11;5;10;5;9;4;9;3;9;2;9;1;9;1;10
2;2;0;12;8;14;7;14;6;14;5;14;5;13;5;12;5;11;5;10;5;9;4;9;3;9;2;9;1;9;1;10;1;11
2;2;0;12;7;14;6;14;5;14;5;13;5;12;5;11;5;10;5;9;4;9;3;9;2;9;1;9;1;10;1;11;1;12
2;2;0;12;6;14;5;14;5;13;5;12;5;11;5;10;5;9;4;9;3;9;2;9;1;9;1;10;1;11;1;12;1;13
2;2;0;12;5;14;5;13;5;12;5;11;5;10;5;9;4;9;3;9;2;9;1;9;1;10;1;11;1;12;1;13;1;14
1;2;0;12;5;13;5;12;5;11;5;10;5;9;4;9;3;9;2;9;1;9;1;10;1;11;1;12;1;13;1;14;1;15
1;1;0;12;5;12;5;11;5;10;5;9;4;9;3;9;2;9;1;9;1;10;1;11;1;12;1;13;1;14;1;15;2;15
1;1;0;12;5;11;5;10;5;9;4;9;3;9;2;9;1;9;1;10;1;11;1;12;1;13;1;14;1;15;2;15;3;15
2;1;0;12;5;10;5;9;4;9;3;9;2;9;1;9;1;10;1;11;1;12;1;13;1;14;1;15;2;15;3;15;4;15
2;2;0;12;5;9;4;9;3;9;2;9;1;9;1;10;1;11;1;12;1;13;1;14;1;15;2;15;3;15;4;15;4;16
3;2;0;12;4;9;3;9;2;9;1;9;1;10;1;11;1;12;1;13;1;14;1;15;2;15;3;15;4;15;4;16;4;17
3;3;0;12;3;9;2;9;1;9;1;10;1;11;1;12;1;13;1;14;1;15;2;15;3;15;4;15;4;16;4;17;3;17
3;3;0;12;2;9;1;9;1;10;1;11;1;12;1;13;1;14;1;15;2;15;3;15;4;15;4;16;4;17;3;17;2;17
0;3;0;12;1;9;1;10;1;11;1;12;1;13;1;14;1;15;2;15;3;15;4;15;4;16;4;17;3;17;2;17;1;17
0;0;0;12;1;10;1;11;1;12;1;13;1;14;1;15;2;15;3;15;4;15;4;16;4;17;3;17;2;17;1;17;1;16
