20
1;1;1;0;8;10;9;10;10;10
1;1;1;0;9;10;10;10;11;10
0;1;1;0;10;10;11;10;12;10
0;0;1;0;11;10;12;10;12;9
0;0;1;0;12;10;12;9;12;8
0;0;1;0;12;9;12;8;12;7
0;0;1;0;12;8;12;7;12;6
0;0;1;0;12;7;12;6;12;5
0;0;1;0;12;6;12;5;12;4
0;0;1;0;12;5;12;4;12;3
0;0;1;0;12;4;12;3;12;2
0;0;1;0;12;3;12;2;12;1
3;0;1;0;12;2;12;1;12;0
3;3;1;0;12;1;12;0;11;0
3;3;1;0;12;0;11;0;10;0
3;3;1;0;11;0;10;0;9;0
3;3;1;0;10;0;9;0;8;0
3;3;1;0;9;0;8;0;7;0
3;3;1;0;8;0;7;0;6;0
3;3;1;0;7;0;6;0;5;0
3;3;1;0;6;0;5;0;4;0
3;3;1;0;5;0;4;0;3;0
3;3;1;0;4;0;3;0;2;0
2;3;19;9;3;0;3;0;2;0;1;0
2;2;19;9;3;0;2;0;1;0;1;1
1;2;19;9;2;0;1;0;1;1;1;2
1;1;19;9;1;0;1;1;1;2;2;2
1;1;19;9;1;1;1;2;2;2;3;2
1;1;19;9;1;2;2;2;3;2;4;2
1;1;19;9;2;2;3;2;4;2;5;2
1;1;19;9;3;2;4;2;5;2;6;2
1;1;19;9;4;2;5;2;6;2;7;2
1;1;19;9;5;2;6;2;7;2;8;2
1;1;19;9;6;2;7;2;8;2;9;2
1;1;19;9;7;2;8;2;9;2;10;2
1;1;19;9;8;2;9;2;10;2;11;2
1;1;19;9;9;2;10;2;11;2;12;2
1;1;19;9;10;2;11;2;12;2;13;2
1;1;19;9;11;2;12;2;13;2;14;2
1;1;19;9;12;2;13;2;14;2;15;2
1;1;19;9;13;2;14;2;15;2;16;2
1;1;19;9;14;2;15;2;16;2;17;2
1;1;19;9;15;2;16;2;17;2;18;2
2;1;19;9;16;2;17;2;18;2;19;2
2;2;19;9;17;2;18;2;19;2;19;3
2;2;19;9;18;2;19;2;19;3;19;4
2;2;19;9;19;2;19;3;19;4;19;5
2;2;19;9;19;3;19;4;19;5;19;6
2;2;19;9;19;4;19;5;19;6;19;7
2;2;19;9;19;5;19;6;19;7;19;8
2;2;18;9;19;6;19;6;19;7;19;8;19;9
3;2;18;9;19;6;19;7;19;8;19;9;19;10
3;3;18;9;19;7;19;8;19;9;19;10;18;10
3;3;18;9;19;8;19;9;19;10;18;10;17;10
3;3;18;9;19;9;19;10;18;10;17;10;16;10
0;3;18;9;19;10;18;10;17;10;16;10;15;10
0;0;18;9;18;10;17;10;16;10;15;10;15;9
1;0;18;9;17;10;16;10;15;10;15;9;15;8
1;1;18;9;16;10;15;10;15;9;15;8;16;8
1;1;18;9;15;10;15;9;15;8;16;8;17;8
2;1;18;9;15;9;15;8;16;8;17;8;18;8
2;2;9;7;15;8;15;8;16;8;17;8;18;8;18;9
3;2;9;7;15;8;16;8;17;8;18;8;18;9;18;10
3;3;9;7;16;8;17;8;18;8;18;9;18;10;17;10
3;3;9;7;17;8;18;8;18;9;18;10;17;10;16;10
0;3;9;7;18;8;18;9;18;10;17;10;16;10;15;10
0;0;9;7;18;9;18;10;17;10;16;10;15;10;15;9
0;0;9;7;18;10;17;10;16;10;15;10;15;9;15;8
3;0;9;7;17;10;16;10;15;10;15;9;15;8;15;7
3;3;9;7;16;10;15;10;15;9;15;8;15;7;14;7
3;3;9;7;15;10;15;9;15;8;15;7;14;7;13;7
3;3;9;7;15;9;15;8;15;7;14;7;13;7;12;7
3;3;9;7;15;8;15;7;14;7;13;7;12;7;11;7
3;3;9;7;15;7;14;7;13;7;12;7;11;7;10;7
3;3;5;12;14;7;14;7;13;7;12;7;11;7;10;7;9;7
3;3;5;12;14;7;13;7;12;7;11;7;10;7;9;7;8;7
3;3;5;12;13;7;12;7;11;7;10;7;9;7;8;7;7;7
3;3;5;12;12;7;11;7;10;7;9;7;8;7;7;7;6;7
2;3;5;12;11;7;10;7;9;7;8;7;7;7;6;7;5;7
2;2;5;12;10;7;9;7;8;7;7;7;6;7;5;7;5;8
2;2;5;12;9;7;8;7;7;7;6;7;5;7;5;8;5;9
2;2;5;12;8;7;7;7;6;7;5;7;5;8;5;9;5;10
2;2;5;12;7;7;6;7;5;7;5;8;5;9;5;10;5;11
2;2;15;12;6;7;6;7;5;7;5;8;5;9;5;10;5;11;5;12
1;2;15;12;6;7;5;7;5;8;5;9;5;10;5;11;5;12;5;13
1;1;15;12;5;7;5;8;5;9;5;10;5;11;5;12;5;13;6;13
1;1;15;12;5;8;5;9;5;10;5;11;5;12;5;13;6;13;7;13
1;1;15;12;5;9;5;10;5;11;5;12;5;13;6;13;7;13;8;13
1;1;15;12;5;10;5;11;5;12;5;13;6;13;7;13;8;13;9;13
1;1;15;12;5;11;5;12;5;13;6;13;7;13;8;13;9;13;10;13
1;1;15;12;5;12;5;13;6;13;7;13;8;13;9;13;10;13;11;13
1;1;15;12;5;13;6;13;7;13;8;13;9;13;10;13;11;13;12;13
1;1;15;12;6;13;7;13;8;13;9;13;10;13;11;13;12;13;13;13
1;1;15;12;7;13;8;13;9;13;10;13;11;13;12;13;13;13;14;13
0;1;15;12;8;13;9;13;10;13;11;13;12;13;13;13;14;13;15;13
0;0;0;8;9;13;9;13;10;13;11;13;12;13;13;13;14;13;15;13;15;12
0;0;0;8;9;13;10;13;11;13;12;13;13;13;14;13;15;13;15;12;15;11
3;0;0;8;10;13;11;13;12;13;13;13;14;13;15;13;15;12;15;11;15;10
3;3;0;8;11;13;12;13;13;13;14;13;15;13;15;12;15;11;15;10;14;10
3;3;0;8;12;13;13;13;14;13;15;13;15;12;15;11;15;10;14;10;13;10
3;3;0;8;13;13;14;13;15;13;15;12;15;11;15;10;14;10;13;10;12;10
3;3;0;8;14;13;15;13;15;12;15;11;15;10;14;10;13;10;12;10;11;10
3;3;0;8;15;13;15;12;15;11;15;10;14;10;13;10;12;10;11;10;10;10
3;3;0;8;15;12;15;11;15;10;14;10;13;10;12;10;11;10;10;10;9;10
3;3;0;8;15;11;15;10;14;10;13;10;12;10;11;10;10;10;9;10;8;10
3;3;0;8;15;10;14;10;13;10;12;10;11;10;10;10;9;10;8;10;7;10
3;3;0;8;14;10;13;10;12;10;11;10;10;10;9;10;8;10;7;10;6;10
3;3;0;8;13;10;12;10;11;10;10;10;9;10;8;10;7;10;6;10;5;10
3;3;0;8;12;10;11;10;10;10;9;10;8;10;7;10;6;10;5;10;4;10
3;3;0;8;11;10;10;10;9;10;8;10;7;10;6;10;5;10;4;10;3;10
3;3;0;8;10;10;9;10;8;10;7;10;6;10;5;10;4;10;3;10;2;10
3;3;0;8;9;10;8;10;7;10;6;10;5;10;4;10;3;10;2;10;1;10
0;3;0;8;8;10;7;10;6;10;5;10;4;10;3;10;2;10;1;10;0;10
0;0;0;8;7;10;6;10;5;10;4;10;3;10;2;10;1;10;0;10;0;9
0;0;8;4;6;10;6;10;5;10;4;10;3;10;2;10;1;10;0;10;0;9;0;8
0;0;8;4;6;10;5;10;4;10;3;10;2;10;1;10;0;10;0;9;0;8;0;7
0;0;8;4;5;10;4;10;3;10;2;10;1;10;0;10;0;9;0;8;0;7;0;6
0;0;8;4;4;10;3;10;2;10;1;10;0;10;0;9;0;8;0;7;0;6;0;5
1;0;8;4;3;10;2;10;1;10;0;10;0;9;0;8;0;7;0;6;0;5;0;4
1;1;8;4;2;10;1;10;0;10;0;9;0;8;0;7;0;6;0;5;0;4;1;4
1;1;8;4;1;10;0;10;0;9;0;8;0;7;0;6;0;5;0;4;1;4;2;4
1;1;8;4;0;10;0;9;0;8;0;7;0;6;0;5;0;4;1;4;2;4;3;4
1;1;8;4;0;9;0;8;0;7;0;6;0;5;0;4;1;4;2;4;3;4;4;4
1;1;8;4;0;8;0;7;0;6;0;5;0;4;1;4;2;4;3;4;4;4;5;4
1;1;8;4;0;7;0;6;0;5;0;4;1;4;2;4;3;4;4;4;5;4;6;4
1;1;8;4;0;6;0;5;0;4;1;4;2;4;3;4;4;4;5;4;6;4;7;4
2;1;15;7;0;5;0;5;0;4;1;4;2;4;3;4;4;4;5;4;6;4;7;4;8;4
2;2;15;7;0;5;0;4;1;4;2;4;3;4;4;4;5;4;6;4;7;4;8;4;8;5
1;2;15;7;0;4;1;4;2;4;3;4;4;4;5;4;6;4;7;4;8;4;8;5;8;6
1;1;15;7;1;4;2;4;3;4;4;4;5;4;6;4;7;4;8;4;8;5;8;6;9;6
1;1;15;7;2;4;3;4;4;4;5;4;6;4;7;4;8;4;8;5;8;6;9;6;10;6
1;1;15;7;3;4;4;4;5;4;6;4;7;4;8;4;8;5;8;6;9;6;10;6;11;6
2;1;15;7;4;4;5;4;6;4;7;4;8;4;8;5;8;6;9;6;10;6;11;6;12;6
1;2;15;7;5;4;6;4;7;4;8;4;8;5;8;6;9;6;10;6;11;6;12;6;12;7
1;1;15;7;6;4;7;4;8;4;8;5;8;6;9;6;10;6;11;6;12;6;12;7;13;7
1;1;15;7;7;4;8;4;8;5;8;6;9;6;10;6;11;6;12;6;12;7;13;7;14;7
1;1;12;16;8;4;8;4;8;5;8;6;9;6;10;6;11;6;12;6;12;7;13;7;14;7;15;7
0;1;12;16;8;4;8;5;8;6;9;6;10;6;11;6;12;6;12;7;13;7;14;7;15;7;16;7
0;0;12;16;8;5;8;6;9;6;10;6;11;6;12;6;12;7;13;7;14;7;15;7;16;7;16;6
3;0;12;16;8;6;9;6;10;6;11;6;12;6;12;7;13;7;14;7;15;7;16;7;16;6;16;5
3;3;12;16;9;6;10;6;11;6;12;6;12;7;13;7;14;7;15;7;16;7;16;6;16;5;15;5
3;3;12;16;10;6;11;6;12;6;12;7;13;7;14;7;15;7;16;7;16;6;16;5;15;5;14;5
3;3;12;16;11;6;12;6;12;7;13;7;14;7;15;7;16;7;16;6;16;5;15;5;14;5;13;5
3;3;12;16;12;6;12;7;13;7;14;7;15;7;16;7;16;6;16;5;15;5;14;5;13;5;12;5
2;3;12;16;12;7;13;7;14;7;15;7;16;7;16;6;16;5;15;5;14;5;13;5;12;5;11;5
2;2;12;16;13;7;14;7;15;7;16;7;16;6;16;5;15;5;14;5;13;5;12;5;11;5;11;6
2;2;12;16;14;7;15;7;16;7;16;6;16;5;15;5;14;5;13;5;12;5;11;5;11;6;11;7
2;2;12;16;15;7;16;7;16;6;16;5;15;5;14;5;13;5;12;5;11;5;11;6;11;7;11;8
2;2;12;16;16;7;16;6;16;5;15;5;14;5;13;5;12;5;11;5;11;6;11;7;11;8;11;9
2;2;12;16;16;6;16;5;15;5;14;5;13;5;12;5;11;5;11;6;11;7;11;8;11;9;11;10
2;2;12;16;16;5;15;5;14;5;13;5;12;5;11;5;11;6;11;7;11;8;11;9;11;10;11;11
2;2;12;16;15;5;14;5;13;5;12;5;11;5;11;6;11;7;11;8;11;9;11;10;11;11;11;12
2;2;12;16;14;5;13;5;12;5;11;5;11;6;11;7;11;8;11;9;11;10;11;11;11;12;11;13
2;2;12;16;13;5;12;5;11;5;11;6;11;7;11;8;11;9;11;10;11;11;11;12;11;13;11;14
2;2;12;16;12;5;11;5;11;6;11;7;11;8;11;9;11;10;11;11;11;12;11;13;11;14;11;15
1;2;12;16;11;5;11;6;11;7;11;8;11;9;11;10;11;11;11;12;11;13;11;14;11;15;11;16
1;1;2;19;11;6;11;6;11;7;11;8;11;9;11;10;11;11;11;12;11;13;11;14;11;15;11;16;12;16
1;1;2;19;11;6;11;7;11;8;11;9;11;10;11;11;11;12;11;13;11;14;11;15;11;16;12;16;13;16
1;1;2;19;11;7;11;8;11;9;11;10;11;11;11;12;11;13;11;14;11;15;11;16;12;16;13;16;14;16
1;1;2;19;11;8;11;9;11;10;11;11;11;12;11;13;11;14;11;15;11;16;12;16;13;16;14;16;15;16
2;1;2;19;11;9;11;10;11;11;11;12;11;13;11;14;11;15;11;16;12;16;13;16;14;16;15;16;16;16
3;2;2;19;11;10;11;11;11;12;11;13;11;14;11;15;11;16;12;16;13;16;14;16;15;16;16;16;16;17
3;3;2;19;11;11;11;12;11;13;11;14;11;15;11;16;12;16;13;16;14;16;15;16;16;16;16;17;15;17
3;3;2;19;11;12;11;13;11;14;11;15;11;16;12;16;13;16;14;16;15;16;16;16;16;17;15;17;14;17
3;3;2;19;11;13;11;14;11;15;11;16;12;16;13;16;14;16;15;16;16;16;16;17;15;17;14;17;13;17
3;3;2;19;11;14;11;15;11;16;12;16;13;16;14;16;15;16;16;16;16;17;15;17;14;17;13;17;12;17
3;3;2;19;11;15;11;16;12;16;13;16;14;16;15;16;16;16;16;17;15;17;14;17;13;17;12;17;11;17
3;3;2;19;11;16;12;16;13;16;14;16;15;16;16;16;16;17;15;17;14;17;13;17;12;17;11;17;10;17
3;3;2;19;12;16;13;16;14;16;15;16;16;16;16;17;15;17;14;17;13;17;12;17;11;17;10;17;9;17
3;3;2;19;13;16;14;16;15;16;16;16;16;17;15;17;14;17;13;17;12;17;11;17;10;17;9;17;8;17
3;3;2;19;14;16;15;16;16;16;16;17;15;17;14;17;13;17;12;17;11;17;10;17;9;17;8;17;7;17
3;3;2;19;15;16;16;16;16;17;15;17;14;17;13;17;12;17;11;17;10;17;9;17;8;17;7;17;6;17
3;3;2;19;16;16;16;17;15;17;14;17;13;17;12;17;11;17;10;17;9;17;8;17;7;17;6;17;5;17
3;3;2;19;16;17;15;17;14;17;13;17;12;17;11;17;10;17;9;17;8;17;7;17;6;17;5;17;4;17
3;3;2;19;15;17;14;17;13;17;12;17;11;17;10;17;9;17;8;17;7;17;6;17;5;17;4;17;3;17
3;3;2;19;14;17;13;17;12;17;11;17;10;17;9;17;8;17;7;17;6;17;5;17;4;17;3;17;2;17
3;3;2;19;13;17;12;17;11;17;10;17;9;17;8;17;7;17;6;17;5;17;4;17;3;17;2;17;1;17
2;3;2;19;12;17;11;17;10;17;9;17;8;17;7;17;6;17;5;17;4;17;3;17;2;17;1;17;0;17
2;2;2;19;11;17;10;17;9;17;8;17;7;17;6;17;5;17;4;17;3;17;2;17;1;17;0;17;0;18
1;2;2;19;10;17;9;17;8;17;7;17;6;17;5;17;4;17;3;17;2;17;1;17;0;17;0;18;0;19
1;1;2;19;9;17;8;17;7;17;6;17;5;17;4;17;3;17;2;17;1;17;0;17;0;18;0;19;1;19
1;1;19;13;8;17;8;17;7;17;6;17;5;17;4;17;3;17;2;17;1;17;0;17;0;18;0;19;1;19;2;19
1;1;19;13;8;17;7;17;6;17;5;17;4;17;3;17;2;17;1;17;0;17;0;18;0;19;1;19;2;19;3;19
1;1;19;13;7;17;6;17;5;17;4;17;3;17;2;17;1;17;0;17;0;18;0;19;1;19;2;19;3;19;4;19
1;1;19;13;6;17;5;17;4;17;3;17;2;17;1;17;0;17;0;18;0;19;1;19;2;19;3;19;4;19;5;19
1;1;19;13;5;17;4;17;3;17;2;17;1;17;0;17;0;18;0;19;1;19;2;19;3;19;4;19;5;19;6;19
1;1;19;13;4;17;3;17;2;17;1;17;0;17;0;18;0;19;1;19;2;19;3;19;4;19;5;19;6;19;7;19
1;1;19;13;3;17;2;17;1;17;0;17;0;18;0;19;1;19;2;19;3;19;4;19;5;19;6;19;7;19;8;19
1;1;19;13;2;17;1;17;0;17;0;18;0;19;1;19;2;19;3;19;4;19;5;19;6;19;7;19;8;19;9;19
1;1;19;13;1;17;0;17;0;18;0;19;1;19;2;19;3;19;4;19;5;19;6;19;7;19;8;19;9;19;10;19
1;1;19;13;0;17;0;18;0;19;1;19;2;19;3;19;4;19;5;19;6;19;7;19;8;19;9;19;10;19;11;19
1;1;19;13;0;18;0;19;1;19;2;19;3;19;4;19;5;19;6;19;7;19;8;19;9;19;10;19;11;19;12;19
1;1;19;13;0;19;1;19;2;19;3;19;4;19;5;19;6;19;7;19;8;19;9;19;10;19;11;19;12;19;13;19
1;1;19;13;1;19;2;19;3;19;4;19;5;19;6;19;7;19;8;19;9;19;10;19;11;19;12;19;13;19;14;19
1;1;19;13;2;19;3;19;4;19;5;19;6;19;7;19;8;19;9;19;10;19;11;19;12;19;13;19;14;19;15;19
1;1;19;13;3;19;4;19;5;19;6;19;7;19;8;19;9;19;10;19;11;19;12;19;13;19;14;19;15;19;16;19
1;1;19;13;4;19;5;19;6;19;7;19;8;19;9;19;10;19;11;19;12;19;13;19;14;19;15;19;16;19;17;19
1;1;19;13;5;19;6;19;7;19;8;19;9;19;10;19;11;19;12;19;13;19;14;19;15;19;16;19;17;19;18;19
0;1;19;13;6;19;7;19;8;19;9;19;10;19;11;19;12;19;13;19;14;19;15;19;16;19;17;19;18;19;19;19
0;0;19;13;7;19;8;19;9;19;10;19;11;19;12;19;13;19;14;19;15;19;16;19;17;19;18;19;19;19;19;18
0;0;19;13;8;19;9;19;10;19;11;19;12;19;13;19;14;19;15;19;16;19;17;19;18;19;19;19;19;18;19;17
0;0;19;13;9;19;10;19;11;19;12;19;13;19;14;19;15;19;16;19;17;19;18;19;19;19;19;18;19;17;19;16
0;0;19;13;10;19;11;19;12;19;13;19;14;19;15;19;16;19;17;19;18;19;19;19;19;18;19;17;19;16;19;15
0;0;19;13;11;19;12;19;13;19;14;19;15;19;16;19;17;19;18;19;19;19;19;18;19;17;19;16;19;15;19;14
0;0;1;2;12;19;12;19;13;19;14;19;15;19;16;19;17;19;18;19;19;19;19;18;19;17;19;16;19;15;19;14;19;13
0;0;1;2;12;19;13;19;14;19;15;19;16;19;17;19;18;19;19;19;19;18;19;17;19;16;19;15;19;14;19;13;19;12
0;0;1;2;13;19;14;19;15;19;16;19;17;19;18;19;19;19;19;18;19;17;19;16;19;15;19;14;19;13;19;12;19;11
0;0;1;2;14;19;15;19;16;19;17;19;18;19;19;19;19;18;19;17;19;16;19;15;19;14;19;13;19;12;19;11;19;10
0;0;1;2;15;19;16;19;17;19;18;19;19;19;19;18;19;17;19;16;19;15;19;14;19;13;19;12;19;11;19;10;19;9
0;0;1;2;16;19;17;19;18;19;19;19;19;18;19;17;19;16;19;15;19;14;19;13;19;12;19;11;19;10;19;9;19;8
0;0;1;2;17;19;18;19;19;19;19;18;19;17;19;16;19;15;19;14;19;13;19;12;19;11;19;10;19;9;19;8;19;7
0;0;1;2;18;19;19;19;19;18;19;17;19;16;19;15;19;14;19;13;19;12;19;11;19;10;19;9;19;8;19;7;19;6
0;0;1;2;19;19;19;18;19;17;19;16;19;15;19;14;19;13;19;12;19;11;19;10;19;9;19;8;19;7;19;6;19;5
0;0;1;2;19;18;19;17;19;16;19;15;19;14;19;13;19;12;19;11;19;10;19;9;19;8;19;7;19;6;19;5;19;4
0;0;1;2;19;17;19;16;19;15;19;14;19;13;19;12;19;11;19;10;19;9;19;8;19;7;19;6;19;5;19;4;19;3
3;0;1;2;19;16;19;15;19;14;19;13;19;12;19;11;19;10;19;9;19;8;19;7;19;6;19;5;19;4;19;3;19;2
3;3;1;2;19;15;19;14;19;13;19;12;19;11;19;10;19;9;19;8;19;7;19;6;19;5;19;4;19;3;19;2;18;2
3;3;1;2;19;14;19;13;19;12;19;11;19;10;19;9;19;8;19;7;19;6;19;5;19;4;19;3;19;2;18;2;17;2
3;3;1;2;19;13;19;12;19;11;19;10;19;9;19;8;19;7;19;6;19;5;19;4;19;3;19;2;18;2;17;2;16;2
3;3;1;2;19;12;19;11;19;10;19;9;19;8;19;7;19;6;19;5;19;4;19;3;19;2;18;2;17;2;16;2;15;2
3;3;1;2;19;11;19;10;19;9;19;8;19;7;19;6;19;5;19;4;19;3;19;2;18;2;17;2;16;2;15;2;14;2
3;3;1;2;19;10;19;9;19;8;19;7;19;6;19;5;19;4;19;3;19;2;18;2;17;2;16;2;15;2;14;2;13;2
3;3;1;2;19;9;19;8;19;7;19;6;19;5;19;4;19;3;19;2;18;2;17;2;16;2;15;2;14;2;13;2;12;2
3;3;1;2;19;8;19;7;19;6;19;5;19;4;19;3;19;2;18;2;17;2;16;2;15;2;14;2;13;2;12;2;11;2
3;3;1;2;19;7;19;6;19;5;19;4;19;3;19;2;18;2;17;2;16;2;15;2;14;2;13;2;12;2;11;2;10;2
3;3;1;2;19;6;19;5;19;4;19;3;19;2;18;2;17;2;16;2;15;2;14;2;13;2;12;2;11;2;10;2;9;2
3;3;1;2;19;5;19;4;19;3;19;2;18;2;17;2;16;2;15;2;14;2;13;2;12;2;11;2;10;2;9;2;8;2
3;3;1;2;19;4;19;3;19;2;18;2;17;2;16;2;15;2;14;2;13;2;12;2;11;2;10;2;9;2;8;2;7;2
3;3;1;2;19;3;19;2;18;2;17;2;16;2;15;2;14;2;13;2;12;2;11;2;10;2;9;2;8;2;7;2;6;2
3;3;1;2;19;2;18;2;17;2;16;2;15;2;14;2;13;2;12;2;11;2;10;2;9;2;8;2;7;2;6;2;5;2
3;3;1;2;18;2;17;2;16;2;15;2;14;2;13;2;12;2;11;2;10;2;9;2;8;2;7;2;6;2;5;2;4;2
3;3;1;2;17;2;16;2;15;2;14;2;13;2;12;2;11;2;10;2;9;2;8;2;7;2;6;2;5;2;4;2;3;2
3;3;1;2;16;2;15;2;14;2;13;2;12;2;11;2;10;2;9;2;8;2;7;2;6;2;5;2;4;2;3;2;2;2
2;3;2;12;15;2;15;2;14;2;13;2;12;2;11;2;10;2;9;2;8;2;7;2;6;2;5;2;4;2;3;2;2;2;1;2
2;2;2;12;15;2;14;2;13;2;12;2;11;2;10;2;9;2;8;2;7;2;6;2;5;2;4;2;3;2;2;2;1;2;1;3
2;2;2;12;14;2;13;2;12;2;11;2;10;2;9;2;8;2;7;2;6;2;5;2;4;2;3;2;2;2;1;2;1;3;1;4
2;2;2;12;13;2;12;2;11;2;10;2;9;2;8;2;7;2;6;2;5;2;4;2;3;2;2;2;1;2;1;3;1;4;1;5
2;2;2;12;12;2;11;2;10;2;9;2;8;2;7;2;6;2;5;2;4;2;3;2;2;2;1;2;1;3;1;4;1;5;1;6
2;2;2;12;11;2;10;2;9;2;8;2;7;2;6;2;5;2;4;2;3;2;2;2;1;2;1;3;1;4;1;5;1;6;1;7
2;2;2;12;10;2;9;2;8;2;7;2;6;2;5;2;4;2;3;2;2;2;1;2;1;3;1;4;1;5;1;6;1;7;1;8
2;2;2;12;9;2;8;2;7;2;6;2;5;2;4;2;3;2;2;2;1;2;1;3;1;4;1;5;1;6;1;7;1;8;1;9
2;2;2;12;8;2;7;2;6;2;5;2;4;2;3;2;2;2;1;2;1;3;1;4;1;5;1;6;1;7;1;8;1;9;1;10
2;2;2;12;7;2;6;2;5;2;4;2;3;2;2;2;1;2;1;3;1;4;1;5;1;6;1;7;1;8;1;9;1;10;1;11
1;2;2;12;6;2;5;2;4;2;3;2;2;2;1;2;1;3;1;4;1;5;1;6;1;7;1;8;1;9;1;10;1;11;1;12
1;1;11;0;5;2;5;2;4;2;3;2;2;2;1;2;1;3;1;4;1;5;1;6;1;7;1;8;1;9;1;10;1;11;1;12;2;12
1;1;11;0;5;2;4;2;3;2;2;2;1;2;1;3;1;4;1;5;1;6;1;7;1;8;1;9;1;10;1;11;1;12;2;12;3;12
1;1;11;0;4;2;3;2;2;2;1;2;1;3;1;4;1;5;1;6;1;7;1;8;1;9;1;10;1;11;1;12;2;12;3;12;4;12
1;1;11;0;3;2;2;2;1;2;1;3;1;4;1;5;1;6;1;7;1;8;1;9;1;10;1;11;1;12;2;12;3;12;4;12;5;12
1;1;11;0;2;2;1;2;1;3;1;4;1;5;1;6;1;7;1;8;1;9;1;10;1;11;1;12;2;12;3;12;4;12;5;12;6;12
1;1;11;0;1;2;1;3;1;4;1;5;1;6;1;7;1;8;1;9;1;10;1;11;1;12;2;12;3;12;4;12;5;12;6;12;7;12
1;1;11;0;1;3;1;4;1;5;1;6;1;7;1;8;1;9;1;10;1;11;1;12;2;12;3;12;4;12;5;12;6;12;7;12;8;12
1;1;11;0;1;4;1;5;1;6;1;7;1;8;1;9;1;10;1;11;1;12;2;12;3;12;4;12;5;12;6;12;7;12;8;12;9;12
1;1;11;0;1;5;1;6;1;7;1;8;1;9;1;10;1;11;1;12;2;12;3;12;4;12;5;12;6;12;7;12;8;12;9;12;10;12
0;1;11;0;1;6;1;7;1;8;1;9;1;10;1;11;1;12;2;12;3;12;4;12;5;12;6;12;7;12;8;12;9;12;10;12;11;12
0;0;11;0;1;7;1;8;1;9;1;10;1;11;1;12;2;12;3;12;4;12;5;12;6;12;7;12;8;12;9;12;10;12;11;12;11;11
0;0;11;0;1;8;1;9;1;10;1;11;1;12;2;12;3;12;4;12;5;12;6;12;7;12;8;12;9;12;10;12;11;12;11;11;11;10
0;0;11;0;1;9;1;10;1;11;1;12;2;12;3;12;4;12;5;12;6;12;7;12;8;12;9;12;10;12;11;12;11;11;11;10;11;9
0;0;11;0;1;10;1;11;1;12;2;12;3;12;4;12;5;12;6;12;7;12;8;12;9;12;10;12;11;12;11;11;11;10;11;9;11;8
0;0;11;0;1;11;1;12;2;12;3;12;4;12;5;12;6;12;7;12;8;12;9;12;10;12;11;12;11;11;11;10;11;9;11;8;11;7
0;0;11;0;1;12;2;12;3;12;4;12;5;12;6;12;7;12;8;12;9;12;10;12;11;12;11;11;11;10;11;9;11;8;11;7;11;6
0;0;11;0;2;12;3;12;4;12;5;12;6;12;7;12;8;12;9;12;10;12;11;12;11;11;11;10;11;9;11;8;11;7;11;6;11;5
0;0;11;0;3;12;4;12;5;12;6;12;7;12;8;12;9;12;10;12;11;12;11;11;11;10;11;9;11;8;11;7;11;6;11;5;11;4
0;0;11;0;4;12;5;12;6;12;7;12;8;12;9;12;10;12;11;12;11;11;11;10;11;9;11;8;11;7;11;6;11;5;11;4;11;3
0;0;11;0;5;12;6;12;7;12;8;12;9;12;10;12;11;12;11;11;11;10;11;9;11;8;11;7;11;6;11;5;11;4;11;3;11;2
0;0;11;0;6;12;7;12;8;12;9;12;10;12;11;12;11;11;11;10;11;9;11;8;11;7;11;6;11;5;11;4;11;3;11;2;11;1
1;0;9;7;7;12;7;12;8;12;9;12;10;12;11;12;11;11;11;10;11;9;11;8;11;7;11;6;11;5;11;4;11;3;11;2;11;1;11;0
1;1;9;7;7;12;8;12;9;12;10;12;11;12;11;11;11;10;11;9;11;8;11;7;11;6;11;5;11;4;11;3;11;2;11;1;11;0;12;0
1;1;9;7;8;12;9;12;10;12;11;12;11;11;11;10;11;9;11;8;11;7;11;6;11;5;11;4;11;3;11;2;11;1;11;0;12;0;13;0
1;1;9;7;9;12;10;12;11;12;11;11;11;10;11;9;11;8;11;7;11;6;11;5;11;4;11;3;11;2;11;1;11;0;12;0;13;0;14;0
1;1;9;7;10;12;11;12;11;11;11;10;11;9;11;8;11;7;11;6;11;5;11;4;11;3;11;2;11;1;11;0;12;0;13;0;14;0;15;0
1;1;9;7;11;12;11;11;11;10;11;9;11;8;11;7;11;6;11;5;11;4;11;3;11;2;11;1;11;0;12;0;13;0;14;0;15;0;16;0
2;1;9;7;11;11;11;10;11;9;11;8;11;7;11;6;11;5;11;4;11;3;11;2;11;1;11;0;12;0;13;0;14;0;15;0;16;0;17;0
2;2;9;7;11;10;11;9;11;8;11;7;11;6;11;5;11;4;11;3;11;2;11;1;11;0;12;0;13;0;14;0;15;0;16;0;17;0;17;1
2;2;9;7;11;9;11;8;11;7;11;6;11;5;11;4;11;3;11;2;11;1;11;0;12;0;13;0;14;0;15;0;16;0;17;0;17;1;17;2
2;2;9;7;11;8;11;7;11;6;11;5;11;4;11;3;11;2;11;1;11;0;12;0;13;0;14;0;15;0;16;0;17;0;17;1;17;2;17;3
2;2;9;7;11;7;11;6;11;5;11;4;11;3;11;2;11;1;11;0;12;0;13;0;14;0;15;0;16;0;17;0;17;1;17;2;17;3;17;4
2;2;9;7;11;6;11;5;11;4;11;3;11;2;11;1;11;0;12;0;13;0;14;0;15;0;16;0;17;0;17;1;17;2;17;3;17;4;17;5
2;2;9;7;11;5;11;4;11;3;11;2;11;1;11;0;12;0;13;0;14;0;15;0;16;0;17;0;17;1;17;2;17;3;17;4;17;5;17;6
3;2;9;7;11;4;11;3;11;2;11;1;11;0;12;0;13;0;14;0;15;0;16;0;17;0;17;1;17;2;17;3;17;4;17;5;17;6;17;7
3;3;9;7;11;3;11;2;11;1;11;0;12;0;13;0;14;0;15;0;16;0;17;0;17;1;17;2;17;3;17;4;17;5;17;6;17;7;16;7
3;3;9;7;11;2;11;1;11;0;12;0;13;0;14;0;15;0;16;0;17;0;17;1;17;2;17;3;17;4;17;5;17;6;17;7;16;7;15;7
3;3;9;7;11;1;11;0;12;0;13;0;14;0;15;0;16;0;17;0;17;1;17;2;17;3;17;4;17;5;17;6;17;7;16;7;15;7;14;7
3;3;9;7;11;0;12;0;13;0;14;0;15;0;16;0;17;0;17;1;17;2;17;3;17;4;17;5;17;6;17;7;16;7;15;7;14;7;13;7
3;3;9;7;12;0;13;0;14;0;15;0;16;0;17;0;17;1;17;2;17;3;17;4;17;5;17;6;17;7;16;7;15;7;14;7;13;7;12;7
3;3;9;7;13;0;14;0;15;0;16;0;17;0;17;1;17;2;17;3;17;4;17;5;17;6;17;7;16;7;15;7;14;7;13;7;12;7;11;7
3;3;9;7;14;0;15;0;16;0;17;0;17;1;17;2;17;3;17;4;17;5;17;6;17;7;16;7;15;7;14;7;13;7;12;7;11;7;10;7
3;3;2;17;15;0;15;0;16;0;17;0;17;1;17;2;17;3;17;4;17;5;17;6;17;7;16;7;15;7;14;7;13;7;12;7;11;7;10;7;9;7
3;3;2;17;15;0;16;0;17;0;17;1;17;2;17;3;17;4;17;5;17;6;17;7;16;7;15;7;14;7;13;7;12;7;11;7;10;7;9;7;8;7
3;3;2;17;16;0;17;0;17;1;17;2;17;3;17;4;17;5;17;6;17;7;16;7;15;7;14;7;13;7;12;7;11;7;10;7;9;7;8;7;7;7
3;3;2;17;17;0;17;1;17;2;17;3;17;4;17;5;17;6;17;7;16;7;15;7;14;7;13;7;12;7;11;7;10;7;9;7;8;7;7;7;6;7
3;3;2;17;17;1;17;2;17;3;17;4;17;5;17;6;17;7;16;7;15;7;14;7;13;7;12;7;11;7;10;7;9;7;8;7;7;7;6;7;5;7
3;3;2;17;17;2;17;3;17;4;17;5;17;6;17;7;16;7;15;7;14;7;13;7;12;7;11;7;10;7;9;7;8;7;7;7;6;7;5;7;4;7
3;3;2;17;17;3;17;4;17;5;17;6;17;7;16;7;15;7;14;7;13;7;12;7;11;7;10;7;9;7;8;7;7;7;6;7;5;7;4;7;3;7
2;3;2;17;17;4;17;5;17;6;17;7;16;7;15;7;14;7;13;7;12;7;11;7;10;7;9;7;8;7;7;7;6;7;5;7;4;7;3;7;2;7
2;2;2;17;17;5;17;6;17;7;16;7;15;7;14;7;13;7;12;7;11;7;10;7;9;7;8;7;7;7;6;7;5;7;4;7;3;7;2;7;2;8
2;2;2;17;17;6;17;7;16;7;15;7;14;7;13;7;12;7;11;7;10;7;9;7;8;7;7;7;6;7;5;7;4;7;3;7;2;7;2;8;2;9
2;2;2;17;17;7;16;7;15;7;14;7;13;7;12;7;11;7;10;7;9;7;8;7;7;7;6;7;5;7;4;7;3;7;2;7;2;8;2;9;2;10
2;2;2;17;16;7;15;7;14;7;13;7;12;7;11;7;10;7;9;7;8;7;7;7;6;7;5;7;4;7;3;7;2;7;2;8;2;9;2;10;2;11
2;2;2;17;15;7;14;7;13;7;12;7;11;7;10;7;9;7;8;7;7;7;6;7;5;7;4;7;3;7;2;7;2;8;2;9;2;10;2;11;2;12
2;2;2;17;14;7;13;7;12;7;11;7;10;7;9;7;8;7;7;7;6;7;5;7;4;7;3;7;2;7;2;8;2;9;2;10;2;11;2;12;2;13
2;2;2;17;13;7;12;7;11;7;10;7;9;7;8;7;7;7;6;7;5;7;4;7;3;7;2;7;2;8;2;9;2;10;2;11;2;12;2;13;2;14
2;2;2;17;12;7;11;7;10;7;9;7;8;7;7;7;6;7;5;7;4;7;3;7;2;7;2;8;2;9;2;10;2;11;2;12;2;13;2;14;2;15
2;2;2;17;11;7;10;7;9;7;8;7;7;7;6;7;5;7;4;7;3;7;2;7;2;8;2;9;2;10;2;11;2;12;2;13;2;14;2;15;2;16
1;2;3;11;10;7;10;7;9;7;8;7;7;7;6;7;5;7;4;7;3;7;2;7;2;8;2;9;2;10;2;11;2;12;2;13;2;14;2;15;2;16;2;17
1;1;3;11;10;7;9;7;8;7;7;7;6;7;5;7;4;7;3;7;2;7;2;8;2;9;2;10;2;11;2;12;2;13;2;14;2;15;2;16;2;17;3;17
1;1;3;11;9;7;8;7;7;7;6;7;5;7;4;7;3;7;2;7;2;8;2;9;2;10;2;11;2;12;2;13;2;14;2;15;2;16;2;17;3;17;4;17
1;1;3;11;8;7;7;7;6;7;5;7;4;7;3;7;2;7;2;8;2;9;2;10;2;11;2;12;2;13;2;14;2;15;2;16;2;17;3;17;4;17;5;17
0;1;3;11;7;7;6;7;5;7;4;7;3;7;2;7;2;8;2;9;2;10;2;11;2;12;2;13;2;14;2;15;2;16;2;17;3;17;4;17;5;17;6;17
0;0;3;11;6;7;5;7;4;7;3;7;2;7;2;8;2;9;2;10;2;11;2;12;2;13;2;14;2;15;2;16;2;17;3;17;4;17;5;17;6;17;6;16
0;0;3;11;5;7;4;7;3;7;2;7;2;8;2;9;2;10;2;11;2;12;2;13;2;14;2;15;2;16;2;17;3;17;4;17;5;17;6;17;6;16;6;15
3;0;3;11;4;7;3;7;2;7;2;8;2;9;2;10;2;11;2;12;2;13;2;14;2;15;2;16;2;17;3;17;4;17;5;17;6;17;6;16;6;15;6;14
3;3;3;11;3;7;2;7;2;8;2;9;2;10;2;11;2;12;2;13;2;14;2;15;2;16;2;17;3;17;4;17;5;17;6;17;6;16;6;15;6;14;5;14
3;3;3;11;2;7;2;8;2;9;2;10;2;11;2;12;2;13;2;14;2;15;2;16;2;17;3;17;4;17;5;17;6;17;6;16;6;15;6;14;5;14;4;14
0;3;3;11;2;8;2;9;2;10;2;11;2;12;2;13;2;14;2;15;2;16;2;17;3;17;4;17;5;17;6;17;6;16;6;15;6;14;5;14;4;14;3;14
0;0;3;11;2;9;2;10;2;11;2;12;2;13;2;14;2;15;2;16;2;17;3;17;4;17;5;17;6;17;6;16;6;15;6;14;5;14;4;14;3;14;3;13
0;0;3;11;2;10;2;11;2;12;2;13;2;14;2;15;2;16;2;17;3;17;4;17;5;17;6;17;6;16;6;15;6;14;5;14;4;14;3;14;3;13;3;12
0;0;6;4;2;11;2;11;2;12;2;13;2;14;2;15;2;16;2;17;3;17;4;17;5;17;6;17;6;16;6;15;6;14;5;14;4;14;3;14;3;13;3;12;3;11
0;0;6;4;2;11;2;12;2;13;2;14;2;15;2;16;2;17;3;17;4;17;5;17;6;17;6;16;6;15;6;14;5;14;4;14;3;14;3;13;3;12;3;11;3;10
0;0;6;4;2;12;2;13;2;14;2;15;2;16;2;17;3;17;4;17;5;17;6;17;6;16;6;15;6;14;5;14;4;14;3;14;3;13;3;12;3;11;3;10;3;9
0;0;6;4;2;13;2;14;2;15;2;16;2;17;3;17;4;17;5;17;6;17;6;16;6;15;6;14;5;14;4;14;3;14;3;13;3;12;3;11;3;10;3;9;3;8
0;0;6;4;2;14;2;15;2;16;2;17;3;17;4;17;5;17;6;17;6;16;6;15;6;14;5;14;4;14;3;14;3;13;3;12;3;11;3;10;3;9;3;8;3;7
0;0;6;4;2;15;2;16;2;17;3;17;4;17;5;17;6;17;6;16;6;15;6;14;5;14;4;14;3;14;3;13;3;12;3;11;3;10;3;9;3;8;3;7;3;6
0;0;6;4;2;16;2;17;3;17;4;17;5;17;6;17;6;16;6;15;6;14;5;14;4;14;3;14;3;13;3;12;3;11;3;10;3;9;3;8;3;7;3;6;3;5
1;0;6;4;2;17;3;17;4;17;5;17;6;17;6;16;6;15;6;14;5;14;4;14;3;14;3;13;3;12;3;11;3;10;3;9;3;8;3;7;3;6;3;5;3;4
1;1;6;4;3;17;4;17;5;17;6;17;6;16;6;15;6;14;5;14;4;14;3;14;3;13;3;12;3;11;3;10;3;9;3;8;3;7;3;6;3;5;3;4;4;4
1;1;6;4;4;17;5;17;6;17;6;16;6;15;6;14;5;14;4;14;3;14;3;13;3;12;3;11;3;10;3;9;3;8;3;7;3;6;3;5;3;4;4;4;5;4
1;1;15;13;5;17;5;17;6;17;6;16;6;15;6;14;5;14;4;14;3;14;3;13;3;12;3;11;3;10;3;9;3;8;3;7;3;6;3;5;3;4;4;4;5;4;6;4
1;1;15;13;5;17;6;17;6;16;6;15;6;14;5;14;4;14;3;14;3;13;3;12;3;11;3;10;3;9;3;8;3;7;3;6;3;5;3;4;4;4;5;4;6;4;7;4
1;1;15;13;6;17;6;16;6;15;6;14;5;14;4;14;3;14;3;13;3;12;3;11;3;10;3;9;3;8;3;7;3;6;3;5;3;4;4;4;5;4;6;4;7;4;8;4
1;1;15;13;6;16;6;15;6;14;5;14;4;14;3;14;3;13;3;12;3;11;3;10;3;9;3;8;3;7;3;6;3;5;3;4;4;4;5;4;6;4;7;4;8;4;9;4
1;1;15;13;6;15;6;14;5;14;4;14;3;14;3;13;3;12;3;11;3;10;3;9;3;8;3;7;3;6;3;5;3;4;4;4;5;4;6;4;7;4;8;4;9;4;10;4
1;1;15;13;6;14;5;14;4;14;3;14;3;13;3;12;3;11;3;10;3;9;3;8;3;7;3;6;3;5;3;4;4;4;5;4;6;4;7;4;8;4;9;4;10;4;11;4
1;1;15;13;5;14;4;14;3;14;3;13;3;12;3;11;3;10;3;9;3;8;3;7;3;6;3;5;3;4;4;4;5;4;6;4;7;4;8;4;9;4;10;4;11;4;12;4
1;1;15;13;4;14;3;14;3;13;3;12;3;11;3;10;3;9;3;8;3;7;3;6;3;5;3;4;4;4;5;4;6;4;7;4;8;4;9;4;10;4;11;4;12;4;13;4
1;1;15;13;3;14;3;13;3;12;3;11;3;10;3;9;3;8;3;7;3;6;3;5;3;4;4;4;5;4;6;4;7;4;8;4;9;4;10;4;11;4;12;4;13;4;14;4
2;1;15;13;3;13;3;12;3;11;3;10;3;9;3;8;3;7;3;6;3;5;3;4;4;4;5;4;6;4;7;4;8;4;9;4;10;4;11;4;12;4;13;4;14;4;15;4
2;2;15;13;3;12;3;11;3;10;3;9;3;8;3;7;3;6;3;5;3;4;4;4;5;4;6;4;7;4;8;4;9;4;10;4;11;4;12;4;13;4;14;4;15;4;15;5
2;2;15;13;3;11;3;10;3;9;3;8;3;7;3;6;3;5;3;4;4;4;5;4;6;4;7;4;8;4;9;4;10;4;11;4;12;4;13;4;14;4;15;4;15;5;15;6
2;2;15;13;3;10;3;9;3;8;3;7;3;6;3;5;3;4;4;4;5;4;6;4;7;4;8;4;9;4;10;4;11;4;12;4;13;4;14;4;15;4;15;5;15;6;15;7
2;2;15;13;3;9;3;8;3;7;3;6;3;5;3;4;4;4;5;4;6;4;7;4;8;4;9;4;10;4;11;4;12;4;13;4;14;4;15;4;15;5;15;6;15;7;15;8
2;2;15;13;3;8;3;7;3;6;3;5;3;4;4;4;5;4;6;4;7;4;8;4;9;4;10;4;11;4;12;4;13;4;14;4;15;4;15;5;15;6;15;7;15;8;15;9
2;2;15;13;3;7;3;6;3;5;3;4;4;4;5;4;6;4;7;4;8;4;9;4;10;4;11;4;12;4;13;4;14;4;15;4;15;5;15;6;15;7;15;8;15;9;15;10
2;2;15;13;3;6;3;5;3;4;4;4;5;4;6;4;7;4;8;4;9;4;10;4;11;4;12;4;13;4;14;4;15;4;15;5;15;6;15;7;15;8;15;9;15;10;15;11
2;2;15;13;3;5;3;4;4;4;5;4;6;4;7;4;8;4;9;4;10;4;11;4;12;4;13;4;14;4;15;4;15;5;15;6;15;7;15;8;15;9;15;10;15;11;15;12
2;2;0;18;3;4;3;4;4;4;5;4;6;4;7;4;8;4;9;4;10;4;11;4;12;4;13;4;14;4;15;4;15;5;15;6;15;7;15;8;15;9;15;10;15;11;15;12;15;13
2;2;0;18;3;4;4;4;5;4;6;4;7;4;8;4;9;4;10;4;11;4;12;4;13;4;14;4;15;4;15;5;15;6;15;7;15;8;15;9;15;10;15;11;15;12;15;13;15;14
3;2;0;18;4;4;5;4;6;4;7;4;8;4;9;4;10;4;11;4;12;4;13;4;14;4;15;4;15;5;15;6;15;7;15;8;15;9;15;10;15;11;15;12;15;13;15;14;15;15
3;3;0;18;5;4;6;4;7;4;8;4;9;4;10;4;11;4;12;4;13;4;14;4;15;4;15;5;15;6;15;7;15;8;15;9;15;10;15;11;15;12;15;13;15;14;15;15;14;15
3;3;0;18;6;4;7;4;8;4;9;4;10;4;11;4;12;4;13;4;14;4;15;4;15;5;15;6;15;7;15;8;15;9;15;10;15;11;15;12;15;13;15;14;15;15;14;15;13;15
3;3;0;18;7;4;8;4;9;4;10;4;11;4;12;4;13;4;14;4;15;4;15;5;15;6;15;7;15;8;15;9;15;10;15;11;15;12;15;13;15;14;15;15;14;15;13;15;12;15
3;3;0;18;8;4;9;4;10;4;11;4;12;4;13;4;14;4;15;4;15;5;15;6;15;7;15;8;15;9;15;10;15;11;15;12;15;13;15;14;15;15;14;15;13;15;12;15;11;15
3;3;0;18;9;4;10;4;11;4;12;4;13;4;14;4;15;4;15;5;15;6;15;7;15;8;15;9;15;10;15;11;15;12;15;13;15;14;15;15;14;15;13;15;12;15;11;15;10;15
3;3;0;18;10;4;11;4;12;4;13;4;14;4;15;4;15;5;15;6;15;7;15;8;15;9;15;10;15;11;15;12;15;13;15;14;15;15;14;15;13;15;12;15;11;15;10;15;9;15
3;3;0;18;11;4;12;4;13;4;14;4;15;4;15;5;15;6;15;7;15;8;15;9;15;10;15;11;15;12;15;13;15;14;15;15;14;15;13;15;12;15;11;15;10;15;9;15;8;15
3;3;0;18;12;4;13;4;14;4;15;4;15;5;15;6;15;7;15;8;15;9;15;10;15;11;15;12;15;13;15;14;15;15;14;15;13;15;12;15;11;15;10;15;9;15;8;15;7;15
3;3;0;18;13;4;14;4;15;4;15;5;15;6;15;7;15;8;15;9;15;10;15;11;15;12;15;13;15;14;15;15;14;15;13;15;12;15;11;15;10;15;9;15;8;15;7;15;6;15
3;3;0;18;14;4;15;4;15;5;15;6;15;7;15;8;15;9;15;10;15;11;15;12;15;13;15;14;15;15;14;15;13;15;12;15;11;15;10;15;9;15;8;15;7;15;6;15;5;15
3;3;0;18;15;4;15;5;15;6;15;7;15;8;15;9;15;10;15;11;15;12;15;13;15;14;15;15;14;15;13;15;12;15;11;15;10;15;9;15;8;15;7;15;6;15;5;15;4;15
3;3;0;18;15;5;15;6;15;7;15;8;15;9;15;10;15;11;15;12;15;13;15;14;15;15;14;15;13;15;12;15;11;15;10;15;9;15;8;15;7;15;6;15;5;15;4;15;3;15
3;3;0;18;15;6;15;7;15;8;15;9;15;10;15;11;15;12;15;13;15;14;15;15;14;15;13;15;12;15;11;15;10;15;9;15;8;15;7;15;6;15;5;15;4;15;3;15;2;15
3;3;0;18;15;7;15;8;15;9;15;10;15;11;15;12;15;13;15;14;15;15;14;15;13;15;12;15;11;15;10;15;9;15;8;15;7;15;6;15;5;15;4;15;3;15;2;15;1;15
2;3;0;18;15;8;15;9;15;10;15;11;15;12;15;13;15;14;15;15;14;15;13;15;12;15;11;15;10;15;9;15;8;15;7;15;6;15;5;15;4;15;3;15;2;15;1;15;0;15
2;2;0;18;15;9;15;10;15;11;15;12;15;13;15;14;15;15;14;15;13;15;12;15;11;15;10;15;9;15;8;15;7;15;6;15;5;15;4;15;3;15;2;15;1;15;0;15;0;16
2;2;0;18;15;10;15;11;15;12;15;13;15;14;15;15;14;15;13;15;12;15;11;15;10;15;9;15;8;15;7;15;6;15;5;15;4;15;3;15;2;15;1;15;0;15;0;16;0;17
1;2;16;16;15;11;15;11;15;12;15;13;15;14;15;15;14;15;13;15;12;15;11;15;10;15;9;15;8;15;7;15;6;15;5;15;4;15;3;15;2;15;1;15;0;15;0;16;0;17;0;18
1;1;16;16;15;11;15;12;15;13;15;14;15;15;14;15;13;15;12;15;11;15;10;15;9;15;8;15;7;15;6;15;5;15;4;15;3;15;2;15;1;15;0;15;0;16;0;17;0;18;1;18
1;1;16;16;15;12;15;13;15;14;15;15;14;15;13;15;12;15;11;15;10;15;9;15;8;15;7;15;6;15;5;15;4;15;3;15;2;15;1;15;0;15;0;16;0;17;0;18;1;18;2;18
1;1;16;16;15;13;15;14;15;15;14;15;13;15;12;15;11;15;10;15;9;15;8;15;7;15;6;15;5;15;4;15;3;15;2;15;1;15;0;15;0;16;0;17;0;18;1;18;2;18;3;18
1;1;16;16;15;14;15;15;14;15;13;15;12;15;11;15;10;15;9;15;8;15;7;15;6;15;5;15;4;15;3;15;2;15;1;15;0;15;0;16;0;17;0;18;1;18;2;18;3;18;4;18
1;1;16;16;15;15;14;15;13;15;12;15;11;15;10;15;9;15;8;15;7;15;6;15;5;15;4;15;3;15;2;15;1;15;0;15;0;16;0;17;0;18;1;18;2;18;3;18;4;18;5;18
1;1;16;16;14;15;13;15;12;15;11;15;10;15;9;15;8;15;7;15;6;15;5;15;4;15;3;15;2;15;1;15;0;15;0;16;0;17;0;18;1;18;2;18;3;18;4;18;5;18;6;18
1;1;16;16;13;15;12;15;11;15;10;15;9;15;8;15;7;15;6;15;5;15;4;15;3;15;2;15;1;15;0;15;0;16;0;17;0;18;1;18;2;18;3;18;4;18;5;18;6;18;7;18
1;1;16;16;12;15;11;15;10;15;9;15;8;15;7;15;6;15;5;15;4;15;3;15;2;15;1;15;0;15;0;16;0;17;0;18;1;18;2;18;3;18;4;18;5;18;6;18;7;18;8;18
1;1;16;16;11;15;10;15;9;15;8;15;7;15;6;15;5;15;4;15;3;15;2;15;1;15;0;15;0;16;0;17;0;18;1;18;2;18;3;18;4;18;5;18;6;18;7;18;8;18;9;18
1;1;16;16;10;15;9;15;8;15;7;15;6;15;5;15;4;15;3;15;2;15;1;15;0;15;0;16;0;17;0;18;1;18;2;18;3;18;4;18;5;18;6;18;7;18;8;18;9;18;10;18
1;1;16;16;9;15;8;15;7;15;6;15;5;15;4;15;3;15;2;15;1;15;0;15;0;16;0;17;0;18;1;18;2;18;3;18;4;18;5;18;6;18;7;18;8;18;9;18;10;18;11;18
1;1;16;16;8;15;7;15;6;15;5;15;4;15;3;15;2;15;1;15;0;15;0;16;0;17;0;18;1;18;2;18;3;18;4;18;5;18;6;18;7;18;8;18;9;18;10;18;11;18;12;18
1;1;16;16;7;15;6;15;5;15;4;15;3;15;2;15;1;15;0;15;0;16;0;17;0;18;1;18;2;18;3;18;4;18;5;18;6;18;7;18;8;18;9;18;10;18;11;18;12;18;13;18
1;1;16;16;6;15;5;15;4;15;3;15;2;15;1;15;0;15;0;16;0;17;0;18;1;18;2;18;3;18;4;18;5;18;6;18;7;18;8;18;9;18;10;18;11;18;12;18;13;18;14;18
1;1;16;16;5;15;4;15;3;15;2;15;1;15;0;15;0;16;0;17;0;18;1;18;2;18;3;18;4;18;5;18;6;18;7;18;8;18;9;18;10;18;11;18;12;18;13;18;14;18;15;18
0;1;16;16;4;15;3;15;2;15;1;15;0;15;0;16;0;17;0;18;1;18;2;18;3;18;4;18;5;18;6;18;7;18;8;18;9;18;10;18;11;18;12;18;13;18;14;18;15;18;16;18
0;0;16;16;3;15;2;15;1;15;0;15;0;16;0;17;0;18;1;18;2;18;3;18;4;18;5;18;6;18;7;18;8;18;9;18;10;18;11;18;12;18;13;18;14;18;15;18;16;18;16;17
0;0;3;16;2;15;2;15;1;15;0;15;0;16;0;17;0;18;1;18;2;18;3;18;4;18;5;18;6;18;7;18;8;18;9;18;10;18;11;18;12;18;13;18;14;18;15;18;16;18;16;17;16;16
0;0;3;16;2;15;1;15;0;15;0;16;0;17;0;18;1;18;2;18;3;18;4;18;5;18;6;18;7;18;8;18;9;18;10;18;11;18;12;18;13;18;14;18;15;18;16;18;16;17;16;16;16;15
0;0;3;16;1;15;0;15;0;16;0;17;0;18;1;18;2;18;3;18;4;18;5;18;6;18;7;18;8;18;9;18;10;18;11;18;12;18;13;18;14;18;15;18;16;18;16;17;16;16;16;15;16;14
0;0;3;16;0;15;0;16;0;17;0;18;1;18;2;18;3;18;4;18;5;18;6;18;7;18;8;18;9;18;10;18;11;18;12;18;13;18;14;18;15;18;16;18;16;17;16;16;16;15;16;14;16;13
0;0;3;16;0;16;0;17;0;18;1;18;2;18;3;18;4;18;5;18;6;18;7;18;8;18;9;18;10;18;11;18;12;18;13;18;14;18;15;18;16;18;16;17;16;16;16;15;16;14;16;13;16;12
3;0;3;16;0;17;0;18;1;18;2;18;3;18;4;18;5;18;6;18;7;18;8;18;9;18;10;18;11;18;12;18;13;18;14;18;15;18;16;18;16;17;16;16;16;15;16;14;16;13;16;12;16;11
3;3;3;16;0;18;1;18;2;18;3;18;4;18;5;18;6;18;7;18;8;18;9;18;10;18;11;18;12;18;13;18;14;18;15;18;16;18;16;17;16;16;16;15;16;14;16;13;16;12;16;11;15;11
3;3;3;16;1;18;2;18;3;18;4;18;5;18;6;18;7;18;8;18;9;18;10;18;11;18;12;18;13;18;14;18;15;18;16;18;16;17;16;16;16;15;16;14;16;13;16;12;16;11;15;11;14;11
3;3;3;16;2;18;3;18;4;18;5;18;6;18;7;18;8;18;9;18;10;18;11;18;12;18;13;18;14;18;15;18;16;18;16;17;16;16;16;15;16;14;16;13;16;12;16;11;15;11;14;11;13;11
3;3;3;16;3;18;4;18;5;18;6;18;7;18;8;18;9;18;10;18;11;18;12;18;13;18;14;18;15;18;16;18;16;17;16;16;16;15;16;14;16;13;16;12;16;11;15;11;14;11;13;11;12;11
3;3;3;16;4;18;5;18;6;18;7;18;8;18;9;18;10;18;11;18;12;18;13;18;14;18;15;18;16;18;16;17;16;16;16;15;16;14;16;13;16;12;16;11;15;11;14;11;13;11;12;11;11;11
3;3;3;16;5;18;6;18;7;18;8;18;9;18;10;18;11;18;12;18;13;18;14;18;15;18;16;18;16;17;16;16;16;15;16;14;16;13;16;12;16;11;15;11;14;11;13;11;12;11;11;11;10;11
3;3;3;16;6;18;7;18;8;18;9;18;10;18;11;18;12;18;13;18;14;18;15;18;16;18;16;17;16;16;16;15;16;14;16;13;16;12;16;11;15;11;14;11;13;11;12;11;11;11;10;11;9;11
3;3;3;16;7;18;8;18;9;18;10;18;11;18;12;18;13;18;14;18;15;18;16;18;16;17;16;16;16;15;16;14;16;13;16;12;16;11;15;11;14;11;13;11;12;11;11;11;10;11;9;11;8;11
3;3;3;16;8;18;9;18;10;18;11;18;12;18;13;18;14;18;15;18;16;18;16;17;16;16;16;15;16;14;16;13;16;12;16;11;15;11;14;11;13;11;12;11;11;11;10;11;9;11;8;11;7;11
3;3;3;16;9;18;10;18;11;18;12;18;13;18;14;18;15;18;16;18;16;17;16;16;16;15;16;14;16;13;16;12;16;11;15;11;14;11;13;11;12;11;11;11;10;11;9;11;8;11;7;11;6;11
3;3;3;16;10;18;11;18;12;18;13;18;14;18;15;18;16;18;16;17;16;16;16;15;16;14;16;13;16;12;16;11;15;11;14;11;13;11;12;11;11;11;10;11;9;11;8;11;7;11;6;11;5;11
3;3;3;16;11;18;12;18;13;18;14;18;15;18;16;18;16;17;16;16;16;15;16;14;16;13;16;12;16;11;15;11;14;11;13;11;12;11;11;11;10;11;9;11;8;11;7;11;6;11;5;11;4;11
2;3;3;16;12;18;13;18;14;18;15;18;16;18;16;17;16;16;16;15;16;14;16;13;16;12;16;11;15;11;14;11;13;11;12;11;11;11;10;11;9;11;8;11;7;11;6;11;5;11;4;11;3;11
2;2;3;16;13;18;14;18;15;18;16;18;16;17;16;16;16;15;16;14;16;13;16;12;16;11;15;11;14;11;13;11;12;11;11;11;10;11;9;11;8;11;7;11;6;11;5;11;4;11;3;11;3;12
2;2;3;16;14;18;15;18;16;18;16;17;16;16;16;15;16;14;16;13;16;12;16;11;15;11;14;11;13;11;12;11;11;11;10;11;9;11;8;11;7;11;6;11;5;11;4;11;3;11;3;12;3;13
2;2;3;16;15;18;16;18;16;17;16;16;16;15;16;14;16;13;16;12;16;11;15;11;14;11;13;11;12;11;11;11;10;11;9;11;8;11;7;11;6;11;5;11;4;11;3;11;3;12;3;13;3;14
2;2;3;16;16;18;16;17;16;16;16;15;16;14;16;13;16;12;16;11;15;11;14;11;13;11;12;11;11;11;10;11;9;11;8;11;7;11;6;11;5;11;4;11;3;11;3;12;3;13;3;14;3;15
1;2;5;9;16;17;16;17;16;16;16;15;16;14;16;13;16;12;16;11;15;11;14;11;13;11;12;11;11;11;10;11;9;11;8;11;7;11;6;11;5;11;4;11;3;11;3;12;3;13;3;14;3;15;3;16
1;1;5;9;16;17;16;16;16;15;16;14;16;13;16;12;16;11;15;11;14;11;13;11;12;11;11;11;10;11;9;11;8;11;7;11;6;11;5;11;4;11;3;11;3;12;3;13;3;14;3;15;3;16;4;16
1;1;5;9;16;16;16;15;16;14;16;13;16;12;16;11;15;11;14;11;13;11;12;11;11;11;10;11;9;11;8;11;7;11;6;11;5;11;4;11;3;11;3;12;3;13;3;14;3;15;3;16;4;16;5;16
1;1;5;9;16;15;16;14;16;13;16;12;16;11;15;11;14;11;13;11;12;11;11;11;10;11;9;11;8;11;7;11;6;11;5;11;4;11;3;11;3;12;3;13;3;14;3;15;3;16;4;16;5;16;6;16
1;1;5;9;16;14;16;13;16;12;16;11;15;11;14;11;13;11;12;11;11;11;10;11;9;11;8;11;7;11;6;11;5;11;4;11;3;11;3;12;3;13;3;14;3;15;3;16;4;16;5;16;6;16;7;16
1;1;5;9;16;13;16;12;16;11;15;11;14;11;13;11;12;11;11;11;10;11;9;11;8;11;7;11;6;11;5;11;4;11;3;11;3;12;3;13;3;14;3;15;3;16;4;16;5;16;6;16;7;16;8;16
1;1;5;9;16;12;16;11;15;11;14;11;13;11;12;11;11;11;10;11;9;11;8;11;7;11;6;11;5;11;4;11;3;11;3;12;3;13;3;14;3;15;3;16;4;16;5;16;6;16;7;16;8;16;9;16
1;1;5;9;16;11;15;11;14;11;13;11;12;11;11;11;10;11;9;11;8;11;7;11;6;11;5;11;4;11;3;11;3;12;3;13;3;14;3;15;3;16;4;16;5;16;6;16;7;16;8;16;9;16;10;16
0;1;5;9;15;11;14;11;13;11;12;11;11;11;10;11;9;11;8;11;7;11;6;11;5;11;4;11;3;11;3;12;3;13;3;14;3;15;3;16;4;16;5;16;6;16;7;16;8;16;9;16;10;16;11;16
0;0;5;9;14;11;13;11;12;11;11;11;10;11;9;11;8;11;7;11;6;11;5;11;4;11;3;11;3;12;3;13;3;14;3;15;3;16;4;16;5;16;6;16;7;16;8;16;9;16;10;16;11;16;11;15
0;0;5;9;13;11;12;11;11;11;10;11;9;11;8;11;7;11;6;11;5;11;4;11;3;11;3;12;3;13;3;14;3;15;3;16;4;16;5;16;6;16;7;16;8;16;9;16;10;16;11;16;11;15;11;14
0;0;5;9;12;11;11;11;10;11;9;11;8;11;7;11;6;11;5;11;4;11;3;11;3;12;3;13;3;14;3;15;3;16;4;16;5;16;6;16;7;16;8;16;9;16;10;16;11;16;11;15;11;14;11;13
0;0;5;9;11;11;10;11;9;11;8;11;7;11;6;11;5;11;4;11;3;11;3;12;3;13;3;14;3;15;3;16;4;16;5;16;6;16;7;16;8;16;9;16;10;16;11;16;11;15;11;14;11;13;11;12
0;0;5;9;10;11;9;11;8;11;7;11;6;11;5;11;4;11;3;11;3;12;3;13;3;14;3;15;3;16;4;16;5;16;6;16;7;16;8;16;9;16;10;16;11;16;11;15;11;14;11;13;11;12;11;11
0;0;5;9;9;11;8;11;7;11;6;11;5;11;4;11;3;11;3;12;3;13;3;14;3;15;3;16;4;16;5;16;6;16;7;16;8;16;9;16;10;16;11;16;11;15;11;14;11;13;11;12;11;11;11;10
3;0;5;9;8;11;7;11;6;11;5;11;4;11;3;11;3;12;3;13;3;14;3;15;3;16;4;16;5;16;6;16;7;16;8;16;9;16;10;16;11;16;11;15;11;14;11;13;11;12;11;11;11;10;11;9
3;3;5;9;7;11;6;11;5;11;4;11;3;11;3;12;3;13;3;14;3;15;3;16;4;16;5;16;6;16;7;16;8;16;9;16;10;16;11;16;11;15;11;14;11;13;11;12;11;11;11;10;11;9;10;9
3;3;5;9;6;11;5;11;4;11;3;11;3;12;3;13;3;14;3;15;3;16;4;16;5;16;6;16;7;16;8;16;9;16;10;16;11;16;11;15;11;14;11;13;11;12;11;11;11;10;11;9;10;9;9;9
3;3;5;9;5;11;4;11;3;11;3;12;3;13;3;14;3;15;3;16;4;16;5;16;6;16;7;16;8;16;9;16;10;16;11;16;11;15;11;14;11;13;11;12;11;11;11;10;11;9;10;9;9;9;8;9
3;3;5;9;4;11;3;11;3;12;3;13;3;14;3;15;3;16;4;16;5;16;6;16;7;16;8;16;9;16;10;16;11;16;11;15;11;14;11;13;11;12;11;11;11;10;11;9;10;9;9;9;8;9;7;9
3;3;5;9;3;11;3;12;3;13;3;14;3;15;3;16;4;16;5;16;6;16;7;16;8;16;9;16;10;16;11;16;11;15;11;14;11;13;11;12;11;11;11;10;11;9;10;9;9;9;8;9;7;9;6;9
3;3;12;11;3;12;3;12;3;13;3;14;3;15;3;16;4;16;5;16;6;16;7;16;8;16;9;16;10;16;11;16;11;15;11;14;11;13;11;12;11;11;11;10;11;9;10;9;9;9;8;9;7;9;6;9;5;9
0;3;12;11;3;12;3;13;3;14;3;15;3;16;4;16;5;16;6;16;7;16;8;16;9;16;10;16;11;16;11;15;11;14;11;13;11;12;11;11;11;10;11;9;10;9;9;9;8;9;7;9;6;9;5;9;4;9
0;0;12;11;3;13;3;14;3;15;3;16;4;16;5;16;6;16;7;16;8;16;9;16;10;16;11;16;11;15;11;14;11;13;11;12;11;11;11;10;11;9;10;9;9;9;8;9;7;9;6;9;5;9;4;9;4;8
1;0;12;11;3;14;3;15;3;16;4;16;5;16;6;16;7;16;8;16;9;16;10;16;11;16;11;15;11;14;11;13;11;12;11;11;11;10;11;9;10;9;9;9;8;9;7;9;6;9;5;9;4;9;4;8;4;7
1;1;12;11;3;15;3;16;4;16;5;16;6;16;7;16;8;16;9;16;10;16;11;16;11;15;11;14;11;13;11;12;11;11;11;10;11;9;10;9;9;9;8;9;7;9;6;9;5;9;4;9;4;8;4;7;5;7
1;1;12;11;3;16;4;16;5;16;6;16;7;16;8;16;9;16;10;16;11;16;11;15;11;14;11;13;11;12;11;11;11;10;11;9;10;9;9;9;8;9;7;9;6;9;5;9;4;9;4;8;4;7;5;7;6;7
1;1;12;11;4;16;5;16;6;16;7;16;8;16;9;16;10;16;11;16;11;15;11;14;11;13;11;12;11;11;11;10;11;9;10;9;9;9;8;9;7;9;6;9;5;9;4;9;4;8;4;7;5;7;6;7;7;7
1;1;12;11;5;16;6;16;7;16;8;16;9;16;10;16;11;16;11;15;11;14;11;13;11;12;11;11;11;10;11;9;10;9;9;9;8;9;7;9;6;9;5;9;4;9;4;8;4;7;5;7;6;7;7;7;8;7
1;1;12;11;6;16;7;16;8;16;9;16;10;16;11;16;11;15;11;14;11;13;11;12;11;11;11;10;11;9;10;9;9;9;8;9;7;9;6;9;5;9;4;9;4;8;4;7;5;7;6;7;7;7;8;7;9;7
1;1;12;11;7;16;8;16;9;16;10;16;11;16;11;15;11;14;11;13;11;12;11;11;11;10;11;9;10;9;9;9;8;9;7;9;6;9;5;9;4;9;4;8;4;7;5;7;6;7;7;7;8;7;9;7;10;7
1;1;12;11;8;16;9;16;10;16;11;16;11;15;11;14;11;13;11;12;11;11;11;10;11;9;10;9;9;9;8;9;7;9;6;9;5;9;4;9;4;8;4;7;5;7;6;7;7;7;8;7;9;7;10;7;11;7
2;1;12;11;9;16;10;16;11;16;11;15;11;14;11;13;11;12;11;11;11;10;11;9;10;9;9;9;8;9;7;9;6;9;5;9;4;9;4;8;4;7;5;7;6;7;7;7;8;7;9;7;10;7;11;7;12;7
2;2;12;11;10;16;11;16;11;15;11;14;11;13;11;12;11;11;11;10;11;9;10;9;9;9;8;9;7;9;6;9;5;9;4;9;4;8;4;7;5;7;6;7;7;7;8;7;9;7;10;7;11;7;12;7;12;8
2;2;12;11;11;16;11;15;11;14;11;13;11;12;11;11;11;10;11;9;10;9;9;9;8;9;7;9;6;9;5;9;4;9;4;8;4;7;5;7;6;7;7;7;8;7;9;7;10;7;11;7;12;7;12;8;12;9
2;2;12;11;11;15;11;14;11;13;11;12;11;11;11;10;11;9;10;9;9;9;8;9;7;9;6;9;5;9;4;9;4;8;4;7;5;7;6;7;7;7;8;7;9;7;10;7;11;7;12;7;12;8;12;9;12;10
2;2;3;11;11;14;11;14;11;13;11;12;11;11;11;10;11;9;10;9;9;9;8;9;7;9;6;9;5;9;4;9;4;8;4;7;5;7;6;7;7;7;8;7;9;7;10;7;11;7;12;7;12;8;12;9;12;10;12;11
2;2;3;11;11;14;11;13;11;12;11;11;11;10;11;9;10;9;9;9;8;9;7;9;6;9;5;9;4;9;4;8;4;7;5;7;6;7;7;7;8;7;9;7;10;7;11;7;12;7;12;8;12;9;12;10;12;11;12;12
2;2;3;11;11;13;11;12;11;11;11;10;11;9;10;9;9;9;8;9;7;9;6;9;5;9;4;9;4;8;4;7;5;7;6;7;7;7;8;7;9;7;10;7;11;7;12;7;12;8;12;9;12;10;12;11;12;12;12;13
3;2;3;11;11;12;11;11;11;10;11;9;10;9;9;9;8;9;7;9;6;9;5;9;4;9;4;8;4;7;5;7;6;7;7;7;8;7;9;7;10;7;11;7;12;7;12;8;12;9;12;10;12;11;12;12;12;13;12;14
3;3;3;11;11;11;11;10;11;9;10;9;9;9;8;9;7;9;6;9;5;9;4;9;4;8;4;7;5;7;6;7;7;7;8;7;9;7;10;7;11;7;12;7;12;8;12;9;12;10;12;11;12;12;12;13;12;14;11;14
3;3;3;11;11;10;11;9;10;9;9;9;8;9;7;9;6;9;5;9;4;9;4;8;4;7;5;7;6;7;7;7;8;7;9;7;10;7;11;7;12;7;12;8;12;9;12;10;12;11;12;12;12;13;12;14;11;14;10;14
3;3;3;11;11;9;10;9;9;9;8;9;7;9;6;9;5;9;4;9;4;8;4;7;5;7;6;7;7;7;8;7;9;7;10;7;11;7;12;7;12;8;12;9;12;10;12;11;12;12;12;13;12;14;11;14;10;14;9;14
3;3;3;11;10;9;9;9;8;9;7;9;6;9;5;9;4;9;4;8;4;7;5;7;6;7;7;7;8;7;9;7;10;7;11;7;12;7;12;8;12;9;12;10;12;11;12;12;12;13;12;14;11;14;10;14;9;14;8;14
3;3;3;11;9;9;8;9;7;9;6;9;5;9;4;9;4;8;4;7;5;7;6;7;7;7;8;7;9;7;10;7;11;7;12;7;12;8;12;9;12;10;12;11;12;12;12;13;12;14;11;14;10;14;9;14;8;14;7;14
3;3;3;11;8;9;7;9;6;9;5;9;4;9;4;8;4;7;5;7;6;7;7;7;8;7;9;7;10;7;11;7;12;7;12;8;12;9;12;10;12;11;12;12;12;13;12;14;11;14;10;14;9;14;8;14;7;14;6;14
3;3;3;11;7;9;6;9;5;9;4;9;4;8;4;7;5;7;6;7;7;7;8;7;9;7;10;7;11;7;12;7;12;8;12;9;12;10;12;11;12;12;12;13;12;14;11;14;10;14;9;14;8;14;7;14;6;14;5;14
3;3;3;11;6;9;5;9;4;9;4;8;4;7;5;7;6;7;7;7;8;7;9;7;10;7;11;7;12;7;12;8;12;9;12;10;12;11;12;12;12;13;12;14;11;14;10;14;9;14;8;14;7;14;6;14;5;14;4;14
0;3;3;11;5;9;4;9;4;8;4;7;5;7;6;7;7;7;8;7;9;7;10;7;11;7;12;7;12;8;12;9;12;10;12;11;12;12;12;13;12;14;11;14;10;14;9;14;8;14;7;14;6;14;5;14;4;14;3;14
0;0;3;11;4;9;4;8;4;7;5;7;6;7;7;7;8;7;9;7;10;7;11;7;12;7;12;8;12;9;12;10;12;11;12;12;12;13;12;14;11;14;10;14;9;14;8;14;7;14;6;14;5;14;4;14;3;14;3;13
0;0;3;11;4;8;4;7;5;7;6;7;7;7;8;7;9;7;10;7;11;7;12;7;12;8;12;9;12;10;12;11;12;12;12;13;12;14;11;14;10;14;9;14;8;14;7;14;6;14;5;14;4;14;3;14;3;13;3;12
0;0;11;10;4;7;4;7;5;7;6;7;7;7;8;7;9;7;10;7;11;7;12;7;12;8;12;9;12;10;12;11;12;12;12;13;12;14;11;14;10;14;9;14;8;14;7;14;6;14;5;14;4;14;3;14;3;13;3;12;3;11
0;0;11;10;4;7;5;7;6;7;7;7;8;7;9;7;10;7;11;7;12;7;12;8;12;9;12;10;12;11;12;12;12;13;12;14;11;14;10;14;9;14;8;14;7;14;6;14;5;14;4;14;3;14;3;13;3;12;3;11;3;10
0;0;11;10;5;7;6;7;7;7;8;7;9;7;10;7;11;7;12;7;12;8;12;9;12;10;12;11;12;12;12;13;12;14;11;14;10;14;9;14;8;14;7;14;6;14;5;14;4;14;3;14;3;13;3;12;3;11;3;10;3;9
0;0;11;10;6;7;7;7;8;7;9;7;10;7;11;7;12;7;12;8;12;9;12;10;12;11;12;12;12;13;12;14;11;14;10;14;9;14;8;14;7;14;6;14;5;14;4;14;3;14;3;13;3;12;3;11;3;10;3;9;3;8
0;0;11;10;7;7;8;7;9;7;10;7;11;7;12;7;12;8;12;9;12;10;12;11;12;12;12;13;12;14;11;14;10;14;9;14;8;14;7;14;6;14;5;14;4;14;3;14;3;13;3;12;3;11;3;10;3;9;3;8;3;7
0;0;11;10;8;7;9;7;10;7;11;7;12;7;12;8;12;9;12;10;12;11;12;12;12;13;12;14;11;14;10;14;9;14;8;14;7;14;6;14;5;14;4;14;3;14;3;13;3;12;3;11;3;10;3;9;3;8;3;7;3;6
1;0;11;10;9;7;10;7;11;7;12;7;12;8;12;9;12;10;12;11;12;12;12;13;12;14;11;14;10;14;9;14;8;14;7;14;6;14;5;14;4;14;3;14;3;13;3;12;3;11;3;10;3;9;3;8;3;7;3;6;3;5
1;1;11;10;10;7;11;7;12;7;12;8;12;9;12;10;12;11;12;12;12;13;12;14;11;14;10;14;9;14;8;14;7;14;6;14;5;14;4;14;3;14;3;13;3;12;3;11;3;10;3;9;3;8;3;7;3;6;3;5;4;5
1;1;11;10;11;7;12;7;12;8;12;9;12;10;12;11;12;12;12;13;12;14;11;14;10;14;9;14;8;14;7;14;6;14;5;14;4;14;3;14;3;13;3;12;3;11;3;10;3;9;3;8;3;7;3;6;3;5;4;5;5;5
1;1;11;10;12;7;12;8;12;9;12;10;12;11;12;12;12;13;12;14;11;14;10;14;9;14;8;14;7;14;6;14;5;14;4;14;3;14;3;13;3;12;3;11;3;10;3;9;3;8;3;7;3;6;3;5;4;5;5;5;6;5
1;1;11;10;12;8;12;9;12;10;12;11;12;12;12;13;12;14;11;14;10;14;9;14;8;14;7;14;6;14;5;14;4;14;3;14;3;13;3;12;3;11;3;10;3;9;3;8;3;7;3;6;3;5;4;5;5;5;6;5;7;5
1;1;11;10;12;9;12;10;12;11;12;12;12;13;12;14;11;14;10;14;9;14;8;14;7;14;6;14;5;14;4;14;3;14;3;13;3;12;3;11;3;10;3;9;3;8;3;7;3;6;3;5;4;5;5;5;6;5;7;5;8;5
1;1;11;10;12;10;12;11;12;12;12;13;12;14;11;14;10;14;9;14;8;14;7;14;6;14;5;14;4;14;3;14;3;13;3;12;3;11;3;10;3;9;3;8;3;7;3;6;3;5;4;5;5;5;6;5;7;5;8;5;9;5
1;1;11;10;12;11;12;12;12;13;12;14;11;14;10;14;9;14;8;14;7;14;6;14;5;14;4;14;3;14;3;13;3;12;3;11;3;10;3;9;3;8;3;7;3;6;3;5;4;5;5;5;6;5;7;5;8;5;9;5;10;5
2;1;11;10;12;12;12;13;12;14;11;14;10;14;9;14;8;14;7;14;6;14;5;14;4;14;3;14;3;13;3;12;3;11;3;10;3;9;3;8;3;7;3;6;3;5;4;5;5;5;6;5;7;5;8;5;9;5;10;5;11;5
2;2;11;10;12;13;12;14;11;14;10;14;9;14;8;14;7;14;6;14;5;14;4;14;3;14;3;13;3;12;3;11;3;10;3;9;3;8;3;7;3;6;3;5;4;5;5;5;6;5;7;5;8;5;9;5;10;5;11;5;11;6
2;2;11;10;12;14;11;14;10;14;9;14;8;14;7;14;6;14;5;14;4;14;3;14;3;13;3;12;3;11;3;10;3;9;3;8;3;7;3;6;3;5;4;5;5;5;6;5;7;5;8;5;9;5;10;5;11;5;11;6;11;7
2;2;11;10;11;14;10;14;9;14;8;14;7;14;6;14;5;14;4;14;3;14;3;13;3;12;3;11;3;10;3;9;3;8;3;7;3;6;3;5;4;5;5;5;6;5;7;5;8;5;9;5;10;5;11;5;11;6;11;7;11;8
2;2;11;10;10;14;9;14;8;14;7;14;6;14;5;14;4;14;3;14;3;13;3;12;3;11;3;10;3;9;3;8;3;7;3;6;3;5;4;5;5;5;6;5;7;5;8;5;9;5;10;5;11;5;11;6;11;7;11;8;11;9
2;2;16;18;9;14;9;14;8;14;7;14;6;14;5;14;4;14;3;14;3;13;3;12;3;11;3;10;3;9;3;8;3;7;3;6;3;5;4;5;5;5;6;5;7;5;8;5;9;5;10;5;11;5;11;6;11;7;11;8;11;9;11;10
1;2;16;18;9;14;8;14;7;14;6;14;5;14;4;14;3;14;3;13;3;12;3;11;3;10;3;9;3;8;3;7;3;6;3;5;4;5;5;5;6;5;7;5;8;5;9;5;10;5;11;5;11;6;11;7;11;8;11;9;11;10;11;11
1;1;16;18;8;14;7;14;6;14;5;14;4;14;3;14;3;13;3;12;3;11;3;10;3;9;3;8;3;7;3;6;3;5;4;5;5;5;6;5;7;5;8;5;9;5;10;5;11;5;11;6;11;7;11;8;11;9;11;10;11;11;12;11
1;1;16;18;7;14;6;14;5;14;4;14;3;14;3;13;3;12;3;11;3;10;3;9;3;8;3;7;3;6;3;5;4;5;5;5;6;5;7;5;8;5;9;5;10;5;11;5;11;6;11;7;11;8;11;9;11;10;11;11;12;11;13;11
1;1;16;18;6;14;5;14;4;14;3;14;3;13;3;12;3;11;3;10;3;9;3;8;3;7;3;6;3;5;4;5;5;5;6;5;7;5;8;5;9;5;10;5;11;5;11;6;11;7;11;8;11;9;11;10;11;11;12;11;13;11;14;11
1;1;16;18;5;14;4;14;3;14;3;13;3;12;3;11;3;10;3;9;3;8;3;7;3;6;3;5;4;5;5;5;6;5;7;5;8;5;9;5;10;5;11;5;11;6;11;7;11;8;11;9;11;10;11;11;12;11;13;11;14;11;15;11
2;1;16;18;4;14;3;14;3;13;3;12;3;11;3;10;3;9;3;8;3;7;3;6;3;5;4;5;5;5;6;5;7;5;8;5;9;5;10;5;11;5;11;6;11;7;11;8;11;9;11;10;11;11;12;11;13;11;14;11;15;11;16;11
2;2;16;18;3;14;3;13;3;12;3;11;3;10;3;9;3;8;3;7;3;6;3;5;4;5;5;5;6;5;7;5;8;5;9;5;10;5;11;5;11;6;11;7;11;8;11;9;11;10;11;11;12;11;13;11;14;11;15;11;16;11;16;12
2;2;16;18;3;13;3;12;3;11;3;10;3;9;3;8;3;7;3;6;3;5;4;5;5;5;6;5;7;5;8;5;9;5;10;5;11;5;11;6;11;7;11;8;11;9;11;10;11;11;12;11;13;11;14;11;15;11;16;11;16;12;16;13
2;2;16;18;3;12;3;11;3;10;3;9;3;8;3;7;3;6;3;5;4;5;5;5;6;5;7;5;8;5;9;5;10;5;11;5;11;6;11;7;11;8;11;9;11;10;11;11;12;11;13;11;14;11;15;11;16;11;16;12;16;13;16;14
2;2;16;18;3;11;3;10;3;9;3;8;3;7;3;6;3;5;4;5;5;5;6;5;7;5;8;5;9;5;10;5;11;5;11;6;11;7;11;8;11;9;11;10;11;11;12;11;13;11;14;11;15;11;16;11;16;12;16;13;16;14;16;15
2;2;16;18;3;10;3;9;3;8;3;7;3;6;3;5;4;5;5;5;6;5;7;5;8;5;9;5;10;5;11;5;11;6;11;7;11;8;11;9;11;10;11;11;12;11;13;11;14;11;15;11;16;11;16;12;16;13;16;14;16;15;16;16
2;2;16;18;3;9;3;8;3;7;3;6;3;5;4;5;5;5;6;5;7;5;8;5;9;5;10;5;11;5;11;6;11;7;11;8;11;9;11;10;11;11;12;11;13;11;14;11;15;11;16;11;16;12;16;13;16;14;16;15;16;16;16;17
3;2;18;15;3;8;3;8;3;7;3;6;3;5;4;5;5;5;6;5;7;5;8;5;9;5;10;5;11;5;11;6;11;7;11;8;11;9;11;10;11;11;12;11;13;11;14;11;15;11;16;11;16;12;16;13;16;14;16;15;16;16;16;17;16;18
3;3;18;15;3;8;3;7;3;6;3;5;4;5;5;5;6;5;7;5;8;5;9;5;10;5;11;5;11;6;11;7;11;8;11;9;11;10;11;11;12;11;13;11;14;11;15;11;16;11;16;12;16;13;16;14;16;15;16;16;16;17;16;18;15;18
3;3;18;15;3;7;3;6;3;5;4;5;5;5;6;5;7;5;8;5;9;5;10;5;11;5;11;6;11;7;11;8;11;9;11;10;11;11;12;11;13;11;14;11;15;11;16;11;16;12;16;13;16;14;16;15;16;16;16;17;16;18;15;18;14;18
3;3;18;15;3;6;3;5;4;5;5;5;6;5;7;5;8;5;9;5;10;5;11;5;11;6;11;7;11;8;11;9;11;10;11;11;12;11;13;11;14;11;15;11;16;11;16;12;16;13;16;14;16;15;16;16;16;17;16;18;15;18;14;18;13;18
3;3;18;15;3;5;4;5;5;5;6;5;7;5;8;5;9;5;10;5;11;5;11;6;11;7;11;8;11;9;11;10;11;11;12;11;13;11;14;11;15;11;16;11;16;12;16;13;16;14;16;15;16;16;16;17;16;18;15;18;14;18;13;18;12;18
3;3;18;15;4;5;5;5;6;5;7;5;8;5;9;5;10;5;11;5;11;6;11;7;11;8;11;9;11;10;11;11;12;11;13;11;14;11;15;11;16;11;16;12;16;13;16;14;16;15;16;16;16;17;16;18;15;18;14;18;13;18;12;18;11;18
3;3;18;15;5;5;6;5;7;5;8;5;9;5;10;5;11;5;11;6;11;7;11;8;11;9;11;10;11;11;12;11;13;11;14;11;15;11;16;11;16;12;16;13;16;14;16;15;16;16;16;17;16;18;15;18;14;18;13;18;12;18;11;18;10;18
3;3;18;15;6;5;7;5;8;5;9;5;10;5;11;5;11;6;11;7;11;8;11;9;11;10;11;11;12;11;13;11;14;11;15;11;16;11;16;12;16;13;16;14;16;15;16;16;16;17;16;18;15;18;14;18;13;18;12;18;11;18;10;18;9;18
3;3;18;15;7;5;8;5;9;5;10;5;11;5;11;6;11;7;11;8;11;9;11;10;11;11;12;11;13;11;14;11;15;11;16;11;16;12;16;13;16;14;16;15;16;16;16;17;16;18;15;18;14;18;13;18;12;18;11;18;10;18;9;18;8;18
3;3;18;15;8;5;9;5;10;5;11;5;11;6;11;7;11;8;11;9;11;10;11;11;12;11;13;11;14;11;15;11;16;11;16;12;16;13;16;14;16;15;16;16;16;17;16;18;15;18;14;18;13;18;12;18;11;18;10;18;9;18;8;18;7;18
3;3;18;15;9;5;10;5;11;5;11;6;11;7;11;8;11;9;11;10;11;11;12;11;13;11;14;11;15;11;16;11;16;12;16;13;16;14;16;15;16;16;16;17;16;18;15;18;14;18;13;18;12;18;11;18;10;18;9;18;8;18;7;18;6;18
3;3;18;15;10;5;11;5;11;6;11;7;11;8;11;9;11;10;11;11;12;11;13;11;14;11;15;11;16;11;16;12;16;13;16;14;16;15;16;16;16;17;16;18;15;18;14;18;13;18;12;18;11;18;10;18;9;18;8;18;7;18;6;18;5;18
3;3;18;15;11;5;11;6;11;7;11;8;11;9;11;10;11;11;12;11;13;11;14;11;15;11;16;11;16;12;16;13;16;14;16;15;16;16;16;17;16;18;15;18;14;18;13;18;12;18;11;18;10;18;9;18;8;18;7;18;6;18;5;18;4;18
0;3;18;15;11;6;11;7;11;8;11;9;11;10;11;11;12;11;13;11;14;11;15;11;16;11;16;12;16;13;16;14;16;15;16;16;16;17;16;18;15;18;14;18;13;18;12;18;11;18;10;18;9;18;8;18;7;18;6;18;5;18;4;18;3;18
0;0;18;15;11;7;11;8;11;9;11;10;11;11;12;11;13;11;14;11;15;11;16;11;16;12;16;13;16;14;16;15;16;16;16;17;16;18;15;18;14;18;13;18;12;18;11;18;10;18;9;18;8;18;7;18;6;18;5;18;4;18;3;18;3;17
0;0;18;15;11;8;11;9;11;10;11;11;12;11;13;11;14;11;15;11;16;11;16;12;16;13;16;14;16;15;16;16;16;17;16;18;15;18;14;18;13;18;12;18;11;18;10;18;9;18;8;18;7;18;6;18;5;18;4;18;3;18;3;17;3;16
0;0;18;15;11;9;11;10;11;11;12;11;13;11;14;11;15;11;16;11;16;12;16;13;16;14;16;15;16;16;16;17;16;18;15;18;14;18;13;18;12;18;11;18;10;18;9;18;8;18;7;18;6;18;5;18;4;18;3;18;3;17;3;16;3;15
0;0;18;15;11;10;11;11;12;11;13;11;14;11;15;11;16;11;16;12;16;13;16;14;16;15;16;16;16;17;16;18;15;18;14;18;13;18;12;18;11;18;10;18;9;18;8;18;7;18;6;18;5;18;4;18;3;18;3;17;3;16;3;15;3;14
1;0;18;15;11;11;12;11;13;11;14;11;15;11;16;11;16;12;16;13;16;14;16;15;16;16;16;17;16;18;15;18;14;18;13;18;12;18;11;18;10;18;9;18;8;18;7;18;6;18;5;18;4;18;3;18;3;17;3;16;3;15;3;14;3;13
1;1;18;15;12;11;13;11;14;11;15;11;16;11;16;12;16;13;16;14;16;15;16;16;16;17;16;18;15;18;14;18;13;18;12;18;11;18;10;18;9;18;8;18;7;18;6;18;5;18;4;18;3;18;3;17;3;16;3;15;3;14;3;13;4;13
1;1;18;15;13;11;14;11;15;11;16;11;16;12;16;13;16;14;16;15;16;16;16;17;16;18;15;18;14;18;13;18;12;18;11;18;10;18;9;18;8;18;7;18;6;18;5;18;4;18;3;18;3;17;3;16;3;15;3;14;3;13;4;13;5;13
1;1;18;15;14;11;15;11;16;11;16;12;16;13;16;14;16;15;16;16;16;17;16;18;15;18;14;18;13;18;12;18;11;18;10;18;9;18;8;18;7;18;6;18;5;18;4;18;3;18;3;17;3;16;3;15;3;14;3;13;4;13;5;13;6;13
1;1;18;15;15;11;16;11;16;12;16;13;16;14;16;15;16;16;16;17;16;18;15;18;14;18;13;18;12;18;11;18;10;18;9;18;8;18;7;18;6;18;5;18;4;18;3;18;3;17;3;16;3;15;3;14;3;13;4;13;5;13;6;13;7;13
1;1;18;15;16;11;16;12;16;13;16;14;16;15;16;16;16;17;16;18;15;18;14;18;13;18;12;18;11;18;10;18;9;18;8;18;7;18;6;18;5;18;4;18;3;18;3;17;3;16;3;15;3;14;3;13;4;13;5;13;6;13;7;13;8;13
1;1;18;15;16;12;16;13;16;14;16;15;16;16;16;17;16;18;15;18;14;18;13;18;12;18;11;18;10;18;9;18;8;18;7;18;6;18;5;18;4;18;3;18;3;17;3;16;3;15;3;14;3;13;4;13;5;13;6;13;7;13;8;13;9;13
1;1;18;15;16;13;16;14;16;15;16;16;16;17;16;18;15;18;14;18;13;18;12;18;11;18;10;18;9;18;8;18;7;18;6;18;5;18;4;18;3;18;3;17;3;16;3;15;3;14;3;13;4;13;5;13;6;13;7;13;8;13;9;13;10;13
1;1;18;15;16;14;16;15;16;16;16;17;16;18;15;18;14;18;13;18;12;18;11;18;10;18;9;18;8;18;7;18;6;18;5;18;4;18;3;18;3;17;3;16;3;15;3;14;3;13;4;13;5;13;6;13;7;13;8;13;9;13;10;13;11;13
1;1;18;15;16;15;16;16;16;17;16;18;15;18;14;18;13;18;12;18;11;18;10;18;9;18;8;18;7;18;6;18;5;18;4;18;3;18;3;17;3;16;3;15;3;14;3;13;4;13;5;13;6;13;7;13;8;13;9;13;10;13;11;13;12;13
1;1;18;15;16;16;16;17;16;18;15;18;14;18;13;18;12;18;11;18;10;18;9;18;8;18;7;18;6;18;5;18;4;18;3;18;3;17;3;16;3;15;3;14;3;13;4;13;5;13;6;13;7;13;8;13;9;13;10;13;11;13;12;13;13;13
1;1;18;15;16;17;16;18;15;18;14;18;13;18;12;18;11;18;10;18;9;18;8;18;7;18;6;18;5;18;4;18;3;18;3;17;3;16;3;15;3;14;3;13;4;13;5;13;6;13;7;13;8;13;9;13;10;13;11;13;12;13;13;13;14;13
1;1;18;15;16;18;15;18;14;18;13;18;12;18;11;18;10;18;9;18;8;18;7;18;6;18;5;18;4;18;3;18;3;17;3;16;3;15;3;14;3;13;4;13;5;13;6;13;7;13;8;13;9;13;10;13;11;13;12;13;13;13;14;13;15;13
1;1;18;15;15;18;14;18;13;18;12;18;11;18;10;18;9;18;8;18;7;18;6;18;5;18;4;18;3;18;3;17;3;16;3;15;3;14;3;13;4;13;5;13;6;13;7;13;8;13;9;13;10;13;11;13;12;13;13;13;14;13;15;13;16;13
1;1;18;15;14;18;13;18;12;18;11;18;10;18;9;18;8;18;7;18;6;18;5;18;4;18;3;18;3;17;3;16;3;15;3;14;3;13;4;13;5;13;6;13;7;13;8;13;9;13;10;13;11;13;12;13;13;13;14;13;15;13;16;13;17;13
2;1;18;15;13;18;12;18;11;18;10;18;9;18;8;18;7;18;6;18;5;18;4;18;3;18;3;17;3;16;3;15;3;14;3;13;4;13;5;13;6;13;7;13;8;13;9;13;10;13;11;13;12;13;13;13;14;13;15;13;16;13;17;13;18;13
2;2;18;15;12;18;11;18;10;18;9;18;8;18;7;18;6;18;5;18;4;18;3;18;3;17;3;16;3;15;3;14;3;13;4;13;5;13;6;13;7;13;8;13;9;13;10;13;11;13;12;13;13;13;14;13;15;13;16;13;17;13;18;13;18;14
2;2;0;2;11;18;11;18;10;18;9;18;8;18;7;18;6;18;5;18;4;18;3;18;3;17;3;16;3;15;3;14;3;13;4;13;5;13;6;13;7;13;8;13;9;13;10;13;11;13;12;13;13;13;14;13;15;13;16;13;17;13;18;13;18;14;18;15
2;2;0;2;11;18;10;18;9;18;8;18;7;18;6;18;5;18;4;18;3;18;3;17;3;16;3;15;3;14;3;13;4;13;5;13;6;13;7;13;8;13;9;13;10;13;11;13;12;13;13;13;14;13;15;13;16;13;17;13;18;13;18;14;18;15;18;16
3;2;0;2;10;18;9;18;8;18;7;18;6;18;5;18;4;18;3;18;3;17;3;16;3;15;3;14;3;13;4;13;5;13;6;13;7;13;8;13;9;13;10;13;11;13;12;13;13;13;14;13;15;13;16;13;17;13;18;13;18;14;18;15;18;16;18;17
3;3;0;2;9;18;8;18;7;18;6;18;5;18;4;18;3;18;3;17;3;16;3;15;3;14;3;13;4;13;5;13;6;13;7;13;8;13;9;13;10;13;11;13;12;13;13;13;14;13;15;13;16;13;17;13;18;13;18;14;18;15;18;16;18;17;17;17
3;3;0;2;8;18;7;18;6;18;5;18;4;18;3;18;3;17;3;16;3;15;3;14;3;13;4;13;5;13;6;13;7;13;8;13;9;13;10;13;11;13;12;13;13;13;14;13;15;13;16;13;17;13;18;13;18;14;18;15;18;16;18;17;17;17;16;17
3;3;0;2;7;18;6;18;5;18;4;18;3;18;3;17;3;16;3;15;3;14;3;13;4;13;5;13;6;13;7;13;8;13;9;13;10;13;11;13;12;13;13;13;14;13;15;13;16;13;17;13;18;13;18;14;18;15;18;16;18;17;17;17;16;17;15;17
3;3;0;2;6;18;5;18;4;18;3;18;3;17;3;16;3;15;3;14;3;13;4;13;5;13;6;13;7;13;8;13;9;13;10;13;11;13;12;13;13;13;14;13;15;13;16;13;17;13;18;13;18;14;18;15;18;16;18;17;17;17;16;17;15;17;14;17
3;3;0;2;5;18;4;18;3;18;3;17;3;16;3;15;3;14;3;13;4;13;5;13;6;13;7;13;8;13;9;13;10;13;11;13;12;13;13;13;14;13;15;13;16;13;17;13;18;13;18;14;18;15;18;16;18;17;17;17;16;17;15;17;14;17;13;17
3;3;0;2;4;18;3;18;3;17;3;16;3;15;3;14;3;13;4;13;5;13;6;13;7;13;8;13;9;13;10;13;11;13;12;13;13;13;14;13;15;13;16;13;17;13;18;13;18;14;18;15;18;16;18;17;17;17;16;17;15;17;14;17;13;17;12;17
3;3;0;2;3;18;3;17;3;16;3;15;3;14;3;13;4;13;5;13;6;13;7;13;8;13;9;13;10;13;11;13;12;13;13;13;14;13;15;13;16;13;17;13;18;13;18;14;18;15;18;16;18;17;17;17;16;17;15;17;14;17;13;17;12;17;11;17
3;3;0;2;3;17;3;16;3;15;3;14;3;13;4;13;5;13;6;13;7;13;8;13;9;13;10;13;11;13;12;13;13;13;14;13;15;13;16;13;17;13;18;13;18;14;18;15;18;16;18;17;17;17;16;17;15;17;14;17;13;17;12;17;11;17;10;17
2;3;0;2;3;16;3;15;3;14;3;13;4;13;5;13;6;13;7;13;8;13;9;13;10;13;11;13;12;13;13;13;14;13;15;13;16;13;17;13;18;13;18;14;18;15;18;16;18;17;17;17;16;17;15;17;14;17;13;17;12;17;11;17;10;17;9;17
3;2;0;2;3;15;3;14;3;13;4;13;5;13;6;13;7;13;8;13;9;13;10;13;11;13;12;13;13;13;14;13;15;13;16;13;17;13;18;13;18;14;18;15;18;16;18;17;17;17;16;17;15;17;14;17;13;17;12;17;11;17;10;17;9;17;9;18
3;3;0;2;3;14;3;13;4;13;5;13;6;13;7;13;8;13;9;13;10;13;11;13;12;13;13;13;14;13;15;13;16;13;17;13;18;13;18;14;18;15;18;16;18;17;17;17;16;17;15;17;14;17;13;17;12;17;11;17;10;17;9;17;9;18;8;18
3;3;0;2;3;13;4;13;5;13;6;13;7;13;8;13;9;13;10;13;11;13;12;13;13;13;14;13;15;13;16;13;17;13;18;13;18;14;18;15;18;16;18;17;17;17;16;17;15;17;14;17;13;17;12;17;11;17;10;17;9;17;9;18;8;18;7;18
3;3;0;2;4;13;5;13;6;13;7;13;8;13;9;13;10;13;11;13;12;13;13;13;14;13;15;13;16;13;17;13;18;13;18;14;18;15;18;16;18;17;17;17;16;17;15;17;14;17;13;17;12;17;11;17;10;17;9;17;9;18;8;18;7;18;6;18
3;3;0;2;5;13;6;13;7;13;8;13;9;13;10;13;11;13;12;13;13;13;14;13;15;13;16;13;17;13;18;13;18;14;18;15;18;16;18;17;17;17;16;17;15;17;14;17;13;17;12;17;11;17;10;17;9;17;9;18;8;18;7;18;6;18;5;18
3;3;0;2;6;13;7;13;8;13;9;13;10;13;11;13;12;13;13;13;14;13;15;13;16;13;17;13;18;13;18;14;18;15;18;16;18;17;17;17;16;17;15;17;14;17;13;17;12;17;11;17;10;17;9;17;9;18;8;18;7;18;6;18;5;18;4;18
3;3;0;2;7;13;8;13;9;13;10;13;11;13;12;13;13;13;14;13;15;13;16;13;17;13;18;13;18;14;18;15;18;16;18;17;17;17;16;17;15;17;14;17;13;17;12;17;11;17;10;17;9;17;9;18;8;18;7;18;6;18;5;18;4;18;3;18
3;3;0;2;8;13;9;13;10;13;11;13;12;13;13;13;14;13;15;13;16;13;17;13;18;13;18;14;18;15;18;16;18;17;17;17;16;17;15;17;14;17;13;17;12;17;11;17;10;17;9;17;9;18;8;18;7;18;6;18;5;18;4;18;3;18;2;18
3;3;0;2;9;13;10;13;11;13;12;13;13;13;14;13;15;13;16;13;17;13;18;13;18;14;18;15;18;16;18;17;17;17;16;17;15;17;14;17;13;17;12;17;11;17;10;17;9;17;9;18;8;18;7;18;6;18;5;18;4;18;3;18;2;18;1;18
0;3;0;2;10;13;11;13;12;13;13;13;14;13;15;13;16;13;17;13;18;13;18;14;18;15;18;16;18;17;17;17;16;17;15;17;14;17;13;17;12;17;11;17;10;17;9;17;9;18;8;18;7;18;6;18;5;18;4;18;3;18;2;18;1;18;0;18
0;0;0;2;11;13;12;13;13;13;14;13;15;13;16;13;17;13;18;13;18;14;18;15;18;16;18;17;17;17;16;17;15;17;14;17;13;17;12;17;11;17;10;17;9;17;9;18;8;18;7;18;6;18;5;18;4;18;3;18;2;18;1;18;0;18;0;17
0;0;0;2;12;13;13;13;14;13;15;13;16;13;17;13;18;13;18;14;18;15;18;16;18;17;17;17;16;17;15;17;14;17;13;17;12;17;11;17;10;17;9;17;9;18;8;18;7;18;6;18;5;18;4;18;3;18;2;18;1;18;0;18;0;17;0;16
0;0;0;2;13;13;14;13;15;13;16;13;17;13;18;13;18;14;18;15;18;16;18;17;17;17;16;17;15;17;14;17;13;17;12;17;11;17;10;17;9;17;9;18;8;18;7;18;6;18;5;18;4;18;3;18;2;18;1;18;0;18;0;17;0;16;0;15
0;0;0;2;14;13;15;13;16;13;17;13;18;13;18;14;18;15;18;16;18;17;17;17;16;17;15;17;14;17;13;17;12;17;11;17;10;17;9;17;9;18;8;18;7;18;6;18;5;18;4;18;3;18;2;18;1;18;0;18;0;17;0;16;0;15;0;14
0;0;0;2;15;13;16;13;17;13;18;13;18;14;18;15;18;16;18;17;17;17;16;17;15;17;14;17;13;17;12;17;11;17;10;17;9;17;9;18;8;18;7;18;6;18;5;18;4;18;3;18;2;18;1;18;0;18;0;17;0;16;0;15;0;14;0;13
0;0;0;2;16;13;17;13;18;13;18;14;18;15;18;16;18;17;17;17;16;17;15;17;14;17;13;17;12;17;11;17;10;17;9;17;9;18;8;18;7;18;6;18;5;18;4;18;3;18;2;18;1;18;0;18;0;17;0;16;0;15;0;14;0;13;0;12
0;0;0;2;17;13;18;13;18;14;18;15;18;16;18;17;17;17;16;17;15;17;14;17;13;17;12;17;11;17;10;17;9;17;9;18;8;18;7;18;6;18;5;18;4;18;3;18;2;18;1;18;0;18;0;17;0;16;0;15;0;14;0;13;0;12;0;11
0;0;0;2;18;13;18;14;18;15;18;16;18;17;17;17;16;17;15;17;14;17;13;17;12;17;11;17;10;17;9;17;9;18;8;18;7;18;6;18;5;18;4;18;3;18;2;18;1;18;0;18;0;17;0;16;0;15;0;14;0;13;0;12;0;11;0;10
0;0;0;2;18;14;18;15;18;16;18;17;17;17;16;17;15;17;14;17;13;17;12;17;11;17;10;17;9;17;9;18;8;18;7;18;6;18;5;18;4;18;3;18;2;18;1;18;0;18;0;17;0;16;0;15;0;14;0;13;0;12;0;11;0;10;0;9
0;0;0;2;18;15;18;16;18;17;17;17;16;17;15;17;14;17;13;17;12;17;11;17;10;17;9;17;9;18;8;18;7;18;6;18;5;18;4;18;3;18;2;18;1;18;0;18;0;17;0;16;0;15;0;14;0;13;0;12;0;11;0;10;0;9;0;8
0;0;0;2;18;16;18;17;17;17;16;17;15;17;14;17;13;17;12;17;11;17;10;17;9;17;9;18;8;18;7;18;6;18;5;18;4;18;3;18;2;18;1;18;0;18;0;17;0;16;0;15;0;14;0;13;0;12;0;11;0;10;0;9;0;8;0;7
0;0;0;2;18;17;17;17;16;17;15;17;14;17;13;17;12;17;11;17;10;17;9;17;9;18;8;18;7;18;6;18;5;18;4;18;3;18;2;18;1;18;0;18;0;17;0;16;0;15;0;14;0;13;0;12;0;11;0;10;0;9;0;8;0;7;0;6
0;0;0;2;17;17;16;17;15;17;14;17;13;17;12;17;11;17;10;17;9;17;9;18;8;18;7;18;6;18;5;18;4;18;3;18;2;18;1;18;0;18;0;17;0;16;0;15;0;14;0;13;0;12;0;11;0;10;0;9;0;8;0;7;0;6;0;5
0;0;0;2;16;17;15;17;14;17;13;17;12;17;11;17;10;17;9;17;9;18;8;18;7;18;6;18;5;18;4;18;3;18;2;18;1;18;0;18;0;17;0;16;0;15;0;14;0;13;0;12;0;11;0;10;0;9;0;8;0;7;0;6;0;5;0;4
0;0;0;2;15;17;14;17;13;17;12;17;11;17;10;17;9;17;9;18;8;18;7;18;6;18;5;18;4;18;3;18;2;18;1;18;0;18;0;17;0;16;0;15;0;14;0;13;0;12;0;11;0;10;0;9;0;8;0;7;0;6;0;5;0;4;0;3
1;0;17;17;14;17;14;17;13;17;12;17;11;17;10;17;9;17;9;18;8;18;7;18;6;18;5;18;4;18;3;18;2;18;1;18;0;18;0;17;0;16;0;15;0;14;0;13;0;12;0;11;0;10;0;9;0;8;0;7;0;6;0;5;0;4;0;3;0;2
1;1;17;17;14;17;13;17;12;17;11;17;10;17;9;17;9;18;8;18;7;18;6;18;5;18;4;18;3;18;2;18;1;18;0;18;0;17;0;16;0;15;0;14;0;13;0;12;0;11;0;10;0;9;0;8;0;7;0;6;0;5;0;4;0;3;0;2;1;2
1;1;17;17;13;17;12;17;11;17;10;17;9;17;9;18;8;18;7;18;6;18;5;18;4;18;3;18;2;18;1;18;0;18;0;17;0;16;0;15;0;14;0;13;0;12;0;11;0;10;0;9;0;8;0;7;0;6;0;5;0;4;0;3;0;2;1;2;2;2
1;1;17;17;12;17;11;17;10;17;9;17;9;18;8;18;7;18;6;18;5;18;4;18;3;18;2;18;1;18;0;18;0;17;0;16;0;15;0;14;0;13;0;12;0;11;0;10;0;9;0;8;0;7;0;6;0;5;0;4;0;3;0;2;1;2;2;2;3;2
1;1;17;17;11;17;10;17;9;17;9;18;8;18;7;18;6;18;5;18;4;18;3;18;2;18;1;18;0;18;0;17;0;16;0;15;0;14;0;13;0;12;0;11;0;10;0;9;0;8;0;7;0;6;0;5;0;4;0;3;0;2;1;2;2;2;3;2;4;2
1;1;17;17;10;17;9;17;9;18;8;18;7;18;6;18;5;18;4;18;3;18;2;18;1;18;0;18;0;17;0;16;0;15;0;14;0;13;0;12;0;11;0;10;0;9;0;8;0;7;0;6;0;5;0;4;0;3;0;2;1;2;2;2;3;2;4;2;5;2
1;1;17;17;9;17;9;18;8;18;7;18;6;18;5;18;4;18;3;18;2;18;1;18;0;18;0;17;0;16;0;15;0;14;0;13;0;12;0;11;0;10;0;9;0;8;0;7;0;6;0;5;0;4;0;3;0;2;1;2;2;2;3;2;4;2;5;2;6;2
1;1;17;17;9;18;8;18;7;18;6;18;5;18;4;18;3;18;2;18;1;18;0;18;0;17;0;16;0;15;0;14;0;13;0;12;0;11;0;10;0;9;0;8;0;7;0;6;0;5;0;4;0;3;0;2;1;2;2;2;3;2;4;2;5;2;6;2;7;2
1;1;17;17;8;18;7;18;6;18;5;18;4;18;3;18;2;18;1;18;0;18;0;17;0;16;0;15;0;14;0;13;0;12;0;11;0;10;0;9;0;8;0;7;0;6;0;5;0;4;0;3;0;2;1;2;2;2;3;2;4;2;5;2;6;2;7;2;8;2
1;1;17;17;7;18;6;18;5;18;4;18;3;18;2;18;1;18;0;18;0;17;0;16;0;15;0;14;0;13;0;12;0;11;0;10;0;9;0;8;0;7;0;6;0;5;0;4;0;3;0;2;1;2;2;2;3;2;4;2;5;2;6;2;7;2;8;2;9;2
1;1;17;17;6;18;5;18;4;18;3;18;2;18;1;18;0;18;0;17;0;16;0;15;0;14;0;13;0;12;0;11;0;10;0;9;0;8;0;7;0;6;0;5;0;4;0;3;0;2;1;2;2;2;3;2;4;2;5;2;6;2;7;2;8;2;9;2;10;2
1;1;17;17;5;18;4;18;3;18;2;18;1;18;0;18;0;17;0;16;0;15;0;14;0;13;0;12;0;11;0;10;0;9;0;8;0;7;0;6;0;5;0;4;0;3;0;2;1;2;2;2;3;2;4;2;5;2;6;2;7;2;8;2;9;2;10;2;11;2
1;1;17;17;4;18;3;18;2;18;1;18;0;18;0;17;0;16;0;15;0;14;0;13;0;12;0;11;0;10;0;9;0;8;0;7;0;6;0;5;0;4;0;3;0;2;1;2;2;2;3;2;4;2;5;2;6;2;7;2;8;2;9;2;10;2;11;2;12;2
1;1;17;17;3;18;2;18;1;18;0;18;0;17;0;16;0;15;0;14;0;13;0;12;0;11;0;10;0;9;0;8;0;7;0;6;0;5;0;4;0;3;0;2;1;2;2;2;3;2;4;2;5;2;6;2;7;2;8;2;9;2;10;2;11;2;12;2;13;2
1;1;17;17;2;18;1;18;0;18;0;17;0;16;0;15;0;14;0;13;0;12;0;11;0;10;0;9;0;8;0;7;0;6;0;5;0;4;0;3;0;2;1;2;2;2;3;2;4;2;5;2;6;2;7;2;8;2;9;2;10;2;11;2;12;2;13;2;14;2
1;1;17;17;1;18;0;18;0;17;0;16;0;15;0;14;0;13;0;12;0;11;0;10;0;9;0;8;0;7;0;6;0;5;0;4;0;3;0;2;1;2;2;2;3;2;4;2;5;2;6;2;7;2;8;2;9;2;10;2;11;2;12;2;13;2;14;2;15;2
1;1;17;17;0;18;0;17;0;16;0;15;0;14;0;13;0;12;0;11;0;10;0;9;0;8;0;7;0;6;0;5;0;4;0;3;0;2;1;2;2;2;3;2;4;2;5;2;6;2;7;2;8;2;9;2;10;2;11;2;12;2;13;2;14;2;15;2;16;2
2;1;17;17;0;17;0;16;0;15;0;14;0;13;0;12;0;11;0;10;0;9;0;8;0;7;0;6;0;5;0;4;0;3;0;2;1;2;2;2;3;2;4;2;5;2;6;2;7;2;8;2;9;2;10;2;11;2;12;2;13;2;14;2;15;2;16;2;17;2
2;2;17;17;0;16;0;15;0;14;0;13;0;12;0;11;0;10;0;9;0;8;0;7;0;6;0;5;0;4;0;3;0;2;1;2;2;2;3;2;4;2;5;2;6;2;7;2;8;2;9;2;10;2;11;2;12;2;13;2;14;2;15;2;16;2;17;2;17;3
2;2;17;17;0;15;0;14;0;13;0;12;0;11;0;10;0;9;0;8;0;7;0;6;0;5;0;4;0;3;0;2;1;2;2;2;3;2;4;2;5;2;6;2;7;2;8;2;9;2;10;2;11;2;12;2;13;2;14;2;15;2;16;2;17;2;17;3;17;4
2;2;17;17;0;14;0;13;0;12;0;11;0;10;0;9;0;8;0;7;0;6;0;5;0;4;0;3;0;2;1;2;2;2;3;2;4;2;5;2;6;2;7;2;8;2;9;2;10;2;11;2;12;2;13;2;14;2;15;2;16;2;17;2;17;3;17;4;17;5
2;2;17;17;0;13;0;12;0;11;0;10;0;9;0;8;0;7;0;6;0;5;0;4;0;3;0;2;1;2;2;2;3;2;4;2;5;2;6;2;7;2;8;2;9;2;10;2;11;2;12;2;13;2;14;2;15;2;16;2;17;2;17;3;17;4;17;5;17;6
2;2;17;17;0;12;0;11;0;10;0;9;0;8;0;7;0;6;0;5;0;4;0;3;0;2;1;2;2;2;3;2;4;2;5;2;6;2;7;2;8;2;9;2;10;2;11;2;12;2;13;2;14;2;15;2;16;2;17;2;17;3;17;4;17;5;17;6;17;7
2;2;17;17;0;11;0;10;0;9;0;8;0;7;0;6;0;5;0;4;0;3;0;2;1;2;2;2;3;2;4;2;5;2;6;2;7;2;8;2;9;2;10;2;11;2;12;2;13;2;14;2;15;2;16;2;17;2;17;3;17;4;17;5;17;6;17;7;17;8
2;2;17;17;0;10;0;9;0;8;0;7;0;6;0;5;0;4;0;3;0;2;1;2;2;2;3;2;4;2;5;2;6;2;7;2;8;2;9;2;10;2;11;2;12;2;13;2;14;2;15;2;16;2;17;2;17;3;17;4;17;5;17;6;17;7;17;8;17;9
2;2;17;17;0;9;0;8;0;7;0;6;0;5;0;4;0;3;0;2;1;2;2;2;3;2;4;2;5;2;6;2;7;2;8;2;9;2;10;2;11;2;12;2;13;2;14;2;15;2;16;2;17;2;17;3;17;4;17;5;17;6;17;7;17;8;17;9;17;10
2;2;17;17;0;8;0;7;0;6;0;5;0;4;0;3;0;2;1;2;2;2;3;2;4;2;5;2;6;2;7;2;8;2;9;2;10;2;11;2;12;2;13;2;14;2;15;2;16;2;17;2;17;3;17;4;17;5;17;6;17;7;17;8;17;9;17;10;17;11
2;2;17;17;0;7;0;6;0;5;0;4;0;3;0;2;1;2;2;2;3;2;4;2;5;2;6;2;7;2;8;2;9;2;10;2;11;2;12;2;13;2;14;2;15;2;16;2;17;2;17;3;17;4;17;5;17;6;17;7;17;8;17;9;17;10;17;11;17;12
2;2;17;17;0;6;0;5;0;4;0;3;0;2;1;2;2;2;3;2;4;2;5;2;6;2;7;2;8;2;9;2;10;2;11;2;12;2;13;2;14;2;15;2;16;2;17;2;17;3;17;4;17;5;17;6;17;7;17;8;17;9;17;10;17;11;17;12;17;13
2;2;17;17;0;5;0;4;0;3;0;2;1;2;2;2;3;2;4;2;5;2;6;2;7;2;8;2;9;2;10;2;11;2;12;2;13;2;14;2;15;2;16;2;17;2;17;3;17;4;17;5;17;6;17;7;17;8;17;9;17;10;17;11;17;12;17;13;17;14
2;2;17;17;0;4;0;3;0;2;1;2;2;2;3;2;4;2;5;2;6;2;7;2;8;2;9;2;10;2;11;2;12;2;13;2;14;2;15;2;16;2;17;2;17;3;17;4;17;5;17;6;17;7;17;8;17;9;17;10;17;11;17;12;17;13;17;14;17;15
2;2;17;17;0;3;0;2;1;2;2;2;3;2;4;2;5;2;6;2;7;2;8;2;9;2;10;2;11;2;12;2;13;2;14;2;15;2;16;2;17;2;17;3;17;4;17;5;17;6;17;7;17;8;17;9;17;10;17;11;17;12;17;13;17;14;17;15;17;16
3;2;11;0;0;2;0;2;1;2;2;2;3;2;4;2;5;2;6;2;7;2;8;2;9;2;10;2;11;2;12;2;13;2;14;2;15;2;16;2;17;2;17;3;17;4;17;5;17;6;17;7;17;8;17;9;17;10;17;11;17;12;17;13;17;14;17;15;17;16;17;17
3;3;11;0;0;2;1;2;2;2;3;2;4;2;5;2;6;2;7;2;8;2;9;2;10;2;11;2;12;2;13;2;14;2;15;2;16;2;17;2;17;3;17;4;17;5;17;6;17;7;17;8;17;9;17;10;17;11;17;12;17;13;17;14;17;15;17;16;17;17;16;17
3;3;11;0;1;2;2;2;3;2;4;2;5;2;6;2;7;2;8;2;9;2;10;2;11;2;12;2;13;2;14;2;15;2;16;2;17;2;17;3;17;4;17;5;17;6;17;7;17;8;17;9;17;10;17;11;17;12;17;13;17;14;17;15;17;16;17;17;16;17;15;17
3;3;11;0;2;2;3;2;4;2;5;2;6;2;7;2;8;2;9;2;10;2;11;2;12;2;13;2;14;2;15;2;16;2;17;2;17;3;17;4;17;5;17;6;17;7;17;8;17;9;17;10;17;11;17;12;17;13;17;14;17;15;17;16;17;17;16;17;15;17;14;17
3;3;11;0;3;2;4;2;5;2;6;2;7;2;8;2;9;2;10;2;11;2;12;2;13;2;14;2;15;2;16;2;17;2;17;3;17;4;17;5;17;6;17;7;17;8;17;9;17;10;17;11;17;12;17;13;17;14;17;15;17;16;17;17;16;17;15;17;14;17;13;17
3;3;11;0;4;2;5;2;6;2;7;2;8;2;9;2;10;2;11;2;12;2;13;2;14;2;15;2;16;2;17;2;17;3;17;4;17;5;17;6;17;7;17;8;17;9;17;10;17;11;17;12;17;13;17;14;17;15;17;16;17;17;16;17;15;17;14;17;13;17;12;17
3;3;11;0;5;2;6;2;7;2;8;2;9;2;10;2;11;2;12;2;13;2;14;2;15;2;16;2;17;2;17;3;17;4;17;5;17;6;17;7;17;8;17;9;17;10;17;11;17;12;17;13;17;14;17;15;17;16;17;17;16;17;15;17;14;17;13;17;12;17;11;17
3;3;11;0;6;2;7;2;8;2;9;2;10;2;11;2;12;2;13;2;14;2;15;2;16;2;17;2;17;3;17;4;17;5;17;6;17;7;17;8;17;9;17;10;17;11;17;12;17;13;17;14;17;15;17;16;17;17;16;17;15;17;14;17;13;17;12;17;11;17;10;17
0;3;11;0;7;2;8;2;9;2;10;2;11;2;12;2;13;2;14;2;15;2;16;2;17;2;17;3;17;4;17;5;17;6;17;7;17;8;17;9;17;10;17;11;17;12;17;13;17;14;17;15;17;16;17;17;16;17;15;17;14;17;13;17;12;17;11;17;10;17;9;17
0;0;11;0;8;2;9;2;10;2;11;2;12;2;13;2;14;2;15;2;16;2;17;2;17;3;17;4;17;5;17;6;17;7;17;8;17;9;17;10;17;11;17;12;17;13;17;14;17;15;17;16;17;17;16;17;15;17;14;17;13;17;12;17;11;17;10;17;9;17;9;16
0;0;11;0;9;2;10;2;11;2;12;2;13;2;14;2;15;2;16;2;17;2;17;3;17;4;17;5;17;6;17;7;17;8;17;9;17;10;17;11;17;12;17;13;17;14;17;15;17;16;17;17;16;17;15;17;14;17;13;17;12;17;11;17;10;17;9;17;9;16;9;15
0;0;11;0;10;2;11;2;12;2;13;2;14;2;15;2;16;2;17;2;17;3;17;4;17;5;17;6;17;7;17;8;17;9;17;10;17;11;17;12;17;13;17;14;17;15;17;16;17;17;16;17;15;17;14;17;13;17;12;17;11;17;10;17;9;17;9;16;9;15;9;14
0;0;11;0;11;2;12;2;13;2;14;2;15;2;16;2;17;2;17;3;17;4;17;5;17;6;17;7;17;8;17;9;17;10;17;11;17;12;17;13;17;14;17;15;17;16;17;17;16;17;15;17;14;17;13;17;12;17;11;17;10;17;9;17;9;16;9;15;9;14;9;13
0;0;11;0;12;2;13;2;14;2;15;2;16;2;17;2;17;3;17;4;17;5;17;6;17;7;17;8;17;9;17;10;17;11;17;12;17;13;17;14;17;15;17;16;17;17;16;17;15;17;14;17;13;17;12;17;11;17;10;17;9;17;9;16;9;15;9;14;9;13;9;12
0;0;11;0;13;2;14;2;15;2;16;2;17;2;17;3;17;4;17;5;17;6;17;7;17;8;17;9;17;10;17;11;17;12;17;13;17;14;17;15;17;16;17;17;16;17;15;17;14;17;13;17;12;17;11;17;10;17;9;17;9;16;9;15;9;14;9;13;9;12;9;11
0;0;11;0;14;2;15;2;16;2;17;2;17;3;17;4;17;5;17;6;17;7;17;8;17;9;17;10;17;11;17;12;17;13;17;14;17;15;17;16;17;17;16;17;15;17;14;17;13;17;12;17;11;17;10;17;9;17;9;16;9;15;9;14;9;13;9;12;9;11;9;10
0;0;11;0;15;2;16;2;17;2;17;3;17;4;17;5;17;6;17;7;17;8;17;9;17;10;17;11;17;12;17;13;17;14;17;15;17;16;17;17;16;17;15;17;14;17;13;17;12;17;11;17;10;17;9;17;9;16;9;15;9;14;9;13;9;12;9;11;9;10;9;9
0;0;11;0;16;2;17;2;17;3;17;4;17;5;17;6;17;7;17;8;17;9;17;10;17;11;17;12;17;13;17;14;17;15;17;16;17;17;16;17;15;17;14;17;13;17;12;17;11;17;10;17;9;17;9;16;9;15;9;14;9;13;9;12;9;11;9;10;9;9;9;8
0;0;11;0;17;2;17;3;17;4;17;5;17;6;17;7;17;8;17;9;17;10;17;11;17;12;17;13;17;14;17;15;17;16;17;17;16;17;15;17;14;17;13;17;12;17;11;17;10;17;9;17;9;16;9;15;9;14;9;13;9;12;9;11;9;10;9;9;9;8;9;7
0;0;11;0;17;3;17;4;17;5;17;6;17;7;17;8;17;9;17;10;17;11;17;12;17;13;17;14;17;15;17;16;17;17;16;17;15;17;14;17;13;17;12;17;11;17;10;17;9;17;9;16;9;15;9;14;9;13;9;12;9;11;9;10;9;9;9;8;9;7;9;6
0;0;11;0;17;4;17;5;17;6;17;7;17;8;17;9;17;10;17;11;17;12;17;13;17;14;17;15;17;16;17;17;16;17;15;17;14;17;13;17;12;17;11;17;10;17;9;17;9;16;9;15;9;14;9;13;9;12;9;11;9;10;9;9;9;8;9;7;9;6;9;5
0;0;11;0;17;5;17;6;17;7;17;8;17;9;17;10;17;11;17;12;17;13;17;14;17;15;17;16;17;17;16;17;15;17;14;17;13;17;12;17;11;17;10;17;9;17;9;16;9;15;9;14;9;13;9;12;9;11;9;10;9;9;9;8;9;7;9;6;9;5;9;4
0;0;11;0;17;6;17;7;17;8;17;9;17;10;17;11;17;12;17;13;17;14;17;15;17;16;17;17;16;17;15;17;14;17;13;17;12;17;11;17;10;17;9;17;9;16;9;15;9;14;9;13;9;12;9;11;9;10;9;9;9;8;9;7;9;6;9;5;9;4;9;3
0;0;11;0;17;7;17;8;17;9;17;10;17;11;17;12;17;13;17;14;17;15;17;16;17;17;16;17;15;17;14;17;13;17;12;17;11;17;10;17;9;17;9;16;9;15;9;14;9;13;9;12;9;11;9;10;9;9;9;8;9;7;9;6;9;5;9;4;9;3;9;2
0;0;11;0;17;8;17;9;17;10;17;11;17;12;17;13;17;14;17;15;17;16;17;17;16;17;15;17;14;17;13;17;12;17;11;17;10;17;9;17;9;16;9;15;9;14;9;13;9;12;9;11;9;10;9;9;9;8;9;7;9;6;9;5;9;4;9;3;9;2;9;1
1;0;11;0;17;9;17;10;17;11;17;12;17;13;17;14;17;15;17;16;17;17;16;17;15;17;14;17;13;17;12;17;11;17;10;17;9;17;9;16;9;15;9;14;9;13;9;12;9;11;9;10;9;9;9;8;9;7;9;6;9;5;9;4;9;3;9;2;9;1;9;0
1;1;11;0;17;10;17;11;17;12;17;13;17;14;17;15;17;16;17;17;16;17;15;17;14;17;13;17;12;17;11;17;10;17;9;17;9;16;9;15;9;14;9;13;9;12;9;11;9;10;9;9;9;8;9;7;9;6;9;5;9;4;9;3;9;2;9;1;9;0;10;0
1;1;15;2;17;11;17;11;17;12;17;13;17;14;17;15;17;16;17;17;16;17;15;17;14;17;13;17;12;17;11;17;10;17;9;17;9;16;9;15;9;14;9;13;9;12;9;11;9;10;9;9;9;8;9;7;9;6;9;5;9;4;9;3;9;2;9;1;9;0;10;0;11;0
1;1;15;2;17;11;17;12;17;13;17;14;17;15;17;16;17;17;16;17;15;17;14;17;13;17;12;17;11;17;10;17;9;17;9;16;9;15;9;14;9;13;9;12;9;11;9;10;9;9;9;8;9;7;9;6;9;5;9;4;9;3;9;2;9;1;9;0;10;0;11;0;12;0
1;1;15;2;17;12;17;13;17;14;17;15;17;16;17;17;16;17;15;17;14;17;13;17;12;17;11;17;10;17;9;17;9;16;9;15;9;14;9;13;9;12;9;11;9;10;9;9;9;8;9;7;9;6;9;5;9;4;9;3;9;2;9;1;9;0;10;0;11;0;12;0;13;0
1;1;15;2;17;13;17;14;17;15;17;16;17;17;16;17;15;17;14;17;13;17;12;17;11;17;10;17;9;17;9;16;9;15;9;14;9;13;9;12;9;11;9;10;9;9;9;8;9;7;9;6;9;5;9;4;9;3;9;2;9;1;9;0;10;0;11;0;12;0;13;0;14;0
2;1;15;2;17;14;17;15;17;16;17;17;16;17;15;17;14;17;13;17;12;17;11;17;10;17;9;17;9;16;9;15;9;14;9;13;9;12;9;11;9;10;9;9;9;8;9;7;9;6;9;5;9;4;9;3;9;2;9;1;9;0;10;0;11;0;12;0;13;0;14;0;15;0
2;2;15;2;17;15;17;16;17;17;16;17;15;17;14;17;13;17;12;17;11;17;10;17;9;17;9;16;9;15;9;14;9;13;9;12;9;11;9;10;9;9;9;8;9;7;9;6;9;5;9;4;9;3;9;2;9;1;9;0;10;0;11;0;12;0;13;0;14;0;15;0;15;1
2;2;0;11;17;16;17;16;17;17;16;17;15;17;14;17;13;17;12;17;11;17;10;17;9;17;9;16;9;15;9;14;9;13;9;12;9;11;9;10;9;9;9;8;9;7;9;6;9;5;9;4;9;3;9;2;9;1;9;0;10;0;11;0;12;0;13;0;14;0;15;0;15;1;15;2
2;2;0;11;17;16;17;17;16;17;15;17;14;17;13;17;12;17;11;17;10;17;9;17;9;16;9;15;9;14;9;13;9;12;9;11;9;10;9;9;9;8;9;7;9;6;9;5;9;4;9;3;9;2;9;1;9;0;10;0;11;0;12;0;13;0;14;0;15;0;15;1;15;2;15;3
2;2;0;11;17;17;16;17;15;17;14;17;13;17;12;17;11;17;10;17;9;17;9;16;9;15;9;14;9;13;9;12;9;11;9;10;9;9;9;8;9;7;9;6;9;5;9;4;9;3;9;2;9;1;9;0;10;0;11;0;12;0;13;0;14;0;15;0;15;1;15;2;15;3;15;4
2;2;0;11;16;17;15;17;14;17;13;17;12;17;11;17;10;17;9;17;9;16;9;15;9;14;9;13;9;12;9;11;9;10;9;9;9;8;9;7;9;6;9;5;9;4;9;3;9;2;9;1;9;0;10;0;11;0;12;0;13;0;14;0;15;0;15;1;15;2;15;3;15;4;15;5
2;2;0;11;15;17;14;17;13;17;12;17;11;17;10;17;9;17;9;16;9;15;9;14;9;13;9;12;9;11;9;10;9;9;9;8;9;7;9;6;9;5;9;4;9;3;9;2;9;1;9;0;10;0;11;0;12;0;13;0;14;0;15;0;15;1;15;2;15;3;15;4;15;5;15;6
2;2;0;11;14;17;13;17;12;17;11;17;10;17;9;17;9;16;9;15;9;14;9;13;9;12;9;11;9;10;9;9;9;8;9;7;9;6;9;5;9;4;9;3;9;2;9;1;9;0;10;0;11;0;12;0;13;0;14;0;15;0;15;1;15;2;15;3;15;4;15;5;15;6;15;7
2;2;0;11;13;17;12;17;11;17;10;17;9;17;9;16;9;15;9;14;9;13;9;12;9;11;9;10;9;9;9;8;9;7;9;6;9;5;9;4;9;3;9;2;9;1;9;0;10;0;11;0;12;0;13;0;14;0;15;0;15;1;15;2;15;3;15;4;15;5;15;6;15;7;15;8
2;2;0;11;12;17;11;17;10;17;9;17;9;16;9;15;9;14;9;13;9;12;9;11;9;10;9;9;9;8;9;7;9;6;9;5;9;4;9;3;9;2;9;1;9;0;10;0;11;0;12;0;13;0;14;0;15;0;15;1;15;2;15;3;15;4;15;5;15;6;15;7;15;8;15;9
2;2;0;11;11;17;10;17;9;17;9;16;9;15;9;14;9;13;9;12;9;11;9;10;9;9;9;8;9;7;9;6;9;5;9;4;9;3;9;2;9;1;9;0;10;0;11;0;12;0;13;0;14;0;15;0;15;1;15;2;15;3;15;4;15;5;15;6;15;7;15;8;15;9;15;10
2;2;0;11;10;17;9;17;9;16;9;15;9;14;9;13;9;12;9;11;9;10;9;9;9;8;9;7;9;6;9;5;9;4;9;3;9;2;9;1;9;0;10;0;11;0;12;0;13;0;14;0;15;0;15;1;15;2;15;3;15;4;15;5;15;6;15;7;15;8;15;9;15;10;15;11
3;2;0;11;9;17;9;16;9;15;9;14;9;13;9;12;9;11;9;10;9;9;9;8;9;7;9;6;9;5;9;4;9;3;9;2;9;1;9;0;10;0;11;0;12;0;13;0;14;0;15;0;15;1;15;2;15;3;15;4;15;5;15;6;15;7;15;8;15;9;15;10;15;11;15;12
3;3;0;11;9;16;9;15;9;14;9;13;9;12;9;11;9;10;9;9;9;8;9;7;9;6;9;5;9;4;9;3;9;2;9;1;9;0;10;0;11;0;12;0;13;0;14;0;15;0;15;1;15;2;15;3;15;4;15;5;15;6;15;7;15;8;15;9;15;10;15;11;15;12;14;12
2;3;0;11;9;15;9;14;9;13;9;12;9;11;9;10;9;9;9;8;9;7;9;6;9;5;9;4;9;3;9;2;9;1;9;0;10;0;11;0;12;0;13;0;14;0;15;0;15;1;15;2;15;3;15;4;15;5;15;6;15;7;15;8;15;9;15;10;15;11;15;12;14;12;13;12
2;2;0;11;9;14;9;13;9;12;9;11;9;10;9;9;9;8;9;7;9;6;9;5;9;4;9;3;9;2;9;1;9;0;10;0;11;0;12;0;13;0;14;0;15;0;15;1;15;2;15;3;15;4;15;5;15;6;15;7;15;8;15;9;15;10;15;11;15;12;14;12;13;12;13;13
3;2;0;11;9;13;9;12;9;11;9;10;9;9;9;8;9;7;9;6;9;5;9;4;9;3;9;2;9;1;9;0;10;0;11;0;12;0;13;0;14;0;15;0;15;1;15;2;15;3;15;4;15;5;15;6;15;7;15;8;15;9;15;10;15;11;15;12;14;12;13;12;13;13;13;14
3;3;0;11;9;12;9;11;9;10;9;9;9;8;9;7;9;6;9;5;9;4;9;3;9;2;9;1;9;0;10;0;11;0;12;0;13;0;14;0;15;0;15;1;15;2;15;3;15;4;15;5;15;6;15;7;15;8;15;9;15;10;15;11;15;12;14;12;13;12;13;13;13;14;12;14
3;3;0;11;9;11;9;10;9;9;9;8;9;7;9;6;9;5;9;4;9;3;9;2;9;1;9;0;10;0;11;0;12;0;13;0;14;0;15;0;15;1;15;2;15;3;15;4;15;5;15;6;15;7;15;8;15;9;15;10;15;11;15;12;14;12;13;12;13;13;13;14;12;14;11;14
3;3;0;11;9;10;9;9;9;8;9;7;9;6;9;5;9;4;9;3;9;2;9;1;9;0;10;0;11;0;12;0;13;0;14;0;15;0;15;1;15;2;15;3;15;4;15;5;15;6;15;7;15;8;15;9;15;10;15;11;15;12;14;12;13;12;13;13;13;14;12;14;11;14;10;14
3;3;0;11;9;9;9;8;9;7;9;6;9;5;9;4;9;3;9;2;9;1;9;0;10;0;11;0;12;0;13;0;14;0;15;0;15;1;15;2;15;3;15;4;15;5;15;6;15;7;15;8;15;9;15;10;15;11;15;12;14;12;13;12;13;13;13;14;12;14;11;14;10;14;9;14
3;3;0;11;9;8;9;7;9;6;9;5;9;4;9;3;9;2;9;1;9;0;10;0;11;0;12;0;13;0;14;0;15;0;15;1;15;2;15;3;15;4;15;5;15;6;15;7;15;8;15;9;15;10;15;11;15;12;14;12;13;12;13;13;13;14;12;14;11;14;10;14;9;14;8;14
3;3;0;11;9;7;9;6;9;5;9;4;9;3;9;2;9;1;9;0;10;0;11;0;12;0;13;0;14;0;15;0;15;1;15;2;15;3;15;4;15;5;15;6;15;7;15;8;15;9;15;10;15;11;15;12;14;12;13;12;13;13;13;14;12;14;11;14;10;14;9;14;8;14;7;14
3;3;0;11;9;6;9;5;9;4;9;3;9;2;9;1;9;0;10;0;11;0;12;0;13;0;14;0;15;0;15;1;15;2;15;3;15;4;15;5;15;6;15;7;15;8;15;9;15;10;15;11;15;12;14;12;13;12;13;13;13;14;12;14;11;14;10;14;9;14;8;14;7;14;6;14
3;3;0;11;9;5;9;4;9;3;9;2;9;1;9;0;10;0;11;0;12;0;13;0;14;0;15;0;15;1;15;2;15;3;15;4;15;5;15;6;15;7;15;8;15;9;15;10;15;11;15;12;14;12;13;12;13;13;13;14;12;14;11;14;10;14;9;14;8;14;7;14;6;14;5;14
3;3;0;11;9;4;9;3;9;2;9;1;9;0;10;0;11;0;12;0;13;0;14;0;15;0;15;1;15;2;15;3;15;4;15;5;15;6;15;7;15;8;15;9;15;10;15;11;15;12;14;12;13;12;13;13;13;14;12;14;11;14;10;14;9;14;8;14;7;14;6;14;5;14;4;14
3;3;0;11;9;3;9;2;9;1;9;0;10;0;11;0;12;0;13;0;14;0;15;0;15;1;15;2;15;3;15;4;15;5;15;6;15;7;15;8;15;9;15;10;15;11;15;12;14;12;13;12;13;13;13;14;12;14;11;14;10;14;9;14;8;14;7;14;6;14;5;14;4;14;3;14
3;3;0;11;9;2;9;1;9;0;10;0;11;0;12;0;13;0;14;0;15;0;15;1;15;2;15;3;15;4;15;5;15;6;15;7;15;8;15;9;15;10;15;11;15;12;14;12;13;12;13;13;13;14;12;14;11;14;10;14;9;14;8;14;7;14;6;14;5;14;4;14;3;14;2;14
3;3;0;11;9;1;9;0;10;0;11;0;12;0;13;0;14;0;15;0;15;1;15;2;15;3;15;4;15;5;15;6;15;7;15;8;15;9;15;10;15;11;15;12;14;12;13;12;13;13;13;14;12;14;11;14;10;14;9;14;8;14;7;14;6;14;5;14;4;14;3;14;2;14;1;14
3;3;0;11;9;0;10;0;11;0;12;0;13;0;14;0;15;0;15;1;15;2;15;3;15;4;15;5;15;6;15;7;15;8;15;9;15;10;15;11;15;12;14;12;13;12;13;13;13;14;12;14;11;14;10;14;9;14;8;14;7;14;6;14;5;14;4;14;3;14;2;14;1;14;0;14
