20
1;1;17;1;8;10;9;10;10;10
1;1;17;1;9;10;10;10;11;10
1;1;17;1;10;10;11;10;12;10
1;1;17;1;11;10;12;10;13;10
1;1;17;1;12;10;13;10;14;10
1;1;17;1;13;10;14;10;15;10
1;1;17;1;14;10;15;10;16;10
1;1;17;1;15;10;16;10;17;10
0;1;17;1;16;10;17;10;18;10
0;0;17;1;17;10;18;10;18;9
0;0;17;1;18;10;18;9;18;8
0;0;17;1;18;9;18;8;18;7
0;0;17;1;18;8;18;7;18;6
0;0;17;1;18;7;18;6;18;5
0;0;17;1;18;6;18;5;18;4
0;0;17;1;18;5;18;4;18;3
3;0;17;1;18;4;18;3;18;2
3;3;17;1;18;3;18;2;17;2
3;3;17;1;18;2;17;2;16;2
3;3;17;1;17;2;16;2;15;2
3;3;17;1;16;2;15;2;14;2
3;3;17;1;15;2;14;2;13;2
3;3;17;1;14;2;13;2;12;2
3;3;17;1;13;2;12;2;11;2
3;3;17;1;12;2;11;2;10;2
3;3;17;1;11;2;10;2;9;2
3;3;17;1;10;2;9;2;8;2
3;3;17;1;9;2;8;2;7;2
2;3;17;1;8;2;7;2;6;2
2;2;17;1;7;2;6;2;6;3
2;2;17;1;6;2;6;3;6;4
2;2;17;1;6;3;6;4;6;5
2;2;17;1;6;4;6;5;6;6
1;2;17;1;6;5;6;6;6;7
1;1;17;1;6;6;6;7;7;7
1;1;17;1;6;7;7;7;8;7
1;1;17;1;7;7;8;7;9;7
1;1;17;1;8;7;9;7;10;7
0;1;17;1;9;7;10;7;11;7
0;0;17;1;10;7;11;7;11;6
0;0;17;1;11;7;11;6;11;5
0;0;17;1;11;6;11;5;11;4
0;0;17;1;11;5;11;4;11;3
0;0;17;1;11;4;11;3;11;2
0;0;17;1;11;3;11;2;11;1
1;0;17;1;11;2;11;1;11;0
1;1;17;1;11;1;11;0;12;0
1;1;17;1;11;0;12;0;13;0
1;1;17;1;12;0;13;0;14;0
1;1;17;1;13;0;14;0;15;0
1;1;17;1;14;0;15;0;16;0
1;1;17;1;15;0;16;0;17;0
2;1;17;1;16;0;17;0;18;0
2;2;17;1;17;0;18;0;18;1
2;2;17;1;18;0;18;1;18;2
3;2;17;1;18;1;18;2;18;3
3;3;17;1;18;2;18;3;17;3
3;3;17;1;18;3;17;3;16;3
0;3;17;1;17;3;16;3;15;3
0;0;17;1;16;3;15;3;15;2
1;0;17;1;15;3;15;2;15;1
1;1;17;1;15;2;15;1;16;1
1;1;2;7;15;1;15;1;16;1;17;1
2;1;2;7;15;1;16;1;17;1;18;1
2;2;2;7;16;1;17;1;18;1;18;2
2;2;2;7;17;1;18;1;18;2;18;3
2;2;2;7;18;1;18;2;18;3;18;4
2;2;2;7;18;2;18;3;18;4;18;5
3;2;2;7;18;3;18;4;18;5;18;6
3;3;2;7;18;4;18;5;18;6;17;6
3;3;2;7;18;5;18;6;17;6;16;6
3;3;2;7;18;6;17;6;16;6;15;6
3;3;2;7;17;6;16;6;15;6;14;6
3;3;2;7;16;6;15;6;14;6;13;6
3;3;2;7;15;6;14;6;13;6;12;6
3;3;2;7;14;6;13;6;12;6;11;6
3;3;2;7;13;6;12;6;11;6;10;6
3;3;2;7;12;6;11;6;10;6;9;6
3;3;2;7;11;6;10;6;9;6;8;6
3;3;2;7;10;6;9;6;8;6;7;6
3;3;2;7;9;6;8;6;7;6;6;6
3;3;2;7;8;6;7;6;6;6;5;6
3;3;2;7;7;6;6;6;5;6;4;6
2;3;2;7;6;6;5;6;4;6;3;6
2;2;2;7;5;6;4;6;3;6;3;7
2;2;2;7;4;6;3;6;3;7;3;8
2;2;2;7;3;6;3;7;3;8;3;9
2;2;2;7;3;7;3;8;3;9;3;10
2;2;2;7;3;8;3;9;3;10;3;11
2;2;2;7;3;9;3;10;3;11;3;12
2;2;2;7;3;10;3;11;3;12;3;13
2;2;2;7;3;11;3;12;3;13;3;14
2;2;2;7;3;12;3;13;3;14;3;15
2;2;2;7;3;13;3;14;3;15;3;16
2;2;2;7;3;14;3;15;3;16;3;17
2;2;2;7;3;15;3;16;3;17;3;18
2;2;2;7;3;16;3;17;3;18;3;19
