20
1;1;10;0;8;10;9;10;10;10
1;1;10;0;9;10;10;10;11;10
1;1;10;0;10;10;11;10;12;10
1;1;10;0;11;10;12;10;13;10
1;1;10;0;12;10;13;10;14;10
1;1;10;0;13;10;14;10;15;10
0;1;10;0;14;10;15;10;16;10
0;0;10;0;15;10;16;10;16;9
0;0;10;0;16;10;16;9;16;8
0;0;10;0;16;9;16;8;16;7
0;0;10;0;16;8;16;7;16;6
0;0;10;0;16;7;16;6;16;5
0;0;10;0;16;6;16;5;16;4
0;0;10;0;16;5;16;4;16;3
3;0;10;0;16;4;16;3;16;2
3;3;10;0;16;3;16;2;15;2
3;3;10;0;16;2;15;2;14;2
3;3;10;0;15;2;14;2;13;2
3;3;10;0;14;2;13;2;12;2
3;3;10;0;13;2;12;2;11;2
3;3;10;0;12;2;11;2;10;2
3;3;10;0;11;2;10;2;9;2
0;3;10;0;10;2;9;2;8;2
0;0;10;0;9;2;8;2;8;1
1;0;10;0;8;2;8;1;8;0
1;1;10;0;8;1;8;0;9;0
1;1;17;11;8;0;8;0;9;0;10;0
1;1;17;11;8;0;9;0;10;0;11;0
1;1;17;11;9;0;10;0;11;0;12;0
2;1;17;11;10;0;11;0;12;0;13;0
2;2;17;11;11;0;12;0;13;0;13;1
2;2;17;11;12;0;13;0;13;1;13;2
2;2;17;11;13;0;13;1;13;2;13;3
2;2;17;11;13;1;13;2;13;3;13;4
2;2;17;11;13;2;13;3;13;4;13;5
2;2;17;11;13;3;13;4;13;5;13;6
2;2;17;11;13;4;13;5;13;6;13;7
2;2;17;11;13;5;13;6;13;7;13;8
2;2;17;11;13;6;13;7;13;8;13;9
1;2;17;11;13;7;13;8;13;9;13;10
1;1;17;11;13;8;13;9;13;10;14;10
1;1;17;11;13;9;13;10;14;10;15;10
1;1;17;11;13;10;14;10;15;10;16;10
2;1;17;11;14;10;15;10;16;10;17;10
2;2;16;11;15;10;15;10;16;10;17;10;17;11
2;2;16;11;15;10;16;10;17;10;17;11;17;12
2;2;16;11;16;10;17;10;17;11;17;12;17;13
2;2;16;11;17;10;17;11;17;12;17;13;17;14
3;2;16;11;17;11;17;12;17;13;17;14;17;15
3;3;16;11;17;12;17;13;17;14;17;15;16;15
3;3;16;11;17;13;17;14;17;15;16;15;15;15
0;3;16;11;17;14;17;15;16;15;15;15;14;15
0;0;16;11;17;15;16;15;15;15;14;15;14;14
0;0;16;11;16;15;15;15;14;15;14;14;14;13
0;0;16;11;15;15;14;15;14;14;14;13;14;12
1;0;16;11;14;15;14;14;14;13;14;12;14;11
1;1;16;11;14;14;14;13;14;12;14;11;15;11
1;1;11;7;14;13;14;13;14;12;14;11;15;11;16;11
1;1;11;7;14;13;14;12;14;11;15;11;16;11;17;11
1;1;11;7;14;12;14;11;15;11;16;11;17;11;18;11
1;1;11;7;14;11;15;11;16;11;17;11;18;11;19;11
