20
1;1;8;9;8;10;9;10;10;10
1;1;8;9;9;10;10;10;11;10
1;1;8;9;10;10;11;10;12;10
1;1;8;9;11;10;12;10;13;10
1;1;8;9;12;10;13;10;14;10
1;1;8;9;13;10;14;10;15;10
1;1;8;9;14;10;15;10;16;10
1;1;8;9;15;10;16;10;17;10
0;1;8;9;16;10;17;10;18;10
0;0;8;9;17;10;18;10;18;9
0;0;8;9;18;10;18;9;18;8
0;0;8;9;18;9;18;8;18;7
0;0;8;9;18;8;18;7;18;6
0;0;8;9;18;7;18;6;18;5
3;0;8;9;18;6;18;5;18;4
3;3;8;9;18;5;18;4;17;4
3;3;8;9;18;4;17;4;16;4
3;3;8;9;17;4;16;4;15;4
3;3;8;9;16;4;15;4;14;4
3;3;8;9;15;4;14;4;13;4
3;3;8;9;14;4;13;4;12;4
3;3;8;9;13;4;12;4;11;4
3;3;8;9;12;4;11;4;10;4
3;3;8;9;11;4;10;4;9;4
3;3;8;9;10;4;9;4;8;4
2;3;8;9;9;4;8;4;7;4
2;2;8;9;8;4;7;4;7;5
2;2;8;9;7;4;7;5;7;6
2;2;8;9;7;5;7;6;7;7
2;2;8;9;7;6;7;7;7;8
1;2;8;9;7;7;7;8;7;9
1;1;0;16;7;8;7;8;7;9;8;9
1;1;0;16;7;8;7;9;8;9;9;9
1;1;0;16;7;9;8;9;9;9;10;9
1;1;0;16;8;9;9;9;10;9;11;9
1;1;0;16;9;9;10;9;11;9;12;9
2;1;0;16;10;9;11;9;12;9;13;9
2;2;0;16;11;9;12;9;13;9;13;10
2;2;0;16;12;9;13;9;13;10;13;11
2;2;0;16;13;9;13;10;13;11;13;12
3;2;0;16;13;10;13;11;13;12;13;13
3;3;0;16;13;11;13;12;13;13;12;13
3;3;0;16;13;12;13;13;12;13;11;13
3;3;0;16;13;13;12;13;11;13;10;13
3;3;0;16;12;13;11;13;10;13;9;13
3;3;0;16;11;13;10;13;9;13;8;13
3;3;0;16;10;13;9;13;8;13;7;13
3;3;0;16;9;13;8;13;7;13;6;13
3;3;0;16;8;13;7;13;6;13;5;13
3;3;0;16;7;13;6;13;5;13;4;13
3;3;0;16;6;13;5;13;4;13;3;13
3;3;0;16;5;13;4;13;3;13;2;13
2;3;0;16;4;13;3;13;2;13;1;13
2;2;0;16;3;13;2;13;1;13;1;14
2;2;0;16;2;13;1;13;1;14;1;15
2;2;0;16;1;13;1;14;1;15;1;16
2;2;0;16;1;14;1;15;1;16;1;17
2;2;0;16;1;15;1;16;1;17;1;18
2;2;0;16;1;16;1;17;1;18;1;19
