20
1;1;7;15;8;10;9;10;10;10
1;1;7;15;9;10;10;10;11;10
1;1;7;15;10;10;11;10;12;10
1;1;7;15;11;10;12;10;13;10
1;1;7;15;12;10;13;10;14;10
1;1;7;15;13;10;14;10;15;10
2;1;7;15;14;10;15;10;16;10
2;2;7;15;15;10;16;10;16;11
2;2;7;15;16;10;16;11;16;12
2;2;7;15;16;11;16;12;16;13
3;2;7;15;16;12;16;13;16;14
3;3;7;15;16;13;16;14;15;14
3;3;7;15;16;14;15;14;14;14
3;3;7;15;15;14;14;14;13;14
3;3;7;15;14;14;13;14;12;14
3;3;7;15;13;14;12;14;11;14
3;3;7;15;12;14;11;14;10;14
3;3;7;15;11;14;10;14;9;14
2;3;7;15;10;14;9;14;8;14
2;2;7;15;9;14;8;14;8;15
1;2;7;15;8;14;8;15;8;16
1;1;7;15;8;15;8;16;9;16
1;1;7;15;8;16;9;16;10;16
1;1;7;15;9;16;10;16;11;16
1;1;7;15;10;16;11;16;12;16
1;1;7;15;11;16;12;16;13;16
0;1;7;15;12;16;13;16;14;16
0;0;7;15;13;16;14;16;14;15
0;0;7;15;14;16;14;15;14;14
0;0;7;15;14;15;14;14;14;13
0;0;7;15;14;14;14;13;14;12
3;0;7;15;14;13;14;12;14;11
3;3;7;15;14;12;14;11;13;11
3;3;7;15;14;11;13;11;12;11
3;3;7;15;13;11;12;11;11;11
3;3;7;15;12;11;11;11;10;11
3;3;7;15;11;11;10;11;9;11
3;3;7;15;10;11;9;11;8;11
3;3;7;15;9;11;8;11;7;11
2;3;7;15;8;11;7;11;6;11
2;2;7;15;7;11;6;11;6;12
2;2;7;15;6;11;6;12;6;13
2;2;7;15;6;12;6;13;6;14
1;2;7;15;6;13;6;14;6;15
1;1;7;12;6;14;6;14;6;15;7;15
1;1;7;12;6;14;6;15;7;15;8;15
1;1;7;12;6;15;7;15;8;15;9;15
1;1;7;12;7;15;8;15;9;15;10;15
1;1;7;12;8;15;9;15;10;15;11;15
0;1;7;12;9;15;10;15;11;15;12;15
0;0;7;12;10;15;11;15;12;15;12;14
0;0;7;12;11;15;12;15;12;14;12;13
3;0;7;12;12;15;12;14;12;13;12;12
3;3;7;12;12;14;12;13;12;12;11;12
3;3;7;12;12;13;12;12;11;12;10;12
3;3;7;12;12;12;11;12;10;12;9;12
3;3;7;12;11;12;10;12;9;12;8;12
3;3;0;1;10;12;10;12;9;12;8;12;7;12
0;3;0;1;10;12;9;12;8;12;7;12;6;12
0;0;0;1;9;12;8;12;7;12;6;12;6;11
0;0;0;1;8;12;7;12;6;12;6;11;6;10
0;0;0;1;7;12;6;12;6;11;6;10;6;9
0;0;0;1;6;12;6;11;6;10;6;9;6;8
0;0;0;1;6;11;6;10;6;9;6;8;6;7
0;0;0;1;6;10;6;9;6;8;6;7;6;6
0;0;0;1;6;9;6;8;6;7;6;6;6;5
0;0;0;1;6;8;6;7;6;6;6;5;6;4
0;0;0;1;6;7;6;6;6;5;6;4;6;3
0;0;0;1;6;6;6;5;6;4;6;3;6;2
3;0;0;1;6;5;6;4;6;3;6;2;6;1
3;3;0;1;6;4;6;3;6;2;6;1;5;1
3;3;0;1;6;3;6;2;6;1;5;1;4;1
3;3;0;1;6;2;6;1;5;1;4;1;3;1
3;3;0;1;6;1;5;1;4;1;3;1;2;1
3;3;0;1;5;1;4;1;3;1;2;1;1;1
2;3;1;17;4;1;4;1;3;1;2;1;1;1;0;1
2;2;1;17;4;1;3;1;2;1;1;1;0;1;0;2
2;2;1;17;3;1;2;1;1;1;0;1;0;2;0;3
2;2;1;17;2;1;1;1;0;1;0;2;0;3;0;4
2;2;1;17;1;1;0;1;0;2;0;3;0;4;0;5
2;2;1;17;0;1;0;2;0;3;0;4;0;5;0;6
2;2;1;17;0;2;0;3;0;4;0;5;0;6;0;7
2;2;1;17;0;3;0;4;0;5;0;6;0;7;0;8
2;2;1;17;0;4;0;5;0;6;0;7;0;8;0;9
2;2;1;17;0;5;0;6;0;7;0;8;0;9;0;10
2;2;1;17;0;6;0;7;0;8;0;9;0;10;0;11
2;2;1;17;0;7;0;8;0;9;0;10;0;11;0;12
2;2;1;17;0;8;0;9;0;10;0;11;0;12;0;13
2;2;1;17;0;9;0;10;0;11;0;12;0;13;0;14
2;2;1;17;0;10;0;11;0;12;0;13;0;14;0;15
1;2;1;17;0;11;0;12;0;13;0;14;0;15;0;16
1;1;1;17;0;12;0;13;0;14;0;15;0;16;1;16
1;1;1;17;0;13;0;14;0;15;0;16;1;16;2;16
1;1;1;17;0;14;0;15;0;16;1;16;2;16;3;16
1;1;1;17;0;15;0;16;1;16;2;16;3;16;4;16
1;1;1;17;0;16;1;16;2;16;3;16;4;16;5;16
1;1;1;17;1;16;2;16;3;16;4;16;5;16;6;16
1;1;1;17;2;16;3;16;4;16;5;16;6;16;7;16
2;1;1;17;3;16;4;16;5;16;6;16;7;16;8;16
2;2;1;17;4;16;5;16;6;16;7;16;8;16;8;17
3;2;1;17;5;16;6;16;7;16;8;16;8;17;8;18
3;3;1;17;6;16;7;16;8;16;8;17;8;18;7;18
0;3;1;17;7;16;8;16;8;17;8;18;7;18;6;18
0;0;1;17;8;16;8;17;8;18;7;18;6;18;6;17
0;0;1;17;8;17;8;18;7;18;6;18;6;17;6;16
0;0;1;17;8;18;7;18;6;18;6;17;6;16;6;15
0;0;1;17;7;18;6;18;6;17;6;16;6;15;6;14
0;0;1;17;6;18;6;17;6;16;6;15;6;14;6;13
0;0;1;17;6;17;6;16;6;15;6;14;6;13;6;12
0;0;1;17;6;16;6;15;6;14;6;13;6;12;6;11
3;0;1;17;6;15;6;14;6;13;6;12;6;11;6;10
3;3;1;17;6;14;6;13;6;12;6;11;6;10;5;10
3;3;1;17;6;13;6;12;6;11;6;10;5;10;4;10
3;3;1;17;6;12;6;11;6;10;5;10;4;10;3;10
3;3;1;17;6;11;6;10;5;10;4;10;3;10;2;10
2;3;1;17;6;10;5;10;4;10;3;10;2;10;1;10
2;2;1;17;5;10;4;10;3;10;2;10;1;10;1;11
2;2;1;17;4;10;3;10;2;10;1;10;1;11;1;12
2;2;1;17;3;10;2;10;1;10;1;11;1;12;1;13
2;2;1;17;2;10;1;10;1;11;1;12;1;13;1;14
2;2;1;17;1;10;1;11;1;12;1;13;1;14;1;15
2;2;1;17;1;11;1;12;1;13;1;14;1;15;1;16
1;2;8;9;1;12;1;12;1;13;1;14;1;15;1;16;1;17
1;1;8;9;1;12;1;13;1;14;1;15;1;16;1;17;2;17
1;1;8;9;1;13;1;14;1;15;1;16;1;17;2;17;3;17
1;1;8;9;1;14;1;15;1;16;1;17;2;17;3;17;4;17
1;1;8;9;1;15;1;16;1;17;2;17;3;17;4;17;5;17
1;1;8;9;1;16;1;17;2;17;3;17;4;17;5;17;6;17
1;1;8;9;1;17;2;17;3;17;4;17;5;17;6;17;7;17
1;1;8;9;2;17;3;17;4;17;5;17;6;17;7;17;8;17
0;1;8;9;3;17;4;17;5;17;6;17;7;17;8;17;9;17
0;0;8;9;4;17;5;17;6;17;7;17;8;17;9;17;9;16
0;0;8;9;5;17;6;17;7;17;8;17;9;17;9;16;9;15
0;0;8;9;6;17;7;17;8;17;9;17;9;16;9;15;9;14
0;0;8;9;7;17;8;17;9;17;9;16;9;15;9;14;9;13
0;0;8;9;8;17;9;17;9;16;9;15;9;14;9;13;9;12
3;0;8;9;9;17;9;16;9;15;9;14;9;13;9;12;9;11
3;3;8;9;9;16;9;15;9;14;9;13;9;12;9;11;8;11
3;3;8;9;9;15;9;14;9;13;9;12;9;11;8;11;7;11
3;3;8;9;9;14;9;13;9;12;9;11;8;11;7;11;6;11
3;3;8;9;9;13;9;12;9;11;8;11;7;11;6;11;5;11
3;3;8;9;9;12;9;11;8;11;7;11;6;11;5;11;4;11
3;3;8;9;9;11;8;11;7;11;6;11;5;11;4;11;3;11
3;3;8;9;8;11;7;11;6;11;5;11;4;11;3;11;2;11
0;3;8;9;7;11;6;11;5;11;4;11;3;11;2;11;1;11
0;0;8;9;6;11;5;11;4;11;3;11;2;11;1;11;1;10
0;0;8;9;5;11;4;11;3;11;2;11;1;11;1;10;1;9
0;0;8;9;4;11;3;11;2;11;1;11;1;10;1;9;1;8
0;0;8;9;3;11;2;11;1;11;1;10;1;9;1;8;1;7
1;0;8;9;2;11;1;11;1;10;1;9;1;8;1;7;1;6
1;1;8;9;1;11;1;10;1;9;1;8;1;7;1;6;2;6
1;1;8;9;1;10;1;9;1;8;1;7;1;6;2;6;3;6
2;1;8;9;1;9;1;8;1;7;1;6;2;6;3;6;4;6
2;2;8;9;1;8;1;7;1;6;2;6;3;6;4;6;4;7
2;2;8;9;1;7;1;6;2;6;3;6;4;6;4;7;4;8
2;2;8;9;1;6;2;6;3;6;4;6;4;7;4;8;4;9
1;2;8;9;2;6;3;6;4;6;4;7;4;8;4;9;4;10
1;1;8;9;3;6;4;6;4;7;4;8;4;9;4;10;5;10
1;1;8;9;4;6;4;7;4;8;4;9;4;10;5;10;6;10
1;1;8;9;4;7;4;8;4;9;4;10;5;10;6;10;7;10
1;1;8;9;4;8;4;9;4;10;5;10;6;10;7;10;8;10
1;1;8;9;4;9;4;10;5;10;6;10;7;10;8;10;9;10
1;1;8;9;4;10;5;10;6;10;7;10;8;10;9;10;10;10
1;1;8;9;5;10;6;10;7;10;8;10;9;10;10;10;11;10
1;1;8;9;6;10;7;10;8;10;9;10;10;10;11;10;12;10
1;1;8;9;7;10;8;10;9;10;10;10;11;10;12;10;13;10
1;1;8;9;8;10;9;10;10;10;11;10;12;10;13;10;14;10
1;1;8;9;9;10;10;10;11;10;12;10;13;10;14;10;15;10
1;1;8;9;10;10;11;10;12;10;13;10;14;10;15;10;16;10
1;1;8;9;11;10;12;10;13;10;14;10;15;10;16;10;17;10
2;1;8;9;12;10;13;10;14;10;15;10;16;10;17;10;18;10
2;2;8;9;13;10;14;10;15;10;16;10;17;10;18;10;18;11
2;2;8;9;14;10;15;10;16;10;17;10;18;10;18;11;18;12
2;2;8;9;15;10;16;10;17;10;18;10;18;11;18;12;18;13
2;2;8;9;16;10;17;10;18;10;18;11;18;12;18;13;18;14
3;2;8;9;17;10;18;10;18;11;18;12;18;13;18;14;18;15
3;3;8;9;18;10;18;11;18;12;18;13;18;14;18;15;17;15
3;3;8;9;18;11;18;12;18;13;18;14;18;15;17;15;16;15
0;3;8;9;18;12;18;13;18;14;18;15;17;15;16;15;15;15
0;0;8;9;18;13;18;14;18;15;17;15;16;15;15;15;15;14
0;0;8;9;18;14;18;15;17;15;16;15;15;15;15;14;15;13
0;0;8;9;18;15;17;15;16;15;15;15;15;14;15;13;15;12
0;0;8;9;17;15;16;15;15;15;15;14;15;13;15;12;15;11
0;0;8;9;16;15;15;15;15;14;15;13;15;12;15;11;15;10
3;0;8;9;15;15;15;14;15;13;15;12;15;11;15;10;15;9
3;3;8;9;15;14;15;13;15;12;15;11;15;10;15;9;14;9
3;3;8;9;15;13;15;12;15;11;15;10;15;9;14;9;13;9
3;3;8;9;15;12;15;11;15;10;15;9;14;9;13;9;12;9
3;3;8;9;15;11;15;10;15;9;14;9;13;9;12;9;11;9
3;3;8;9;15;10;15;9;14;9;13;9;12;9;11;9;10;9
3;3;8;9;15;9;14;9;13;9;12;9;11;9;10;9;9;9
3;3;2;0;14;9;14;9;13;9;12;9;11;9;10;9;9;9;8;9
3;3;2;0;14;9;13;9;12;9;11;9;10;9;9;9;8;9;7;9
0;3;2;0;13;9;12;9;11;9;10;9;9;9;8;9;7;9;6;9
0;0;2;0;12;9;11;9;10;9;9;9;8;9;7;9;6;9;6;8
0;0;2;0;11;9;10;9;9;9;8;9;7;9;6;9;6;8;6;7
0;0;2;0;10;9;9;9;8;9;7;9;6;9;6;8;6;7;6;6
0;0;2;0;9;9;8;9;7;9;6;9;6;8;6;7;6;6;6;5
0;0;2;0;8;9;7;9;6;9;6;8;6;7;6;6;6;5;6;4
0;0;2;0;7;9;6;9;6;8;6;7;6;6;6;5;6;4;6;3
0;0;2;0;6;9;6;8;6;7;6;6;6;5;6;4;6;3;6;2
0;0;2;0;6;8;6;7;6;6;6;5;6;4;6;3;6;2;6;1
3;0;2;0;6;7;6;6;6;5;6;4;6;3;6;2;6;1;6;0
3;3;2;0;6;6;6;5;6;4;6;3;6;2;6;1;6;0;5;0
3;3;2;0;6;5;6;4;6;3;6;2;6;1;6;0;5;0;4;0
3;3;2;0;6;4;6;3;6;2;6;1;6;0;5;0;4;0;3;0
3;3;19;13;6;3;6;3;6;2;6;1;6;0;5;0;4;0;3;0;2;0
2;3;19;13;6;3;6;2;6;1;6;0;5;0;4;0;3;0;2;0;1;0
2;2;19;13;6;2;6;1;6;0;5;0;4;0;3;0;2;0;1;0;1;1
2;2;19;13;6;1;6;0;5;0;4;0;3;0;2;0;1;0;1;1;1;2
2;2;19;13;6;0;5;0;4;0;3;0;2;0;1;0;1;1;1;2;1;3
2;2;19;13;5;0;4;0;3;0;2;0;1;0;1;1;1;2;1;3;1;4
1;2;19;13;4;0;3;0;2;0;1;0;1;1;1;2;1;3;1;4;1;5
1;1;19;13;3;0;2;0;1;0;1;1;1;2;1;3;1;4;1;5;2;5
1;1;19;13;2;0;1;0;1;1;1;2;1;3;1;4;1;5;2;5;3;5
1;1;19;13;1;0;1;1;1;2;1;3;1;4;1;5;2;5;3;5;4;5
1;1;19;13;1;1;1;2;1;3;1;4;1;5;2;5;3;5;4;5;5;5
1;1;19;13;1;2;1;3;1;4;1;5;2;5;3;5;4;5;5;5;6;5
1;1;19;13;1;3;1;4;1;5;2;5;3;5;4;5;5;5;6;5;7;5
1;1;19;13;1;4;1;5;2;5;3;5;4;5;5;5;6;5;7;5;8;5
1;1;19;13;1;5;2;5;3;5;4;5;5;5;6;5;7;5;8;5;9;5
1;1;19;13;2;5;3;5;4;5;5;5;6;5;7;5;8;5;9;5;10;5
1;1;19;13;3;5;4;5;5;5;6;5;7;5;8;5;9;5;10;5;11;5
1;1;19;13;4;5;5;5;6;5;7;5;8;5;9;5;10;5;11;5;12;5
1;1;19;13;5;5;6;5;7;5;8;5;9;5;10;5;11;5;12;5;13;5
1;1;19;13;6;5;7;5;8;5;9;5;10;5;11;5;12;5;13;5;14;5
1;1;19;13;7;5;8;5;9;5;10;5;11;5;12;5;13;5;14;5;15;5
1;1;19;13;8;5;9;5;10;5;11;5;12;5;13;5;14;5;15;5;16;5
1;1;19;13;9;5;10;5;11;5;12;5;13;5;14;5;15;5;16;5;17;5
1;1;19;13;10;5;11;5;12;5;13;5;14;5;15;5;16;5;17;5;18;5
2;1;19;13;11;5;12;5;13;5;14;5;15;5;16;5;17;5;18;5;19;5
2;2;19;13;12;5;13;5;14;5;15;5;16;5;17;5;18;5;19;5;19;6
2;2;19;13;13;5;14;5;15;5;16;5;17;5;18;5;19;5;19;6;19;7
2;2;19;13;14;5;15;5;16;5;17;5;18;5;19;5;19;6;19;7;19;8
2;2;19;13;15;5;16;5;17;5;18;5;19;5;19;6;19;7;19;8;19;9
2;2;19;13;16;5;17;5;18;5;19;5;19;6;19;7;19;8;19;9;19;10
2;2;19;13;17;5;18;5;19;5;19;6;19;7;19;8;19;9;19;10;19;11
2;2;19;13;18;5;19;5;19;6;19;7;19;8;19;9;19;10;19;11;19;12
2;2;17;10;19;5;19;5;19;6;19;7;19;8;19;9;19;10;19;11;19;12;19;13
2;2;17;10;19;5;19;6;19;7;19;8;19;9;19;10;19;11;19;12;19;13;19;14
3;2;17;10;19;6;19;7;19;8;19;9;19;10;19;11;19;12;19;13;19;14;19;15
3;3;17;10;19;7;19;8;19;9;19;10;19;11;19;12;19;13;19;14;19;15;18;15
3;3;17;10;19;8;19;9;19;10;19;11;19;12;19;13;19;14;19;15;18;15;17;15
3;3;17;10;19;9;19;10;19;11;19;12;19;13;19;14;19;15;18;15;17;15;16;15
3;3;17;10;19;10;19;11;19;12;19;13;19;14;19;15;18;15;17;15;16;15;15;15
3;3;17;10;19;11;19;12;19;13;19;14;19;15;18;15;17;15;16;15;15;15;14;15
0;3;17;10;19;12;19;13;19;14;19;15;18;15;17;15;16;15;15;15;14;15;13;15
0;0;17;10;19;13;19;14;19;15;18;15;17;15;16;15;15;15;14;15;13;15;13;14
0;0;17;10;19;14;19;15;18;15;17;15;16;15;15;15;14;15;13;15;13;14;13;13
0;0;17;10;19;15;18;15;17;15;16;15;15;15;14;15;13;15;13;14;13;13;13;12
0;0;17;10;18;15;17;15;16;15;15;15;14;15;13;15;13;14;13;13;13;12;13;11
0;0;17;10;17;15;16;15;15;15;14;15;13;15;13;14;13;13;13;12;13;11;13;10
0;0;17;10;16;15;15;15;14;15;13;15;13;14;13;13;13;12;13;11;13;10;13;9
0;0;17;10;15;15;14;15;13;15;13;14;13;13;13;12;13;11;13;10;13;9;13;8
1;0;17;10;14;15;13;15;13;14;13;13;13;12;13;11;13;10;13;9;13;8;13;7
1;1;17;10;13;15;13;14;13;13;13;12;13;11;13;10;13;9;13;8;13;7;14;7
1;1;17;10;13;14;13;13;13;12;13;11;13;10;13;9;13;8;13;7;14;7;15;7
1;1;17;10;13;13;13;12;13;11;13;10;13;9;13;8;13;7;14;7;15;7;16;7
1;1;17;10;13;12;13;11;13;10;13;9;13;8;13;7;14;7;15;7;16;7;17;7
2;1;17;10;13;11;13;10;13;9;13;8;13;7;14;7;15;7;16;7;17;7;18;7
2;2;17;10;13;10;13;9;13;8;13;7;14;7;15;7;16;7;17;7;18;7;18;8
3;2;17;10;13;9;13;8;13;7;14;7;15;7;16;7;17;7;18;7;18;8;18;9
3;3;17;10;13;8;13;7;14;7;15;7;16;7;17;7;18;7;18;8;18;9;17;9
3;3;17;10;13;7;14;7;15;7;16;7;17;7;18;7;18;8;18;9;17;9;16;9
3;3;17;10;14;7;15;7;16;7;17;7;18;7;18;8;18;9;17;9;16;9;15;9
3;3;17;10;15;7;16;7;17;7;18;7;18;8;18;9;17;9;16;9;15;9;14;9
3;3;17;10;16;7;17;7;18;7;18;8;18;9;17;9;16;9;15;9;14;9;13;9
3;3;17;10;17;7;18;7;18;8;18;9;17;9;16;9;15;9;14;9;13;9;12;9
3;3;17;10;18;7;18;8;18;9;17;9;16;9;15;9;14;9;13;9;12;9;11;9
3;3;17;10;18;8;18;9;17;9;16;9;15;9;14;9;13;9;12;9;11;9;10;9
3;3;17;10;18;9;17;9;16;9;15;9;14;9;13;9;12;9;11;9;10;9;9;9
2;3;17;10;17;9;16;9;15;9;14;9;13;9;12;9;11;9;10;9;9;9;8;9
2;2;17;10;16;9;15;9;14;9;13;9;12;9;11;9;10;9;9;9;8;9;8;10
1;2;17;10;15;9;14;9;13;9;12;9;11;9;10;9;9;9;8;9;8;10;8;11
1;1;17;10;14;9;13;9;12;9;11;9;10;9;9;9;8;9;8;10;8;11;9;11
1;1;17;10;13;9;12;9;11;9;10;9;9;9;8;9;8;10;8;11;9;11;10;11
1;1;17;10;12;9;11;9;10;9;9;9;8;9;8;10;8;11;9;11;10;11;11;11
1;1;17;10;11;9;10;9;9;9;8;9;8;10;8;11;9;11;10;11;11;11;12;11
1;1;17;10;10;9;9;9;8;9;8;10;8;11;9;11;10;11;11;11;12;11;13;11
1;1;17;10;9;9;8;9;8;10;8;11;9;11;10;11;11;11;12;11;13;11;14;11
1;1;17;10;8;9;8;10;8;11;9;11;10;11;11;11;12;11;13;11;14;11;15;11
0;1;17;10;8;10;8;11;9;11;10;11;11;11;12;11;13;11;14;11;15;11;16;11
0;0;17;10;8;11;9;11;10;11;11;11;12;11;13;11;14;11;15;11;16;11;16;10
0;0;17;10;9;11;10;11;11;11;12;11;13;11;14;11;15;11;16;11;16;10;16;9
0;0;17;10;10;11;11;11;12;11;13;11;14;11;15;11;16;11;16;10;16;9;16;8
0;0;17;10;11;11;12;11;13;11;14;11;15;11;16;11;16;10;16;9;16;8;16;7
3;0;17;10;12;11;13;11;14;11;15;11;16;11;16;10;16;9;16;8;16;7;16;6
3;3;17;10;13;11;14;11;15;11;16;11;16;10;16;9;16;8;16;7;16;6;15;6
3;3;17;10;14;11;15;11;16;11;16;10;16;9;16;8;16;7;16;6;15;6;14;6
3;3;17;10;15;11;16;11;16;10;16;9;16;8;16;7;16;6;15;6;14;6;13;6
2;3;17;10;16;11;16;10;16;9;16;8;16;7;16;6;15;6;14;6;13;6;12;6
2;2;17;10;16;10;16;9;16;8;16;7;16;6;15;6;14;6;13;6;12;6;12;7
2;2;17;10;16;9;16;8;16;7;16;6;15;6;14;6;13;6;12;6;12;7;12;8
1;2;17;10;16;8;16;7;16;6;15;6;14;6;13;6;12;6;12;7;12;8;12;9
1;1;17;10;16;7;16;6;15;6;14;6;13;6;12;6;12;7;12;8;12;9;13;9
1;1;17;10;16;6;15;6;14;6;13;6;12;6;12;7;12;8;12;9;13;9;14;9
1;1;17;10;15;6;14;6;13;6;12;6;12;7;12;8;12;9;13;9;14;9;15;9
1;1;17;10;14;6;13;6;12;6;12;7;12;8;12;9;13;9;14;9;15;9;16;9
2;1;17;10;13;6;12;6;12;7;12;8;12;9;13;9;14;9;15;9;16;9;17;9
2;2;9;19;12;6;12;6;12;7;12;8;12;9;13;9;14;9;15;9;16;9;17;9;17;10
2;2;9;19;12;6;12;7;12;8;12;9;13;9;14;9;15;9;16;9;17;9;17;10;17;11
2;2;9;19;12;7;12;8;12;9;13;9;14;9;15;9;16;9;17;9;17;10;17;11;17;12
3;2;9;19;12;8;12;9;13;9;14;9;15;9;16;9;17;9;17;10;17;11;17;12;17;13
3;3;9;19;12;9;13;9;14;9;15;9;16;9;17;9;17;10;17;11;17;12;17;13;16;13
3;3;9;19;13;9;14;9;15;9;16;9;17;9;17;10;17;11;17;12;17;13;16;13;15;13
3;3;9;19;14;9;15;9;16;9;17;9;17;10;17;11;17;12;17;13;16;13;15;13;14;13
3;3;9;19;15;9;16;9;17;9;17;10;17;11;17;12;17;13;16;13;15;13;14;13;13;13
3;3;9;19;16;9;17;9;17;10;17;11;17;12;17;13;16;13;15;13;14;13;13;13;12;13
3;3;9;19;17;9;17;10;17;11;17;12;17;13;16;13;15;13;14;13;13;13;12;13;11;13
3;3;9;19;17;10;17;11;17;12;17;13;16;13;15;13;14;13;13;13;12;13;11;13;10;13
3;3;9;19;17;11;17;12;17;13;16;13;15;13;14;13;13;13;12;13;11;13;10;13;9;13
3;3;9;19;17;12;17;13;16;13;15;13;14;13;13;13;12;13;11;13;10;13;9;13;8;13
2;3;9;19;17;13;16;13;15;13;14;13;13;13;12;13;11;13;10;13;9;13;8;13;7;13
2;2;9;19;16;13;15;13;14;13;13;13;12;13;11;13;10;13;9;13;8;13;7;13;7;14
2;2;9;19;15;13;14;13;13;13;12;13;11;13;10;13;9;13;8;13;7;13;7;14;7;15
2;2;9;19;14;13;13;13;12;13;11;13;10;13;9;13;8;13;7;13;7;14;7;15;7;16
2;2;9;19;13;13;12;13;11;13;10;13;9;13;8;13;7;13;7;14;7;15;7;16;7;17
1;2;9;19;12;13;11;13;10;13;9;13;8;13;7;13;7;14;7;15;7;16;7;17;7;18
1;1;9;19;11;13;10;13;9;13;8;13;7;13;7;14;7;15;7;16;7;17;7;18;8;18
1;1;9;19;10;13;9;13;8;13;7;13;7;14;7;15;7;16;7;17;7;18;8;18;9;18
1;1;9;19;9;13;8;13;7;13;7;14;7;15;7;16;7;17;7;18;8;18;9;18;10;18
1;1;9;19;8;13;7;13;7;14;7;15;7;16;7;17;7;18;8;18;9;18;10;18;11;18
1;1;9;19;7;13;7;14;7;15;7;16;7;17;7;18;8;18;9;18;10;18;11;18;12;18
2;1;9;19;7;14;7;15;7;16;7;17;7;18;8;18;9;18;10;18;11;18;12;18;13;18
2;2;9;19;7;15;7;16;7;17;7;18;8;18;9;18;10;18;11;18;12;18;13;18;13;19
