20
1;1;15;13;8;10;9;10;10;10
1;1;15;13;9;10;10;10;11;10
1;1;15;13;10;10;11;10;12;10
1;1;15;13;11;10;12;10;13;10
1;1;15;13;12;10;13;10;14;10
1;1;15;13;13;10;14;10;15;10
2;1;15;13;14;10;15;10;16;10
2;2;15;13;15;10;16;10;16;11
2;2;15;13;16;10;16;11;16;12
2;2;15;13;16;11;16;12;16;13
2;2;15;13;16;12;16;13;16;14
3;2;15;13;16;13;16;14;16;15
3;3;15;13;16;14;16;15;15;15
3;3;15;13;16;15;15;15;14;15
0;3;15;13;15;15;14;15;13;15
0;0;15;13;14;15;13;15;13;14
1;0;15;13;13;15;13;14;13;13
1;1;15;13;13;14;13;13;14;13
1;1;16;4;13;13;13;13;14;13;15;13
1;1;16;4;13;13;14;13;15;13;16;13
1;1;16;4;14;13;15;13;16;13;17;13
1;1;16;4;15;13;16;13;17;13;18;13
0;1;16;4;16;13;17;13;18;13;19;13
0;0;16;4;17;13;18;13;19;13;19;12
0;0;16;4;18;13;19;13;19;12;19;11
0;0;16;4;19;13;19;12;19;11;19;10
0;0;16;4;19;12;19;11;19;10;19;9
0;0;16;4;19;11;19;10;19;9;19;8
0;0;16;4;19;10;19;9;19;8;19;7
0;0;16;4;19;9;19;8;19;7;19;6
0;0;16;4;19;8;19;7;19;6;19;5
3;0;16;4;19;7;19;6;19;5;19;4
3;3;16;4;19;6;19;5;19;4;18;4
3;3;16;4;19;5;19;4;18;4;17;4
3;3;14;12;19;4;19;4;18;4;17;4;16;4
3;3;14;12;19;4;18;4;17;4;16;4;15;4
3;3;14;12;18;4;17;4;16;4;15;4;14;4
3;3;14;12;17;4;16;4;15;4;14;4;13;4
2;3;14;12;16;4;15;4;14;4;13;4;12;4
2;2;14;12;15;4;14;4;13;4;12;4;12;5
2;2;14;12;14;4;13;4;12;4;12;5;12;6
2;2;14;12;13;4;12;4;12;5;12;6;12;7
2;2;14;12;12;4;12;5;12;6;12;7;12;8
2;2;14;12;12;5;12;6;12;7;12;8;12;9
1;2;14;12;12;6;12;7;12;8;12;9;12;10
1;1;14;12;12;7;12;8;12;9;12;10;13;10
1;1;14;12;12;8;12;9;12;10;13;10;14;10
2;1;14;12;12;9;12;10;13;10;14;10;15;10
2;2;14;12;12;10;13;10;14;10;15;10;15;11
3;2;14;12;13;10;14;10;15;10;15;11;15;12
3;3;16;6;14;10;14;10;15;10;15;11;15;12;14;12
3;3;16;6;14;10;15;10;15;11;15;12;14;12;13;12
3;3;16;6;15;10;15;11;15;12;14;12;13;12;12;12
3;3;16;6;15;11;15;12;14;12;13;12;12;12;11;12
3;3;16;6;15;12;14;12;13;12;12;12;11;12;10;12
0;3;16;6;14;12;13;12;12;12;11;12;10;12;9;12
0;0;16;6;13;12;12;12;11;12;10;12;9;12;9;11
0;0;16;6;12;12;11;12;10;12;9;12;9;11;9;10
0;0;16;6;11;12;10;12;9;12;9;11;9;10;9;9
0;0;16;6;10;12;9;12;9;11;9;10;9;9;9;8
0;0;16;6;9;12;9;11;9;10;9;9;9;8;9;7
1;0;16;6;9;11;9;10;9;9;9;8;9;7;9;6
1;1;16;6;9;10;9;9;9;8;9;7;9;6;10;6
1;1;16;6;9;9;9;8;9;7;9;6;10;6;11;6
1;1;16;6;9;8;9;7;9;6;10;6;11;6;12;6
1;1;16;6;9;7;9;6;10;6;11;6;12;6;13;6
1;1;16;6;9;6;10;6;11;6;12;6;13;6;14;6
1;1;16;6;10;6;11;6;12;6;13;6;14;6;15;6
1;1;6;1;11;6;11;6;12;6;13;6;14;6;15;6;16;6
2;1;6;1;11;6;12;6;13;6;14;6;15;6;16;6;17;6
2;2;6;1;12;6;13;6;14;6;15;6;16;6;17;6;17;7
2;2;6;1;13;6;14;6;15;6;16;6;17;6;17;7;17;8
2;2;6;1;14;6;15;6;16;6;17;6;17;7;17;8;17;9
2;2;6;1;15;6;16;6;17;6;17;7;17;8;17;9;17;10
3;2;6;1;16;6;17;6;17;7;17;8;17;9;17;10;17;11
0;3;6;1;17;6;17;7;17;8;17;9;17;10;17;11;16;11
0;0;6;1;17;7;17;8;17;9;17;10;17;11;16;11;16;10
0;0;6;1;17;8;17;9;17;10;17;11;16;11;16;10;16;9
0;0;6;1;17;9;17;10;17;11;16;11;16;10;16;9;16;8
0;0;6;1;17;10;17;11;16;11;16;10;16;9;16;8;16;7
0;0;6;1;17;11;16;11;16;10;16;9;16;8;16;7;16;6
0;0;6;1;16;11;16;10;16;9;16;8;16;7;16;6;16;5
0;0;6;1;16;10;16;9;16;8;16;7;16;6;16;5;16;4
3;0;6;1;16;9;16;8;16;7;16;6;16;5;16;4;16;3
3;3;6;1;16;8;16;7;16;6;16;5;16;4;16;3;15;3
3;3;6;1;16;7;16;6;16;5;16;4;16;3;15;3;14;3
3;3;6;1;16;6;16;5;16;4;16;3;15;3;14;3;13;3
3;3;6;1;16;5;16;4;16;3;15;3;14;3;13;3;12;3
3;3;6;1;16;4;16;3;15;3;14;3;13;3;12;3;11;3
0;3;6;1;16;3;15;3;14;3;13;3;12;3;11;3;10;3
0;0;6;1;15;3;14;3;13;3;12;3;11;3;10;3;10;2
3;0;6;1;14;3;13;3;12;3;11;3;10;3;10;2;10;1
3;3;6;1;13;3;12;3;11;3;10;3;10;2;10;1;9;1
3;3;6;1;12;3;11;3;10;3;10;2;10;1;9;1;8;1
3;3;6;1;11;3;10;3;10;2;10;1;9;1;8;1;7;1
3;3;15;1;10;3;10;3;10;2;10;1;9;1;8;1;7;1;6;1
2;3;15;1;10;3;10;2;10;1;9;1;8;1;7;1;6;1;5;1
2;2;15;1;10;2;10;1;9;1;8;1;7;1;6;1;5;1;5;2
2;2;15;1;10;1;9;1;8;1;7;1;6;1;5;1;5;2;5;3
2;2;15;1;9;1;8;1;7;1;6;1;5;1;5;2;5;3;5;4
2;2;15;1;8;1;7;1;6;1;5;1;5;2;5;3;5;4;5;5
1;2;15;1;7;1;6;1;5;1;5;2;5;3;5;4;5;5;5;6
1;1;15;1;6;1;5;1;5;2;5;3;5;4;5;5;5;6;6;6
1;1;15;1;5;1;5;2;5;3;5;4;5;5;5;6;6;6;7;6
1;1;15;1;5;2;5;3;5;4;5;5;5;6;6;6;7;6;8;6
1;1;15;1;5;3;5;4;5;5;5;6;6;6;7;6;8;6;9;6
1;1;15;1;5;4;5;5;5;6;6;6;7;6;8;6;9;6;10;6
1;1;15;1;5;5;5;6;6;6;7;6;8;6;9;6;10;6;11;6
0;1;15;1;5;6;6;6;7;6;8;6;9;6;10;6;11;6;12;6
0;0;15;1;6;6;7;6;8;6;9;6;10;6;11;6;12;6;12;5
0;0;15;1;7;6;8;6;9;6;10;6;11;6;12;6;12;5;12;4
0;0;15;1;8;6;9;6;10;6;11;6;12;6;12;5;12;4;12;3
0;0;15;1;9;6;10;6;11;6;12;6;12;5;12;4;12;3;12;2
0;0;15;1;10;6;11;6;12;6;12;5;12;4;12;3;12;2;12;1
1;0;15;1;11;6;12;6;12;5;12;4;12;3;12;2;12;1;12;0
1;1;15;1;12;6;12;5;12;4;12;3;12;2;12;1;12;0;13;0
1;1;15;1;12;5;12;4;12;3;12;2;12;1;12;0;13;0;14;0
1;1;15;1;12;4;12;3;12;2;12;1;12;0;13;0;14;0;15;0
1;1;15;1;12;3;12;2;12;1;12;0;13;0;14;0;15;0;16;0
2;1;15;1;12;2;12;1;12;0;13;0;14;0;15;0;16;0;17;0
3;2;15;1;12;1;12;0;13;0;14;0;15;0;16;0;17;0;17;1
3;3;15;1;12;0;13;0;14;0;15;0;16;0;17;0;17;1;16;1
3;3;2;3;13;0;13;0;14;0;15;0;16;0;17;0;17;1;16;1;15;1
3;3;2;3;13;0;14;0;15;0;16;0;17;0;17;1;16;1;15;1;14;1
3;3;2;3;14;0;15;0;16;0;17;0;17;1;16;1;15;1;14;1;13;1
3;3;2;3;15;0;16;0;17;0;17;1;16;1;15;1;14;1;13;1;12;1
3;3;2;3;16;0;17;0;17;1;16;1;15;1;14;1;13;1;12;1;11;1
3;3;2;3;17;0;17;1;16;1;15;1;14;1;13;1;12;1;11;1;10;1
3;3;2;3;17;1;16;1;15;1;14;1;13;1;12;1;11;1;10;1;9;1
3;3;2;3;16;1;15;1;14;1;13;1;12;1;11;1;10;1;9;1;8;1
3;3;2;3;15;1;14;1;13;1;12;1;11;1;10;1;9;1;8;1;7;1
3;3;2;3;14;1;13;1;12;1;11;1;10;1;9;1;8;1;7;1;6;1
3;3;2;3;13;1;12;1;11;1;10;1;9;1;8;1;7;1;6;1;5;1
3;3;2;3;12;1;11;1;10;1;9;1;8;1;7;1;6;1;5;1;4;1
3;3;2;3;11;1;10;1;9;1;8;1;7;1;6;1;5;1;4;1;3;1
2;3;2;3;10;1;9;1;8;1;7;1;6;1;5;1;4;1;3;1;2;1
2;2;2;3;9;1;8;1;7;1;6;1;5;1;4;1;3;1;2;1;2;2
2;2;2;16;8;1;8;1;7;1;6;1;5;1;4;1;3;1;2;1;2;2;2;3
2;2;2;16;8;1;7;1;6;1;5;1;4;1;3;1;2;1;2;2;2;3;2;4
2;2;2;16;7;1;6;1;5;1;4;1;3;1;2;1;2;2;2;3;2;4;2;5
2;2;2;16;6;1;5;1;4;1;3;1;2;1;2;2;2;3;2;4;2;5;2;6
2;2;2;16;5;1;4;1;3;1;2;1;2;2;2;3;2;4;2;5;2;6;2;7
2;2;2;16;4;1;3;1;2;1;2;2;2;3;2;4;2;5;2;6;2;7;2;8
2;2;2;16;3;1;2;1;2;2;2;3;2;4;2;5;2;6;2;7;2;8;2;9
2;2;2;16;2;1;2;2;2;3;2;4;2;5;2;6;2;7;2;8;2;9;2;10
2;2;2;16;2;2;2;3;2;4;2;5;2;6;2;7;2;8;2;9;2;10;2;11
2;2;2;16;2;3;2;4;2;5;2;6;2;7;2;8;2;9;2;10;2;11;2;12
2;2;2;16;2;4;2;5;2;6;2;7;2;8;2;9;2;10;2;11;2;12;2;13
2;2;2;16;2;5;2;6;2;7;2;8;2;9;2;10;2;11;2;12;2;13;2;14
2;2;2;16;2;6;2;7;2;8;2;9;2;10;2;11;2;12;2;13;2;14;2;15
2;2;0;16;2;7;2;7;2;8;2;9;2;10;2;11;2;12;2;13;2;14;2;15;2;16
1;2;0;16;2;7;2;8;2;9;2;10;2;11;2;12;2;13;2;14;2;15;2;16;2;17
1;1;0;16;2;8;2;9;2;10;2;11;2;12;2;13;2;14;2;15;2;16;2;17;3;17
1;1;0;16;2;9;2;10;2;11;2;12;2;13;2;14;2;15;2;16;2;17;3;17;4;17
1;1;0;16;2;10;2;11;2;12;2;13;2;14;2;15;2;16;2;17;3;17;4;17;5;17
1;1;0;16;2;11;2;12;2;13;2;14;2;15;2;16;2;17;3;17;4;17;5;17;6;17
1;1;0;16;2;12;2;13;2;14;2;15;2;16;2;17;3;17;4;17;5;17;6;17;7;17
1;1;0;16;2;13;2;14;2;15;2;16;2;17;3;17;4;17;5;17;6;17;7;17;8;17
1;1;0;16;2;14;2;15;2;16;2;17;3;17;4;17;5;17;6;17;7;17;8;17;9;17
1;1;0;16;2;15;2;16;2;17;3;17;4;17;5;17;6;17;7;17;8;17;9;17;10;17
0;1;0;16;2;16;2;17;3;17;4;17;5;17;6;17;7;17;8;17;9;17;10;17;11;17
0;0;0;16;2;17;3;17;4;17;5;17;6;17;7;17;8;17;9;17;10;17;11;17;11;16
0;0;0;16;3;17;4;17;5;17;6;17;7;17;8;17;9;17;10;17;11;17;11;16;11;15
0;0;0;16;4;17;5;17;6;17;7;17;8;17;9;17;10;17;11;17;11;16;11;15;11;14
0;0;0;16;5;17;6;17;7;17;8;17;9;17;10;17;11;17;11;16;11;15;11;14;11;13
0;0;0;16;6;17;7;17;8;17;9;17;10;17;11;17;11;16;11;15;11;14;11;13;11;12
0;0;0;16;7;17;8;17;9;17;10;17;11;17;11;16;11;15;11;14;11;13;11;12;11;11
3;0;0;16;8;17;9;17;10;17;11;17;11;16;11;15;11;14;11;13;11;12;11;11;11;10
3;3;0;16;9;17;10;17;11;17;11;16;11;15;11;14;11;13;11;12;11;11;11;10;10;10
3;3;0;16;10;17;11;17;11;16;11;15;11;14;11;13;11;12;11;11;11;10;10;10;9;10
3;3;0;16;11;17;11;16;11;15;11;14;11;13;11;12;11;11;11;10;10;10;9;10;8;10
3;3;0;16;11;16;11;15;11;14;11;13;11;12;11;11;11;10;10;10;9;10;8;10;7;10
3;3;0;16;11;15;11;14;11;13;11;12;11;11;11;10;10;10;9;10;8;10;7;10;6;10
3;3;0;16;11;14;11;13;11;12;11;11;11;10;10;10;9;10;8;10;7;10;6;10;5;10
3;3;0;16;11;13;11;12;11;11;11;10;10;10;9;10;8;10;7;10;6;10;5;10;4;10
3;3;0;16;11;12;11;11;11;10;10;10;9;10;8;10;7;10;6;10;5;10;4;10;3;10
3;3;0;16;11;11;11;10;10;10;9;10;8;10;7;10;6;10;5;10;4;10;3;10;2;10
3;3;0;16;11;10;10;10;9;10;8;10;7;10;6;10;5;10;4;10;3;10;2;10;1;10
2;3;0;16;10;10;9;10;8;10;7;10;6;10;5;10;4;10;3;10;2;10;1;10;0;10
2;2;0;16;9;10;8;10;7;10;6;10;5;10;4;10;3;10;2;10;1;10;0;10;0;11
2;2;0;16;8;10;7;10;6;10;5;10;4;10;3;10;2;10;1;10;0;10;0;11;0;12
2;2;0;16;7;10;6;10;5;10;4;10;3;10;2;10;1;10;0;10;0;11;0;12;0;13
2;2;0;16;6;10;5;10;4;10;3;10;2;10;1;10;0;10;0;11;0;12;0;13;0;14
2;2;0;16;5;10;4;10;3;10;2;10;1;10;0;10;0;11;0;12;0;13;0;14;0;15
2;2;18;8;4;10;4;10;3;10;2;10;1;10;0;10;0;11;0;12;0;13;0;14;0;15;0;16
2;2;18;8;4;10;3;10;2;10;1;10;0;10;0;11;0;12;0;13;0;14;0;15;0;16;0;17
1;2;18;8;3;10;2;10;1;10;0;10;0;11;0;12;0;13;0;14;0;15;0;16;0;17;0;18
1;1;18;8;2;10;1;10;0;10;0;11;0;12;0;13;0;14;0;15;0;16;0;17;0;18;1;18
1;1;18;8;1;10;0;10;0;11;0;12;0;13;0;14;0;15;0;16;0;17;0;18;1;18;2;18
1;1;18;8;0;10;0;11;0;12;0;13;0;14;0;15;0;16;0;17;0;18;1;18;2;18;3;18
1;1;18;8;0;11;0;12;0;13;0;14;0;15;0;16;0;17;0;18;1;18;2;18;3;18;4;18
1;1;18;8;0;12;0;13;0;14;0;15;0;16;0;17;0;18;1;18;2;18;3;18;4;18;5;18
1;1;18;8;0;13;0;14;0;15;0;16;0;17;0;18;1;18;2;18;3;18;4;18;5;18;6;18
1;1;18;8;0;14;0;15;0;16;0;17;0;18;1;18;2;18;3;18;4;18;5;18;6;18;7;18
1;1;18;8;0;15;0;16;0;17;0;18;1;18;2;18;3;18;4;18;5;18;6;18;7;18;8;18
1;1;18;8;0;16;0;17;0;18;1;18;2;18;3;18;4;18;5;18;6;18;7;18;8;18;9;18
1;1;18;8;0;17;0;18;1;18;2;18;3;18;4;18;5;18;6;18;7;18;8;18;9;18;10;18
1;1;18;8;0;18;1;18;2;18;3;18;4;18;5;18;6;18;7;18;8;18;9;18;10;18;11;18
1;1;18;8;1;18;2;18;3;18;4;18;5;18;6;18;7;18;8;18;9;18;10;18;11;18;12;18
1;1;18;8;2;18;3;18;4;18;5;18;6;18;7;18;8;18;9;18;10;18;11;18;12;18;13;18
1;1;18;8;3;18;4;18;5;18;6;18;7;18;8;18;9;18;10;18;11;18;12;18;13;18;14;18
1;1;18;8;4;18;5;18;6;18;7;18;8;18;9;18;10;18;11;18;12;18;13;18;14;18;15;18
1;1;18;8;5;18;6;18;7;18;8;18;9;18;10;18;11;18;12;18;13;18;14;18;15;18;16;18
1;1;18;8;6;18;7;18;8;18;9;18;10;18;11;18;12;18;13;18;14;18;15;18;16;18;17;18
1;1;18;8;7;18;8;18;9;18;10;18;11;18;12;18;13;18;14;18;15;18;16;18;17;18;18;18
0;1;18;8;8;18;9;18;10;18;11;18;12;18;13;18;14;18;15;18;16;18;17;18;18;18;19;18
0;0;18;8;9;18;10;18;11;18;12;18;13;18;14;18;15;18;16;18;17;18;18;18;19;18;19;17
0;0;18;8;10;18;11;18;12;18;13;18;14;18;15;18;16;18;17;18;18;18;19;18;19;17;19;16
0;0;18;8;11;18;12;18;13;18;14;18;15;18;16;18;17;18;18;18;19;18;19;17;19;16;19;15
0;0;18;8;12;18;13;18;14;18;15;18;16;18;17;18;18;18;19;18;19;17;19;16;19;15;19;14
0;0;18;8;13;18;14;18;15;18;16;18;17;18;18;18;19;18;19;17;19;16;19;15;19;14;19;13
0;0;18;8;14;18;15;18;16;18;17;18;18;18;19;18;19;17;19;16;19;15;19;14;19;13;19;12
0;0;18;8;15;18;16;18;17;18;18;18;19;18;19;17;19;16;19;15;19;14;19;13;19;12;19;11
0;0;18;8;16;18;17;18;18;18;19;18;19;17;19;16;19;15;19;14;19;13;19;12;19;11;19;10
0;0;18;8;17;18;18;18;19;18;19;17;19;16;19;15;19;14;19;13;19;12;19;11;19;10;19;9
3;0;18;8;18;18;19;18;19;17;19;16;19;15;19;14;19;13;19;12;19;11;19;10;19;9;19;8
3;3;8;10;19;18;19;18;19;17;19;16;19;15;19;14;19;13;19;12;19;11;19;10;19;9;19;8;18;8
3;3;8;10;19;18;19;17;19;16;19;15;19;14;19;13;19;12;19;11;19;10;19;9;19;8;18;8;17;8
3;3;8;10;19;17;19;16;19;15;19;14;19;13;19;12;19;11;19;10;19;9;19;8;18;8;17;8;16;8
3;3;8;10;19;16;19;15;19;14;19;13;19;12;19;11;19;10;19;9;19;8;18;8;17;8;16;8;15;8
3;3;8;10;19;15;19;14;19;13;19;12;19;11;19;10;19;9;19;8;18;8;17;8;16;8;15;8;14;8
3;3;8;10;19;14;19;13;19;12;19;11;19;10;19;9;19;8;18;8;17;8;16;8;15;8;14;8;13;8
3;3;8;10;19;13;19;12;19;11;19;10;19;9;19;8;18;8;17;8;16;8;15;8;14;8;13;8;12;8
3;3;8;10;19;12;19;11;19;10;19;9;19;8;18;8;17;8;16;8;15;8;14;8;13;8;12;8;11;8
3;3;8;10;19;11;19;10;19;9;19;8;18;8;17;8;16;8;15;8;14;8;13;8;12;8;11;8;10;8
3;3;8;10;19;10;19;9;19;8;18;8;17;8;16;8;15;8;14;8;13;8;12;8;11;8;10;8;9;8
2;3;8;10;19;9;19;8;18;8;17;8;16;8;15;8;14;8;13;8;12;8;11;8;10;8;9;8;8;8
2;2;8;10;19;8;18;8;17;8;16;8;15;8;14;8;13;8;12;8;11;8;10;8;9;8;8;8;8;9
2;2;12;9;18;8;18;8;17;8;16;8;15;8;14;8;13;8;12;8;11;8;10;8;9;8;8;8;8;9;8;10
2;2;12;9;18;8;17;8;16;8;15;8;14;8;13;8;12;8;11;8;10;8;9;8;8;8;8;9;8;10;8;11
2;2;12;9;17;8;16;8;15;8;14;8;13;8;12;8;11;8;10;8;9;8;8;8;8;9;8;10;8;11;8;12
1;2;12;9;16;8;15;8;14;8;13;8;12;8;11;8;10;8;9;8;8;8;8;9;8;10;8;11;8;12;8;13
1;1;12;9;15;8;14;8;13;8;12;8;11;8;10;8;9;8;8;8;8;9;8;10;8;11;8;12;8;13;9;13
1;1;12;9;14;8;13;8;12;8;11;8;10;8;9;8;8;8;8;9;8;10;8;11;8;12;8;13;9;13;10;13
1;1;12;9;13;8;12;8;11;8;10;8;9;8;8;8;8;9;8;10;8;11;8;12;8;13;9;13;10;13;11;13
1;1;12;9;12;8;11;8;10;8;9;8;8;8;8;9;8;10;8;11;8;12;8;13;9;13;10;13;11;13;12;13
1;1;12;9;11;8;10;8;9;8;8;8;8;9;8;10;8;11;8;12;8;13;9;13;10;13;11;13;12;13;13;13
1;1;12;9;10;8;9;8;8;8;8;9;8;10;8;11;8;12;8;13;9;13;10;13;11;13;12;13;13;13;14;13
0;1;12;9;9;8;8;8;8;9;8;10;8;11;8;12;8;13;9;13;10;13;11;13;12;13;13;13;14;13;15;13
0;0;12;9;8;8;8;9;8;10;8;11;8;12;8;13;9;13;10;13;11;13;12;13;13;13;14;13;15;13;15;12
0;0;12;9;8;9;8;10;8;11;8;12;8;13;9;13;10;13;11;13;12;13;13;13;14;13;15;13;15;12;15;11
0;0;12;9;8;10;8;11;8;12;8;13;9;13;10;13;11;13;12;13;13;13;14;13;15;13;15;12;15;11;15;10
3;0;12;9;8;11;8;12;8;13;9;13;10;13;11;13;12;13;13;13;14;13;15;13;15;12;15;11;15;10;15;9
3;3;12;9;8;12;8;13;9;13;10;13;11;13;12;13;13;13;14;13;15;13;15;12;15;11;15;10;15;9;14;9
3;3;12;9;8;13;9;13;10;13;11;13;12;13;13;13;14;13;15;13;15;12;15;11;15;10;15;9;14;9;13;9
3;3;18;8;9;13;9;13;10;13;11;13;12;13;13;13;14;13;15;13;15;12;15;11;15;10;15;9;14;9;13;9;12;9
3;3;18;8;9;13;10;13;11;13;12;13;13;13;14;13;15;13;15;12;15;11;15;10;15;9;14;9;13;9;12;9;11;9
3;3;18;8;10;13;11;13;12;13;13;13;14;13;15;13;15;12;15;11;15;10;15;9;14;9;13;9;12;9;11;9;10;9
3;3;18;8;11;13;12;13;13;13;14;13;15;13;15;12;15;11;15;10;15;9;14;9;13;9;12;9;11;9;10;9;9;9
0;3;18;8;12;13;13;13;14;13;15;13;15;12;15;11;15;10;15;9;14;9;13;9;12;9;11;9;10;9;9;9;8;9
0;0;18;8;13;13;14;13;15;13;15;12;15;11;15;10;15;9;14;9;13;9;12;9;11;9;10;9;9;9;8;9;8;8
1;0;18;8;14;13;15;13;15;12;15;11;15;10;15;9;14;9;13;9;12;9;11;9;10;9;9;9;8;9;8;8;8;7
1;1;18;8;15;13;15;12;15;11;15;10;15;9;14;9;13;9;12;9;11;9;10;9;9;9;8;9;8;8;8;7;9;7
1;1;18;8;15;12;15;11;15;10;15;9;14;9;13;9;12;9;11;9;10;9;9;9;8;9;8;8;8;7;9;7;10;7
1;1;18;8;15;11;15;10;15;9;14;9;13;9;12;9;11;9;10;9;9;9;8;9;8;8;8;7;9;7;10;7;11;7
1;1;18;8;15;10;15;9;14;9;13;9;12;9;11;9;10;9;9;9;8;9;8;8;8;7;9;7;10;7;11;7;12;7
1;1;18;8;15;9;14;9;13;9;12;9;11;9;10;9;9;9;8;9;8;8;8;7;9;7;10;7;11;7;12;7;13;7
1;1;18;8;14;9;13;9;12;9;11;9;10;9;9;9;8;9;8;8;8;7;9;7;10;7;11;7;12;7;13;7;14;7
1;1;18;8;13;9;12;9;11;9;10;9;9;9;8;9;8;8;8;7;9;7;10;7;11;7;12;7;13;7;14;7;15;7
1;1;18;8;12;9;11;9;10;9;9;9;8;9;8;8;8;7;9;7;10;7;11;7;12;7;13;7;14;7;15;7;16;7
2;1;18;8;11;9;10;9;9;9;8;9;8;8;8;7;9;7;10;7;11;7;12;7;13;7;14;7;15;7;16;7;17;7
2;2;18;8;10;9;9;9;8;9;8;8;8;7;9;7;10;7;11;7;12;7;13;7;14;7;15;7;16;7;17;7;17;8
2;2;18;8;9;9;8;9;8;8;8;7;9;7;10;7;11;7;12;7;13;7;14;7;15;7;16;7;17;7;17;8;17;9
2;2;18;8;8;9;8;8;8;7;9;7;10;7;11;7;12;7;13;7;14;7;15;7;16;7;17;7;17;8;17;9;17;10
2;2;18;8;8;8;8;7;9;7;10;7;11;7;12;7;13;7;14;7;15;7;16;7;17;7;17;8;17;9;17;10;17;11
2;2;18;8;8;7;9;7;10;7;11;7;12;7;13;7;14;7;15;7;16;7;17;7;17;8;17;9;17;10;17;11;17;12
2;2;18;8;9;7;10;7;11;7;12;7;13;7;14;7;15;7;16;7;17;7;17;8;17;9;17;10;17;11;17;12;17;13
2;2;18;8;10;7;11;7;12;7;13;7;14;7;15;7;16;7;17;7;17;8;17;9;17;10;17;11;17;12;17;13;17;14
2;2;18;8;11;7;12;7;13;7;14;7;15;7;16;7;17;7;17;8;17;9;17;10;17;11;17;12;17;13;17;14;17;15
3;2;18;8;12;7;13;7;14;7;15;7;16;7;17;7;17;8;17;9;17;10;17;11;17;12;17;13;17;14;17;15;17;16
0;3;18;8;13;7;14;7;15;7;16;7;17;7;17;8;17;9;17;10;17;11;17;12;17;13;17;14;17;15;17;16;16;16
0;0;18;8;14;7;15;7;16;7;17;7;17;8;17;9;17;10;17;11;17;12;17;13;17;14;17;15;17;16;16;16;16;15
0;0;18;8;15;7;16;7;17;7;17;8;17;9;17;10;17;11;17;12;17;13;17;14;17;15;17;16;16;16;16;15;16;14
0;0;18;8;16;7;17;7;17;8;17;9;17;10;17;11;17;12;17;13;17;14;17;15;17;16;16;16;16;15;16;14;16;13
0;0;18;8;17;7;17;8;17;9;17;10;17;11;17;12;17;13;17;14;17;15;17;16;16;16;16;15;16;14;16;13;16;12
0;0;18;8;17;8;17;9;17;10;17;11;17;12;17;13;17;14;17;15;17;16;16;16;16;15;16;14;16;13;16;12;16;11
0;0;18;8;17;9;17;10;17;11;17;12;17;13;17;14;17;15;17;16;16;16;16;15;16;14;16;13;16;12;16;11;16;10
0;0;18;8;17;10;17;11;17;12;17;13;17;14;17;15;17;16;16;16;16;15;16;14;16;13;16;12;16;11;16;10;16;9
0;0;18;8;17;11;17;12;17;13;17;14;17;15;17;16;16;16;16;15;16;14;16;13;16;12;16;11;16;10;16;9;16;8
0;0;18;8;17;12;17;13;17;14;17;15;17;16;16;16;16;15;16;14;16;13;16;12;16;11;16;10;16;9;16;8;16;7
0;0;18;8;17;13;17;14;17;15;17;16;16;16;16;15;16;14;16;13;16;12;16;11;16;10;16;9;16;8;16;7;16;6
1;0;18;8;17;14;17;15;17;16;16;16;16;15;16;14;16;13;16;12;16;11;16;10;16;9;16;8;16;7;16;6;16;5
1;1;18;8;17;15;17;16;16;16;16;15;16;14;16;13;16;12;16;11;16;10;16;9;16;8;16;7;16;6;16;5;17;5
2;1;18;8;17;16;16;16;16;15;16;14;16;13;16;12;16;11;16;10;16;9;16;8;16;7;16;6;16;5;17;5;18;5
2;2;18;8;16;16;16;15;16;14;16;13;16;12;16;11;16;10;16;9;16;8;16;7;16;6;16;5;17;5;18;5;18;6
2;2;18;8;16;15;16;14;16;13;16;12;16;11;16;10;16;9;16;8;16;7;16;6;16;5;17;5;18;5;18;6;18;7
2;2;13;7;16;14;16;14;16;13;16;12;16;11;16;10;16;9;16;8;16;7;16;6;16;5;17;5;18;5;18;6;18;7;18;8
2;2;13;7;16;14;16;13;16;12;16;11;16;10;16;9;16;8;16;7;16;6;16;5;17;5;18;5;18;6;18;7;18;8;18;9
2;2;13;7;16;13;16;12;16;11;16;10;16;9;16;8;16;7;16;6;16;5;17;5;18;5;18;6;18;7;18;8;18;9;18;10
2;2;13;7;16;12;16;11;16;10;16;9;16;8;16;7;16;6;16;5;17;5;18;5;18;6;18;7;18;8;18;9;18;10;18;11
2;2;13;7;16;11;16;10;16;9;16;8;16;7;16;6;16;5;17;5;18;5;18;6;18;7;18;8;18;9;18;10;18;11;18;12
2;2;13;7;16;10;16;9;16;8;16;7;16;6;16;5;17;5;18;5;18;6;18;7;18;8;18;9;18;10;18;11;18;12;18;13
3;2;13;7;16;9;16;8;16;7;16;6;16;5;17;5;18;5;18;6;18;7;18;8;18;9;18;10;18;11;18;12;18;13;18;14
3;3;13;7;16;8;16;7;16;6;16;5;17;5;18;5;18;6;18;7;18;8;18;9;18;10;18;11;18;12;18;13;18;14;17;14
3;3;13;7;16;7;16;6;16;5;17;5;18;5;18;6;18;7;18;8;18;9;18;10;18;11;18;12;18;13;18;14;17;14;16;14
3;3;13;7;16;6;16;5;17;5;18;5;18;6;18;7;18;8;18;9;18;10;18;11;18;12;18;13;18;14;17;14;16;14;15;14
3;3;13;7;16;5;17;5;18;5;18;6;18;7;18;8;18;9;18;10;18;11;18;12;18;13;18;14;17;14;16;14;15;14;14;14
3;3;13;7;17;5;18;5;18;6;18;7;18;8;18;9;18;10;18;11;18;12;18;13;18;14;17;14;16;14;15;14;14;14;13;14
0;3;13;7;18;5;18;6;18;7;18;8;18;9;18;10;18;11;18;12;18;13;18;14;17;14;16;14;15;14;14;14;13;14;12;14
0;0;13;7;18;6;18;7;18;8;18;9;18;10;18;11;18;12;18;13;18;14;17;14;16;14;15;14;14;14;13;14;12;14;12;13
0;0;13;7;18;7;18;8;18;9;18;10;18;11;18;12;18;13;18;14;17;14;16;14;15;14;14;14;13;14;12;14;12;13;12;12
0;0;13;7;18;8;18;9;18;10;18;11;18;12;18;13;18;14;17;14;16;14;15;14;14;14;13;14;12;14;12;13;12;12;12;11
0;0;13;7;18;9;18;10;18;11;18;12;18;13;18;14;17;14;16;14;15;14;14;14;13;14;12;14;12;13;12;12;12;11;12;10
0;0;13;7;18;10;18;11;18;12;18;13;18;14;17;14;16;14;15;14;14;14;13;14;12;14;12;13;12;12;12;11;12;10;12;9
0;0;13;7;18;11;18;12;18;13;18;14;17;14;16;14;15;14;14;14;13;14;12;14;12;13;12;12;12;11;12;10;12;9;12;8
1;0;13;7;18;12;18;13;18;14;17;14;16;14;15;14;14;14;13;14;12;14;12;13;12;12;12;11;12;10;12;9;12;8;12;7
1;1;4;19;18;13;18;13;18;14;17;14;16;14;15;14;14;14;13;14;12;14;12;13;12;12;12;11;12;10;12;9;12;8;12;7;13;7
1;1;4;19;18;13;18;14;17;14;16;14;15;14;14;14;13;14;12;14;12;13;12;12;12;11;12;10;12;9;12;8;12;7;13;7;14;7
1;1;4;19;18;14;17;14;16;14;15;14;14;14;13;14;12;14;12;13;12;12;12;11;12;10;12;9;12;8;12;7;13;7;14;7;15;7
1;1;4;19;17;14;16;14;15;14;14;14;13;14;12;14;12;13;12;12;12;11;12;10;12;9;12;8;12;7;13;7;14;7;15;7;16;7
1;1;4;19;16;14;15;14;14;14;13;14;12;14;12;13;12;12;12;11;12;10;12;9;12;8;12;7;13;7;14;7;15;7;16;7;17;7
2;1;4;19;15;14;14;14;13;14;12;14;12;13;12;12;12;11;12;10;12;9;12;8;12;7;13;7;14;7;15;7;16;7;17;7;18;7
2;2;4;19;14;14;13;14;12;14;12;13;12;12;12;11;12;10;12;9;12;8;12;7;13;7;14;7;15;7;16;7;17;7;18;7;18;8
2;2;4;19;13;14;12;14;12;13;12;12;12;11;12;10;12;9;12;8;12;7;13;7;14;7;15;7;16;7;17;7;18;7;18;8;18;9
2;2;4;19;12;14;12;13;12;12;12;11;12;10;12;9;12;8;12;7;13;7;14;7;15;7;16;7;17;7;18;7;18;8;18;9;18;10
2;2;4;19;12;13;12;12;12;11;12;10;12;9;12;8;12;7;13;7;14;7;15;7;16;7;17;7;18;7;18;8;18;9;18;10;18;11
2;2;4;19;12;12;12;11;12;10;12;9;12;8;12;7;13;7;14;7;15;7;16;7;17;7;18;7;18;8;18;9;18;10;18;11;18;12
2;2;4;19;12;11;12;10;12;9;12;8;12;7;13;7;14;7;15;7;16;7;17;7;18;7;18;8;18;9;18;10;18;11;18;12;18;13
3;2;4;19;12;10;12;9;12;8;12;7;13;7;14;7;15;7;16;7;17;7;18;7;18;8;18;9;18;10;18;11;18;12;18;13;18;14
3;3;4;19;12;9;12;8;12;7;13;7;14;7;15;7;16;7;17;7;18;7;18;8;18;9;18;10;18;11;18;12;18;13;18;14;17;14
3;3;4;19;12;8;12;7;13;7;14;7;15;7;16;7;17;7;18;7;18;8;18;9;18;10;18;11;18;12;18;13;18;14;17;14;16;14
3;3;4;19;12;7;13;7;14;7;15;7;16;7;17;7;18;7;18;8;18;9;18;10;18;11;18;12;18;13;18;14;17;14;16;14;15;14
3;3;4;19;13;7;14;7;15;7;16;7;17;7;18;7;18;8;18;9;18;10;18;11;18;12;18;13;18;14;17;14;16;14;15;14;14;14
3;3;4;19;14;7;15;7;16;7;17;7;18;7;18;8;18;9;18;10;18;11;18;12;18;13;18;14;17;14;16;14;15;14;14;14;13;14
3;3;4;19;15;7;16;7;17;7;18;7;18;8;18;9;18;10;18;11;18;12;18;13;18;14;17;14;16;14;15;14;14;14;13;14;12;14
3;3;4;19;16;7;17;7;18;7;18;8;18;9;18;10;18;11;18;12;18;13;18;14;17;14;16;14;15;14;14;14;13;14;12;14;11;14
3;3;4;19;17;7;18;7;18;8;18;9;18;10;18;11;18;12;18;13;18;14;17;14;16;14;15;14;14;14;13;14;12;14;11;14;10;14
3;3;4;19;18;7;18;8;18;9;18;10;18;11;18;12;18;13;18;14;17;14;16;14;15;14;14;14;13;14;12;14;11;14;10;14;9;14
3;3;4;19;18;8;18;9;18;10;18;11;18;12;18;13;18;14;17;14;16;14;15;14;14;14;13;14;12;14;11;14;10;14;9;14;8;14
3;3;4;19;18;9;18;10;18;11;18;12;18;13;18;14;17;14;16;14;15;14;14;14;13;14;12;14;11;14;10;14;9;14;8;14;7;14
3;3;4;19;18;10;18;11;18;12;18;13;18;14;17;14;16;14;15;14;14;14;13;14;12;14;11;14;10;14;9;14;8;14;7;14;6;14
3;3;4;19;18;11;18;12;18;13;18;14;17;14;16;14;15;14;14;14;13;14;12;14;11;14;10;14;9;14;8;14;7;14;6;14;5;14
3;3;4;19;18;12;18;13;18;14;17;14;16;14;15;14;14;14;13;14;12;14;11;14;10;14;9;14;8;14;7;14;6;14;5;14;4;14
3;3;4;19;18;13;18;14;17;14;16;14;15;14;14;14;13;14;12;14;11;14;10;14;9;14;8;14;7;14;6;14;5;14;4;14;3;14
3;3;4;19;18;14;17;14;16;14;15;14;14;14;13;14;12;14;11;14;10;14;9;14;8;14;7;14;6;14;5;14;4;14;3;14;2;14
3;3;4;19;17;14;16;14;15;14;14;14;13;14;12;14;11;14;10;14;9;14;8;14;7;14;6;14;5;14;4;14;3;14;2;14;1;14
2;3;4;19;16;14;15;14;14;14;13;14;12;14;11;14;10;14;9;14;8;14;7;14;6;14;5;14;4;14;3;14;2;14;1;14;0;14
2;2;4;19;15;14;14;14;13;14;12;14;11;14;10;14;9;14;8;14;7;14;6;14;5;14;4;14;3;14;2;14;1;14;0;14;0;15
2;2;4;19;14;14;13;14;12;14;11;14;10;14;9;14;8;14;7;14;6;14;5;14;4;14;3;14;2;14;1;14;0;14;0;15;0;16
2;2;4;19;13;14;12;14;11;14;10;14;9;14;8;14;7;14;6;14;5;14;4;14;3;14;2;14;1;14;0;14;0;15;0;16;0;17
2;2;4;19;12;14;11;14;10;14;9;14;8;14;7;14;6;14;5;14;4;14;3;14;2;14;1;14;0;14;0;15;0;16;0;17;0;18
2;2;4;19;11;14;10;14;9;14;8;14;7;14;6;14;5;14;4;14;3;14;2;14;1;14;0;14;0;15;0;16;0;17;0;18;0;19
