20
1;1;19;8;8;10;9;10;10;10
1;1;19;8;9;10;10;10;11;10
1;1;19;8;10;10;11;10;12;10
1;1;19;8;11;10;12;10;13;10
1;1;19;8;12;10;13;10;14;10
0;1;19;8;13;10;14;10;15;10
0;0;19;8;14;10;15;10;15;9
0;0;19;8;15;10;15;9;15;8
0;0;19;8;15;9;15;8;15;7
1;0;19;8;15;8;15;7;15;6
1;1;19;8;15;7;15;6;16;6
1;1;19;8;15;6;16;6;17;6
1;1;19;8;16;6;17;6;18;6
2;1;19;8;17;6;18;6;19;6
2;2;19;8;18;6;19;6;19;7
2;2;19;18;19;6;19;6;19;7;19;8
3;2;19;18;19;6;19;7;19;8;19;9
3;3;19;18;19;7;19;8;19;9;18;9
2;3;19;18;19;8;19;9;18;9;17;9
2;2;19;18;19;9;18;9;17;9;17;10
2;2;19;18;18;9;17;9;17;10;17;11
1;2;19;18;17;9;17;10;17;11;17;12
1;1;19;18;17;10;17;11;17;12;18;12
1;1;19;18;17;11;17;12;18;12;19;12
