20
1;1;16;2;8;10;9;10;10;10
1;1;16;2;9;10;10;10;11;10
0;1;16;2;10;10;11;10;12;10
0;0;16;2;11;10;12;10;12;9
0;0;16;2;12;10;12;9;12;8
0;0;16;2;12;9;12;8;12;7
0;0;16;2;12;8;12;7;12;6
0;0;16;2;12;7;12;6;12;5
0;0;16;2;12;6;12;5;12;4
0;0;16;2;12;5;12;4;12;3
1;0;16;2;12;4;12;3;12;2
1;1;16;2;12;3;12;2;13;2
1;1;16;2;12;2;13;2;14;2
1;1;16;2;13;2;14;2;15;2
2;1;13;6;14;2;14;2;15;2;16;2
2;2;13;6;14;2;15;2;16;2;16;3
2;2;13;6;15;2;16;2;16;3;16;4
2;2;13;6;16;2;16;3;16;4;16;5
2;2;13;6;16;3;16;4;16;5;16;6
3;2;13;6;16;4;16;5;16;6;16;7
3;3;13;6;16;5;16;6;16;7;15;7
3;3;13;6;16;6;16;7;15;7;14;7
0;3;13;6;16;7;15;7;14;7;13;7
0;0;15;1;15;7;15;7;14;7;13;7;13;6
0;0;15;1;15;7;14;7;13;7;13;6;13;5
0;0;15;1;14;7;13;7;13;6;13;5;13;4
0;0;15;1;13;7;13;6;13;5;13;4;13;3
1;0;15;1;13;6;13;5;13;4;13;3;13;2
1;1;15;1;13;5;13;4;13;3;13;2;14;2
1;1;15;1;13;4;13;3;13;2;14;2;15;2
1;1;15;1;13;3;13;2;14;2;15;2;16;2
1;1;15;1;13;2;14;2;15;2;16;2;17;2
0;1;15;1;14;2;15;2;16;2;17;2;18;2
0;0;15;1;15;2;16;2;17;2;18;2;18;1
3;0;15;1;16;2;17;2;18;2;18;1;18;0
3;3;15;1;17;2;18;2;18;1;18;0;17;0
3;3;15;1;18;2;18;1;18;0;17;0;16;0
3;3;15;1;18;1;18;0;17;0;16;0;15;0
3;3;15;1;18;0;17;0;16;0;15;0;14;0
3;3;15;1;17;0;16;0;15;0;14;0;13;0
3;3;15;1;16;0;15;0;14;0;13;0;12;0
3;3;15;1;15;0;14;0;13;0;12;0;11;0
2;3;15;1;14;0;13;0;12;0;11;0;10;0
1;2;15;1;13;0;12;0;11;0;10;0;10;1
1;1;15;1;12;0;11;0;10;0;10;1;11;1
1;1;15;1;11;0;10;0;10;1;11;1;12;1
1;1;15;1;10;0;10;1;11;1;12;1;13;1
1;1;15;1;10;1;11;1;12;1;13;1;14;1
2;1;16;6;11;1;11;1;12;1;13;1;14;1;15;1
2;2;16;6;11;1;12;1;13;1;14;1;15;1;15;2
2;2;16;6;12;1;13;1;14;1;15;1;15;2;15;3
2;2;16;6;13;1;14;1;15;1;15;2;15;3;15;4
2;2;16;6;14;1;15;1;15;2;15;3;15;4;15;5
1;2;16;6;15;1;15;2;15;3;15;4;15;5;15;6
1;1;4;10;15;2;15;2;15;3;15;4;15;5;15;6;16;6
2;1;4;10;15;2;15;3;15;4;15;5;15;6;16;6;17;6
2;2;4;10;15;3;15;4;15;5;15;6;16;6;17;6;17;7
2;2;4;10;15;4;15;5;15;6;16;6;17;6;17;7;17;8
3;2;4;10;15;5;15;6;16;6;17;6;17;7;17;8;17;9
3;3;4;10;15;6;16;6;17;6;17;7;17;8;17;9;16;9
3;3;4;10;16;6;17;6;17;7;17;8;17;9;16;9;15;9
3;3;4;10;17;6;17;7;17;8;17;9;16;9;15;9;14;9
3;3;4;10;17;7;17;8;17;9;16;9;15;9;14;9;13;9
3;3;4;10;17;8;17;9;16;9;15;9;14;9;13;9;12;9
3;3;4;10;17;9;16;9;15;9;14;9;13;9;12;9;11;9
3;3;4;10;16;9;15;9;14;9;13;9;12;9;11;9;10;9
3;3;4;10;15;9;14;9;13;9;12;9;11;9;10;9;9;9
3;3;4;10;14;9;13;9;12;9;11;9;10;9;9;9;8;9
3;3;4;10;13;9;12;9;11;9;10;9;9;9;8;9;7;9
3;3;4;10;12;9;11;9;10;9;9;9;8;9;7;9;6;9
2;3;4;10;11;9;10;9;9;9;8;9;7;9;6;9;5;9
2;2;4;10;10;9;9;9;8;9;7;9;6;9;5;9;5;10
2;2;4;10;9;9;8;9;7;9;6;9;5;9;5;10;5;11
3;2;4;10;8;9;7;9;6;9;5;9;5;10;5;11;5;12
0;3;4;10;7;9;6;9;5;9;5;10;5;11;5;12;4;12
0;0;4;10;6;9;5;9;5;10;5;11;5;12;4;12;4;11
0;0;15;3;5;9;5;9;5;10;5;11;5;12;4;12;4;11;4;10
0;0;15;3;5;9;5;10;5;11;5;12;4;12;4;11;4;10;4;9
0;0;15;3;5;10;5;11;5;12;4;12;4;11;4;10;4;9;4;8
1;0;15;3;5;11;5;12;4;12;4;11;4;10;4;9;4;8;4;7
1;1;15;3;5;12;4;12;4;11;4;10;4;9;4;8;4;7;5;7
1;1;15;3;4;12;4;11;4;10;4;9;4;8;4;7;5;7;6;7
1;1;15;3;4;11;4;10;4;9;4;8;4;7;5;7;6;7;7;7
1;1;15;3;4;10;4;9;4;8;4;7;5;7;6;7;7;7;8;7
1;1;15;3;4;9;4;8;4;7;5;7;6;7;7;7;8;7;9;7
1;1;15;3;4;8;4;7;5;7;6;7;7;7;8;7;9;7;10;7
1;1;15;3;4;7;5;7;6;7;7;7;8;7;9;7;10;7;11;7
1;1;15;3;5;7;6;7;7;7;8;7;9;7;10;7;11;7;12;7
1;1;15;3;6;7;7;7;8;7;9;7;10;7;11;7;12;7;13;7
1;1;15;3;7;7;8;7;9;7;10;7;11;7;12;7;13;7;14;7
1;1;15;3;8;7;9;7;10;7;11;7;12;7;13;7;14;7;15;7
1;1;15;3;9;7;10;7;11;7;12;7;13;7;14;7;15;7;16;7
0;1;15;3;10;7;11;7;12;7;13;7;14;7;15;7;16;7;17;7
0;0;15;3;11;7;12;7;13;7;14;7;15;7;16;7;17;7;17;6
0;0;15;3;12;7;13;7;14;7;15;7;16;7;17;7;17;6;17;5
0;0;15;3;13;7;14;7;15;7;16;7;17;7;17;6;17;5;17;4
3;0;15;3;14;7;15;7;16;7;17;7;17;6;17;5;17;4;17;3
3;3;15;3;15;7;16;7;17;7;17;6;17;5;17;4;17;3;16;3
3;3;5;17;16;7;16;7;17;7;17;6;17;5;17;4;17;3;16;3;15;3
3;3;5;17;16;7;17;7;17;6;17;5;17;4;17;3;16;3;15;3;14;3
3;3;5;17;17;7;17;6;17;5;17;4;17;3;16;3;15;3;14;3;13;3
3;3;5;17;17;6;17;5;17;4;17;3;16;3;15;3;14;3;13;3;12;3
3;3;5;17;17;5;17;4;17;3;16;3;15;3;14;3;13;3;12;3;11;3
3;3;5;17;17;4;17;3;16;3;15;3;14;3;13;3;12;3;11;3;10;3
3;3;5;17;17;3;16;3;15;3;14;3;13;3;12;3;11;3;10;3;9;3
3;3;5;17;16;3;15;3;14;3;13;3;12;3;11;3;10;3;9;3;8;3
3;3;5;17;15;3;14;3;13;3;12;3;11;3;10;3;9;3;8;3;7;3
3;3;5;17;14;3;13;3;12;3;11;3;10;3;9;3;8;3;7;3;6;3
2;3;5;17;13;3;12;3;11;3;10;3;9;3;8;3;7;3;6;3;5;3
2;2;5;17;12;3;11;3;10;3;9;3;8;3;7;3;6;3;5;3;5;4
2;2;5;17;11;3;10;3;9;3;8;3;7;3;6;3;5;3;5;4;5;5
2;2;5;17;10;3;9;3;8;3;7;3;6;3;5;3;5;4;5;5;5;6
2;2;5;17;9;3;8;3;7;3;6;3;5;3;5;4;5;5;5;6;5;7
2;2;5;17;8;3;7;3;6;3;5;3;5;4;5;5;5;6;5;7;5;8
2;2;5;17;7;3;6;3;5;3;5;4;5;5;5;6;5;7;5;8;5;9
2;2;5;17;6;3;5;3;5;4;5;5;5;6;5;7;5;8;5;9;5;10
2;2;5;17;5;3;5;4;5;5;5;6;5;7;5;8;5;9;5;10;5;11
2;2;5;17;5;4;5;5;5;6;5;7;5;8;5;9;5;10;5;11;5;12
2;2;5;17;5;5;5;6;5;7;5;8;5;9;5;10;5;11;5;12;5;13
2;2;5;17;5;6;5;7;5;8;5;9;5;10;5;11;5;12;5;13;5;14
2;2;5;17;5;7;5;8;5;9;5;10;5;11;5;12;5;13;5;14;5;15
2;2;5;17;5;8;5;9;5;10;5;11;5;12;5;13;5;14;5;15;5;16
1;2;6;14;5;9;5;9;5;10;5;11;5;12;5;13;5;14;5;15;5;16;5;17
1;1;6;14;5;9;5;10;5;11;5;12;5;13;5;14;5;15;5;16;5;17;6;17
1;1;6;14;5;10;5;11;5;12;5;13;5;14;5;15;5;16;5;17;6;17;7;17
1;1;6;14;5;11;5;12;5;13;5;14;5;15;5;16;5;17;6;17;7;17;8;17
1;1;6;14;5;12;5;13;5;14;5;15;5;16;5;17;6;17;7;17;8;17;9;17
0;1;6;14;5;13;5;14;5;15;5;16;5;17;6;17;7;17;8;17;9;17;10;17
0;0;6;14;5;14;5;15;5;16;5;17;6;17;7;17;8;17;9;17;10;17;10;16
0;0;6;14;5;15;5;16;5;17;6;17;7;17;8;17;9;17;10;17;10;16;10;15
3;0;6;14;5;16;5;17;6;17;7;17;8;17;9;17;10;17;10;16;10;15;10;14
3;3;6;14;5;17;6;17;7;17;8;17;9;17;10;17;10;16;10;15;10;14;9;14
3;3;6;14;6;17;7;17;8;17;9;17;10;17;10;16;10;15;10;14;9;14;8;14
3;3;6;14;7;17;8;17;9;17;10;17;10;16;10;15;10;14;9;14;8;14;7;14
3;3;18;11;8;17;8;17;9;17;10;17;10;16;10;15;10;14;9;14;8;14;7;14;6;14
0;3;18;11;8;17;9;17;10;17;10;16;10;15;10;14;9;14;8;14;7;14;6;14;5;14
0;0;18;11;9;17;10;17;10;16;10;15;10;14;9;14;8;14;7;14;6;14;5;14;5;13
0;0;18;11;10;17;10;16;10;15;10;14;9;14;8;14;7;14;6;14;5;14;5;13;5;12
1;0;18;11;10;16;10;15;10;14;9;14;8;14;7;14;6;14;5;14;5;13;5;12;5;11
1;1;18;11;10;15;10;14;9;14;8;14;7;14;6;14;5;14;5;13;5;12;5;11;6;11
1;1;18;11;10;14;9;14;8;14;7;14;6;14;5;14;5;13;5;12;5;11;6;11;7;11
1;1;18;11;9;14;8;14;7;14;6;14;5;14;5;13;5;12;5;11;6;11;7;11;8;11
1;1;18;11;8;14;7;14;6;14;5;14;5;13;5;12;5;11;6;11;7;11;8;11;9;11
1;1;18;11;7;14;6;14;5;14;5;13;5;12;5;11;6;11;7;11;8;11;9;11;10;11
1;1;18;11;6;14;5;14;5;13;5;12;5;11;6;11;7;11;8;11;9;11;10;11;11;11
1;1;18;11;5;14;5;13;5;12;5;11;6;11;7;11;8;11;9;11;10;11;11;11;12;11
1;1;18;11;5;13;5;12;5;11;6;11;7;11;8;11;9;11;10;11;11;11;12;11;13;11
1;1;18;11;5;12;5;11;6;11;7;11;8;11;9;11;10;11;11;11;12;11;13;11;14;11
1;1;18;11;5;11;6;11;7;11;8;11;9;11;10;11;11;11;12;11;13;11;14;11;15;11
1;1;18;11;6;11;7;11;8;11;9;11;10;11;11;11;12;11;13;11;14;11;15;11;16;11
1;1;18;11;7;11;8;11;9;11;10;11;11;11;12;11;13;11;14;11;15;11;16;11;17;11
2;1;7;10;8;11;8;11;9;11;10;11;11;11;12;11;13;11;14;11;15;11;16;11;17;11;18;11
2;2;7;10;8;11;9;11;10;11;11;11;12;11;13;11;14;11;15;11;16;11;17;11;18;11;18;12
2;2;7;10;9;11;10;11;11;11;12;11;13;11;14;11;15;11;16;11;17;11;18;11;18;12;18;13
3;2;7;10;10;11;11;11;12;11;13;11;14;11;15;11;16;11;17;11;18;11;18;12;18;13;18;14
3;3;7;10;11;11;12;11;13;11;14;11;15;11;16;11;17;11;18;11;18;12;18;13;18;14;17;14
3;3;7;10;12;11;13;11;14;11;15;11;16;11;17;11;18;11;18;12;18;13;18;14;17;14;16;14
3;3;7;10;13;11;14;11;15;11;16;11;17;11;18;11;18;12;18;13;18;14;17;14;16;14;15;14
3;3;7;10;14;11;15;11;16;11;17;11;18;11;18;12;18;13;18;14;17;14;16;14;15;14;14;14
3;3;7;10;15;11;16;11;17;11;18;11;18;12;18;13;18;14;17;14;16;14;15;14;14;14;13;14
3;3;7;10;16;11;17;11;18;11;18;12;18;13;18;14;17;14;16;14;15;14;14;14;13;14;12;14
3;3;7;10;17;11;18;11;18;12;18;13;18;14;17;14;16;14;15;14;14;14;13;14;12;14;11;14
3;3;7;10;18;11;18;12;18;13;18;14;17;14;16;14;15;14;14;14;13;14;12;14;11;14;10;14
3;3;7;10;18;12;18;13;18;14;17;14;16;14;15;14;14;14;13;14;12;14;11;14;10;14;9;14
3;3;7;10;18;13;18;14;17;14;16;14;15;14;14;14;13;14;12;14;11;14;10;14;9;14;8;14
0;3;7;10;18;14;17;14;16;14;15;14;14;14;13;14;12;14;11;14;10;14;9;14;8;14;7;14
0;0;7;10;17;14;16;14;15;14;14;14;13;14;12;14;11;14;10;14;9;14;8;14;7;14;7;13
0;0;7;10;16;14;15;14;14;14;13;14;12;14;11;14;10;14;9;14;8;14;7;14;7;13;7;12
0;0;7;10;15;14;14;14;13;14;12;14;11;14;10;14;9;14;8;14;7;14;7;13;7;12;7;11
0;0;13;15;14;14;14;14;13;14;12;14;11;14;10;14;9;14;8;14;7;14;7;13;7;12;7;11;7;10
0;0;13;15;14;14;13;14;12;14;11;14;10;14;9;14;8;14;7;14;7;13;7;12;7;11;7;10;7;9
0;0;13;15;13;14;12;14;11;14;10;14;9;14;8;14;7;14;7;13;7;12;7;11;7;10;7;9;7;8
1;0;13;15;12;14;11;14;10;14;9;14;8;14;7;14;7;13;7;12;7;11;7;10;7;9;7;8;7;7
1;1;13;15;11;14;10;14;9;14;8;14;7;14;7;13;7;12;7;11;7;10;7;9;7;8;7;7;8;7
1;1;13;15;10;14;9;14;8;14;7;14;7;13;7;12;7;11;7;10;7;9;7;8;7;7;8;7;9;7
1;1;13;15;9;14;8;14;7;14;7;13;7;12;7;11;7;10;7;9;7;8;7;7;8;7;9;7;10;7
1;1;13;15;8;14;7;14;7;13;7;12;7;11;7;10;7;9;7;8;7;7;8;7;9;7;10;7;11;7
2;1;13;15;7;14;7;13;7;12;7;11;7;10;7;9;7;8;7;7;8;7;9;7;10;7;11;7;12;7
2;2;13;15;7;13;7;12;7;11;7;10;7;9;7;8;7;7;8;7;9;7;10;7;11;7;12;7;12;8
2;2;13;15;7;12;7;11;7;10;7;9;7;8;7;7;8;7;9;7;10;7;11;7;12;7;12;8;12;9
2;2;13;15;7;11;7;10;7;9;7;8;7;7;8;7;9;7;10;7;11;7;12;7;12;8;12;9;12;10
2;2;13;15;7;10;7;9;7;8;7;7;8;7;9;7;10;7;11;7;12;7;12;8;12;9;12;10;12;11
2;2;13;15;7;9;7;8;7;7;8;7;9;7;10;7;11;7;12;7;12;8;12;9;12;10;12;11;12;12
2;2;13;15;7;8;7;7;8;7;9;7;10;7;11;7;12;7;12;8;12;9;12;10;12;11;12;12;12;13
1;2;13;15;7;7;8;7;9;7;10;7;11;7;12;7;12;8;12;9;12;10;12;11;12;12;12;13;12;14
1;1;13;15;8;7;9;7;10;7;11;7;12;7;12;8;12;9;12;10;12;11;12;12;12;13;12;14;13;14
1;1;13;15;9;7;10;7;11;7;12;7;12;8;12;9;12;10;12;11;12;12;12;13;12;14;13;14;14;14
2;1;13;15;10;7;11;7;12;7;12;8;12;9;12;10;12;11;12;12;12;13;12;14;13;14;14;14;15;14
2;2;13;15;11;7;12;7;12;8;12;9;12;10;12;11;12;12;12;13;12;14;13;14;14;14;15;14;15;15
3;2;13;15;12;7;12;8;12;9;12;10;12;11;12;12;12;13;12;14;13;14;14;14;15;14;15;15;15;16
3;3;13;15;12;8;12;9;12;10;12;11;12;12;12;13;12;14;13;14;14;14;15;14;15;15;15;16;14;16
3;3;13;15;12;9;12;10;12;11;12;12;12;13;12;14;13;14;14;14;15;14;15;15;15;16;14;16;13;16
3;3;13;15;12;10;12;11;12;12;12;13;12;14;13;14;14;14;15;14;15;15;15;16;14;16;13;16;12;16
3;3;13;15;12;11;12;12;12;13;12;14;13;14;14;14;15;14;15;15;15;16;14;16;13;16;12;16;11;16
3;3;13;15;12;12;12;13;12;14;13;14;14;14;15;14;15;15;15;16;14;16;13;16;12;16;11;16;10;16
3;3;13;15;12;13;12;14;13;14;14;14;15;14;15;15;15;16;14;16;13;16;12;16;11;16;10;16;9;16
0;3;13;15;12;14;13;14;14;14;15;14;15;15;15;16;14;16;13;16;12;16;11;16;10;16;9;16;8;16
0;0;13;15;13;14;14;14;15;14;15;15;15;16;14;16;13;16;12;16;11;16;10;16;9;16;8;16;8;15
1;0;13;15;14;14;15;14;15;15;15;16;14;16;13;16;12;16;11;16;10;16;9;16;8;16;8;15;8;14
1;1;13;15;15;14;15;15;15;16;14;16;13;16;12;16;11;16;10;16;9;16;8;16;8;15;8;14;9;14
2;1;13;15;15;15;15;16;14;16;13;16;12;16;11;16;10;16;9;16;8;16;8;15;8;14;9;14;10;14
2;2;13;15;15;16;14;16;13;16;12;16;11;16;10;16;9;16;8;16;8;15;8;14;9;14;10;14;10;15
