20
1;1;4;9;8;10;9;10;10;10
1;1;4;9;9;10;10;10;11;10
1;1;4;9;10;10;11;10;12;10
1;1;4;9;11;10;12;10;13;10
1;1;4;9;12;10;13;10;14;10
1;1;4;9;13;10;14;10;15;10
1;1;4;9;14;10;15;10;16;10
0;1;4;9;15;10;16;10;17;10
0;0;4;9;16;10;17;10;17;9
0;0;4;9;17;10;17;9;17;8
0;0;4;9;17;9;17;8;17;7
0;0;4;9;17;8;17;7;17;6
3;0;4;9;17;7;17;6;17;5
3;3;4;9;17;6;17;5;16;5
3;3;4;9;17;5;16;5;15;5
3;3;4;9;16;5;15;5;14;5
3;3;4;9;15;5;14;5;13;5
3;3;4;9;14;5;13;5;12;5
3;3;4;9;13;5;12;5;11;5
3;3;4;9;12;5;11;5;10;5
3;3;4;9;11;5;10;5;9;5
3;3;4;9;10;5;9;5;8;5
3;3;4;9;9;5;8;5;7;5
3;3;4;9;8;5;7;5;6;5
3;3;4;9;7;5;6;5;5;5
2;3;4;9;6;5;5;5;4;5
2;2;4;9;5;5;4;5;4;6
2;2;4;9;4;5;4;6;4;7
2;2;4;9;4;6;4;7;4;8
2;2;5;10;4;7;4;7;4;8;4;9
2;2;5;10;4;7;4;8;4;9;4;10
2;2;5;10;4;8;4;9;4;10;4;11
1;2;5;10;4;9;4;10;4;11;4;12
1;1;5;10;4;10;4;11;4;12;5;12
1;1;5;10;4;11;4;12;5;12;6;12
1;1;5;10;4;12;5;12;6;12;7;12
1;1;5;10;5;12;6;12;7;12;8;12
0;1;5;10;6;12;7;12;8;12;9;12
0;0;5;10;7;12;8;12;9;12;9;11
0;0;5;10;8;12;9;12;9;11;9;10
3;0;5;10;9;12;9;11;9;10;9;9
3;3;5;10;9;11;9;10;9;9;8;9
3;3;5;10;9;10;9;9;8;9;7;9
3;3;5;10;9;9;8;9;7;9;6;9
3;3;5;10;8;9;7;9;6;9;5;9
2;3;5;10;7;9;6;9;5;9;4;9
2;2;5;10;6;9;5;9;4;9;4;10
2;2;5;10;5;9;4;9;4;10;4;11
1;2;5;10;4;9;4;10;4;11;4;12
1;1;5;10;4;10;4;11;4;12;5;12
1;1;5;10;4;11;4;12;5;12;6;12
0;1;5;10;4;12;5;12;6;12;7;12
0;0;5;10;5;12;6;12;7;12;7;11
0;0;5;10;6;12;7;12;7;11;7;10
3;0;5;10;7;12;7;11;7;10;7;9
3;3;5;10;7;11;7;10;7;9;6;9
3;3;5;10;7;10;7;9;6;9;5;9
2;3;5;10;7;9;6;9;5;9;4;9
2;2;5;10;6;9;5;9;4;9;4;10
2;2;5;10;5;9;4;9;4;10;4;11
1;2;5;10;4;9;4;10;4;11;4;12
1;1;5;10;4;10;4;11;4;12;5;12
1;1;5;10;4;11;4;12;5;12;6;12
0;1;5;10;4;12;5;12;6;12;7;12
0;0;5;10;5;12;6;12;7;12;7;11
0;0;5;10;6;12;7;12;7;11;7;10
0;0;5;10;7;12;7;11;7;10;7;9
0;0;5;10;7;11;7;10;7;9;7;8
0;0;5;10;7;10;7;9;7;8;7;7
0;0;5;10;7;9;7;8;7;7;7;6
0;0;5;10;7;8;7;7;7;6;7;5
0;0;5;10;7;7;7;6;7;5;7;4
3;0;5;10;7;6;7;5;7;4;7;3
3;3;5;10;7;5;7;4;7;3;6;3
3;3;5;10;7;4;7;3;6;3;5;3
3;3;5;10;7;3;6;3;5;3;4;3
3;3;5;10;6;3;5;3;4;3;3;3
2;3;5;10;5;3;4;3;3;3;2;3
2;2;5;10;4;3;3;3;2;3;2;4
2;2;5;10;3;3;2;3;2;4;2;5
2;2;5;10;2;3;2;4;2;5;2;6
2;2;5;10;2;4;2;5;2;6;2;7
2;2;5;10;2;5;2;6;2;7;2;8
1;2;5;10;2;6;2;7;2;8;2;9
1;1;5;10;2;7;2;8;2;9;3;9
1;1;5;10;2;8;2;9;3;9;4;9
1;1;5;10;2;9;3;9;4;9;5;9
1;1;5;10;3;9;4;9;5;9;6;9
1;1;5;10;4;9;5;9;6;9;7;9
1;1;5;10;5;9;6;9;7;9;8;9
1;1;5;10;6;9;7;9;8;9;9;9
1;1;5;10;7;9;8;9;9;9;10;9
1;1;5;10;8;9;9;9;10;9;11;9
1;1;5;10;9;9;10;9;11;9;12;9
2;1;5;10;10;9;11;9;12;9;13;9
2;2;5;10;11;9;12;9;13;9;13;10
2;2;5;10;12;9;13;9;13;10;13;11
2;2;5;10;13;9;13;10;13;11;13;12
3;2;5;10;13;10;13;11;13;12;13;13
3;3;5;10;13;11;13;12;13;13;12;13
3;3;5;10;13;12;13;13;12;13;11;13
3;3;5;10;13;13;12;13;11;13;10;13
3;3;5;10;12;13;11;13;10;13;9;13
3;3;5;10;11;13;10;13;9;13;8;13
3;3;5;10;10;13;9;13;8;13;7;13
3;3;5;10;9;13;8;13;7;13;6;13
0;3;5;10;8;13;7;13;6;13;5;13
0;0;5;10;7;13;6;13;5;13;5;12
0;0;5;10;6;13;5;13;5;12;5;11
0;0;7;0;5;13;5;13;5;12;5;11;5;10
0;0;7;0;5;13;5;12;5;11;5;10;5;9
0;0;7;0;5;12;5;11;5;10;5;9;5;8
0;0;7;0;5;11;5;10;5;9;5;8;5;7
1;0;7;0;5;10;5;9;5;8;5;7;5;6
1;1;7;0;5;9;5;8;5;7;5;6;6;6
1;1;7;0;5;8;5;7;5;6;6;6;7;6
1;1;7;0;5;7;5;6;6;6;7;6;8;6
1;1;7;0;5;6;6;6;7;6;8;6;9;6
1;1;7;0;6;6;7;6;8;6;9;6;10;6
1;1;7;0;7;6;8;6;9;6;10;6;11;6
1;1;7;0;8;6;9;6;10;6;11;6;12;6
1;1;7;0;9;6;10;6;11;6;12;6;13;6
1;1;7;0;10;6;11;6;12;6;13;6;14;6
0;1;7;0;11;6;12;6;13;6;14;6;15;6
0;0;7;0;12;6;13;6;14;6;15;6;15;5
0;0;7;0;13;6;14;6;15;6;15;5;15;4
0;0;7;0;14;6;15;6;15;5;15;4;15;3
0;0;7;0;15;6;15;5;15;4;15;3;15;2
0;0;7;0;15;5;15;4;15;3;15;2;15;1
3;0;7;0;15;4;15;3;15;2;15;1;15;0
3;3;7;0;15;3;15;2;15;1;15;0;14;0
3;3;7;0;15;2;15;1;15;0;14;0;13;0
3;3;7;0;15;1;15;0;14;0;13;0;12;0
3;3;7;0;15;0;14;0;13;0;12;0;11;0
3;3;7;0;14;0;13;0;12;0;11;0;10;0
3;3;7;0;13;0;12;0;11;0;10;0;9;0
3;3;7;0;12;0;11;0;10;0;9;0;8;0
3;3;18;14;11;0;11;0;10;0;9;0;8;0;7;0
3;3;18;14;11;0;10;0;9;0;8;0;7;0;6;0
3;3;18;14;10;0;9;0;8;0;7;0;6;0;5;0
2;3;18;14;9;0;8;0;7;0;6;0;5;0;4;0
2;2;18;14;8;0;7;0;6;0;5;0;4;0;4;1
2;2;18;14;7;0;6;0;5;0;4;0;4;1;4;2
2;2;18;14;6;0;5;0;4;0;4;1;4;2;4;3
2;2;18;14;5;0;4;0;4;1;4;2;4;3;4;4
2;2;18;14;4;0;4;1;4;2;4;3;4;4;4;5
1;2;18;14;4;1;4;2;4;3;4;4;4;5;4;6
1;1;18;14;4;2;4;3;4;4;4;5;4;6;5;6
1;1;18;14;4;3;4;4;4;5;4;6;5;6;6;6
1;1;18;14;4;4;4;5;4;6;5;6;6;6;7;6
1;1;18;14;4;5;4;6;5;6;6;6;7;6;8;6
1;1;18;14;4;6;5;6;6;6;7;6;8;6;9;6
1;1;18;14;5;6;6;6;7;6;8;6;9;6;10;6
1;1;18;14;6;6;7;6;8;6;9;6;10;6;11;6
1;1;18;14;7;6;8;6;9;6;10;6;11;6;12;6
1;1;18;14;8;6;9;6;10;6;11;6;12;6;13;6
1;1;18;14;9;6;10;6;11;6;12;6;13;6;14;6
1;1;18;14;10;6;11;6;12;6;13;6;14;6;15;6
1;1;18;14;11;6;12;6;13;6;14;6;15;6;16;6
1;1;18;14;12;6;13;6;14;6;15;6;16;6;17;6
1;1;18;14;13;6;14;6;15;6;16;6;17;6;18;6
1;1;18;14;14;6;15;6;16;6;17;6;18;6;19;6
