20
1;1;1;11;8;10;9;10;10;10
1;1;1;11;9;10;10;10;11;10
1;1;1;11;10;10;11;10;12;10
0;1;1;11;11;10;12;10;13;10
0;0;1;11;12;10;13;10;13;9
3;0;1;11;13;10;13;9;13;8
3;3;1;11;13;9;13;8;12;8
3;3;1;11;13;8;12;8;11;8
3;3;1;11;12;8;11;8;10;8
3;3;1;11;11;8;10;8;9;8
3;3;1;11;10;8;9;8;8;8
3;3;1;11;9;8;8;8;7;8
3;3;1;11;8;8;7;8;6;8
3;3;1;11;7;8;6;8;5;8
3;3;1;11;6;8;5;8;4;8
3;3;1;11;5;8;4;8;3;8
3;3;1;11;4;8;3;8;2;8
2;3;1;11;3;8;2;8;1;8
2;2;1;11;2;8;1;8;1;9
2;2;1;11;1;8;1;9;1;10
2;2;2;16;1;9;1;9;1;10;1;11
1;2;2;16;1;9;1;10;1;11;1;12
1;1;2;16;1;10;1;11;1;12;2;12
1;1;2;16;1;11;1;12;2;12;3;12
2;1;2;16;1;12;2;12;3;12;4;12
2;2;2;16;2;12;3;12;4;12;4;13
2;2;2;16;3;12;4;12;4;13;4;14
2;2;2;16;4;12;4;13;4;14;4;15
3;2;2;16;4;13;4;14;4;15;4;16
3;3;2;16;4;14;4;15;4;16;3;16
3;3;6;17;4;15;4;15;4;16;3;16;2;16
0;3;6;17;4;15;4;16;3;16;2;16;1;16
0;0;6;17;4;16;3;16;2;16;1;16;1;15
0;0;6;17;3;16;2;16;1;16;1;15;1;14
1;0;6;17;2;16;1;16;1;15;1;14;1;13
1;1;6;17;1;16;1;15;1;14;1;13;2;13
1;1;6;17;1;15;1;14;1;13;2;13;3;13
1;1;6;17;1;14;1;13;2;13;3;13;4;13
1;1;6;17;1;13;2;13;3;13;4;13;5;13
2;1;6;17;2;13;3;13;4;13;5;13;6;13
2;2;6;17;3;13;4;13;5;13;6;13;6;14
2;2;6;17;4;13;5;13;6;13;6;14;6;15
2;2;6;17;5;13;6;13;6;14;6;15;6;16
1;2;7;15;6;13;6;13;6;14;6;15;6;16;6;17
1;1;7;15;6;13;6;14;6;15;6;16;6;17;7;17
1;1;7;15;6;14;6;15;6;16;6;17;7;17;8;17
1;1;7;15;6;15;6;16;6;17;7;17;8;17;9;17
1;1;7;15;6;16;6;17;7;17;8;17;9;17;10;17
0;1;7;15;6;17;7;17;8;17;9;17;10;17;11;17
0;0;7;15;7;17;8;17;9;17;10;17;11;17;11;16
3;0;7;15;8;17;9;17;10;17;11;17;11;16;11;15
3;3;7;15;9;17;10;17;11;17;11;16;11;15;10;15
3;3;7;15;10;17;11;17;11;16;11;15;10;15;9;15
3;3;7;15;11;17;11;16;11;15;10;15;9;15;8;15
0;3;7;7;11;16;11;16;11;15;10;15;9;15;8;15;7;15
0;0;7;7;11;16;11;15;10;15;9;15;8;15;7;15;7;14
0;0;7;7;11;15;10;15;9;15;8;15;7;15;7;14;7;13
0;0;7;7;10;15;9;15;8;15;7;15;7;14;7;13;7;12
0;0;7;7;9;15;8;15;7;15;7;14;7;13;7;12;7;11
0;0;7;7;8;15;7;15;7;14;7;13;7;12;7;11;7;10
0;0;7;7;7;15;7;14;7;13;7;12;7;11;7;10;7;9
0;0;7;7;7;14;7;13;7;12;7;11;7;10;7;9;7;8
0;0;18;16;7;13;7;13;7;12;7;11;7;10;7;9;7;8;7;7
0;0;18;16;7;13;7;12;7;11;7;10;7;9;7;8;7;7;7;6
1;0;18;16;7;12;7;11;7;10;7;9;7;8;7;7;7;6;7;5
1;1;18;16;7;11;7;10;7;9;7;8;7;7;7;6;7;5;8;5
1;1;18;16;7;10;7;9;7;8;7;7;7;6;7;5;8;5;9;5
1;1;18;16;7;9;7;8;7;7;7;6;7;5;8;5;9;5;10;5
1;1;18;16;7;8;7;7;7;6;7;5;8;5;9;5;10;5;11;5
1;1;18;16;7;7;7;6;7;5;8;5;9;5;10;5;11;5;12;5
1;1;18;16;7;6;7;5;8;5;9;5;10;5;11;5;12;5;13;5
1;1;18;16;7;5;8;5;9;5;10;5;11;5;12;5;13;5;14;5
1;1;18;16;8;5;9;5;10;5;11;5;12;5;13;5;14;5;15;5
1;1;18;16;9;5;10;5;11;5;12;5;13;5;14;5;15;5;16;5
1;1;18;16;10;5;11;5;12;5;13;5;14;5;15;5;16;5;17;5
2;1;18;16;11;5;12;5;13;5;14;5;15;5;16;5;17;5;18;5
2;2;18;16;12;5;13;5;14;5;15;5;16;5;17;5;18;5;18;6
2;2;18;16;13;5;14;5;15;5;16;5;17;5;18;5;18;6;18;7
2;2;18;16;14;5;15;5;16;5;17;5;18;5;18;6;18;7;18;8
2;2;18;16;15;5;16;5;17;5;18;5;18;6;18;7;18;8;18;9
2;2;18;16;16;5;17;5;18;5;18;6;18;7;18;8;18;9;18;10
2;2;18;16;17;5;18;5;18;6;18;7;18;8;18;9;18;10;18;11
2;2;18;16;18;5;18;6;18;7;18;8;18;9;18;10;18;11;18;12
2;2;18;16;18;6;18;7;18;8;18;9;18;10;18;11;18;12;18;13
2;2;18;16;18;7;18;8;18;9;18;10;18;11;18;12;18;13;18;14
2;2;18;16;18;8;18;9;18;10;18;11;18;12;18;13;18;14;18;15
2;2;10;4;18;9;18;9;18;10;18;11;18;12;18;13;18;14;18;15;18;16
2;2;10;4;18;9;18;10;18;11;18;12;18;13;18;14;18;15;18;16;18;17
2;2;10;4;18;10;18;11;18;12;18;13;18;14;18;15;18;16;18;17;18;18
2;2;10;4;18;11;18;12;18;13;18;14;18;15;18;16;18;17;18;18;18;19
