20
1;1;6;18;-9;10;-8;10;-7;10;-6;10;-5;10;-4;10;-3;10;-2;10;-1;10;0;10;1;10;2;10;3;10;4;10;5;10;6;10;7;10;8;10;9;10;10;10
1;1;6;18;-8;10;-7;10;-6;10;-5;10;-4;10;-3;10;-2;10;-1;10;0;10;1;10;2;10;3;10;4;10;5;10;6;10;7;10;8;10;9;10;10;10;11;10
1;1;6;18;-7;10;-6;10;-5;10;-4;10;-3;10;-2;10;-1;10;0;10;1;10;2;10;3;10;4;10;5;10;6;10;7;10;8;10;9;10;10;10;11;10;12;10
1;1;6;18;-6;10;-5;10;-4;10;-3;10;-2;10;-1;10;0;10;1;10;2;10;3;10;4;10;5;10;6;10;7;10;8;10;9;10;10;10;11;10;12;10;13;10
1;1;6;18;-5;10;-4;10;-3;10;-2;10;-1;10;0;10;1;10;2;10;3;10;4;10;5;10;6;10;7;10;8;10;9;10;10;10;11;10;12;10;13;10;14;10
1;1;6;18;-4;10;-3;10;-2;10;-1;10;0;10;1;10;2;10;3;10;4;10;5;10;6;10;7;10;8;10;9;10;10;10;11;10;12;10;13;10;14;10;15;10
2;1;6;18;-3;10;-2;10;-1;10;0;10;1;10;2;10;3;10;4;10;5;10;6;10;7;10;8;10;9;10;10;10;11;10;12;10;13;10;14;10;15;10;16;10
2;2;6;18;-2;10;-1;10;0;10;1;10;2;10;3;10;4;10;5;10;6;10;7;10;8;10;9;10;10;10;11;10;12;10;13;10;14;10;15;10;16;10;16;11
2;2;6;18;-1;10;0;10;1;10;2;10;3;10;4;10;5;10;6;10;7;10;8;10;9;10;10;10;11;10;12;10;13;10;14;10;15;10;16;10;16;11;16;12
2;2;6;18;0;10;1;10;2;10;3;10;4;10;5;10;6;10;7;10;8;10;9;10;10;10;11;10;12;10;13;10;14;10;15;10;16;10;16;11;16;12;16;13
2;2;6;18;1;10;2;10;3;10;4;10;5;10;6;10;7;10;8;10;9;10;10;10;11;10;12;10;13;10;14;10;15;10;16;10;16;11;16;12;16;13;16;14
2;2;6;18;2;10;3;10;4;10;5;10;6;10;7;10;8;10;9;10;10;10;11;10;12;10;13;10;14;10;15;10;16;10;16;11;16;12;16;13;16;14;16;15
2;2;6;18;3;10;4;10;5;10;6;10;7;10;8;10;9;10;10;10;11;10;12;10;13;10;14;10;15;10;16;10;16;11;16;12;16;13;16;14;16;15;16;16
2;2;6;18;4;10;5;10;6;10;7;10;8;10;9;10;10;10;11;10;12;10;13;10;14;10;15;10;16;10;16;11;16;12;16;13;16;14;16;15;16;16;16;17
3;2;6;18;5;10;6;10;7;10;8;10;9;10;10;10;11;10;12;10;13;10;14;10;15;10;16;10;16;11;16;12;16;13;16;14;16;15;16;16;16;17;16;18
3;3;6;18;6;10;7;10;8;10;9;10;10;10;11;10;12;10;13;10;14;10;15;10;16;10;16;11;16;12;16;13;16;14;16;15;16;16;16;17;16;18;15;18
3;3;6;18;7;10;8;10;9;10;10;10;11;10;12;10;13;10;14;10;15;10;16;10;16;11;16;12;16;13;16;14;16;15;16;16;16;17;16;18;15;18;14;18
3;3;6;18;8;10;9;10;10;10;11;10;12;10;13;10;14;10;15;10;16;10;16;11;16;12;16;13;16;14;16;15;16;16;16;17;16;18;15;18;14;18;13;18
3;3;6;18;9;10;10;10;11;10;12;10;13;10;14;10;15;10;16;10;16;11;16;12;16;13;16;14;16;15;16;16;16;17;16;18;15;18;14;18;13;18;12;18
3;3;6;18;10;10;11;10;12;10;13;10;14;10;15;10;16;10;16;11;16;12;16;13;16;14;16;15;16;16;16;17;16;18;15;18;14;18;13;18;12;18;11;18
3;3;6;18;11;10;12;10;13;10;14;10;15;10;16;10;16;11;16;12;16;13;16;14;16;15;16;16;16;17;16;18;15;18;14;18;13;18;12;18;11;18;10;18
3;3;6;18;12;10;13;10;14;10;15;10;16;10;16;11;16;12;16;13;16;14;16;15;16;16;16;17;16;18;15;18;14;18;13;18;12;18;11;18;10;18;9;18
3;3;6;18;13;10;14;10;15;10;16;10;16;11;16;12;16;13;16;14;16;15;16;16;16;17;16;18;15;18;14;18;13;18;12;18;11;18;10;18;9;18;8;18
3;3;6;18;14;10;15;10;16;10;16;11;16;12;16;13;16;14;16;15;16;16;16;17;16;18;15;18;14;18;13;18;12;18;11;18;10;18;9;18;8;18;7;18
3;3;2;18;15;10;15;10;16;10;16;11;16;12;16;13;16;14;16;15;16;16;16;17;16;18;15;18;14;18;13;18;12;18;11;18;10;18;9;18;8;18;7;18;6;18
0;3;2;18;15;10;16;10;16;11;16;12;16;13;16;14;16;15;16;16;16;17;16;18;15;18;14;18;13;18;12;18;11;18;10;18;9;18;8;18;7;18;6;18;5;18
0;0;2;18;16;10;16;11;16;12;16;13;16;14;16;15;16;16;16;17;16;18;15;18;14;18;13;18;12;18;11;18;10;18;9;18;8;18;7;18;6;18;5;18;5;17
0;0;2;18;16;11;16;12;16;13;16;14;16;15;16;16;16;17;16;18;15;18;14;18;13;18;12;18;11;18;10;18;9;18;8;18;7;18;6;18;5;18;5;17;5;16
0;0;2;18;16;12;16;13;16;14;16;15;16;16;16;17;16;18;15;18;14;18;13;18;12;18;11;18;10;18;9;18;8;18;7;18;6;18;5;18;5;17;5;16;5;15
0;0;2;18;16;13;16;14;16;15;16;16;16;17;16;18;15;18;14;18;13;18;12;18;11;18;10;18;9;18;8;18;7;18;6;18;5;18;5;17;5;16;5;15;5;14
0;0;2;18;16;14;16;15;16;16;16;17;16;18;15;18;14;18;13;18;12;18;11;18;10;18;9;18;8;18;7;18;6;18;5;18;5;17;5;16;5;15;5;14;5;13
3;0;2;18;16;15;16;16;16;17;16;18;15;18;14;18;13;18;12;18;11;18;10;18;9;18;8;18;7;18;6;18;5;18;5;17;5;16;5;15;5;14;5;13;5;12
3;3;2;18;16;16;16;17;16;18;15;18;14;18;13;18;12;18;11;18;10;18;9;18;8;18;7;18;6;18;5;18;5;17;5;16;5;15;5;14;5;13;5;12;4;12
3;3;2;18;16;17;16;18;15;18;14;18;13;18;12;18;11;18;10;18;9;18;8;18;7;18;6;18;5;18;5;17;5;16;5;15;5;14;5;13;5;12;4;12;3;12
2;3;2;18;16;18;15;18;14;18;13;18;12;18;11;18;10;18;9;18;8;18;7;18;6;18;5;18;5;17;5;16;5;15;5;14;5;13;5;12;4;12;3;12;2;12
2;2;2;18;15;18;14;18;13;18;12;18;11;18;10;18;9;18;8;18;7;18;6;18;5;18;5;17;5;16;5;15;5;14;5;13;5;12;4;12;3;12;2;12;2;13
2;2;2;18;14;18;13;18;12;18;11;18;10;18;9;18;8;18;7;18;6;18;5;18;5;17;5;16;5;15;5;14;5;13;5;12;4;12;3;12;2;12;2;13;2;14
2;2;2;18;13;18;12;18;11;18;10;18;9;18;8;18;7;18;6;18;5;18;5;17;5;16;5;15;5;14;5;13;5;12;4;12;3;12;2;12;2;13;2;14;2;15
2;2;2;18;12;18;11;18;10;18;9;18;8;18;7;18;6;18;5;18;5;17;5;16;5;15;5;14;5;13;5;12;4;12;3;12;2;12;2;13;2;14;2;15;2;16
2;2;2;18;11;18;10;18;9;18;8;18;7;18;6;18;5;18;5;17;5;16;5;15;5;14;5;13;5;12;4;12;3;12;2;12;2;13;2;14;2;15;2;16;2;17
2;2;18;3;10;18;10;18;9;18;8;18;7;18;6;18;5;18;5;17;5;16;5;15;5;14;5;13;5;12;4;12;3;12;2;12;2;13;2;14;2;15;2;16;2;17;2;18
1;2;18;3;10;18;9;18;8;18;7;18;6;18;5;18;5;17;5;16;5;15;5;14;5;13;5;12;4;12;3;12;2;12;2;13;2;14;2;15;2;16;2;17;2;18;2;19
1;1;18;3;9;18;8;18;7;18;6;18;5;18;5;17;5;16;5;15;5;14;5;13;5;12;4;12;3;12;2;12;2;13;2;14;2;15;2;16;2;17;2;18;2;19;3;19
1;1;18;3;8;18;7;18;6;18;5;18;5;17;5;16;5;15;5;14;5;13;5;12;4;12;3;12;2;12;2;13;2;14;2;15;2;16;2;17;2;18;2;19;3;19;4;19
1;1;18;3;7;18;6;18;5;18;5;17;5;16;5;15;5;14;5;13;5;12;4;12;3;12;2;12;2;13;2;14;2;15;2;16;2;17;2;18;2;19;3;19;4;19;5;19
1;1;18;3;6;18;5;18;5;17;5;16;5;15;5;14;5;13;5;12;4;12;3;12;2;12;2;13;2;14;2;15;2;16;2;17;2;18;2;19;3;19;4;19;5;19;6;19
1;1;18;3;5;18;5;17;5;16;5;15;5;14;5;13;5;12;4;12;3;12;2;12;2;13;2;14;2;15;2;16;2;17;2;18;2;19;3;19;4;19;5;19;6;19;7;19
1;1;18;3;5;17;5;16;5;15;5;14;5;13;5;12;4;12;3;12;2;12;2;13;2;14;2;15;2;16;2;17;2;18;2;19;3;19;4;19;5;19;6;19;7;19;8;19
1;1;18;3;5;16;5;15;5;14;5;13;5;12;4;12;3;12;2;12;2;13;2;14;2;15;2;16;2;17;2;18;2;19;3;19;4;19;5;19;6;19;7;19;8;19;9;19
1;1;18;3;5;15;5;14;5;13;5;12;4;12;3;12;2;12;2;13;2;14;2;15;2;16;2;17;2;18;2;19;3;19;4;19;5;19;6;19;7;19;8;19;9;19;10;19
1;1;18;3;5;14;5;13;5;12;4;12;3;12;2;12;2;13;2;14;2;15;2;16;2;17;2;18;2;19;3;19;4;19;5;19;6;19;7;19;8;19;9;19;10;19;11;19
1;1;18;3;5;13;5;12;4;12;3;12;2;12;2;13;2;14;2;15;2;16;2;17;2;18;2;19;3;19;4;19;5;19;6;19;7;19;8;19;9;19;10;19;11;19;12;19
1;1;18;3;5;12;4;12;3;12;2;12;2;13;2;14;2;15;2;16;2;17;2;18;2;19;3;19;4;19;5;19;6;19;7;19;8;19;9;19;10;19;11;19;12;19;13;19
1;1;18;3;4;12;3;12;2;12;2;13;2;14;2;15;2;16;2;17;2;18;2;19;3;19;4;19;5;19;6;19;7;19;8;19;9;19;10;19;11;19;12;19;13;19;14;19
1;1;18;3;3;12;2;12;2;13;2;14;2;15;2;16;2;17;2;18;2;19;3;19;4;19;5;19;6;19;7;19;8;19;9;19;10;19;11;19;12;19;13;19;14;19;15;19
1;1;18;3;2;12;2;13;2;14;2;15;2;16;2;17;2;18;2;19;3;19;4;19;5;19;6;19;7;19;8;19;9;19;10;19;11;19;12;19;13;19;14;19;15;19;16;19
1;1;18;3;2;13;2;14;2;15;2;16;2;17;2;18;2;19;3;19;4;19;5;19;6;19;7;19;8;19;9;19;10;19;11;19;12;19;13;19;14;19;15;19;16;19;17;19
0;1;18;3;2;14;2;15;2;16;2;17;2;18;2;19;3;19;4;19;5;19;6;19;7;19;8;19;9;19;10;19;11;19;12;19;13;19;14;19;15;19;16;19;17;19;18;19
0;0;18;3;2;15;2;16;2;17;2;18;2;19;3;19;4;19;5;19;6;19;7;19;8;19;9;19;10;19;11;19;12;19;13;19;14;19;15;19;16;19;17;19;18;19;18;18
0;0;18;3;2;16;2;17;2;18;2;19;3;19;4;19;5;19;6;19;7;19;8;19;9;19;10;19;11;19;12;19;13;19;14;19;15;19;16;19;17;19;18;19;18;18;18;17
0;0;18;3;2;17;2;18;2;19;3;19;4;19;5;19;6;19;7;19;8;19;9;19;10;19;11;19;12;19;13;19;14;19;15;19;16;19;17;19;18;19;18;18;18;17;18;16
0;0;18;3;2;18;2;19;3;19;4;19;5;19;6;19;7;19;8;19;9;19;10;19;11;19;12;19;13;19;14;19;15;19;16;19;17;19;18;19;18;18;18;17;18;16;18;15
0;0;18;3;2;19;3;19;4;19;5;19;6;19;7;19;8;19;9;19;10;19;11;19;12;19;13;19;14;19;15;19;16;19;17;19;18;19;18;18;18;17;18;16;18;15;18;14
0;0;18;3;3;19;4;19;5;19;6;19;7;19;8;19;9;19;10;19;11;19;12;19;13;19;14;19;15;19;16;19;17;19;18;19;18;18;18;17;18;16;18;15;18;14;18;13
0;0;18;3;4;19;5;19;6;19;7;19;8;19;9;19;10;19;11;19;12;19;13;19;14;19;15;19;16;19;17;19;18;19;18;18;18;17;18;16;18;15;18;14;18;13;18;12
0;0;18;3;5;19;6;19;7;19;8;19;9;19;10;19;11;19;12;19;13;19;14;19;15;19;16;19;17;19;18;19;18;18;18;17;18;16;18;15;18;14;18;13;18;12;18;11
0;0;18;3;6;19;7;19;8;19;9;19;10;19;11;19;12;19;13;19;14;19;15;19;16;19;17;19;18;19;18;18;18;17;18;16;18;15;18;14;18;13;18;12;18;11;18;10
0;0;18;3;7;19;8;19;9;19;10;19;11;19;12;19;13;19;14;19;15;19;16;19;17;19;18;19;18;18;18;17;18;16;18;15;18;14;18;13;18;12;18;11;18;10;18;9
0;0;18;3;8;19;9;19;10;19;11;19;12;19;13;19;14;19;15;19;16;19;17;19;18;19;18;18;18;17;18;16;18;15;18;14;18;13;18;12;18;11;18;10;18;9;18;8
0;0;18;3;9;19;10;19;11;19;12;19;13;19;14;19;15;19;16;19;17;19;18;19;18;18;18;17;18;16;18;15;18;14;18;13;18;12;18;11;18;10;18;9;18;8;18;7
0;0;18;3;10;19;11;19;12;19;13;19;14;19;15;19;16;19;17;19;18;19;18;18;18;17;18;16;18;15;18;14;18;13;18;12;18;11;18;10;18;9;18;8;18;7;18;6
0;0;18;3;11;19;12;19;13;19;14;19;15;19;16;19;17;19;18;19;18;18;18;17;18;16;18;15;18;14;18;13;18;12;18;11;18;10;18;9;18;8;18;7;18;6;18;5
0;0;18;3;12;19;13;19;14;19;15;19;16;19;17;19;18;19;18;18;18;17;18;16;18;15;18;14;18;13;18;12;18;11;18;10;18;9;18;8;18;7;18;6;18;5;18;4
0;0;3;0;13;19;13;19;14;19;15;19;16;19;17;19;18;19;18;18;18;17;18;16;18;15;18;14;18;13;18;12;18;11;18;10;18;9;18;8;18;7;18;6;18;5;18;4;18;3
3;0;3;0;13;19;14;19;15;19;16;19;17;19;18;19;18;18;18;17;18;16;18;15;18;14;18;13;18;12;18;11;18;10;18;9;18;8;18;7;18;6;18;5;18;4;18;3;18;2
3;3;3;0;14;19;15;19;16;19;17;19;18;19;18;18;18;17;18;16;18;15;18;14;18;13;18;12;18;11;18;10;18;9;18;8;18;7;18;6;18;5;18;4;18;3;18;2;17;2
3;3;3;0;15;19;16;19;17;19;18;19;18;18;18;17;18;16;18;15;18;14;18;13;18;12;18;11;18;10;18;9;18;8;18;7;18;6;18;5;18;4;18;3;18;2;17;2;16;2
3;3;3;0;16;19;17;19;18;19;18;18;18;17;18;16;18;15;18;14;18;13;18;12;18;11;18;10;18;9;18;8;18;7;18;6;18;5;18;4;18;3;18;2;17;2;16;2;15;2
3;3;3;0;17;19;18;19;18;18;18;17;18;16;18;15;18;14;18;13;18;12;18;11;18;10;18;9;18;8;18;7;18;6;18;5;18;4;18;3;18;2;17;2;16;2;15;2;14;2
3;3;3;0;18;19;18;18;18;17;18;16;18;15;18;14;18;13;18;12;18;11;18;10;18;9;18;8;18;7;18;6;18;5;18;4;18;3;18;2;17;2;16;2;15;2;14;2;13;2
0;3;3;0;18;18;18;17;18;16;18;15;18;14;18;13;18;12;18;11;18;10;18;9;18;8;18;7;18;6;18;5;18;4;18;3;18;2;17;2;16;2;15;2;14;2;13;2;12;2
0;0;3;0;18;17;18;16;18;15;18;14;18;13;18;12;18;11;18;10;18;9;18;8;18;7;18;6;18;5;18;4;18;3;18;2;17;2;16;2;15;2;14;2;13;2;12;2;12;1
3;0;3;0;18;16;18;15;18;14;18;13;18;12;18;11;18;10;18;9;18;8;18;7;18;6;18;5;18;4;18;3;18;2;17;2;16;2;15;2;14;2;13;2;12;2;12;1;12;0
3;3;3;0;18;15;18;14;18;13;18;12;18;11;18;10;18;9;18;8;18;7;18;6;18;5;18;4;18;3;18;2;17;2;16;2;15;2;14;2;13;2;12;2;12;1;12;0;11;0
3;3;3;0;18;14;18;13;18;12;18;11;18;10;18;9;18;8;18;7;18;6;18;5;18;4;18;3;18;2;17;2;16;2;15;2;14;2;13;2;12;2;12;1;12;0;11;0;10;0
3;3;3;0;18;13;18;12;18;11;18;10;18;9;18;8;18;7;18;6;18;5;18;4;18;3;18;2;17;2;16;2;15;2;14;2;13;2;12;2;12;1;12;0;11;0;10;0;9;0
3;3;3;0;18;12;18;11;18;10;18;9;18;8;18;7;18;6;18;5;18;4;18;3;18;2;17;2;16;2;15;2;14;2;13;2;12;2;12;1;12;0;11;0;10;0;9;0;8;0
3;3;3;0;18;11;18;10;18;9;18;8;18;7;18;6;18;5;18;4;18;3;18;2;17;2;16;2;15;2;14;2;13;2;12;2;12;1;12;0;11;0;10;0;9;0;8;0;7;0
3;3;3;0;18;10;18;9;18;8;18;7;18;6;18;5;18;4;18;3;18;2;17;2;16;2;15;2;14;2;13;2;12;2;12;1;12;0;11;0;10;0;9;0;8;0;7;0;6;0
3;3;3;0;18;9;18;8;18;7;18;6;18;5;18;4;18;3;18;2;17;2;16;2;15;2;14;2;13;2;12;2;12;1;12;0;11;0;10;0;9;0;8;0;7;0;6;0;5;0
3;3;3;0;18;8;18;7;18;6;18;5;18;4;18;3;18;2;17;2;16;2;15;2;14;2;13;2;12;2;12;1;12;0;11;0;10;0;9;0;8;0;7;0;6;0;5;0;4;0
2;3;11;18;18;7;18;7;18;6;18;5;18;4;18;3;18;2;17;2;16;2;15;2;14;2;13;2;12;2;12;1;12;0;11;0;10;0;9;0;8;0;7;0;6;0;5;0;4;0;3;0
2;2;11;18;18;7;18;6;18;5;18;4;18;3;18;2;17;2;16;2;15;2;14;2;13;2;12;2;12;1;12;0;11;0;10;0;9;0;8;0;7;0;6;0;5;0;4;0;3;0;3;1
2;2;11;18;18;6;18;5;18;4;18;3;18;2;17;2;16;2;15;2;14;2;13;2;12;2;12;1;12;0;11;0;10;0;9;0;8;0;7;0;6;0;5;0;4;0;3;0;3;1;3;2
2;2;11;18;18;5;18;4;18;3;18;2;17;2;16;2;15;2;14;2;13;2;12;2;12;1;12;0;11;0;10;0;9;0;8;0;7;0;6;0;5;0;4;0;3;0;3;1;3;2;3;3
2;2;11;18;18;4;18;3;18;2;17;2;16;2;15;2;14;2;13;2;12;2;12;1;12;0;11;0;10;0;9;0;8;0;7;0;6;0;5;0;4;0;3;0;3;1;3;2;3;3;3;4
2;2;11;18;18;3;18;2;17;2;16;2;15;2;14;2;13;2;12;2;12;1;12;0;11;0;10;0;9;0;8;0;7;0;6;0;5;0;4;0;3;0;3;1;3;2;3;3;3;4;3;5
2;2;11;18;18;2;17;2;16;2;15;2;14;2;13;2;12;2;12;1;12;0;11;0;10;0;9;0;8;0;7;0;6;0;5;0;4;0;3;0;3;1;3;2;3;3;3;4;3;5;3;6
2;2;11;18;17;2;16;2;15;2;14;2;13;2;12;2;12;1;12;0;11;0;10;0;9;0;8;0;7;0;6;0;5;0;4;0;3;0;3;1;3;2;3;3;3;4;3;5;3;6;3;7
2;2;11;18;16;2;15;2;14;2;13;2;12;2;12;1;12;0;11;0;10;0;9;0;8;0;7;0;6;0;5;0;4;0;3;0;3;1;3;2;3;3;3;4;3;5;3;6;3;7;3;8
2;2;11;18;15;2;14;2;13;2;12;2;12;1;12;0;11;0;10;0;9;0;8;0;7;0;6;0;5;0;4;0;3;0;3;1;3;2;3;3;3;4;3;5;3;6;3;7;3;8;3;9
2;2;11;18;14;2;13;2;12;2;12;1;12;0;11;0;10;0;9;0;8;0;7;0;6;0;5;0;4;0;3;0;3;1;3;2;3;3;3;4;3;5;3;6;3;7;3;8;3;9;3;10
2;2;11;18;13;2;12;2;12;1;12;0;11;0;10;0;9;0;8;0;7;0;6;0;5;0;4;0;3;0;3;1;3;2;3;3;3;4;3;5;3;6;3;7;3;8;3;9;3;10;3;11
2;2;11;18;12;2;12;1;12;0;11;0;10;0;9;0;8;0;7;0;6;0;5;0;4;0;3;0;3;1;3;2;3;3;3;4;3;5;3;6;3;7;3;8;3;9;3;10;3;11;3;12
2;2;11;18;12;1;12;0;11;0;10;0;9;0;8;0;7;0;6;0;5;0;4;0;3;0;3;1;3;2;3;3;3;4;3;5;3;6;3;7;3;8;3;9;3;10;3;11;3;12;3;13
2;2;11;18;12;0;11;0;10;0;9;0;8;0;7;0;6;0;5;0;4;0;3;0;3;1;3;2;3;3;3;4;3;5;3;6;3;7;3;8;3;9;3;10;3;11;3;12;3;13;3;14
2;2;11;18;11;0;10;0;9;0;8;0;7;0;6;0;5;0;4;0;3;0;3;1;3;2;3;3;3;4;3;5;3;6;3;7;3;8;3;9;3;10;3;11;3;12;3;13;3;14;3;15
2;2;11;18;10;0;9;0;8;0;7;0;6;0;5;0;4;0;3;0;3;1;3;2;3;3;3;4;3;5;3;6;3;7;3;8;3;9;3;10;3;11;3;12;3;13;3;14;3;15;3;16
2;2;11;18;9;0;8;0;7;0;6;0;5;0;4;0;3;0;3;1;3;2;3;3;3;4;3;5;3;6;3;7;3;8;3;9;3;10;3;11;3;12;3;13;3;14;3;15;3;16;3;17
1;2;11;18;8;0;7;0;6;0;5;0;4;0;3;0;3;1;3;2;3;3;3;4;3;5;3;6;3;7;3;8;3;9;3;10;3;11;3;12;3;13;3;14;3;15;3;16;3;17;3;18
1;1;11;18;7;0;6;0;5;0;4;0;3;0;3;1;3;2;3;3;3;4;3;5;3;6;3;7;3;8;3;9;3;10;3;11;3;12;3;13;3;14;3;15;3;16;3;17;3;18;4;18
1;1;11;18;6;0;5;0;4;0;3;0;3;1;3;2;3;3;3;4;3;5;3;6;3;7;3;8;3;9;3;10;3;11;3;12;3;13;3;14;3;15;3;16;3;17;3;18;4;18;5;18
1;1;11;18;5;0;4;0;3;0;3;1;3;2;3;3;3;4;3;5;3;6;3;7;3;8;3;9;3;10;3;11;3;12;3;13;3;14;3;15;3;16;3;17;3;18;4;18;5;18;6;18
1;1;11;18;4;0;3;0;3;1;3;2;3;3;3;4;3;5;3;6;3;7;3;8;3;9;3;10;3;11;3;12;3;13;3;14;3;15;3;16;3;17;3;18;4;18;5;18;6;18;7;18
1;1;11;18;3;0;3;1;3;2;3;3;3;4;3;5;3;6;3;7;3;8;3;9;3;10;3;11;3;12;3;13;3;14;3;15;3;16;3;17;3;18;4;18;5;18;6;18;7;18;8;18
1;1;11;18;3;1;3;2;3;3;3;4;3;5;3;6;3;7;3;8;3;9;3;10;3;11;3;12;3;13;3;14;3;15;3;16;3;17;3;18;4;18;5;18;6;18;7;18;8;18;9;18
1;1;11;18;3;2;3;3;3;4;3;5;3;6;3;7;3;8;3;9;3;10;3;11;3;12;3;13;3;14;3;15;3;16;3;17;3;18;4;18;5;18;6;18;7;18;8;18;9;18;10;18
1;1;12;15;3;3;3;3;3;4;3;5;3;6;3;7;3;8;3;9;3;10;3;11;3;12;3;13;3;14;3;15;3;16;3;17;3;18;4;18;5;18;6;18;7;18;8;18;9;18;10;18;11;18
1;1;12;15;3;3;3;4;3;5;3;6;3;7;3;8;3;9;3;10;3;11;3;12;3;13;3;14;3;15;3;16;3;17;3;18;4;18;5;18;6;18;7;18;8;18;9;18;10;18;11;18;12;18
0;1;12;15;3;4;3;5;3;6;3;7;3;8;3;9;3;10;3;11;3;12;3;13;3;14;3;15;3;16;3;17;3;18;4;18;5;18;6;18;7;18;8;18;9;18;10;18;11;18;12;18;13;18
0;0;12;15;3;5;3;6;3;7;3;8;3;9;3;10;3;11;3;12;3;13;3;14;3;15;3;16;3;17;3;18;4;18;5;18;6;18;7;18;8;18;9;18;10;18;11;18;12;18;13;18;13;17
0;0;12;15;3;6;3;7;3;8;3;9;3;10;3;11;3;12;3;13;3;14;3;15;3;16;3;17;3;18;4;18;5;18;6;18;7;18;8;18;9;18;10;18;11;18;12;18;13;18;13;17;13;16
3;0;12;15;3;7;3;8;3;9;3;10;3;11;3;12;3;13;3;14;3;15;3;16;3;17;3;18;4;18;5;18;6;18;7;18;8;18;9;18;10;18;11;18;12;18;13;18;13;17;13;16;13;15
3;3;12;14;3;8;3;8;3;9;3;10;3;11;3;12;3;13;3;14;3;15;3;16;3;17;3;18;4;18;5;18;6;18;7;18;8;18;9;18;10;18;11;18;12;18;13;18;13;17;13;16;13;15;12;15
3;3;12;14;3;8;3;9;3;10;3;11;3;12;3;13;3;14;3;15;3;16;3;17;3;18;4;18;5;18;6;18;7;18;8;18;9;18;10;18;11;18;12;18;13;18;13;17;13;16;13;15;12;15;11;15
3;3;12;14;3;9;3;10;3;11;3;12;3;13;3;14;3;15;3;16;3;17;3;18;4;18;5;18;6;18;7;18;8;18;9;18;10;18;11;18;12;18;13;18;13;17;13;16;13;15;12;15;11;15;10;15
0;3;12;14;3;10;3;11;3;12;3;13;3;14;3;15;3;16;3;17;3;18;4;18;5;18;6;18;7;18;8;18;9;18;10;18;11;18;12;18;13;18;13;17;13;16;13;15;12;15;11;15;10;15;9;15
0;0;12;14;3;11;3;12;3;13;3;14;3;15;3;16;3;17;3;18;4;18;5;18;6;18;7;18;8;18;9;18;10;18;11;18;12;18;13;18;13;17;13;16;13;15;12;15;11;15;10;15;9;15;9;14
0;0;12;14;3;12;3;13;3;14;3;15;3;16;3;17;3;18;4;18;5;18;6;18;7;18;8;18;9;18;10;18;11;18;12;18;13;18;13;17;13;16;13;15;12;15;11;15;10;15;9;15;9;14;9;13
0;0;12;14;3;13;3;14;3;15;3;16;3;17;3;18;4;18;5;18;6;18;7;18;8;18;9;18;10;18;11;18;12;18;13;18;13;17;13;16;13;15;12;15;11;15;10;15;9;15;9;14;9;13;9;12
0;0;12;14;3;14;3;15;3;16;3;17;3;18;4;18;5;18;6;18;7;18;8;18;9;18;10;18;11;18;12;18;13;18;13;17;13;16;13;15;12;15;11;15;10;15;9;15;9;14;9;13;9;12;9;11
1;0;12;14;3;15;3;16;3;17;3;18;4;18;5;18;6;18;7;18;8;18;9;18;10;18;11;18;12;18;13;18;13;17;13;16;13;15;12;15;11;15;10;15;9;15;9;14;9;13;9;12;9;11;9;10
1;1;12;14;3;16;3;17;3;18;4;18;5;18;6;18;7;18;8;18;9;18;10;18;11;18;12;18;13;18;13;17;13;16;13;15;12;15;11;15;10;15;9;15;9;14;9;13;9;12;9;11;9;10;10;10
1;1;12;14;3;17;3;18;4;18;5;18;6;18;7;18;8;18;9;18;10;18;11;18;12;18;13;18;13;17;13;16;13;15;12;15;11;15;10;15;9;15;9;14;9;13;9;12;9;11;9;10;10;10;11;10
2;1;12;14;3;18;4;18;5;18;6;18;7;18;8;18;9;18;10;18;11;18;12;18;13;18;13;17;13;16;13;15;12;15;11;15;10;15;9;15;9;14;9;13;9;12;9;11;9;10;10;10;11;10;12;10
2;2;12;14;4;18;5;18;6;18;7;18;8;18;9;18;10;18;11;18;12;18;13;18;13;17;13;16;13;15;12;15;11;15;10;15;9;15;9;14;9;13;9;12;9;11;9;10;10;10;11;10;12;10;12;11
2;2;12;14;5;18;6;18;7;18;8;18;9;18;10;18;11;18;12;18;13;18;13;17;13;16;13;15;12;15;11;15;10;15;9;15;9;14;9;13;9;12;9;11;9;10;10;10;11;10;12;10;12;11;12;12
2;2;12;14;6;18;7;18;8;18;9;18;10;18;11;18;12;18;13;18;13;17;13;16;13;15;12;15;11;15;10;15;9;15;9;14;9;13;9;12;9;11;9;10;10;10;11;10;12;10;12;11;12;12;12;13
1;2;7;3;7;18;7;18;8;18;9;18;10;18;11;18;12;18;13;18;13;17;13;16;13;15;12;15;11;15;10;15;9;15;9;14;9;13;9;12;9;11;9;10;10;10;11;10;12;10;12;11;12;12;12;13;12;14
1;1;7;3;7;18;8;18;9;18;10;18;11;18;12;18;13;18;13;17;13;16;13;15;12;15;11;15;10;15;9;15;9;14;9;13;9;12;9;11;9;10;10;10;11;10;12;10;12;11;12;12;12;13;12;14;13;14
0;1;7;3;8;18;9;18;10;18;11;18;12;18;13;18;13;17;13;16;13;15;12;15;11;15;10;15;9;15;9;14;9;13;9;12;9;11;9;10;10;10;11;10;12;10;12;11;12;12;12;13;12;14;13;14;14;14
0;0;7;3;9;18;10;18;11;18;12;18;13;18;13;17;13;16;13;15;12;15;11;15;10;15;9;15;9;14;9;13;9;12;9;11;9;10;10;10;11;10;12;10;12;11;12;12;12;13;12;14;13;14;14;14;14;13
0;0;7;3;10;18;11;18;12;18;13;18;13;17;13;16;13;15;12;15;11;15;10;15;9;15;9;14;9;13;9;12;9;11;9;10;10;10;11;10;12;10;12;11;12;12;12;13;12;14;13;14;14;14;14;13;14;12
0;0;7;3;11;18;12;18;13;18;13;17;13;16;13;15;12;15;11;15;10;15;9;15;9;14;9;13;9;12;9;11;9;10;10;10;11;10;12;10;12;11;12;12;12;13;12;14;13;14;14;14;14;13;14;12;14;11
0;0;7;3;12;18;13;18;13;17;13;16;13;15;12;15;11;15;10;15;9;15;9;14;9;13;9;12;9;11;9;10;10;10;11;10;12;10;12;11;12;12;12;13;12;14;13;14;14;14;14;13;14;12;14;11;14;10
0;0;7;3;13;18;13;17;13;16;13;15;12;15;11;15;10;15;9;15;9;14;9;13;9;12;9;11;9;10;10;10;11;10;12;10;12;11;12;12;12;13;12;14;13;14;14;14;14;13;14;12;14;11;14;10;14;9
0;0;7;3;13;17;13;16;13;15;12;15;11;15;10;15;9;15;9;14;9;13;9;12;9;11;9;10;10;10;11;10;12;10;12;11;12;12;12;13;12;14;13;14;14;14;14;13;14;12;14;11;14;10;14;9;14;8
0;0;7;3;13;16;13;15;12;15;11;15;10;15;9;15;9;14;9;13;9;12;9;11;9;10;10;10;11;10;12;10;12;11;12;12;12;13;12;14;13;14;14;14;14;13;14;12;14;11;14;10;14;9;14;8;14;7
0;0;7;3;13;15;12;15;11;15;10;15;9;15;9;14;9;13;9;12;9;11;9;10;10;10;11;10;12;10;12;11;12;12;12;13;12;14;13;14;14;14;14;13;14;12;14;11;14;10;14;9;14;8;14;7;14;6
0;0;7;3;12;15;11;15;10;15;9;15;9;14;9;13;9;12;9;11;9;10;10;10;11;10;12;10;12;11;12;12;12;13;12;14;13;14;14;14;14;13;14;12;14;11;14;10;14;9;14;8;14;7;14;6;14;5
0;0;7;3;11;15;10;15;9;15;9;14;9;13;9;12;9;11;9;10;10;10;11;10;12;10;12;11;12;12;12;13;12;14;13;14;14;14;14;13;14;12;14;11;14;10;14;9;14;8;14;7;14;6;14;5;14;4
3;0;7;3;10;15;9;15;9;14;9;13;9;12;9;11;9;10;10;10;11;10;12;10;12;11;12;12;12;13;12;14;13;14;14;14;14;13;14;12;14;11;14;10;14;9;14;8;14;7;14;6;14;5;14;4;14;3
3;3;7;3;9;15;9;14;9;13;9;12;9;11;9;10;10;10;11;10;12;10;12;11;12;12;12;13;12;14;13;14;14;14;14;13;14;12;14;11;14;10;14;9;14;8;14;7;14;6;14;5;14;4;14;3;13;3
3;3;7;3;9;14;9;13;9;12;9;11;9;10;10;10;11;10;12;10;12;11;12;12;12;13;12;14;13;14;14;14;14;13;14;12;14;11;14;10;14;9;14;8;14;7;14;6;14;5;14;4;14;3;13;3;12;3
3;3;7;3;9;13;9;12;9;11;9;10;10;10;11;10;12;10;12;11;12;12;12;13;12;14;13;14;14;14;14;13;14;12;14;11;14;10;14;9;14;8;14;7;14;6;14;5;14;4;14;3;13;3;12;3;11;3
3;3;7;3;9;12;9;11;9;10;10;10;11;10;12;10;12;11;12;12;12;13;12;14;13;14;14;14;14;13;14;12;14;11;14;10;14;9;14;8;14;7;14;6;14;5;14;4;14;3;13;3;12;3;11;3;10;3
3;3;7;3;9;11;9;10;10;10;11;10;12;10;12;11;12;12;12;13;12;14;13;14;14;14;14;13;14;12;14;11;14;10;14;9;14;8;14;7;14;6;14;5;14;4;14;3;13;3;12;3;11;3;10;3;9;3
3;3;7;3;9;10;10;10;11;10;12;10;12;11;12;12;12;13;12;14;13;14;14;14;14;13;14;12;14;11;14;10;14;9;14;8;14;7;14;6;14;5;14;4;14;3;13;3;12;3;11;3;10;3;9;3;8;3
3;3;4;17;10;10;10;10;11;10;12;10;12;11;12;12;12;13;12;14;13;14;14;14;14;13;14;12;14;11;14;10;14;9;14;8;14;7;14;6;14;5;14;4;14;3;13;3;12;3;11;3;10;3;9;3;8;3;7;3
2;3;4;17;10;10;11;10;12;10;12;11;12;12;12;13;12;14;13;14;14;14;14;13;14;12;14;11;14;10;14;9;14;8;14;7;14;6;14;5;14;4;14;3;13;3;12;3;11;3;10;3;9;3;8;3;7;3;6;3
2;2;4;17;11;10;12;10;12;11;12;12;12;13;12;14;13;14;14;14;14;13;14;12;14;11;14;10;14;9;14;8;14;7;14;6;14;5;14;4;14;3;13;3;12;3;11;3;10;3;9;3;8;3;7;3;6;3;6;4
2;2;4;17;12;10;12;11;12;12;12;13;12;14;13;14;14;14;14;13;14;12;14;11;14;10;14;9;14;8;14;7;14;6;14;5;14;4;14;3;13;3;12;3;11;3;10;3;9;3;8;3;7;3;6;3;6;4;6;5
2;2;4;17;12;11;12;12;12;13;12;14;13;14;14;14;14;13;14;12;14;11;14;10;14;9;14;8;14;7;14;6;14;5;14;4;14;3;13;3;12;3;11;3;10;3;9;3;8;3;7;3;6;3;6;4;6;5;6;6
3;2;4;17;12;12;12;13;12;14;13;14;14;14;14;13;14;12;14;11;14;10;14;9;14;8;14;7;14;6;14;5;14;4;14;3;13;3;12;3;11;3;10;3;9;3;8;3;7;3;6;3;6;4;6;5;6;6;6;7
3;3;4;17;12;13;12;14;13;14;14;14;14;13;14;12;14;11;14;10;14;9;14;8;14;7;14;6;14;5;14;4;14;3;13;3;12;3;11;3;10;3;9;3;8;3;7;3;6;3;6;4;6;5;6;6;6;7;5;7
2;3;4;17;12;14;13;14;14;14;14;13;14;12;14;11;14;10;14;9;14;8;14;7;14;6;14;5;14;4;14;3;13;3;12;3;11;3;10;3;9;3;8;3;7;3;6;3;6;4;6;5;6;6;6;7;5;7;4;7
2;2;4;17;13;14;14;14;14;13;14;12;14;11;14;10;14;9;14;8;14;7;14;6;14;5;14;4;14;3;13;3;12;3;11;3;10;3;9;3;8;3;7;3;6;3;6;4;6;5;6;6;6;7;5;7;4;7;4;8
2;2;4;17;14;14;14;13;14;12;14;11;14;10;14;9;14;8;14;7;14;6;14;5;14;4;14;3;13;3;12;3;11;3;10;3;9;3;8;3;7;3;6;3;6;4;6;5;6;6;6;7;5;7;4;7;4;8;4;9
2;2;4;17;14;13;14;12;14;11;14;10;14;9;14;8;14;7;14;6;14;5;14;4;14;3;13;3;12;3;11;3;10;3;9;3;8;3;7;3;6;3;6;4;6;5;6;6;6;7;5;7;4;7;4;8;4;9;4;10
2;2;4;17;14;12;14;11;14;10;14;9;14;8;14;7;14;6;14;5;14;4;14;3;13;3;12;3;11;3;10;3;9;3;8;3;7;3;6;3;6;4;6;5;6;6;6;7;5;7;4;7;4;8;4;9;4;10;4;11
2;2;4;17;14;11;14;10;14;9;14;8;14;7;14;6;14;5;14;4;14;3;13;3;12;3;11;3;10;3;9;3;8;3;7;3;6;3;6;4;6;5;6;6;6;7;5;7;4;7;4;8;4;9;4;10;4;11;4;12
2;2;4;17;14;10;14;9;14;8;14;7;14;6;14;5;14;4;14;3;13;3;12;3;11;3;10;3;9;3;8;3;7;3;6;3;6;4;6;5;6;6;6;7;5;7;4;7;4;8;4;9;4;10;4;11;4;12;4;13
2;2;4;17;14;9;14;8;14;7;14;6;14;5;14;4;14;3;13;3;12;3;11;3;10;3;9;3;8;3;7;3;6;3;6;4;6;5;6;6;6;7;5;7;4;7;4;8;4;9;4;10;4;11;4;12;4;13;4;14
2;2;4;17;14;8;14;7;14;6;14;5;14;4;14;3;13;3;12;3;11;3;10;3;9;3;8;3;7;3;6;3;6;4;6;5;6;6;6;7;5;7;4;7;4;8;4;9;4;10;4;11;4;12;4;13;4;14;4;15
2;2;4;17;14;7;14;6;14;5;14;4;14;3;13;3;12;3;11;3;10;3;9;3;8;3;7;3;6;3;6;4;6;5;6;6;6;7;5;7;4;7;4;8;4;9;4;10;4;11;4;12;4;13;4;14;4;15;4;16
1;2;14;7;14;6;14;6;14;5;14;4;14;3;13;3;12;3;11;3;10;3;9;3;8;3;7;3;6;3;6;4;6;5;6;6;6;7;5;7;4;7;4;8;4;9;4;10;4;11;4;12;4;13;4;14;4;15;4;16;4;17
1;1;14;7;14;6;14;5;14;4;14;3;13;3;12;3;11;3;10;3;9;3;8;3;7;3;6;3;6;4;6;5;6;6;6;7;5;7;4;7;4;8;4;9;4;10;4;11;4;12;4;13;4;14;4;15;4;16;4;17;5;17
1;1;14;7;14;5;14;4;14;3;13;3;12;3;11;3;10;3;9;3;8;3;7;3;6;3;6;4;6;5;6;6;6;7;5;7;4;7;4;8;4;9;4;10;4;11;4;12;4;13;4;14;4;15;4;16;4;17;5;17;6;17
1;1;14;7;14;4;14;3;13;3;12;3;11;3;10;3;9;3;8;3;7;3;6;3;6;4;6;5;6;6;6;7;5;7;4;7;4;8;4;9;4;10;4;11;4;12;4;13;4;14;4;15;4;16;4;17;5;17;6;17;7;17
1;1;14;7;14;3;13;3;12;3;11;3;10;3;9;3;8;3;7;3;6;3;6;4;6;5;6;6;6;7;5;7;4;7;4;8;4;9;4;10;4;11;4;12;4;13;4;14;4;15;4;16;4;17;5;17;6;17;7;17;8;17
1;1;14;7;13;3;12;3;11;3;10;3;9;3;8;3;7;3;6;3;6;4;6;5;6;6;6;7;5;7;4;7;4;8;4;9;4;10;4;11;4;12;4;13;4;14;4;15;4;16;4;17;5;17;6;17;7;17;8;17;9;17
1;1;14;7;12;3;11;3;10;3;9;3;8;3;7;3;6;3;6;4;6;5;6;6;6;7;5;7;4;7;4;8;4;9;4;10;4;11;4;12;4;13;4;14;4;15;4;16;4;17;5;17;6;17;7;17;8;17;9;17;10;17
1;1;14;7;11;3;10;3;9;3;8;3;7;3;6;3;6;4;6;5;6;6;6;7;5;7;4;7;4;8;4;9;4;10;4;11;4;12;4;13;4;14;4;15;4;16;4;17;5;17;6;17;7;17;8;17;9;17;10;17;11;17
1;1;14;7;10;3;9;3;8;3;7;3;6;3;6;4;6;5;6;6;6;7;5;7;4;7;4;8;4;9;4;10;4;11;4;12;4;13;4;14;4;15;4;16;4;17;5;17;6;17;7;17;8;17;9;17;10;17;11;17;12;17
0;1;14;7;9;3;8;3;7;3;6;3;6;4;6;5;6;6;6;7;5;7;4;7;4;8;4;9;4;10;4;11;4;12;4;13;4;14;4;15;4;16;4;17;5;17;6;17;7;17;8;17;9;17;10;17;11;17;12;17;13;17
0;0;14;7;8;3;7;3;6;3;6;4;6;5;6;6;6;7;5;7;4;7;4;8;4;9;4;10;4;11;4;12;4;13;4;14;4;15;4;16;4;17;5;17;6;17;7;17;8;17;9;17;10;17;11;17;12;17;13;17;13;16
0;0;14;7;7;3;6;3;6;4;6;5;6;6;6;7;5;7;4;7;4;8;4;9;4;10;4;11;4;12;4;13;4;14;4;15;4;16;4;17;5;17;6;17;7;17;8;17;9;17;10;17;11;17;12;17;13;17;13;16;13;15
0;0;14;7;6;3;6;4;6;5;6;6;6;7;5;7;4;7;4;8;4;9;4;10;4;11;4;12;4;13;4;14;4;15;4;16;4;17;5;17;6;17;7;17;8;17;9;17;10;17;11;17;12;17;13;17;13;16;13;15;13;14
0;0;14;7;6;4;6;5;6;6;6;7;5;7;4;7;4;8;4;9;4;10;4;11;4;12;4;13;4;14;4;15;4;16;4;17;5;17;6;17;7;17;8;17;9;17;10;17;11;17;12;17;13;17;13;16;13;15;13;14;13;13
0;0;14;7;6;5;6;6;6;7;5;7;4;7;4;8;4;9;4;10;4;11;4;12;4;13;4;14;4;15;4;16;4;17;5;17;6;17;7;17;8;17;9;17;10;17;11;17;12;17;13;17;13;16;13;15;13;14;13;13;13;12
0;0;14;7;6;6;6;7;5;7;4;7;4;8;4;9;4;10;4;11;4;12;4;13;4;14;4;15;4;16;4;17;5;17;6;17;7;17;8;17;9;17;10;17;11;17;12;17;13;17;13;16;13;15;13;14;13;13;13;12;13;11
0;0;14;7;6;7;5;7;4;7;4;8;4;9;4;10;4;11;4;12;4;13;4;14;4;15;4;16;4;17;5;17;6;17;7;17;8;17;9;17;10;17;11;17;12;17;13;17;13;16;13;15;13;14;13;13;13;12;13;11;13;10
0;0;14;7;5;7;4;7;4;8;4;9;4;10;4;11;4;12;4;13;4;14;4;15;4;16;4;17;5;17;6;17;7;17;8;17;9;17;10;17;11;17;12;17;13;17;13;16;13;15;13;14;13;13;13;12;13;11;13;10;13;9
0;0;14;7;4;7;4;8;4;9;4;10;4;11;4;12;4;13;4;14;4;15;4;16;4;17;5;17;6;17;7;17;8;17;9;17;10;17;11;17;12;17;13;17;13;16;13;15;13;14;13;13;13;12;13;11;13;10;13;9;13;8
1;0;14;7;4;8;4;9;4;10;4;11;4;12;4;13;4;14;4;15;4;16;4;17;5;17;6;17;7;17;8;17;9;17;10;17;11;17;12;17;13;17;13;16;13;15;13;14;13;13;13;12;13;11;13;10;13;9;13;8;13;7
1;1;1;13;4;9;4;9;4;10;4;11;4;12;4;13;4;14;4;15;4;16;4;17;5;17;6;17;7;17;8;17;9;17;10;17;11;17;12;17;13;17;13;16;13;15;13;14;13;13;13;12;13;11;13;10;13;9;13;8;13;7;14;7
0;1;1;13;4;9;4;10;4;11;4;12;4;13;4;14;4;15;4;16;4;17;5;17;6;17;7;17;8;17;9;17;10;17;11;17;12;17;13;17;13;16;13;15;13;14;13;13;13;12;13;11;13;10;13;9;13;8;13;7;14;7;15;7
0;0;1;13;4;10;4;11;4;12;4;13;4;14;4;15;4;16;4;17;5;17;6;17;7;17;8;17;9;17;10;17;11;17;12;17;13;17;13;16;13;15;13;14;13;13;13;12;13;11;13;10;13;9;13;8;13;7;14;7;15;7;15;6
3;0;1;13;4;11;4;12;4;13;4;14;4;15;4;16;4;17;5;17;6;17;7;17;8;17;9;17;10;17;11;17;12;17;13;17;13;16;13;15;13;14;13;13;13;12;13;11;13;10;13;9;13;8;13;7;14;7;15;7;15;6;15;5
3;3;1;13;4;12;4;13;4;14;4;15;4;16;4;17;5;17;6;17;7;17;8;17;9;17;10;17;11;17;12;17;13;17;13;16;13;15;13;14;13;13;13;12;13;11;13;10;13;9;13;8;13;7;14;7;15;7;15;6;15;5;14;5
3;3;1;13;4;13;4;14;4;15;4;16;4;17;5;17;6;17;7;17;8;17;9;17;10;17;11;17;12;17;13;17;13;16;13;15;13;14;13;13;13;12;13;11;13;10;13;9;13;8;13;7;14;7;15;7;15;6;15;5;14;5;13;5
3;3;1;13;4;14;4;15;4;16;4;17;5;17;6;17;7;17;8;17;9;17;10;17;11;17;12;17;13;17;13;16;13;15;13;14;13;13;13;12;13;11;13;10;13;9;13;8;13;7;14;7;15;7;15;6;15;5;14;5;13;5;12;5
3;3;1;13;4;15;4;16;4;17;5;17;6;17;7;17;8;17;9;17;10;17;11;17;12;17;13;17;13;16;13;15;13;14;13;13;13;12;13;11;13;10;13;9;13;8;13;7;14;7;15;7;15;6;15;5;14;5;13;5;12;5;11;5
3;3;1;13;4;16;4;17;5;17;6;17;7;17;8;17;9;17;10;17;11;17;12;17;13;17;13;16;13;15;13;14;13;13;13;12;13;11;13;10;13;9;13;8;13;7;14;7;15;7;15;6;15;5;14;5;13;5;12;5;11;5;10;5
3;3;1;13;4;17;5;17;6;17;7;17;8;17;9;17;10;17;11;17;12;17;13;17;13;16;13;15;13;14;13;13;13;12;13;11;13;10;13;9;13;8;13;7;14;7;15;7;15;6;15;5;14;5;13;5;12;5;11;5;10;5;9;5
3;3;1;13;5;17;6;17;7;17;8;17;9;17;10;17;11;17;12;17;13;17;13;16;13;15;13;14;13;13;13;12;13;11;13;10;13;9;13;8;13;7;14;7;15;7;15;6;15;5;14;5;13;5;12;5;11;5;10;5;9;5;8;5
3;3;1;13;6;17;7;17;8;17;9;17;10;17;11;17;12;17;13;17;13;16;13;15;13;14;13;13;13;12;13;11;13;10;13;9;13;8;13;7;14;7;15;7;15;6;15;5;14;5;13;5;12;5;11;5;10;5;9;5;8;5;7;5
3;3;1;13;7;17;8;17;9;17;10;17;11;17;12;17;13;17;13;16;13;15;13;14;13;13;13;12;13;11;13;10;13;9;13;8;13;7;14;7;15;7;15;6;15;5;14;5;13;5;12;5;11;5;10;5;9;5;8;5;7;5;6;5
3;3;1;13;8;17;9;17;10;17;11;17;12;17;13;17;13;16;13;15;13;14;13;13;13;12;13;11;13;10;13;9;13;8;13;7;14;7;15;7;15;6;15;5;14;5;13;5;12;5;11;5;10;5;9;5;8;5;7;5;6;5;5;5
3;3;1;13;9;17;10;17;11;17;12;17;13;17;13;16;13;15;13;14;13;13;13;12;13;11;13;10;13;9;13;8;13;7;14;7;15;7;15;6;15;5;14;5;13;5;12;5;11;5;10;5;9;5;8;5;7;5;6;5;5;5;4;5
3;3;1;13;10;17;11;17;12;17;13;17;13;16;13;15;13;14;13;13;13;12;13;11;13;10;13;9;13;8;13;7;14;7;15;7;15;6;15;5;14;5;13;5;12;5;11;5;10;5;9;5;8;5;7;5;6;5;5;5;4;5;3;5
3;3;1;13;11;17;12;17;13;17;13;16;13;15;13;14;13;13;13;12;13;11;13;10;13;9;13;8;13;7;14;7;15;7;15;6;15;5;14;5;13;5;12;5;11;5;10;5;9;5;8;5;7;5;6;5;5;5;4;5;3;5;2;5
2;3;1;13;12;17;13;17;13;16;13;15;13;14;13;13;13;12;13;11;13;10;13;9;13;8;13;7;14;7;15;7;15;6;15;5;14;5;13;5;12;5;11;5;10;5;9;5;8;5;7;5;6;5;5;5;4;5;3;5;2;5;1;5
2;2;1;13;13;17;13;16;13;15;13;14;13;13;13;12;13;11;13;10;13;9;13;8;13;7;14;7;15;7;15;6;15;5;14;5;13;5;12;5;11;5;10;5;9;5;8;5;7;5;6;5;5;5;4;5;3;5;2;5;1;5;1;6
2;2;1;13;13;16;13;15;13;14;13;13;13;12;13;11;13;10;13;9;13;8;13;7;14;7;15;7;15;6;15;5;14;5;13;5;12;5;11;5;10;5;9;5;8;5;7;5;6;5;5;5;4;5;3;5;2;5;1;5;1;6;1;7
2;2;1;13;13;15;13;14;13;13;13;12;13;11;13;10;13;9;13;8;13;7;14;7;15;7;15;6;15;5;14;5;13;5;12;5;11;5;10;5;9;5;8;5;7;5;6;5;5;5;4;5;3;5;2;5;1;5;1;6;1;7;1;8
2;2;1;13;13;14;13;13;13;12;13;11;13;10;13;9;13;8;13;7;14;7;15;7;15;6;15;5;14;5;13;5;12;5;11;5;10;5;9;5;8;5;7;5;6;5;5;5;4;5;3;5;2;5;1;5;1;6;1;7;1;8;1;9
2;2;1;13;13;13;13;12;13;11;13;10;13;9;13;8;13;7;14;7;15;7;15;6;15;5;14;5;13;5;12;5;11;5;10;5;9;5;8;5;7;5;6;5;5;5;4;5;3;5;2;5;1;5;1;6;1;7;1;8;1;9;1;10
2;2;1;13;13;12;13;11;13;10;13;9;13;8;13;7;14;7;15;7;15;6;15;5;14;5;13;5;12;5;11;5;10;5;9;5;8;5;7;5;6;5;5;5;4;5;3;5;2;5;1;5;1;6;1;7;1;8;1;9;1;10;1;11
2;2;1;13;13;11;13;10;13;9;13;8;13;7;14;7;15;7;15;6;15;5;14;5;13;5;12;5;11;5;10;5;9;5;8;5;7;5;6;5;5;5;4;5;3;5;2;5;1;5;1;6;1;7;1;8;1;9;1;10;1;11;1;12
2;2;13;4;13;10;13;10;13;9;13;8;13;7;14;7;15;7;15;6;15;5;14;5;13;5;12;5;11;5;10;5;9;5;8;5;7;5;6;5;5;5;4;5;3;5;2;5;1;5;1;6;1;7;1;8;1;9;1;10;1;11;1;12;1;13
2;2;13;4;13;10;13;9;13;8;13;7;14;7;15;7;15;6;15;5;14;5;13;5;12;5;11;5;10;5;9;5;8;5;7;5;6;5;5;5;4;5;3;5;2;5;1;5;1;6;1;7;1;8;1;9;1;10;1;11;1;12;1;13;1;14
1;2;13;4;13;9;13;8;13;7;14;7;15;7;15;6;15;5;14;5;13;5;12;5;11;5;10;5;9;5;8;5;7;5;6;5;5;5;4;5;3;5;2;5;1;5;1;6;1;7;1;8;1;9;1;10;1;11;1;12;1;13;1;14;1;15
1;1;13;4;13;8;13;7;14;7;15;7;15;6;15;5;14;5;13;5;12;5;11;5;10;5;9;5;8;5;7;5;6;5;5;5;4;5;3;5;2;5;1;5;1;6;1;7;1;8;1;9;1;10;1;11;1;12;1;13;1;14;1;15;2;15
1;1;13;4;13;7;14;7;15;7;15;6;15;5;14;5;13;5;12;5;11;5;10;5;9;5;8;5;7;5;6;5;5;5;4;5;3;5;2;5;1;5;1;6;1;7;1;8;1;9;1;10;1;11;1;12;1;13;1;14;1;15;2;15;3;15
1;1;13;4;14;7;15;7;15;6;15;5;14;5;13;5;12;5;11;5;10;5;9;5;8;5;7;5;6;5;5;5;4;5;3;5;2;5;1;5;1;6;1;7;1;8;1;9;1;10;1;11;1;12;1;13;1;14;1;15;2;15;3;15;4;15
1;1;13;4;15;7;15;6;15;5;14;5;13;5;12;5;11;5;10;5;9;5;8;5;7;5;6;5;5;5;4;5;3;5;2;5;1;5;1;6;1;7;1;8;1;9;1;10;1;11;1;12;1;13;1;14;1;15;2;15;3;15;4;15;5;15
0;1;13;4;15;6;15;5;14;5;13;5;12;5;11;5;10;5;9;5;8;5;7;5;6;5;5;5;4;5;3;5;2;5;1;5;1;6;1;7;1;8;1;9;1;10;1;11;1;12;1;13;1;14;1;15;2;15;3;15;4;15;5;15;6;15
0;0;13;4;15;5;14;5;13;5;12;5;11;5;10;5;9;5;8;5;7;5;6;5;5;5;4;5;3;5;2;5;1;5;1;6;1;7;1;8;1;9;1;10;1;11;1;12;1;13;1;14;1;15;2;15;3;15;4;15;5;15;6;15;6;14
0;0;13;4;14;5;13;5;12;5;11;5;10;5;9;5;8;5;7;5;6;5;5;5;4;5;3;5;2;5;1;5;1;6;1;7;1;8;1;9;1;10;1;11;1;12;1;13;1;14;1;15;2;15;3;15;4;15;5;15;6;15;6;14;6;13
0;0;13;4;13;5;12;5;11;5;10;5;9;5;8;5;7;5;6;5;5;5;4;5;3;5;2;5;1;5;1;6;1;7;1;8;1;9;1;10;1;11;1;12;1;13;1;14;1;15;2;15;3;15;4;15;5;15;6;15;6;14;6;13;6;12
1;0;13;4;12;5;11;5;10;5;9;5;8;5;7;5;6;5;5;5;4;5;3;5;2;5;1;5;1;6;1;7;1;8;1;9;1;10;1;11;1;12;1;13;1;14;1;15;2;15;3;15;4;15;5;15;6;15;6;14;6;13;6;12;6;11
1;1;13;4;11;5;10;5;9;5;8;5;7;5;6;5;5;5;4;5;3;5;2;5;1;5;1;6;1;7;1;8;1;9;1;10;1;11;1;12;1;13;1;14;1;15;2;15;3;15;4;15;5;15;6;15;6;14;6;13;6;12;6;11;7;11
1;1;13;4;10;5;9;5;8;5;7;5;6;5;5;5;4;5;3;5;2;5;1;5;1;6;1;7;1;8;1;9;1;10;1;11;1;12;1;13;1;14;1;15;2;15;3;15;4;15;5;15;6;15;6;14;6;13;6;12;6;11;7;11;8;11
1;1;13;4;9;5;8;5;7;5;6;5;5;5;4;5;3;5;2;5;1;5;1;6;1;7;1;8;1;9;1;10;1;11;1;12;1;13;1;14;1;15;2;15;3;15;4;15;5;15;6;15;6;14;6;13;6;12;6;11;7;11;8;11;9;11
1;1;13;4;8;5;7;5;6;5;5;5;4;5;3;5;2;5;1;5;1;6;1;7;1;8;1;9;1;10;1;11;1;12;1;13;1;14;1;15;2;15;3;15;4;15;5;15;6;15;6;14;6;13;6;12;6;11;7;11;8;11;9;11;10;11
1;1;13;4;7;5;6;5;5;5;4;5;3;5;2;5;1;5;1;6;1;7;1;8;1;9;1;10;1;11;1;12;1;13;1;14;1;15;2;15;3;15;4;15;5;15;6;15;6;14;6;13;6;12;6;11;7;11;8;11;9;11;10;11;11;11
1;1;13;4;6;5;5;5;4;5;3;5;2;5;1;5;1;6;1;7;1;8;1;9;1;10;1;11;1;12;1;13;1;14;1;15;2;15;3;15;4;15;5;15;6;15;6;14;6;13;6;12;6;11;7;11;8;11;9;11;10;11;11;11;12;11
0;1;13;4;5;5;4;5;3;5;2;5;1;5;1;6;1;7;1;8;1;9;1;10;1;11;1;12;1;13;1;14;1;15;2;15;3;15;4;15;5;15;6;15;6;14;6;13;6;12;6;11;7;11;8;11;9;11;10;11;11;11;12;11;13;11
0;0;13;4;4;5;3;5;2;5;1;5;1;6;1;7;1;8;1;9;1;10;1;11;1;12;1;13;1;14;1;15;2;15;3;15;4;15;5;15;6;15;6;14;6;13;6;12;6;11;7;11;8;11;9;11;10;11;11;11;12;11;13;11;13;10
0;0;13;4;3;5;2;5;1;5;1;6;1;7;1;8;1;9;1;10;1;11;1;12;1;13;1;14;1;15;2;15;3;15;4;15;5;15;6;15;6;14;6;13;6;12;6;11;7;11;8;11;9;11;10;11;11;11;12;11;13;11;13;10;13;9
0;0;13;4;2;5;1;5;1;6;1;7;1;8;1;9;1;10;1;11;1;12;1;13;1;14;1;15;2;15;3;15;4;15;5;15;6;15;6;14;6;13;6;12;6;11;7;11;8;11;9;11;10;11;11;11;12;11;13;11;13;10;13;9;13;8
0;0;13;4;1;5;1;6;1;7;1;8;1;9;1;10;1;11;1;12;1;13;1;14;1;15;2;15;3;15;4;15;5;15;6;15;6;14;6;13;6;12;6;11;7;11;8;11;9;11;10;11;11;11;12;11;13;11;13;10;13;9;13;8;13;7
0;0;13;4;1;6;1;7;1;8;1;9;1;10;1;11;1;12;1;13;1;14;1;15;2;15;3;15;4;15;5;15;6;15;6;14;6;13;6;12;6;11;7;11;8;11;9;11;10;11;11;11;12;11;13;11;13;10;13;9;13;8;13;7;13;6
0;0;13;4;1;7;1;8;1;9;1;10;1;11;1;12;1;13;1;14;1;15;2;15;3;15;4;15;5;15;6;15;6;14;6;13;6;12;6;11;7;11;8;11;9;11;10;11;11;11;12;11;13;11;13;10;13;9;13;8;13;7;13;6;13;5
0;0;0;3;1;8;1;8;1;9;1;10;1;11;1;12;1;13;1;14;1;15;2;15;3;15;4;15;5;15;6;15;6;14;6;13;6;12;6;11;7;11;8;11;9;11;10;11;11;11;12;11;13;11;13;10;13;9;13;8;13;7;13;6;13;5;13;4
0;0;0;3;1;8;1;9;1;10;1;11;1;12;1;13;1;14;1;15;2;15;3;15;4;15;5;15;6;15;6;14;6;13;6;12;6;11;7;11;8;11;9;11;10;11;11;11;12;11;13;11;13;10;13;9;13;8;13;7;13;6;13;5;13;4;13;3
3;0;0;3;1;9;1;10;1;11;1;12;1;13;1;14;1;15;2;15;3;15;4;15;5;15;6;15;6;14;6;13;6;12;6;11;7;11;8;11;9;11;10;11;11;11;12;11;13;11;13;10;13;9;13;8;13;7;13;6;13;5;13;4;13;3;13;2
3;3;0;3;1;10;1;11;1;12;1;13;1;14;1;15;2;15;3;15;4;15;5;15;6;15;6;14;6;13;6;12;6;11;7;11;8;11;9;11;10;11;11;11;12;11;13;11;13;10;13;9;13;8;13;7;13;6;13;5;13;4;13;3;13;2;12;2
3;3;0;3;1;11;1;12;1;13;1;14;1;15;2;15;3;15;4;15;5;15;6;15;6;14;6;13;6;12;6;11;7;11;8;11;9;11;10;11;11;11;12;11;13;11;13;10;13;9;13;8;13;7;13;6;13;5;13;4;13;3;13;2;12;2;11;2
3;3;0;3;1;12;1;13;1;14;1;15;2;15;3;15;4;15;5;15;6;15;6;14;6;13;6;12;6;11;7;11;8;11;9;11;10;11;11;11;12;11;13;11;13;10;13;9;13;8;13;7;13;6;13;5;13;4;13;3;13;2;12;2;11;2;10;2
3;3;0;3;1;13;1;14;1;15;2;15;3;15;4;15;5;15;6;15;6;14;6;13;6;12;6;11;7;11;8;11;9;11;10;11;11;11;12;11;13;11;13;10;13;9;13;8;13;7;13;6;13;5;13;4;13;3;13;2;12;2;11;2;10;2;9;2
3;3;0;3;1;14;1;15;2;15;3;15;4;15;5;15;6;15;6;14;6;13;6;12;6;11;7;11;8;11;9;11;10;11;11;11;12;11;13;11;13;10;13;9;13;8;13;7;13;6;13;5;13;4;13;3;13;2;12;2;11;2;10;2;9;2;8;2
3;3;0;3;1;15;2;15;3;15;4;15;5;15;6;15;6;14;6;13;6;12;6;11;7;11;8;11;9;11;10;11;11;11;12;11;13;11;13;10;13;9;13;8;13;7;13;6;13;5;13;4;13;3;13;2;12;2;11;2;10;2;9;2;8;2;7;2
3;3;0;3;2;15;3;15;4;15;5;15;6;15;6;14;6;13;6;12;6;11;7;11;8;11;9;11;10;11;11;11;12;11;13;11;13;10;13;9;13;8;13;7;13;6;13;5;13;4;13;3;13;2;12;2;11;2;10;2;9;2;8;2;7;2;6;2
3;3;0;3;3;15;4;15;5;15;6;15;6;14;6;13;6;12;6;11;7;11;8;11;9;11;10;11;11;11;12;11;13;11;13;10;13;9;13;8;13;7;13;6;13;5;13;4;13;3;13;2;12;2;11;2;10;2;9;2;8;2;7;2;6;2;5;2
3;3;0;3;4;15;5;15;6;15;6;14;6;13;6;12;6;11;7;11;8;11;9;11;10;11;11;11;12;11;13;11;13;10;13;9;13;8;13;7;13;6;13;5;13;4;13;3;13;2;12;2;11;2;10;2;9;2;8;2;7;2;6;2;5;2;4;2
3;3;0;3;5;15;6;15;6;14;6;13;6;12;6;11;7;11;8;11;9;11;10;11;11;11;12;11;13;11;13;10;13;9;13;8;13;7;13;6;13;5;13;4;13;3;13;2;12;2;11;2;10;2;9;2;8;2;7;2;6;2;5;2;4;2;3;2
3;3;0;3;6;15;6;14;6;13;6;12;6;11;7;11;8;11;9;11;10;11;11;11;12;11;13;11;13;10;13;9;13;8;13;7;13;6;13;5;13;4;13;3;13;2;12;2;11;2;10;2;9;2;8;2;7;2;6;2;5;2;4;2;3;2;2;2
2;3;0;3;6;14;6;13;6;12;6;11;7;11;8;11;9;11;10;11;11;11;12;11;13;11;13;10;13;9;13;8;13;7;13;6;13;5;13;4;13;3;13;2;12;2;11;2;10;2;9;2;8;2;7;2;6;2;5;2;4;2;3;2;2;2;1;2
2;2;0;3;6;13;6;12;6;11;7;11;8;11;9;11;10;11;11;11;12;11;13;11;13;10;13;9;13;8;13;7;13;6;13;5;13;4;13;3;13;2;12;2;11;2;10;2;9;2;8;2;7;2;6;2;5;2;4;2;3;2;2;2;1;2;1;3
2;2;0;3;6;12;6;11;7;11;8;11;9;11;10;11;11;11;12;11;13;11;13;10;13;9;13;8;13;7;13;6;13;5;13;4;13;3;13;2;12;2;11;2;10;2;9;2;8;2;7;2;6;2;5;2;4;2;3;2;2;2;1;2;1;3;1;4
2;2;0;3;6;11;7;11;8;11;9;11;10;11;11;11;12;11;13;11;13;10;13;9;13;8;13;7;13;6;13;5;13;4;13;3;13;2;12;2;11;2;10;2;9;2;8;2;7;2;6;2;5;2;4;2;3;2;2;2;1;2;1;3;1;4;1;5
2;2;0;3;7;11;8;11;9;11;10;11;11;11;12;11;13;11;13;10;13;9;13;8;13;7;13;6;13;5;13;4;13;3;13;2;12;2;11;2;10;2;9;2;8;2;7;2;6;2;5;2;4;2;3;2;2;2;1;2;1;3;1;4;1;5;1;6
2;2;0;3;8;11;9;11;10;11;11;11;12;11;13;11;13;10;13;9;13;8;13;7;13;6;13;5;13;4;13;3;13;2;12;2;11;2;10;2;9;2;8;2;7;2;6;2;5;2;4;2;3;2;2;2;1;2;1;3;1;4;1;5;1;6;1;7
2;2;0;3;9;11;10;11;11;11;12;11;13;11;13;10;13;9;13;8;13;7;13;6;13;5;13;4;13;3;13;2;12;2;11;2;10;2;9;2;8;2;7;2;6;2;5;2;4;2;3;2;2;2;1;2;1;3;1;4;1;5;1;6;1;7;1;8
2;2;0;3;10;11;11;11;12;11;13;11;13;10;13;9;13;8;13;7;13;6;13;5;13;4;13;3;13;2;12;2;11;2;10;2;9;2;8;2;7;2;6;2;5;2;4;2;3;2;2;2;1;2;1;3;1;4;1;5;1;6;1;7;1;8;1;9
2;2;0;3;11;11;12;11;13;11;13;10;13;9;13;8;13;7;13;6;13;5;13;4;13;3;13;2;12;2;11;2;10;2;9;2;8;2;7;2;6;2;5;2;4;2;3;2;2;2;1;2;1;3;1;4;1;5;1;6;1;7;1;8;1;9;1;10
1;2;0;3;12;11;13;11;13;10;13;9;13;8;13;7;13;6;13;5;13;4;13;3;13;2;12;2;11;2;10;2;9;2;8;2;7;2;6;2;5;2;4;2;3;2;2;2;1;2;1;3;1;4;1;5;1;6;1;7;1;8;1;9;1;10;1;11
1;1;0;3;13;11;13;10;13;9;13;8;13;7;13;6;13;5;13;4;13;3;13;2;12;2;11;2;10;2;9;2;8;2;7;2;6;2;5;2;4;2;3;2;2;2;1;2;1;3;1;4;1;5;1;6;1;7;1;8;1;9;1;10;1;11;2;11
1;1;0;3;13;10;13;9;13;8;13;7;13;6;13;5;13;4;13;3;13;2;12;2;11;2;10;2;9;2;8;2;7;2;6;2;5;2;4;2;3;2;2;2;1;2;1;3;1;4;1;5;1;6;1;7;1;8;1;9;1;10;1;11;2;11;3;11
2;1;0;3;13;9;13;8;13;7;13;6;13;5;13;4;13;3;13;2;12;2;11;2;10;2;9;2;8;2;7;2;6;2;5;2;4;2;3;2;2;2;1;2;1;3;1;4;1;5;1;6;1;7;1;8;1;9;1;10;1;11;2;11;3;11;4;11
2;2;0;3;13;8;13;7;13;6;13;5;13;4;13;3;13;2;12;2;11;2;10;2;9;2;8;2;7;2;6;2;5;2;4;2;3;2;2;2;1;2;1;3;1;4;1;5;1;6;1;7;1;8;1;9;1;10;1;11;2;11;3;11;4;11;4;12
2;2;0;3;13;7;13;6;13;5;13;4;13;3;13;2;12;2;11;2;10;2;9;2;8;2;7;2;6;2;5;2;4;2;3;2;2;2;1;2;1;3;1;4;1;5;1;6;1;7;1;8;1;9;1;10;1;11;2;11;3;11;4;11;4;12;4;13
3;2;0;3;13;6;13;5;13;4;13;3;13;2;12;2;11;2;10;2;9;2;8;2;7;2;6;2;5;2;4;2;3;2;2;2;1;2;1;3;1;4;1;5;1;6;1;7;1;8;1;9;1;10;1;11;2;11;3;11;4;11;4;12;4;13;4;14
3;3;0;3;13;5;13;4;13;3;13;2;12;2;11;2;10;2;9;2;8;2;7;2;6;2;5;2;4;2;3;2;2;2;1;2;1;3;1;4;1;5;1;6;1;7;1;8;1;9;1;10;1;11;2;11;3;11;4;11;4;12;4;13;4;14;3;14
3;3;0;3;13;4;13;3;13;2;12;2;11;2;10;2;9;2;8;2;7;2;6;2;5;2;4;2;3;2;2;2;1;2;1;3;1;4;1;5;1;6;1;7;1;8;1;9;1;10;1;11;2;11;3;11;4;11;4;12;4;13;4;14;3;14;2;14
3;3;0;3;13;3;13;2;12;2;11;2;10;2;9;2;8;2;7;2;6;2;5;2;4;2;3;2;2;2;1;2;1;3;1;4;1;5;1;6;1;7;1;8;1;9;1;10;1;11;2;11;3;11;4;11;4;12;4;13;4;14;3;14;2;14;1;14
0;3;0;3;13;2;12;2;11;2;10;2;9;2;8;2;7;2;6;2;5;2;4;2;3;2;2;2;1;2;1;3;1;4;1;5;1;6;1;7;1;8;1;9;1;10;1;11;2;11;3;11;4;11;4;12;4;13;4;14;3;14;2;14;1;14;0;14
0;0;0;3;12;2;11;2;10;2;9;2;8;2;7;2;6;2;5;2;4;2;3;2;2;2;1;2;1;3;1;4;1;5;1;6;1;7;1;8;1;9;1;10;1;11;2;11;3;11;4;11;4;12;4;13;4;14;3;14;2;14;1;14;0;14;0;13
0;0;0;3;11;2;10;2;9;2;8;2;7;2;6;2;5;2;4;2;3;2;2;2;1;2;1;3;1;4;1;5;1;6;1;7;1;8;1;9;1;10;1;11;2;11;3;11;4;11;4;12;4;13;4;14;3;14;2;14;1;14;0;14;0;13;0;12
0;0;0;3;10;2;9;2;8;2;7;2;6;2;5;2;4;2;3;2;2;2;1;2;1;3;1;4;1;5;1;6;1;7;1;8;1;9;1;10;1;11;2;11;3;11;4;11;4;12;4;13;4;14;3;14;2;14;1;14;0;14;0;13;0;12;0;11
0;0;0;3;9;2;8;2;7;2;6;2;5;2;4;2;3;2;2;2;1;2;1;3;1;4;1;5;1;6;1;7;1;8;1;9;1;10;1;11;2;11;3;11;4;11;4;12;4;13;4;14;3;14;2;14;1;14;0;14;0;13;0;12;0;11;0;10
0;0;0;3;8;2;7;2;6;2;5;2;4;2;3;2;2;2;1;2;1;3;1;4;1;5;1;6;1;7;1;8;1;9;1;10;1;11;2;11;3;11;4;11;4;12;4;13;4;14;3;14;2;14;1;14;0;14;0;13;0;12;0;11;0;10;0;9
0;0;0;3;7;2;6;2;5;2;4;2;3;2;2;2;1;2;1;3;1;4;1;5;1;6;1;7;1;8;1;9;1;10;1;11;2;11;3;11;4;11;4;12;4;13;4;14;3;14;2;14;1;14;0;14;0;13;0;12;0;11;0;10;0;9;0;8
0;0;0;3;6;2;5;2;4;2;3;2;2;2;1;2;1;3;1;4;1;5;1;6;1;7;1;8;1;9;1;10;1;11;2;11;3;11;4;11;4;12;4;13;4;14;3;14;2;14;1;14;0;14;0;13;0;12;0;11;0;10;0;9;0;8;0;7
0;0;0;3;5;2;4;2;3;2;2;2;1;2;1;3;1;4;1;5;1;6;1;7;1;8;1;9;1;10;1;11;2;11;3;11;4;11;4;12;4;13;4;14;3;14;2;14;1;14;0;14;0;13;0;12;0;11;0;10;0;9;0;8;0;7;0;6
0;0;0;3;4;2;3;2;2;2;1;2;1;3;1;4;1;5;1;6;1;7;1;8;1;9;1;10;1;11;2;11;3;11;4;11;4;12;4;13;4;14;3;14;2;14;1;14;0;14;0;13;0;12;0;11;0;10;0;9;0;8;0;7;0;6;0;5
0;0;0;3;3;2;2;2;1;2;1;3;1;4;1;5;1;6;1;7;1;8;1;9;1;10;1;11;2;11;3;11;4;11;4;12;4;13;4;14;3;14;2;14;1;14;0;14;0;13;0;12;0;11;0;10;0;9;0;8;0;7;0;6;0;5;0;4
0;0;2;1;2;2;2;2;1;2;1;3;1;4;1;5;1;6;1;7;1;8;1;9;1;10;1;11;2;11;3;11;4;11;4;12;4;13;4;14;3;14;2;14;1;14;0;14;0;13;0;12;0;11;0;10;0;9;0;8;0;7;0;6;0;5;0;4;0;3
0;0;2;1;2;2;1;2;1;3;1;4;1;5;1;6;1;7;1;8;1;9;1;10;1;11;2;11;3;11;4;11;4;12;4;13;4;14;3;14;2;14;1;14;0;14;0;13;0;12;0;11;0;10;0;9;0;8;0;7;0;6;0;5;0;4;0;3;0;2
0;0;2;1;1;2;1;3;1;4;1;5;1;6;1;7;1;8;1;9;1;10;1;11;2;11;3;11;4;11;4;12;4;13;4;14;3;14;2;14;1;14;0;14;0;13;0;12;0;11;0;10;0;9;0;8;0;7;0;6;0;5;0;4;0;3;0;2;0;1
1;0;2;1;1;3;1;4;1;5;1;6;1;7;1;8;1;9;1;10;1;11;2;11;3;11;4;11;4;12;4;13;4;14;3;14;2;14;1;14;0;14;0;13;0;12;0;11;0;10;0;9;0;8;0;7;0;6;0;5;0;4;0;3;0;2;0;1;0;0
1;1;2;1;1;4;1;5;1;6;1;7;1;8;1;9;1;10;1;11;2;11;3;11;4;11;4;12;4;13;4;14;3;14;2;14;1;14;0;14;0;13;0;12;0;11;0;10;0;9;0;8;0;7;0;6;0;5;0;4;0;3;0;2;0;1;0;0;1;0
1;1;2;1;1;5;1;6;1;7;1;8;1;9;1;10;1;11;2;11;3;11;4;11;4;12;4;13;4;14;3;14;2;14;1;14;0;14;0;13;0;12;0;11;0;10;0;9;0;8;0;7;0;6;0;5;0;4;0;3;0;2;0;1;0;0;1;0;2;0
1;1;2;1;1;6;1;7;1;8;1;9;1;10;1;11;2;11;3;11;4;11;4;12;4;13;4;14;3;14;2;14;1;14;0;14;0;13;0;12;0;11;0;10;0;9;0;8;0;7;0;6;0;5;0;4;0;3;0;2;0;1;0;0;1;0;2;0;3;0
1;1;2;1;1;7;1;8;1;9;1;10;1;11;2;11;3;11;4;11;4;12;4;13;4;14;3;14;2;14;1;14;0;14;0;13;0;12;0;11;0;10;0;9;0;8;0;7;0;6;0;5;0;4;0;3;0;2;0;1;0;0;1;0;2;0;3;0;4;0
1;1;2;1;1;8;1;9;1;10;1;11;2;11;3;11;4;11;4;12;4;13;4;14;3;14;2;14;1;14;0;14;0;13;0;12;0;11;0;10;0;9;0;8;0;7;0;6;0;5;0;4;0;3;0;2;0;1;0;0;1;0;2;0;3;0;4;0;5;0
1;1;2;1;1;9;1;10;1;11;2;11;3;11;4;11;4;12;4;13;4;14;3;14;2;14;1;14;0;14;0;13;0;12;0;11;0;10;0;9;0;8;0;7;0;6;0;5;0;4;0;3;0;2;0;1;0;0;1;0;2;0;3;0;4;0;5;0;6;0
1;1;2;1;1;10;1;11;2;11;3;11;4;11;4;12;4;13;4;14;3;14;2;14;1;14;0;14;0;13;0;12;0;11;0;10;0;9;0;8;0;7;0;6;0;5;0;4;0;3;0;2;0;1;0;0;1;0;2;0;3;0;4;0;5;0;6;0;7;0
1;1;2;1;1;11;2;11;3;11;4;11;4;12;4;13;4;14;3;14;2;14;1;14;0;14;0;13;0;12;0;11;0;10;0;9;0;8;0;7;0;6;0;5;0;4;0;3;0;2;0;1;0;0;1;0;2;0;3;0;4;0;5;0;6;0;7;0;8;0
2;1;2;1;2;11;3;11;4;11;4;12;4;13;4;14;3;14;2;14;1;14;0;14;0;13;0;12;0;11;0;10;0;9;0;8;0;7;0;6;0;5;0;4;0;3;0;2;0;1;0;0;1;0;2;0;3;0;4;0;5;0;6;0;7;0;8;0;9;0
3;2;2;1;3;11;4;11;4;12;4;13;4;14;3;14;2;14;1;14;0;14;0;13;0;12;0;11;0;10;0;9;0;8;0;7;0;6;0;5;0;4;0;3;0;2;0;1;0;0;1;0;2;0;3;0;4;0;5;0;6;0;7;0;8;0;9;0;9;1
3;3;2;1;4;11;4;12;4;13;4;14;3;14;2;14;1;14;0;14;0;13;0;12;0;11;0;10;0;9;0;8;0;7;0;6;0;5;0;4;0;3;0;2;0;1;0;0;1;0;2;0;3;0;4;0;5;0;6;0;7;0;8;0;9;0;9;1;8;1
3;3;2;1;4;12;4;13;4;14;3;14;2;14;1;14;0;14;0;13;0;12;0;11;0;10;0;9;0;8;0;7;0;6;0;5;0;4;0;3;0;2;0;1;0;0;1;0;2;0;3;0;4;0;5;0;6;0;7;0;8;0;9;0;9;1;8;1;7;1
3;3;2;1;4;13;4;14;3;14;2;14;1;14;0;14;0;13;0;12;0;11;0;10;0;9;0;8;0;7;0;6;0;5;0;4;0;3;0;2;0;1;0;0;1;0;2;0;3;0;4;0;5;0;6;0;7;0;8;0;9;0;9;1;8;1;7;1;6;1
3;3;2;1;4;14;3;14;2;14;1;14;0;14;0;13;0;12;0;11;0;10;0;9;0;8;0;7;0;6;0;5;0;4;0;3;0;2;0;1;0;0;1;0;2;0;3;0;4;0;5;0;6;0;7;0;8;0;9;0;9;1;8;1;7;1;6;1;5;1
3;3;2;1;3;14;2;14;1;14;0;14;0;13;0;12;0;11;0;10;0;9;0;8;0;7;0;6;0;5;0;4;0;3;0;2;0;1;0;0;1;0;2;0;3;0;4;0;5;0;6;0;7;0;8;0;9;0;9;1;8;1;7;1;6;1;5;1;4;1
3;3;2;1;2;14;1;14;0;14;0;13;0;12;0;11;0;10;0;9;0;8;0;7;0;6;0;5;0;4;0;3;0;2;0;1;0;0;1;0;2;0;3;0;4;0;5;0;6;0;7;0;8;0;9;0;9;1;8;1;7;1;6;1;5;1;4;1;3;1
2;3;8;19;1;14;1;14;0;14;0;13;0;12;0;11;0;10;0;9;0;8;0;7;0;6;0;5;0;4;0;3;0;2;0;1;0;0;1;0;2;0;3;0;4;0;5;0;6;0;7;0;8;0;9;0;9;1;8;1;7;1;6;1;5;1;4;1;3;1;2;1
2;2;8;19;1;14;0;14;0;13;0;12;0;11;0;10;0;9;0;8;0;7;0;6;0;5;0;4;0;3;0;2;0;1;0;0;1;0;2;0;3;0;4;0;5;0;6;0;7;0;8;0;9;0;9;1;8;1;7;1;6;1;5;1;4;1;3;1;2;1;2;2
2;2;8;19;0;14;0;13;0;12;0;11;0;10;0;9;0;8;0;7;0;6;0;5;0;4;0;3;0;2;0;1;0;0;1;0;2;0;3;0;4;0;5;0;6;0;7;0;8;0;9;0;9;1;8;1;7;1;6;1;5;1;4;1;3;1;2;1;2;2;2;3
2;2;8;19;0;13;0;12;0;11;0;10;0;9;0;8;0;7;0;6;0;5;0;4;0;3;0;2;0;1;0;0;1;0;2;0;3;0;4;0;5;0;6;0;7;0;8;0;9;0;9;1;8;1;7;1;6;1;5;1;4;1;3;1;2;1;2;2;2;3;2;4
1;2;8;19;0;12;0;11;0;10;0;9;0;8;0;7;0;6;0;5;0;4;0;3;0;2;0;1;0;0;1;0;2;0;3;0;4;0;5;0;6;0;7;0;8;0;9;0;9;1;8;1;7;1;6;1;5;1;4;1;3;1;2;1;2;2;2;3;2;4;2;5
1;1;8;19;0;11;0;10;0;9;0;8;0;7;0;6;0;5;0;4;0;3;0;2;0;1;0;0;1;0;2;0;3;0;4;0;5;0;6;0;7;0;8;0;9;0;9;1;8;1;7;1;6;1;5;1;4;1;3;1;2;1;2;2;2;3;2;4;2;5;3;5
1;1;8;19;0;10;0;9;0;8;0;7;0;6;0;5;0;4;0;3;0;2;0;1;0;0;1;0;2;0;3;0;4;0;5;0;6;0;7;0;8;0;9;0;9;1;8;1;7;1;6;1;5;1;4;1;3;1;2;1;2;2;2;3;2;4;2;5;3;5;4;5
2;1;8;19;0;9;0;8;0;7;0;6;0;5;0;4;0;3;0;2;0;1;0;0;1;0;2;0;3;0;4;0;5;0;6;0;7;0;8;0;9;0;9;1;8;1;7;1;6;1;5;1;4;1;3;1;2;1;2;2;2;3;2;4;2;5;3;5;4;5;5;5
2;2;8;19;0;8;0;7;0;6;0;5;0;4;0;3;0;2;0;1;0;0;1;0;2;0;3;0;4;0;5;0;6;0;7;0;8;0;9;0;9;1;8;1;7;1;6;1;5;1;4;1;3;1;2;1;2;2;2;3;2;4;2;5;3;5;4;5;5;5;5;6
2;2;8;19;0;7;0;6;0;5;0;4;0;3;0;2;0;1;0;0;1;0;2;0;3;0;4;0;5;0;6;0;7;0;8;0;9;0;9;1;8;1;7;1;6;1;5;1;4;1;3;1;2;1;2;2;2;3;2;4;2;5;3;5;4;5;5;5;5;6;5;7
2;2;8;19;0;6;0;5;0;4;0;3;0;2;0;1;0;0;1;0;2;0;3;0;4;0;5;0;6;0;7;0;8;0;9;0;9;1;8;1;7;1;6;1;5;1;4;1;3;1;2;1;2;2;2;3;2;4;2;5;3;5;4;5;5;5;5;6;5;7;5;8
2;2;8;19;0;5;0;4;0;3;0;2;0;1;0;0;1;0;2;0;3;0;4;0;5;0;6;0;7;0;8;0;9;0;9;1;8;1;7;1;6;1;5;1;4;1;3;1;2;1;2;2;2;3;2;4;2;5;3;5;4;5;5;5;5;6;5;7;5;8;5;9
2;2;8;19;0;4;0;3;0;2;0;1;0;0;1;0;2;0;3;0;4;0;5;0;6;0;7;0;8;0;9;0;9;1;8;1;7;1;6;1;5;1;4;1;3;1;2;1;2;2;2;3;2;4;2;5;3;5;4;5;5;5;5;6;5;7;5;8;5;9;5;10
2;2;8;19;0;3;0;2;0;1;0;0;1;0;2;0;3;0;4;0;5;0;6;0;7;0;8;0;9;0;9;1;8;1;7;1;6;1;5;1;4;1;3;1;2;1;2;2;2;3;2;4;2;5;3;5;4;5;5;5;5;6;5;7;5;8;5;9;5;10;5;11
2;2;8;19;0;2;0;1;0;0;1;0;2;0;3;0;4;0;5;0;6;0;7;0;8;0;9;0;9;1;8;1;7;1;6;1;5;1;4;1;3;1;2;1;2;2;2;3;2;4;2;5;3;5;4;5;5;5;5;6;5;7;5;8;5;9;5;10;5;11;5;12
2;2;8;19;0;1;0;0;1;0;2;0;3;0;4;0;5;0;6;0;7;0;8;0;9;0;9;1;8;1;7;1;6;1;5;1;4;1;3;1;2;1;2;2;2;3;2;4;2;5;3;5;4;5;5;5;5;6;5;7;5;8;5;9;5;10;5;11;5;12;5;13
2;2;8;19;0;0;1;0;2;0;3;0;4;0;5;0;6;0;7;0;8;0;9;0;9;1;8;1;7;1;6;1;5;1;4;1;3;1;2;1;2;2;2;3;2;4;2;5;3;5;4;5;5;5;5;6;5;7;5;8;5;9;5;10;5;11;5;12;5;13;5;14
2;2;8;19;1;0;2;0;3;0;4;0;5;0;6;0;7;0;8;0;9;0;9;1;8;1;7;1;6;1;5;1;4;1;3;1;2;1;2;2;2;3;2;4;2;5;3;5;4;5;5;5;5;6;5;7;5;8;5;9;5;10;5;11;5;12;5;13;5;14;5;15
2;2;8;19;2;0;3;0;4;0;5;0;6;0;7;0;8;0;9;0;9;1;8;1;7;1;6;1;5;1;4;1;3;1;2;1;2;2;2;3;2;4;2;5;3;5;4;5;5;5;5;6;5;7;5;8;5;9;5;10;5;11;5;12;5;13;5;14;5;15;5;16
2;2;8;19;3;0;4;0;5;0;6;0;7;0;8;0;9;0;9;1;8;1;7;1;6;1;5;1;4;1;3;1;2;1;2;2;2;3;2;4;2;5;3;5;4;5;5;5;5;6;5;7;5;8;5;9;5;10;5;11;5;12;5;13;5;14;5;15;5;16;5;17
2;2;8;19;4;0;5;0;6;0;7;0;8;0;9;0;9;1;8;1;7;1;6;1;5;1;4;1;3;1;2;1;2;2;2;3;2;4;2;5;3;5;4;5;5;5;5;6;5;7;5;8;5;9;5;10;5;11;5;12;5;13;5;14;5;15;5;16;5;17;5;18
1;2;8;19;5;0;6;0;7;0;8;0;9;0;9;1;8;1;7;1;6;1;5;1;4;1;3;1;2;1;2;2;2;3;2;4;2;5;3;5;4;5;5;5;5;6;5;7;5;8;5;9;5;10;5;11;5;12;5;13;5;14;5;15;5;16;5;17;5;18;5;19
1;1;8;19;6;0;7;0;8;0;9;0;9;1;8;1;7;1;6;1;5;1;4;1;3;1;2;1;2;2;2;3;2;4;2;5;3;5;4;5;5;5;5;6;5;7;5;8;5;9;5;10;5;11;5;12;5;13;5;14;5;15;5;16;5;17;5;18;5;19;6;19
1;1;8;19;7;0;8;0;9;0;9;1;8;1;7;1;6;1;5;1;4;1;3;1;2;1;2;2;2;3;2;4;2;5;3;5;4;5;5;5;5;6;5;7;5;8;5;9;5;10;5;11;5;12;5;13;5;14;5;15;5;16;5;17;5;18;5;19;6;19;7;19
1;1;1;7;8;0;8;0;9;0;9;1;8;1;7;1;6;1;5;1;4;1;3;1;2;1;2;2;2;3;2;4;2;5;3;5;4;5;5;5;5;6;5;7;5;8;5;9;5;10;5;11;5;12;5;13;5;14;5;15;5;16;5;17;5;18;5;19;6;19;7;19;8;19
1;1;1;7;8;0;9;0;9;1;8;1;7;1;6;1;5;1;4;1;3;1;2;1;2;2;2;3;2;4;2;5;3;5;4;5;5;5;5;6;5;7;5;8;5;9;5;10;5;11;5;12;5;13;5;14;5;15;5;16;5;17;5;18;5;19;6;19;7;19;8;19;9;19
1;1;1;7;9;0;9;1;8;1;7;1;6;1;5;1;4;1;3;1;2;1;2;2;2;3;2;4;2;5;3;5;4;5;5;5;5;6;5;7;5;8;5;9;5;10;5;11;5;12;5;13;5;14;5;15;5;16;5;17;5;18;5;19;6;19;7;19;8;19;9;19;10;19
0;1;1;7;9;1;8;1;7;1;6;1;5;1;4;1;3;1;2;1;2;2;2;3;2;4;2;5;3;5;4;5;5;5;5;6;5;7;5;8;5;9;5;10;5;11;5;12;5;13;5;14;5;15;5;16;5;17;5;18;5;19;6;19;7;19;8;19;9;19;10;19;11;19
0;0;1;7;8;1;7;1;6;1;5;1;4;1;3;1;2;1;2;2;2;3;2;4;2;5;3;5;4;5;5;5;5;6;5;7;5;8;5;9;5;10;5;11;5;12;5;13;5;14;5;15;5;16;5;17;5;18;5;19;6;19;7;19;8;19;9;19;10;19;11;19;11;18
0;0;1;7;7;1;6;1;5;1;4;1;3;1;2;1;2;2;2;3;2;4;2;5;3;5;4;5;5;5;5;6;5;7;5;8;5;9;5;10;5;11;5;12;5;13;5;14;5;15;5;16;5;17;5;18;5;19;6;19;7;19;8;19;9;19;10;19;11;19;11;18;11;17
0;0;1;7;6;1;5;1;4;1;3;1;2;1;2;2;2;3;2;4;2;5;3;5;4;5;5;5;5;6;5;7;5;8;5;9;5;10;5;11;5;12;5;13;5;14;5;15;5;16;5;17;5;18;5;19;6;19;7;19;8;19;9;19;10;19;11;19;11;18;11;17;11;16
0;0;1;7;5;1;4;1;3;1;2;1;2;2;2;3;2;4;2;5;3;5;4;5;5;5;5;6;5;7;5;8;5;9;5;10;5;11;5;12;5;13;5;14;5;15;5;16;5;17;5;18;5;19;6;19;7;19;8;19;9;19;10;19;11;19;11;18;11;17;11;16;11;15
0;0;1;7;4;1;3;1;2;1;2;2;2;3;2;4;2;5;3;5;4;5;5;5;5;6;5;7;5;8;5;9;5;10;5;11;5;12;5;13;5;14;5;15;5;16;5;17;5;18;5;19;6;19;7;19;8;19;9;19;10;19;11;19;11;18;11;17;11;16;11;15;11;14
0;0;1;7;3;1;2;1;2;2;2;3;2;4;2;5;3;5;4;5;5;5;5;6;5;7;5;8;5;9;5;10;5;11;5;12;5;13;5;14;5;15;5;16;5;17;5;18;5;19;6;19;7;19;8;19;9;19;10;19;11;19;11;18;11;17;11;16;11;15;11;14;11;13
0;0;1;7;2;1;2;2;2;3;2;4;2;5;3;5;4;5;5;5;5;6;5;7;5;8;5;9;5;10;5;11;5;12;5;13;5;14;5;15;5;16;5;17;5;18;5;19;6;19;7;19;8;19;9;19;10;19;11;19;11;18;11;17;11;16;11;15;11;14;11;13;11;12
0;0;1;7;2;2;2;3;2;4;2;5;3;5;4;5;5;5;5;6;5;7;5;8;5;9;5;10;5;11;5;12;5;13;5;14;5;15;5;16;5;17;5;18;5;19;6;19;7;19;8;19;9;19;10;19;11;19;11;18;11;17;11;16;11;15;11;14;11;13;11;12;11;11
0;0;1;7;2;3;2;4;2;5;3;5;4;5;5;5;5;6;5;7;5;8;5;9;5;10;5;11;5;12;5;13;5;14;5;15;5;16;5;17;5;18;5;19;6;19;7;19;8;19;9;19;10;19;11;19;11;18;11;17;11;16;11;15;11;14;11;13;11;12;11;11;11;10
0;0;1;7;2;4;2;5;3;5;4;5;5;5;5;6;5;7;5;8;5;9;5;10;5;11;5;12;5;13;5;14;5;15;5;16;5;17;5;18;5;19;6;19;7;19;8;19;9;19;10;19;11;19;11;18;11;17;11;16;11;15;11;14;11;13;11;12;11;11;11;10;11;9
0;0;1;7;2;5;3;5;4;5;5;5;5;6;5;7;5;8;5;9;5;10;5;11;5;12;5;13;5;14;5;15;5;16;5;17;5;18;5;19;6;19;7;19;8;19;9;19;10;19;11;19;11;18;11;17;11;16;11;15;11;14;11;13;11;12;11;11;11;10;11;9;11;8
0;0;1;7;3;5;4;5;5;5;5;6;5;7;5;8;5;9;5;10;5;11;5;12;5;13;5;14;5;15;5;16;5;17;5;18;5;19;6;19;7;19;8;19;9;19;10;19;11;19;11;18;11;17;11;16;11;15;11;14;11;13;11;12;11;11;11;10;11;9;11;8;11;7
0;0;1;7;4;5;5;5;5;6;5;7;5;8;5;9;5;10;5;11;5;12;5;13;5;14;5;15;5;16;5;17;5;18;5;19;6;19;7;19;8;19;9;19;10;19;11;19;11;18;11;17;11;16;11;15;11;14;11;13;11;12;11;11;11;10;11;9;11;8;11;7;11;6
0;0;1;7;5;5;5;6;5;7;5;8;5;9;5;10;5;11;5;12;5;13;5;14;5;15;5;16;5;17;5;18;5;19;6;19;7;19;8;19;9;19;10;19;11;19;11;18;11;17;11;16;11;15;11;14;11;13;11;12;11;11;11;10;11;9;11;8;11;7;11;6;11;5
0;0;1;7;5;6;5;7;5;8;5;9;5;10;5;11;5;12;5;13;5;14;5;15;5;16;5;17;5;18;5;19;6;19;7;19;8;19;9;19;10;19;11;19;11;18;11;17;11;16;11;15;11;14;11;13;11;12;11;11;11;10;11;9;11;8;11;7;11;6;11;5;11;4
3;0;1;7;5;7;5;8;5;9;5;10;5;11;5;12;5;13;5;14;5;15;5;16;5;17;5;18;5;19;6;19;7;19;8;19;9;19;10;19;11;19;11;18;11;17;11;16;11;15;11;14;11;13;11;12;11;11;11;10;11;9;11;8;11;7;11;6;11;5;11;4;11;3
3;3;1;7;5;8;5;9;5;10;5;11;5;12;5;13;5;14;5;15;5;16;5;17;5;18;5;19;6;19;7;19;8;19;9;19;10;19;11;19;11;18;11;17;11;16;11;15;11;14;11;13;11;12;11;11;11;10;11;9;11;8;11;7;11;6;11;5;11;4;11;3;10;3
3;3;1;7;5;9;5;10;5;11;5;12;5;13;5;14;5;15;5;16;5;17;5;18;5;19;6;19;7;19;8;19;9;19;10;19;11;19;11;18;11;17;11;16;11;15;11;14;11;13;11;12;11;11;11;10;11;9;11;8;11;7;11;6;11;5;11;4;11;3;10;3;9;3
3;3;1;7;5;10;5;11;5;12;5;13;5;14;5;15;5;16;5;17;5;18;5;19;6;19;7;19;8;19;9;19;10;19;11;19;11;18;11;17;11;16;11;15;11;14;11;13;11;12;11;11;11;10;11;9;11;8;11;7;11;6;11;5;11;4;11;3;10;3;9;3;8;3
3;3;1;7;5;11;5;12;5;13;5;14;5;15;5;16;5;17;5;18;5;19;6;19;7;19;8;19;9;19;10;19;11;19;11;18;11;17;11;16;11;15;11;14;11;13;11;12;11;11;11;10;11;9;11;8;11;7;11;6;11;5;11;4;11;3;10;3;9;3;8;3;7;3
3;3;1;7;5;12;5;13;5;14;5;15;5;16;5;17;5;18;5;19;6;19;7;19;8;19;9;19;10;19;11;19;11;18;11;17;11;16;11;15;11;14;11;13;11;12;11;11;11;10;11;9;11;8;11;7;11;6;11;5;11;4;11;3;10;3;9;3;8;3;7;3;6;3
3;3;1;7;5;13;5;14;5;15;5;16;5;17;5;18;5;19;6;19;7;19;8;19;9;19;10;19;11;19;11;18;11;17;11;16;11;15;11;14;11;13;11;12;11;11;11;10;11;9;11;8;11;7;11;6;11;5;11;4;11;3;10;3;9;3;8;3;7;3;6;3;5;3
3;3;1;7;5;14;5;15;5;16;5;17;5;18;5;19;6;19;7;19;8;19;9;19;10;19;11;19;11;18;11;17;11;16;11;15;11;14;11;13;11;12;11;11;11;10;11;9;11;8;11;7;11;6;11;5;11;4;11;3;10;3;9;3;8;3;7;3;6;3;5;3;4;3
3;3;1;7;5;15;5;16;5;17;5;18;5;19;6;19;7;19;8;19;9;19;10;19;11;19;11;18;11;17;11;16;11;15;11;14;11;13;11;12;11;11;11;10;11;9;11;8;11;7;11;6;11;5;11;4;11;3;10;3;9;3;8;3;7;3;6;3;5;3;4;3;3;3
3;3;1;7;5;16;5;17;5;18;5;19;6;19;7;19;8;19;9;19;10;19;11;19;11;18;11;17;11;16;11;15;11;14;11;13;11;12;11;11;11;10;11;9;11;8;11;7;11;6;11;5;11;4;11;3;10;3;9;3;8;3;7;3;6;3;5;3;4;3;3;3;2;3
2;3;1;7;5;17;5;18;5;19;6;19;7;19;8;19;9;19;10;19;11;19;11;18;11;17;11;16;11;15;11;14;11;13;11;12;11;11;11;10;11;9;11;8;11;7;11;6;11;5;11;4;11;3;10;3;9;3;8;3;7;3;6;3;5;3;4;3;3;3;2;3;1;3
2;2;1;7;5;18;5;19;6;19;7;19;8;19;9;19;10;19;11;19;11;18;11;17;11;16;11;15;11;14;11;13;11;12;11;11;11;10;11;9;11;8;11;7;11;6;11;5;11;4;11;3;10;3;9;3;8;3;7;3;6;3;5;3;4;3;3;3;2;3;1;3;1;4
2;2;1;7;5;19;6;19;7;19;8;19;9;19;10;19;11;19;11;18;11;17;11;16;11;15;11;14;11;13;11;12;11;11;11;10;11;9;11;8;11;7;11;6;11;5;11;4;11;3;10;3;9;3;8;3;7;3;6;3;5;3;4;3;3;3;2;3;1;3;1;4;1;5
2;2;1;7;6;19;7;19;8;19;9;19;10;19;11;19;11;18;11;17;11;16;11;15;11;14;11;13;11;12;11;11;11;10;11;9;11;8;11;7;11;6;11;5;11;4;11;3;10;3;9;3;8;3;7;3;6;3;5;3;4;3;3;3;2;3;1;3;1;4;1;5;1;6
2;2;7;2;7;19;7;19;8;19;9;19;10;19;11;19;11;18;11;17;11;16;11;15;11;14;11;13;11;12;11;11;11;10;11;9;11;8;11;7;11;6;11;5;11;4;11;3;10;3;9;3;8;3;7;3;6;3;5;3;4;3;3;3;2;3;1;3;1;4;1;5;1;6;1;7
2;2;7;2;7;19;8;19;9;19;10;19;11;19;11;18;11;17;11;16;11;15;11;14;11;13;11;12;11;11;11;10;11;9;11;8;11;7;11;6;11;5;11;4;11;3;10;3;9;3;8;3;7;3;6;3;5;3;4;3;3;3;2;3;1;3;1;4;1;5;1;6;1;7;1;8
2;2;7;2;8;19;9;19;10;19;11;19;11;18;11;17;11;16;11;15;11;14;11;13;11;12;11;11;11;10;11;9;11;8;11;7;11;6;11;5;11;4;11;3;10;3;9;3;8;3;7;3;6;3;5;3;4;3;3;3;2;3;1;3;1;4;1;5;1;6;1;7;1;8;1;9
2;2;7;2;9;19;10;19;11;19;11;18;11;17;11;16;11;15;11;14;11;13;11;12;11;11;11;10;11;9;11;8;11;7;11;6;11;5;11;4;11;3;10;3;9;3;8;3;7;3;6;3;5;3;4;3;3;3;2;3;1;3;1;4;1;5;1;6;1;7;1;8;1;9;1;10
2;2;7;2;10;19;11;19;11;18;11;17;11;16;11;15;11;14;11;13;11;12;11;11;11;10;11;9;11;8;11;7;11;6;11;5;11;4;11;3;10;3;9;3;8;3;7;3;6;3;5;3;4;3;3;3;2;3;1;3;1;4;1;5;1;6;1;7;1;8;1;9;1;10;1;11
1;2;7;2;11;19;11;18;11;17;11;16;11;15;11;14;11;13;11;12;11;11;11;10;11;9;11;8;11;7;11;6;11;5;11;4;11;3;10;3;9;3;8;3;7;3;6;3;5;3;4;3;3;3;2;3;1;3;1;4;1;5;1;6;1;7;1;8;1;9;1;10;1;11;1;12
1;1;7;2;11;18;11;17;11;16;11;15;11;14;11;13;11;12;11;11;11;10;11;9;11;8;11;7;11;6;11;5;11;4;11;3;10;3;9;3;8;3;7;3;6;3;5;3;4;3;3;3;2;3;1;3;1;4;1;5;1;6;1;7;1;8;1;9;1;10;1;11;1;12;2;12
1;1;7;2;11;17;11;16;11;15;11;14;11;13;11;12;11;11;11;10;11;9;11;8;11;7;11;6;11;5;11;4;11;3;10;3;9;3;8;3;7;3;6;3;5;3;4;3;3;3;2;3;1;3;1;4;1;5;1;6;1;7;1;8;1;9;1;10;1;11;1;12;2;12;3;12
1;1;7;2;11;16;11;15;11;14;11;13;11;12;11;11;11;10;11;9;11;8;11;7;11;6;11;5;11;4;11;3;10;3;9;3;8;3;7;3;6;3;5;3;4;3;3;3;2;3;1;3;1;4;1;5;1;6;1;7;1;8;1;9;1;10;1;11;1;12;2;12;3;12;4;12
1;1;7;2;11;15;11;14;11;13;11;12;11;11;11;10;11;9;11;8;11;7;11;6;11;5;11;4;11;3;10;3;9;3;8;3;7;3;6;3;5;3;4;3;3;3;2;3;1;3;1;4;1;5;1;6;1;7;1;8;1;9;1;10;1;11;1;12;2;12;3;12;4;12;5;12
1;1;7;2;11;14;11;13;11;12;11;11;11;10;11;9;11;8;11;7;11;6;11;5;11;4;11;3;10;3;9;3;8;3;7;3;6;3;5;3;4;3;3;3;2;3;1;3;1;4;1;5;1;6;1;7;1;8;1;9;1;10;1;11;1;12;2;12;3;12;4;12;5;12;6;12
1;1;7;2;11;13;11;12;11;11;11;10;11;9;11;8;11;7;11;6;11;5;11;4;11;3;10;3;9;3;8;3;7;3;6;3;5;3;4;3;3;3;2;3;1;3;1;4;1;5;1;6;1;7;1;8;1;9;1;10;1;11;1;12;2;12;3;12;4;12;5;12;6;12;7;12
1;1;7;2;11;12;11;11;11;10;11;9;11;8;11;7;11;6;11;5;11;4;11;3;10;3;9;3;8;3;7;3;6;3;5;3;4;3;3;3;2;3;1;3;1;4;1;5;1;6;1;7;1;8;1;9;1;10;1;11;1;12;2;12;3;12;4;12;5;12;6;12;7;12;8;12
1;1;7;2;11;11;11;10;11;9;11;8;11;7;11;6;11;5;11;4;11;3;10;3;9;3;8;3;7;3;6;3;5;3;4;3;3;3;2;3;1;3;1;4;1;5;1;6;1;7;1;8;1;9;1;10;1;11;1;12;2;12;3;12;4;12;5;12;6;12;7;12;8;12;9;12
1;1;7;2;11;10;11;9;11;8;11;7;11;6;11;5;11;4;11;3;10;3;9;3;8;3;7;3;6;3;5;3;4;3;3;3;2;3;1;3;1;4;1;5;1;6;1;7;1;8;1;9;1;10;1;11;1;12;2;12;3;12;4;12;5;12;6;12;7;12;8;12;9;12;10;12
1;1;7;2;11;9;11;8;11;7;11;6;11;5;11;4;11;3;10;3;9;3;8;3;7;3;6;3;5;3;4;3;3;3;2;3;1;3;1;4;1;5;1;6;1;7;1;8;1;9;1;10;1;11;1;12;2;12;3;12;4;12;5;12;6;12;7;12;8;12;9;12;10;12;11;12
0;1;7;2;11;8;11;7;11;6;11;5;11;4;11;3;10;3;9;3;8;3;7;3;6;3;5;3;4;3;3;3;2;3;1;3;1;4;1;5;1;6;1;7;1;8;1;9;1;10;1;11;1;12;2;12;3;12;4;12;5;12;6;12;7;12;8;12;9;12;10;12;11;12;12;12
0;0;7;2;11;7;11;6;11;5;11;4;11;3;10;3;9;3;8;3;7;3;6;3;5;3;4;3;3;3;2;3;1;3;1;4;1;5;1;6;1;7;1;8;1;9;1;10;1;11;1;12;2;12;3;12;4;12;5;12;6;12;7;12;8;12;9;12;10;12;11;12;12;12;12;11
0;0;7;2;11;6;11;5;11;4;11;3;10;3;9;3;8;3;7;3;6;3;5;3;4;3;3;3;2;3;1;3;1;4;1;5;1;6;1;7;1;8;1;9;1;10;1;11;1;12;2;12;3;12;4;12;5;12;6;12;7;12;8;12;9;12;10;12;11;12;12;12;12;11;12;10
0;0;7;2;11;5;11;4;11;3;10;3;9;3;8;3;7;3;6;3;5;3;4;3;3;3;2;3;1;3;1;4;1;5;1;6;1;7;1;8;1;9;1;10;1;11;1;12;2;12;3;12;4;12;5;12;6;12;7;12;8;12;9;12;10;12;11;12;12;12;12;11;12;10;12;9
0;0;7;2;11;4;11;3;10;3;9;3;8;3;7;3;6;3;5;3;4;3;3;3;2;3;1;3;1;4;1;5;1;6;1;7;1;8;1;9;1;10;1;11;1;12;2;12;3;12;4;12;5;12;6;12;7;12;8;12;9;12;10;12;11;12;12;12;12;11;12;10;12;9;12;8
0;0;7;2;11;3;10;3;9;3;8;3;7;3;6;3;5;3;4;3;3;3;2;3;1;3;1;4;1;5;1;6;1;7;1;8;1;9;1;10;1;11;1;12;2;12;3;12;4;12;5;12;6;12;7;12;8;12;9;12;10;12;11;12;12;12;12;11;12;10;12;9;12;8;12;7
0;0;7;2;10;3;9;3;8;3;7;3;6;3;5;3;4;3;3;3;2;3;1;3;1;4;1;5;1;6;1;7;1;8;1;9;1;10;1;11;1;12;2;12;3;12;4;12;5;12;6;12;7;12;8;12;9;12;10;12;11;12;12;12;12;11;12;10;12;9;12;8;12;7;12;6
0;0;7;2;9;3;8;3;7;3;6;3;5;3;4;3;3;3;2;3;1;3;1;4;1;5;1;6;1;7;1;8;1;9;1;10;1;11;1;12;2;12;3;12;4;12;5;12;6;12;7;12;8;12;9;12;10;12;11;12;12;12;12;11;12;10;12;9;12;8;12;7;12;6;12;5
0;0;7;2;8;3;7;3;6;3;5;3;4;3;3;3;2;3;1;3;1;4;1;5;1;6;1;7;1;8;1;9;1;10;1;11;1;12;2;12;3;12;4;12;5;12;6;12;7;12;8;12;9;12;10;12;11;12;12;12;12;11;12;10;12;9;12;8;12;7;12;6;12;5;12;4
0;0;7;2;7;3;6;3;5;3;4;3;3;3;2;3;1;3;1;4;1;5;1;6;1;7;1;8;1;9;1;10;1;11;1;12;2;12;3;12;4;12;5;12;6;12;7;12;8;12;9;12;10;12;11;12;12;12;12;11;12;10;12;9;12;8;12;7;12;6;12;5;12;4;12;3
3;0;7;2;6;3;5;3;4;3;3;3;2;3;1;3;1;4;1;5;1;6;1;7;1;8;1;9;1;10;1;11;1;12;2;12;3;12;4;12;5;12;6;12;7;12;8;12;9;12;10;12;11;12;12;12;12;11;12;10;12;9;12;8;12;7;12;6;12;5;12;4;12;3;12;2
3;3;7;2;5;3;4;3;3;3;2;3;1;3;1;4;1;5;1;6;1;7;1;8;1;9;1;10;1;11;1;12;2;12;3;12;4;12;5;12;6;12;7;12;8;12;9;12;10;12;11;12;12;12;12;11;12;10;12;9;12;8;12;7;12;6;12;5;12;4;12;3;12;2;11;2
3;3;7;2;4;3;3;3;2;3;1;3;1;4;1;5;1;6;1;7;1;8;1;9;1;10;1;11;1;12;2;12;3;12;4;12;5;12;6;12;7;12;8;12;9;12;10;12;11;12;12;12;12;11;12;10;12;9;12;8;12;7;12;6;12;5;12;4;12;3;12;2;11;2;10;2
3;3;7;2;3;3;2;3;1;3;1;4;1;5;1;6;1;7;1;8;1;9;1;10;1;11;1;12;2;12;3;12;4;12;5;12;6;12;7;12;8;12;9;12;10;12;11;12;12;12;12;11;12;10;12;9;12;8;12;7;12;6;12;5;12;4;12;3;12;2;11;2;10;2;9;2
3;3;7;2;2;3;1;3;1;4;1;5;1;6;1;7;1;8;1;9;1;10;1;11;1;12;2;12;3;12;4;12;5;12;6;12;7;12;8;12;9;12;10;12;11;12;12;12;12;11;12;10;12;9;12;8;12;7;12;6;12;5;12;4;12;3;12;2;11;2;10;2;9;2;8;2
3;3;18;13;1;3;1;3;1;4;1;5;1;6;1;7;1;8;1;9;1;10;1;11;1;12;2;12;3;12;4;12;5;12;6;12;7;12;8;12;9;12;10;12;11;12;12;12;12;11;12;10;12;9;12;8;12;7;12;6;12;5;12;4;12;3;12;2;11;2;10;2;9;2;8;2;7;2
3;3;18;13;1;3;1;4;1;5;1;6;1;7;1;8;1;9;1;10;1;11;1;12;2;12;3;12;4;12;5;12;6;12;7;12;8;12;9;12;10;12;11;12;12;12;12;11;12;10;12;9;12;8;12;7;12;6;12;5;12;4;12;3;12;2;11;2;10;2;9;2;8;2;7;2;6;2
3;3;18;13;1;4;1;5;1;6;1;7;1;8;1;9;1;10;1;11;1;12;2;12;3;12;4;12;5;12;6;12;7;12;8;12;9;12;10;12;11;12;12;12;12;11;12;10;12;9;12;8;12;7;12;6;12;5;12;4;12;3;12;2;11;2;10;2;9;2;8;2;7;2;6;2;5;2
3;3;18;13;1;5;1;6;1;7;1;8;1;9;1;10;1;11;1;12;2;12;3;12;4;12;5;12;6;12;7;12;8;12;9;12;10;12;11;12;12;12;12;11;12;10;12;9;12;8;12;7;12;6;12;5;12;4;12;3;12;2;11;2;10;2;9;2;8;2;7;2;6;2;5;2;4;2
0;3;18;13;1;6;1;7;1;8;1;9;1;10;1;11;1;12;2;12;3;12;4;12;5;12;6;12;7;12;8;12;9;12;10;12;11;12;12;12;12;11;12;10;12;9;12;8;12;7;12;6;12;5;12;4;12;3;12;2;11;2;10;2;9;2;8;2;7;2;6;2;5;2;4;2;3;2
1;0;18;13;1;7;1;8;1;9;1;10;1;11;1;12;2;12;3;12;4;12;5;12;6;12;7;12;8;12;9;12;10;12;11;12;12;12;12;11;12;10;12;9;12;8;12;7;12;6;12;5;12;4;12;3;12;2;11;2;10;2;9;2;8;2;7;2;6;2;5;2;4;2;3;2;3;1
1;1;18;13;1;8;1;9;1;10;1;11;1;12;2;12;3;12;4;12;5;12;6;12;7;12;8;12;9;12;10;12;11;12;12;12;12;11;12;10;12;9;12;8;12;7;12;6;12;5;12;4;12;3;12;2;11;2;10;2;9;2;8;2;7;2;6;2;5;2;4;2;3;2;3;1;4;1
1;1;18;13;1;9;1;10;1;11;1;12;2;12;3;12;4;12;5;12;6;12;7;12;8;12;9;12;10;12;11;12;12;12;12;11;12;10;12;9;12;8;12;7;12;6;12;5;12;4;12;3;12;2;11;2;10;2;9;2;8;2;7;2;6;2;5;2;4;2;3;2;3;1;4;1;5;1
1;1;18;13;1;10;1;11;1;12;2;12;3;12;4;12;5;12;6;12;7;12;8;12;9;12;10;12;11;12;12;12;12;11;12;10;12;9;12;8;12;7;12;6;12;5;12;4;12;3;12;2;11;2;10;2;9;2;8;2;7;2;6;2;5;2;4;2;3;2;3;1;4;1;5;1;6;1
1;1;18;13;1;11;1;12;2;12;3;12;4;12;5;12;6;12;7;12;8;12;9;12;10;12;11;12;12;12;12;11;12;10;12;9;12;8;12;7;12;6;12;5;12;4;12;3;12;2;11;2;10;2;9;2;8;2;7;2;6;2;5;2;4;2;3;2;3;1;4;1;5;1;6;1;7;1
1;1;18;13;1;12;2;12;3;12;4;12;5;12;6;12;7;12;8;12;9;12;10;12;11;12;12;12;12;11;12;10;12;9;12;8;12;7;12;6;12;5;12;4;12;3;12;2;11;2;10;2;9;2;8;2;7;2;6;2;5;2;4;2;3;2;3;1;4;1;5;1;6;1;7;1;8;1
1;1;18;13;2;12;3;12;4;12;5;12;6;12;7;12;8;12;9;12;10;12;11;12;12;12;12;11;12;10;12;9;12;8;12;7;12;6;12;5;12;4;12;3;12;2;11;2;10;2;9;2;8;2;7;2;6;2;5;2;4;2;3;2;3;1;4;1;5;1;6;1;7;1;8;1;9;1
1;1;18;13;3;12;4;12;5;12;6;12;7;12;8;12;9;12;10;12;11;12;12;12;12;11;12;10;12;9;12;8;12;7;12;6;12;5;12;4;12;3;12;2;11;2;10;2;9;2;8;2;7;2;6;2;5;2;4;2;3;2;3;1;4;1;5;1;6;1;7;1;8;1;9;1;10;1
1;1;18;13;4;12;5;12;6;12;7;12;8;12;9;12;10;12;11;12;12;12;12;11;12;10;12;9;12;8;12;7;12;6;12;5;12;4;12;3;12;2;11;2;10;2;9;2;8;2;7;2;6;2;5;2;4;2;3;2;3;1;4;1;5;1;6;1;7;1;8;1;9;1;10;1;11;1
1;1;18;13;5;12;6;12;7;12;8;12;9;12;10;12;11;12;12;12;12;11;12;10;12;9;12;8;12;7;12;6;12;5;12;4;12;3;12;2;11;2;10;2;9;2;8;2;7;2;6;2;5;2;4;2;3;2;3;1;4;1;5;1;6;1;7;1;8;1;9;1;10;1;11;1;12;1
1;1;18;13;6;12;7;12;8;12;9;12;10;12;11;12;12;12;12;11;12;10;12;9;12;8;12;7;12;6;12;5;12;4;12;3;12;2;11;2;10;2;9;2;8;2;7;2;6;2;5;2;4;2;3;2;3;1;4;1;5;1;6;1;7;1;8;1;9;1;10;1;11;1;12;1;13;1
1;1;18;13;7;12;8;12;9;12;10;12;11;12;12;12;12;11;12;10;12;9;12;8;12;7;12;6;12;5;12;4;12;3;12;2;11;2;10;2;9;2;8;2;7;2;6;2;5;2;4;2;3;2;3;1;4;1;5;1;6;1;7;1;8;1;9;1;10;1;11;1;12;1;13;1;14;1
1;1;18;13;8;12;9;12;10;12;11;12;12;12;12;11;12;10;12;9;12;8;12;7;12;6;12;5;12;4;12;3;12;2;11;2;10;2;9;2;8;2;7;2;6;2;5;2;4;2;3;2;3;1;4;1;5;1;6;1;7;1;8;1;9;1;10;1;11;1;12;1;13;1;14;1;15;1
1;1;18;13;9;12;10;12;11;12;12;12;12;11;12;10;12;9;12;8;12;7;12;6;12;5;12;4;12;3;12;2;11;2;10;2;9;2;8;2;7;2;6;2;5;2;4;2;3;2;3;1;4;1;5;1;6;1;7;1;8;1;9;1;10;1;11;1;12;1;13;1;14;1;15;1;16;1
1;1;18;13;10;12;11;12;12;12;12;11;12;10;12;9;12;8;12;7;12;6;12;5;12;4;12;3;12;2;11;2;10;2;9;2;8;2;7;2;6;2;5;2;4;2;3;2;3;1;4;1;5;1;6;1;7;1;8;1;9;1;10;1;11;1;12;1;13;1;14;1;15;1;16;1;17;1
2;1;18;13;11;12;12;12;12;11;12;10;12;9;12;8;12;7;12;6;12;5;12;4;12;3;12;2;11;2;10;2;9;2;8;2;7;2;6;2;5;2;4;2;3;2;3;1;4;1;5;1;6;1;7;1;8;1;9;1;10;1;11;1;12;1;13;1;14;1;15;1;16;1;17;1;18;1
2;2;18;13;12;12;12;11;12;10;12;9;12;8;12;7;12;6;12;5;12;4;12;3;12;2;11;2;10;2;9;2;8;2;7;2;6;2;5;2;4;2;3;2;3;1;4;1;5;1;6;1;7;1;8;1;9;1;10;1;11;1;12;1;13;1;14;1;15;1;16;1;17;1;18;1;18;2
2;2;18;13;12;11;12;10;12;9;12;8;12;7;12;6;12;5;12;4;12;3;12;2;11;2;10;2;9;2;8;2;7;2;6;2;5;2;4;2;3;2;3;1;4;1;5;1;6;1;7;1;8;1;9;1;10;1;11;1;12;1;13;1;14;1;15;1;16;1;17;1;18;1;18;2;18;3
2;2;18;13;12;10;12;9;12;8;12;7;12;6;12;5;12;4;12;3;12;2;11;2;10;2;9;2;8;2;7;2;6;2;5;2;4;2;3;2;3;1;4;1;5;1;6;1;7;1;8;1;9;1;10;1;11;1;12;1;13;1;14;1;15;1;16;1;17;1;18;1;18;2;18;3;18;4
2;2;18;13;12;9;12;8;12;7;12;6;12;5;12;4;12;3;12;2;11;2;10;2;9;2;8;2;7;2;6;2;5;2;4;2;3;2;3;1;4;1;5;1;6;1;7;1;8;1;9;1;10;1;11;1;12;1;13;1;14;1;15;1;16;1;17;1;18;1;18;2;18;3;18;4;18;5
2;2;18;13;12;8;12;7;12;6;12;5;12;4;12;3;12;2;11;2;10;2;9;2;8;2;7;2;6;2;5;2;4;2;3;2;3;1;4;1;5;1;6;1;7;1;8;1;9;1;10;1;11;1;12;1;13;1;14;1;15;1;16;1;17;1;18;1;18;2;18;3;18;4;18;5;18;6
2;2;18;13;12;7;12;6;12;5;12;4;12;3;12;2;11;2;10;2;9;2;8;2;7;2;6;2;5;2;4;2;3;2;3;1;4;1;5;1;6;1;7;1;8;1;9;1;10;1;11;1;12;1;13;1;14;1;15;1;16;1;17;1;18;1;18;2;18;3;18;4;18;5;18;6;18;7
2;2;18;13;12;6;12;5;12;4;12;3;12;2;11;2;10;2;9;2;8;2;7;2;6;2;5;2;4;2;3;2;3;1;4;1;5;1;6;1;7;1;8;1;9;1;10;1;11;1;12;1;13;1;14;1;15;1;16;1;17;1;18;1;18;2;18;3;18;4;18;5;18;6;18;7;18;8
2;2;18;13;12;5;12;4;12;3;12;2;11;2;10;2;9;2;8;2;7;2;6;2;5;2;4;2;3;2;3;1;4;1;5;1;6;1;7;1;8;1;9;1;10;1;11;1;12;1;13;1;14;1;15;1;16;1;17;1;18;1;18;2;18;3;18;4;18;5;18;6;18;7;18;8;18;9
2;2;18;13;12;4;12;3;12;2;11;2;10;2;9;2;8;2;7;2;6;2;5;2;4;2;3;2;3;1;4;1;5;1;6;1;7;1;8;1;9;1;10;1;11;1;12;1;13;1;14;1;15;1;16;1;17;1;18;1;18;2;18;3;18;4;18;5;18;6;18;7;18;8;18;9;18;10
2;2;18;13;12;3;12;2;11;2;10;2;9;2;8;2;7;2;6;2;5;2;4;2;3;2;3;1;4;1;5;1;6;1;7;1;8;1;9;1;10;1;11;1;12;1;13;1;14;1;15;1;16;1;17;1;18;1;18;2;18;3;18;4;18;5;18;6;18;7;18;8;18;9;18;10;18;11
2;2;18;13;12;2;11;2;10;2;9;2;8;2;7;2;6;2;5;2;4;2;3;2;3;1;4;1;5;1;6;1;7;1;8;1;9;1;10;1;11;1;12;1;13;1;14;1;15;1;16;1;17;1;18;1;18;2;18;3;18;4;18;5;18;6;18;7;18;8;18;9;18;10;18;11;18;12
3;2;8;13;11;2;11;2;10;2;9;2;8;2;7;2;6;2;5;2;4;2;3;2;3;1;4;1;5;1;6;1;7;1;8;1;9;1;10;1;11;1;12;1;13;1;14;1;15;1;16;1;17;1;18;1;18;2;18;3;18;4;18;5;18;6;18;7;18;8;18;9;18;10;18;11;18;12;18;13
3;3;8;13;11;2;10;2;9;2;8;2;7;2;6;2;5;2;4;2;3;2;3;1;4;1;5;1;6;1;7;1;8;1;9;1;10;1;11;1;12;1;13;1;14;1;15;1;16;1;17;1;18;1;18;2;18;3;18;4;18;5;18;6;18;7;18;8;18;9;18;10;18;11;18;12;18;13;17;13
3;3;8;13;10;2;9;2;8;2;7;2;6;2;5;2;4;2;3;2;3;1;4;1;5;1;6;1;7;1;8;1;9;1;10;1;11;1;12;1;13;1;14;1;15;1;16;1;17;1;18;1;18;2;18;3;18;4;18;5;18;6;18;7;18;8;18;9;18;10;18;11;18;12;18;13;17;13;16;13
3;3;8;13;9;2;8;2;7;2;6;2;5;2;4;2;3;2;3;1;4;1;5;1;6;1;7;1;8;1;9;1;10;1;11;1;12;1;13;1;14;1;15;1;16;1;17;1;18;1;18;2;18;3;18;4;18;5;18;6;18;7;18;8;18;9;18;10;18;11;18;12;18;13;17;13;16;13;15;13
3;3;8;13;8;2;7;2;6;2;5;2;4;2;3;2;3;1;4;1;5;1;6;1;7;1;8;1;9;1;10;1;11;1;12;1;13;1;14;1;15;1;16;1;17;1;18;1;18;2;18;3;18;4;18;5;18;6;18;7;18;8;18;9;18;10;18;11;18;12;18;13;17;13;16;13;15;13;14;13
3;3;8;13;7;2;6;2;5;2;4;2;3;2;3;1;4;1;5;1;6;1;7;1;8;1;9;1;10;1;11;1;12;1;13;1;14;1;15;1;16;1;17;1;18;1;18;2;18;3;18;4;18;5;18;6;18;7;18;8;18;9;18;10;18;11;18;12;18;13;17;13;16;13;15;13;14;13;13;13
3;3;8;13;6;2;5;2;4;2;3;2;3;1;4;1;5;1;6;1;7;1;8;1;9;1;10;1;11;1;12;1;13;1;14;1;15;1;16;1;17;1;18;1;18;2;18;3;18;4;18;5;18;6;18;7;18;8;18;9;18;10;18;11;18;12;18;13;17;13;16;13;15;13;14;13;13;13;12;13
3;3;8;13;5;2;4;2;3;2;3;1;4;1;5;1;6;1;7;1;8;1;9;1;10;1;11;1;12;1;13;1;14;1;15;1;16;1;17;1;18;1;18;2;18;3;18;4;18;5;18;6;18;7;18;8;18;9;18;10;18;11;18;12;18;13;17;13;16;13;15;13;14;13;13;13;12;13;11;13
3;3;8;13;4;2;3;2;3;1;4;1;5;1;6;1;7;1;8;1;9;1;10;1;11;1;12;1;13;1;14;1;15;1;16;1;17;1;18;1;18;2;18;3;18;4;18;5;18;6;18;7;18;8;18;9;18;10;18;11;18;12;18;13;17;13;16;13;15;13;14;13;13;13;12;13;11;13;10;13
3;3;8;13;3;2;3;1;4;1;5;1;6;1;7;1;8;1;9;1;10;1;11;1;12;1;13;1;14;1;15;1;16;1;17;1;18;1;18;2;18;3;18;4;18;5;18;6;18;7;18;8;18;9;18;10;18;11;18;12;18;13;17;13;16;13;15;13;14;13;13;13;12;13;11;13;10;13;9;13
3;3;5;19;3;1;3;1;4;1;5;1;6;1;7;1;8;1;9;1;10;1;11;1;12;1;13;1;14;1;15;1;16;1;17;1;18;1;18;2;18;3;18;4;18;5;18;6;18;7;18;8;18;9;18;10;18;11;18;12;18;13;17;13;16;13;15;13;14;13;13;13;12;13;11;13;10;13;9;13;8;13
3;3;5;19;3;1;4;1;5;1;6;1;7;1;8;1;9;1;10;1;11;1;12;1;13;1;14;1;15;1;16;1;17;1;18;1;18;2;18;3;18;4;18;5;18;6;18;7;18;8;18;9;18;10;18;11;18;12;18;13;17;13;16;13;15;13;14;13;13;13;12;13;11;13;10;13;9;13;8;13;7;13
3;3;5;19;4;1;5;1;6;1;7;1;8;1;9;1;10;1;11;1;12;1;13;1;14;1;15;1;16;1;17;1;18;1;18;2;18;3;18;4;18;5;18;6;18;7;18;8;18;9;18;10;18;11;18;12;18;13;17;13;16;13;15;13;14;13;13;13;12;13;11;13;10;13;9;13;8;13;7;13;6;13
2;3;5;19;5;1;6;1;7;1;8;1;9;1;10;1;11;1;12;1;13;1;14;1;15;1;16;1;17;1;18;1;18;2;18;3;18;4;18;5;18;6;18;7;18;8;18;9;18;10;18;11;18;12;18;13;17;13;16;13;15;13;14;13;13;13;12;13;11;13;10;13;9;13;8;13;7;13;6;13;5;13
2;2;5;19;6;1;7;1;8;1;9;1;10;1;11;1;12;1;13;1;14;1;15;1;16;1;17;1;18;1;18;2;18;3;18;4;18;5;18;6;18;7;18;8;18;9;18;10;18;11;18;12;18;13;17;13;16;13;15;13;14;13;13;13;12;13;11;13;10;13;9;13;8;13;7;13;6;13;5;13;5;14
2;2;5;19;7;1;8;1;9;1;10;1;11;1;12;1;13;1;14;1;15;1;16;1;17;1;18;1;18;2;18;3;18;4;18;5;18;6;18;7;18;8;18;9;18;10;18;11;18;12;18;13;17;13;16;13;15;13;14;13;13;13;12;13;11;13;10;13;9;13;8;13;7;13;6;13;5;13;5;14;5;15
2;2;5;19;8;1;9;1;10;1;11;1;12;1;13;1;14;1;15;1;16;1;17;1;18;1;18;2;18;3;18;4;18;5;18;6;18;7;18;8;18;9;18;10;18;11;18;12;18;13;17;13;16;13;15;13;14;13;13;13;12;13;11;13;10;13;9;13;8;13;7;13;6;13;5;13;5;14;5;15;5;16
2;2;5;19;9;1;10;1;11;1;12;1;13;1;14;1;15;1;16;1;17;1;18;1;18;2;18;3;18;4;18;5;18;6;18;7;18;8;18;9;18;10;18;11;18;12;18;13;17;13;16;13;15;13;14;13;13;13;12;13;11;13;10;13;9;13;8;13;7;13;6;13;5;13;5;14;5;15;5;16;5;17
3;2;5;19;10;1;11;1;12;1;13;1;14;1;15;1;16;1;17;1;18;1;18;2;18;3;18;4;18;5;18;6;18;7;18;8;18;9;18;10;18;11;18;12;18;13;17;13;16;13;15;13;14;13;13;13;12;13;11;13;10;13;9;13;8;13;7;13;6;13;5;13;5;14;5;15;5;16;5;17;5;18
3;3;5;19;11;1;12;1;13;1;14;1;15;1;16;1;17;1;18;1;18;2;18;3;18;4;18;5;18;6;18;7;18;8;18;9;18;10;18;11;18;12;18;13;17;13;16;13;15;13;14;13;13;13;12;13;11;13;10;13;9;13;8;13;7;13;6;13;5;13;5;14;5;15;5;16;5;17;5;18;4;18
3;3;5;19;12;1;13;1;14;1;15;1;16;1;17;1;18;1;18;2;18;3;18;4;18;5;18;6;18;7;18;8;18;9;18;10;18;11;18;12;18;13;17;13;16;13;15;13;14;13;13;13;12;13;11;13;10;13;9;13;8;13;7;13;6;13;5;13;5;14;5;15;5;16;5;17;5;18;4;18;3;18
0;3;5;19;13;1;14;1;15;1;16;1;17;1;18;1;18;2;18;3;18;4;18;5;18;6;18;7;18;8;18;9;18;10;18;11;18;12;18;13;17;13;16;13;15;13;14;13;13;13;12;13;11;13;10;13;9;13;8;13;7;13;6;13;5;13;5;14;5;15;5;16;5;17;5;18;4;18;3;18;2;18
0;0;5;19;14;1;15;1;16;1;17;1;18;1;18;2;18;3;18;4;18;5;18;6;18;7;18;8;18;9;18;10;18;11;18;12;18;13;17;13;16;13;15;13;14;13;13;13;12;13;11;13;10;13;9;13;8;13;7;13;6;13;5;13;5;14;5;15;5;16;5;17;5;18;4;18;3;18;2;18;2;17
0;0;5;19;15;1;16;1;17;1;18;1;18;2;18;3;18;4;18;5;18;6;18;7;18;8;18;9;18;10;18;11;18;12;18;13;17;13;16;13;15;13;14;13;13;13;12;13;11;13;10;13;9;13;8;13;7;13;6;13;5;13;5;14;5;15;5;16;5;17;5;18;4;18;3;18;2;18;2;17;2;16
0;0;5;19;16;1;17;1;18;1;18;2;18;3;18;4;18;5;18;6;18;7;18;8;18;9;18;10;18;11;18;12;18;13;17;13;16;13;15;13;14;13;13;13;12;13;11;13;10;13;9;13;8;13;7;13;6;13;5;13;5;14;5;15;5;16;5;17;5;18;4;18;3;18;2;18;2;17;2;16;2;15
0;0;5;19;17;1;18;1;18;2;18;3;18;4;18;5;18;6;18;7;18;8;18;9;18;10;18;11;18;12;18;13;17;13;16;13;15;13;14;13;13;13;12;13;11;13;10;13;9;13;8;13;7;13;6;13;5;13;5;14;5;15;5;16;5;17;5;18;4;18;3;18;2;18;2;17;2;16;2;15;2;14
0;0;5;19;18;1;18;2;18;3;18;4;18;5;18;6;18;7;18;8;18;9;18;10;18;11;18;12;18;13;17;13;16;13;15;13;14;13;13;13;12;13;11;13;10;13;9;13;8;13;7;13;6;13;5;13;5;14;5;15;5;16;5;17;5;18;4;18;3;18;2;18;2;17;2;16;2;15;2;14;2;13
0;0;5;19;18;2;18;3;18;4;18;5;18;6;18;7;18;8;18;9;18;10;18;11;18;12;18;13;17;13;16;13;15;13;14;13;13;13;12;13;11;13;10;13;9;13;8;13;7;13;6;13;5;13;5;14;5;15;5;16;5;17;5;18;4;18;3;18;2;18;2;17;2;16;2;15;2;14;2;13;2;12
3;0;5;19;18;3;18;4;18;5;18;6;18;7;18;8;18;9;18;10;18;11;18;12;18;13;17;13;16;13;15;13;14;13;13;13;12;13;11;13;10;13;9;13;8;13;7;13;6;13;5;13;5;14;5;15;5;16;5;17;5;18;4;18;3;18;2;18;2;17;2;16;2;15;2;14;2;13;2;12;2;11
2;3;5;19;18;4;18;5;18;6;18;7;18;8;18;9;18;10;18;11;18;12;18;13;17;13;16;13;15;13;14;13;13;13;12;13;11;13;10;13;9;13;8;13;7;13;6;13;5;13;5;14;5;15;5;16;5;17;5;18;4;18;3;18;2;18;2;17;2;16;2;15;2;14;2;13;2;12;2;11;1;11
2;2;5;19;18;5;18;6;18;7;18;8;18;9;18;10;18;11;18;12;18;13;17;13;16;13;15;13;14;13;13;13;12;13;11;13;10;13;9;13;8;13;7;13;6;13;5;13;5;14;5;15;5;16;5;17;5;18;4;18;3;18;2;18;2;17;2;16;2;15;2;14;2;13;2;12;2;11;1;11;1;12
2;2;5;19;18;6;18;7;18;8;18;9;18;10;18;11;18;12;18;13;17;13;16;13;15;13;14;13;13;13;12;13;11;13;10;13;9;13;8;13;7;13;6;13;5;13;5;14;5;15;5;16;5;17;5;18;4;18;3;18;2;18;2;17;2;16;2;15;2;14;2;13;2;12;2;11;1;11;1;12;1;13
2;2;5;19;18;7;18;8;18;9;18;10;18;11;18;12;18;13;17;13;16;13;15;13;14;13;13;13;12;13;11;13;10;13;9;13;8;13;7;13;6;13;5;13;5;14;5;15;5;16;5;17;5;18;4;18;3;18;2;18;2;17;2;16;2;15;2;14;2;13;2;12;2;11;1;11;1;12;1;13;1;14
2;2;5;19;18;8;18;9;18;10;18;11;18;12;18;13;17;13;16;13;15;13;14;13;13;13;12;13;11;13;10;13;9;13;8;13;7;13;6;13;5;13;5;14;5;15;5;16;5;17;5;18;4;18;3;18;2;18;2;17;2;16;2;15;2;14;2;13;2;12;2;11;1;11;1;12;1;13;1;14;1;15
2;2;5;19;18;9;18;10;18;11;18;12;18;13;17;13;16;13;15;13;14;13;13;13;12;13;11;13;10;13;9;13;8;13;7;13;6;13;5;13;5;14;5;15;5;16;5;17;5;18;4;18;3;18;2;18;2;17;2;16;2;15;2;14;2;13;2;12;2;11;1;11;1;12;1;13;1;14;1;15;1;16
2;2;5;19;18;10;18;11;18;12;18;13;17;13;16;13;15;13;14;13;13;13;12;13;11;13;10;13;9;13;8;13;7;13;6;13;5;13;5;14;5;15;5;16;5;17;5;18;4;18;3;18;2;18;2;17;2;16;2;15;2;14;2;13;2;12;2;11;1;11;1;12;1;13;1;14;1;15;1;16;1;17
2;2;5;19;18;11;18;12;18;13;17;13;16;13;15;13;14;13;13;13;12;13;11;13;10;13;9;13;8;13;7;13;6;13;5;13;5;14;5;15;5;16;5;17;5;18;4;18;3;18;2;18;2;17;2;16;2;15;2;14;2;13;2;12;2;11;1;11;1;12;1;13;1;14;1;15;1;16;1;17;1;18
1;2;5;19;18;12;18;13;17;13;16;13;15;13;14;13;13;13;12;13;11;13;10;13;9;13;8;13;7;13;6;13;5;13;5;14;5;15;5;16;5;17;5;18;4;18;3;18;2;18;2;17;2;16;2;15;2;14;2;13;2;12;2;11;1;11;1;12;1;13;1;14;1;15;1;16;1;17;1;18;1;19
1;1;5;19;18;13;17;13;16;13;15;13;14;13;13;13;12;13;11;13;10;13;9;13;8;13;7;13;6;13;5;13;5;14;5;15;5;16;5;17;5;18;4;18;3;18;2;18;2;17;2;16;2;15;2;14;2;13;2;12;2;11;1;11;1;12;1;13;1;14;1;15;1;16;1;17;1;18;1;19;2;19
1;1;5;19;17;13;16;13;15;13;14;13;13;13;12;13;11;13;10;13;9;13;8;13;7;13;6;13;5;13;5;14;5;15;5;16;5;17;5;18;4;18;3;18;2;18;2;17;2;16;2;15;2;14;2;13;2;12;2;11;1;11;1;12;1;13;1;14;1;15;1;16;1;17;1;18;1;19;2;19;3;19
1;1;5;19;16;13;15;13;14;13;13;13;12;13;11;13;10;13;9;13;8;13;7;13;6;13;5;13;5;14;5;15;5;16;5;17;5;18;4;18;3;18;2;18;2;17;2;16;2;15;2;14;2;13;2;12;2;11;1;11;1;12;1;13;1;14;1;15;1;16;1;17;1;18;1;19;2;19;3;19;4;19
1;1;9;19;15;13;15;13;14;13;13;13;12;13;11;13;10;13;9;13;8;13;7;13;6;13;5;13;5;14;5;15;5;16;5;17;5;18;4;18;3;18;2;18;2;17;2;16;2;15;2;14;2;13;2;12;2;11;1;11;1;12;1;13;1;14;1;15;1;16;1;17;1;18;1;19;2;19;3;19;4;19;5;19
1;1;9;19;15;13;14;13;13;13;12;13;11;13;10;13;9;13;8;13;7;13;6;13;5;13;5;14;5;15;5;16;5;17;5;18;4;18;3;18;2;18;2;17;2;16;2;15;2;14;2;13;2;12;2;11;1;11;1;12;1;13;1;14;1;15;1;16;1;17;1;18;1;19;2;19;3;19;4;19;5;19;6;19
1;1;9;19;14;13;13;13;12;13;11;13;10;13;9;13;8;13;7;13;6;13;5;13;5;14;5;15;5;16;5;17;5;18;4;18;3;18;2;18;2;17;2;16;2;15;2;14;2;13;2;12;2;11;1;11;1;12;1;13;1;14;1;15;1;16;1;17;1;18;1;19;2;19;3;19;4;19;5;19;6;19;7;19
1;1;9;19;13;13;12;13;11;13;10;13;9;13;8;13;7;13;6;13;5;13;5;14;5;15;5;16;5;17;5;18;4;18;3;18;2;18;2;17;2;16;2;15;2;14;2;13;2;12;2;11;1;11;1;12;1;13;1;14;1;15;1;16;1;17;1;18;1;19;2;19;3;19;4;19;5;19;6;19;7;19;8;19
1;1;10;2;12;13;12;13;11;13;10;13;9;13;8;13;7;13;6;13;5;13;5;14;5;15;5;16;5;17;5;18;4;18;3;18;2;18;2;17;2;16;2;15;2;14;2;13;2;12;2;11;1;11;1;12;1;13;1;14;1;15;1;16;1;17;1;18;1;19;2;19;3;19;4;19;5;19;6;19;7;19;8;19;9;19
1;1;10;2;12;13;11;13;10;13;9;13;8;13;7;13;6;13;5;13;5;14;5;15;5;16;5;17;5;18;4;18;3;18;2;18;2;17;2;16;2;15;2;14;2;13;2;12;2;11;1;11;1;12;1;13;1;14;1;15;1;16;1;17;1;18;1;19;2;19;3;19;4;19;5;19;6;19;7;19;8;19;9;19;10;19
0;1;10;2;11;13;10;13;9;13;8;13;7;13;6;13;5;13;5;14;5;15;5;16;5;17;5;18;4;18;3;18;2;18;2;17;2;16;2;15;2;14;2;13;2;12;2;11;1;11;1;12;1;13;1;14;1;15;1;16;1;17;1;18;1;19;2;19;3;19;4;19;5;19;6;19;7;19;8;19;9;19;10;19;11;19
0;0;10;2;10;13;9;13;8;13;7;13;6;13;5;13;5;14;5;15;5;16;5;17;5;18;4;18;3;18;2;18;2;17;2;16;2;15;2;14;2;13;2;12;2;11;1;11;1;12;1;13;1;14;1;15;1;16;1;17;1;18;1;19;2;19;3;19;4;19;5;19;6;19;7;19;8;19;9;19;10;19;11;19;11;18
0;0;10;2;9;13;8;13;7;13;6;13;5;13;5;14;5;15;5;16;5;17;5;18;4;18;3;18;2;18;2;17;2;16;2;15;2;14;2;13;2;12;2;11;1;11;1;12;1;13;1;14;1;15;1;16;1;17;1;18;1;19;2;19;3;19;4;19;5;19;6;19;7;19;8;19;9;19;10;19;11;19;11;18;11;17
0;0;10;2;8;13;7;13;6;13;5;13;5;14;5;15;5;16;5;17;5;18;4;18;3;18;2;18;2;17;2;16;2;15;2;14;2;13;2;12;2;11;1;11;1;12;1;13;1;14;1;15;1;16;1;17;1;18;1;19;2;19;3;19;4;19;5;19;6;19;7;19;8;19;9;19;10;19;11;19;11;18;11;17;11;16
0;0;10;2;7;13;6;13;5;13;5;14;5;15;5;16;5;17;5;18;4;18;3;18;2;18;2;17;2;16;2;15;2;14;2;13;2;12;2;11;1;11;1;12;1;13;1;14;1;15;1;16;1;17;1;18;1;19;2;19;3;19;4;19;5;19;6;19;7;19;8;19;9;19;10;19;11;19;11;18;11;17;11;16;11;15
0;0;10;2;6;13;5;13;5;14;5;15;5;16;5;17;5;18;4;18;3;18;2;18;2;17;2;16;2;15;2;14;2;13;2;12;2;11;1;11;1;12;1;13;1;14;1;15;1;16;1;17;1;18;1;19;2;19;3;19;4;19;5;19;6;19;7;19;8;19;9;19;10;19;11;19;11;18;11;17;11;16;11;15;11;14
0;0;10;2;5;13;5;14;5;15;5;16;5;17;5;18;4;18;3;18;2;18;2;17;2;16;2;15;2;14;2;13;2;12;2;11;1;11;1;12;1;13;1;14;1;15;1;16;1;17;1;18;1;19;2;19;3;19;4;19;5;19;6;19;7;19;8;19;9;19;10;19;11;19;11;18;11;17;11;16;11;15;11;14;11;13
0;0;10;2;5;14;5;15;5;16;5;17;5;18;4;18;3;18;2;18;2;17;2;16;2;15;2;14;2;13;2;12;2;11;1;11;1;12;1;13;1;14;1;15;1;16;1;17;1;18;1;19;2;19;3;19;4;19;5;19;6;19;7;19;8;19;9;19;10;19;11;19;11;18;11;17;11;16;11;15;11;14;11;13;11;12
0;0;10;2;5;15;5;16;5;17;5;18;4;18;3;18;2;18;2;17;2;16;2;15;2;14;2;13;2;12;2;11;1;11;1;12;1;13;1;14;1;15;1;16;1;17;1;18;1;19;2;19;3;19;4;19;5;19;6;19;7;19;8;19;9;19;10;19;11;19;11;18;11;17;11;16;11;15;11;14;11;13;11;12;11;11
0;0;10;2;5;16;5;17;5;18;4;18;3;18;2;18;2;17;2;16;2;15;2;14;2;13;2;12;2;11;1;11;1;12;1;13;1;14;1;15;1;16;1;17;1;18;1;19;2;19;3;19;4;19;5;19;6;19;7;19;8;19;9;19;10;19;11;19;11;18;11;17;11;16;11;15;11;14;11;13;11;12;11;11;11;10
0;0;10;2;5;17;5;18;4;18;3;18;2;18;2;17;2;16;2;15;2;14;2;13;2;12;2;11;1;11;1;12;1;13;1;14;1;15;1;16;1;17;1;18;1;19;2;19;3;19;4;19;5;19;6;19;7;19;8;19;9;19;10;19;11;19;11;18;11;17;11;16;11;15;11;14;11;13;11;12;11;11;11;10;11;9
0;0;10;2;5;18;4;18;3;18;2;18;2;17;2;16;2;15;2;14;2;13;2;12;2;11;1;11;1;12;1;13;1;14;1;15;1;16;1;17;1;18;1;19;2;19;3;19;4;19;5;19;6;19;7;19;8;19;9;19;10;19;11;19;11;18;11;17;11;16;11;15;11;14;11;13;11;12;11;11;11;10;11;9;11;8
0;0;10;2;4;18;3;18;2;18;2;17;2;16;2;15;2;14;2;13;2;12;2;11;1;11;1;12;1;13;1;14;1;15;1;16;1;17;1;18;1;19;2;19;3;19;4;19;5;19;6;19;7;19;8;19;9;19;10;19;11;19;11;18;11;17;11;16;11;15;11;14;11;13;11;12;11;11;11;10;11;9;11;8;11;7
0;0;10;2;3;18;2;18;2;17;2;16;2;15;2;14;2;13;2;12;2;11;1;11;1;12;1;13;1;14;1;15;1;16;1;17;1;18;1;19;2;19;3;19;4;19;5;19;6;19;7;19;8;19;9;19;10;19;11;19;11;18;11;17;11;16;11;15;11;14;11;13;11;12;11;11;11;10;11;9;11;8;11;7;11;6
0;0;10;2;2;18;2;17;2;16;2;15;2;14;2;13;2;12;2;11;1;11;1;12;1;13;1;14;1;15;1;16;1;17;1;18;1;19;2;19;3;19;4;19;5;19;6;19;7;19;8;19;9;19;10;19;11;19;11;18;11;17;11;16;11;15;11;14;11;13;11;12;11;11;11;10;11;9;11;8;11;7;11;6;11;5
0;0;10;2;2;17;2;16;2;15;2;14;2;13;2;12;2;11;1;11;1;12;1;13;1;14;1;15;1;16;1;17;1;18;1;19;2;19;3;19;4;19;5;19;6;19;7;19;8;19;9;19;10;19;11;19;11;18;11;17;11;16;11;15;11;14;11;13;11;12;11;11;11;10;11;9;11;8;11;7;11;6;11;5;11;4
0;0;10;2;2;16;2;15;2;14;2;13;2;12;2;11;1;11;1;12;1;13;1;14;1;15;1;16;1;17;1;18;1;19;2;19;3;19;4;19;5;19;6;19;7;19;8;19;9;19;10;19;11;19;11;18;11;17;11;16;11;15;11;14;11;13;11;12;11;11;11;10;11;9;11;8;11;7;11;6;11;5;11;4;11;3
3;0;10;2;2;15;2;14;2;13;2;12;2;11;1;11;1;12;1;13;1;14;1;15;1;16;1;17;1;18;1;19;2;19;3;19;4;19;5;19;6;19;7;19;8;19;9;19;10;19;11;19;11;18;11;17;11;16;11;15;11;14;11;13;11;12;11;11;11;10;11;9;11;8;11;7;11;6;11;5;11;4;11;3;11;2
3;3;9;10;2;14;2;14;2;13;2;12;2;11;1;11;1;12;1;13;1;14;1;15;1;16;1;17;1;18;1;19;2;19;3;19;4;19;5;19;6;19;7;19;8;19;9;19;10;19;11;19;11;18;11;17;11;16;11;15;11;14;11;13;11;12;11;11;11;10;11;9;11;8;11;7;11;6;11;5;11;4;11;3;11;2;10;2
3;3;9;10;2;14;2;13;2;12;2;11;1;11;1;12;1;13;1;14;1;15;1;16;1;17;1;18;1;19;2;19;3;19;4;19;5;19;6;19;7;19;8;19;9;19;10;19;11;19;11;18;11;17;11;16;11;15;11;14;11;13;11;12;11;11;11;10;11;9;11;8;11;7;11;6;11;5;11;4;11;3;11;2;10;2;9;2
3;3;9;10;2;13;2;12;2;11;1;11;1;12;1;13;1;14;1;15;1;16;1;17;1;18;1;19;2;19;3;19;4;19;5;19;6;19;7;19;8;19;9;19;10;19;11;19;11;18;11;17;11;16;11;15;11;14;11;13;11;12;11;11;11;10;11;9;11;8;11;7;11;6;11;5;11;4;11;3;11;2;10;2;9;2;8;2
2;3;9;10;2;12;2;11;1;11;1;12;1;13;1;14;1;15;1;16;1;17;1;18;1;19;2;19;3;19;4;19;5;19;6;19;7;19;8;19;9;19;10;19;11;19;11;18;11;17;11;16;11;15;11;14;11;13;11;12;11;11;11;10;11;9;11;8;11;7;11;6;11;5;11;4;11;3;11;2;10;2;9;2;8;2;7;2
2;2;9;10;2;11;1;11;1;12;1;13;1;14;1;15;1;16;1;17;1;18;1;19;2;19;3;19;4;19;5;19;6;19;7;19;8;19;9;19;10;19;11;19;11;18;11;17;11;16;11;15;11;14;11;13;11;12;11;11;11;10;11;9;11;8;11;7;11;6;11;5;11;4;11;3;11;2;10;2;9;2;8;2;7;2;7;3
2;2;9;10;1;11;1;12;1;13;1;14;1;15;1;16;1;17;1;18;1;19;2;19;3;19;4;19;5;19;6;19;7;19;8;19;9;19;10;19;11;19;11;18;11;17;11;16;11;15;11;14;11;13;11;12;11;11;11;10;11;9;11;8;11;7;11;6;11;5;11;4;11;3;11;2;10;2;9;2;8;2;7;2;7;3;7;4
1;2;9;10;1;12;1;13;1;14;1;15;1;16;1;17;1;18;1;19;2;19;3;19;4;19;5;19;6;19;7;19;8;19;9;19;10;19;11;19;11;18;11;17;11;16;11;15;11;14;11;13;11;12;11;11;11;10;11;9;11;8;11;7;11;6;11;5;11;4;11;3;11;2;10;2;9;2;8;2;7;2;7;3;7;4;7;5
2;1;9;10;1;13;1;14;1;15;1;16;1;17;1;18;1;19;2;19;3;19;4;19;5;19;6;19;7;19;8;19;9;19;10;19;11;19;11;18;11;17;11;16;11;15;11;14;11;13;11;12;11;11;11;10;11;9;11;8;11;7;11;6;11;5;11;4;11;3;11;2;10;2;9;2;8;2;7;2;7;3;7;4;7;5;8;5
2;2;9;10;1;14;1;15;1;16;1;17;1;18;1;19;2;19;3;19;4;19;5;19;6;19;7;19;8;19;9;19;10;19;11;19;11;18;11;17;11;16;11;15;11;14;11;13;11;12;11;11;11;10;11;9;11;8;11;7;11;6;11;5;11;4;11;3;11;2;10;2;9;2;8;2;7;2;7;3;7;4;7;5;8;5;8;6
2;2;9;10;1;15;1;16;1;17;1;18;1;19;2;19;3;19;4;19;5;19;6;19;7;19;8;19;9;19;10;19;11;19;11;18;11;17;11;16;11;15;11;14;11;13;11;12;11;11;11;10;11;9;11;8;11;7;11;6;11;5;11;4;11;3;11;2;10;2;9;2;8;2;7;2;7;3;7;4;7;5;8;5;8;6;8;7
2;2;9;10;1;16;1;17;1;18;1;19;2;19;3;19;4;19;5;19;6;19;7;19;8;19;9;19;10;19;11;19;11;18;11;17;11;16;11;15;11;14;11;13;11;12;11;11;11;10;11;9;11;8;11;7;11;6;11;5;11;4;11;3;11;2;10;2;9;2;8;2;7;2;7;3;7;4;7;5;8;5;8;6;8;7;8;8
2;2;9;10;1;17;1;18;1;19;2;19;3;19;4;19;5;19;6;19;7;19;8;19;9;19;10;19;11;19;11;18;11;17;11;16;11;15;11;14;11;13;11;12;11;11;11;10;11;9;11;8;11;7;11;6;11;5;11;4;11;3;11;2;10;2;9;2;8;2;7;2;7;3;7;4;7;5;8;5;8;6;8;7;8;8;8;9
1;2;9;10;1;18;1;19;2;19;3;19;4;19;5;19;6;19;7;19;8;19;9;19;10;19;11;19;11;18;11;17;11;16;11;15;11;14;11;13;11;12;11;11;11;10;11;9;11;8;11;7;11;6;11;5;11;4;11;3;11;2;10;2;9;2;8;2;7;2;7;3;7;4;7;5;8;5;8;6;8;7;8;8;8;9;8;10
2;1;14;9;1;19;1;19;2;19;3;19;4;19;5;19;6;19;7;19;8;19;9;19;10;19;11;19;11;18;11;17;11;16;11;15;11;14;11;13;11;12;11;11;11;10;11;9;11;8;11;7;11;6;11;5;11;4;11;3;11;2;10;2;9;2;8;2;7;2;7;3;7;4;7;5;8;5;8;6;8;7;8;8;8;9;8;10;9;10
2;2;14;9;1;19;2;19;3;19;4;19;5;19;6;19;7;19;8;19;9;19;10;19;11;19;11;18;11;17;11;16;11;15;11;14;11;13;11;12;11;11;11;10;11;9;11;8;11;7;11;6;11;5;11;4;11;3;11;2;10;2;9;2;8;2;7;2;7;3;7;4;7;5;8;5;8;6;8;7;8;8;8;9;8;10;9;10;9;11
2;2;14;9;2;19;3;19;4;19;5;19;6;19;7;19;8;19;9;19;10;19;11;19;11;18;11;17;11;16;11;15;11;14;11;13;11;12;11;11;11;10;11;9;11;8;11;7;11;6;11;5;11;4;11;3;11;2;10;2;9;2;8;2;7;2;7;3;7;4;7;5;8;5;8;6;8;7;8;8;8;9;8;10;9;10;9;11;9;12
3;2;14;9;3;19;4;19;5;19;6;19;7;19;8;19;9;19;10;19;11;19;11;18;11;17;11;16;11;15;11;14;11;13;11;12;11;11;11;10;11;9;11;8;11;7;11;6;11;5;11;4;11;3;11;2;10;2;9;2;8;2;7;2;7;3;7;4;7;5;8;5;8;6;8;7;8;8;8;9;8;10;9;10;9;11;9;12;9;13
3;3;14;9;4;19;5;19;6;19;7;19;8;19;9;19;10;19;11;19;11;18;11;17;11;16;11;15;11;14;11;13;11;12;11;11;11;10;11;9;11;8;11;7;11;6;11;5;11;4;11;3;11;2;10;2;9;2;8;2;7;2;7;3;7;4;7;5;8;5;8;6;8;7;8;8;8;9;8;10;9;10;9;11;9;12;9;13;8;13
3;3;14;9;5;19;6;19;7;19;8;19;9;19;10;19;11;19;11;18;11;17;11;16;11;15;11;14;11;13;11;12;11;11;11;10;11;9;11;8;11;7;11;6;11;5;11;4;11;3;11;2;10;2;9;2;8;2;7;2;7;3;7;4;7;5;8;5;8;6;8;7;8;8;8;9;8;10;9;10;9;11;9;12;9;13;8;13;7;13
3;3;14;9;6;19;7;19;8;19;9;19;10;19;11;19;11;18;11;17;11;16;11;15;11;14;11;13;11;12;11;11;11;10;11;9;11;8;11;7;11;6;11;5;11;4;11;3;11;2;10;2;9;2;8;2;7;2;7;3;7;4;7;5;8;5;8;6;8;7;8;8;8;9;8;10;9;10;9;11;9;12;9;13;8;13;7;13;6;13
0;3;14;9;7;19;8;19;9;19;10;19;11;19;11;18;11;17;11;16;11;15;11;14;11;13;11;12;11;11;11;10;11;9;11;8;11;7;11;6;11;5;11;4;11;3;11;2;10;2;9;2;8;2;7;2;7;3;7;4;7;5;8;5;8;6;8;7;8;8;8;9;8;10;9;10;9;11;9;12;9;13;8;13;7;13;6;13;5;13
0;0;14;9;8;19;9;19;10;19;11;19;11;18;11;17;11;16;11;15;11;14;11;13;11;12;11;11;11;10;11;9;11;8;11;7;11;6;11;5;11;4;11;3;11;2;10;2;9;2;8;2;7;2;7;3;7;4;7;5;8;5;8;6;8;7;8;8;8;9;8;10;9;10;9;11;9;12;9;13;8;13;7;13;6;13;5;13;5;12
0;0;14;9;9;19;10;19;11;19;11;18;11;17;11;16;11;15;11;14;11;13;11;12;11;11;11;10;11;9;11;8;11;7;11;6;11;5;11;4;11;3;11;2;10;2;9;2;8;2;7;2;7;3;7;4;7;5;8;5;8;6;8;7;8;8;8;9;8;10;9;10;9;11;9;12;9;13;8;13;7;13;6;13;5;13;5;12;5;11
0;0;14;9;10;19;11;19;11;18;11;17;11;16;11;15;11;14;11;13;11;12;11;11;11;10;11;9;11;8;11;7;11;6;11;5;11;4;11;3;11;2;10;2;9;2;8;2;7;2;7;3;7;4;7;5;8;5;8;6;8;7;8;8;8;9;8;10;9;10;9;11;9;12;9;13;8;13;7;13;6;13;5;13;5;12;5;11;5;10
0;0;14;9;11;19;11;18;11;17;11;16;11;15;11;14;11;13;11;12;11;11;11;10;11;9;11;8;11;7;11;6;11;5;11;4;11;3;11;2;10;2;9;2;8;2;7;2;7;3;7;4;7;5;8;5;8;6;8;7;8;8;8;9;8;10;9;10;9;11;9;12;9;13;8;13;7;13;6;13;5;13;5;12;5;11;5;10;5;9
0;0;14;9;11;18;11;17;11;16;11;15;11;14;11;13;11;12;11;11;11;10;11;9;11;8;11;7;11;6;11;5;11;4;11;3;11;2;10;2;9;2;8;2;7;2;7;3;7;4;7;5;8;5;8;6;8;7;8;8;8;9;8;10;9;10;9;11;9;12;9;13;8;13;7;13;6;13;5;13;5;12;5;11;5;10;5;9;5;8
0;0;14;9;11;17;11;16;11;15;11;14;11;13;11;12;11;11;11;10;11;9;11;8;11;7;11;6;11;5;11;4;11;3;11;2;10;2;9;2;8;2;7;2;7;3;7;4;7;5;8;5;8;6;8;7;8;8;8;9;8;10;9;10;9;11;9;12;9;13;8;13;7;13;6;13;5;13;5;12;5;11;5;10;5;9;5;8;5;7
0;0;14;9;11;16;11;15;11;14;11;13;11;12;11;11;11;10;11;9;11;8;11;7;11;6;11;5;11;4;11;3;11;2;10;2;9;2;8;2;7;2;7;3;7;4;7;5;8;5;8;6;8;7;8;8;8;9;8;10;9;10;9;11;9;12;9;13;8;13;7;13;6;13;5;13;5;12;5;11;5;10;5;9;5;8;5;7;5;6
0;0;14;9;11;15;11;14;11;13;11;12;11;11;11;10;11;9;11;8;11;7;11;6;11;5;11;4;11;3;11;2;10;2;9;2;8;2;7;2;7;3;7;4;7;5;8;5;8;6;8;7;8;8;8;9;8;10;9;10;9;11;9;12;9;13;8;13;7;13;6;13;5;13;5;12;5;11;5;10;5;9;5;8;5;7;5;6;5;5
0;0;14;9;11;14;11;13;11;12;11;11;11;10;11;9;11;8;11;7;11;6;11;5;11;4;11;3;11;2;10;2;9;2;8;2;7;2;7;3;7;4;7;5;8;5;8;6;8;7;8;8;8;9;8;10;9;10;9;11;9;12;9;13;8;13;7;13;6;13;5;13;5;12;5;11;5;10;5;9;5;8;5;7;5;6;5;5;5;4
0;0;14;9;11;13;11;12;11;11;11;10;11;9;11;8;11;7;11;6;11;5;11;4;11;3;11;2;10;2;9;2;8;2;7;2;7;3;7;4;7;5;8;5;8;6;8;7;8;8;8;9;8;10;9;10;9;11;9;12;9;13;8;13;7;13;6;13;5;13;5;12;5;11;5;10;5;9;5;8;5;7;5;6;5;5;5;4;5;3
0;0;14;9;11;12;11;11;11;10;11;9;11;8;11;7;11;6;11;5;11;4;11;3;11;2;10;2;9;2;8;2;7;2;7;3;7;4;7;5;8;5;8;6;8;7;8;8;8;9;8;10;9;10;9;11;9;12;9;13;8;13;7;13;6;13;5;13;5;12;5;11;5;10;5;9;5;8;5;7;5;6;5;5;5;4;5;3;5;2
1;0;14;9;11;11;11;10;11;9;11;8;11;7;11;6;11;5;11;4;11;3;11;2;10;2;9;2;8;2;7;2;7;3;7;4;7;5;8;5;8;6;8;7;8;8;8;9;8;10;9;10;9;11;9;12;9;13;8;13;7;13;6;13;5;13;5;12;5;11;5;10;5;9;5;8;5;7;5;6;5;5;5;4;5;3;5;2;5;1
1;1;14;9;11;10;11;9;11;8;11;7;11;6;11;5;11;4;11;3;11;2;10;2;9;2;8;2;7;2;7;3;7;4;7;5;8;5;8;6;8;7;8;8;8;9;8;10;9;10;9;11;9;12;9;13;8;13;7;13;6;13;5;13;5;12;5;11;5;10;5;9;5;8;5;7;5;6;5;5;5;4;5;3;5;2;5;1;6;1
1;1;14;9;11;9;11;8;11;7;11;6;11;5;11;4;11;3;11;2;10;2;9;2;8;2;7;2;7;3;7;4;7;5;8;5;8;6;8;7;8;8;8;9;8;10;9;10;9;11;9;12;9;13;8;13;7;13;6;13;5;13;5;12;5;11;5;10;5;9;5;8;5;7;5;6;5;5;5;4;5;3;5;2;5;1;6;1;7;1
1;1;14;9;11;8;11;7;11;6;11;5;11;4;11;3;11;2;10;2;9;2;8;2;7;2;7;3;7;4;7;5;8;5;8;6;8;7;8;8;8;9;8;10;9;10;9;11;9;12;9;13;8;13;7;13;6;13;5;13;5;12;5;11;5;10;5;9;5;8;5;7;5;6;5;5;5;4;5;3;5;2;5;1;6;1;7;1;8;1
1;1;14;9;11;7;11;6;11;5;11;4;11;3;11;2;10;2;9;2;8;2;7;2;7;3;7;4;7;5;8;5;8;6;8;7;8;8;8;9;8;10;9;10;9;11;9;12;9;13;8;13;7;13;6;13;5;13;5;12;5;11;5;10;5;9;5;8;5;7;5;6;5;5;5;4;5;3;5;2;5;1;6;1;7;1;8;1;9;1
1;1;14;9;11;6;11;5;11;4;11;3;11;2;10;2;9;2;8;2;7;2;7;3;7;4;7;5;8;5;8;6;8;7;8;8;8;9;8;10;9;10;9;11;9;12;9;13;8;13;7;13;6;13;5;13;5;12;5;11;5;10;5;9;5;8;5;7;5;6;5;5;5;4;5;3;5;2;5;1;6;1;7;1;8;1;9;1;10;1
1;1;14;9;11;5;11;4;11;3;11;2;10;2;9;2;8;2;7;2;7;3;7;4;7;5;8;5;8;6;8;7;8;8;8;9;8;10;9;10;9;11;9;12;9;13;8;13;7;13;6;13;5;13;5;12;5;11;5;10;5;9;5;8;5;7;5;6;5;5;5;4;5;3;5;2;5;1;6;1;7;1;8;1;9;1;10;1;11;1
1;1;14;9;11;4;11;3;11;2;10;2;9;2;8;2;7;2;7;3;7;4;7;5;8;5;8;6;8;7;8;8;8;9;8;10;9;10;9;11;9;12;9;13;8;13;7;13;6;13;5;13;5;12;5;11;5;10;5;9;5;8;5;7;5;6;5;5;5;4;5;3;5;2;5;1;6;1;7;1;8;1;9;1;10;1;11;1;12;1
1;1;14;9;11;3;11;2;10;2;9;2;8;2;7;2;7;3;7;4;7;5;8;5;8;6;8;7;8;8;8;9;8;10;9;10;9;11;9;12;9;13;8;13;7;13;6;13;5;13;5;12;5;11;5;10;5;9;5;8;5;7;5;6;5;5;5;4;5;3;5;2;5;1;6;1;7;1;8;1;9;1;10;1;11;1;12;1;13;1
2;1;14;9;11;2;10;2;9;2;8;2;7;2;7;3;7;4;7;5;8;5;8;6;8;7;8;8;8;9;8;10;9;10;9;11;9;12;9;13;8;13;7;13;6;13;5;13;5;12;5;11;5;10;5;9;5;8;5;7;5;6;5;5;5;4;5;3;5;2;5;1;6;1;7;1;8;1;9;1;10;1;11;1;12;1;13;1;14;1
2;2;14;9;10;2;9;2;8;2;7;2;7;3;7;4;7;5;8;5;8;6;8;7;8;8;8;9;8;10;9;10;9;11;9;12;9;13;8;13;7;13;6;13;5;13;5;12;5;11;5;10;5;9;5;8;5;7;5;6;5;5;5;4;5;3;5;2;5;1;6;1;7;1;8;1;9;1;10;1;11;1;12;1;13;1;14;1;14;2
2;2;14;9;9;2;8;2;7;2;7;3;7;4;7;5;8;5;8;6;8;7;8;8;8;9;8;10;9;10;9;11;9;12;9;13;8;13;7;13;6;13;5;13;5;12;5;11;5;10;5;9;5;8;5;7;5;6;5;5;5;4;5;3;5;2;5;1;6;1;7;1;8;1;9;1;10;1;11;1;12;1;13;1;14;1;14;2;14;3
2;2;14;9;8;2;7;2;7;3;7;4;7;5;8;5;8;6;8;7;8;8;8;9;8;10;9;10;9;11;9;12;9;13;8;13;7;13;6;13;5;13;5;12;5;11;5;10;5;9;5;8;5;7;5;6;5;5;5;4;5;3;5;2;5;1;6;1;7;1;8;1;9;1;10;1;11;1;12;1;13;1;14;1;14;2;14;3;14;4
2;2;14;9;7;2;7;3;7;4;7;5;8;5;8;6;8;7;8;8;8;9;8;10;9;10;9;11;9;12;9;13;8;13;7;13;6;13;5;13;5;12;5;11;5;10;5;9;5;8;5;7;5;6;5;5;5;4;5;3;5;2;5;1;6;1;7;1;8;1;9;1;10;1;11;1;12;1;13;1;14;1;14;2;14;3;14;4;14;5
2;2;14;9;7;3;7;4;7;5;8;5;8;6;8;7;8;8;8;9;8;10;9;10;9;11;9;12;9;13;8;13;7;13;6;13;5;13;5;12;5;11;5;10;5;9;5;8;5;7;5;6;5;5;5;4;5;3;5;2;5;1;6;1;7;1;8;1;9;1;10;1;11;1;12;1;13;1;14;1;14;2;14;3;14;4;14;5;14;6
2;2;14;9;7;4;7;5;8;5;8;6;8;7;8;8;8;9;8;10;9;10;9;11;9;12;9;13;8;13;7;13;6;13;5;13;5;12;5;11;5;10;5;9;5;8;5;7;5;6;5;5;5;4;5;3;5;2;5;1;6;1;7;1;8;1;9;1;10;1;11;1;12;1;13;1;14;1;14;2;14;3;14;4;14;5;14;6;14;7
2;2;14;9;7;5;8;5;8;6;8;7;8;8;8;9;8;10;9;10;9;11;9;12;9;13;8;13;7;13;6;13;5;13;5;12;5;11;5;10;5;9;5;8;5;7;5;6;5;5;5;4;5;3;5;2;5;1;6;1;7;1;8;1;9;1;10;1;11;1;12;1;13;1;14;1;14;2;14;3;14;4;14;5;14;6;14;7;14;8
2;2;18;0;8;5;8;5;8;6;8;7;8;8;8;9;8;10;9;10;9;11;9;12;9;13;8;13;7;13;6;13;5;13;5;12;5;11;5;10;5;9;5;8;5;7;5;6;5;5;5;4;5;3;5;2;5;1;6;1;7;1;8;1;9;1;10;1;11;1;12;1;13;1;14;1;14;2;14;3;14;4;14;5;14;6;14;7;14;8;14;9
2;2;18;0;8;5;8;6;8;7;8;8;8;9;8;10;9;10;9;11;9;12;9;13;8;13;7;13;6;13;5;13;5;12;5;11;5;10;5;9;5;8;5;7;5;6;5;5;5;4;5;3;5;2;5;1;6;1;7;1;8;1;9;1;10;1;11;1;12;1;13;1;14;1;14;2;14;3;14;4;14;5;14;6;14;7;14;8;14;9;14;10
2;2;18;0;8;6;8;7;8;8;8;9;8;10;9;10;9;11;9;12;9;13;8;13;7;13;6;13;5;13;5;12;5;11;5;10;5;9;5;8;5;7;5;6;5;5;5;4;5;3;5;2;5;1;6;1;7;1;8;1;9;1;10;1;11;1;12;1;13;1;14;1;14;2;14;3;14;4;14;5;14;6;14;7;14;8;14;9;14;10;14;11
2;2;18;0;8;7;8;8;8;9;8;10;9;10;9;11;9;12;9;13;8;13;7;13;6;13;5;13;5;12;5;11;5;10;5;9;5;8;5;7;5;6;5;5;5;4;5;3;5;2;5;1;6;1;7;1;8;1;9;1;10;1;11;1;12;1;13;1;14;1;14;2;14;3;14;4;14;5;14;6;14;7;14;8;14;9;14;10;14;11;14;12
1;2;18;0;8;8;8;9;8;10;9;10;9;11;9;12;9;13;8;13;7;13;6;13;5;13;5;12;5;11;5;10;5;9;5;8;5;7;5;6;5;5;5;4;5;3;5;2;5;1;6;1;7;1;8;1;9;1;10;1;11;1;12;1;13;1;14;1;14;2;14;3;14;4;14;5;14;6;14;7;14;8;14;9;14;10;14;11;14;12;14;13
1;1;18;0;8;9;8;10;9;10;9;11;9;12;9;13;8;13;7;13;6;13;5;13;5;12;5;11;5;10;5;9;5;8;5;7;5;6;5;5;5;4;5;3;5;2;5;1;6;1;7;1;8;1;9;1;10;1;11;1;12;1;13;1;14;1;14;2;14;3;14;4;14;5;14;6;14;7;14;8;14;9;14;10;14;11;14;12;14;13;15;13
1;1;18;0;8;10;9;10;9;11;9;12;9;13;8;13;7;13;6;13;5;13;5;12;5;11;5;10;5;9;5;8;5;7;5;6;5;5;5;4;5;3;5;2;5;1;6;1;7;1;8;1;9;1;10;1;11;1;12;1;13;1;14;1;14;2;14;3;14;4;14;5;14;6;14;7;14;8;14;9;14;10;14;11;14;12;14;13;15;13;16;13
1;1;18;0;9;10;9;11;9;12;9;13;8;13;7;13;6;13;5;13;5;12;5;11;5;10;5;9;5;8;5;7;5;6;5;5;5;4;5;3;5;2;5;1;6;1;7;1;8;1;9;1;10;1;11;1;12;1;13;1;14;1;14;2;14;3;14;4;14;5;14;6;14;7;14;8;14;9;14;10;14;11;14;12;14;13;15;13;16;13;17;13
0;1;18;0;9;11;9;12;9;13;8;13;7;13;6;13;5;13;5;12;5;11;5;10;5;9;5;8;5;7;5;6;5;5;5;4;5;3;5;2;5;1;6;1;7;1;8;1;9;1;10;1;11;1;12;1;13;1;14;1;14;2;14;3;14;4;14;5;14;6;14;7;14;8;14;9;14;10;14;11;14;12;14;13;15;13;16;13;17;13;18;13
0;0;18;0;9;12;9;13;8;13;7;13;6;13;5;13;5;12;5;11;5;10;5;9;5;8;5;7;5;6;5;5;5;4;5;3;5;2;5;1;6;1;7;1;8;1;9;1;10;1;11;1;12;1;13;1;14;1;14;2;14;3;14;4;14;5;14;6;14;7;14;8;14;9;14;10;14;11;14;12;14;13;15;13;16;13;17;13;18;13;18;12
0;0;18;0;9;13;8;13;7;13;6;13;5;13;5;12;5;11;5;10;5;9;5;8;5;7;5;6;5;5;5;4;5;3;5;2;5;1;6;1;7;1;8;1;9;1;10;1;11;1;12;1;13;1;14;1;14;2;14;3;14;4;14;5;14;6;14;7;14;8;14;9;14;10;14;11;14;12;14;13;15;13;16;13;17;13;18;13;18;12;18;11
0;0;18;0;8;13;7;13;6;13;5;13;5;12;5;11;5;10;5;9;5;8;5;7;5;6;5;5;5;4;5;3;5;2;5;1;6;1;7;1;8;1;9;1;10;1;11;1;12;1;13;1;14;1;14;2;14;3;14;4;14;5;14;6;14;7;14;8;14;9;14;10;14;11;14;12;14;13;15;13;16;13;17;13;18;13;18;12;18;11;18;10
0;0;18;0;7;13;6;13;5;13;5;12;5;11;5;10;5;9;5;8;5;7;5;6;5;5;5;4;5;3;5;2;5;1;6;1;7;1;8;1;9;1;10;1;11;1;12;1;13;1;14;1;14;2;14;3;14;4;14;5;14;6;14;7;14;8;14;9;14;10;14;11;14;12;14;13;15;13;16;13;17;13;18;13;18;12;18;11;18;10;18;9
0;0;18;0;6;13;5;13;5;12;5;11;5;10;5;9;5;8;5;7;5;6;5;5;5;4;5;3;5;2;5;1;6;1;7;1;8;1;9;1;10;1;11;1;12;1;13;1;14;1;14;2;14;3;14;4;14;5;14;6;14;7;14;8;14;9;14;10;14;11;14;12;14;13;15;13;16;13;17;13;18;13;18;12;18;11;18;10;18;9;18;8
0;0;18;0;5;13;5;12;5;11;5;10;5;9;5;8;5;7;5;6;5;5;5;4;5;3;5;2;5;1;6;1;7;1;8;1;9;1;10;1;11;1;12;1;13;1;14;1;14;2;14;3;14;4;14;5;14;6;14;7;14;8;14;9;14;10;14;11;14;12;14;13;15;13;16;13;17;13;18;13;18;12;18;11;18;10;18;9;18;8;18;7
0;0;18;0;5;12;5;11;5;10;5;9;5;8;5;7;5;6;5;5;5;4;5;3;5;2;5;1;6;1;7;1;8;1;9;1;10;1;11;1;12;1;13;1;14;1;14;2;14;3;14;4;14;5;14;6;14;7;14;8;14;9;14;10;14;11;14;12;14;13;15;13;16;13;17;13;18;13;18;12;18;11;18;10;18;9;18;8;18;7;18;6
0;0;18;0;5;11;5;10;5;9;5;8;5;7;5;6;5;5;5;4;5;3;5;2;5;1;6;1;7;1;8;1;9;1;10;1;11;1;12;1;13;1;14;1;14;2;14;3;14;4;14;5;14;6;14;7;14;8;14;9;14;10;14;11;14;12;14;13;15;13;16;13;17;13;18;13;18;12;18;11;18;10;18;9;18;8;18;7;18;6;18;5
0;0;18;0;5;10;5;9;5;8;5;7;5;6;5;5;5;4;5;3;5;2;5;1;6;1;7;1;8;1;9;1;10;1;11;1;12;1;13;1;14;1;14;2;14;3;14;4;14;5;14;6;14;7;14;8;14;9;14;10;14;11;14;12;14;13;15;13;16;13;17;13;18;13;18;12;18;11;18;10;18;9;18;8;18;7;18;6;18;5;18;4
0;0;18;0;5;9;5;8;5;7;5;6;5;5;5;4;5;3;5;2;5;1;6;1;7;1;8;1;9;1;10;1;11;1;12;1;13;1;14;1;14;2;14;3;14;4;14;5;14;6;14;7;14;8;14;9;14;10;14;11;14;12;14;13;15;13;16;13;17;13;18;13;18;12;18;11;18;10;18;9;18;8;18;7;18;6;18;5;18;4;18;3
0;0;18;0;5;8;5;7;5;6;5;5;5;4;5;3;5;2;5;1;6;1;7;1;8;1;9;1;10;1;11;1;12;1;13;1;14;1;14;2;14;3;14;4;14;5;14;6;14;7;14;8;14;9;14;10;14;11;14;12;14;13;15;13;16;13;17;13;18;13;18;12;18;11;18;10;18;9;18;8;18;7;18;6;18;5;18;4;18;3;18;2
3;0;18;0;5;7;5;6;5;5;5;4;5;3;5;2;5;1;6;1;7;1;8;1;9;1;10;1;11;1;12;1;13;1;14;1;14;2;14;3;14;4;14;5;14;6;14;7;14;8;14;9;14;10;14;11;14;12;14;13;15;13;16;13;17;13;18;13;18;12;18;11;18;10;18;9;18;8;18;7;18;6;18;5;18;4;18;3;18;2;18;1
3;3;18;0;5;6;5;5;5;4;5;3;5;2;5;1;6;1;7;1;8;1;9;1;10;1;11;1;12;1;13;1;14;1;14;2;14;3;14;4;14;5;14;6;14;7;14;8;14;9;14;10;14;11;14;12;14;13;15;13;16;13;17;13;18;13;18;12;18;11;18;10;18;9;18;8;18;7;18;6;18;5;18;4;18;3;18;2;18;1;17;1
3;3;18;0;5;5;5;4;5;3;5;2;5;1;6;1;7;1;8;1;9;1;10;1;11;1;12;1;13;1;14;1;14;2;14;3;14;4;14;5;14;6;14;7;14;8;14;9;14;10;14;11;14;12;14;13;15;13;16;13;17;13;18;13;18;12;18;11;18;10;18;9;18;8;18;7;18;6;18;5;18;4;18;3;18;2;18;1;17;1;16;1
3;3;18;0;5;4;5;3;5;2;5;1;6;1;7;1;8;1;9;1;10;1;11;1;12;1;13;1;14;1;14;2;14;3;14;4;14;5;14;6;14;7;14;8;14;9;14;10;14;11;14;12;14;13;15;13;16;13;17;13;18;13;18;12;18;11;18;10;18;9;18;8;18;7;18;6;18;5;18;4;18;3;18;2;18;1;17;1;16;1;15;1
