20
1;1;9;11;8;10;9;10;10;10
1;1;9;11;9;10;10;10;11;10
1;1;9;11;10;10;11;10;12;10
1;1;9;11;11;10;12;10;13;10
2;1;9;11;12;10;13;10;14;10
2;2;9;11;13;10;14;10;14;11
3;2;9;11;14;10;14;11;14;12
3;3;9;11;14;11;14;12;13;12
3;3;9;11;14;12;13;12;12;12
3;3;9;11;13;12;12;12;11;12
3;3;9;11;12;12;11;12;10;12
0;3;9;11;11;12;10;12;9;12
0;0;11;19;10;12;10;12;9;12;9;11
1;0;11;19;10;12;9;12;9;11;9;10
1;1;11;19;9;12;9;11;9;10;10;10
2;1;11;19;9;11;9;10;10;10;11;10
2;2;11;19;9;10;10;10;11;10;11;11
2;2;11;19;10;10;11;10;11;11;11;12
2;2;11;19;11;10;11;11;11;12;11;13
2;2;11;19;11;11;11;12;11;13;11;14
2;2;11;19;11;12;11;13;11;14;11;15
2;2;11;19;11;13;11;14;11;15;11;16
2;2;11;19;11;14;11;15;11;16;11;17
2;2;11;19;11;15;11;16;11;17;11;18
1;2;1;0;11;16;11;16;11;17;11;18;11;19
1;1;1;0;11;16;11;17;11;18;11;19;12;19
0;1;1;0;11;17;11;18;11;19;12;19;13;19
0;0;1;0;11;18;11;19;12;19;13;19;13;18
0;0;1;0;11;19;12;19;13;19;13;18;13;17
0;0;1;0;12;19;13;19;13;18;13;17;13;16
0;0;1;0;13;19;13;18;13;17;13;16;13;15
0;0;1;0;13;18;13;17;13;16;13;15;13;14
0;0;1;0;13;17;13;16;13;15;13;14;13;13
0;0;1;0;13;16;13;15;13;14;13;13;13;12
3;0;1;0;13;15;13;14;13;13;13;12;13;11
3;3;1;0;13;14;13;13;13;12;13;11;12;11
3;3;1;0;13;13;13;12;13;11;12;11;11;11
3;3;1;0;13;12;13;11;12;11;11;11;10;11
3;3;1;0;13;11;12;11;11;11;10;11;9;11
3;3;1;0;12;11;11;11;10;11;9;11;8;11
3;3;1;0;11;11;10;11;9;11;8;11;7;11
3;3;1;0;10;11;9;11;8;11;7;11;6;11
3;3;1;0;9;11;8;11;7;11;6;11;5;11
3;3;1;0;8;11;7;11;6;11;5;11;4;11
3;3;1;0;7;11;6;11;5;11;4;11;3;11
0;3;1;0;6;11;5;11;4;11;3;11;2;11
0;0;1;0;5;11;4;11;3;11;2;11;2;10
3;0;1;0;4;11;3;11;2;11;2;10;2;9
3;3;1;0;3;11;2;11;2;10;2;9;1;9
0;3;1;0;2;11;2;10;2;9;1;9;0;9
0;0;1;0;2;10;2;9;1;9;0;9;0;8
0;0;1;0;2;9;1;9;0;9;0;8;0;7
0;0;1;0;1;9;0;9;0;8;0;7;0;6
0;0;1;0;0;9;0;8;0;7;0;6;0;5
0;0;1;0;0;8;0;7;0;6;0;5;0;4
0;0;1;0;0;7;0;6;0;5;0;4;0;3
0;0;1;0;0;6;0;5;0;4;0;3;0;2
1;0;1;0;0;5;0;4;0;3;0;2;0;1
1;1;1;0;0;4;0;3;0;2;0;1;1;1
1;1;1;0;0;3;0;2;0;1;1;1;2;1
1;1;1;0;0;2;0;1;1;1;2;1;3;1
0;1;1;0;0;1;1;1;2;1;3;1;4;1
3;0;1;0;1;1;2;1;3;1;4;1;4;0
3;3;1;0;2;1;3;1;4;1;4;0;3;0
3;3;1;0;3;1;4;1;4;0;3;0;2;0
2;3;5;14;4;1;4;1;4;0;3;0;2;0;1;0
2;2;5;14;4;1;4;0;3;0;2;0;1;0;1;1
2;2;5;14;4;0;3;0;2;0;1;0;1;1;1;2
2;2;5;14;3;0;2;0;1;0;1;1;1;2;1;3
2;2;5;14;2;0;1;0;1;1;1;2;1;3;1;4
2;2;5;14;1;0;1;1;1;2;1;3;1;4;1;5
2;2;5;14;1;1;1;2;1;3;1;4;1;5;1;6
2;2;5;14;1;2;1;3;1;4;1;5;1;6;1;7
2;2;5;14;1;3;1;4;1;5;1;6;1;7;1;8
2;2;5;14;1;4;1;5;1;6;1;7;1;8;1;9
2;2;5;14;1;5;1;6;1;7;1;8;1;9;1;10
2;2;5;14;1;6;1;7;1;8;1;9;1;10;1;11
2;2;5;14;1;7;1;8;1;9;1;10;1;11;1;12
2;2;5;14;1;8;1;9;1;10;1;11;1;12;1;13
1;2;5;14;1;9;1;10;1;11;1;12;1;13;1;14
1;1;5;14;1;10;1;11;1;12;1;13;1;14;2;14
1;1;5;14;1;11;1;12;1;13;1;14;2;14;3;14
1;1;5;14;1;12;1;13;1;14;2;14;3;14;4;14
1;1;15;1;1;13;1;13;1;14;2;14;3;14;4;14;5;14
1;1;15;1;1;13;1;14;2;14;3;14;4;14;5;14;6;14
1;1;15;1;1;14;2;14;3;14;4;14;5;14;6;14;7;14
1;1;15;1;2;14;3;14;4;14;5;14;6;14;7;14;8;14
1;1;15;1;3;14;4;14;5;14;6;14;7;14;8;14;9;14
1;1;15;1;4;14;5;14;6;14;7;14;8;14;9;14;10;14
1;1;15;1;5;14;6;14;7;14;8;14;9;14;10;14;11;14
1;1;15;1;6;14;7;14;8;14;9;14;10;14;11;14;12;14
1;1;15;1;7;14;8;14;9;14;10;14;11;14;12;14;13;14
1;1;15;1;8;14;9;14;10;14;11;14;12;14;13;14;14;14
0;1;15;1;9;14;10;14;11;14;12;14;13;14;14;14;15;14
0;0;15;1;10;14;11;14;12;14;13;14;14;14;15;14;15;13
0;0;15;1;11;14;12;14;13;14;14;14;15;14;15;13;15;12
0;0;15;1;12;14;13;14;14;14;15;14;15;13;15;12;15;11
0;0;15;1;13;14;14;14;15;14;15;13;15;12;15;11;15;10
0;0;15;1;14;14;15;14;15;13;15;12;15;11;15;10;15;9
0;0;15;1;15;14;15;13;15;12;15;11;15;10;15;9;15;8
0;0;15;1;15;13;15;12;15;11;15;10;15;9;15;8;15;7
0;0;15;1;15;12;15;11;15;10;15;9;15;8;15;7;15;6
0;0;15;1;15;11;15;10;15;9;15;8;15;7;15;6;15;5
0;0;15;1;15;10;15;9;15;8;15;7;15;6;15;5;15;4
0;0;15;1;15;9;15;8;15;7;15;6;15;5;15;4;15;3
0;0;15;1;15;8;15;7;15;6;15;5;15;4;15;3;15;2
3;0;17;5;15;7;15;7;15;6;15;5;15;4;15;3;15;2;15;1
3;3;17;5;15;7;15;6;15;5;15;4;15;3;15;2;15;1;14;1
3;3;17;5;15;6;15;5;15;4;15;3;15;2;15;1;14;1;13;1
3;3;17;5;15;5;15;4;15;3;15;2;15;1;14;1;13;1;12;1
2;3;17;5;15;4;15;3;15;2;15;1;14;1;13;1;12;1;11;1
2;2;17;5;15;3;15;2;15;1;14;1;13;1;12;1;11;1;11;2
2;2;17;5;15;2;15;1;14;1;13;1;12;1;11;1;11;2;11;3
1;2;17;5;15;1;14;1;13;1;12;1;11;1;11;2;11;3;11;4
1;1;17;5;14;1;13;1;12;1;11;1;11;2;11;3;11;4;12;4
1;1;17;5;13;1;12;1;11;1;11;2;11;3;11;4;12;4;13;4
1;1;17;5;12;1;11;1;11;2;11;3;11;4;12;4;13;4;14;4
1;1;17;5;11;1;11;2;11;3;11;4;12;4;13;4;14;4;15;4
1;1;17;5;11;2;11;3;11;4;12;4;13;4;14;4;15;4;16;4
2;1;17;5;11;3;11;4;12;4;13;4;14;4;15;4;16;4;17;4
2;2;0;11;11;4;11;4;12;4;13;4;14;4;15;4;16;4;17;4;17;5
3;2;0;11;11;4;12;4;13;4;14;4;15;4;16;4;17;4;17;5;17;6
3;3;0;11;12;4;13;4;14;4;15;4;16;4;17;4;17;5;17;6;16;6
3;3;0;11;13;4;14;4;15;4;16;4;17;4;17;5;17;6;16;6;15;6
3;3;0;11;14;4;15;4;16;4;17;4;17;5;17;6;16;6;15;6;14;6
3;3;0;11;15;4;16;4;17;4;17;5;17;6;16;6;15;6;14;6;13;6
3;3;0;11;16;4;17;4;17;5;17;6;16;6;15;6;14;6;13;6;12;6
3;3;0;11;17;4;17;5;17;6;16;6;15;6;14;6;13;6;12;6;11;6
3;3;0;11;17;5;17;6;16;6;15;6;14;6;13;6;12;6;11;6;10;6
3;3;0;11;17;6;16;6;15;6;14;6;13;6;12;6;11;6;10;6;9;6
3;3;0;11;16;6;15;6;14;6;13;6;12;6;11;6;10;6;9;6;8;6
3;3;0;11;15;6;14;6;13;6;12;6;11;6;10;6;9;6;8;6;7;6
3;3;0;11;14;6;13;6;12;6;11;6;10;6;9;6;8;6;7;6;6;6
3;3;0;11;13;6;12;6;11;6;10;6;9;6;8;6;7;6;6;6;5;6
3;3;0;11;12;6;11;6;10;6;9;6;8;6;7;6;6;6;5;6;4;6
3;3;0;11;11;6;10;6;9;6;8;6;7;6;6;6;5;6;4;6;3;6
3;3;0;11;10;6;9;6;8;6;7;6;6;6;5;6;4;6;3;6;2;6
3;3;0;11;9;6;8;6;7;6;6;6;5;6;4;6;3;6;2;6;1;6
2;3;0;11;8;6;7;6;6;6;5;6;4;6;3;6;2;6;1;6;0;6
2;2;0;11;7;6;6;6;5;6;4;6;3;6;2;6;1;6;0;6;0;7
2;2;0;11;6;6;5;6;4;6;3;6;2;6;1;6;0;6;0;7;0;8
2;2;0;11;5;6;4;6;3;6;2;6;1;6;0;6;0;7;0;8;0;9
2;2;0;11;4;6;3;6;2;6;1;6;0;6;0;7;0;8;0;9;0;10
2;2;19;3;3;6;3;6;2;6;1;6;0;6;0;7;0;8;0;9;0;10;0;11
1;2;19;3;3;6;2;6;1;6;0;6;0;7;0;8;0;9;0;10;0;11;0;12
1;1;19;3;2;6;1;6;0;6;0;7;0;8;0;9;0;10;0;11;0;12;1;12
1;1;19;3;1;6;0;6;0;7;0;8;0;9;0;10;0;11;0;12;1;12;2;12
1;1;19;3;0;6;0;7;0;8;0;9;0;10;0;11;0;12;1;12;2;12;3;12
1;1;19;3;0;7;0;8;0;9;0;10;0;11;0;12;1;12;2;12;3;12;4;12
1;1;19;3;0;8;0;9;0;10;0;11;0;12;1;12;2;12;3;12;4;12;5;12
1;1;19;3;0;9;0;10;0;11;0;12;1;12;2;12;3;12;4;12;5;12;6;12
1;1;19;3;0;10;0;11;0;12;1;12;2;12;3;12;4;12;5;12;6;12;7;12
1;1;19;3;0;11;0;12;1;12;2;12;3;12;4;12;5;12;6;12;7;12;8;12
1;1;19;3;0;12;1;12;2;12;3;12;4;12;5;12;6;12;7;12;8;12;9;12
1;1;19;3;1;12;2;12;3;12;4;12;5;12;6;12;7;12;8;12;9;12;10;12
1;1;19;3;2;12;3;12;4;12;5;12;6;12;7;12;8;12;9;12;10;12;11;12
1;1;19;3;3;12;4;12;5;12;6;12;7;12;8;12;9;12;10;12;11;12;12;12
1;1;19;3;4;12;5;12;6;12;7;12;8;12;9;12;10;12;11;12;12;12;13;12
1;1;19;3;5;12;6;12;7;12;8;12;9;12;10;12;11;12;12;12;13;12;14;12
1;1;19;3;6;12;7;12;8;12;9;12;10;12;11;12;12;12;13;12;14;12;15;12
1;1;19;3;7;12;8;12;9;12;10;12;11;12;12;12;13;12;14;12;15;12;16;12
1;1;19;3;8;12;9;12;10;12;11;12;12;12;13;12;14;12;15;12;16;12;17;12
0;1;19;3;9;12;10;12;11;12;12;12;13;12;14;12;15;12;16;12;17;12;18;12
0;0;19;3;10;12;11;12;12;12;13;12;14;12;15;12;16;12;17;12;18;12;18;11
1;0;19;3;11;12;12;12;13;12;14;12;15;12;16;12;17;12;18;12;18;11;18;10
0;1;19;3;12;12;13;12;14;12;15;12;16;12;17;12;18;12;18;11;18;10;19;10
0;0;19;3;13;12;14;12;15;12;16;12;17;12;18;12;18;11;18;10;19;10;19;9
0;0;19;3;14;12;15;12;16;12;17;12;18;12;18;11;18;10;19;10;19;9;19;8
0;0;19;3;15;12;16;12;17;12;18;12;18;11;18;10;19;10;19;9;19;8;19;7
0;0;19;3;16;12;17;12;18;12;18;11;18;10;19;10;19;9;19;8;19;7;19;6
0;0;19;3;17;12;18;12;18;11;18;10;19;10;19;9;19;8;19;7;19;6;19;5
0;0;19;3;18;12;18;11;18;10;19;10;19;9;19;8;19;7;19;6;19;5;19;4
3;0;14;16;18;11;18;11;18;10;19;10;19;9;19;8;19;7;19;6;19;5;19;4;19;3
3;3;14;16;18;11;18;10;19;10;19;9;19;8;19;7;19;6;19;5;19;4;19;3;18;3
3;3;14;16;18;10;19;10;19;9;19;8;19;7;19;6;19;5;19;4;19;3;18;3;17;3
3;3;14;16;19;10;19;9;19;8;19;7;19;6;19;5;19;4;19;3;18;3;17;3;16;3
3;3;14;16;19;9;19;8;19;7;19;6;19;5;19;4;19;3;18;3;17;3;16;3;15;3
2;3;14;16;19;8;19;7;19;6;19;5;19;4;19;3;18;3;17;3;16;3;15;3;14;3
2;2;14;16;19;7;19;6;19;5;19;4;19;3;18;3;17;3;16;3;15;3;14;3;14;4
2;2;14;16;19;6;19;5;19;4;19;3;18;3;17;3;16;3;15;3;14;3;14;4;14;5
2;2;14;16;19;5;19;4;19;3;18;3;17;3;16;3;15;3;14;3;14;4;14;5;14;6
2;2;14;16;19;4;19;3;18;3;17;3;16;3;15;3;14;3;14;4;14;5;14;6;14;7
2;2;14;16;19;3;18;3;17;3;16;3;15;3;14;3;14;4;14;5;14;6;14;7;14;8
2;2;14;16;18;3;17;3;16;3;15;3;14;3;14;4;14;5;14;6;14;7;14;8;14;9
2;2;14;16;17;3;16;3;15;3;14;3;14;4;14;5;14;6;14;7;14;8;14;9;14;10
2;2;14;16;16;3;15;3;14;3;14;4;14;5;14;6;14;7;14;8;14;9;14;10;14;11
2;2;14;16;15;3;14;3;14;4;14;5;14;6;14;7;14;8;14;9;14;10;14;11;14;12
2;2;14;16;14;3;14;4;14;5;14;6;14;7;14;8;14;9;14;10;14;11;14;12;14;13
2;2;14;16;14;4;14;5;14;6;14;7;14;8;14;9;14;10;14;11;14;12;14;13;14;14
2;2;14;16;14;5;14;6;14;7;14;8;14;9;14;10;14;11;14;12;14;13;14;14;14;15
3;2;11;6;14;6;14;6;14;7;14;8;14;9;14;10;14;11;14;12;14;13;14;14;14;15;14;16
3;3;11;6;14;6;14;7;14;8;14;9;14;10;14;11;14;12;14;13;14;14;14;15;14;16;13;16
0;3;11;6;14;7;14;8;14;9;14;10;14;11;14;12;14;13;14;14;14;15;14;16;13;16;12;16
0;0;11;6;14;8;14;9;14;10;14;11;14;12;14;13;14;14;14;15;14;16;13;16;12;16;12;15
0;0;11;6;14;9;14;10;14;11;14;12;14;13;14;14;14;15;14;16;13;16;12;16;12;15;12;14
0;0;11;6;14;10;14;11;14;12;14;13;14;14;14;15;14;16;13;16;12;16;12;15;12;14;12;13
0;0;11;6;14;11;14;12;14;13;14;14;14;15;14;16;13;16;12;16;12;15;12;14;12;13;12;12
0;0;11;6;14;12;14;13;14;14;14;15;14;16;13;16;12;16;12;15;12;14;12;13;12;12;12;11
0;0;11;6;14;13;14;14;14;15;14;16;13;16;12;16;12;15;12;14;12;13;12;12;12;11;12;10
0;0;11;6;14;14;14;15;14;16;13;16;12;16;12;15;12;14;12;13;12;12;12;11;12;10;12;9
0;0;11;6;14;15;14;16;13;16;12;16;12;15;12;14;12;13;12;12;12;11;12;10;12;9;12;8
0;0;11;6;14;16;13;16;12;16;12;15;12;14;12;13;12;12;12;11;12;10;12;9;12;8;12;7
3;0;11;6;13;16;12;16;12;15;12;14;12;13;12;12;12;11;12;10;12;9;12;8;12;7;12;6
3;3;14;4;12;16;12;16;12;15;12;14;12;13;12;12;12;11;12;10;12;9;12;8;12;7;12;6;11;6
0;3;14;4;12;16;12;15;12;14;12;13;12;12;12;11;12;10;12;9;12;8;12;7;12;6;11;6;10;6
0;0;14;4;12;15;12;14;12;13;12;12;12;11;12;10;12;9;12;8;12;7;12;6;11;6;10;6;10;5
1;0;14;4;12;14;12;13;12;12;12;11;12;10;12;9;12;8;12;7;12;6;11;6;10;6;10;5;10;4
1;1;14;4;12;13;12;12;12;11;12;10;12;9;12;8;12;7;12;6;11;6;10;6;10;5;10;4;11;4
1;1;14;4;12;12;12;11;12;10;12;9;12;8;12;7;12;6;11;6;10;6;10;5;10;4;11;4;12;4
1;1;14;4;12;11;12;10;12;9;12;8;12;7;12;6;11;6;10;6;10;5;10;4;11;4;12;4;13;4
2;1;12;2;12;10;12;10;12;9;12;8;12;7;12;6;11;6;10;6;10;5;10;4;11;4;12;4;13;4;14;4
2;2;12;2;12;10;12;9;12;8;12;7;12;6;11;6;10;6;10;5;10;4;11;4;12;4;13;4;14;4;14;5
2;2;12;2;12;9;12;8;12;7;12;6;11;6;10;6;10;5;10;4;11;4;12;4;13;4;14;4;14;5;14;6
1;2;12;2;12;8;12;7;12;6;11;6;10;6;10;5;10;4;11;4;12;4;13;4;14;4;14;5;14;6;14;7
0;1;12;2;12;7;12;6;11;6;10;6;10;5;10;4;11;4;12;4;13;4;14;4;14;5;14;6;14;7;15;7
0;0;12;2;12;6;11;6;10;6;10;5;10;4;11;4;12;4;13;4;14;4;14;5;14;6;14;7;15;7;15;6
0;0;12;2;11;6;10;6;10;5;10;4;11;4;12;4;13;4;14;4;14;5;14;6;14;7;15;7;15;6;15;5
0;0;12;2;10;6;10;5;10;4;11;4;12;4;13;4;14;4;14;5;14;6;14;7;15;7;15;6;15;5;15;4
3;0;12;2;10;5;10;4;11;4;12;4;13;4;14;4;14;5;14;6;14;7;15;7;15;6;15;5;15;4;15;3
3;3;12;2;10;4;11;4;12;4;13;4;14;4;14;5;14;6;14;7;15;7;15;6;15;5;15;4;15;3;14;3
0;3;12;2;11;4;12;4;13;4;14;4;14;5;14;6;14;7;15;7;15;6;15;5;15;4;15;3;14;3;13;3
3;0;12;2;12;4;13;4;14;4;14;5;14;6;14;7;15;7;15;6;15;5;15;4;15;3;14;3;13;3;13;2
3;3;6;9;13;4;13;4;14;4;14;5;14;6;14;7;15;7;15;6;15;5;15;4;15;3;14;3;13;3;13;2;12;2
3;3;6;9;13;4;14;4;14;5;14;6;14;7;15;7;15;6;15;5;15;4;15;3;14;3;13;3;13;2;12;2;11;2
3;3;6;9;14;4;14;5;14;6;14;7;15;7;15;6;15;5;15;4;15;3;14;3;13;3;13;2;12;2;11;2;10;2
3;3;6;9;14;5;14;6;14;7;15;7;15;6;15;5;15;4;15;3;14;3;13;3;13;2;12;2;11;2;10;2;9;2
3;3;6;9;14;6;14;7;15;7;15;6;15;5;15;4;15;3;14;3;13;3;13;2;12;2;11;2;10;2;9;2;8;2
3;3;6;9;14;7;15;7;15;6;15;5;15;4;15;3;14;3;13;3;13;2;12;2;11;2;10;2;9;2;8;2;7;2
2;3;6;9;15;7;15;6;15;5;15;4;15;3;14;3;13;3;13;2;12;2;11;2;10;2;9;2;8;2;7;2;6;2
2;2;6;9;15;6;15;5;15;4;15;3;14;3;13;3;13;2;12;2;11;2;10;2;9;2;8;2;7;2;6;2;6;3
2;2;6;9;15;5;15;4;15;3;14;3;13;3;13;2;12;2;11;2;10;2;9;2;8;2;7;2;6;2;6;3;6;4
2;2;6;9;15;4;15;3;14;3;13;3;13;2;12;2;11;2;10;2;9;2;8;2;7;2;6;2;6;3;6;4;6;5
2;2;6;9;15;3;14;3;13;3;13;2;12;2;11;2;10;2;9;2;8;2;7;2;6;2;6;3;6;4;6;5;6;6
2;2;6;9;14;3;13;3;13;2;12;2;11;2;10;2;9;2;8;2;7;2;6;2;6;3;6;4;6;5;6;6;6;7
2;2;6;9;13;3;13;2;12;2;11;2;10;2;9;2;8;2;7;2;6;2;6;3;6;4;6;5;6;6;6;7;6;8
2;2;5;9;13;2;13;2;12;2;11;2;10;2;9;2;8;2;7;2;6;2;6;3;6;4;6;5;6;6;6;7;6;8;6;9
3;2;5;9;13;2;12;2;11;2;10;2;9;2;8;2;7;2;6;2;6;3;6;4;6;5;6;6;6;7;6;8;6;9;6;10
0;3;5;9;12;2;11;2;10;2;9;2;8;2;7;2;6;2;6;3;6;4;6;5;6;6;6;7;6;8;6;9;6;10;5;10
0;0;16;0;11;2;11;2;10;2;9;2;8;2;7;2;6;2;6;3;6;4;6;5;6;6;6;7;6;8;6;9;6;10;5;10;5;9
0;0;16;0;11;2;10;2;9;2;8;2;7;2;6;2;6;3;6;4;6;5;6;6;6;7;6;8;6;9;6;10;5;10;5;9;5;8
0;0;16;0;10;2;9;2;8;2;7;2;6;2;6;3;6;4;6;5;6;6;6;7;6;8;6;9;6;10;5;10;5;9;5;8;5;7
0;0;16;0;9;2;8;2;7;2;6;2;6;3;6;4;6;5;6;6;6;7;6;8;6;9;6;10;5;10;5;9;5;8;5;7;5;6
0;0;16;0;8;2;7;2;6;2;6;3;6;4;6;5;6;6;6;7;6;8;6;9;6;10;5;10;5;9;5;8;5;7;5;6;5;5
0;0;16;0;7;2;6;2;6;3;6;4;6;5;6;6;6;7;6;8;6;9;6;10;5;10;5;9;5;8;5;7;5;6;5;5;5;4
0;0;16;0;6;2;6;3;6;4;6;5;6;6;6;7;6;8;6;9;6;10;5;10;5;9;5;8;5;7;5;6;5;5;5;4;5;3
0;0;16;0;6;3;6;4;6;5;6;6;6;7;6;8;6;9;6;10;5;10;5;9;5;8;5;7;5;6;5;5;5;4;5;3;5;2
0;0;16;0;6;4;6;5;6;6;6;7;6;8;6;9;6;10;5;10;5;9;5;8;5;7;5;6;5;5;5;4;5;3;5;2;5;1
1;0;16;0;6;5;6;6;6;7;6;8;6;9;6;10;5;10;5;9;5;8;5;7;5;6;5;5;5;4;5;3;5;2;5;1;5;0
1;1;16;0;6;6;6;7;6;8;6;9;6;10;5;10;5;9;5;8;5;7;5;6;5;5;5;4;5;3;5;2;5;1;5;0;6;0
1;1;16;0;6;7;6;8;6;9;6;10;5;10;5;9;5;8;5;7;5;6;5;5;5;4;5;3;5;2;5;1;5;0;6;0;7;0
1;1;16;0;6;8;6;9;6;10;5;10;5;9;5;8;5;7;5;6;5;5;5;4;5;3;5;2;5;1;5;0;6;0;7;0;8;0
1;1;16;0;6;9;6;10;5;10;5;9;5;8;5;7;5;6;5;5;5;4;5;3;5;2;5;1;5;0;6;0;7;0;8;0;9;0
1;1;16;0;6;10;5;10;5;9;5;8;5;7;5;6;5;5;5;4;5;3;5;2;5;1;5;0;6;0;7;0;8;0;9;0;10;0
1;1;16;0;5;10;5;9;5;8;5;7;5;6;5;5;5;4;5;3;5;2;5;1;5;0;6;0;7;0;8;0;9;0;10;0;11;0
1;1;16;0;5;9;5;8;5;7;5;6;5;5;5;4;5;3;5;2;5;1;5;0;6;0;7;0;8;0;9;0;10;0;11;0;12;0
1;1;16;0;5;8;5;7;5;6;5;5;5;4;5;3;5;2;5;1;5;0;6;0;7;0;8;0;9;0;10;0;11;0;12;0;13;0
1;1;16;0;5;7;5;6;5;5;5;4;5;3;5;2;5;1;5;0;6;0;7;0;8;0;9;0;10;0;11;0;12;0;13;0;14;0
1;1;16;0;5;6;5;5;5;4;5;3;5;2;5;1;5;0;6;0;7;0;8;0;9;0;10;0;11;0;12;0;13;0;14;0;15;0
2;1;1;9;5;5;5;5;5;4;5;3;5;2;5;1;5;0;6;0;7;0;8;0;9;0;10;0;11;0;12;0;13;0;14;0;15;0;16;0
2;2;1;9;5;5;5;4;5;3;5;2;5;1;5;0;6;0;7;0;8;0;9;0;10;0;11;0;12;0;13;0;14;0;15;0;16;0;16;1
2;2;1;9;5;4;5;3;5;2;5;1;5;0;6;0;7;0;8;0;9;0;10;0;11;0;12;0;13;0;14;0;15;0;16;0;16;1;16;2
3;2;1;9;5;3;5;2;5;1;5;0;6;0;7;0;8;0;9;0;10;0;11;0;12;0;13;0;14;0;15;0;16;0;16;1;16;2;16;3
3;3;1;9;5;2;5;1;5;0;6;0;7;0;8;0;9;0;10;0;11;0;12;0;13;0;14;0;15;0;16;0;16;1;16;2;16;3;15;3
3;3;1;9;5;1;5;0;6;0;7;0;8;0;9;0;10;0;11;0;12;0;13;0;14;0;15;0;16;0;16;1;16;2;16;3;15;3;14;3
2;3;1;9;5;0;6;0;7;0;8;0;9;0;10;0;11;0;12;0;13;0;14;0;15;0;16;0;16;1;16;2;16;3;15;3;14;3;13;3
3;2;1;9;6;0;7;0;8;0;9;0;10;0;11;0;12;0;13;0;14;0;15;0;16;0;16;1;16;2;16;3;15;3;14;3;13;3;13;4
3;3;1;9;7;0;8;0;9;0;10;0;11;0;12;0;13;0;14;0;15;0;16;0;16;1;16;2;16;3;15;3;14;3;13;3;13;4;12;4
3;3;1;9;8;0;9;0;10;0;11;0;12;0;13;0;14;0;15;0;16;0;16;1;16;2;16;3;15;3;14;3;13;3;13;4;12;4;11;4
3;3;1;9;9;0;10;0;11;0;12;0;13;0;14;0;15;0;16;0;16;1;16;2;16;3;15;3;14;3;13;3;13;4;12;4;11;4;10;4
3;3;1;9;10;0;11;0;12;0;13;0;14;0;15;0;16;0;16;1;16;2;16;3;15;3;14;3;13;3;13;4;12;4;11;4;10;4;9;4
3;3;1;9;11;0;12;0;13;0;14;0;15;0;16;0;16;1;16;2;16;3;15;3;14;3;13;3;13;4;12;4;11;4;10;4;9;4;8;4
3;3;1;9;12;0;13;0;14;0;15;0;16;0;16;1;16;2;16;3;15;3;14;3;13;3;13;4;12;4;11;4;10;4;9;4;8;4;7;4
3;3;1;9;13;0;14;0;15;0;16;0;16;1;16;2;16;3;15;3;14;3;13;3;13;4;12;4;11;4;10;4;9;4;8;4;7;4;6;4
3;3;1;9;14;0;15;0;16;0;16;1;16;2;16;3;15;3;14;3;13;3;13;4;12;4;11;4;10;4;9;4;8;4;7;4;6;4;5;4
3;3;1;9;15;0;16;0;16;1;16;2;16;3;15;3;14;3;13;3;13;4;12;4;11;4;10;4;9;4;8;4;7;4;6;4;5;4;4;4
3;3;1;9;16;0;16;1;16;2;16;3;15;3;14;3;13;3;13;4;12;4;11;4;10;4;9;4;8;4;7;4;6;4;5;4;4;4;3;4
2;3;1;9;16;1;16;2;16;3;15;3;14;3;13;3;13;4;12;4;11;4;10;4;9;4;8;4;7;4;6;4;5;4;4;4;3;4;2;4
2;2;1;9;16;2;16;3;15;3;14;3;13;3;13;4;12;4;11;4;10;4;9;4;8;4;7;4;6;4;5;4;4;4;3;4;2;4;2;5
3;2;1;9;16;3;15;3;14;3;13;3;13;4;12;4;11;4;10;4;9;4;8;4;7;4;6;4;5;4;4;4;3;4;2;4;2;5;2;6
2;3;1;9;15;3;14;3;13;3;13;4;12;4;11;4;10;4;9;4;8;4;7;4;6;4;5;4;4;4;3;4;2;4;2;5;2;6;1;6
2;2;1;9;14;3;13;3;13;4;12;4;11;4;10;4;9;4;8;4;7;4;6;4;5;4;4;4;3;4;2;4;2;5;2;6;1;6;1;7
2;2;1;9;13;3;13;4;12;4;11;4;10;4;9;4;8;4;7;4;6;4;5;4;4;4;3;4;2;4;2;5;2;6;1;6;1;7;1;8
2;2;14;17;13;4;13;4;12;4;11;4;10;4;9;4;8;4;7;4;6;4;5;4;4;4;3;4;2;4;2;5;2;6;1;6;1;7;1;8;1;9
2;2;14;17;13;4;12;4;11;4;10;4;9;4;8;4;7;4;6;4;5;4;4;4;3;4;2;4;2;5;2;6;1;6;1;7;1;8;1;9;1;10
2;2;14;17;12;4;11;4;10;4;9;4;8;4;7;4;6;4;5;4;4;4;3;4;2;4;2;5;2;6;1;6;1;7;1;8;1;9;1;10;1;11
2;2;14;17;11;4;10;4;9;4;8;4;7;4;6;4;5;4;4;4;3;4;2;4;2;5;2;6;1;6;1;7;1;8;1;9;1;10;1;11;1;12
2;2;14;17;10;4;9;4;8;4;7;4;6;4;5;4;4;4;3;4;2;4;2;5;2;6;1;6;1;7;1;8;1;9;1;10;1;11;1;12;1;13
2;2;14;17;9;4;8;4;7;4;6;4;5;4;4;4;3;4;2;4;2;5;2;6;1;6;1;7;1;8;1;9;1;10;1;11;1;12;1;13;1;14
2;2;14;17;8;4;7;4;6;4;5;4;4;4;3;4;2;4;2;5;2;6;1;6;1;7;1;8;1;9;1;10;1;11;1;12;1;13;1;14;1;15
1;2;14;17;7;4;6;4;5;4;4;4;3;4;2;4;2;5;2;6;1;6;1;7;1;8;1;9;1;10;1;11;1;12;1;13;1;14;1;15;1;16
1;1;14;17;6;4;5;4;4;4;3;4;2;4;2;5;2;6;1;6;1;7;1;8;1;9;1;10;1;11;1;12;1;13;1;14;1;15;1;16;2;16
2;1;14;17;5;4;4;4;3;4;2;4;2;5;2;6;1;6;1;7;1;8;1;9;1;10;1;11;1;12;1;13;1;14;1;15;1;16;2;16;3;16
1;2;14;17;4;4;3;4;2;4;2;5;2;6;1;6;1;7;1;8;1;9;1;10;1;11;1;12;1;13;1;14;1;15;1;16;2;16;3;16;3;17
1;1;14;17;3;4;2;4;2;5;2;6;1;6;1;7;1;8;1;9;1;10;1;11;1;12;1;13;1;14;1;15;1;16;2;16;3;16;3;17;4;17
1;1;14;17;2;4;2;5;2;6;1;6;1;7;1;8;1;9;1;10;1;11;1;12;1;13;1;14;1;15;1;16;2;16;3;16;3;17;4;17;5;17
1;1;14;17;2;5;2;6;1;6;1;7;1;8;1;9;1;10;1;11;1;12;1;13;1;14;1;15;1;16;2;16;3;16;3;17;4;17;5;17;6;17
1;1;14;17;2;6;1;6;1;7;1;8;1;9;1;10;1;11;1;12;1;13;1;14;1;15;1;16;2;16;3;16;3;17;4;17;5;17;6;17;7;17
1;1;14;17;1;6;1;7;1;8;1;9;1;10;1;11;1;12;1;13;1;14;1;15;1;16;2;16;3;16;3;17;4;17;5;17;6;17;7;17;8;17
1;1;14;17;1;7;1;8;1;9;1;10;1;11;1;12;1;13;1;14;1;15;1;16;2;16;3;16;3;17;4;17;5;17;6;17;7;17;8;17;9;17
1;1;14;17;1;8;1;9;1;10;1;11;1;12;1;13;1;14;1;15;1;16;2;16;3;16;3;17;4;17;5;17;6;17;7;17;8;17;9;17;10;17
1;1;14;17;1;9;1;10;1;11;1;12;1;13;1;14;1;15;1;16;2;16;3;16;3;17;4;17;5;17;6;17;7;17;8;17;9;17;10;17;11;17
1;1;14;17;1;10;1;11;1;12;1;13;1;14;1;15;1;16;2;16;3;16;3;17;4;17;5;17;6;17;7;17;8;17;9;17;10;17;11;17;12;17
1;1;14;17;1;11;1;12;1;13;1;14;1;15;1;16;2;16;3;16;3;17;4;17;5;17;6;17;7;17;8;17;9;17;10;17;11;17;12;17;13;17
0;1;12;7;1;12;1;12;1;13;1;14;1;15;1;16;2;16;3;16;3;17;4;17;5;17;6;17;7;17;8;17;9;17;10;17;11;17;12;17;13;17;14;17
0;0;12;7;1;12;1;13;1;14;1;15;1;16;2;16;3;16;3;17;4;17;5;17;6;17;7;17;8;17;9;17;10;17;11;17;12;17;13;17;14;17;14;16
0;0;12;7;1;13;1;14;1;15;1;16;2;16;3;16;3;17;4;17;5;17;6;17;7;17;8;17;9;17;10;17;11;17;12;17;13;17;14;17;14;16;14;15
0;0;12;7;1;14;1;15;1;16;2;16;3;16;3;17;4;17;5;17;6;17;7;17;8;17;9;17;10;17;11;17;12;17;13;17;14;17;14;16;14;15;14;14
0;0;12;7;1;15;1;16;2;16;3;16;3;17;4;17;5;17;6;17;7;17;8;17;9;17;10;17;11;17;12;17;13;17;14;17;14;16;14;15;14;14;14;13
0;0;12;7;1;16;2;16;3;16;3;17;4;17;5;17;6;17;7;17;8;17;9;17;10;17;11;17;12;17;13;17;14;17;14;16;14;15;14;14;14;13;14;12
0;0;12;7;2;16;3;16;3;17;4;17;5;17;6;17;7;17;8;17;9;17;10;17;11;17;12;17;13;17;14;17;14;16;14;15;14;14;14;13;14;12;14;11
0;0;12;7;3;16;3;17;4;17;5;17;6;17;7;17;8;17;9;17;10;17;11;17;12;17;13;17;14;17;14;16;14;15;14;14;14;13;14;12;14;11;14;10
0;0;12;7;3;17;4;17;5;17;6;17;7;17;8;17;9;17;10;17;11;17;12;17;13;17;14;17;14;16;14;15;14;14;14;13;14;12;14;11;14;10;14;9
3;0;12;7;4;17;5;17;6;17;7;17;8;17;9;17;10;17;11;17;12;17;13;17;14;17;14;16;14;15;14;14;14;13;14;12;14;11;14;10;14;9;14;8
3;3;12;7;5;17;6;17;7;17;8;17;9;17;10;17;11;17;12;17;13;17;14;17;14;16;14;15;14;14;14;13;14;12;14;11;14;10;14;9;14;8;13;8
0;3;12;7;6;17;7;17;8;17;9;17;10;17;11;17;12;17;13;17;14;17;14;16;14;15;14;14;14;13;14;12;14;11;14;10;14;9;14;8;13;8;12;8
0;0;10;11;7;17;7;17;8;17;9;17;10;17;11;17;12;17;13;17;14;17;14;16;14;15;14;14;14;13;14;12;14;11;14;10;14;9;14;8;13;8;12;8;12;7
3;0;10;11;7;17;8;17;9;17;10;17;11;17;12;17;13;17;14;17;14;16;14;15;14;14;14;13;14;12;14;11;14;10;14;9;14;8;13;8;12;8;12;7;12;6
3;3;10;11;8;17;9;17;10;17;11;17;12;17;13;17;14;17;14;16;14;15;14;14;14;13;14;12;14;11;14;10;14;9;14;8;13;8;12;8;12;7;12;6;11;6
2;3;10;11;9;17;10;17;11;17;12;17;13;17;14;17;14;16;14;15;14;14;14;13;14;12;14;11;14;10;14;9;14;8;13;8;12;8;12;7;12;6;11;6;10;6
2;2;10;11;10;17;11;17;12;17;13;17;14;17;14;16;14;15;14;14;14;13;14;12;14;11;14;10;14;9;14;8;13;8;12;8;12;7;12;6;11;6;10;6;10;7
2;2;10;11;11;17;12;17;13;17;14;17;14;16;14;15;14;14;14;13;14;12;14;11;14;10;14;9;14;8;13;8;12;8;12;7;12;6;11;6;10;6;10;7;10;8
2;2;10;11;12;17;13;17;14;17;14;16;14;15;14;14;14;13;14;12;14;11;14;10;14;9;14;8;13;8;12;8;12;7;12;6;11;6;10;6;10;7;10;8;10;9
2;2;10;11;13;17;14;17;14;16;14;15;14;14;14;13;14;12;14;11;14;10;14;9;14;8;13;8;12;8;12;7;12;6;11;6;10;6;10;7;10;8;10;9;10;10
2;2;3;8;14;17;14;17;14;16;14;15;14;14;14;13;14;12;14;11;14;10;14;9;14;8;13;8;12;8;12;7;12;6;11;6;10;6;10;7;10;8;10;9;10;10;10;11
3;2;3;8;14;17;14;16;14;15;14;14;14;13;14;12;14;11;14;10;14;9;14;8;13;8;12;8;12;7;12;6;11;6;10;6;10;7;10;8;10;9;10;10;10;11;10;12
3;3;3;8;14;16;14;15;14;14;14;13;14;12;14;11;14;10;14;9;14;8;13;8;12;8;12;7;12;6;11;6;10;6;10;7;10;8;10;9;10;10;10;11;10;12;9;12
3;3;3;8;14;15;14;14;14;13;14;12;14;11;14;10;14;9;14;8;13;8;12;8;12;7;12;6;11;6;10;6;10;7;10;8;10;9;10;10;10;11;10;12;9;12;8;12
3;3;3;8;14;14;14;13;14;12;14;11;14;10;14;9;14;8;13;8;12;8;12;7;12;6;11;6;10;6;10;7;10;8;10;9;10;10;10;11;10;12;9;12;8;12;7;12
3;3;3;8;14;13;14;12;14;11;14;10;14;9;14;8;13;8;12;8;12;7;12;6;11;6;10;6;10;7;10;8;10;9;10;10;10;11;10;12;9;12;8;12;7;12;6;12
3;3;3;8;14;12;14;11;14;10;14;9;14;8;13;8;12;8;12;7;12;6;11;6;10;6;10;7;10;8;10;9;10;10;10;11;10;12;9;12;8;12;7;12;6;12;5;12
3;3;3;8;14;11;14;10;14;9;14;8;13;8;12;8;12;7;12;6;11;6;10;6;10;7;10;8;10;9;10;10;10;11;10;12;9;12;8;12;7;12;6;12;5;12;4;12
0;3;3;8;14;10;14;9;14;8;13;8;12;8;12;7;12;6;11;6;10;6;10;7;10;8;10;9;10;10;10;11;10;12;9;12;8;12;7;12;6;12;5;12;4;12;3;12
0;0;3;8;14;9;14;8;13;8;12;8;12;7;12;6;11;6;10;6;10;7;10;8;10;9;10;10;10;11;10;12;9;12;8;12;7;12;6;12;5;12;4;12;3;12;3;11
0;0;3;8;14;8;13;8;12;8;12;7;12;6;11;6;10;6;10;7;10;8;10;9;10;10;10;11;10;12;9;12;8;12;7;12;6;12;5;12;4;12;3;12;3;11;3;10
0;0;3;8;13;8;12;8;12;7;12;6;11;6;10;6;10;7;10;8;10;9;10;10;10;11;10;12;9;12;8;12;7;12;6;12;5;12;4;12;3;12;3;11;3;10;3;9
0;0;6;18;12;8;12;8;12;7;12;6;11;6;10;6;10;7;10;8;10;9;10;10;10;11;10;12;9;12;8;12;7;12;6;12;5;12;4;12;3;12;3;11;3;10;3;9;3;8
0;0;6;18;12;8;12;7;12;6;11;6;10;6;10;7;10;8;10;9;10;10;10;11;10;12;9;12;8;12;7;12;6;12;5;12;4;12;3;12;3;11;3;10;3;9;3;8;3;7
0;0;6;18;12;7;12;6;11;6;10;6;10;7;10;8;10;9;10;10;10;11;10;12;9;12;8;12;7;12;6;12;5;12;4;12;3;12;3;11;3;10;3;9;3;8;3;7;3;6
1;0;6;18;12;6;11;6;10;6;10;7;10;8;10;9;10;10;10;11;10;12;9;12;8;12;7;12;6;12;5;12;4;12;3;12;3;11;3;10;3;9;3;8;3;7;3;6;3;5
1;1;6;18;11;6;10;6;10;7;10;8;10;9;10;10;10;11;10;12;9;12;8;12;7;12;6;12;5;12;4;12;3;12;3;11;3;10;3;9;3;8;3;7;3;6;3;5;4;5
1;1;6;18;10;6;10;7;10;8;10;9;10;10;10;11;10;12;9;12;8;12;7;12;6;12;5;12;4;12;3;12;3;11;3;10;3;9;3;8;3;7;3;6;3;5;4;5;5;5
1;1;6;18;10;7;10;8;10;9;10;10;10;11;10;12;9;12;8;12;7;12;6;12;5;12;4;12;3;12;3;11;3;10;3;9;3;8;3;7;3;6;3;5;4;5;5;5;6;5
1;1;6;18;10;8;10;9;10;10;10;11;10;12;9;12;8;12;7;12;6;12;5;12;4;12;3;12;3;11;3;10;3;9;3;8;3;7;3;6;3;5;4;5;5;5;6;5;7;5
1;1;6;18;10;9;10;10;10;11;10;12;9;12;8;12;7;12;6;12;5;12;4;12;3;12;3;11;3;10;3;9;3;8;3;7;3;6;3;5;4;5;5;5;6;5;7;5;8;5
2;1;6;18;10;10;10;11;10;12;9;12;8;12;7;12;6;12;5;12;4;12;3;12;3;11;3;10;3;9;3;8;3;7;3;6;3;5;4;5;5;5;6;5;7;5;8;5;9;5
2;2;6;18;10;11;10;12;9;12;8;12;7;12;6;12;5;12;4;12;3;12;3;11;3;10;3;9;3;8;3;7;3;6;3;5;4;5;5;5;6;5;7;5;8;5;9;5;9;6
2;2;6;18;10;12;9;12;8;12;7;12;6;12;5;12;4;12;3;12;3;11;3;10;3;9;3;8;3;7;3;6;3;5;4;5;5;5;6;5;7;5;8;5;9;5;9;6;9;7
2;2;6;18;9;12;8;12;7;12;6;12;5;12;4;12;3;12;3;11;3;10;3;9;3;8;3;7;3;6;3;5;4;5;5;5;6;5;7;5;8;5;9;5;9;6;9;7;9;8
2;2;6;18;8;12;7;12;6;12;5;12;4;12;3;12;3;11;3;10;3;9;3;8;3;7;3;6;3;5;4;5;5;5;6;5;7;5;8;5;9;5;9;6;9;7;9;8;9;9
2;2;6;18;7;12;6;12;5;12;4;12;3;12;3;11;3;10;3;9;3;8;3;7;3;6;3;5;4;5;5;5;6;5;7;5;8;5;9;5;9;6;9;7;9;8;9;9;9;10
2;2;6;18;6;12;5;12;4;12;3;12;3;11;3;10;3;9;3;8;3;7;3;6;3;5;4;5;5;5;6;5;7;5;8;5;9;5;9;6;9;7;9;8;9;9;9;10;9;11
2;2;6;18;5;12;4;12;3;12;3;11;3;10;3;9;3;8;3;7;3;6;3;5;4;5;5;5;6;5;7;5;8;5;9;5;9;6;9;7;9;8;9;9;9;10;9;11;9;12
2;2;6;18;4;12;3;12;3;11;3;10;3;9;3;8;3;7;3;6;3;5;4;5;5;5;6;5;7;5;8;5;9;5;9;6;9;7;9;8;9;9;9;10;9;11;9;12;9;13
3;2;6;18;3;12;3;11;3;10;3;9;3;8;3;7;3;6;3;5;4;5;5;5;6;5;7;5;8;5;9;5;9;6;9;7;9;8;9;9;9;10;9;11;9;12;9;13;9;14
3;3;6;18;3;11;3;10;3;9;3;8;3;7;3;6;3;5;4;5;5;5;6;5;7;5;8;5;9;5;9;6;9;7;9;8;9;9;9;10;9;11;9;12;9;13;9;14;8;14
3;3;6;18;3;10;3;9;3;8;3;7;3;6;3;5;4;5;5;5;6;5;7;5;8;5;9;5;9;6;9;7;9;8;9;9;9;10;9;11;9;12;9;13;9;14;8;14;7;14
2;3;6;18;3;9;3;8;3;7;3;6;3;5;4;5;5;5;6;5;7;5;8;5;9;5;9;6;9;7;9;8;9;9;9;10;9;11;9;12;9;13;9;14;8;14;7;14;6;14
2;2;6;18;3;8;3;7;3;6;3;5;4;5;5;5;6;5;7;5;8;5;9;5;9;6;9;7;9;8;9;9;9;10;9;11;9;12;9;13;9;14;8;14;7;14;6;14;6;15
2;2;6;18;3;7;3;6;3;5;4;5;5;5;6;5;7;5;8;5;9;5;9;6;9;7;9;8;9;9;9;10;9;11;9;12;9;13;9;14;8;14;7;14;6;14;6;15;6;16
1;2;6;18;3;6;3;5;4;5;5;5;6;5;7;5;8;5;9;5;9;6;9;7;9;8;9;9;9;10;9;11;9;12;9;13;9;14;8;14;7;14;6;14;6;15;6;16;6;17
1;1;6;18;3;5;4;5;5;5;6;5;7;5;8;5;9;5;9;6;9;7;9;8;9;9;9;10;9;11;9;12;9;13;9;14;8;14;7;14;6;14;6;15;6;16;6;17;7;17
1;1;6;18;4;5;5;5;6;5;7;5;8;5;9;5;9;6;9;7;9;8;9;9;9;10;9;11;9;12;9;13;9;14;8;14;7;14;6;14;6;15;6;16;6;17;7;17;8;17
2;1;6;18;5;5;6;5;7;5;8;5;9;5;9;6;9;7;9;8;9;9;9;10;9;11;9;12;9;13;9;14;8;14;7;14;6;14;6;15;6;16;6;17;7;17;8;17;9;17
3;2;6;18;6;5;7;5;8;5;9;5;9;6;9;7;9;8;9;9;9;10;9;11;9;12;9;13;9;14;8;14;7;14;6;14;6;15;6;16;6;17;7;17;8;17;9;17;9;18
3;3;6;18;7;5;8;5;9;5;9;6;9;7;9;8;9;9;9;10;9;11;9;12;9;13;9;14;8;14;7;14;6;14;6;15;6;16;6;17;7;17;8;17;9;17;9;18;8;18
3;3;6;18;8;5;9;5;9;6;9;7;9;8;9;9;9;10;9;11;9;12;9;13;9;14;8;14;7;14;6;14;6;15;6;16;6;17;7;17;8;17;9;17;9;18;8;18;7;18
3;3;11;13;9;5;9;5;9;6;9;7;9;8;9;9;9;10;9;11;9;12;9;13;9;14;8;14;7;14;6;14;6;15;6;16;6;17;7;17;8;17;9;17;9;18;8;18;7;18;6;18
3;3;11;13;9;5;9;6;9;7;9;8;9;9;9;10;9;11;9;12;9;13;9;14;8;14;7;14;6;14;6;15;6;16;6;17;7;17;8;17;9;17;9;18;8;18;7;18;6;18;5;18
3;3;11;13;9;6;9;7;9;8;9;9;9;10;9;11;9;12;9;13;9;14;8;14;7;14;6;14;6;15;6;16;6;17;7;17;8;17;9;17;9;18;8;18;7;18;6;18;5;18;4;18
0;3;11;13;9;7;9;8;9;9;9;10;9;11;9;12;9;13;9;14;8;14;7;14;6;14;6;15;6;16;6;17;7;17;8;17;9;17;9;18;8;18;7;18;6;18;5;18;4;18;3;18
0;0;11;13;9;8;9;9;9;10;9;11;9;12;9;13;9;14;8;14;7;14;6;14;6;15;6;16;6;17;7;17;8;17;9;17;9;18;8;18;7;18;6;18;5;18;4;18;3;18;3;17
0;0;11;13;9;9;9;10;9;11;9;12;9;13;9;14;8;14;7;14;6;14;6;15;6;16;6;17;7;17;8;17;9;17;9;18;8;18;7;18;6;18;5;18;4;18;3;18;3;17;3;16
0;0;11;13;9;10;9;11;9;12;9;13;9;14;8;14;7;14;6;14;6;15;6;16;6;17;7;17;8;17;9;17;9;18;8;18;7;18;6;18;5;18;4;18;3;18;3;17;3;16;3;15
0;0;11;13;9;11;9;12;9;13;9;14;8;14;7;14;6;14;6;15;6;16;6;17;7;17;8;17;9;17;9;18;8;18;7;18;6;18;5;18;4;18;3;18;3;17;3;16;3;15;3;14
0;0;11;13;9;12;9;13;9;14;8;14;7;14;6;14;6;15;6;16;6;17;7;17;8;17;9;17;9;18;8;18;7;18;6;18;5;18;4;18;3;18;3;17;3;16;3;15;3;14;3;13
1;0;11;13;9;13;9;14;8;14;7;14;6;14;6;15;6;16;6;17;7;17;8;17;9;17;9;18;8;18;7;18;6;18;5;18;4;18;3;18;3;17;3;16;3;15;3;14;3;13;3;12
1;1;11;13;9;14;8;14;7;14;6;14;6;15;6;16;6;17;7;17;8;17;9;17;9;18;8;18;7;18;6;18;5;18;4;18;3;18;3;17;3;16;3;15;3;14;3;13;3;12;4;12
1;1;11;13;8;14;7;14;6;14;6;15;6;16;6;17;7;17;8;17;9;17;9;18;8;18;7;18;6;18;5;18;4;18;3;18;3;17;3;16;3;15;3;14;3;13;3;12;4;12;5;12
1;1;11;13;7;14;6;14;6;15;6;16;6;17;7;17;8;17;9;17;9;18;8;18;7;18;6;18;5;18;4;18;3;18;3;17;3;16;3;15;3;14;3;13;3;12;4;12;5;12;6;12
1;1;11;13;6;14;6;15;6;16;6;17;7;17;8;17;9;17;9;18;8;18;7;18;6;18;5;18;4;18;3;18;3;17;3;16;3;15;3;14;3;13;3;12;4;12;5;12;6;12;7;12
2;1;11;13;6;15;6;16;6;17;7;17;8;17;9;17;9;18;8;18;7;18;6;18;5;18;4;18;3;18;3;17;3;16;3;15;3;14;3;13;3;12;4;12;5;12;6;12;7;12;8;12
1;2;11;13;6;16;6;17;7;17;8;17;9;17;9;18;8;18;7;18;6;18;5;18;4;18;3;18;3;17;3;16;3;15;3;14;3;13;3;12;4;12;5;12;6;12;7;12;8;12;8;13
1;1;11;13;6;17;7;17;8;17;9;17;9;18;8;18;7;18;6;18;5;18;4;18;3;18;3;17;3;16;3;15;3;14;3;13;3;12;4;12;5;12;6;12;7;12;8;12;8;13;9;13
1;1;11;13;7;17;8;17;9;17;9;18;8;18;7;18;6;18;5;18;4;18;3;18;3;17;3;16;3;15;3;14;3;13;3;12;4;12;5;12;6;12;7;12;8;12;8;13;9;13;10;13
1;1;14;6;8;17;8;17;9;17;9;18;8;18;7;18;6;18;5;18;4;18;3;18;3;17;3;16;3;15;3;14;3;13;3;12;4;12;5;12;6;12;7;12;8;12;8;13;9;13;10;13;11;13
1;1;14;6;8;17;9;17;9;18;8;18;7;18;6;18;5;18;4;18;3;18;3;17;3;16;3;15;3;14;3;13;3;12;4;12;5;12;6;12;7;12;8;12;8;13;9;13;10;13;11;13;12;13
1;1;14;6;9;17;9;18;8;18;7;18;6;18;5;18;4;18;3;18;3;17;3;16;3;15;3;14;3;13;3;12;4;12;5;12;6;12;7;12;8;12;8;13;9;13;10;13;11;13;12;13;13;13
0;1;14;6;9;18;8;18;7;18;6;18;5;18;4;18;3;18;3;17;3;16;3;15;3;14;3;13;3;12;4;12;5;12;6;12;7;12;8;12;8;13;9;13;10;13;11;13;12;13;13;13;14;13
0;0;14;6;8;18;7;18;6;18;5;18;4;18;3;18;3;17;3;16;3;15;3;14;3;13;3;12;4;12;5;12;6;12;7;12;8;12;8;13;9;13;10;13;11;13;12;13;13;13;14;13;14;12
0;0;14;6;7;18;6;18;5;18;4;18;3;18;3;17;3;16;3;15;3;14;3;13;3;12;4;12;5;12;6;12;7;12;8;12;8;13;9;13;10;13;11;13;12;13;13;13;14;13;14;12;14;11
0;0;14;6;6;18;5;18;4;18;3;18;3;17;3;16;3;15;3;14;3;13;3;12;4;12;5;12;6;12;7;12;8;12;8;13;9;13;10;13;11;13;12;13;13;13;14;13;14;12;14;11;14;10
0;0;14;6;5;18;4;18;3;18;3;17;3;16;3;15;3;14;3;13;3;12;4;12;5;12;6;12;7;12;8;12;8;13;9;13;10;13;11;13;12;13;13;13;14;13;14;12;14;11;14;10;14;9
0;0;14;6;4;18;3;18;3;17;3;16;3;15;3;14;3;13;3;12;4;12;5;12;6;12;7;12;8;12;8;13;9;13;10;13;11;13;12;13;13;13;14;13;14;12;14;11;14;10;14;9;14;8
0;0;14;6;3;18;3;17;3;16;3;15;3;14;3;13;3;12;4;12;5;12;6;12;7;12;8;12;8;13;9;13;10;13;11;13;12;13;13;13;14;13;14;12;14;11;14;10;14;9;14;8;14;7
0;0;15;17;3;17;3;17;3;16;3;15;3;14;3;13;3;12;4;12;5;12;6;12;7;12;8;12;8;13;9;13;10;13;11;13;12;13;13;13;14;13;14;12;14;11;14;10;14;9;14;8;14;7;14;6
0;0;15;17;3;17;3;16;3;15;3;14;3;13;3;12;4;12;5;12;6;12;7;12;8;12;8;13;9;13;10;13;11;13;12;13;13;13;14;13;14;12;14;11;14;10;14;9;14;8;14;7;14;6;14;5
1;0;15;17;3;16;3;15;3;14;3;13;3;12;4;12;5;12;6;12;7;12;8;12;8;13;9;13;10;13;11;13;12;13;13;13;14;13;14;12;14;11;14;10;14;9;14;8;14;7;14;6;14;5;14;4
1;1;15;17;3;15;3;14;3;13;3;12;4;12;5;12;6;12;7;12;8;12;8;13;9;13;10;13;11;13;12;13;13;13;14;13;14;12;14;11;14;10;14;9;14;8;14;7;14;6;14;5;14;4;15;4
2;1;15;17;3;14;3;13;3;12;4;12;5;12;6;12;7;12;8;12;8;13;9;13;10;13;11;13;12;13;13;13;14;13;14;12;14;11;14;10;14;9;14;8;14;7;14;6;14;5;14;4;15;4;16;4
2;2;15;17;3;13;3;12;4;12;5;12;6;12;7;12;8;12;8;13;9;13;10;13;11;13;12;13;13;13;14;13;14;12;14;11;14;10;14;9;14;8;14;7;14;6;14;5;14;4;15;4;16;4;16;5
2;2;15;17;3;12;4;12;5;12;6;12;7;12;8;12;8;13;9;13;10;13;11;13;12;13;13;13;14;13;14;12;14;11;14;10;14;9;14;8;14;7;14;6;14;5;14;4;15;4;16;4;16;5;16;6
2;2;15;17;4;12;5;12;6;12;7;12;8;12;8;13;9;13;10;13;11;13;12;13;13;13;14;13;14;12;14;11;14;10;14;9;14;8;14;7;14;6;14;5;14;4;15;4;16;4;16;5;16;6;16;7
2;2;15;17;5;12;6;12;7;12;8;12;8;13;9;13;10;13;11;13;12;13;13;13;14;13;14;12;14;11;14;10;14;9;14;8;14;7;14;6;14;5;14;4;15;4;16;4;16;5;16;6;16;7;16;8
2;2;15;17;6;12;7;12;8;12;8;13;9;13;10;13;11;13;12;13;13;13;14;13;14;12;14;11;14;10;14;9;14;8;14;7;14;6;14;5;14;4;15;4;16;4;16;5;16;6;16;7;16;8;16;9
2;2;15;17;7;12;8;12;8;13;9;13;10;13;11;13;12;13;13;13;14;13;14;12;14;11;14;10;14;9;14;8;14;7;14;6;14;5;14;4;15;4;16;4;16;5;16;6;16;7;16;8;16;9;16;10
2;2;15;17;8;12;8;13;9;13;10;13;11;13;12;13;13;13;14;13;14;12;14;11;14;10;14;9;14;8;14;7;14;6;14;5;14;4;15;4;16;4;16;5;16;6;16;7;16;8;16;9;16;10;16;11
2;2;15;17;8;13;9;13;10;13;11;13;12;13;13;13;14;13;14;12;14;11;14;10;14;9;14;8;14;7;14;6;14;5;14;4;15;4;16;4;16;5;16;6;16;7;16;8;16;9;16;10;16;11;16;12
2;2;15;17;9;13;10;13;11;13;12;13;13;13;14;13;14;12;14;11;14;10;14;9;14;8;14;7;14;6;14;5;14;4;15;4;16;4;16;5;16;6;16;7;16;8;16;9;16;10;16;11;16;12;16;13
2;2;15;17;10;13;11;13;12;13;13;13;14;13;14;12;14;11;14;10;14;9;14;8;14;7;14;6;14;5;14;4;15;4;16;4;16;5;16;6;16;7;16;8;16;9;16;10;16;11;16;12;16;13;16;14
2;2;15;17;11;13;12;13;13;13;14;13;14;12;14;11;14;10;14;9;14;8;14;7;14;6;14;5;14;4;15;4;16;4;16;5;16;6;16;7;16;8;16;9;16;10;16;11;16;12;16;13;16;14;16;15
2;2;15;17;12;13;13;13;14;13;14;12;14;11;14;10;14;9;14;8;14;7;14;6;14;5;14;4;15;4;16;4;16;5;16;6;16;7;16;8;16;9;16;10;16;11;16;12;16;13;16;14;16;15;16;16
3;2;15;17;13;13;14;13;14;12;14;11;14;10;14;9;14;8;14;7;14;6;14;5;14;4;15;4;16;4;16;5;16;6;16;7;16;8;16;9;16;10;16;11;16;12;16;13;16;14;16;15;16;16;16;17
3;3;15;13;14;13;14;13;14;12;14;11;14;10;14;9;14;8;14;7;14;6;14;5;14;4;15;4;16;4;16;5;16;6;16;7;16;8;16;9;16;10;16;11;16;12;16;13;16;14;16;15;16;16;16;17;15;17
3;3;15;13;14;13;14;12;14;11;14;10;14;9;14;8;14;7;14;6;14;5;14;4;15;4;16;4;16;5;16;6;16;7;16;8;16;9;16;10;16;11;16;12;16;13;16;14;16;15;16;16;16;17;15;17;14;17
3;3;15;13;14;12;14;11;14;10;14;9;14;8;14;7;14;6;14;5;14;4;15;4;16;4;16;5;16;6;16;7;16;8;16;9;16;10;16;11;16;12;16;13;16;14;16;15;16;16;16;17;15;17;14;17;13;17
3;3;15;13;14;11;14;10;14;9;14;8;14;7;14;6;14;5;14;4;15;4;16;4;16;5;16;6;16;7;16;8;16;9;16;10;16;11;16;12;16;13;16;14;16;15;16;16;16;17;15;17;14;17;13;17;12;17
3;3;15;13;14;10;14;9;14;8;14;7;14;6;14;5;14;4;15;4;16;4;16;5;16;6;16;7;16;8;16;9;16;10;16;11;16;12;16;13;16;14;16;15;16;16;16;17;15;17;14;17;13;17;12;17;11;17
3;3;15;13;14;9;14;8;14;7;14;6;14;5;14;4;15;4;16;4;16;5;16;6;16;7;16;8;16;9;16;10;16;11;16;12;16;13;16;14;16;15;16;16;16;17;15;17;14;17;13;17;12;17;11;17;10;17
3;3;15;13;14;8;14;7;14;6;14;5;14;4;15;4;16;4;16;5;16;6;16;7;16;8;16;9;16;10;16;11;16;12;16;13;16;14;16;15;16;16;16;17;15;17;14;17;13;17;12;17;11;17;10;17;9;17
3;3;15;13;14;7;14;6;14;5;14;4;15;4;16;4;16;5;16;6;16;7;16;8;16;9;16;10;16;11;16;12;16;13;16;14;16;15;16;16;16;17;15;17;14;17;13;17;12;17;11;17;10;17;9;17;8;17
3;3;15;13;14;6;14;5;14;4;15;4;16;4;16;5;16;6;16;7;16;8;16;9;16;10;16;11;16;12;16;13;16;14;16;15;16;16;16;17;15;17;14;17;13;17;12;17;11;17;10;17;9;17;8;17;7;17
0;3;15;13;14;5;14;4;15;4;16;4;16;5;16;6;16;7;16;8;16;9;16;10;16;11;16;12;16;13;16;14;16;15;16;16;16;17;15;17;14;17;13;17;12;17;11;17;10;17;9;17;8;17;7;17;6;17
0;0;15;13;14;4;15;4;16;4;16;5;16;6;16;7;16;8;16;9;16;10;16;11;16;12;16;13;16;14;16;15;16;16;16;17;15;17;14;17;13;17;12;17;11;17;10;17;9;17;8;17;7;17;6;17;6;16
0;0;15;13;15;4;16;4;16;5;16;6;16;7;16;8;16;9;16;10;16;11;16;12;16;13;16;14;16;15;16;16;16;17;15;17;14;17;13;17;12;17;11;17;10;17;9;17;8;17;7;17;6;17;6;16;6;15
0;0;15;13;16;4;16;5;16;6;16;7;16;8;16;9;16;10;16;11;16;12;16;13;16;14;16;15;16;16;16;17;15;17;14;17;13;17;12;17;11;17;10;17;9;17;8;17;7;17;6;17;6;16;6;15;6;14
1;0;15;13;16;5;16;6;16;7;16;8;16;9;16;10;16;11;16;12;16;13;16;14;16;15;16;16;16;17;15;17;14;17;13;17;12;17;11;17;10;17;9;17;8;17;7;17;6;17;6;16;6;15;6;14;6;13
1;1;15;13;16;6;16;7;16;8;16;9;16;10;16;11;16;12;16;13;16;14;16;15;16;16;16;17;15;17;14;17;13;17;12;17;11;17;10;17;9;17;8;17;7;17;6;17;6;16;6;15;6;14;6;13;7;13
1;1;15;13;16;7;16;8;16;9;16;10;16;11;16;12;16;13;16;14;16;15;16;16;16;17;15;17;14;17;13;17;12;17;11;17;10;17;9;17;8;17;7;17;6;17;6;16;6;15;6;14;6;13;7;13;8;13
1;1;15;13;16;8;16;9;16;10;16;11;16;12;16;13;16;14;16;15;16;16;16;17;15;17;14;17;13;17;12;17;11;17;10;17;9;17;8;17;7;17;6;17;6;16;6;15;6;14;6;13;7;13;8;13;9;13
1;1;15;13;16;9;16;10;16;11;16;12;16;13;16;14;16;15;16;16;16;17;15;17;14;17;13;17;12;17;11;17;10;17;9;17;8;17;7;17;6;17;6;16;6;15;6;14;6;13;7;13;8;13;9;13;10;13
1;1;15;13;16;10;16;11;16;12;16;13;16;14;16;15;16;16;16;17;15;17;14;17;13;17;12;17;11;17;10;17;9;17;8;17;7;17;6;17;6;16;6;15;6;14;6;13;7;13;8;13;9;13;10;13;11;13
1;1;15;13;16;11;16;12;16;13;16;14;16;15;16;16;16;17;15;17;14;17;13;17;12;17;11;17;10;17;9;17;8;17;7;17;6;17;6;16;6;15;6;14;6;13;7;13;8;13;9;13;10;13;11;13;12;13
1;1;15;13;16;12;16;13;16;14;16;15;16;16;16;17;15;17;14;17;13;17;12;17;11;17;10;17;9;17;8;17;7;17;6;17;6;16;6;15;6;14;6;13;7;13;8;13;9;13;10;13;11;13;12;13;13;13
0;1;15;13;16;13;16;14;16;15;16;16;16;17;15;17;14;17;13;17;12;17;11;17;10;17;9;17;8;17;7;17;6;17;6;16;6;15;6;14;6;13;7;13;8;13;9;13;10;13;11;13;12;13;13;13;14;13
0;0;15;13;16;14;16;15;16;16;16;17;15;17;14;17;13;17;12;17;11;17;10;17;9;17;8;17;7;17;6;17;6;16;6;15;6;14;6;13;7;13;8;13;9;13;10;13;11;13;12;13;13;13;14;13;14;12
0;0;15;13;16;15;16;16;16;17;15;17;14;17;13;17;12;17;11;17;10;17;9;17;8;17;7;17;6;17;6;16;6;15;6;14;6;13;7;13;8;13;9;13;10;13;11;13;12;13;13;13;14;13;14;12;14;11
1;0;15;13;16;16;16;17;15;17;14;17;13;17;12;17;11;17;10;17;9;17;8;17;7;17;6;17;6;16;6;15;6;14;6;13;7;13;8;13;9;13;10;13;11;13;12;13;13;13;14;13;14;12;14;11;14;10
1;1;15;13;16;17;15;17;14;17;13;17;12;17;11;17;10;17;9;17;8;17;7;17;6;17;6;16;6;15;6;14;6;13;7;13;8;13;9;13;10;13;11;13;12;13;13;13;14;13;14;12;14;11;14;10;15;10
1;1;15;13;15;17;14;17;13;17;12;17;11;17;10;17;9;17;8;17;7;17;6;17;6;16;6;15;6;14;6;13;7;13;8;13;9;13;10;13;11;13;12;13;13;13;14;13;14;12;14;11;14;10;15;10;16;10
1;1;15;13;14;17;13;17;12;17;11;17;10;17;9;17;8;17;7;17;6;17;6;16;6;15;6;14;6;13;7;13;8;13;9;13;10;13;11;13;12;13;13;13;14;13;14;12;14;11;14;10;15;10;16;10;17;10
2;1;15;13;13;17;12;17;11;17;10;17;9;17;8;17;7;17;6;17;6;16;6;15;6;14;6;13;7;13;8;13;9;13;10;13;11;13;12;13;13;13;14;13;14;12;14;11;14;10;15;10;16;10;17;10;18;10
2;2;15;13;12;17;11;17;10;17;9;17;8;17;7;17;6;17;6;16;6;15;6;14;6;13;7;13;8;13;9;13;10;13;11;13;12;13;13;13;14;13;14;12;14;11;14;10;15;10;16;10;17;10;18;10;18;11
3;2;15;13;11;17;10;17;9;17;8;17;7;17;6;17;6;16;6;15;6;14;6;13;7;13;8;13;9;13;10;13;11;13;12;13;13;13;14;13;14;12;14;11;14;10;15;10;16;10;17;10;18;10;18;11;18;12
3;3;15;13;10;17;9;17;8;17;7;17;6;17;6;16;6;15;6;14;6;13;7;13;8;13;9;13;10;13;11;13;12;13;13;13;14;13;14;12;14;11;14;10;15;10;16;10;17;10;18;10;18;11;18;12;17;12
3;3;15;13;9;17;8;17;7;17;6;17;6;16;6;15;6;14;6;13;7;13;8;13;9;13;10;13;11;13;12;13;13;13;14;13;14;12;14;11;14;10;15;10;16;10;17;10;18;10;18;11;18;12;17;12;16;12
2;3;15;13;8;17;7;17;6;17;6;16;6;15;6;14;6;13;7;13;8;13;9;13;10;13;11;13;12;13;13;13;14;13;14;12;14;11;14;10;15;10;16;10;17;10;18;10;18;11;18;12;17;12;16;12;15;12
2;2;8;12;7;17;7;17;6;17;6;16;6;15;6;14;6;13;7;13;8;13;9;13;10;13;11;13;12;13;13;13;14;13;14;12;14;11;14;10;15;10;16;10;17;10;18;10;18;11;18;12;17;12;16;12;15;12;15;13
2;2;8;12;7;17;6;17;6;16;6;15;6;14;6;13;7;13;8;13;9;13;10;13;11;13;12;13;13;13;14;13;14;12;14;11;14;10;15;10;16;10;17;10;18;10;18;11;18;12;17;12;16;12;15;12;15;13;15;14
2;2;8;12;6;17;6;16;6;15;6;14;6;13;7;13;8;13;9;13;10;13;11;13;12;13;13;13;14;13;14;12;14;11;14;10;15;10;16;10;17;10;18;10;18;11;18;12;17;12;16;12;15;12;15;13;15;14;15;15
3;2;8;12;6;16;6;15;6;14;6;13;7;13;8;13;9;13;10;13;11;13;12;13;13;13;14;13;14;12;14;11;14;10;15;10;16;10;17;10;18;10;18;11;18;12;17;12;16;12;15;12;15;13;15;14;15;15;15;16
3;3;8;12;6;15;6;14;6;13;7;13;8;13;9;13;10;13;11;13;12;13;13;13;14;13;14;12;14;11;14;10;15;10;16;10;17;10;18;10;18;11;18;12;17;12;16;12;15;12;15;13;15;14;15;15;15;16;14;16
3;3;8;12;6;14;6;13;7;13;8;13;9;13;10;13;11;13;12;13;13;13;14;13;14;12;14;11;14;10;15;10;16;10;17;10;18;10;18;11;18;12;17;12;16;12;15;12;15;13;15;14;15;15;15;16;14;16;13;16
3;3;8;12;6;13;7;13;8;13;9;13;10;13;11;13;12;13;13;13;14;13;14;12;14;11;14;10;15;10;16;10;17;10;18;10;18;11;18;12;17;12;16;12;15;12;15;13;15;14;15;15;15;16;14;16;13;16;12;16
3;3;8;12;7;13;8;13;9;13;10;13;11;13;12;13;13;13;14;13;14;12;14;11;14;10;15;10;16;10;17;10;18;10;18;11;18;12;17;12;16;12;15;12;15;13;15;14;15;15;15;16;14;16;13;16;12;16;11;16
3;3;8;12;8;13;9;13;10;13;11;13;12;13;13;13;14;13;14;12;14;11;14;10;15;10;16;10;17;10;18;10;18;11;18;12;17;12;16;12;15;12;15;13;15;14;15;15;15;16;14;16;13;16;12;16;11;16;10;16
3;3;8;12;9;13;10;13;11;13;12;13;13;13;14;13;14;12;14;11;14;10;15;10;16;10;17;10;18;10;18;11;18;12;17;12;16;12;15;12;15;13;15;14;15;15;15;16;14;16;13;16;12;16;11;16;10;16;9;16
0;3;8;12;10;13;11;13;12;13;13;13;14;13;14;12;14;11;14;10;15;10;16;10;17;10;18;10;18;11;18;12;17;12;16;12;15;12;15;13;15;14;15;15;15;16;14;16;13;16;12;16;11;16;10;16;9;16;8;16
0;0;8;12;11;13;12;13;13;13;14;13;14;12;14;11;14;10;15;10;16;10;17;10;18;10;18;11;18;12;17;12;16;12;15;12;15;13;15;14;15;15;15;16;14;16;13;16;12;16;11;16;10;16;9;16;8;16;8;15
0;0;8;12;12;13;13;13;14;13;14;12;14;11;14;10;15;10;16;10;17;10;18;10;18;11;18;12;17;12;16;12;15;12;15;13;15;14;15;15;15;16;14;16;13;16;12;16;11;16;10;16;9;16;8;16;8;15;8;14
0;0;8;12;13;13;14;13;14;12;14;11;14;10;15;10;16;10;17;10;18;10;18;11;18;12;17;12;16;12;15;12;15;13;15;14;15;15;15;16;14;16;13;16;12;16;11;16;10;16;9;16;8;16;8;15;8;14;8;13
0;0;0;2;14;13;14;13;14;12;14;11;14;10;15;10;16;10;17;10;18;10;18;11;18;12;17;12;16;12;15;12;15;13;15;14;15;15;15;16;14;16;13;16;12;16;11;16;10;16;9;16;8;16;8;15;8;14;8;13;8;12
0;0;0;2;14;13;14;12;14;11;14;10;15;10;16;10;17;10;18;10;18;11;18;12;17;12;16;12;15;12;15;13;15;14;15;15;15;16;14;16;13;16;12;16;11;16;10;16;9;16;8;16;8;15;8;14;8;13;8;12;8;11
0;0;0;2;14;12;14;11;14;10;15;10;16;10;17;10;18;10;18;11;18;12;17;12;16;12;15;12;15;13;15;14;15;15;15;16;14;16;13;16;12;16;11;16;10;16;9;16;8;16;8;15;8;14;8;13;8;12;8;11;8;10
0;0;0;2;14;11;14;10;15;10;16;10;17;10;18;10;18;11;18;12;17;12;16;12;15;12;15;13;15;14;15;15;15;16;14;16;13;16;12;16;11;16;10;16;9;16;8;16;8;15;8;14;8;13;8;12;8;11;8;10;8;9
0;0;0;2;14;10;15;10;16;10;17;10;18;10;18;11;18;12;17;12;16;12;15;12;15;13;15;14;15;15;15;16;14;16;13;16;12;16;11;16;10;16;9;16;8;16;8;15;8;14;8;13;8;12;8;11;8;10;8;9;8;8
0;0;0;2;15;10;16;10;17;10;18;10;18;11;18;12;17;12;16;12;15;12;15;13;15;14;15;15;15;16;14;16;13;16;12;16;11;16;10;16;9;16;8;16;8;15;8;14;8;13;8;12;8;11;8;10;8;9;8;8;8;7
0;0;0;2;16;10;17;10;18;10;18;11;18;12;17;12;16;12;15;12;15;13;15;14;15;15;15;16;14;16;13;16;12;16;11;16;10;16;9;16;8;16;8;15;8;14;8;13;8;12;8;11;8;10;8;9;8;8;8;7;8;6
0;0;0;2;17;10;18;10;18;11;18;12;17;12;16;12;15;12;15;13;15;14;15;15;15;16;14;16;13;16;12;16;11;16;10;16;9;16;8;16;8;15;8;14;8;13;8;12;8;11;8;10;8;9;8;8;8;7;8;6;8;5
0;0;0;2;18;10;18;11;18;12;17;12;16;12;15;12;15;13;15;14;15;15;15;16;14;16;13;16;12;16;11;16;10;16;9;16;8;16;8;15;8;14;8;13;8;12;8;11;8;10;8;9;8;8;8;7;8;6;8;5;8;4
0;0;0;2;18;11;18;12;17;12;16;12;15;12;15;13;15;14;15;15;15;16;14;16;13;16;12;16;11;16;10;16;9;16;8;16;8;15;8;14;8;13;8;12;8;11;8;10;8;9;8;8;8;7;8;6;8;5;8;4;8;3
0;0;0;2;18;12;17;12;16;12;15;12;15;13;15;14;15;15;15;16;14;16;13;16;12;16;11;16;10;16;9;16;8;16;8;15;8;14;8;13;8;12;8;11;8;10;8;9;8;8;8;7;8;6;8;5;8;4;8;3;8;2
3;0;0;2;17;12;16;12;15;12;15;13;15;14;15;15;15;16;14;16;13;16;12;16;11;16;10;16;9;16;8;16;8;15;8;14;8;13;8;12;8;11;8;10;8;9;8;8;8;7;8;6;8;5;8;4;8;3;8;2;8;1
3;3;0;2;16;12;15;12;15;13;15;14;15;15;15;16;14;16;13;16;12;16;11;16;10;16;9;16;8;16;8;15;8;14;8;13;8;12;8;11;8;10;8;9;8;8;8;7;8;6;8;5;8;4;8;3;8;2;8;1;7;1
3;3;0;2;15;12;15;13;15;14;15;15;15;16;14;16;13;16;12;16;11;16;10;16;9;16;8;16;8;15;8;14;8;13;8;12;8;11;8;10;8;9;8;8;8;7;8;6;8;5;8;4;8;3;8;2;8;1;7;1;6;1
3;3;0;2;15;13;15;14;15;15;15;16;14;16;13;16;12;16;11;16;10;16;9;16;8;16;8;15;8;14;8;13;8;12;8;11;8;10;8;9;8;8;8;7;8;6;8;5;8;4;8;3;8;2;8;1;7;1;6;1;5;1
3;3;0;2;15;14;15;15;15;16;14;16;13;16;12;16;11;16;10;16;9;16;8;16;8;15;8;14;8;13;8;12;8;11;8;10;8;9;8;8;8;7;8;6;8;5;8;4;8;3;8;2;8;1;7;1;6;1;5;1;4;1
3;3;0;2;15;15;15;16;14;16;13;16;12;16;11;16;10;16;9;16;8;16;8;15;8;14;8;13;8;12;8;11;8;10;8;9;8;8;8;7;8;6;8;5;8;4;8;3;8;2;8;1;7;1;6;1;5;1;4;1;3;1
3;3;0;2;15;16;14;16;13;16;12;16;11;16;10;16;9;16;8;16;8;15;8;14;8;13;8;12;8;11;8;10;8;9;8;8;8;7;8;6;8;5;8;4;8;3;8;2;8;1;7;1;6;1;5;1;4;1;3;1;2;1
2;3;0;2;14;16;13;16;12;16;11;16;10;16;9;16;8;16;8;15;8;14;8;13;8;12;8;11;8;10;8;9;8;8;8;7;8;6;8;5;8;4;8;3;8;2;8;1;7;1;6;1;5;1;4;1;3;1;2;1;1;1
2;2;0;2;13;16;12;16;11;16;10;16;9;16;8;16;8;15;8;14;8;13;8;12;8;11;8;10;8;9;8;8;8;7;8;6;8;5;8;4;8;3;8;2;8;1;7;1;6;1;5;1;4;1;3;1;2;1;1;1;1;2
2;2;0;2;12;16;11;16;10;16;9;16;8;16;8;15;8;14;8;13;8;12;8;11;8;10;8;9;8;8;8;7;8;6;8;5;8;4;8;3;8;2;8;1;7;1;6;1;5;1;4;1;3;1;2;1;1;1;1;2;1;3
3;2;0;2;11;16;10;16;9;16;8;16;8;15;8;14;8;13;8;12;8;11;8;10;8;9;8;8;8;7;8;6;8;5;8;4;8;3;8;2;8;1;7;1;6;1;5;1;4;1;3;1;2;1;1;1;1;2;1;3;1;4
3;3;0;2;10;16;9;16;8;16;8;15;8;14;8;13;8;12;8;11;8;10;8;9;8;8;8;7;8;6;8;5;8;4;8;3;8;2;8;1;7;1;6;1;5;1;4;1;3;1;2;1;1;1;1;2;1;3;1;4;0;4
