20
1;1;16;4;8;10;9;10;10;10
1;1;16;4;9;10;10;10;11;10
1;1;16;4;10;10;11;10;12;10
1;1;16;4;11;10;12;10;13;10
1;1;16;4;12;10;13;10;14;10
1;1;16;4;13;10;14;10;15;10
1;1;16;4;14;10;15;10;16;10
1;1;16;4;15;10;16;10;17;10
0;1;16;4;16;10;17;10;18;10
0;0;16;4;17;10;18;10;18;9
0;0;16;4;18;10;18;9;18;8
0;0;16;4;18;9;18;8;18;7
0;0;16;4;18;8;18;7;18;6
0;0;16;4;18;7;18;6;18;5
3;0;16;4;18;6;18;5;18;4
3;3;16;4;18;5;18;4;17;4
3;3;11;16;18;4;18;4;17;4;16;4
3;3;11;16;18;4;17;4;16;4;15;4
2;3;11;16;17;4;16;4;15;4;14;4
2;2;11;16;16;4;15;4;14;4;14;5
2;2;11;16;15;4;14;4;14;5;14;6
2;2;11;16;14;4;14;5;14;6;14;7
2;2;11;16;14;5;14;6;14;7;14;8
2;2;11;16;14;6;14;7;14;8;14;9
2;2;11;16;14;7;14;8;14;9;14;10
2;2;11;16;14;8;14;9;14;10;14;11
2;2;11;16;14;9;14;10;14;11;14;12
2;2;11;16;14;10;14;11;14;12;14;13
2;2;11;16;14;11;14;12;14;13;14;14
2;2;11;16;14;12;14;13;14;14;14;15
3;2;11;16;14;13;14;14;14;15;14;16
3;3;11;16;14;14;14;15;14;16;13;16
3;3;11;16;14;15;14;16;13;16;12;16
3;3;1;1;14;16;14;16;13;16;12;16;11;16
3;3;1;1;14;16;13;16;12;16;11;16;10;16
0;3;1;1;13;16;12;16;11;16;10;16;9;16
0;0;1;1;12;16;11;16;10;16;9;16;9;15
0;0;1;1;11;16;10;16;9;16;9;15;9;14
0;0;1;1;10;16;9;16;9;15;9;14;9;13
0;0;1;1;9;16;9;15;9;14;9;13;9;12
0;0;1;1;9;15;9;14;9;13;9;12;9;11
0;0;1;1;9;14;9;13;9;12;9;11;9;10
0;0;1;1;9;13;9;12;9;11;9;10;9;9
0;0;1;1;9;12;9;11;9;10;9;9;9;8
0;0;1;1;9;11;9;10;9;9;9;8;9;7
0;0;1;1;9;10;9;9;9;8;9;7;9;6
0;0;1;1;9;9;9;8;9;7;9;6;9;5
0;0;1;1;9;8;9;7;9;6;9;5;9;4
0;0;1;1;9;7;9;6;9;5;9;4;9;3
3;0;1;1;9;6;9;5;9;4;9;3;9;2
3;3;1;1;9;5;9;4;9;3;9;2;8;2
3;3;1;1;9;4;9;3;9;2;8;2;7;2
3;3;1;1;9;3;9;2;8;2;7;2;6;2
3;3;1;1;9;2;8;2;7;2;6;2;5;2
3;3;1;1;8;2;7;2;6;2;5;2;4;2
3;3;1;1;7;2;6;2;5;2;4;2;3;2
3;3;1;1;6;2;5;2;4;2;3;2;2;2
0;3;1;1;5;2;4;2;3;2;2;2;1;2
1;0;1;8;4;2;4;2;3;2;2;2;1;2;1;1
1;1;1;8;4;2;3;2;2;2;1;2;1;1;2;1
1;1;1;8;3;2;2;2;1;2;1;1;2;1;3;1
1;1;1;8;2;2;1;2;1;1;2;1;3;1;4;1
1;1;1;8;1;2;1;1;2;1;3;1;4;1;5;1
2;1;1;8;1;1;2;1;3;1;4;1;5;1;6;1
3;2;1;8;2;1;3;1;4;1;5;1;6;1;6;2
3;3;1;8;3;1;4;1;5;1;6;1;6;2;5;2
3;3;1;8;4;1;5;1;6;1;6;2;5;2;4;2
3;3;1;8;5;1;6;1;6;2;5;2;4;2;3;2
3;3;1;8;6;1;6;2;5;2;4;2;3;2;2;2
2;3;1;8;6;2;5;2;4;2;3;2;2;2;1;2
2;2;1;8;5;2;4;2;3;2;2;2;1;2;1;3
2;2;1;8;4;2;3;2;2;2;1;2;1;3;1;4
2;2;1;8;3;2;2;2;1;2;1;3;1;4;1;5
2;2;1;8;2;2;1;2;1;3;1;4;1;5;1;6
2;2;1;8;1;2;1;3;1;4;1;5;1;6;1;7
2;2;14;15;1;3;1;3;1;4;1;5;1;6;1;7;1;8
1;2;14;15;1;3;1;4;1;5;1;6;1;7;1;8;1;9
1;1;14;15;1;4;1;5;1;6;1;7;1;8;1;9;2;9
1;1;14;15;1;5;1;6;1;7;1;8;1;9;2;9;3;9
1;1;14;15;1;6;1;7;1;8;1;9;2;9;3;9;4;9
2;1;14;15;1;7;1;8;1;9;2;9;3;9;4;9;5;9
2;2;14;15;1;8;1;9;2;9;3;9;4;9;5;9;5;10
2;2;14;15;1;9;2;9;3;9;4;9;5;9;5;10;5;11
2;2;14;15;2;9;3;9;4;9;5;9;5;10;5;11;5;12
2;2;14;15;3;9;4;9;5;9;5;10;5;11;5;12;5;13
2;2;14;15;4;9;5;9;5;10;5;11;5;12;5;13;5;14
1;2;14;15;5;9;5;10;5;11;5;12;5;13;5;14;5;15
1;1;14;15;5;10;5;11;5;12;5;13;5;14;5;15;6;15
1;1;14;15;5;11;5;12;5;13;5;14;5;15;6;15;7;15
1;1;14;15;5;12;5;13;5;14;5;15;6;15;7;15;8;15
1;1;14;15;5;13;5;14;5;15;6;15;7;15;8;15;9;15
1;1;14;15;5;14;5;15;6;15;7;15;8;15;9;15;10;15
1;1;14;15;5;15;6;15;7;15;8;15;9;15;10;15;11;15
1;1;14;15;6;15;7;15;8;15;9;15;10;15;11;15;12;15
1;1;14;15;7;15;8;15;9;15;10;15;11;15;12;15;13;15
1;1;6;11;8;15;8;15;9;15;10;15;11;15;12;15;13;15;14;15
1;1;6;11;8;15;9;15;10;15;11;15;12;15;13;15;14;15;15;15
0;1;6;11;9;15;10;15;11;15;12;15;13;15;14;15;15;15;16;15
0;0;6;11;10;15;11;15;12;15;13;15;14;15;15;15;16;15;16;14
0;0;6;11;11;15;12;15;13;15;14;15;15;15;16;15;16;14;16;13
3;0;6;11;12;15;13;15;14;15;15;15;16;15;16;14;16;13;16;12
3;3;6;11;13;15;14;15;15;15;16;15;16;14;16;13;16;12;15;12
3;3;6;11;14;15;15;15;16;15;16;14;16;13;16;12;15;12;14;12
3;3;6;11;15;15;16;15;16;14;16;13;16;12;15;12;14;12;13;12
3;3;6;11;16;15;16;14;16;13;16;12;15;12;14;12;13;12;12;12
3;3;6;11;16;14;16;13;16;12;15;12;14;12;13;12;12;12;11;12
3;3;6;11;16;13;16;12;15;12;14;12;13;12;12;12;11;12;10;12
3;3;6;11;16;12;15;12;14;12;13;12;12;12;11;12;10;12;9;12
3;3;6;11;15;12;14;12;13;12;12;12;11;12;10;12;9;12;8;12
3;3;6;11;14;12;13;12;12;12;11;12;10;12;9;12;8;12;7;12
0;3;6;11;13;12;12;12;11;12;10;12;9;12;8;12;7;12;6;12
0;0;3;8;12;12;12;12;11;12;10;12;9;12;8;12;7;12;6;12;6;11
0;0;3;8;12;12;11;12;10;12;9;12;8;12;7;12;6;12;6;11;6;10
0;0;3;8;11;12;10;12;9;12;8;12;7;12;6;12;6;11;6;10;6;9
3;0;3;8;10;12;9;12;8;12;7;12;6;12;6;11;6;10;6;9;6;8
3;3;3;8;9;12;8;12;7;12;6;12;6;11;6;10;6;9;6;8;5;8
3;3;3;8;8;12;7;12;6;12;6;11;6;10;6;9;6;8;5;8;4;8
3;3;18;15;7;12;7;12;6;12;6;11;6;10;6;9;6;8;5;8;4;8;3;8
2;3;18;15;7;12;6;12;6;11;6;10;6;9;6;8;5;8;4;8;3;8;2;8
2;2;18;15;6;12;6;11;6;10;6;9;6;8;5;8;4;8;3;8;2;8;2;9
2;2;18;15;6;11;6;10;6;9;6;8;5;8;4;8;3;8;2;8;2;9;2;10
2;2;18;15;6;10;6;9;6;8;5;8;4;8;3;8;2;8;2;9;2;10;2;11
2;2;18;15;6;9;6;8;5;8;4;8;3;8;2;8;2;9;2;10;2;11;2;12
2;2;18;15;6;8;5;8;4;8;3;8;2;8;2;9;2;10;2;11;2;12;2;13
1;2;18;15;5;8;4;8;3;8;2;8;2;9;2;10;2;11;2;12;2;13;2;14
1;1;18;15;4;8;3;8;2;8;2;9;2;10;2;11;2;12;2;13;2;14;3;14
1;1;18;15;3;8;2;8;2;9;2;10;2;11;2;12;2;13;2;14;3;14;4;14
1;1;18;15;2;8;2;9;2;10;2;11;2;12;2;13;2;14;3;14;4;14;5;14
1;1;18;15;2;9;2;10;2;11;2;12;2;13;2;14;3;14;4;14;5;14;6;14
1;1;18;15;2;10;2;11;2;12;2;13;2;14;3;14;4;14;5;14;6;14;7;14
1;1;18;15;2;11;2;12;2;13;2;14;3;14;4;14;5;14;6;14;7;14;8;14
1;1;18;15;2;12;2;13;2;14;3;14;4;14;5;14;6;14;7;14;8;14;9;14
1;1;18;15;2;13;2;14;3;14;4;14;5;14;6;14;7;14;8;14;9;14;10;14
1;1;18;15;2;14;3;14;4;14;5;14;6;14;7;14;8;14;9;14;10;14;11;14
1;1;18;15;3;14;4;14;5;14;6;14;7;14;8;14;9;14;10;14;11;14;12;14
1;1;18;15;4;14;5;14;6;14;7;14;8;14;9;14;10;14;11;14;12;14;13;14
1;1;18;15;5;14;6;14;7;14;8;14;9;14;10;14;11;14;12;14;13;14;14;14
1;1;18;15;6;14;7;14;8;14;9;14;10;14;11;14;12;14;13;14;14;14;15;14
1;1;18;15;7;14;8;14;9;14;10;14;11;14;12;14;13;14;14;14;15;14;16;14
1;1;18;15;8;14;9;14;10;14;11;14;12;14;13;14;14;14;15;14;16;14;17;14
2;1;18;15;9;14;10;14;11;14;12;14;13;14;14;14;15;14;16;14;17;14;18;14
2;2;12;1;10;14;10;14;11;14;12;14;13;14;14;14;15;14;16;14;17;14;18;14;18;15
3;2;12;1;10;14;11;14;12;14;13;14;14;14;15;14;16;14;17;14;18;14;18;15;18;16
3;3;12;1;11;14;12;14;13;14;14;14;15;14;16;14;17;14;18;14;18;15;18;16;17;16
3;3;12;1;12;14;13;14;14;14;15;14;16;14;17;14;18;14;18;15;18;16;17;16;16;16
3;3;12;1;13;14;14;14;15;14;16;14;17;14;18;14;18;15;18;16;17;16;16;16;15;16
3;3;12;1;14;14;15;14;16;14;17;14;18;14;18;15;18;16;17;16;16;16;15;16;14;16
0;3;12;1;15;14;16;14;17;14;18;14;18;15;18;16;17;16;16;16;15;16;14;16;13;16
0;0;12;1;16;14;17;14;18;14;18;15;18;16;17;16;16;16;15;16;14;16;13;16;13;15
0;0;12;1;17;14;18;14;18;15;18;16;17;16;16;16;15;16;14;16;13;16;13;15;13;14
0;0;12;1;18;14;18;15;18;16;17;16;16;16;15;16;14;16;13;16;13;15;13;14;13;13
0;0;12;1;18;15;18;16;17;16;16;16;15;16;14;16;13;16;13;15;13;14;13;13;13;12
0;0;12;1;18;16;17;16;16;16;15;16;14;16;13;16;13;15;13;14;13;13;13;12;13;11
0;0;12;1;17;16;16;16;15;16;14;16;13;16;13;15;13;14;13;13;13;12;13;11;13;10
0;0;12;1;16;16;15;16;14;16;13;16;13;15;13;14;13;13;13;12;13;11;13;10;13;9
0;0;12;1;15;16;14;16;13;16;13;15;13;14;13;13;13;12;13;11;13;10;13;9;13;8
0;0;12;1;14;16;13;16;13;15;13;14;13;13;13;12;13;11;13;10;13;9;13;8;13;7
0;0;12;1;13;16;13;15;13;14;13;13;13;12;13;11;13;10;13;9;13;8;13;7;13;6
0;0;12;1;13;15;13;14;13;13;13;12;13;11;13;10;13;9;13;8;13;7;13;6;13;5
0;0;12;1;13;14;13;13;13;12;13;11;13;10;13;9;13;8;13;7;13;6;13;5;13;4
0;0;12;1;13;13;13;12;13;11;13;10;13;9;13;8;13;7;13;6;13;5;13;4;13;3
0;0;12;1;13;12;13;11;13;10;13;9;13;8;13;7;13;6;13;5;13;4;13;3;13;2
3;0;12;1;13;11;13;10;13;9;13;8;13;7;13;6;13;5;13;4;13;3;13;2;13;1
3;3;11;19;13;10;13;10;13;9;13;8;13;7;13;6;13;5;13;4;13;3;13;2;13;1;12;1
3;3;11;19;13;10;13;9;13;8;13;7;13;6;13;5;13;4;13;3;13;2;13;1;12;1;11;1
2;3;11;19;13;9;13;8;13;7;13;6;13;5;13;4;13;3;13;2;13;1;12;1;11;1;10;1
2;2;11;19;13;8;13;7;13;6;13;5;13;4;13;3;13;2;13;1;12;1;11;1;10;1;10;2
2;2;11;19;13;7;13;6;13;5;13;4;13;3;13;2;13;1;12;1;11;1;10;1;10;2;10;3
2;2;11;19;13;6;13;5;13;4;13;3;13;2;13;1;12;1;11;1;10;1;10;2;10;3;10;4
2;2;11;19;13;5;13;4;13;3;13;2;13;1;12;1;11;1;10;1;10;2;10;3;10;4;10;5
2;2;11;19;13;4;13;3;13;2;13;1;12;1;11;1;10;1;10;2;10;3;10;4;10;5;10;6
2;2;11;19;13;3;13;2;13;1;12;1;11;1;10;1;10;2;10;3;10;4;10;5;10;6;10;7
2;2;11;19;13;2;13;1;12;1;11;1;10;1;10;2;10;3;10;4;10;5;10;6;10;7;10;8
2;2;11;19;13;1;12;1;11;1;10;1;10;2;10;3;10;4;10;5;10;6;10;7;10;8;10;9
2;2;11;19;12;1;11;1;10;1;10;2;10;3;10;4;10;5;10;6;10;7;10;8;10;9;10;10
2;2;11;19;11;1;10;1;10;2;10;3;10;4;10;5;10;6;10;7;10;8;10;9;10;10;10;11
2;2;11;19;10;1;10;2;10;3;10;4;10;5;10;6;10;7;10;8;10;9;10;10;10;11;10;12
2;2;11;19;10;2;10;3;10;4;10;5;10;6;10;7;10;8;10;9;10;10;10;11;10;12;10;13
2;2;11;19;10;3;10;4;10;5;10;6;10;7;10;8;10;9;10;10;10;11;10;12;10;13;10;14
2;2;11;19;10;4;10;5;10;6;10;7;10;8;10;9;10;10;10;11;10;12;10;13;10;14;10;15
2;2;11;19;10;5;10;6;10;7;10;8;10;9;10;10;10;11;10;12;10;13;10;14;10;15;10;16
2;2;11;19;10;6;10;7;10;8;10;9;10;10;10;11;10;12;10;13;10;14;10;15;10;16;10;17
2;2;11;19;10;7;10;8;10;9;10;10;10;11;10;12;10;13;10;14;10;15;10;16;10;17;10;18
1;2;11;19;10;8;10;9;10;10;10;11;10;12;10;13;10;14;10;15;10;16;10;17;10;18;10;19
1;1;2;6;10;9;10;9;10;10;10;11;10;12;10;13;10;14;10;15;10;16;10;17;10;18;10;19;11;19
0;1;2;6;10;9;10;10;10;11;10;12;10;13;10;14;10;15;10;16;10;17;10;18;10;19;11;19;12;19
0;0;2;6;10;10;10;11;10;12;10;13;10;14;10;15;10;16;10;17;10;18;10;19;11;19;12;19;12;18
0;0;2;6;10;11;10;12;10;13;10;14;10;15;10;16;10;17;10;18;10;19;11;19;12;19;12;18;12;17
0;0;2;6;10;12;10;13;10;14;10;15;10;16;10;17;10;18;10;19;11;19;12;19;12;18;12;17;12;16
0;0;2;6;10;13;10;14;10;15;10;16;10;17;10;18;10;19;11;19;12;19;12;18;12;17;12;16;12;15
0;0;2;6;10;14;10;15;10;16;10;17;10;18;10;19;11;19;12;19;12;18;12;17;12;16;12;15;12;14
0;0;2;6;10;15;10;16;10;17;10;18;10;19;11;19;12;19;12;18;12;17;12;16;12;15;12;14;12;13
0;0;2;6;10;16;10;17;10;18;10;19;11;19;12;19;12;18;12;17;12;16;12;15;12;14;12;13;12;12
0;0;2;6;10;17;10;18;10;19;11;19;12;19;12;18;12;17;12;16;12;15;12;14;12;13;12;12;12;11
0;0;2;6;10;18;10;19;11;19;12;19;12;18;12;17;12;16;12;15;12;14;12;13;12;12;12;11;12;10
0;0;2;6;10;19;11;19;12;19;12;18;12;17;12;16;12;15;12;14;12;13;12;12;12;11;12;10;12;9
0;0;2;6;11;19;12;19;12;18;12;17;12;16;12;15;12;14;12;13;12;12;12;11;12;10;12;9;12;8
0;0;2;6;12;19;12;18;12;17;12;16;12;15;12;14;12;13;12;12;12;11;12;10;12;9;12;8;12;7
3;0;2;6;12;18;12;17;12;16;12;15;12;14;12;13;12;12;12;11;12;10;12;9;12;8;12;7;12;6
3;3;2;6;12;17;12;16;12;15;12;14;12;13;12;12;12;11;12;10;12;9;12;8;12;7;12;6;11;6
3;3;2;6;12;16;12;15;12;14;12;13;12;12;12;11;12;10;12;9;12;8;12;7;12;6;11;6;10;6
3;3;2;6;12;15;12;14;12;13;12;12;12;11;12;10;12;9;12;8;12;7;12;6;11;6;10;6;9;6
3;3;2;6;12;14;12;13;12;12;12;11;12;10;12;9;12;8;12;7;12;6;11;6;10;6;9;6;8;6
3;3;2;6;12;13;12;12;12;11;12;10;12;9;12;8;12;7;12;6;11;6;10;6;9;6;8;6;7;6
3;3;2;6;12;12;12;11;12;10;12;9;12;8;12;7;12;6;11;6;10;6;9;6;8;6;7;6;6;6
3;3;2;6;12;11;12;10;12;9;12;8;12;7;12;6;11;6;10;6;9;6;8;6;7;6;6;6;5;6
3;3;2;6;12;10;12;9;12;8;12;7;12;6;11;6;10;6;9;6;8;6;7;6;6;6;5;6;4;6
3;3;2;6;12;9;12;8;12;7;12;6;11;6;10;6;9;6;8;6;7;6;6;6;5;6;4;6;3;6
2;3;17;1;12;8;12;8;12;7;12;6;11;6;10;6;9;6;8;6;7;6;6;6;5;6;4;6;3;6;2;6
2;2;17;1;12;8;12;7;12;6;11;6;10;6;9;6;8;6;7;6;6;6;5;6;4;6;3;6;2;6;2;7
1;2;17;1;12;7;12;6;11;6;10;6;9;6;8;6;7;6;6;6;5;6;4;6;3;6;2;6;2;7;2;8
1;1;17;1;12;6;11;6;10;6;9;6;8;6;7;6;6;6;5;6;4;6;3;6;2;6;2;7;2;8;3;8
1;1;17;1;11;6;10;6;9;6;8;6;7;6;6;6;5;6;4;6;3;6;2;6;2;7;2;8;3;8;4;8
1;1;17;1;10;6;9;6;8;6;7;6;6;6;5;6;4;6;3;6;2;6;2;7;2;8;3;8;4;8;5;8
1;1;17;1;9;6;8;6;7;6;6;6;5;6;4;6;3;6;2;6;2;7;2;8;3;8;4;8;5;8;6;8
1;1;17;1;8;6;7;6;6;6;5;6;4;6;3;6;2;6;2;7;2;8;3;8;4;8;5;8;6;8;7;8
1;1;17;1;7;6;6;6;5;6;4;6;3;6;2;6;2;7;2;8;3;8;4;8;5;8;6;8;7;8;8;8
1;1;17;1;6;6;5;6;4;6;3;6;2;6;2;7;2;8;3;8;4;8;5;8;6;8;7;8;8;8;9;8
1;1;17;1;5;6;4;6;3;6;2;6;2;7;2;8;3;8;4;8;5;8;6;8;7;8;8;8;9;8;10;8
1;1;17;1;4;6;3;6;2;6;2;7;2;8;3;8;4;8;5;8;6;8;7;8;8;8;9;8;10;8;11;8
1;1;17;1;3;6;2;6;2;7;2;8;3;8;4;8;5;8;6;8;7;8;8;8;9;8;10;8;11;8;12;8
1;1;17;1;2;6;2;7;2;8;3;8;4;8;5;8;6;8;7;8;8;8;9;8;10;8;11;8;12;8;13;8
1;1;17;1;2;7;2;8;3;8;4;8;5;8;6;8;7;8;8;8;9;8;10;8;11;8;12;8;13;8;14;8
1;1;17;1;2;8;3;8;4;8;5;8;6;8;7;8;8;8;9;8;10;8;11;8;12;8;13;8;14;8;15;8
1;1;17;1;3;8;4;8;5;8;6;8;7;8;8;8;9;8;10;8;11;8;12;8;13;8;14;8;15;8;16;8
0;1;17;1;4;8;5;8;6;8;7;8;8;8;9;8;10;8;11;8;12;8;13;8;14;8;15;8;16;8;17;8
0;0;17;1;5;8;6;8;7;8;8;8;9;8;10;8;11;8;12;8;13;8;14;8;15;8;16;8;17;8;17;7
0;0;17;1;6;8;7;8;8;8;9;8;10;8;11;8;12;8;13;8;14;8;15;8;16;8;17;8;17;7;17;6
0;0;17;1;7;8;8;8;9;8;10;8;11;8;12;8;13;8;14;8;15;8;16;8;17;8;17;7;17;6;17;5
0;0;17;1;8;8;9;8;10;8;11;8;12;8;13;8;14;8;15;8;16;8;17;8;17;7;17;6;17;5;17;4
0;0;17;1;9;8;10;8;11;8;12;8;13;8;14;8;15;8;16;8;17;8;17;7;17;6;17;5;17;4;17;3
0;0;17;1;10;8;11;8;12;8;13;8;14;8;15;8;16;8;17;8;17;7;17;6;17;5;17;4;17;3;17;2
3;0;7;12;11;8;11;8;12;8;13;8;14;8;15;8;16;8;17;8;17;7;17;6;17;5;17;4;17;3;17;2;17;1
3;3;7;12;11;8;12;8;13;8;14;8;15;8;16;8;17;8;17;7;17;6;17;5;17;4;17;3;17;2;17;1;16;1
3;3;7;12;12;8;13;8;14;8;15;8;16;8;17;8;17;7;17;6;17;5;17;4;17;3;17;2;17;1;16;1;15;1
3;3;7;12;13;8;14;8;15;8;16;8;17;8;17;7;17;6;17;5;17;4;17;3;17;2;17;1;16;1;15;1;14;1
3;3;7;12;14;8;15;8;16;8;17;8;17;7;17;6;17;5;17;4;17;3;17;2;17;1;16;1;15;1;14;1;13;1
3;3;7;12;15;8;16;8;17;8;17;7;17;6;17;5;17;4;17;3;17;2;17;1;16;1;15;1;14;1;13;1;12;1
3;3;7;12;16;8;17;8;17;7;17;6;17;5;17;4;17;3;17;2;17;1;16;1;15;1;14;1;13;1;12;1;11;1
3;3;7;12;17;8;17;7;17;6;17;5;17;4;17;3;17;2;17;1;16;1;15;1;14;1;13;1;12;1;11;1;10;1
3;3;7;12;17;7;17;6;17;5;17;4;17;3;17;2;17;1;16;1;15;1;14;1;13;1;12;1;11;1;10;1;9;1
3;3;7;12;17;6;17;5;17;4;17;3;17;2;17;1;16;1;15;1;14;1;13;1;12;1;11;1;10;1;9;1;8;1
2;3;7;12;17;5;17;4;17;3;17;2;17;1;16;1;15;1;14;1;13;1;12;1;11;1;10;1;9;1;8;1;7;1
2;2;7;12;17;4;17;3;17;2;17;1;16;1;15;1;14;1;13;1;12;1;11;1;10;1;9;1;8;1;7;1;7;2
2;2;7;12;17;3;17;2;17;1;16;1;15;1;14;1;13;1;12;1;11;1;10;1;9;1;8;1;7;1;7;2;7;3
2;2;7;12;17;2;17;1;16;1;15;1;14;1;13;1;12;1;11;1;10;1;9;1;8;1;7;1;7;2;7;3;7;4
2;2;7;12;17;1;16;1;15;1;14;1;13;1;12;1;11;1;10;1;9;1;8;1;7;1;7;2;7;3;7;4;7;5
2;2;7;12;16;1;15;1;14;1;13;1;12;1;11;1;10;1;9;1;8;1;7;1;7;2;7;3;7;4;7;5;7;6
2;2;7;12;15;1;14;1;13;1;12;1;11;1;10;1;9;1;8;1;7;1;7;2;7;3;7;4;7;5;7;6;7;7
2;2;7;12;14;1;13;1;12;1;11;1;10;1;9;1;8;1;7;1;7;2;7;3;7;4;7;5;7;6;7;7;7;8
2;2;7;12;13;1;12;1;11;1;10;1;9;1;8;1;7;1;7;2;7;3;7;4;7;5;7;6;7;7;7;8;7;9
2;2;7;12;12;1;11;1;10;1;9;1;8;1;7;1;7;2;7;3;7;4;7;5;7;6;7;7;7;8;7;9;7;10
2;2;7;12;11;1;10;1;9;1;8;1;7;1;7;2;7;3;7;4;7;5;7;6;7;7;7;8;7;9;7;10;7;11
1;2;9;8;10;1;10;1;9;1;8;1;7;1;7;2;7;3;7;4;7;5;7;6;7;7;7;8;7;9;7;10;7;11;7;12
1;1;9;8;10;1;9;1;8;1;7;1;7;2;7;3;7;4;7;5;7;6;7;7;7;8;7;9;7;10;7;11;7;12;8;12
1;1;9;8;9;1;8;1;7;1;7;2;7;3;7;4;7;5;7;6;7;7;7;8;7;9;7;10;7;11;7;12;8;12;9;12
1;1;9;8;8;1;7;1;7;2;7;3;7;4;7;5;7;6;7;7;7;8;7;9;7;10;7;11;7;12;8;12;9;12;10;12
1;1;9;8;7;1;7;2;7;3;7;4;7;5;7;6;7;7;7;8;7;9;7;10;7;11;7;12;8;12;9;12;10;12;11;12
0;1;9;8;7;2;7;3;7;4;7;5;7;6;7;7;7;8;7;9;7;10;7;11;7;12;8;12;9;12;10;12;11;12;12;12
0;0;9;8;7;3;7;4;7;5;7;6;7;7;7;8;7;9;7;10;7;11;7;12;8;12;9;12;10;12;11;12;12;12;12;11
0;0;9;8;7;4;7;5;7;6;7;7;7;8;7;9;7;10;7;11;7;12;8;12;9;12;10;12;11;12;12;12;12;11;12;10
0;0;9;8;7;5;7;6;7;7;7;8;7;9;7;10;7;11;7;12;8;12;9;12;10;12;11;12;12;12;12;11;12;10;12;9
3;0;9;8;7;6;7;7;7;8;7;9;7;10;7;11;7;12;8;12;9;12;10;12;11;12;12;12;12;11;12;10;12;9;12;8
3;3;9;8;7;7;7;8;7;9;7;10;7;11;7;12;8;12;9;12;10;12;11;12;12;12;12;11;12;10;12;9;12;8;11;8
3;3;9;8;7;8;7;9;7;10;7;11;7;12;8;12;9;12;10;12;11;12;12;12;12;11;12;10;12;9;12;8;11;8;10;8
3;3;4;1;7;9;7;9;7;10;7;11;7;12;8;12;9;12;10;12;11;12;12;12;12;11;12;10;12;9;12;8;11;8;10;8;9;8
0;3;4;1;7;9;7;10;7;11;7;12;8;12;9;12;10;12;11;12;12;12;12;11;12;10;12;9;12;8;11;8;10;8;9;8;8;8
0;0;4;1;7;10;7;11;7;12;8;12;9;12;10;12;11;12;12;12;12;11;12;10;12;9;12;8;11;8;10;8;9;8;8;8;8;7
0;0;4;1;7;11;7;12;8;12;9;12;10;12;11;12;12;12;12;11;12;10;12;9;12;8;11;8;10;8;9;8;8;8;8;7;8;6
0;0;4;1;7;12;8;12;9;12;10;12;11;12;12;12;12;11;12;10;12;9;12;8;11;8;10;8;9;8;8;8;8;7;8;6;8;5
0;0;4;1;8;12;9;12;10;12;11;12;12;12;12;11;12;10;12;9;12;8;11;8;10;8;9;8;8;8;8;7;8;6;8;5;8;4
0;0;4;1;9;12;10;12;11;12;12;12;12;11;12;10;12;9;12;8;11;8;10;8;9;8;8;8;8;7;8;6;8;5;8;4;8;3
3;0;4;1;10;12;11;12;12;12;12;11;12;10;12;9;12;8;11;8;10;8;9;8;8;8;8;7;8;6;8;5;8;4;8;3;8;2
3;3;4;1;11;12;12;12;12;11;12;10;12;9;12;8;11;8;10;8;9;8;8;8;8;7;8;6;8;5;8;4;8;3;8;2;7;2
3;3;4;1;12;12;12;11;12;10;12;9;12;8;11;8;10;8;9;8;8;8;8;7;8;6;8;5;8;4;8;3;8;2;7;2;6;2
3;3;4;1;12;11;12;10;12;9;12;8;11;8;10;8;9;8;8;8;8;7;8;6;8;5;8;4;8;3;8;2;7;2;6;2;5;2
3;3;4;1;12;10;12;9;12;8;11;8;10;8;9;8;8;8;8;7;8;6;8;5;8;4;8;3;8;2;7;2;6;2;5;2;4;2
0;3;4;1;12;9;12;8;11;8;10;8;9;8;8;8;8;7;8;6;8;5;8;4;8;3;8;2;7;2;6;2;5;2;4;2;3;2
0;0;4;1;12;8;11;8;10;8;9;8;8;8;8;7;8;6;8;5;8;4;8;3;8;2;7;2;6;2;5;2;4;2;3;2;3;1
0;0;4;1;11;8;10;8;9;8;8;8;8;7;8;6;8;5;8;4;8;3;8;2;7;2;6;2;5;2;4;2;3;2;3;1;3;0
