20
1;1;11;10;8;10;9;10;10;10
1;1;16;12;9;10;9;10;10;10;11;10
1;1;16;12;9;10;10;10;11;10;12;10
1;1;16;12;10;10;11;10;12;10;13;10
1;1;16;12;11;10;12;10;13;10;14;10
1;1;16;12;12;10;13;10;14;10;15;10
2;1;16;12;13;10;14;10;15;10;16;10
2;2;16;12;14;10;15;10;16;10;16;11
2;2;17;10;15;10;15;10;16;10;16;11;16;12
3;2;17;10;15;10;16;10;16;11;16;12;16;13
3;3;17;10;16;10;16;11;16;12;16;13;15;13
3;3;17;10;16;11;16;12;16;13;15;13;14;13
0;3;17;10;16;12;16;13;15;13;14;13;13;13
0;0;17;10;16;13;15;13;14;13;13;13;13;12
0;0;17;10;15;13;14;13;13;13;13;12;13;11
1;0;17;10;14;13;13;13;13;12;13;11;13;10
1;1;17;10;13;13;13;12;13;11;13;10;14;10
1;1;17;10;13;12;13;11;13;10;14;10;15;10
1;1;17;10;13;11;13;10;14;10;15;10;16;10
0;1;9;2;13;10;13;10;14;10;15;10;16;10;17;10
0;0;9;2;13;10;14;10;15;10;16;10;17;10;17;9
0;0;9;2;14;10;15;10;16;10;17;10;17;9;17;8
0;0;9;2;15;10;16;10;17;10;17;9;17;8;17;7
0;0;9;2;16;10;17;10;17;9;17;8;17;7;17;6
0;0;9;2;17;10;17;9;17;8;17;7;17;6;17;5
0;0;9;2;17;9;17;8;17;7;17;6;17;5;17;4
3;0;9;2;17;8;17;7;17;6;17;5;17;4;17;3
3;3;9;2;17;7;17;6;17;5;17;4;17;3;16;3
3;3;9;2;17;6;17;5;17;4;17;3;16;3;15;3
3;3;9;2;17;5;17;4;17;3;16;3;15;3;14;3
3;3;9;2;17;4;17;3;16;3;15;3;14;3;13;3
3;3;9;2;17;3;16;3;15;3;14;3;13;3;12;3
3;3;9;2;16;3;15;3;14;3;13;3;12;3;11;3
3;3;9;2;15;3;14;3;13;3;12;3;11;3;10;3
0;3;9;2;14;3;13;3;12;3;11;3;10;3;9;3
3;0;12;18;13;3;13;3;12;3;11;3;10;3;9;3;9;2
3;3;12;18;13;3;12;3;11;3;10;3;9;3;9;2;8;2
3;3;12;18;12;3;11;3;10;3;9;3;9;2;8;2;7;2
3;3;12;18;11;3;10;3;9;3;9;2;8;2;7;2;6;2
2;3;12;18;10;3;9;3;9;2;8;2;7;2;6;2;5;2
2;2;12;18;9;3;9;2;8;2;7;2;6;2;5;2;5;3
2;2;12;18;9;2;8;2;7;2;6;2;5;2;5;3;5;4
2;2;12;18;8;2;7;2;6;2;5;2;5;3;5;4;5;5
1;2;12;18;7;2;6;2;5;2;5;3;5;4;5;5;5;6
1;1;12;18;6;2;5;2;5;3;5;4;5;5;5;6;6;6
1;1;12;18;5;2;5;3;5;4;5;5;5;6;6;6;7;6
2;1;12;18;5;3;5;4;5;5;5;6;6;6;7;6;8;6
2;2;12;18;5;4;5;5;5;6;6;6;7;6;8;6;8;7
2;2;12;18;5;5;5;6;6;6;7;6;8;6;8;7;8;8
2;2;12;18;5;6;6;6;7;6;8;6;8;7;8;8;8;9
2;2;12;18;6;6;7;6;8;6;8;7;8;8;8;9;8;10
2;2;12;18;7;6;8;6;8;7;8;8;8;9;8;10;8;11
2;2;12;18;8;6;8;7;8;8;8;9;8;10;8;11;8;12
2;2;12;18;8;7;8;8;8;9;8;10;8;11;8;12;8;13
2;2;12;18;8;8;8;9;8;10;8;11;8;12;8;13;8;14
2;2;12;18;8;9;8;10;8;11;8;12;8;13;8;14;8;15
2;2;12;18;8;10;8;11;8;12;8;13;8;14;8;15;8;16
2;2;12;18;8;11;8;12;8;13;8;14;8;15;8;16;8;17
1;2;12;18;8;12;8;13;8;14;8;15;8;16;8;17;8;18
1;1;12;18;8;13;8;14;8;15;8;16;8;17;8;18;9;18
1;1;12;18;8;14;8;15;8;16;8;17;8;18;9;18;10;18
1;1;12;18;8;15;8;16;8;17;8;18;9;18;10;18;11;18
1;1;10;1;8;16;8;16;8;17;8;18;9;18;10;18;11;18;12;18
0;1;10;1;8;16;8;17;8;18;9;18;10;18;11;18;12;18;13;18
0;0;10;1;8;17;8;18;9;18;10;18;11;18;12;18;13;18;13;17
0;0;10;1;8;18;9;18;10;18;11;18;12;18;13;18;13;17;13;16
0;0;10;1;9;18;10;18;11;18;12;18;13;18;13;17;13;16;13;15
0;0;10;1;10;18;11;18;12;18;13;18;13;17;13;16;13;15;13;14
0;0;10;1;11;18;12;18;13;18;13;17;13;16;13;15;13;14;13;13
0;0;10;1;12;18;13;18;13;17;13;16;13;15;13;14;13;13;13;12
0;0;10;1;13;18;13;17;13;16;13;15;13;14;13;13;13;12;13;11
0;0;10;1;13;17;13;16;13;15;13;14;13;13;13;12;13;11;13;10
0;0;10;1;13;16;13;15;13;14;13;13;13;12;13;11;13;10;13;9
0;0;10;1;13;15;13;14;13;13;13;12;13;11;13;10;13;9;13;8
0;0;10;1;13;14;13;13;13;12;13;11;13;10;13;9;13;8;13;7
0;0;10;1;13;13;13;12;13;11;13;10;13;9;13;8;13;7;13;6
0;0;10;1;13;12;13;11;13;10;13;9;13;8;13;7;13;6;13;5
0;0;10;1;13;11;13;10;13;9;13;8;13;7;13;6;13;5;13;4
0;0;10;1;13;10;13;9;13;8;13;7;13;6;13;5;13;4;13;3
0;0;10;1;13;9;13;8;13;7;13;6;13;5;13;4;13;3;13;2
3;0;10;1;13;8;13;7;13;6;13;5;13;4;13;3;13;2;13;1
3;3;10;1;13;7;13;6;13;5;13;4;13;3;13;2;13;1;12;1
3;3;10;1;13;6;13;5;13;4;13;3;13;2;13;1;12;1;11;1
3;3;9;12;13;5;13;5;13;4;13;3;13;2;13;1;12;1;11;1;10;1
3;3;9;12;13;5;13;4;13;3;13;2;13;1;12;1;11;1;10;1;9;1
3;3;9;12;13;4;13;3;13;2;13;1;12;1;11;1;10;1;9;1;8;1
2;3;9;12;13;3;13;2;13;1;12;1;11;1;10;1;9;1;8;1;7;1
2;2;9;12;13;2;13;1;12;1;11;1;10;1;9;1;8;1;7;1;7;2
2;2;9;12;13;1;12;1;11;1;10;1;9;1;8;1;7;1;7;2;7;3
2;2;9;12;12;1;11;1;10;1;9;1;8;1;7;1;7;2;7;3;7;4
2;2;9;12;11;1;10;1;9;1;8;1;7;1;7;2;7;3;7;4;7;5
2;2;9;12;10;1;9;1;8;1;7;1;7;2;7;3;7;4;7;5;7;6
2;2;9;12;9;1;8;1;7;1;7;2;7;3;7;4;7;5;7;6;7;7
2;2;9;12;8;1;7;1;7;2;7;3;7;4;7;5;7;6;7;7;7;8
2;2;9;12;7;1;7;2;7;3;7;4;7;5;7;6;7;7;7;8;7;9
2;2;9;12;7;2;7;3;7;4;7;5;7;6;7;7;7;8;7;9;7;10
2;2;9;12;7;3;7;4;7;5;7;6;7;7;7;8;7;9;7;10;7;11
1;2;9;12;7;4;7;5;7;6;7;7;7;8;7;9;7;10;7;11;7;12
1;1;9;12;7;5;7;6;7;7;7;8;7;9;7;10;7;11;7;12;8;12
1;1;18;19;7;6;7;6;7;7;7;8;7;9;7;10;7;11;7;12;8;12;9;12
1;1;18;19;7;6;7;7;7;8;7;9;7;10;7;11;7;12;8;12;9;12;10;12
0;1;18;19;7;7;7;8;7;9;7;10;7;11;7;12;8;12;9;12;10;12;11;12
0;0;18;19;7;8;7;9;7;10;7;11;7;12;8;12;9;12;10;12;11;12;11;11
1;0;18;19;7;9;7;10;7;11;7;12;8;12;9;12;10;12;11;12;11;11;11;10
1;1;18;19;7;10;7;11;7;12;8;12;9;12;10;12;11;12;11;11;11;10;12;10
1;1;18;19;7;11;7;12;8;12;9;12;10;12;11;12;11;11;11;10;12;10;13;10
1;1;18;19;7;12;8;12;9;12;10;12;11;12;11;11;11;10;12;10;13;10;14;10
1;1;18;19;8;12;9;12;10;12;11;12;11;11;11;10;12;10;13;10;14;10;15;10
1;1;18;19;9;12;10;12;11;12;11;11;11;10;12;10;13;10;14;10;15;10;16;10
1;1;18;19;10;12;11;12;11;11;11;10;12;10;13;10;14;10;15;10;16;10;17;10
1;1;18;19;11;12;11;11;11;10;12;10;13;10;14;10;15;10;16;10;17;10;18;10
2;1;18;19;11;11;11;10;12;10;13;10;14;10;15;10;16;10;17;10;18;10;19;10
2;2;18;19;11;10;12;10;13;10;14;10;15;10;16;10;17;10;18;10;19;10;19;11
2;2;18;19;12;10;13;10;14;10;15;10;16;10;17;10;18;10;19;10;19;11;19;12
2;2;18;19;13;10;14;10;15;10;16;10;17;10;18;10;19;10;19;11;19;12;19;13
2;2;18;19;14;10;15;10;16;10;17;10;18;10;19;10;19;11;19;12;19;13;19;14
2;2;18;19;15;10;16;10;17;10;18;10;19;10;19;11;19;12;19;13;19;14;19;15
2;2;18;19;16;10;17;10;18;10;19;10;19;11;19;12;19;13;19;14;19;15;19;16
2;2;18;19;17;10;18;10;19;10;19;11;19;12;19;13;19;14;19;15;19;16;19;17
2;2;18;19;18;10;19;10;19;11;19;12;19;13;19;14;19;15;19;16;19;17;19;18
3;2;18;19;19;10;19;11;19;12;19;13;19;14;19;15;19;16;19;17;19;18;19;19
3;3;10;8;19;11;19;11;19;12;19;13;19;14;19;15;19;16;19;17;19;18;19;19;18;19
3;3;10;8;19;11;19;12;19;13;19;14;19;15;19;16;19;17;19;18;19;19;18;19;17;19
0;3;10;8;19;12;19;13;19;14;19;15;19;16;19;17;19;18;19;19;18;19;17;19;16;19
0;0;10;8;19;13;19;14;19;15;19;16;19;17;19;18;19;19;18;19;17;19;16;19;16;18
0;0;10;8;19;14;19;15;19;16;19;17;19;18;19;19;18;19;17;19;16;19;16;18;16;17
0;0;10;8;19;15;19;16;19;17;19;18;19;19;18;19;17;19;16;19;16;18;16;17;16;16
0;0;10;8;19;16;19;17;19;18;19;19;18;19;17;19;16;19;16;18;16;17;16;16;16;15
0;0;10;8;19;17;19;18;19;19;18;19;17;19;16;19;16;18;16;17;16;16;16;15;16;14
0;0;10;8;19;18;19;19;18;19;17;19;16;19;16;18;16;17;16;16;16;15;16;14;16;13
0;0;10;8;19;19;18;19;17;19;16;19;16;18;16;17;16;16;16;15;16;14;16;13;16;12
0;0;10;8;18;19;17;19;16;19;16;18;16;17;16;16;16;15;16;14;16;13;16;12;16;11
0;0;10;8;17;19;16;19;16;18;16;17;16;16;16;15;16;14;16;13;16;12;16;11;16;10
0;0;10;8;16;19;16;18;16;17;16;16;16;15;16;14;16;13;16;12;16;11;16;10;16;9
3;0;10;8;16;18;16;17;16;16;16;15;16;14;16;13;16;12;16;11;16;10;16;9;16;8
3;3;10;8;16;17;16;16;16;15;16;14;16;13;16;12;16;11;16;10;16;9;16;8;15;8
3;3;10;8;16;16;16;15;16;14;16;13;16;12;16;11;16;10;16;9;16;8;15;8;14;8
3;3;10;8;16;15;16;14;16;13;16;12;16;11;16;10;16;9;16;8;15;8;14;8;13;8
3;3;10;8;16;14;16;13;16;12;16;11;16;10;16;9;16;8;15;8;14;8;13;8;12;8
3;3;10;8;16;13;16;12;16;11;16;10;16;9;16;8;15;8;14;8;13;8;12;8;11;8
3;3;7;7;16;12;16;12;16;11;16;10;16;9;16;8;15;8;14;8;13;8;12;8;11;8;10;8
3;3;7;7;16;12;16;11;16;10;16;9;16;8;15;8;14;8;13;8;12;8;11;8;10;8;9;8
0;3;7;7;16;11;16;10;16;9;16;8;15;8;14;8;13;8;12;8;11;8;10;8;9;8;8;8
0;0;7;7;16;10;16;9;16;8;15;8;14;8;13;8;12;8;11;8;10;8;9;8;8;8;8;7
3;0;7;7;16;9;16;8;15;8;14;8;13;8;12;8;11;8;10;8;9;8;8;8;8;7;8;6
3;3;7;7;16;8;15;8;14;8;13;8;12;8;11;8;10;8;9;8;8;8;8;7;8;6;7;6
3;3;7;7;15;8;14;8;13;8;12;8;11;8;10;8;9;8;8;8;8;7;8;6;7;6;6;6
3;3;7;7;14;8;13;8;12;8;11;8;10;8;9;8;8;8;8;7;8;6;7;6;6;6;5;6
2;3;7;7;13;8;12;8;11;8;10;8;9;8;8;8;8;7;8;6;7;6;6;6;5;6;4;6
2;2;7;7;12;8;11;8;10;8;9;8;8;8;8;7;8;6;7;6;6;6;5;6;4;6;4;7
2;2;7;7;11;8;10;8;9;8;8;8;8;7;8;6;7;6;6;6;5;6;4;6;4;7;4;8
2;2;7;7;10;8;9;8;8;8;8;7;8;6;7;6;6;6;5;6;4;6;4;7;4;8;4;9
2;2;7;7;9;8;8;8;8;7;8;6;7;6;6;6;5;6;4;6;4;7;4;8;4;9;4;10
1;2;7;7;8;8;8;7;8;6;7;6;6;6;5;6;4;6;4;7;4;8;4;9;4;10;4;11
1;1;7;7;8;7;8;6;7;6;6;6;5;6;4;6;4;7;4;8;4;9;4;10;4;11;5;11
1;1;7;7;8;6;7;6;6;6;5;6;4;6;4;7;4;8;4;9;4;10;4;11;5;11;6;11
1;1;7;7;7;6;6;6;5;6;4;6;4;7;4;8;4;9;4;10;4;11;5;11;6;11;7;11
0;1;7;7;6;6;5;6;4;6;4;7;4;8;4;9;4;10;4;11;5;11;6;11;7;11;8;11
0;0;7;7;5;6;4;6;4;7;4;8;4;9;4;10;4;11;5;11;6;11;7;11;8;11;8;10
0;0;7;7;4;6;4;7;4;8;4;9;4;10;4;11;5;11;6;11;7;11;8;11;8;10;8;9
0;0;7;7;4;7;4;8;4;9;4;10;4;11;5;11;6;11;7;11;8;11;8;10;8;9;8;8
3;0;7;7;4;8;4;9;4;10;4;11;5;11;6;11;7;11;8;11;8;10;8;9;8;8;8;7
0;3;2;0;4;9;4;9;4;10;4;11;5;11;6;11;7;11;8;11;8;10;8;9;8;8;8;7;7;7
0;0;2;0;4;9;4;10;4;11;5;11;6;11;7;11;8;11;8;10;8;9;8;8;8;7;7;7;7;6
0;0;2;0;4;10;4;11;5;11;6;11;7;11;8;11;8;10;8;9;8;8;8;7;7;7;7;6;7;5
0;0;2;0;4;11;5;11;6;11;7;11;8;11;8;10;8;9;8;8;8;7;7;7;7;6;7;5;7;4
0;0;2;0;5;11;6;11;7;11;8;11;8;10;8;9;8;8;8;7;7;7;7;6;7;5;7;4;7;3
0;0;2;0;6;11;7;11;8;11;8;10;8;9;8;8;8;7;7;7;7;6;7;5;7;4;7;3;7;2
3;0;2;0;7;11;8;11;8;10;8;9;8;8;8;7;7;7;7;6;7;5;7;4;7;3;7;2;7;1
3;3;2;0;8;11;8;10;8;9;8;8;8;7;7;7;7;6;7;5;7;4;7;3;7;2;7;1;6;1
3;3;2;0;8;10;8;9;8;8;8;7;7;7;7;6;7;5;7;4;7;3;7;2;7;1;6;1;5;1
3;3;2;0;8;9;8;8;8;7;7;7;7;6;7;5;7;4;7;3;7;2;7;1;6;1;5;1;4;1
3;3;2;0;8;8;8;7;7;7;7;6;7;5;7;4;7;3;7;2;7;1;6;1;5;1;4;1;3;1
0;3;2;0;8;7;7;7;7;6;7;5;7;4;7;3;7;2;7;1;6;1;5;1;4;1;3;1;2;1
1;0;6;19;7;7;7;7;7;6;7;5;7;4;7;3;7;2;7;1;6;1;5;1;4;1;3;1;2;1;2;0
1;1;6;19;7;7;7;6;7;5;7;4;7;3;7;2;7;1;6;1;5;1;4;1;3;1;2;1;2;0;3;0
1;1;6;19;7;6;7;5;7;4;7;3;7;2;7;1;6;1;5;1;4;1;3;1;2;1;2;0;3;0;4;0
1;1;6;19;7;5;7;4;7;3;7;2;7;1;6;1;5;1;4;1;3;1;2;1;2;0;3;0;4;0;5;0
1;1;6;19;7;4;7;3;7;2;7;1;6;1;5;1;4;1;3;1;2;1;2;0;3;0;4;0;5;0;6;0
1;1;6;19;7;3;7;2;7;1;6;1;5;1;4;1;3;1;2;1;2;0;3;0;4;0;5;0;6;0;7;0
1;1;6;19;7;2;7;1;6;1;5;1;4;1;3;1;2;1;2;0;3;0;4;0;5;0;6;0;7;0;8;0
2;1;6;19;7;1;6;1;5;1;4;1;3;1;2;1;2;0;3;0;4;0;5;0;6;0;7;0;8;0;9;0
2;2;6;19;6;1;5;1;4;1;3;1;2;1;2;0;3;0;4;0;5;0;6;0;7;0;8;0;9;0;9;1
2;2;6;19;5;1;4;1;3;1;2;1;2;0;3;0;4;0;5;0;6;0;7;0;8;0;9;0;9;1;9;2
3;2;6;19;4;1;3;1;2;1;2;0;3;0;4;0;5;0;6;0;7;0;8;0;9;0;9;1;9;2;9;3
3;3;6;19;3;1;2;1;2;0;3;0;4;0;5;0;6;0;7;0;8;0;9;0;9;1;9;2;9;3;8;3
2;3;6;19;2;1;2;0;3;0;4;0;5;0;6;0;7;0;8;0;9;0;9;1;9;2;9;3;8;3;7;3
2;2;6;19;2;0;3;0;4;0;5;0;6;0;7;0;8;0;9;0;9;1;9;2;9;3;8;3;7;3;7;4
2;2;6;19;3;0;4;0;5;0;6;0;7;0;8;0;9;0;9;1;9;2;9;3;8;3;7;3;7;4;7;5
2;2;6;19;4;0;5;0;6;0;7;0;8;0;9;0;9;1;9;2;9;3;8;3;7;3;7;4;7;5;7;6
2;2;6;19;5;0;6;0;7;0;8;0;9;0;9;1;9;2;9;3;8;3;7;3;7;4;7;5;7;6;7;7
2;2;6;19;6;0;7;0;8;0;9;0;9;1;9;2;9;3;8;3;7;3;7;4;7;5;7;6;7;7;7;8
2;2;6;19;7;0;8;0;9;0;9;1;9;2;9;3;8;3;7;3;7;4;7;5;7;6;7;7;7;8;7;9
2;2;6;19;8;0;9;0;9;1;9;2;9;3;8;3;7;3;7;4;7;5;7;6;7;7;7;8;7;9;7;10
2;2;6;19;9;0;9;1;9;2;9;3;8;3;7;3;7;4;7;5;7;6;7;7;7;8;7;9;7;10;7;11
2;2;6;19;9;1;9;2;9;3;8;3;7;3;7;4;7;5;7;6;7;7;7;8;7;9;7;10;7;11;7;12
2;2;6;19;9;2;9;3;8;3;7;3;7;4;7;5;7;6;7;7;7;8;7;9;7;10;7;11;7;12;7;13
2;2;6;19;9;3;8;3;7;3;7;4;7;5;7;6;7;7;7;8;7;9;7;10;7;11;7;12;7;13;7;14
2;2;6;19;8;3;7;3;7;4;7;5;7;6;7;7;7;8;7;9;7;10;7;11;7;12;7;13;7;14;7;15
2;2;6;19;7;3;7;4;7;5;7;6;7;7;7;8;7;9;7;10;7;11;7;12;7;13;7;14;7;15;7;16
2;2;6;19;7;4;7;5;7;6;7;7;7;8;7;9;7;10;7;11;7;12;7;13;7;14;7;15;7;16;7;17
3;2;6;19;7;5;7;6;7;7;7;8;7;9;7;10;7;11;7;12;7;13;7;14;7;15;7;16;7;17;7;18
3;3;6;19;7;6;7;7;7;8;7;9;7;10;7;11;7;12;7;13;7;14;7;15;7;16;7;17;7;18;6;18
3;3;6;19;7;7;7;8;7;9;7;10;7;11;7;12;7;13;7;14;7;15;7;16;7;17;7;18;6;18;5;18
0;3;6;19;7;8;7;9;7;10;7;11;7;12;7;13;7;14;7;15;7;16;7;17;7;18;6;18;5;18;4;18
0;0;6;19;7;9;7;10;7;11;7;12;7;13;7;14;7;15;7;16;7;17;7;18;6;18;5;18;4;18;4;17
0;0;6;19;7;10;7;11;7;12;7;13;7;14;7;15;7;16;7;17;7;18;6;18;5;18;4;18;4;17;4;16
1;0;6;19;7;11;7;12;7;13;7;14;7;15;7;16;7;17;7;18;6;18;5;18;4;18;4;17;4;16;4;15
1;1;6;19;7;12;7;13;7;14;7;15;7;16;7;17;7;18;6;18;5;18;4;18;4;17;4;16;4;15;5;15
1;1;6;19;7;13;7;14;7;15;7;16;7;17;7;18;6;18;5;18;4;18;4;17;4;16;4;15;5;15;6;15
