20
1;1;1;12;8;10;9;10;10;10
1;1;1;12;9;10;10;10;11;10
1;1;1;12;10;10;11;10;12;10
0;1;1;12;11;10;12;10;13;10
3;0;1;12;12;10;13;10;13;9
3;3;1;12;13;10;13;9;12;9
3;3;1;12;13;9;12;9;11;9
3;3;1;12;12;9;11;9;10;9
3;3;1;12;11;9;10;9;9;9
3;3;1;12;10;9;9;9;8;9
3;3;1;12;9;9;8;9;7;9
3;3;1;12;8;9;7;9;6;9
3;3;1;12;7;9;6;9;5;9
3;3;1;12;6;9;5;9;4;9
3;3;1;12;5;9;4;9;3;9
3;3;1;12;4;9;3;9;2;9
2;3;1;12;3;9;2;9;1;9
2;2;1;12;2;9;1;9;1;10
2;2;1;12;1;9;1;10;1;11
2;2;1;7;1;10;1;10;1;11;1;12
1;2;1;7;1;10;1;11;1;12;1;13
0;1;1;7;1;11;1;12;1;13;2;13
0;0;1;7;1;12;1;13;2;13;2;12
3;0;1;7;1;13;2;13;2;12;2;11
0;3;1;7;2;13;2;12;2;11;1;11
0;0;1;7;2;12;2;11;1;11;1;10
0;0;1;7;2;11;1;11;1;10;1;9
0;0;1;7;1;11;1;10;1;9;1;8
0;0;7;4;1;10;1;10;1;9;1;8;1;7
0;0;7;4;1;10;1;9;1;8;1;7;1;6
0;0;7;4;1;9;1;8;1;7;1;6;1;5
1;0;7;4;1;8;1;7;1;6;1;5;1;4
1;1;7;4;1;7;1;6;1;5;1;4;2;4
1;1;7;4;1;6;1;5;1;4;2;4;3;4
1;1;7;4;1;5;1;4;2;4;3;4;4;4
1;1;7;4;1;4;2;4;3;4;4;4;5;4
1;1;7;4;2;4;3;4;4;4;5;4;6;4
2;1;0;19;3;4;3;4;4;4;5;4;6;4;7;4
3;2;0;19;3;4;4;4;5;4;6;4;7;4;7;5
3;3;0;19;4;4;5;4;6;4;7;4;7;5;6;5
3;3;0;19;5;4;6;4;7;4;7;5;6;5;5;5
3;3;0;19;6;4;7;4;7;5;6;5;5;5;4;5
3;3;0;19;7;4;7;5;6;5;5;5;4;5;3;5
3;3;0;19;7;5;6;5;5;5;4;5;3;5;2;5
2;3;0;19;6;5;5;5;4;5;3;5;2;5;1;5
2;2;0;19;5;5;4;5;3;5;2;5;1;5;1;6
2;2;0;19;4;5;3;5;2;5;1;5;1;6;1;7
2;2;0;19;3;5;2;5;1;5;1;6;1;7;1;8
2;2;0;19;2;5;1;5;1;6;1;7;1;8;1;9
2;2;0;19;1;5;1;6;1;7;1;8;1;9;1;10
3;2;0;19;1;6;1;7;1;8;1;9;1;10;1;11
2;3;0;19;1;7;1;8;1;9;1;10;1;11;0;11
2;2;0;19;1;8;1;9;1;10;1;11;0;11;0;12
2;2;0;19;1;9;1;10;1;11;0;11;0;12;0;13
2;2;0;19;1;10;1;11;0;11;0;12;0;13;0;14
2;2;0;19;1;11;0;11;0;12;0;13;0;14;0;15
2;2;0;19;0;11;0;12;0;13;0;14;0;15;0;16
2;2;0;19;0;12;0;13;0;14;0;15;0;16;0;17
1;2;0;19;0;13;0;14;0;15;0;16;0;17;0;18
1;1;0;19;0;14;0;15;0;16;0;17;0;18;1;18
1;1;0;19;0;15;0;16;0;17;0;18;1;18;2;18
1;1;0;19;0;16;0;17;0;18;1;18;2;18;3;18
1;1;0;19;0;17;0;18;1;18;2;18;3;18;4;18
2;1;0;19;0;18;1;18;2;18;3;18;4;18;5;18
2;2;0;19;1;18;2;18;3;18;4;18;5;18;5;19
