20
1;1;13;16;8;10;9;10;10;10
1;1;13;16;9;10;10;10;11;10
1;1;13;16;10;10;11;10;12;10
1;1;13;16;11;10;12;10;13;10
2;1;13;16;12;10;13;10;14;10
2;2;13;16;13;10;14;10;14;11
2;2;13;16;14;10;14;11;14;12
2;2;13;16;14;11;14;12;14;13
2;2;13;16;14;12;14;13;14;14
2;2;13;16;14;13;14;14;14;15
3;2;13;16;14;14;14;15;14;16
3;3;3;15;14;15;14;15;14;16;13;16
3;3;3;15;14;15;14;16;13;16;12;16
3;3;3;15;14;16;13;16;12;16;11;16
3;3;3;15;13;16;12;16;11;16;10;16
3;3;3;15;12;16;11;16;10;16;9;16
3;3;3;15;11;16;10;16;9;16;8;16
3;3;3;15;10;16;9;16;8;16;7;16
3;3;3;15;9;16;8;16;7;16;6;16
3;3;3;15;8;16;7;16;6;16;5;16
3;3;3;15;7;16;6;16;5;16;4;16
0;3;3;15;6;16;5;16;4;16;3;16
0;0;2;19;5;16;5;16;4;16;3;16;3;15
0;0;2;19;5;16;4;16;3;16;3;15;3;14
0;0;2;19;4;16;3;16;3;15;3;14;3;13
3;0;2;19;3;16;3;15;3;14;3;13;3;12
3;3;2;19;3;15;3;14;3;13;3;12;2;12
2;3;2;19;3;14;3;13;3;12;2;12;1;12
2;2;2;19;3;13;3;12;2;12;1;12;1;13
2;2;2;19;3;12;2;12;1;12;1;13;1;14
2;2;2;19;2;12;1;12;1;13;1;14;1;15
2;2;2;19;1;12;1;13;1;14;1;15;1;16
2;2;2;19;1;13;1;14;1;15;1;16;1;17
2;2;2;19;1;14;1;15;1;16;1;17;1;18
1;2;2;19;1;15;1;16;1;17;1;18;1;19
1;1;13;19;1;16;1;16;1;17;1;18;1;19;2;19
1;1;13;19;1;16;1;17;1;18;1;19;2;19;3;19
1;1;13;19;1;17;1;18;1;19;2;19;3;19;4;19
1;1;13;19;1;18;1;19;2;19;3;19;4;19;5;19
1;1;13;19;1;19;2;19;3;19;4;19;5;19;6;19
1;1;13;19;2;19;3;19;4;19;5;19;6;19;7;19
1;1;13;19;3;19;4;19;5;19;6;19;7;19;8;19
1;1;13;19;4;19;5;19;6;19;7;19;8;19;9;19
1;1;13;19;5;19;6;19;7;19;8;19;9;19;10;19
1;1;13;19;6;19;7;19;8;19;9;19;10;19;11;19
1;1;13;19;7;19;8;19;9;19;10;19;11;19;12;19
0;1;15;1;8;19;8;19;9;19;10;19;11;19;12;19;13;19
0;0;15;1;8;19;9;19;10;19;11;19;12;19;13;19;13;18
0;0;15;1;9;19;10;19;11;19;12;19;13;19;13;18;13;17
0;0;15;1;10;19;11;19;12;19;13;19;13;18;13;17;13;16
0;0;15;1;11;19;12;19;13;19;13;18;13;17;13;16;13;15
0;0;15;1;12;19;13;19;13;18;13;17;13;16;13;15;13;14
0;0;15;1;13;19;13;18;13;17;13;16;13;15;13;14;13;13
1;0;15;1;13;18;13;17;13;16;13;15;13;14;13;13;13;12
1;1;15;1;13;17;13;16;13;15;13;14;13;13;13;12;14;12
0;1;15;1;13;16;13;15;13;14;13;13;13;12;14;12;15;12
0;0;15;1;13;15;13;14;13;13;13;12;14;12;15;12;15;11
0;0;15;1;13;14;13;13;13;12;14;12;15;12;15;11;15;10
0;0;15;1;13;13;13;12;14;12;15;12;15;11;15;10;15;9
0;0;15;1;13;12;14;12;15;12;15;11;15;10;15;9;15;8
0;0;15;1;14;12;15;12;15;11;15;10;15;9;15;8;15;7
0;0;15;1;15;12;15;11;15;10;15;9;15;8;15;7;15;6
0;0;15;1;15;11;15;10;15;9;15;8;15;7;15;6;15;5
0;0;15;1;15;10;15;9;15;8;15;7;15;6;15;5;15;4
0;0;15;1;15;9;15;8;15;7;15;6;15;5;15;4;15;3
0;0;15;1;15;8;15;7;15;6;15;5;15;4;15;3;15;2
3;0;9;16;15;7;15;7;15;6;15;5;15;4;15;3;15;2;15;1
3;3;9;16;15;7;15;6;15;5;15;4;15;3;15;2;15;1;14;1
3;3;9;16;15;6;15;5;15;4;15;3;15;2;15;1;14;1;13;1
3;3;9;16;15;5;15;4;15;3;15;2;15;1;14;1;13;1;12;1
3;3;9;16;15;4;15;3;15;2;15;1;14;1;13;1;12;1;11;1
3;3;9;16;15;3;15;2;15;1;14;1;13;1;12;1;11;1;10;1
2;3;9;16;15;2;15;1;14;1;13;1;12;1;11;1;10;1;9;1
2;2;9;16;15;1;14;1;13;1;12;1;11;1;10;1;9;1;9;2
2;2;9;16;14;1;13;1;12;1;11;1;10;1;9;1;9;2;9;3
2;2;9;16;13;1;12;1;11;1;10;1;9;1;9;2;9;3;9;4
2;2;9;16;12;1;11;1;10;1;9;1;9;2;9;3;9;4;9;5
2;2;9;16;11;1;10;1;9;1;9;2;9;3;9;4;9;5;9;6
2;2;9;16;10;1;9;1;9;2;9;3;9;4;9;5;9;6;9;7
2;2;9;16;9;1;9;2;9;3;9;4;9;5;9;6;9;7;9;8
2;2;9;16;9;2;9;3;9;4;9;5;9;6;9;7;9;8;9;9
2;2;9;16;9;3;9;4;9;5;9;6;9;7;9;8;9;9;9;10
2;2;9;16;9;4;9;5;9;6;9;7;9;8;9;9;9;10;9;11
2;2;9;16;9;5;9;6;9;7;9;8;9;9;9;10;9;11;9;12
2;2;9;16;9;6;9;7;9;8;9;9;9;10;9;11;9;12;9;13
2;2;9;16;9;7;9;8;9;9;9;10;9;11;9;12;9;13;9;14
2;2;9;16;9;8;9;9;9;10;9;11;9;12;9;13;9;14;9;15
1;2;11;17;9;9;9;9;9;10;9;11;9;12;9;13;9;14;9;15;9;16
1;1;11;17;9;9;9;10;9;11;9;12;9;13;9;14;9;15;9;16;10;16
1;1;11;17;9;10;9;11;9;12;9;13;9;14;9;15;9;16;10;16;11;16
1;1;11;17;9;11;9;12;9;13;9;14;9;15;9;16;10;16;11;16;12;16
1;1;11;17;9;12;9;13;9;14;9;15;9;16;10;16;11;16;12;16;13;16
2;1;11;17;9;13;9;14;9;15;9;16;10;16;11;16;12;16;13;16;14;16
2;2;11;17;9;14;9;15;9;16;10;16;11;16;12;16;13;16;14;16;14;17
3;2;11;17;9;15;9;16;10;16;11;16;12;16;13;16;14;16;14;17;14;18
3;3;11;17;9;16;10;16;11;16;12;16;13;16;14;16;14;17;14;18;13;18
3;3;11;17;10;16;11;16;12;16;13;16;14;16;14;17;14;18;13;18;12;18
3;3;11;17;11;16;12;16;13;16;14;16;14;17;14;18;13;18;12;18;11;18
3;3;11;17;12;16;13;16;14;16;14;17;14;18;13;18;12;18;11;18;10;18
3;3;11;17;13;16;14;16;14;17;14;18;13;18;12;18;11;18;10;18;9;18
3;3;11;17;14;16;14;17;14;18;13;18;12;18;11;18;10;18;9;18;8;18
0;3;11;17;14;17;14;18;13;18;12;18;11;18;10;18;9;18;8;18;7;18
1;0;11;17;14;18;13;18;12;18;11;18;10;18;9;18;8;18;7;18;7;17
1;1;11;17;13;18;12;18;11;18;10;18;9;18;8;18;7;18;7;17;8;17
1;1;11;17;12;18;11;18;10;18;9;18;8;18;7;18;7;17;8;17;9;17
1;1;11;17;11;18;10;18;9;18;8;18;7;18;7;17;8;17;9;17;10;17
1;1;19;15;10;18;10;18;9;18;8;18;7;18;7;17;8;17;9;17;10;17;11;17
1;1;19;15;10;18;9;18;8;18;7;18;7;17;8;17;9;17;10;17;11;17;12;17
1;1;19;15;9;18;8;18;7;18;7;17;8;17;9;17;10;17;11;17;12;17;13;17
1;1;19;15;8;18;7;18;7;17;8;17;9;17;10;17;11;17;12;17;13;17;14;17
1;1;19;15;7;18;7;17;8;17;9;17;10;17;11;17;12;17;13;17;14;17;15;17
1;1;19;15;7;17;8;17;9;17;10;17;11;17;12;17;13;17;14;17;15;17;16;17
1;1;19;15;8;17;9;17;10;17;11;17;12;17;13;17;14;17;15;17;16;17;17;17
1;1;19;15;9;17;10;17;11;17;12;17;13;17;14;17;15;17;16;17;17;17;18;17
0;1;19;15;10;17;11;17;12;17;13;17;14;17;15;17;16;17;17;17;18;17;19;17
0;0;19;15;11;17;12;17;13;17;14;17;15;17;16;17;17;17;18;17;19;17;19;16
0;0;9;5;12;17;12;17;13;17;14;17;15;17;16;17;17;17;18;17;19;17;19;16;19;15
0;0;9;5;12;17;13;17;14;17;15;17;16;17;17;17;18;17;19;17;19;16;19;15;19;14
0;0;9;5;13;17;14;17;15;17;16;17;17;17;18;17;19;17;19;16;19;15;19;14;19;13
0;0;9;5;14;17;15;17;16;17;17;17;18;17;19;17;19;16;19;15;19;14;19;13;19;12
0;0;9;5;15;17;16;17;17;17;18;17;19;17;19;16;19;15;19;14;19;13;19;12;19;11
0;0;9;5;16;17;17;17;18;17;19;17;19;16;19;15;19;14;19;13;19;12;19;11;19;10
0;0;9;5;17;17;18;17;19;17;19;16;19;15;19;14;19;13;19;12;19;11;19;10;19;9
0;0;9;5;18;17;19;17;19;16;19;15;19;14;19;13;19;12;19;11;19;10;19;9;19;8
0;0;9;5;19;17;19;16;19;15;19;14;19;13;19;12;19;11;19;10;19;9;19;8;19;7
3;0;9;5;19;16;19;15;19;14;19;13;19;12;19;11;19;10;19;9;19;8;19;7;19;6
3;3;9;5;19;15;19;14;19;13;19;12;19;11;19;10;19;9;19;8;19;7;19;6;18;6
3;3;9;5;19;14;19;13;19;12;19;11;19;10;19;9;19;8;19;7;19;6;18;6;17;6
3;3;9;5;19;13;19;12;19;11;19;10;19;9;19;8;19;7;19;6;18;6;17;6;16;6
0;3;9;5;19;12;19;11;19;10;19;9;19;8;19;7;19;6;18;6;17;6;16;6;15;6
3;0;9;5;19;11;19;10;19;9;19;8;19;7;19;6;18;6;17;6;16;6;15;6;15;5
3;3;9;5;19;10;19;9;19;8;19;7;19;6;18;6;17;6;16;6;15;6;15;5;14;5
3;3;9;5;19;9;19;8;19;7;19;6;18;6;17;6;16;6;15;6;15;5;14;5;13;5
3;3;9;5;19;8;19;7;19;6;18;6;17;6;16;6;15;6;15;5;14;5;13;5;12;5
3;3;9;5;19;7;19;6;18;6;17;6;16;6;15;6;15;5;14;5;13;5;12;5;11;5
3;3;9;5;19;6;18;6;17;6;16;6;15;6;15;5;14;5;13;5;12;5;11;5;10;5
3;3;2;13;18;6;18;6;17;6;16;6;15;6;15;5;14;5;13;5;12;5;11;5;10;5;9;5
3;3;2;13;18;6;17;6;16;6;15;6;15;5;14;5;13;5;12;5;11;5;10;5;9;5;8;5
3;3;2;13;17;6;16;6;15;6;15;5;14;5;13;5;12;5;11;5;10;5;9;5;8;5;7;5
3;3;2;13;16;6;15;6;15;5;14;5;13;5;12;5;11;5;10;5;9;5;8;5;7;5;6;5
3;3;2;13;15;6;15;5;14;5;13;5;12;5;11;5;10;5;9;5;8;5;7;5;6;5;5;5
3;3;2;13;15;5;14;5;13;5;12;5;11;5;10;5;9;5;8;5;7;5;6;5;5;5;4;5
3;3;2;13;14;5;13;5;12;5;11;5;10;5;9;5;8;5;7;5;6;5;5;5;4;5;3;5
2;3;2;13;13;5;12;5;11;5;10;5;9;5;8;5;7;5;6;5;5;5;4;5;3;5;2;5
2;2;2;13;12;5;11;5;10;5;9;5;8;5;7;5;6;5;5;5;4;5;3;5;2;5;2;6
2;2;2;13;11;5;10;5;9;5;8;5;7;5;6;5;5;5;4;5;3;5;2;5;2;6;2;7
2;2;2;13;10;5;9;5;8;5;7;5;6;5;5;5;4;5;3;5;2;5;2;6;2;7;2;8
2;2;2;13;9;5;8;5;7;5;6;5;5;5;4;5;3;5;2;5;2;6;2;7;2;8;2;9
2;2;2;13;8;5;7;5;6;5;5;5;4;5;3;5;2;5;2;6;2;7;2;8;2;9;2;10
2;2;2;13;7;5;6;5;5;5;4;5;3;5;2;5;2;6;2;7;2;8;2;9;2;10;2;11
2;2;2;13;6;5;5;5;4;5;3;5;2;5;2;6;2;7;2;8;2;9;2;10;2;11;2;12
2;2;19;10;5;5;5;5;4;5;3;5;2;5;2;6;2;7;2;8;2;9;2;10;2;11;2;12;2;13
1;2;19;10;5;5;4;5;3;5;2;5;2;6;2;7;2;8;2;9;2;10;2;11;2;12;2;13;2;14
1;1;19;10;4;5;3;5;2;5;2;6;2;7;2;8;2;9;2;10;2;11;2;12;2;13;2;14;3;14
1;1;19;10;3;5;2;5;2;6;2;7;2;8;2;9;2;10;2;11;2;12;2;13;2;14;3;14;4;14
1;1;19;10;2;5;2;6;2;7;2;8;2;9;2;10;2;11;2;12;2;13;2;14;3;14;4;14;5;14
1;1;19;10;2;6;2;7;2;8;2;9;2;10;2;11;2;12;2;13;2;14;3;14;4;14;5;14;6;14
1;1;19;10;2;7;2;8;2;9;2;10;2;11;2;12;2;13;2;14;3;14;4;14;5;14;6;14;7;14
1;1;19;10;2;8;2;9;2;10;2;11;2;12;2;13;2;14;3;14;4;14;5;14;6;14;7;14;8;14
1;1;19;10;2;9;2;10;2;11;2;12;2;13;2;14;3;14;4;14;5;14;6;14;7;14;8;14;9;14
1;1;19;10;2;10;2;11;2;12;2;13;2;14;3;14;4;14;5;14;6;14;7;14;8;14;9;14;10;14
1;1;19;10;2;11;2;12;2;13;2;14;3;14;4;14;5;14;6;14;7;14;8;14;9;14;10;14;11;14
1;1;19;10;2;12;2;13;2;14;3;14;4;14;5;14;6;14;7;14;8;14;9;14;10;14;11;14;12;14
1;1;19;10;2;13;2;14;3;14;4;14;5;14;6;14;7;14;8;14;9;14;10;14;11;14;12;14;13;14
1;1;19;10;2;14;3;14;4;14;5;14;6;14;7;14;8;14;9;14;10;14;11;14;12;14;13;14;14;14
1;1;19;10;3;14;4;14;5;14;6;14;7;14;8;14;9;14;10;14;11;14;12;14;13;14;14;14;15;14
1;1;19;10;4;14;5;14;6;14;7;14;8;14;9;14;10;14;11;14;12;14;13;14;14;14;15;14;16;14
1;1;19;10;5;14;6;14;7;14;8;14;9;14;10;14;11;14;12;14;13;14;14;14;15;14;16;14;17;14
1;1;19;10;6;14;7;14;8;14;9;14;10;14;11;14;12;14;13;14;14;14;15;14;16;14;17;14;18;14
0;1;19;10;7;14;8;14;9;14;10;14;11;14;12;14;13;14;14;14;15;14;16;14;17;14;18;14;19;14
0;0;19;10;8;14;9;14;10;14;11;14;12;14;13;14;14;14;15;14;16;14;17;14;18;14;19;14;19;13
0;0;19;10;9;14;10;14;11;14;12;14;13;14;14;14;15;14;16;14;17;14;18;14;19;14;19;13;19;12
0;0;19;10;10;14;11;14;12;14;13;14;14;14;15;14;16;14;17;14;18;14;19;14;19;13;19;12;19;11
0;0;3;1;11;14;11;14;12;14;13;14;14;14;15;14;16;14;17;14;18;14;19;14;19;13;19;12;19;11;19;10
0;0;3;1;11;14;12;14;13;14;14;14;15;14;16;14;17;14;18;14;19;14;19;13;19;12;19;11;19;10;19;9
3;0;3;1;12;14;13;14;14;14;15;14;16;14;17;14;18;14;19;14;19;13;19;12;19;11;19;10;19;9;19;8
3;3;3;1;13;14;14;14;15;14;16;14;17;14;18;14;19;14;19;13;19;12;19;11;19;10;19;9;19;8;18;8
3;3;3;1;14;14;15;14;16;14;17;14;18;14;19;14;19;13;19;12;19;11;19;10;19;9;19;8;18;8;17;8
3;3;3;1;15;14;16;14;17;14;18;14;19;14;19;13;19;12;19;11;19;10;19;9;19;8;18;8;17;8;16;8
3;3;3;1;16;14;17;14;18;14;19;14;19;13;19;12;19;11;19;10;19;9;19;8;18;8;17;8;16;8;15;8
3;3;3;1;17;14;18;14;19;14;19;13;19;12;19;11;19;10;19;9;19;8;18;8;17;8;16;8;15;8;14;8
0;3;3;1;18;14;19;14;19;13;19;12;19;11;19;10;19;9;19;8;18;8;17;8;16;8;15;8;14;8;13;8
0;0;3;1;19;14;19;13;19;12;19;11;19;10;19;9;19;8;18;8;17;8;16;8;15;8;14;8;13;8;13;7
0;0;3;1;19;13;19;12;19;11;19;10;19;9;19;8;18;8;17;8;16;8;15;8;14;8;13;8;13;7;13;6
0;0;3;1;19;12;19;11;19;10;19;9;19;8;18;8;17;8;16;8;15;8;14;8;13;8;13;7;13;6;13;5
0;0;3;1;19;11;19;10;19;9;19;8;18;8;17;8;16;8;15;8;14;8;13;8;13;7;13;6;13;5;13;4
0;0;3;1;19;10;19;9;19;8;18;8;17;8;16;8;15;8;14;8;13;8;13;7;13;6;13;5;13;4;13;3
0;0;3;1;19;9;19;8;18;8;17;8;16;8;15;8;14;8;13;8;13;7;13;6;13;5;13;4;13;3;13;2
3;0;3;1;19;8;18;8;17;8;16;8;15;8;14;8;13;8;13;7;13;6;13;5;13;4;13;3;13;2;13;1
3;3;3;1;18;8;17;8;16;8;15;8;14;8;13;8;13;7;13;6;13;5;13;4;13;3;13;2;13;1;12;1
3;3;3;1;17;8;16;8;15;8;14;8;13;8;13;7;13;6;13;5;13;4;13;3;13;2;13;1;12;1;11;1
3;3;3;1;16;8;15;8;14;8;13;8;13;7;13;6;13;5;13;4;13;3;13;2;13;1;12;1;11;1;10;1
3;3;3;1;15;8;14;8;13;8;13;7;13;6;13;5;13;4;13;3;13;2;13;1;12;1;11;1;10;1;9;1
3;3;3;1;14;8;13;8;13;7;13;6;13;5;13;4;13;3;13;2;13;1;12;1;11;1;10;1;9;1;8;1
3;3;3;1;13;8;13;7;13;6;13;5;13;4;13;3;13;2;13;1;12;1;11;1;10;1;9;1;8;1;7;1
3;3;3;1;13;7;13;6;13;5;13;4;13;3;13;2;13;1;12;1;11;1;10;1;9;1;8;1;7;1;6;1
3;3;3;1;13;6;13;5;13;4;13;3;13;2;13;1;12;1;11;1;10;1;9;1;8;1;7;1;6;1;5;1
3;3;3;1;13;5;13;4;13;3;13;2;13;1;12;1;11;1;10;1;9;1;8;1;7;1;6;1;5;1;4;1
3;3;19;10;13;4;13;4;13;3;13;2;13;1;12;1;11;1;10;1;9;1;8;1;7;1;6;1;5;1;4;1;3;1
2;3;19;10;13;4;13;3;13;2;13;1;12;1;11;1;10;1;9;1;8;1;7;1;6;1;5;1;4;1;3;1;2;1
2;2;19;10;13;3;13;2;13;1;12;1;11;1;10;1;9;1;8;1;7;1;6;1;5;1;4;1;3;1;2;1;2;2
2;2;19;10;13;2;13;1;12;1;11;1;10;1;9;1;8;1;7;1;6;1;5;1;4;1;3;1;2;1;2;2;2;3
2;2;19;10;13;1;12;1;11;1;10;1;9;1;8;1;7;1;6;1;5;1;4;1;3;1;2;1;2;2;2;3;2;4
2;2;19;10;12;1;11;1;10;1;9;1;8;1;7;1;6;1;5;1;4;1;3;1;2;1;2;2;2;3;2;4;2;5
2;2;19;10;11;1;10;1;9;1;8;1;7;1;6;1;5;1;4;1;3;1;2;1;2;2;2;3;2;4;2;5;2;6
1;2;19;10;10;1;9;1;8;1;7;1;6;1;5;1;4;1;3;1;2;1;2;2;2;3;2;4;2;5;2;6;2;7
1;1;19;10;9;1;8;1;7;1;6;1;5;1;4;1;3;1;2;1;2;2;2;3;2;4;2;5;2;6;2;7;3;7
1;1;19;10;8;1;7;1;6;1;5;1;4;1;3;1;2;1;2;2;2;3;2;4;2;5;2;6;2;7;3;7;4;7
1;1;19;10;7;1;6;1;5;1;4;1;3;1;2;1;2;2;2;3;2;4;2;5;2;6;2;7;3;7;4;7;5;7
1;1;19;10;6;1;5;1;4;1;3;1;2;1;2;2;2;3;2;4;2;5;2;6;2;7;3;7;4;7;5;7;6;7
1;1;19;10;5;1;4;1;3;1;2;1;2;2;2;3;2;4;2;5;2;6;2;7;3;7;4;7;5;7;6;7;7;7
1;1;19;10;4;1;3;1;2;1;2;2;2;3;2;4;2;5;2;6;2;7;3;7;4;7;5;7;6;7;7;7;8;7
1;1;19;10;3;1;2;1;2;2;2;3;2;4;2;5;2;6;2;7;3;7;4;7;5;7;6;7;7;7;8;7;9;7
1;1;19;10;2;1;2;2;2;3;2;4;2;5;2;6;2;7;3;7;4;7;5;7;6;7;7;7;8;7;9;7;10;7
1;1;19;10;2;2;2;3;2;4;2;5;2;6;2;7;3;7;4;7;5;7;6;7;7;7;8;7;9;7;10;7;11;7
1;1;19;10;2;3;2;4;2;5;2;6;2;7;3;7;4;7;5;7;6;7;7;7;8;7;9;7;10;7;11;7;12;7
1;1;19;10;2;4;2;5;2;6;2;7;3;7;4;7;5;7;6;7;7;7;8;7;9;7;10;7;11;7;12;7;13;7
1;1;19;10;2;5;2;6;2;7;3;7;4;7;5;7;6;7;7;7;8;7;9;7;10;7;11;7;12;7;13;7;14;7
1;1;19;10;2;6;2;7;3;7;4;7;5;7;6;7;7;7;8;7;9;7;10;7;11;7;12;7;13;7;14;7;15;7
1;1;19;10;2;7;3;7;4;7;5;7;6;7;7;7;8;7;9;7;10;7;11;7;12;7;13;7;14;7;15;7;16;7
1;1;19;10;3;7;4;7;5;7;6;7;7;7;8;7;9;7;10;7;11;7;12;7;13;7;14;7;15;7;16;7;17;7
1;1;19;10;4;7;5;7;6;7;7;7;8;7;9;7;10;7;11;7;12;7;13;7;14;7;15;7;16;7;17;7;18;7
2;1;19;10;5;7;6;7;7;7;8;7;9;7;10;7;11;7;12;7;13;7;14;7;15;7;16;7;17;7;18;7;19;7
2;2;19;10;6;7;7;7;8;7;9;7;10;7;11;7;12;7;13;7;14;7;15;7;16;7;17;7;18;7;19;7;19;8
2;2;19;10;7;7;8;7;9;7;10;7;11;7;12;7;13;7;14;7;15;7;16;7;17;7;18;7;19;7;19;8;19;9
2;2;18;16;8;7;8;7;9;7;10;7;11;7;12;7;13;7;14;7;15;7;16;7;17;7;18;7;19;7;19;8;19;9;19;10
2;2;18;16;8;7;9;7;10;7;11;7;12;7;13;7;14;7;15;7;16;7;17;7;18;7;19;7;19;8;19;9;19;10;19;11
2;2;18;16;9;7;10;7;11;7;12;7;13;7;14;7;15;7;16;7;17;7;18;7;19;7;19;8;19;9;19;10;19;11;19;12
2;2;18;16;10;7;11;7;12;7;13;7;14;7;15;7;16;7;17;7;18;7;19;7;19;8;19;9;19;10;19;11;19;12;19;13
2;2;18;16;11;7;12;7;13;7;14;7;15;7;16;7;17;7;18;7;19;7;19;8;19;9;19;10;19;11;19;12;19;13;19;14
2;2;18;16;12;7;13;7;14;7;15;7;16;7;17;7;18;7;19;7;19;8;19;9;19;10;19;11;19;12;19;13;19;14;19;15
3;2;18;16;13;7;14;7;15;7;16;7;17;7;18;7;19;7;19;8;19;9;19;10;19;11;19;12;19;13;19;14;19;15;19;16
3;3;11;0;14;7;14;7;15;7;16;7;17;7;18;7;19;7;19;8;19;9;19;10;19;11;19;12;19;13;19;14;19;15;19;16;18;16
3;3;11;0;14;7;15;7;16;7;17;7;18;7;19;7;19;8;19;9;19;10;19;11;19;12;19;13;19;14;19;15;19;16;18;16;17;16
3;3;11;0;15;7;16;7;17;7;18;7;19;7;19;8;19;9;19;10;19;11;19;12;19;13;19;14;19;15;19;16;18;16;17;16;16;16
3;3;11;0;16;7;17;7;18;7;19;7;19;8;19;9;19;10;19;11;19;12;19;13;19;14;19;15;19;16;18;16;17;16;16;16;15;16
0;3;11;0;17;7;18;7;19;7;19;8;19;9;19;10;19;11;19;12;19;13;19;14;19;15;19;16;18;16;17;16;16;16;15;16;14;16
0;0;11;0;18;7;19;7;19;8;19;9;19;10;19;11;19;12;19;13;19;14;19;15;19;16;18;16;17;16;16;16;15;16;14;16;14;15
0;0;11;0;19;7;19;8;19;9;19;10;19;11;19;12;19;13;19;14;19;15;19;16;18;16;17;16;16;16;15;16;14;16;14;15;14;14
0;0;11;0;19;8;19;9;19;10;19;11;19;12;19;13;19;14;19;15;19;16;18;16;17;16;16;16;15;16;14;16;14;15;14;14;14;13
0;0;11;0;19;9;19;10;19;11;19;12;19;13;19;14;19;15;19;16;18;16;17;16;16;16;15;16;14;16;14;15;14;14;14;13;14;12
0;0;11;0;19;10;19;11;19;12;19;13;19;14;19;15;19;16;18;16;17;16;16;16;15;16;14;16;14;15;14;14;14;13;14;12;14;11
0;0;11;0;19;11;19;12;19;13;19;14;19;15;19;16;18;16;17;16;16;16;15;16;14;16;14;15;14;14;14;13;14;12;14;11;14;10
0;0;11;0;19;12;19;13;19;14;19;15;19;16;18;16;17;16;16;16;15;16;14;16;14;15;14;14;14;13;14;12;14;11;14;10;14;9
0;0;11;0;19;13;19;14;19;15;19;16;18;16;17;16;16;16;15;16;14;16;14;15;14;14;14;13;14;12;14;11;14;10;14;9;14;8
0;0;11;0;19;14;19;15;19;16;18;16;17;16;16;16;15;16;14;16;14;15;14;14;14;13;14;12;14;11;14;10;14;9;14;8;14;7
0;0;11;0;19;15;19;16;18;16;17;16;16;16;15;16;14;16;14;15;14;14;14;13;14;12;14;11;14;10;14;9;14;8;14;7;14;6
0;0;11;0;19;16;18;16;17;16;16;16;15;16;14;16;14;15;14;14;14;13;14;12;14;11;14;10;14;9;14;8;14;7;14;6;14;5
0;0;11;0;18;16;17;16;16;16;15;16;14;16;14;15;14;14;14;13;14;12;14;11;14;10;14;9;14;8;14;7;14;6;14;5;14;4
0;0;11;0;17;16;16;16;15;16;14;16;14;15;14;14;14;13;14;12;14;11;14;10;14;9;14;8;14;7;14;6;14;5;14;4;14;3
0;0;11;0;16;16;15;16;14;16;14;15;14;14;14;13;14;12;14;11;14;10;14;9;14;8;14;7;14;6;14;5;14;4;14;3;14;2
0;0;11;0;15;16;14;16;14;15;14;14;14;13;14;12;14;11;14;10;14;9;14;8;14;7;14;6;14;5;14;4;14;3;14;2;14;1
3;0;11;0;14;16;14;15;14;14;14;13;14;12;14;11;14;10;14;9;14;8;14;7;14;6;14;5;14;4;14;3;14;2;14;1;14;0
3;3;11;0;14;15;14;14;14;13;14;12;14;11;14;10;14;9;14;8;14;7;14;6;14;5;14;4;14;3;14;2;14;1;14;0;13;0
3;3;11;0;14;14;14;13;14;12;14;11;14;10;14;9;14;8;14;7;14;6;14;5;14;4;14;3;14;2;14;1;14;0;13;0;12;0
3;3;5;11;14;13;14;13;14;12;14;11;14;10;14;9;14;8;14;7;14;6;14;5;14;4;14;3;14;2;14;1;14;0;13;0;12;0;11;0
3;3;5;11;14;13;14;12;14;11;14;10;14;9;14;8;14;7;14;6;14;5;14;4;14;3;14;2;14;1;14;0;13;0;12;0;11;0;10;0
3;3;5;11;14;12;14;11;14;10;14;9;14;8;14;7;14;6;14;5;14;4;14;3;14;2;14;1;14;0;13;0;12;0;11;0;10;0;9;0
3;3;5;11;14;11;14;10;14;9;14;8;14;7;14;6;14;5;14;4;14;3;14;2;14;1;14;0;13;0;12;0;11;0;10;0;9;0;8;0
3;3;5;11;14;10;14;9;14;8;14;7;14;6;14;5;14;4;14;3;14;2;14;1;14;0;13;0;12;0;11;0;10;0;9;0;8;0;7;0
3;3;5;11;14;9;14;8;14;7;14;6;14;5;14;4;14;3;14;2;14;1;14;0;13;0;12;0;11;0;10;0;9;0;8;0;7;0;6;0
2;3;5;11;14;8;14;7;14;6;14;5;14;4;14;3;14;2;14;1;14;0;13;0;12;0;11;0;10;0;9;0;8;0;7;0;6;0;5;0
2;2;5;11;14;7;14;6;14;5;14;4;14;3;14;2;14;1;14;0;13;0;12;0;11;0;10;0;9;0;8;0;7;0;6;0;5;0;5;1
2;2;5;11;14;6;14;5;14;4;14;3;14;2;14;1;14;0;13;0;12;0;11;0;10;0;9;0;8;0;7;0;6;0;5;0;5;1;5;2
2;2;5;11;14;5;14;4;14;3;14;2;14;1;14;0;13;0;12;0;11;0;10;0;9;0;8;0;7;0;6;0;5;0;5;1;5;2;5;3
2;2;5;11;14;4;14;3;14;2;14;1;14;0;13;0;12;0;11;0;10;0;9;0;8;0;7;0;6;0;5;0;5;1;5;2;5;3;5;4
2;2;5;11;14;3;14;2;14;1;14;0;13;0;12;0;11;0;10;0;9;0;8;0;7;0;6;0;5;0;5;1;5;2;5;3;5;4;5;5
2;2;5;11;14;2;14;1;14;0;13;0;12;0;11;0;10;0;9;0;8;0;7;0;6;0;5;0;5;1;5;2;5;3;5;4;5;5;5;6
2;2;5;11;14;1;14;0;13;0;12;0;11;0;10;0;9;0;8;0;7;0;6;0;5;0;5;1;5;2;5;3;5;4;5;5;5;6;5;7
2;2;5;11;14;0;13;0;12;0;11;0;10;0;9;0;8;0;7;0;6;0;5;0;5;1;5;2;5;3;5;4;5;5;5;6;5;7;5;8
2;2;5;11;13;0;12;0;11;0;10;0;9;0;8;0;7;0;6;0;5;0;5;1;5;2;5;3;5;4;5;5;5;6;5;7;5;8;5;9
2;2;5;11;12;0;11;0;10;0;9;0;8;0;7;0;6;0;5;0;5;1;5;2;5;3;5;4;5;5;5;6;5;7;5;8;5;9;5;10
2;2;12;15;11;0;11;0;10;0;9;0;8;0;7;0;6;0;5;0;5;1;5;2;5;3;5;4;5;5;5;6;5;7;5;8;5;9;5;10;5;11
2;2;12;15;11;0;10;0;9;0;8;0;7;0;6;0;5;0;5;1;5;2;5;3;5;4;5;5;5;6;5;7;5;8;5;9;5;10;5;11;5;12
1;2;12;15;10;0;9;0;8;0;7;0;6;0;5;0;5;1;5;2;5;3;5;4;5;5;5;6;5;7;5;8;5;9;5;10;5;11;5;12;5;13
1;1;12;15;9;0;8;0;7;0;6;0;5;0;5;1;5;2;5;3;5;4;5;5;5;6;5;7;5;8;5;9;5;10;5;11;5;12;5;13;6;13
2;1;12;15;8;0;7;0;6;0;5;0;5;1;5;2;5;3;5;4;5;5;5;6;5;7;5;8;5;9;5;10;5;11;5;12;5;13;6;13;7;13
2;2;12;15;7;0;6;0;5;0;5;1;5;2;5;3;5;4;5;5;5;6;5;7;5;8;5;9;5;10;5;11;5;12;5;13;6;13;7;13;7;14
1;2;12;15;6;0;5;0;5;1;5;2;5;3;5;4;5;5;5;6;5;7;5;8;5;9;5;10;5;11;5;12;5;13;6;13;7;13;7;14;7;15
1;1;12;15;5;0;5;1;5;2;5;3;5;4;5;5;5;6;5;7;5;8;5;9;5;10;5;11;5;12;5;13;6;13;7;13;7;14;7;15;8;15
1;1;12;15;5;1;5;2;5;3;5;4;5;5;5;6;5;7;5;8;5;9;5;10;5;11;5;12;5;13;6;13;7;13;7;14;7;15;8;15;9;15
1;1;12;15;5;2;5;3;5;4;5;5;5;6;5;7;5;8;5;9;5;10;5;11;5;12;5;13;6;13;7;13;7;14;7;15;8;15;9;15;10;15
1;1;12;15;5;3;5;4;5;5;5;6;5;7;5;8;5;9;5;10;5;11;5;12;5;13;6;13;7;13;7;14;7;15;8;15;9;15;10;15;11;15
1;1;19;18;5;4;5;4;5;5;5;6;5;7;5;8;5;9;5;10;5;11;5;12;5;13;6;13;7;13;7;14;7;15;8;15;9;15;10;15;11;15;12;15
1;1;19;18;5;4;5;5;5;6;5;7;5;8;5;9;5;10;5;11;5;12;5;13;6;13;7;13;7;14;7;15;8;15;9;15;10;15;11;15;12;15;13;15
1;1;19;18;5;5;5;6;5;7;5;8;5;9;5;10;5;11;5;12;5;13;6;13;7;13;7;14;7;15;8;15;9;15;10;15;11;15;12;15;13;15;14;15
1;1;19;18;5;6;5;7;5;8;5;9;5;10;5;11;5;12;5;13;6;13;7;13;7;14;7;15;8;15;9;15;10;15;11;15;12;15;13;15;14;15;15;15
1;1;19;18;5;7;5;8;5;9;5;10;5;11;5;12;5;13;6;13;7;13;7;14;7;15;8;15;9;15;10;15;11;15;12;15;13;15;14;15;15;15;16;15
1;1;19;18;5;8;5;9;5;10;5;11;5;12;5;13;6;13;7;13;7;14;7;15;8;15;9;15;10;15;11;15;12;15;13;15;14;15;15;15;16;15;17;15
1;1;19;18;5;9;5;10;5;11;5;12;5;13;6;13;7;13;7;14;7;15;8;15;9;15;10;15;11;15;12;15;13;15;14;15;15;15;16;15;17;15;18;15
1;1;19;18;5;10;5;11;5;12;5;13;6;13;7;13;7;14;7;15;8;15;9;15;10;15;11;15;12;15;13;15;14;15;15;15;16;15;17;15;18;15;19;15
