20
1;1;17;11;8;10;9;10;10;10
1;1;17;11;9;10;10;10;11;10
1;1;17;11;10;10;11;10;12;10
1;1;17;11;11;10;12;10;13;10
1;1;17;11;12;10;13;10;14;10
1;1;17;11;13;10;14;10;15;10
1;1;17;11;14;10;15;10;16;10
2;1;17;11;15;10;16;10;17;10
2;2;9;15;16;10;16;10;17;10;17;11
3;2;9;15;16;10;17;10;17;11;17;12
3;3;9;15;17;10;17;11;17;12;16;12
3;3;9;15;17;11;17;12;16;12;15;12
3;3;9;15;17;12;16;12;15;12;14;12
3;3;9;15;16;12;15;12;14;12;13;12
3;3;9;15;15;12;14;12;13;12;12;12
3;3;9;15;14;12;13;12;12;12;11;12
3;3;9;15;13;12;12;12;11;12;10;12
2;3;9;15;12;12;11;12;10;12;9;12
2;2;9;15;11;12;10;12;9;12;9;13
2;2;9;15;10;12;9;12;9;13;9;14
2;2;1;16;9;12;9;12;9;13;9;14;9;15
1;2;1;16;9;12;9;13;9;14;9;15;9;16
1;1;1;16;9;13;9;14;9;15;9;16;10;16
0;1;1;16;9;14;9;15;9;16;10;16;11;16
0;0;1;16;9;15;9;16;10;16;11;16;11;15
3;0;1;16;9;16;10;16;11;16;11;15;11;14
3;3;1;16;10;16;11;16;11;15;11;14;10;14
3;3;1;16;11;16;11;15;11;14;10;14;9;14
3;3;1;16;11;15;11;14;10;14;9;14;8;14
3;3;1;16;11;14;10;14;9;14;8;14;7;14
3;3;1;16;10;14;9;14;8;14;7;14;6;14
3;3;1;16;9;14;8;14;7;14;6;14;5;14
3;3;1;16;8;14;7;14;6;14;5;14;4;14
3;3;1;16;7;14;6;14;5;14;4;14;3;14
3;3;1;16;6;14;5;14;4;14;3;14;2;14
2;3;1;16;5;14;4;14;3;14;2;14;1;14
2;2;1;16;4;14;3;14;2;14;1;14;1;15
2;2;12;13;3;14;3;14;2;14;1;14;1;15;1;16
1;2;12;13;3;14;2;14;1;14;1;15;1;16;1;17
1;1;12;13;2;14;1;14;1;15;1;16;1;17;2;17
1;1;12;13;1;14;1;15;1;16;1;17;2;17;3;17
1;1;12;13;1;15;1;16;1;17;2;17;3;17;4;17
1;1;12;13;1;16;1;17;2;17;3;17;4;17;5;17
1;1;12;13;1;17;2;17;3;17;4;17;5;17;6;17
1;1;12;13;2;17;3;17;4;17;5;17;6;17;7;17
1;1;12;13;3;17;4;17;5;17;6;17;7;17;8;17
1;1;12;13;4;17;5;17;6;17;7;17;8;17;9;17
1;1;12;13;5;17;6;17;7;17;8;17;9;17;10;17
1;1;12;13;6;17;7;17;8;17;9;17;10;17;11;17
0;1;12;13;7;17;8;17;9;17;10;17;11;17;12;17
0;0;12;13;8;17;9;17;10;17;11;17;12;17;12;16
0;0;12;13;9;17;10;17;11;17;12;17;12;16;12;15
0;0;12;13;10;17;11;17;12;17;12;16;12;15;12;14
0;0;1;19;11;17;11;17;12;17;12;16;12;15;12;14;12;13
3;0;1;19;11;17;12;17;12;16;12;15;12;14;12;13;12;12
3;3;1;19;12;17;12;16;12;15;12;14;12;13;12;12;11;12
3;3;1;19;12;16;12;15;12;14;12;13;12;12;11;12;10;12
3;3;1;19;12;15;12;14;12;13;12;12;11;12;10;12;9;12
3;3;1;19;12;14;12;13;12;12;11;12;10;12;9;12;8;12
3;3;1;19;12;13;12;12;11;12;10;12;9;12;8;12;7;12
3;3;1;19;12;12;11;12;10;12;9;12;8;12;7;12;6;12
3;3;1;19;11;12;10;12;9;12;8;12;7;12;6;12;5;12
3;3;1;19;10;12;9;12;8;12;7;12;6;12;5;12;4;12
3;3;1;19;9;12;8;12;7;12;6;12;5;12;4;12;3;12
3;3;1;19;8;12;7;12;6;12;5;12;4;12;3;12;2;12
2;3;1;19;7;12;6;12;5;12;4;12;3;12;2;12;1;12
2;2;1;19;6;12;5;12;4;12;3;12;2;12;1;12;1;13
2;2;1;19;5;12;4;12;3;12;2;12;1;12;1;13;1;14
2;2;1;19;4;12;3;12;2;12;1;12;1;13;1;14;1;15
2;2;1;19;3;12;2;12;1;12;1;13;1;14;1;15;1;16
2;2;1;19;2;12;1;12;1;13;1;14;1;15;1;16;1;17
1;2;1;19;1;12;1;13;1;14;1;15;1;16;1;17;1;18
1;1;1;19;1;13;1;14;1;15;1;16;1;17;1;18;2;18
1;1;1;19;1;14;1;15;1;16;1;17;1;18;2;18;3;18
1;1;1;19;1;15;1;16;1;17;1;18;2;18;3;18;4;18
1;1;1;19;1;16;1;17;1;18;2;18;3;18;4;18;5;18
2;1;1;19;1;17;1;18;2;18;3;18;4;18;5;18;6;18
2;2;1;19;1;18;2;18;3;18;4;18;5;18;6;18;6;19
