20
1;1;16;6;8;10;9;10;10;10
1;1;16;6;9;10;10;10;11;10
1;1;16;6;10;10;11;10;12;10
2;1;16;6;11;10;12;10;13;10
2;2;16;6;12;10;13;10;13;11
2;2;16;6;13;10;13;11;13;12
1;2;16;6;13;11;13;12;13;13
1;1;16;6;13;12;13;13;14;13
1;1;16;6;13;13;14;13;15;13
0;1;16;6;14;13;15;13;16;13
0;0;16;6;15;13;16;13;16;12
0;0;16;6;16;13;16;12;16;11
0;0;16;6;16;12;16;11;16;10
0;0;16;6;16;11;16;10;16;9
0;0;16;6;16;10;16;9;16;8
0;0;16;6;16;9;16;8;16;7
0;0;8;12;16;8;16;8;16;7;16;6
0;0;8;12;16;8;16;7;16;6;16;5
3;0;8;12;16;7;16;6;16;5;16;4
3;3;8;12;16;6;16;5;16;4;15;4
3;3;8;12;16;5;16;4;15;4;14;4
3;3;8;12;16;4;15;4;14;4;13;4
3;3;8;12;15;4;14;4;13;4;12;4
3;3;8;12;14;4;13;4;12;4;11;4
3;3;8;12;13;4;12;4;11;4;10;4
3;3;8;12;12;4;11;4;10;4;9;4
2;3;8;12;11;4;10;4;9;4;8;4
2;2;8;12;10;4;9;4;8;4;8;5
2;2;8;12;9;4;8;4;8;5;8;6
2;2;8;12;8;4;8;5;8;6;8;7
2;2;8;12;8;5;8;6;8;7;8;8
2;2;8;12;8;6;8;7;8;8;8;9
2;2;8;12;8;7;8;8;8;9;8;10
2;2;8;12;8;8;8;9;8;10;8;11
1;2;18;17;8;9;8;9;8;10;8;11;8;12
1;1;18;17;8;9;8;10;8;11;8;12;9;12
1;1;18;17;8;10;8;11;8;12;9;12;10;12
1;1;18;17;8;11;8;12;9;12;10;12;11;12
1;1;18;17;8;12;9;12;10;12;11;12;12;12
1;1;18;17;9;12;10;12;11;12;12;12;13;12
1;1;18;17;10;12;11;12;12;12;13;12;14;12
1;1;18;17;11;12;12;12;13;12;14;12;15;12
1;1;18;17;12;12;13;12;14;12;15;12;16;12
1;1;18;17;13;12;14;12;15;12;16;12;17;12
2;1;18;17;14;12;15;12;16;12;17;12;18;12
2;2;18;17;15;12;16;12;17;12;18;12;18;13
2;2;18;17;16;12;17;12;18;12;18;13;18;14
2;2;18;17;17;12;18;12;18;13;18;14;18;15
2;2;18;17;18;12;18;13;18;14;18;15;18;16
3;2;17;11;18;13;18;13;18;14;18;15;18;16;18;17
3;3;17;11;18;13;18;14;18;15;18;16;18;17;17;17
3;3;17;11;18;14;18;15;18;16;18;17;17;17;16;17
0;3;17;11;18;15;18;16;18;17;17;17;16;17;15;17
0;0;17;11;18;16;18;17;17;17;16;17;15;17;15;16
0;0;17;11;18;17;17;17;16;17;15;17;15;16;15;15
0;0;17;11;17;17;16;17;15;17;15;16;15;15;15;14
0;0;17;11;16;17;15;17;15;16;15;15;15;14;15;13
0;0;17;11;15;17;15;16;15;15;15;14;15;13;15;12
1;0;17;11;15;16;15;15;15;14;15;13;15;12;15;11
1;1;17;11;15;15;15;14;15;13;15;12;15;11;16;11
1;1;5;10;15;14;15;14;15;13;15;12;15;11;16;11;17;11
0;1;5;10;15;14;15;13;15;12;15;11;16;11;17;11;18;11
0;0;5;10;15;13;15;12;15;11;16;11;17;11;18;11;18;10
3;0;5;10;15;12;15;11;16;11;17;11;18;11;18;10;18;9
3;3;5;10;15;11;16;11;17;11;18;11;18;10;18;9;17;9
3;3;5;10;16;11;17;11;18;11;18;10;18;9;17;9;16;9
3;3;5;10;17;11;18;11;18;10;18;9;17;9;16;9;15;9
3;3;5;10;18;11;18;10;18;9;17;9;16;9;15;9;14;9
3;3;5;10;18;10;18;9;17;9;16;9;15;9;14;9;13;9
3;3;5;10;18;9;17;9;16;9;15;9;14;9;13;9;12;9
3;3;5;10;17;9;16;9;15;9;14;9;13;9;12;9;11;9
3;3;5;10;16;9;15;9;14;9;13;9;12;9;11;9;10;9
3;3;5;10;15;9;14;9;13;9;12;9;11;9;10;9;9;9
3;3;5;10;14;9;13;9;12;9;11;9;10;9;9;9;8;9
3;3;5;10;13;9;12;9;11;9;10;9;9;9;8;9;7;9
3;3;5;10;12;9;11;9;10;9;9;9;8;9;7;9;6;9
2;3;5;10;11;9;10;9;9;9;8;9;7;9;6;9;5;9
2;2;1;2;10;9;10;9;9;9;8;9;7;9;6;9;5;9;5;10
2;2;1;2;10;9;9;9;8;9;7;9;6;9;5;9;5;10;5;11
2;2;1;2;9;9;8;9;7;9;6;9;5;9;5;10;5;11;5;12
3;2;1;2;8;9;7;9;6;9;5;9;5;10;5;11;5;12;5;13
3;3;1;2;7;9;6;9;5;9;5;10;5;11;5;12;5;13;4;13
3;3;1;2;6;9;5;9;5;10;5;11;5;12;5;13;4;13;3;13
3;3;1;2;5;9;5;10;5;11;5;12;5;13;4;13;3;13;2;13
0;3;1;2;5;10;5;11;5;12;5;13;4;13;3;13;2;13;1;13
0;0;1;2;5;11;5;12;5;13;4;13;3;13;2;13;1;13;1;12
0;0;1;2;5;12;5;13;4;13;3;13;2;13;1;13;1;12;1;11
0;0;1;2;5;13;4;13;3;13;2;13;1;13;1;12;1;11;1;10
0;0;1;2;4;13;3;13;2;13;1;13;1;12;1;11;1;10;1;9
0;0;1;2;3;13;2;13;1;13;1;12;1;11;1;10;1;9;1;8
0;0;1;2;2;13;1;13;1;12;1;11;1;10;1;9;1;8;1;7
0;0;1;2;1;13;1;12;1;11;1;10;1;9;1;8;1;7;1;6
0;0;1;2;1;12;1;11;1;10;1;9;1;8;1;7;1;6;1;5
0;0;1;2;1;11;1;10;1;9;1;8;1;7;1;6;1;5;1;4
0;0;1;2;1;10;1;9;1;8;1;7;1;6;1;5;1;4;1;3
1;0;2;4;1;9;1;9;1;8;1;7;1;6;1;5;1;4;1;3;1;2
1;1;2;4;1;9;1;8;1;7;1;6;1;5;1;4;1;3;1;2;2;2
1;1;2;4;1;8;1;7;1;6;1;5;1;4;1;3;1;2;2;2;3;2
1;1;2;4;1;7;1;6;1;5;1;4;1;3;1;2;2;2;3;2;4;2
1;1;2;4;1;6;1;5;1;4;1;3;1;2;2;2;3;2;4;2;5;2
2;1;2;4;1;5;1;4;1;3;1;2;2;2;3;2;4;2;5;2;6;2
2;2;2;4;1;4;1;3;1;2;2;2;3;2;4;2;5;2;6;2;6;3
3;2;2;4;1;3;1;2;2;2;3;2;4;2;5;2;6;2;6;3;6;4
3;3;2;4;1;2;2;2;3;2;4;2;5;2;6;2;6;3;6;4;5;4
3;3;2;4;2;2;3;2;4;2;5;2;6;2;6;3;6;4;5;4;4;4
3;3;2;4;3;2;4;2;5;2;6;2;6;3;6;4;5;4;4;4;3;4
3;3;5;9;4;2;4;2;5;2;6;2;6;3;6;4;5;4;4;4;3;4;2;4
2;3;5;9;4;2;5;2;6;2;6;3;6;4;5;4;4;4;3;4;2;4;1;4
2;2;5;9;5;2;6;2;6;3;6;4;5;4;4;4;3;4;2;4;1;4;1;5
2;2;5;9;6;2;6;3;6;4;5;4;4;4;3;4;2;4;1;4;1;5;1;6
2;2;5;9;6;3;6;4;5;4;4;4;3;4;2;4;1;4;1;5;1;6;1;7
2;2;5;9;6;4;5;4;4;4;3;4;2;4;1;4;1;5;1;6;1;7;1;8
1;2;5;9;5;4;4;4;3;4;2;4;1;4;1;5;1;6;1;7;1;8;1;9
1;1;5;9;4;4;3;4;2;4;1;4;1;5;1;6;1;7;1;8;1;9;2;9
1;1;5;9;3;4;2;4;1;4;1;5;1;6;1;7;1;8;1;9;2;9;3;9
1;1;5;9;2;4;1;4;1;5;1;6;1;7;1;8;1;9;2;9;3;9;4;9
1;1;16;14;1;4;1;4;1;5;1;6;1;7;1;8;1;9;2;9;3;9;4;9;5;9
1;1;16;14;1;4;1;5;1;6;1;7;1;8;1;9;2;9;3;9;4;9;5;9;6;9
1;1;16;14;1;5;1;6;1;7;1;8;1;9;2;9;3;9;4;9;5;9;6;9;7;9
1;1;16;14;1;6;1;7;1;8;1;9;2;9;3;9;4;9;5;9;6;9;7;9;8;9
1;1;16;14;1;7;1;8;1;9;2;9;3;9;4;9;5;9;6;9;7;9;8;9;9;9
1;1;16;14;1;8;1;9;2;9;3;9;4;9;5;9;6;9;7;9;8;9;9;9;10;9
1;1;16;14;1;9;2;9;3;9;4;9;5;9;6;9;7;9;8;9;9;9;10;9;11;9
1;1;16;14;2;9;3;9;4;9;5;9;6;9;7;9;8;9;9;9;10;9;11;9;12;9
1;1;16;14;3;9;4;9;5;9;6;9;7;9;8;9;9;9;10;9;11;9;12;9;13;9
1;1;16;14;4;9;5;9;6;9;7;9;8;9;9;9;10;9;11;9;12;9;13;9;14;9
1;1;16;14;5;9;6;9;7;9;8;9;9;9;10;9;11;9;12;9;13;9;14;9;15;9
2;1;16;14;6;9;7;9;8;9;9;9;10;9;11;9;12;9;13;9;14;9;15;9;16;9
2;2;16;14;7;9;8;9;9;9;10;9;11;9;12;9;13;9;14;9;15;9;16;9;16;10
2;2;16;14;8;9;9;9;10;9;11;9;12;9;13;9;14;9;15;9;16;9;16;10;16;11
2;2;16;14;9;9;10;9;11;9;12;9;13;9;14;9;15;9;16;9;16;10;16;11;16;12
2;2;16;14;10;9;11;9;12;9;13;9;14;9;15;9;16;9;16;10;16;11;16;12;16;13
3;2;12;17;11;9;11;9;12;9;13;9;14;9;15;9;16;9;16;10;16;11;16;12;16;13;16;14
3;3;12;17;11;9;12;9;13;9;14;9;15;9;16;9;16;10;16;11;16;12;16;13;16;14;15;14
3;3;12;17;12;9;13;9;14;9;15;9;16;9;16;10;16;11;16;12;16;13;16;14;15;14;14;14
3;3;12;17;13;9;14;9;15;9;16;9;16;10;16;11;16;12;16;13;16;14;15;14;14;14;13;14
3;3;12;17;14;9;15;9;16;9;16;10;16;11;16;12;16;13;16;14;15;14;14;14;13;14;12;14
2;3;12;17;15;9;16;9;16;10;16;11;16;12;16;13;16;14;15;14;14;14;13;14;12;14;11;14
2;2;12;17;16;9;16;10;16;11;16;12;16;13;16;14;15;14;14;14;13;14;12;14;11;14;11;15
2;2;12;17;16;10;16;11;16;12;16;13;16;14;15;14;14;14;13;14;12;14;11;14;11;15;11;16
1;2;12;17;16;11;16;12;16;13;16;14;15;14;14;14;13;14;12;14;11;14;11;15;11;16;11;17
1;1;13;12;16;12;16;12;16;13;16;14;15;14;14;14;13;14;12;14;11;14;11;15;11;16;11;17;12;17
1;1;13;12;16;12;16;13;16;14;15;14;14;14;13;14;12;14;11;14;11;15;11;16;11;17;12;17;13;17
1;1;13;12;16;13;16;14;15;14;14;14;13;14;12;14;11;14;11;15;11;16;11;17;12;17;13;17;14;17
1;1;13;12;16;14;15;14;14;14;13;14;12;14;11;14;11;15;11;16;11;17;12;17;13;17;14;17;15;17
1;1;13;12;15;14;14;14;13;14;12;14;11;14;11;15;11;16;11;17;12;17;13;17;14;17;15;17;16;17
0;1;13;12;14;14;13;14;12;14;11;14;11;15;11;16;11;17;12;17;13;17;14;17;15;17;16;17;17;17
0;0;13;12;13;14;12;14;11;14;11;15;11;16;11;17;12;17;13;17;14;17;15;17;16;17;17;17;17;16
0;0;13;12;12;14;11;14;11;15;11;16;11;17;12;17;13;17;14;17;15;17;16;17;17;17;17;16;17;15
0;0;13;12;11;14;11;15;11;16;11;17;12;17;13;17;14;17;15;17;16;17;17;17;17;16;17;15;17;14
0;0;13;12;11;15;11;16;11;17;12;17;13;17;14;17;15;17;16;17;17;17;17;16;17;15;17;14;17;13
3;0;13;12;11;16;11;17;12;17;13;17;14;17;15;17;16;17;17;17;17;16;17;15;17;14;17;13;17;12
3;3;13;12;11;17;12;17;13;17;14;17;15;17;16;17;17;17;17;16;17;15;17;14;17;13;17;12;16;12
3;3;13;12;12;17;13;17;14;17;15;17;16;17;17;17;17;16;17;15;17;14;17;13;17;12;16;12;15;12
3;3;13;12;13;17;14;17;15;17;16;17;17;17;17;16;17;15;17;14;17;13;17;12;16;12;15;12;14;12
3;3;18;10;14;17;14;17;15;17;16;17;17;17;17;16;17;15;17;14;17;13;17;12;16;12;15;12;14;12;13;12
3;3;18;10;14;17;15;17;16;17;17;17;17;16;17;15;17;14;17;13;17;12;16;12;15;12;14;12;13;12;12;12
0;3;18;10;15;17;16;17;17;17;17;16;17;15;17;14;17;13;17;12;16;12;15;12;14;12;13;12;12;12;11;12
0;0;18;10;16;17;17;17;17;16;17;15;17;14;17;13;17;12;16;12;15;12;14;12;13;12;12;12;11;12;11;11
1;0;18;10;17;17;17;16;17;15;17;14;17;13;17;12;16;12;15;12;14;12;13;12;12;12;11;12;11;11;11;10
1;1;18;10;17;16;17;15;17;14;17;13;17;12;16;12;15;12;14;12;13;12;12;12;11;12;11;11;11;10;12;10
1;1;18;10;17;15;17;14;17;13;17;12;16;12;15;12;14;12;13;12;12;12;11;12;11;11;11;10;12;10;13;10
1;1;18;10;17;14;17;13;17;12;16;12;15;12;14;12;13;12;12;12;11;12;11;11;11;10;12;10;13;10;14;10
1;1;18;10;17;13;17;12;16;12;15;12;14;12;13;12;12;12;11;12;11;11;11;10;12;10;13;10;14;10;15;10
1;1;18;10;17;12;16;12;15;12;14;12;13;12;12;12;11;12;11;11;11;10;12;10;13;10;14;10;15;10;16;10
1;1;18;10;16;12;15;12;14;12;13;12;12;12;11;12;11;11;11;10;12;10;13;10;14;10;15;10;16;10;17;10
0;1;11;9;15;12;15;12;14;12;13;12;12;12;11;12;11;11;11;10;12;10;13;10;14;10;15;10;16;10;17;10;18;10
0;0;11;9;15;12;14;12;13;12;12;12;11;12;11;11;11;10;12;10;13;10;14;10;15;10;16;10;17;10;18;10;18;9
0;0;11;9;14;12;13;12;12;12;11;12;11;11;11;10;12;10;13;10;14;10;15;10;16;10;17;10;18;10;18;9;18;8
3;0;11;9;13;12;12;12;11;12;11;11;11;10;12;10;13;10;14;10;15;10;16;10;17;10;18;10;18;9;18;8;18;7
3;3;11;9;12;12;11;12;11;11;11;10;12;10;13;10;14;10;15;10;16;10;17;10;18;10;18;9;18;8;18;7;17;7
3;3;11;9;11;12;11;11;11;10;12;10;13;10;14;10;15;10;16;10;17;10;18;10;18;9;18;8;18;7;17;7;16;7
3;3;11;9;11;11;11;10;12;10;13;10;14;10;15;10;16;10;17;10;18;10;18;9;18;8;18;7;17;7;16;7;15;7
3;3;11;9;11;10;12;10;13;10;14;10;15;10;16;10;17;10;18;10;18;9;18;8;18;7;17;7;16;7;15;7;14;7
3;3;11;9;12;10;13;10;14;10;15;10;16;10;17;10;18;10;18;9;18;8;18;7;17;7;16;7;15;7;14;7;13;7
3;3;11;9;13;10;14;10;15;10;16;10;17;10;18;10;18;9;18;8;18;7;17;7;16;7;15;7;14;7;13;7;12;7
2;3;11;9;14;10;15;10;16;10;17;10;18;10;18;9;18;8;18;7;17;7;16;7;15;7;14;7;13;7;12;7;11;7
2;2;11;9;15;10;16;10;17;10;18;10;18;9;18;8;18;7;17;7;16;7;15;7;14;7;13;7;12;7;11;7;11;8
2;2;4;6;16;10;16;10;17;10;18;10;18;9;18;8;18;7;17;7;16;7;15;7;14;7;13;7;12;7;11;7;11;8;11;9
2;2;4;6;16;10;17;10;18;10;18;9;18;8;18;7;17;7;16;7;15;7;14;7;13;7;12;7;11;7;11;8;11;9;11;10
2;2;4;6;17;10;18;10;18;9;18;8;18;7;17;7;16;7;15;7;14;7;13;7;12;7;11;7;11;8;11;9;11;10;11;11
3;2;4;6;18;10;18;9;18;8;18;7;17;7;16;7;15;7;14;7;13;7;12;7;11;7;11;8;11;9;11;10;11;11;11;12
3;3;4;6;18;9;18;8;18;7;17;7;16;7;15;7;14;7;13;7;12;7;11;7;11;8;11;9;11;10;11;11;11;12;10;12
3;3;4;6;18;8;18;7;17;7;16;7;15;7;14;7;13;7;12;7;11;7;11;8;11;9;11;10;11;11;11;12;10;12;9;12
3;3;4;6;18;7;17;7;16;7;15;7;14;7;13;7;12;7;11;7;11;8;11;9;11;10;11;11;11;12;10;12;9;12;8;12
3;3;4;6;17;7;16;7;15;7;14;7;13;7;12;7;11;7;11;8;11;9;11;10;11;11;11;12;10;12;9;12;8;12;7;12
3;3;4;6;16;7;15;7;14;7;13;7;12;7;11;7;11;8;11;9;11;10;11;11;11;12;10;12;9;12;8;12;7;12;6;12
3;3;4;6;15;7;14;7;13;7;12;7;11;7;11;8;11;9;11;10;11;11;11;12;10;12;9;12;8;12;7;12;6;12;5;12
0;3;4;6;14;7;13;7;12;7;11;7;11;8;11;9;11;10;11;11;11;12;10;12;9;12;8;12;7;12;6;12;5;12;4;12
0;0;4;6;13;7;12;7;11;7;11;8;11;9;11;10;11;11;11;12;10;12;9;12;8;12;7;12;6;12;5;12;4;12;4;11
0;0;4;6;12;7;11;7;11;8;11;9;11;10;11;11;11;12;10;12;9;12;8;12;7;12;6;12;5;12;4;12;4;11;4;10
0;0;4;6;11;7;11;8;11;9;11;10;11;11;11;12;10;12;9;12;8;12;7;12;6;12;5;12;4;12;4;11;4;10;4;9
0;0;4;6;11;8;11;9;11;10;11;11;11;12;10;12;9;12;8;12;7;12;6;12;5;12;4;12;4;11;4;10;4;9;4;8
0;0;4;6;11;9;11;10;11;11;11;12;10;12;9;12;8;12;7;12;6;12;5;12;4;12;4;11;4;10;4;9;4;8;4;7
0;0;11;3;11;10;11;10;11;11;11;12;10;12;9;12;8;12;7;12;6;12;5;12;4;12;4;11;4;10;4;9;4;8;4;7;4;6
1;0;11;3;11;10;11;11;11;12;10;12;9;12;8;12;7;12;6;12;5;12;4;12;4;11;4;10;4;9;4;8;4;7;4;6;4;5
1;1;11;3;11;11;11;12;10;12;9;12;8;12;7;12;6;12;5;12;4;12;4;11;4;10;4;9;4;8;4;7;4;6;4;5;5;5
1;1;11;3;11;12;10;12;9;12;8;12;7;12;6;12;5;12;4;12;4;11;4;10;4;9;4;8;4;7;4;6;4;5;5;5;6;5
1;1;11;3;10;12;9;12;8;12;7;12;6;12;5;12;4;12;4;11;4;10;4;9;4;8;4;7;4;6;4;5;5;5;6;5;7;5
1;1;11;3;9;12;8;12;7;12;6;12;5;12;4;12;4;11;4;10;4;9;4;8;4;7;4;6;4;5;5;5;6;5;7;5;8;5
1;1;11;3;8;12;7;12;6;12;5;12;4;12;4;11;4;10;4;9;4;8;4;7;4;6;4;5;5;5;6;5;7;5;8;5;9;5
0;1;11;3;7;12;6;12;5;12;4;12;4;11;4;10;4;9;4;8;4;7;4;6;4;5;5;5;6;5;7;5;8;5;9;5;10;5
0;0;11;3;6;12;5;12;4;12;4;11;4;10;4;9;4;8;4;7;4;6;4;5;5;5;6;5;7;5;8;5;9;5;10;5;10;4
1;0;11;3;5;12;4;12;4;11;4;10;4;9;4;8;4;7;4;6;4;5;5;5;6;5;7;5;8;5;9;5;10;5;10;4;10;3
1;1;18;1;4;12;4;12;4;11;4;10;4;9;4;8;4;7;4;6;4;5;5;5;6;5;7;5;8;5;9;5;10;5;10;4;10;3;11;3
1;1;18;1;4;12;4;11;4;10;4;9;4;8;4;7;4;6;4;5;5;5;6;5;7;5;8;5;9;5;10;5;10;4;10;3;11;3;12;3
1;1;18;1;4;11;4;10;4;9;4;8;4;7;4;6;4;5;5;5;6;5;7;5;8;5;9;5;10;5;10;4;10;3;11;3;12;3;13;3
1;1;18;1;4;10;4;9;4;8;4;7;4;6;4;5;5;5;6;5;7;5;8;5;9;5;10;5;10;4;10;3;11;3;12;3;13;3;14;3
1;1;18;1;4;9;4;8;4;7;4;6;4;5;5;5;6;5;7;5;8;5;9;5;10;5;10;4;10;3;11;3;12;3;13;3;14;3;15;3
1;1;18;1;4;8;4;7;4;6;4;5;5;5;6;5;7;5;8;5;9;5;10;5;10;4;10;3;11;3;12;3;13;3;14;3;15;3;16;3
1;1;18;1;4;7;4;6;4;5;5;5;6;5;7;5;8;5;9;5;10;5;10;4;10;3;11;3;12;3;13;3;14;3;15;3;16;3;17;3
0;1;18;1;4;6;4;5;5;5;6;5;7;5;8;5;9;5;10;5;10;4;10;3;11;3;12;3;13;3;14;3;15;3;16;3;17;3;18;3
0;0;18;1;4;5;5;5;6;5;7;5;8;5;9;5;10;5;10;4;10;3;11;3;12;3;13;3;14;3;15;3;16;3;17;3;18;3;18;2
3;0;12;0;5;5;5;5;6;5;7;5;8;5;9;5;10;5;10;4;10;3;11;3;12;3;13;3;14;3;15;3;16;3;17;3;18;3;18;2;18;1
3;3;12;0;5;5;6;5;7;5;8;5;9;5;10;5;10;4;10;3;11;3;12;3;13;3;14;3;15;3;16;3;17;3;18;3;18;2;18;1;17;1
3;3;12;0;6;5;7;5;8;5;9;5;10;5;10;4;10;3;11;3;12;3;13;3;14;3;15;3;16;3;17;3;18;3;18;2;18;1;17;1;16;1
3;3;12;0;7;5;8;5;9;5;10;5;10;4;10;3;11;3;12;3;13;3;14;3;15;3;16;3;17;3;18;3;18;2;18;1;17;1;16;1;15;1
3;3;12;0;8;5;9;5;10;5;10;4;10;3;11;3;12;3;13;3;14;3;15;3;16;3;17;3;18;3;18;2;18;1;17;1;16;1;15;1;14;1
0;3;12;0;9;5;10;5;10;4;10;3;11;3;12;3;13;3;14;3;15;3;16;3;17;3;18;3;18;2;18;1;17;1;16;1;15;1;14;1;13;1
0;0;12;0;10;5;10;4;10;3;11;3;12;3;13;3;14;3;15;3;16;3;17;3;18;3;18;2;18;1;17;1;16;1;15;1;14;1;13;1;13;0
