20
1;1;0;0;8;10;9;10;10;10
1;1;0;0;9;10;10;10;11;10
1;1;0;0;10;10;11;10;12;10
1;1;0;0;11;10;12;10;13;10
0;1;0;0;12;10;13;10;14;10
0;0;0;0;13;10;14;10;14;9
0;0;0;0;14;10;14;9;14;8
0;0;0;0;14;9;14;8;14;7
0;0;0;0;14;8;14;7;14;6
0;0;0;0;14;7;14;6;14;5
0;0;0;0;14;6;14;5;14;4
0;0;0;0;14;5;14;4;14;3
0;0;0;0;14;4;14;3;14;2
0;0;0;0;14;3;14;2;14;1
3;0;0;0;14;2;14;1;14;0
3;3;0;0;14;1;14;0;13;0
3;3;0;0;14;0;13;0;12;0
3;3;0;0;13;0;12;0;11;0
3;3;0;0;12;0;11;0;10;0
3;3;0;0;11;0;10;0;9;0
3;3;0;0;10;0;9;0;8;0
3;3;0;0;9;0;8;0;7;0
3;3;0;0;8;0;7;0;6;0
3;3;0;0;7;0;6;0;5;0
3;3;0;0;6;0;5;0;4;0
3;3;0;0;5;0;4;0;3;0
3;3;0;0;4;0;3;0;2;0
2;3;0;0;3;0;2;0;1;0
2;2;0;0;2;0;1;0;1;1
2;2;0;0;1;0;1;1;1;2
2;2;0;0;1;1;1;2;1;3
2;2;0;0;1;2;1;3;1;4
3;2;0;0;1;3;1;4;1;5
0;3;0;0;1;4;1;5;0;5
0;0;0;0;1;5;0;5;0;4
0;0;0;0;0;5;0;4;0;3
0;0;0;0;0;4;0;3;0;2
0;0;0;0;0;3;0;2;0;1
1;0;12;12;0;2;0;2;0;1;0;0
1;1;12;12;0;2;0;1;0;0;1;0
1;1;12;12;0;1;0;0;1;0;2;0
2;1;12;12;0;0;1;0;2;0;3;0
2;2;12;12;1;0;2;0;3;0;3;1
2;2;12;12;2;0;3;0;3;1;3;2
2;2;12;12;3;0;3;1;3;2;3;3
2;2;12;12;3;1;3;2;3;3;3;4
2;2;12;12;3;2;3;3;3;4;3;5
2;2;12;12;3;3;3;4;3;5;3;6
2;2;12;12;3;4;3;5;3;6;3;7
2;2;12;12;3;5;3;6;3;7;3;8
2;2;12;12;3;6;3;7;3;8;3;9
2;2;12;12;3;7;3;8;3;9;3;10
1;2;12;12;3;8;3;9;3;10;3;11
1;1;12;12;3;9;3;10;3;11;4;11
1;1;12;12;3;10;3;11;4;11;5;11
1;1;12;12;3;11;4;11;5;11;6;11
2;1;12;12;4;11;5;11;6;11;7;11
2;2;12;12;5;11;6;11;7;11;7;12
1;2;12;12;6;11;7;11;7;12;7;13
1;1;12;12;7;11;7;12;7;13;8;13
1;1;12;12;7;12;7;13;8;13;9;13
1;1;12;12;7;13;8;13;9;13;10;13
1;1;12;12;8;13;9;13;10;13;11;13
0;1;12;12;9;13;10;13;11;13;12;13
0;0;1;5;10;13;10;13;11;13;12;13;12;12
0;0;1;5;10;13;11;13;12;13;12;12;12;11
0;0;1;5;11;13;12;13;12;12;12;11;12;10
0;0;1;5;12;13;12;12;12;11;12;10;12;9
0;0;1;5;12;12;12;11;12;10;12;9;12;8
0;0;1;5;12;11;12;10;12;9;12;8;12;7
3;0;1;5;12;10;12;9;12;8;12;7;12;6
3;3;1;5;12;9;12;8;12;7;12;6;11;6
3;3;1;5;12;8;12;7;12;6;11;6;10;6
3;3;1;5;12;7;12;6;11;6;10;6;9;6
3;3;1;5;12;6;11;6;10;6;9;6;8;6
3;3;1;5;11;6;10;6;9;6;8;6;7;6
3;3;1;5;10;6;9;6;8;6;7;6;6;6
3;3;1;5;9;6;8;6;7;6;6;6;5;6
3;3;1;5;8;6;7;6;6;6;5;6;4;6
3;3;1;5;7;6;6;6;5;6;4;6;3;6
3;3;1;5;6;6;5;6;4;6;3;6;2;6
0;3;1;5;5;6;4;6;3;6;2;6;1;6
0;0;1;7;4;6;4;6;3;6;2;6;1;6;1;5
0;0;1;7;4;6;3;6;2;6;1;6;1;5;1;4
1;0;1;7;3;6;2;6;1;6;1;5;1;4;1;3
1;1;1;7;2;6;1;6;1;5;1;4;1;3;2;3
1;1;1;7;1;6;1;5;1;4;1;3;2;3;3;3
2;1;1;7;1;5;1;4;1;3;2;3;3;3;4;3
2;2;1;7;1;4;1;3;2;3;3;3;4;3;4;4
3;2;1;7;1;3;2;3;3;3;4;3;4;4;4;5
3;3;1;7;2;3;3;3;4;3;4;4;4;5;3;5
3;3;1;7;3;3;4;3;4;4;4;5;3;5;2;5
2;3;1;7;4;3;4;4;4;5;3;5;2;5;1;5
2;2;1;7;4;4;4;5;3;5;2;5;1;5;1;6
2;2;6;7;4;5;4;5;3;5;2;5;1;5;1;6;1;7
2;2;6;7;4;5;3;5;2;5;1;5;1;6;1;7;1;8
1;2;6;7;3;5;2;5;1;5;1;6;1;7;1;8;1;9
1;1;6;7;2;5;1;5;1;6;1;7;1;8;1;9;2;9
1;1;6;7;1;5;1;6;1;7;1;8;1;9;2;9;3;9
1;1;6;7;1;6;1;7;1;8;1;9;2;9;3;9;4;9
1;1;6;7;1;7;1;8;1;9;2;9;3;9;4;9;5;9
0;1;6;7;1;8;1;9;2;9;3;9;4;9;5;9;6;9
0;0;6;7;1;9;2;9;3;9;4;9;5;9;6;9;6;8
0;0;9;0;2;9;2;9;3;9;4;9;5;9;6;9;6;8;6;7
0;0;9;0;2;9;3;9;4;9;5;9;6;9;6;8;6;7;6;6
0;0;9;0;3;9;4;9;5;9;6;9;6;8;6;7;6;6;6;5
0;0;9;0;4;9;5;9;6;9;6;8;6;7;6;6;6;5;6;4
0;0;9;0;5;9;6;9;6;8;6;7;6;6;6;5;6;4;6;3
0;0;9;0;6;9;6;8;6;7;6;6;6;5;6;4;6;3;6;2
0;0;9;0;6;8;6;7;6;6;6;5;6;4;6;3;6;2;6;1
1;0;9;0;6;7;6;6;6;5;6;4;6;3;6;2;6;1;6;0
1;1;9;0;6;6;6;5;6;4;6;3;6;2;6;1;6;0;7;0
1;1;9;0;6;5;6;4;6;3;6;2;6;1;6;0;7;0;8;0
1;1;8;10;6;4;6;4;6;3;6;2;6;1;6;0;7;0;8;0;9;0
2;1;8;10;6;4;6;3;6;2;6;1;6;0;7;0;8;0;9;0;10;0
2;2;8;10;6;3;6;2;6;1;6;0;7;0;8;0;9;0;10;0;10;1
2;2;8;10;6;2;6;1;6;0;7;0;8;0;9;0;10;0;10;1;10;2
2;2;8;10;6;1;6;0;7;0;8;0;9;0;10;0;10;1;10;2;10;3
2;2;8;10;6;0;7;0;8;0;9;0;10;0;10;1;10;2;10;3;10;4
3;2;8;10;7;0;8;0;9;0;10;0;10;1;10;2;10;3;10;4;10;5
3;3;8;10;8;0;9;0;10;0;10;1;10;2;10;3;10;4;10;5;9;5
2;3;8;10;9;0;10;0;10;1;10;2;10;3;10;4;10;5;9;5;8;5
2;2;8;10;10;0;10;1;10;2;10;3;10;4;10;5;9;5;8;5;8;6
2;2;8;10;10;1;10;2;10;3;10;4;10;5;9;5;8;5;8;6;8;7
2;2;8;10;10;2;10;3;10;4;10;5;9;5;8;5;8;6;8;7;8;8
2;2;8;10;10;3;10;4;10;5;9;5;8;5;8;6;8;7;8;8;8;9
2;2;8;18;10;4;10;4;10;5;9;5;8;5;8;6;8;7;8;8;8;9;8;10
2;2;8;18;10;4;10;5;9;5;8;5;8;6;8;7;8;8;8;9;8;10;8;11
2;2;8;18;10;5;9;5;8;5;8;6;8;7;8;8;8;9;8;10;8;11;8;12
2;2;8;18;9;5;8;5;8;6;8;7;8;8;8;9;8;10;8;11;8;12;8;13
2;2;8;18;8;5;8;6;8;7;8;8;8;9;8;10;8;11;8;12;8;13;8;14
2;2;8;18;8;6;8;7;8;8;8;9;8;10;8;11;8;12;8;13;8;14;8;15
2;2;8;18;8;7;8;8;8;9;8;10;8;11;8;12;8;13;8;14;8;15;8;16
2;2;8;18;8;8;8;9;8;10;8;11;8;12;8;13;8;14;8;15;8;16;8;17
1;2;9;4;8;9;8;9;8;10;8;11;8;12;8;13;8;14;8;15;8;16;8;17;8;18
1;1;9;4;8;9;8;10;8;11;8;12;8;13;8;14;8;15;8;16;8;17;8;18;9;18
1;1;9;4;8;10;8;11;8;12;8;13;8;14;8;15;8;16;8;17;8;18;9;18;10;18
0;1;9;4;8;11;8;12;8;13;8;14;8;15;8;16;8;17;8;18;9;18;10;18;11;18
0;0;9;4;8;12;8;13;8;14;8;15;8;16;8;17;8;18;9;18;10;18;11;18;11;17
0;0;9;4;8;13;8;14;8;15;8;16;8;17;8;18;9;18;10;18;11;18;11;17;11;16
0;0;9;4;8;14;8;15;8;16;8;17;8;18;9;18;10;18;11;18;11;17;11;16;11;15
0;0;9;4;8;15;8;16;8;17;8;18;9;18;10;18;11;18;11;17;11;16;11;15;11;14
0;0;9;4;8;16;8;17;8;18;9;18;10;18;11;18;11;17;11;16;11;15;11;14;11;13
0;0;9;4;8;17;8;18;9;18;10;18;11;18;11;17;11;16;11;15;11;14;11;13;11;12
0;0;9;4;8;18;9;18;10;18;11;18;11;17;11;16;11;15;11;14;11;13;11;12;11;11
0;0;9;4;9;18;10;18;11;18;11;17;11;16;11;15;11;14;11;13;11;12;11;11;11;10
0;0;9;4;10;18;11;18;11;17;11;16;11;15;11;14;11;13;11;12;11;11;11;10;11;9
0;0;9;4;11;18;11;17;11;16;11;15;11;14;11;13;11;12;11;11;11;10;11;9;11;8
0;0;9;4;11;17;11;16;11;15;11;14;11;13;11;12;11;11;11;10;11;9;11;8;11;7
0;0;9;4;11;16;11;15;11;14;11;13;11;12;11;11;11;10;11;9;11;8;11;7;11;6
0;0;9;4;11;15;11;14;11;13;11;12;11;11;11;10;11;9;11;8;11;7;11;6;11;5
0;0;9;4;11;14;11;13;11;12;11;11;11;10;11;9;11;8;11;7;11;6;11;5;11;4
3;0;9;4;11;13;11;12;11;11;11;10;11;9;11;8;11;7;11;6;11;5;11;4;11;3
3;3;9;4;11;12;11;11;11;10;11;9;11;8;11;7;11;6;11;5;11;4;11;3;10;3
3;3;9;4;11;11;11;10;11;9;11;8;11;7;11;6;11;5;11;4;11;3;10;3;9;3
2;3;9;4;11;10;11;9;11;8;11;7;11;6;11;5;11;4;11;3;10;3;9;3;8;3
2;2;9;4;11;9;11;8;11;7;11;6;11;5;11;4;11;3;10;3;9;3;8;3;8;4
2;2;9;4;11;8;11;7;11;6;11;5;11;4;11;3;10;3;9;3;8;3;8;4;8;5
2;2;9;4;11;7;11;6;11;5;11;4;11;3;10;3;9;3;8;3;8;4;8;5;8;6
2;2;9;4;11;6;11;5;11;4;11;3;10;3;9;3;8;3;8;4;8;5;8;6;8;7
2;2;9;4;11;5;11;4;11;3;10;3;9;3;8;3;8;4;8;5;8;6;8;7;8;8
2;2;9;4;11;4;11;3;10;3;9;3;8;3;8;4;8;5;8;6;8;7;8;8;8;9
2;2;9;4;11;3;10;3;9;3;8;3;8;4;8;5;8;6;8;7;8;8;8;9;8;10
1;2;9;4;10;3;9;3;8;3;8;4;8;5;8;6;8;7;8;8;8;9;8;10;8;11
0;1;9;4;9;3;8;3;8;4;8;5;8;6;8;7;8;8;8;9;8;10;8;11;9;11
0;0;9;4;8;3;8;4;8;5;8;6;8;7;8;8;8;9;8;10;8;11;9;11;9;10
3;0;9;4;8;4;8;5;8;6;8;7;8;8;8;9;8;10;8;11;9;11;9;10;9;9
