20
1;1;15;2;8;10;9;10;10;10
1;1;15;2;9;10;10;10;11;10
1;1;15;2;10;10;11;10;12;10
1;1;15;2;11;10;12;10;13;10
1;1;15;2;12;10;13;10;14;10
1;1;15;2;13;10;14;10;15;10
1;1;15;2;14;10;15;10;16;10
1;1;15;2;15;10;16;10;17;10
1;1;15;2;16;10;17;10;18;10
0;1;15;2;17;10;18;10;19;10
0;0;15;2;18;10;19;10;19;9
0;0;15;2;19;10;19;9;19;8
0;0;15;2;19;9;19;8;19;7
0;0;15;2;19;8;19;7;19;6
0;0;15;2;19;7;19;6;19;5
0;0;15;2;19;6;19;5;19;4
0;0;15;2;19;5;19;4;19;3
3;0;15;2;19;4;19;3;19;2
3;3;15;2;19;3;19;2;18;2
3;3;15;2;19;2;18;2;17;2
3;3;15;2;18;2;17;2;16;2
3;3;8;16;17;2;17;2;16;2;15;2
2;3;8;16;17;2;16;2;15;2;14;2
2;2;8;16;16;2;15;2;14;2;14;3
2;2;8;16;15;2;14;2;14;3;14;4
2;2;8;16;14;2;14;3;14;4;14;5
2;2;8;16;14;3;14;4;14;5;14;6
2;2;8;16;14;4;14;5;14;6;14;7
2;2;8;16;14;5;14;6;14;7;14;8
2;2;8;16;14;6;14;7;14;8;14;9
2;2;8;16;14;7;14;8;14;9;14;10
2;2;8;16;14;8;14;9;14;10;14;11
3;2;8;16;14;9;14;10;14;11;14;12
3;3;8;16;14;10;14;11;14;12;13;12
3;3;8;16;14;11;14;12;13;12;12;12
3;3;8;16;14;12;13;12;12;12;11;12
3;3;8;16;13;12;12;12;11;12;10;12
3;3;8;16;12;12;11;12;10;12;9;12
2;3;8;16;11;12;10;12;9;12;8;12
2;2;8;16;10;12;9;12;8;12;8;13
2;2;8;16;9;12;8;12;8;13;8;14
2;2;8;16;8;12;8;13;8;14;8;15
2;2;17;10;8;13;8;13;8;14;8;15;8;16
1;2;17;10;8;13;8;14;8;15;8;16;8;17
1;1;17;10;8;14;8;15;8;16;8;17;9;17
1;1;17;10;8;15;8;16;8;17;9;17;10;17
1;1;17;10;8;16;8;17;9;17;10;17;11;17
1;1;17;10;8;17;9;17;10;17;11;17;12;17
1;1;17;10;9;17;10;17;11;17;12;17;13;17
1;1;17;10;10;17;11;17;12;17;13;17;14;17
1;1;17;10;11;17;12;17;13;17;14;17;15;17
0;1;17;10;12;17;13;17;14;17;15;17;16;17
0;0;17;10;13;17;14;17;15;17;16;17;16;16
0;0;17;10;14;17;15;17;16;17;16;16;16;15
0;0;17;10;15;17;16;17;16;16;16;15;16;14
0;0;17;10;16;17;16;16;16;15;16;14;16;13
0;0;17;10;16;16;16;15;16;14;16;13;16;12
0;0;17;10;16;15;16;14;16;13;16;12;16;11
1;0;17;10;16;14;16;13;16;12;16;11;16;10
0;1;7;19;16;13;16;13;16;12;16;11;16;10;17;10
0;0;7;19;16;13;16;12;16;11;16;10;17;10;17;9
0;0;7;19;16;12;16;11;16;10;17;10;17;9;17;8
0;0;7;19;16;11;16;10;17;10;17;9;17;8;17;7
3;0;7;19;16;10;17;10;17;9;17;8;17;7;17;6
3;3;7;19;17;10;17;9;17;8;17;7;17;6;16;6
3;3;7;19;17;9;17;8;17;7;17;6;16;6;15;6
3;3;7;19;17;8;17;7;17;6;16;6;15;6;14;6
3;3;7;19;17;7;17;6;16;6;15;6;14;6;13;6
3;3;7;19;17;6;16;6;15;6;14;6;13;6;12;6
3;3;7;19;16;6;15;6;14;6;13;6;12;6;11;6
3;3;7;19;15;6;14;6;13;6;12;6;11;6;10;6
3;3;7;19;14;6;13;6;12;6;11;6;10;6;9;6
3;3;7;19;13;6;12;6;11;6;10;6;9;6;8;6
2;3;7;19;12;6;11;6;10;6;9;6;8;6;7;6
2;2;7;19;11;6;10;6;9;6;8;6;7;6;7;7
2;2;7;19;10;6;9;6;8;6;7;6;7;7;7;8
2;2;7;19;9;6;8;6;7;6;7;7;7;8;7;9
2;2;7;19;8;6;7;6;7;7;7;8;7;9;7;10
2;2;7;19;7;6;7;7;7;8;7;9;7;10;7;11
2;2;7;19;7;7;7;8;7;9;7;10;7;11;7;12
2;2;7;19;7;8;7;9;7;10;7;11;7;12;7;13
2;2;7;19;7;9;7;10;7;11;7;12;7;13;7;14
2;2;7;19;7;10;7;11;7;12;7;13;7;14;7;15
2;2;7;19;7;11;7;12;7;13;7;14;7;15;7;16
2;2;7;19;7;12;7;13;7;14;7;15;7;16;7;17
1;2;7;19;7;13;7;14;7;15;7;16;7;17;7;18
1;1;7;19;7;14;7;15;7;16;7;17;7;18;8;18
1;1;7;19;7;15;7;16;7;17;7;18;8;18;9;18
1;1;7;19;7;16;7;17;7;18;8;18;9;18;10;18
1;1;7;19;7;17;7;18;8;18;9;18;10;18;11;18
0;1;7;19;7;18;8;18;9;18;10;18;11;18;12;18
0;0;7;19;8;18;9;18;10;18;11;18;12;18;12;17
0;0;7;19;9;18;10;18;11;18;12;18;12;17;12;16
3;0;7;19;10;18;11;18;12;18;12;17;12;16;12;15
3;3;7;19;11;18;12;18;12;17;12;16;12;15;11;15
3;3;7;19;12;18;12;17;12;16;12;15;11;15;10;15
3;3;7;19;12;17;12;16;12;15;11;15;10;15;9;15
3;3;7;19;12;16;12;15;11;15;10;15;9;15;8;15
3;3;7;19;12;15;11;15;10;15;9;15;8;15;7;15
2;3;7;19;11;15;10;15;9;15;8;15;7;15;6;15
2;2;7;19;10;15;9;15;8;15;7;15;6;15;6;16
2;2;7;19;9;15;8;15;7;15;6;15;6;16;6;17
2;2;7;19;8;15;7;15;6;15;6;16;6;17;6;18
1;2;7;19;7;15;6;15;6;16;6;17;6;18;6;19
1;1;17;16;6;15;6;15;6;16;6;17;6;18;6;19;7;19
1;1;17;16;6;15;6;16;6;17;6;18;6;19;7;19;8;19
1;1;17;16;6;16;6;17;6;18;6;19;7;19;8;19;9;19
1;1;17;16;6;17;6;18;6;19;7;19;8;19;9;19;10;19
1;1;17;16;6;18;6;19;7;19;8;19;9;19;10;19;11;19
1;1;17;16;6;19;7;19;8;19;9;19;10;19;11;19;12;19
1;1;17;16;7;19;8;19;9;19;10;19;11;19;12;19;13;19
1;1;17;16;8;19;9;19;10;19;11;19;12;19;13;19;14;19
1;1;17;16;9;19;10;19;11;19;12;19;13;19;14;19;15;19
1;1;17;16;10;19;11;19;12;19;13;19;14;19;15;19;16;19
0;1;17;16;11;19;12;19;13;19;14;19;15;19;16;19;17;19
0;0;17;16;12;19;13;19;14;19;15;19;16;19;17;19;17;18
0;0;17;16;13;19;14;19;15;19;16;19;17;19;17;18;17;17
0;0;13;6;14;19;14;19;15;19;16;19;17;19;17;18;17;17;17;16
0;0;13;6;14;19;15;19;16;19;17;19;17;18;17;17;17;16;17;15
0;0;13;6;15;19;16;19;17;19;17;18;17;17;17;16;17;15;17;14
0;0;13;6;16;19;17;19;17;18;17;17;17;16;17;15;17;14;17;13
0;0;13;6;17;19;17;18;17;17;17;16;17;15;17;14;17;13;17;12
0;0;13;6;17;18;17;17;17;16;17;15;17;14;17;13;17;12;17;11
0;0;13;6;17;17;17;16;17;15;17;14;17;13;17;12;17;11;17;10
0;0;13;6;17;16;17;15;17;14;17;13;17;12;17;11;17;10;17;9
0;0;13;6;17;15;17;14;17;13;17;12;17;11;17;10;17;9;17;8
0;0;13;6;17;14;17;13;17;12;17;11;17;10;17;9;17;8;17;7
3;0;13;6;17;13;17;12;17;11;17;10;17;9;17;8;17;7;17;6
3;3;13;6;17;12;17;11;17;10;17;9;17;8;17;7;17;6;16;6
3;3;13;6;17;11;17;10;17;9;17;8;17;7;17;6;16;6;15;6
3;3;13;6;17;10;17;9;17;8;17;7;17;6;16;6;15;6;14;6
3;3;7;1;17;9;17;9;17;8;17;7;17;6;16;6;15;6;14;6;13;6
3;3;7;1;17;9;17;8;17;7;17;6;16;6;15;6;14;6;13;6;12;6
3;3;7;1;17;8;17;7;17;6;16;6;15;6;14;6;13;6;12;6;11;6
3;3;7;1;17;7;17;6;16;6;15;6;14;6;13;6;12;6;11;6;10;6
3;3;7;1;17;6;16;6;15;6;14;6;13;6;12;6;11;6;10;6;9;6
3;3;7;1;16;6;15;6;14;6;13;6;12;6;11;6;10;6;9;6;8;6
0;3;7;1;15;6;14;6;13;6;12;6;11;6;10;6;9;6;8;6;7;6
0;0;7;1;14;6;13;6;12;6;11;6;10;6;9;6;8;6;7;6;7;5
0;0;7;1;13;6;12;6;11;6;10;6;9;6;8;6;7;6;7;5;7;4
0;0;7;1;12;6;11;6;10;6;9;6;8;6;7;6;7;5;7;4;7;3
1;0;7;1;11;6;10;6;9;6;8;6;7;6;7;5;7;4;7;3;7;2
1;1;7;1;10;6;9;6;8;6;7;6;7;5;7;4;7;3;7;2;8;2
1;1;7;1;9;6;8;6;7;6;7;5;7;4;7;3;7;2;8;2;9;2
1;1;7;1;8;6;7;6;7;5;7;4;7;3;7;2;8;2;9;2;10;2
1;1;7;1;7;6;7;5;7;4;7;3;7;2;8;2;9;2;10;2;11;2
1;1;7;1;7;5;7;4;7;3;7;2;8;2;9;2;10;2;11;2;12;2
1;1;7;1;7;4;7;3;7;2;8;2;9;2;10;2;11;2;12;2;13;2
1;1;7;1;7;3;7;2;8;2;9;2;10;2;11;2;12;2;13;2;14;2
1;1;7;1;7;2;8;2;9;2;10;2;11;2;12;2;13;2;14;2;15;2
0;1;7;1;8;2;9;2;10;2;11;2;12;2;13;2;14;2;15;2;16;2
3;0;7;1;9;2;10;2;11;2;12;2;13;2;14;2;15;2;16;2;16;1
3;3;7;1;10;2;11;2;12;2;13;2;14;2;15;2;16;2;16;1;15;1
3;3;7;1;11;2;12;2;13;2;14;2;15;2;16;2;16;1;15;1;14;1
3;3;7;1;12;2;13;2;14;2;15;2;16;2;16;1;15;1;14;1;13;1
3;3;7;1;13;2;14;2;15;2;16;2;16;1;15;1;14;1;13;1;12;1
3;3;7;1;14;2;15;2;16;2;16;1;15;1;14;1;13;1;12;1;11;1
3;3;7;1;15;2;16;2;16;1;15;1;14;1;13;1;12;1;11;1;10;1
3;3;7;1;16;2;16;1;15;1;14;1;13;1;12;1;11;1;10;1;9;1
3;3;7;1;16;1;15;1;14;1;13;1;12;1;11;1;10;1;9;1;8;1
3;3;11;9;15;1;15;1;14;1;13;1;12;1;11;1;10;1;9;1;8;1;7;1
2;3;11;9;15;1;14;1;13;1;12;1;11;1;10;1;9;1;8;1;7;1;6;1
2;2;11;9;14;1;13;1;12;1;11;1;10;1;9;1;8;1;7;1;6;1;6;2
2;2;11;9;13;1;12;1;11;1;10;1;9;1;8;1;7;1;6;1;6;2;6;3
2;2;11;9;12;1;11;1;10;1;9;1;8;1;7;1;6;1;6;2;6;3;6;4
2;2;11;9;11;1;10;1;9;1;8;1;7;1;6;1;6;2;6;3;6;4;6;5
2;2;11;9;10;1;9;1;8;1;7;1;6;1;6;2;6;3;6;4;6;5;6;6
2;2;11;9;9;1;8;1;7;1;6;1;6;2;6;3;6;4;6;5;6;6;6;7
2;2;11;9;8;1;7;1;6;1;6;2;6;3;6;4;6;5;6;6;6;7;6;8
2;2;11;9;7;1;6;1;6;2;6;3;6;4;6;5;6;6;6;7;6;8;6;9
1;2;11;9;6;1;6;2;6;3;6;4;6;5;6;6;6;7;6;8;6;9;6;10
1;1;11;9;6;2;6;3;6;4;6;5;6;6;6;7;6;8;6;9;6;10;7;10
1;1;11;9;6;3;6;4;6;5;6;6;6;7;6;8;6;9;6;10;7;10;8;10
1;1;11;9;6;4;6;5;6;6;6;7;6;8;6;9;6;10;7;10;8;10;9;10
1;1;11;9;6;5;6;6;6;7;6;8;6;9;6;10;7;10;8;10;9;10;10;10
0;1;11;9;6;6;6;7;6;8;6;9;6;10;7;10;8;10;9;10;10;10;11;10
0;0;10;6;6;7;6;7;6;8;6;9;6;10;7;10;8;10;9;10;10;10;11;10;11;9
0;0;10;6;6;7;6;8;6;9;6;10;7;10;8;10;9;10;10;10;11;10;11;9;11;8
0;0;10;6;6;8;6;9;6;10;7;10;8;10;9;10;10;10;11;10;11;9;11;8;11;7
0;0;10;6;6;9;6;10;7;10;8;10;9;10;10;10;11;10;11;9;11;8;11;7;11;6
0;0;10;6;6;10;7;10;8;10;9;10;10;10;11;10;11;9;11;8;11;7;11;6;11;5
1;0;10;6;7;10;8;10;9;10;10;10;11;10;11;9;11;8;11;7;11;6;11;5;11;4
1;1;10;6;8;10;9;10;10;10;11;10;11;9;11;8;11;7;11;6;11;5;11;4;12;4
1;1;10;6;9;10;10;10;11;10;11;9;11;8;11;7;11;6;11;5;11;4;12;4;13;4
2;1;10;6;10;10;11;10;11;9;11;8;11;7;11;6;11;5;11;4;12;4;13;4;14;4
2;2;10;6;11;10;11;9;11;8;11;7;11;6;11;5;11;4;12;4;13;4;14;4;14;5
2;2;10;6;11;9;11;8;11;7;11;6;11;5;11;4;12;4;13;4;14;4;14;5;14;6
2;2;10;6;11;8;11;7;11;6;11;5;11;4;12;4;13;4;14;4;14;5;14;6;14;7
2;2;10;6;11;7;11;6;11;5;11;4;12;4;13;4;14;4;14;5;14;6;14;7;14;8
2;2;10;6;11;6;11;5;11;4;12;4;13;4;14;4;14;5;14;6;14;7;14;8;14;9
3;2;10;6;11;5;11;4;12;4;13;4;14;4;14;5;14;6;14;7;14;8;14;9;14;10
3;3;10;6;11;4;12;4;13;4;14;4;14;5;14;6;14;7;14;8;14;9;14;10;13;10
3;3;10;6;12;4;13;4;14;4;14;5;14;6;14;7;14;8;14;9;14;10;13;10;12;10
0;3;10;6;13;4;14;4;14;5;14;6;14;7;14;8;14;9;14;10;13;10;12;10;11;10
0;0;10;6;14;4;14;5;14;6;14;7;14;8;14;9;14;10;13;10;12;10;11;10;11;9
0;0;10;6;14;5;14;6;14;7;14;8;14;9;14;10;13;10;12;10;11;10;11;9;11;8
0;0;10;6;14;6;14;7;14;8;14;9;14;10;13;10;12;10;11;10;11;9;11;8;11;7
3;0;10;6;14;7;14;8;14;9;14;10;13;10;12;10;11;10;11;9;11;8;11;7;11;6
3;3;8;3;14;8;14;8;14;9;14;10;13;10;12;10;11;10;11;9;11;8;11;7;11;6;10;6
3;3;8;3;14;8;14;9;14;10;13;10;12;10;11;10;11;9;11;8;11;7;11;6;10;6;9;6
3;3;8;3;14;9;14;10;13;10;12;10;11;10;11;9;11;8;11;7;11;6;10;6;9;6;8;6
3;3;8;3;14;10;13;10;12;10;11;10;11;9;11;8;11;7;11;6;10;6;9;6;8;6;7;6
3;3;8;3;13;10;12;10;11;10;11;9;11;8;11;7;11;6;10;6;9;6;8;6;7;6;6;6
0;3;8;3;12;10;11;10;11;9;11;8;11;7;11;6;10;6;9;6;8;6;7;6;6;6;5;6
0;0;8;3;11;10;11;9;11;8;11;7;11;6;10;6;9;6;8;6;7;6;6;6;5;6;5;5
0;0;8;3;11;9;11;8;11;7;11;6;10;6;9;6;8;6;7;6;6;6;5;6;5;5;5;4
1;0;8;3;11;8;11;7;11;6;10;6;9;6;8;6;7;6;6;6;5;6;5;5;5;4;5;3
1;1;8;3;11;7;11;6;10;6;9;6;8;6;7;6;6;6;5;6;5;5;5;4;5;3;6;3
1;1;8;3;11;6;10;6;9;6;8;6;7;6;6;6;5;6;5;5;5;4;5;3;6;3;7;3
1;1;11;6;10;6;10;6;9;6;8;6;7;6;6;6;5;6;5;5;5;4;5;3;6;3;7;3;8;3
1;1;11;6;10;6;9;6;8;6;7;6;6;6;5;6;5;5;5;4;5;3;6;3;7;3;8;3;9;3
1;1;11;6;9;6;8;6;7;6;6;6;5;6;5;5;5;4;5;3;6;3;7;3;8;3;9;3;10;3
1;1;11;6;8;6;7;6;6;6;5;6;5;5;5;4;5;3;6;3;7;3;8;3;9;3;10;3;11;3
1;1;11;6;7;6;6;6;5;6;5;5;5;4;5;3;6;3;7;3;8;3;9;3;10;3;11;3;12;3
1;1;11;6;6;6;5;6;5;5;5;4;5;3;6;3;7;3;8;3;9;3;10;3;11;3;12;3;13;3
2;1;11;6;5;6;5;5;5;4;5;3;6;3;7;3;8;3;9;3;10;3;11;3;12;3;13;3;14;3
2;2;11;6;5;5;5;4;5;3;6;3;7;3;8;3;9;3;10;3;11;3;12;3;13;3;14;3;14;4
2;2;11;6;5;4;5;3;6;3;7;3;8;3;9;3;10;3;11;3;12;3;13;3;14;3;14;4;14;5
3;2;11;6;5;3;6;3;7;3;8;3;9;3;10;3;11;3;12;3;13;3;14;3;14;4;14;5;14;6
3;3;11;6;6;3;7;3;8;3;9;3;10;3;11;3;12;3;13;3;14;3;14;4;14;5;14;6;13;6
3;3;11;6;7;3;8;3;9;3;10;3;11;3;12;3;13;3;14;3;14;4;14;5;14;6;13;6;12;6
3;3;8;19;8;3;8;3;9;3;10;3;11;3;12;3;13;3;14;3;14;4;14;5;14;6;13;6;12;6;11;6
3;3;8;19;8;3;9;3;10;3;11;3;12;3;13;3;14;3;14;4;14;5;14;6;13;6;12;6;11;6;10;6
3;3;8;19;9;3;10;3;11;3;12;3;13;3;14;3;14;4;14;5;14;6;13;6;12;6;11;6;10;6;9;6
3;3;8;19;10;3;11;3;12;3;13;3;14;3;14;4;14;5;14;6;13;6;12;6;11;6;10;6;9;6;8;6
2;3;8;19;11;3;12;3;13;3;14;3;14;4;14;5;14;6;13;6;12;6;11;6;10;6;9;6;8;6;7;6
2;2;8;19;12;3;13;3;14;3;14;4;14;5;14;6;13;6;12;6;11;6;10;6;9;6;8;6;7;6;7;7
2;2;8;19;13;3;14;3;14;4;14;5;14;6;13;6;12;6;11;6;10;6;9;6;8;6;7;6;7;7;7;8
2;2;8;19;14;3;14;4;14;5;14;6;13;6;12;6;11;6;10;6;9;6;8;6;7;6;7;7;7;8;7;9
2;2;8;19;14;4;14;5;14;6;13;6;12;6;11;6;10;6;9;6;8;6;7;6;7;7;7;8;7;9;7;10
2;2;8;19;14;5;14;6;13;6;12;6;11;6;10;6;9;6;8;6;7;6;7;7;7;8;7;9;7;10;7;11
2;2;8;19;14;6;13;6;12;6;11;6;10;6;9;6;8;6;7;6;7;7;7;8;7;9;7;10;7;11;7;12
2;2;8;19;13;6;12;6;11;6;10;6;9;6;8;6;7;6;7;7;7;8;7;9;7;10;7;11;7;12;7;13
2;2;8;19;12;6;11;6;10;6;9;6;8;6;7;6;7;7;7;8;7;9;7;10;7;11;7;12;7;13;7;14
2;2;8;19;11;6;10;6;9;6;8;6;7;6;7;7;7;8;7;9;7;10;7;11;7;12;7;13;7;14;7;15
2;2;8;19;10;6;9;6;8;6;7;6;7;7;7;8;7;9;7;10;7;11;7;12;7;13;7;14;7;15;7;16
2;2;8;19;9;6;8;6;7;6;7;7;7;8;7;9;7;10;7;11;7;12;7;13;7;14;7;15;7;16;7;17
2;2;8;19;8;6;7;6;7;7;7;8;7;9;7;10;7;11;7;12;7;13;7;14;7;15;7;16;7;17;7;18
1;2;8;19;7;6;7;7;7;8;7;9;7;10;7;11;7;12;7;13;7;14;7;15;7;16;7;17;7;18;7;19
1;1;2;2;7;7;7;7;7;8;7;9;7;10;7;11;7;12;7;13;7;14;7;15;7;16;7;17;7;18;7;19;8;19
1;1;2;2;7;7;7;8;7;9;7;10;7;11;7;12;7;13;7;14;7;15;7;16;7;17;7;18;7;19;8;19;9;19
1;1;2;2;7;8;7;9;7;10;7;11;7;12;7;13;7;14;7;15;7;16;7;17;7;18;7;19;8;19;9;19;10;19
1;1;2;2;7;9;7;10;7;11;7;12;7;13;7;14;7;15;7;16;7;17;7;18;7;19;8;19;9;19;10;19;11;19
0;1;2;2;7;10;7;11;7;12;7;13;7;14;7;15;7;16;7;17;7;18;7;19;8;19;9;19;10;19;11;19;12;19
0;0;2;2;7;11;7;12;7;13;7;14;7;15;7;16;7;17;7;18;7;19;8;19;9;19;10;19;11;19;12;19;12;18
0;0;2;2;7;12;7;13;7;14;7;15;7;16;7;17;7;18;7;19;8;19;9;19;10;19;11;19;12;19;12;18;12;17
0;0;2;2;7;13;7;14;7;15;7;16;7;17;7;18;7;19;8;19;9;19;10;19;11;19;12;19;12;18;12;17;12;16
3;0;2;2;7;14;7;15;7;16;7;17;7;18;7;19;8;19;9;19;10;19;11;19;12;19;12;18;12;17;12;16;12;15
3;3;2;2;7;15;7;16;7;17;7;18;7;19;8;19;9;19;10;19;11;19;12;19;12;18;12;17;12;16;12;15;11;15
3;3;2;2;7;16;7;17;7;18;7;19;8;19;9;19;10;19;11;19;12;19;12;18;12;17;12;16;12;15;11;15;10;15
3;3;2;2;7;17;7;18;7;19;8;19;9;19;10;19;11;19;12;19;12;18;12;17;12;16;12;15;11;15;10;15;9;15
3;3;2;2;7;18;7;19;8;19;9;19;10;19;11;19;12;19;12;18;12;17;12;16;12;15;11;15;10;15;9;15;8;15
3;3;2;2;7;19;8;19;9;19;10;19;11;19;12;19;12;18;12;17;12;16;12;15;11;15;10;15;9;15;8;15;7;15
3;3;2;2;8;19;9;19;10;19;11;19;12;19;12;18;12;17;12;16;12;15;11;15;10;15;9;15;8;15;7;15;6;15
3;3;2;2;9;19;10;19;11;19;12;19;12;18;12;17;12;16;12;15;11;15;10;15;9;15;8;15;7;15;6;15;5;15
3;3;2;2;10;19;11;19;12;19;12;18;12;17;12;16;12;15;11;15;10;15;9;15;8;15;7;15;6;15;5;15;4;15
3;3;2;2;11;19;12;19;12;18;12;17;12;16;12;15;11;15;10;15;9;15;8;15;7;15;6;15;5;15;4;15;3;15
0;3;2;2;12;19;12;18;12;17;12;16;12;15;11;15;10;15;9;15;8;15;7;15;6;15;5;15;4;15;3;15;2;15
0;0;2;2;12;18;12;17;12;16;12;15;11;15;10;15;9;15;8;15;7;15;6;15;5;15;4;15;3;15;2;15;2;14
0;0;2;2;12;17;12;16;12;15;11;15;10;15;9;15;8;15;7;15;6;15;5;15;4;15;3;15;2;15;2;14;2;13
0;0;2;2;12;16;12;15;11;15;10;15;9;15;8;15;7;15;6;15;5;15;4;15;3;15;2;15;2;14;2;13;2;12
0;0;2;2;12;15;11;15;10;15;9;15;8;15;7;15;6;15;5;15;4;15;3;15;2;15;2;14;2;13;2;12;2;11
0;0;2;2;11;15;10;15;9;15;8;15;7;15;6;15;5;15;4;15;3;15;2;15;2;14;2;13;2;12;2;11;2;10
0;0;2;2;10;15;9;15;8;15;7;15;6;15;5;15;4;15;3;15;2;15;2;14;2;13;2;12;2;11;2;10;2;9
0;0;2;2;9;15;8;15;7;15;6;15;5;15;4;15;3;15;2;15;2;14;2;13;2;12;2;11;2;10;2;9;2;8
0;0;2;2;8;15;7;15;6;15;5;15;4;15;3;15;2;15;2;14;2;13;2;12;2;11;2;10;2;9;2;8;2;7
0;0;2;2;7;15;6;15;5;15;4;15;3;15;2;15;2;14;2;13;2;12;2;11;2;10;2;9;2;8;2;7;2;6
0;0;2;2;6;15;5;15;4;15;3;15;2;15;2;14;2;13;2;12;2;11;2;10;2;9;2;8;2;7;2;6;2;5
0;0;2;2;5;15;4;15;3;15;2;15;2;14;2;13;2;12;2;11;2;10;2;9;2;8;2;7;2;6;2;5;2;4
0;0;2;2;4;15;3;15;2;15;2;14;2;13;2;12;2;11;2;10;2;9;2;8;2;7;2;6;2;5;2;4;2;3
1;0;17;15;3;15;3;15;2;15;2;14;2;13;2;12;2;11;2;10;2;9;2;8;2;7;2;6;2;5;2;4;2;3;2;2
1;1;17;15;3;15;2;15;2;14;2;13;2;12;2;11;2;10;2;9;2;8;2;7;2;6;2;5;2;4;2;3;2;2;3;2
1;1;17;15;2;15;2;14;2;13;2;12;2;11;2;10;2;9;2;8;2;7;2;6;2;5;2;4;2;3;2;2;3;2;4;2
1;1;17;15;2;14;2;13;2;12;2;11;2;10;2;9;2;8;2;7;2;6;2;5;2;4;2;3;2;2;3;2;4;2;5;2
1;1;17;15;2;13;2;12;2;11;2;10;2;9;2;8;2;7;2;6;2;5;2;4;2;3;2;2;3;2;4;2;5;2;6;2
1;1;17;15;2;12;2;11;2;10;2;9;2;8;2;7;2;6;2;5;2;4;2;3;2;2;3;2;4;2;5;2;6;2;7;2
1;1;17;15;2;11;2;10;2;9;2;8;2;7;2;6;2;5;2;4;2;3;2;2;3;2;4;2;5;2;6;2;7;2;8;2
1;1;17;15;2;10;2;9;2;8;2;7;2;6;2;5;2;4;2;3;2;2;3;2;4;2;5;2;6;2;7;2;8;2;9;2
1;1;17;15;2;9;2;8;2;7;2;6;2;5;2;4;2;3;2;2;3;2;4;2;5;2;6;2;7;2;8;2;9;2;10;2
1;1;17;15;2;8;2;7;2;6;2;5;2;4;2;3;2;2;3;2;4;2;5;2;6;2;7;2;8;2;9;2;10;2;11;2
1;1;17;15;2;7;2;6;2;5;2;4;2;3;2;2;3;2;4;2;5;2;6;2;7;2;8;2;9;2;10;2;11;2;12;2
1;1;17;15;2;6;2;5;2;4;2;3;2;2;3;2;4;2;5;2;6;2;7;2;8;2;9;2;10;2;11;2;12;2;13;2
1;1;17;15;2;5;2;4;2;3;2;2;3;2;4;2;5;2;6;2;7;2;8;2;9;2;10;2;11;2;12;2;13;2;14;2
1;1;17;15;2;4;2;3;2;2;3;2;4;2;5;2;6;2;7;2;8;2;9;2;10;2;11;2;12;2;13;2;14;2;15;2
1;1;17;15;2;3;2;2;3;2;4;2;5;2;6;2;7;2;8;2;9;2;10;2;11;2;12;2;13;2;14;2;15;2;16;2
2;1;17;15;2;2;3;2;4;2;5;2;6;2;7;2;8;2;9;2;10;2;11;2;12;2;13;2;14;2;15;2;16;2;17;2
2;2;17;15;3;2;4;2;5;2;6;2;7;2;8;2;9;2;10;2;11;2;12;2;13;2;14;2;15;2;16;2;17;2;17;3
2;2;17;15;4;2;5;2;6;2;7;2;8;2;9;2;10;2;11;2;12;2;13;2;14;2;15;2;16;2;17;2;17;3;17;4
2;2;17;15;5;2;6;2;7;2;8;2;9;2;10;2;11;2;12;2;13;2;14;2;15;2;16;2;17;2;17;3;17;4;17;5
2;2;17;15;6;2;7;2;8;2;9;2;10;2;11;2;12;2;13;2;14;2;15;2;16;2;17;2;17;3;17;4;17;5;17;6
2;2;17;15;7;2;8;2;9;2;10;2;11;2;12;2;13;2;14;2;15;2;16;2;17;2;17;3;17;4;17;5;17;6;17;7
2;2;17;15;8;2;9;2;10;2;11;2;12;2;13;2;14;2;15;2;16;2;17;2;17;3;17;4;17;5;17;6;17;7;17;8
2;2;17;15;9;2;10;2;11;2;12;2;13;2;14;2;15;2;16;2;17;2;17;3;17;4;17;5;17;6;17;7;17;8;17;9
2;2;17;15;10;2;11;2;12;2;13;2;14;2;15;2;16;2;17;2;17;3;17;4;17;5;17;6;17;7;17;8;17;9;17;10
2;2;17;15;11;2;12;2;13;2;14;2;15;2;16;2;17;2;17;3;17;4;17;5;17;6;17;7;17;8;17;9;17;10;17;11
2;2;17;15;12;2;13;2;14;2;15;2;16;2;17;2;17;3;17;4;17;5;17;6;17;7;17;8;17;9;17;10;17;11;17;12
2;2;17;15;13;2;14;2;15;2;16;2;17;2;17;3;17;4;17;5;17;6;17;7;17;8;17;9;17;10;17;11;17;12;17;13
2;2;17;15;14;2;15;2;16;2;17;2;17;3;17;4;17;5;17;6;17;7;17;8;17;9;17;10;17;11;17;12;17;13;17;14
3;2;4;2;15;2;15;2;16;2;17;2;17;3;17;4;17;5;17;6;17;7;17;8;17;9;17;10;17;11;17;12;17;13;17;14;17;15
3;3;4;2;15;2;16;2;17;2;17;3;17;4;17;5;17;6;17;7;17;8;17;9;17;10;17;11;17;12;17;13;17;14;17;15;16;15
3;3;4;2;16;2;17;2;17;3;17;4;17;5;17;6;17;7;17;8;17;9;17;10;17;11;17;12;17;13;17;14;17;15;16;15;15;15
0;3;4;2;17;2;17;3;17;4;17;5;17;6;17;7;17;8;17;9;17;10;17;11;17;12;17;13;17;14;17;15;16;15;15;15;14;15
0;0;4;2;17;3;17;4;17;5;17;6;17;7;17;8;17;9;17;10;17;11;17;12;17;13;17;14;17;15;16;15;15;15;14;15;14;14
0;0;4;2;17;4;17;5;17;6;17;7;17;8;17;9;17;10;17;11;17;12;17;13;17;14;17;15;16;15;15;15;14;15;14;14;14;13
0;0;4;2;17;5;17;6;17;7;17;8;17;9;17;10;17;11;17;12;17;13;17;14;17;15;16;15;15;15;14;15;14;14;14;13;14;12
0;0;4;2;17;6;17;7;17;8;17;9;17;10;17;11;17;12;17;13;17;14;17;15;16;15;15;15;14;15;14;14;14;13;14;12;14;11
0;0;4;2;17;7;17;8;17;9;17;10;17;11;17;12;17;13;17;14;17;15;16;15;15;15;14;15;14;14;14;13;14;12;14;11;14;10
0;0;4;2;17;8;17;9;17;10;17;11;17;12;17;13;17;14;17;15;16;15;15;15;14;15;14;14;14;13;14;12;14;11;14;10;14;9
0;0;4;2;17;9;17;10;17;11;17;12;17;13;17;14;17;15;16;15;15;15;14;15;14;14;14;13;14;12;14;11;14;10;14;9;14;8
0;0;4;2;17;10;17;11;17;12;17;13;17;14;17;15;16;15;15;15;14;15;14;14;14;13;14;12;14;11;14;10;14;9;14;8;14;7
0;0;4;2;17;11;17;12;17;13;17;14;17;15;16;15;15;15;14;15;14;14;14;13;14;12;14;11;14;10;14;9;14;8;14;7;14;6
0;0;4;2;17;12;17;13;17;14;17;15;16;15;15;15;14;15;14;14;14;13;14;12;14;11;14;10;14;9;14;8;14;7;14;6;14;5
0;0;4;2;17;13;17;14;17;15;16;15;15;15;14;15;14;14;14;13;14;12;14;11;14;10;14;9;14;8;14;7;14;6;14;5;14;4
0;0;4;2;17;14;17;15;16;15;15;15;14;15;14;14;14;13;14;12;14;11;14;10;14;9;14;8;14;7;14;6;14;5;14;4;14;3
3;0;4;2;17;15;16;15;15;15;14;15;14;14;14;13;14;12;14;11;14;10;14;9;14;8;14;7;14;6;14;5;14;4;14;3;14;2
3;3;4;2;16;15;15;15;14;15;14;14;14;13;14;12;14;11;14;10;14;9;14;8;14;7;14;6;14;5;14;4;14;3;14;2;13;2
3;3;4;2;15;15;14;15;14;14;14;13;14;12;14;11;14;10;14;9;14;8;14;7;14;6;14;5;14;4;14;3;14;2;13;2;12;2
3;3;4;2;14;15;14;14;14;13;14;12;14;11;14;10;14;9;14;8;14;7;14;6;14;5;14;4;14;3;14;2;13;2;12;2;11;2
3;3;4;2;14;14;14;13;14;12;14;11;14;10;14;9;14;8;14;7;14;6;14;5;14;4;14;3;14;2;13;2;12;2;11;2;10;2
3;3;4;2;14;13;14;12;14;11;14;10;14;9;14;8;14;7;14;6;14;5;14;4;14;3;14;2;13;2;12;2;11;2;10;2;9;2
3;3;4;2;14;12;14;11;14;10;14;9;14;8;14;7;14;6;14;5;14;4;14;3;14;2;13;2;12;2;11;2;10;2;9;2;8;2
3;3;4;2;14;11;14;10;14;9;14;8;14;7;14;6;14;5;14;4;14;3;14;2;13;2;12;2;11;2;10;2;9;2;8;2;7;2
3;3;4;2;14;10;14;9;14;8;14;7;14;6;14;5;14;4;14;3;14;2;13;2;12;2;11;2;10;2;9;2;8;2;7;2;6;2
3;3;4;2;14;9;14;8;14;7;14;6;14;5;14;4;14;3;14;2;13;2;12;2;11;2;10;2;9;2;8;2;7;2;6;2;5;2
3;3;4;4;14;8;14;8;14;7;14;6;14;5;14;4;14;3;14;2;13;2;12;2;11;2;10;2;9;2;8;2;7;2;6;2;5;2;4;2
3;3;4;4;14;8;14;7;14;6;14;5;14;4;14;3;14;2;13;2;12;2;11;2;10;2;9;2;8;2;7;2;6;2;5;2;4;2;3;2
2;3;4;4;14;7;14;6;14;5;14;4;14;3;14;2;13;2;12;2;11;2;10;2;9;2;8;2;7;2;6;2;5;2;4;2;3;2;2;2
2;2;4;4;14;6;14;5;14;4;14;3;14;2;13;2;12;2;11;2;10;2;9;2;8;2;7;2;6;2;5;2;4;2;3;2;2;2;2;3
2;2;4;4;14;5;14;4;14;3;14;2;13;2;12;2;11;2;10;2;9;2;8;2;7;2;6;2;5;2;4;2;3;2;2;2;2;3;2;4
2;2;4;4;14;4;14;3;14;2;13;2;12;2;11;2;10;2;9;2;8;2;7;2;6;2;5;2;4;2;3;2;2;2;2;3;2;4;2;5
2;2;4;4;14;3;14;2;13;2;12;2;11;2;10;2;9;2;8;2;7;2;6;2;5;2;4;2;3;2;2;2;2;3;2;4;2;5;2;6
2;2;4;4;14;2;13;2;12;2;11;2;10;2;9;2;8;2;7;2;6;2;5;2;4;2;3;2;2;2;2;3;2;4;2;5;2;6;2;7
2;2;4;4;13;2;12;2;11;2;10;2;9;2;8;2;7;2;6;2;5;2;4;2;3;2;2;2;2;3;2;4;2;5;2;6;2;7;2;8
2;2;4;4;12;2;11;2;10;2;9;2;8;2;7;2;6;2;5;2;4;2;3;2;2;2;2;3;2;4;2;5;2;6;2;7;2;8;2;9
1;2;4;4;11;2;10;2;9;2;8;2;7;2;6;2;5;2;4;2;3;2;2;2;2;3;2;4;2;5;2;6;2;7;2;8;2;9;2;10
1;1;4;4;10;2;9;2;8;2;7;2;6;2;5;2;4;2;3;2;2;2;2;3;2;4;2;5;2;6;2;7;2;8;2;9;2;10;3;10
0;1;4;4;9;2;8;2;7;2;6;2;5;2;4;2;3;2;2;2;2;3;2;4;2;5;2;6;2;7;2;8;2;9;2;10;3;10;4;10
0;0;4;4;8;2;7;2;6;2;5;2;4;2;3;2;2;2;2;3;2;4;2;5;2;6;2;7;2;8;2;9;2;10;3;10;4;10;4;9
0;0;4;4;7;2;6;2;5;2;4;2;3;2;2;2;2;3;2;4;2;5;2;6;2;7;2;8;2;9;2;10;3;10;4;10;4;9;4;8
0;0;4;4;6;2;5;2;4;2;3;2;2;2;2;3;2;4;2;5;2;6;2;7;2;8;2;9;2;10;3;10;4;10;4;9;4;8;4;7
0;0;4;4;5;2;4;2;3;2;2;2;2;3;2;4;2;5;2;6;2;7;2;8;2;9;2;10;3;10;4;10;4;9;4;8;4;7;4;6
0;0;4;4;4;2;3;2;2;2;2;3;2;4;2;5;2;6;2;7;2;8;2;9;2;10;3;10;4;10;4;9;4;8;4;7;4;6;4;5
1;0;8;6;3;2;3;2;2;2;2;3;2;4;2;5;2;6;2;7;2;8;2;9;2;10;3;10;4;10;4;9;4;8;4;7;4;6;4;5;4;4
1;1;8;6;3;2;2;2;2;3;2;4;2;5;2;6;2;7;2;8;2;9;2;10;3;10;4;10;4;9;4;8;4;7;4;6;4;5;4;4;5;4
1;1;8;6;2;2;2;3;2;4;2;5;2;6;2;7;2;8;2;9;2;10;3;10;4;10;4;9;4;8;4;7;4;6;4;5;4;4;5;4;6;4
1;1;8;6;2;3;2;4;2;5;2;6;2;7;2;8;2;9;2;10;3;10;4;10;4;9;4;8;4;7;4;6;4;5;4;4;5;4;6;4;7;4
1;1;8;6;2;4;2;5;2;6;2;7;2;8;2;9;2;10;3;10;4;10;4;9;4;8;4;7;4;6;4;5;4;4;5;4;6;4;7;4;8;4
1;1;8;6;2;5;2;6;2;7;2;8;2;9;2;10;3;10;4;10;4;9;4;8;4;7;4;6;4;5;4;4;5;4;6;4;7;4;8;4;9;4
1;1;8;6;2;6;2;7;2;8;2;9;2;10;3;10;4;10;4;9;4;8;4;7;4;6;4;5;4;4;5;4;6;4;7;4;8;4;9;4;10;4
1;1;8;6;2;7;2;8;2;9;2;10;3;10;4;10;4;9;4;8;4;7;4;6;4;5;4;4;5;4;6;4;7;4;8;4;9;4;10;4;11;4
1;1;8;6;2;8;2;9;2;10;3;10;4;10;4;9;4;8;4;7;4;6;4;5;4;4;5;4;6;4;7;4;8;4;9;4;10;4;11;4;12;4
1;1;8;6;2;9;2;10;3;10;4;10;4;9;4;8;4;7;4;6;4;5;4;4;5;4;6;4;7;4;8;4;9;4;10;4;11;4;12;4;13;4
1;1;8;6;2;10;3;10;4;10;4;9;4;8;4;7;4;6;4;5;4;4;5;4;6;4;7;4;8;4;9;4;10;4;11;4;12;4;13;4;14;4
2;1;8;6;3;10;4;10;4;9;4;8;4;7;4;6;4;5;4;4;5;4;6;4;7;4;8;4;9;4;10;4;11;4;12;4;13;4;14;4;15;4
2;2;8;6;4;10;4;9;4;8;4;7;4;6;4;5;4;4;5;4;6;4;7;4;8;4;9;4;10;4;11;4;12;4;13;4;14;4;15;4;15;5
3;2;8;6;4;9;4;8;4;7;4;6;4;5;4;4;5;4;6;4;7;4;8;4;9;4;10;4;11;4;12;4;13;4;14;4;15;4;15;5;15;6
3;3;8;6;4;8;4;7;4;6;4;5;4;4;5;4;6;4;7;4;8;4;9;4;10;4;11;4;12;4;13;4;14;4;15;4;15;5;15;6;14;6
3;3;8;6;4;7;4;6;4;5;4;4;5;4;6;4;7;4;8;4;9;4;10;4;11;4;12;4;13;4;14;4;15;4;15;5;15;6;14;6;13;6
3;3;8;6;4;6;4;5;4;4;5;4;6;4;7;4;8;4;9;4;10;4;11;4;12;4;13;4;14;4;15;4;15;5;15;6;14;6;13;6;12;6
3;3;8;6;4;5;4;4;5;4;6;4;7;4;8;4;9;4;10;4;11;4;12;4;13;4;14;4;15;4;15;5;15;6;14;6;13;6;12;6;11;6
3;3;8;6;4;4;5;4;6;4;7;4;8;4;9;4;10;4;11;4;12;4;13;4;14;4;15;4;15;5;15;6;14;6;13;6;12;6;11;6;10;6
3;3;8;6;5;4;6;4;7;4;8;4;9;4;10;4;11;4;12;4;13;4;14;4;15;4;15;5;15;6;14;6;13;6;12;6;11;6;10;6;9;6
3;3;8;13;6;4;6;4;7;4;8;4;9;4;10;4;11;4;12;4;13;4;14;4;15;4;15;5;15;6;14;6;13;6;12;6;11;6;10;6;9;6;8;6
2;3;8;13;6;4;7;4;8;4;9;4;10;4;11;4;12;4;13;4;14;4;15;4;15;5;15;6;14;6;13;6;12;6;11;6;10;6;9;6;8;6;7;6
2;2;8;13;7;4;8;4;9;4;10;4;11;4;12;4;13;4;14;4;15;4;15;5;15;6;14;6;13;6;12;6;11;6;10;6;9;6;8;6;7;6;7;7
2;2;8;13;8;4;9;4;10;4;11;4;12;4;13;4;14;4;15;4;15;5;15;6;14;6;13;6;12;6;11;6;10;6;9;6;8;6;7;6;7;7;7;8
2;2;8;13;9;4;10;4;11;4;12;4;13;4;14;4;15;4;15;5;15;6;14;6;13;6;12;6;11;6;10;6;9;6;8;6;7;6;7;7;7;8;7;9
2;2;8;13;10;4;11;4;12;4;13;4;14;4;15;4;15;5;15;6;14;6;13;6;12;6;11;6;10;6;9;6;8;6;7;6;7;7;7;8;7;9;7;10
2;2;8;13;11;4;12;4;13;4;14;4;15;4;15;5;15;6;14;6;13;6;12;6;11;6;10;6;9;6;8;6;7;6;7;7;7;8;7;9;7;10;7;11
1;2;8;13;12;4;13;4;14;4;15;4;15;5;15;6;14;6;13;6;12;6;11;6;10;6;9;6;8;6;7;6;7;7;7;8;7;9;7;10;7;11;7;12
1;1;8;13;13;4;14;4;15;4;15;5;15;6;14;6;13;6;12;6;11;6;10;6;9;6;8;6;7;6;7;7;7;8;7;9;7;10;7;11;7;12;8;12
1;1;8;13;14;4;15;4;15;5;15;6;14;6;13;6;12;6;11;6;10;6;9;6;8;6;7;6;7;7;7;8;7;9;7;10;7;11;7;12;8;12;9;12
1;1;8;13;15;4;15;5;15;6;14;6;13;6;12;6;11;6;10;6;9;6;8;6;7;6;7;7;7;8;7;9;7;10;7;11;7;12;8;12;9;12;10;12
1;1;8;13;15;5;15;6;14;6;13;6;12;6;11;6;10;6;9;6;8;6;7;6;7;7;7;8;7;9;7;10;7;11;7;12;8;12;9;12;10;12;11;12
1;1;8;13;15;6;14;6;13;6;12;6;11;6;10;6;9;6;8;6;7;6;7;7;7;8;7;9;7;10;7;11;7;12;8;12;9;12;10;12;11;12;12;12
1;1;8;13;14;6;13;6;12;6;11;6;10;6;9;6;8;6;7;6;7;7;7;8;7;9;7;10;7;11;7;12;8;12;9;12;10;12;11;12;12;12;13;12
1;1;8;13;13;6;12;6;11;6;10;6;9;6;8;6;7;6;7;7;7;8;7;9;7;10;7;11;7;12;8;12;9;12;10;12;11;12;12;12;13;12;14;12
2;1;8;13;12;6;11;6;10;6;9;6;8;6;7;6;7;7;7;8;7;9;7;10;7;11;7;12;8;12;9;12;10;12;11;12;12;12;13;12;14;12;15;12
3;2;8;13;11;6;10;6;9;6;8;6;7;6;7;7;7;8;7;9;7;10;7;11;7;12;8;12;9;12;10;12;11;12;12;12;13;12;14;12;15;12;15;13
3;3;8;13;10;6;9;6;8;6;7;6;7;7;7;8;7;9;7;10;7;11;7;12;8;12;9;12;10;12;11;12;12;12;13;12;14;12;15;12;15;13;14;13
3;3;8;13;9;6;8;6;7;6;7;7;7;8;7;9;7;10;7;11;7;12;8;12;9;12;10;12;11;12;12;12;13;12;14;12;15;12;15;13;14;13;13;13
3;3;8;13;8;6;7;6;7;7;7;8;7;9;7;10;7;11;7;12;8;12;9;12;10;12;11;12;12;12;13;12;14;12;15;12;15;13;14;13;13;13;12;13
3;3;8;13;7;6;7;7;7;8;7;9;7;10;7;11;7;12;8;12;9;12;10;12;11;12;12;12;13;12;14;12;15;12;15;13;14;13;13;13;12;13;11;13
3;3;8;13;7;7;7;8;7;9;7;10;7;11;7;12;8;12;9;12;10;12;11;12;12;12;13;12;14;12;15;12;15;13;14;13;13;13;12;13;11;13;10;13
3;3;8;13;7;8;7;9;7;10;7;11;7;12;8;12;9;12;10;12;11;12;12;12;13;12;14;12;15;12;15;13;14;13;13;13;12;13;11;13;10;13;9;13
3;3;0;18;7;9;7;9;7;10;7;11;7;12;8;12;9;12;10;12;11;12;12;12;13;12;14;12;15;12;15;13;14;13;13;13;12;13;11;13;10;13;9;13;8;13
3;3;0;18;7;9;7;10;7;11;7;12;8;12;9;12;10;12;11;12;12;12;13;12;14;12;15;12;15;13;14;13;13;13;12;13;11;13;10;13;9;13;8;13;7;13
3;3;0;18;7;10;7;11;7;12;8;12;9;12;10;12;11;12;12;12;13;12;14;12;15;12;15;13;14;13;13;13;12;13;11;13;10;13;9;13;8;13;7;13;6;13
3;3;0;18;7;11;7;12;8;12;9;12;10;12;11;12;12;12;13;12;14;12;15;12;15;13;14;13;13;13;12;13;11;13;10;13;9;13;8;13;7;13;6;13;5;13
3;3;0;18;7;12;8;12;9;12;10;12;11;12;12;12;13;12;14;12;15;12;15;13;14;13;13;13;12;13;11;13;10;13;9;13;8;13;7;13;6;13;5;13;4;13
3;3;0;18;8;12;9;12;10;12;11;12;12;12;13;12;14;12;15;12;15;13;14;13;13;13;12;13;11;13;10;13;9;13;8;13;7;13;6;13;5;13;4;13;3;13
3;3;0;18;9;12;10;12;11;12;12;12;13;12;14;12;15;12;15;13;14;13;13;13;12;13;11;13;10;13;9;13;8;13;7;13;6;13;5;13;4;13;3;13;2;13
2;3;0;18;10;12;11;12;12;12;13;12;14;12;15;12;15;13;14;13;13;13;12;13;11;13;10;13;9;13;8;13;7;13;6;13;5;13;4;13;3;13;2;13;1;13
2;2;0;18;11;12;12;12;13;12;14;12;15;12;15;13;14;13;13;13;12;13;11;13;10;13;9;13;8;13;7;13;6;13;5;13;4;13;3;13;2;13;1;13;1;14
2;2;0;18;12;12;13;12;14;12;15;12;15;13;14;13;13;13;12;13;11;13;10;13;9;13;8;13;7;13;6;13;5;13;4;13;3;13;2;13;1;13;1;14;1;15
2;2;0;18;13;12;14;12;15;12;15;13;14;13;13;13;12;13;11;13;10;13;9;13;8;13;7;13;6;13;5;13;4;13;3;13;2;13;1;13;1;14;1;15;1;16
2;2;0;18;14;12;15;12;15;13;14;13;13;13;12;13;11;13;10;13;9;13;8;13;7;13;6;13;5;13;4;13;3;13;2;13;1;13;1;14;1;15;1;16;1;17
2;2;0;18;15;12;15;13;14;13;13;13;12;13;11;13;10;13;9;13;8;13;7;13;6;13;5;13;4;13;3;13;2;13;1;13;1;14;1;15;1;16;1;17;1;18
2;2;0;18;15;13;14;13;13;13;12;13;11;13;10;13;9;13;8;13;7;13;6;13;5;13;4;13;3;13;2;13;1;13;1;14;1;15;1;16;1;17;1;18;1;19
