20
1;1;9;8;8;10;9;10;10;10
1;1;9;8;9;10;10;10;11;10
1;1;9;8;10;10;11;10;12;10
0;1;9;8;11;10;12;10;13;10
0;0;9;8;12;10;13;10;13;9
3;0;9;8;13;10;13;9;13;8
3;3;9;8;13;9;13;8;12;8
3;3;9;8;13;8;12;8;11;8
3;3;9;8;12;8;11;8;10;8
3;3;7;18;11;8;11;8;10;8;9;8
2;3;7;18;11;8;10;8;9;8;8;8
2;2;7;18;10;8;9;8;8;8;8;9
2;2;7;18;9;8;8;8;8;9;8;10
2;2;7;18;8;8;8;9;8;10;8;11
2;2;7;18;8;9;8;10;8;11;8;12
2;2;7;18;8;10;8;11;8;12;8;13
2;2;7;18;8;11;8;12;8;13;8;14
2;2;7;18;8;12;8;13;8;14;8;15
2;2;7;18;8;13;8;14;8;15;8;16
2;2;7;18;8;14;8;15;8;16;8;17
3;2;7;18;8;15;8;16;8;17;8;18
3;3;6;16;8;16;8;16;8;17;8;18;7;18
3;3;6;16;8;16;8;17;8;18;7;18;6;18
0;3;6;16;8;17;8;18;7;18;6;18;5;18
0;0;6;16;8;18;7;18;6;18;5;18;5;17
0;0;6;16;7;18;6;18;5;18;5;17;5;16
1;0;6;16;6;18;5;18;5;17;5;16;5;15
1;1;6;16;5;18;5;17;5;16;5;15;6;15
1;1;6;16;5;17;5;16;5;15;6;15;7;15
1;1;6;16;5;16;5;15;6;15;7;15;8;15
1;1;6;16;5;15;6;15;7;15;8;15;9;15
2;1;6;16;6;15;7;15;8;15;9;15;10;15
3;2;6;16;7;15;8;15;9;15;10;15;10;16
3;3;6;16;8;15;9;15;10;15;10;16;9;16
3;3;6;16;9;15;10;15;10;16;9;16;8;16
3;3;6;16;10;15;10;16;9;16;8;16;7;16
3;3;6;6;10;16;10;16;9;16;8;16;7;16;6;16
0;3;6;6;10;16;9;16;8;16;7;16;6;16;5;16
0;0;6;6;9;16;8;16;7;16;6;16;5;16;5;15
0;0;6;6;8;16;7;16;6;16;5;16;5;15;5;14
0;0;6;6;7;16;6;16;5;16;5;15;5;14;5;13
0;0;6;6;6;16;5;16;5;15;5;14;5;13;5;12
0;0;6;6;5;16;5;15;5;14;5;13;5;12;5;11
0;0;6;6;5;15;5;14;5;13;5;12;5;11;5;10
0;0;6;6;5;14;5;13;5;12;5;11;5;10;5;9
0;0;6;6;5;13;5;12;5;11;5;10;5;9;5;8
0;0;6;6;5;12;5;11;5;10;5;9;5;8;5;7
1;0;6;6;5;11;5;10;5;9;5;8;5;7;5;6
1;1;15;12;5;10;5;10;5;9;5;8;5;7;5;6;6;6
1;1;15;12;5;10;5;9;5;8;5;7;5;6;6;6;7;6
1;1;15;12;5;9;5;8;5;7;5;6;6;6;7;6;8;6
1;1;15;12;5;8;5;7;5;6;6;6;7;6;8;6;9;6
1;1;15;12;5;7;5;6;6;6;7;6;8;6;9;6;10;6
1;1;15;12;5;6;6;6;7;6;8;6;9;6;10;6;11;6
1;1;15;12;6;6;7;6;8;6;9;6;10;6;11;6;12;6
1;1;15;12;7;6;8;6;9;6;10;6;11;6;12;6;13;6
2;1;15;12;8;6;9;6;10;6;11;6;12;6;13;6;14;6
2;2;15;12;9;6;10;6;11;6;12;6;13;6;14;6;14;7
2;2;15;12;10;6;11;6;12;6;13;6;14;6;14;7;14;8
2;2;15;12;11;6;12;6;13;6;14;6;14;7;14;8;14;9
2;2;15;12;12;6;13;6;14;6;14;7;14;8;14;9;14;10
2;2;15;12;13;6;14;6;14;7;14;8;14;9;14;10;14;11
1;2;15;12;14;6;14;7;14;8;14;9;14;10;14;11;14;12
1;1;7;4;14;7;14;7;14;8;14;9;14;10;14;11;14;12;15;12
0;1;7;4;14;7;14;8;14;9;14;10;14;11;14;12;15;12;16;12
0;0;7;4;14;8;14;9;14;10;14;11;14;12;15;12;16;12;16;11
0;0;7;4;14;9;14;10;14;11;14;12;15;12;16;12;16;11;16;10
0;0;7;4;14;10;14;11;14;12;15;12;16;12;16;11;16;10;16;9
0;0;7;4;14;11;14;12;15;12;16;12;16;11;16;10;16;9;16;8
0;0;7;4;14;12;15;12;16;12;16;11;16;10;16;9;16;8;16;7
0;0;7;4;15;12;16;12;16;11;16;10;16;9;16;8;16;7;16;6
0;0;7;4;16;12;16;11;16;10;16;9;16;8;16;7;16;6;16;5
3;0;7;4;16;11;16;10;16;9;16;8;16;7;16;6;16;5;16;4
3;3;7;4;16;10;16;9;16;8;16;7;16;6;16;5;16;4;15;4
3;3;7;4;16;9;16;8;16;7;16;6;16;5;16;4;15;4;14;4
3;3;7;4;16;8;16;7;16;6;16;5;16;4;15;4;14;4;13;4
3;3;7;4;16;7;16;6;16;5;16;4;15;4;14;4;13;4;12;4
3;3;7;4;16;6;16;5;16;4;15;4;14;4;13;4;12;4;11;4
3;3;7;4;16;5;16;4;15;4;14;4;13;4;12;4;11;4;10;4
3;3;7;4;16;4;15;4;14;4;13;4;12;4;11;4;10;4;9;4
3;3;7;4;15;4;14;4;13;4;12;4;11;4;10;4;9;4;8;4
3;3;8;11;14;4;14;4;13;4;12;4;11;4;10;4;9;4;8;4;7;4
2;3;8;11;14;4;13;4;12;4;11;4;10;4;9;4;8;4;7;4;6;4
2;2;8;11;13;4;12;4;11;4;10;4;9;4;8;4;7;4;6;4;6;5
2;2;8;11;12;4;11;4;10;4;9;4;8;4;7;4;6;4;6;5;6;6
2;2;8;11;11;4;10;4;9;4;8;4;7;4;6;4;6;5;6;6;6;7
2;2;8;11;10;4;9;4;8;4;7;4;6;4;6;5;6;6;6;7;6;8
2;2;8;11;9;4;8;4;7;4;6;4;6;5;6;6;6;7;6;8;6;9
2;2;8;11;8;4;7;4;6;4;6;5;6;6;6;7;6;8;6;9;6;10
1;2;8;11;7;4;6;4;6;5;6;6;6;7;6;8;6;9;6;10;6;11
1;1;8;11;6;4;6;5;6;6;6;7;6;8;6;9;6;10;6;11;7;11
1;1;18;7;6;5;6;5;6;6;6;7;6;8;6;9;6;10;6;11;7;11;8;11
1;1;18;7;6;5;6;6;6;7;6;8;6;9;6;10;6;11;7;11;8;11;9;11
0;1;18;7;6;6;6;7;6;8;6;9;6;10;6;11;7;11;8;11;9;11;10;11
0;0;18;7;6;7;6;8;6;9;6;10;6;11;7;11;8;11;9;11;10;11;10;10
0;0;18;7;6;8;6;9;6;10;6;11;7;11;8;11;9;11;10;11;10;10;10;9
0;0;18;7;6;9;6;10;6;11;7;11;8;11;9;11;10;11;10;10;10;9;10;8
1;0;18;7;6;10;6;11;7;11;8;11;9;11;10;11;10;10;10;9;10;8;10;7
1;1;18;7;6;11;7;11;8;11;9;11;10;11;10;10;10;9;10;8;10;7;11;7
1;1;18;7;7;11;8;11;9;11;10;11;10;10;10;9;10;8;10;7;11;7;12;7
1;1;18;7;8;11;9;11;10;11;10;10;10;9;10;8;10;7;11;7;12;7;13;7
1;1;18;7;9;11;10;11;10;10;10;9;10;8;10;7;11;7;12;7;13;7;14;7
1;1;18;7;10;11;10;10;10;9;10;8;10;7;11;7;12;7;13;7;14;7;15;7
1;1;18;7;10;10;10;9;10;8;10;7;11;7;12;7;13;7;14;7;15;7;16;7
1;1;18;7;10;9;10;8;10;7;11;7;12;7;13;7;14;7;15;7;16;7;17;7
0;1;16;17;10;8;10;8;10;7;11;7;12;7;13;7;14;7;15;7;16;7;17;7;18;7
0;0;16;17;10;8;10;7;11;7;12;7;13;7;14;7;15;7;16;7;17;7;18;7;18;6
0;0;16;17;10;7;11;7;12;7;13;7;14;7;15;7;16;7;17;7;18;7;18;6;18;5
3;0;16;17;11;7;12;7;13;7;14;7;15;7;16;7;17;7;18;7;18;6;18;5;18;4
3;3;16;17;12;7;13;7;14;7;15;7;16;7;17;7;18;7;18;6;18;5;18;4;17;4
3;3;16;17;13;7;14;7;15;7;16;7;17;7;18;7;18;6;18;5;18;4;17;4;16;4
3;3;16;17;14;7;15;7;16;7;17;7;18;7;18;6;18;5;18;4;17;4;16;4;15;4
3;3;16;17;15;7;16;7;17;7;18;7;18;6;18;5;18;4;17;4;16;4;15;4;14;4
2;3;16;17;16;7;17;7;18;7;18;6;18;5;18;4;17;4;16;4;15;4;14;4;13;4
2;2;16;17;17;7;18;7;18;6;18;5;18;4;17;4;16;4;15;4;14;4;13;4;13;5
2;2;16;17;18;7;18;6;18;5;18;4;17;4;16;4;15;4;14;4;13;4;13;5;13;6
2;2;16;17;18;6;18;5;18;4;17;4;16;4;15;4;14;4;13;4;13;5;13;6;13;7
2;2;16;17;18;5;18;4;17;4;16;4;15;4;14;4;13;4;13;5;13;6;13;7;13;8
2;2;16;17;18;4;17;4;16;4;15;4;14;4;13;4;13;5;13;6;13;7;13;8;13;9
2;2;16;17;17;4;16;4;15;4;14;4;13;4;13;5;13;6;13;7;13;8;13;9;13;10
2;2;16;17;16;4;15;4;14;4;13;4;13;5;13;6;13;7;13;8;13;9;13;10;13;11
2;2;16;17;15;4;14;4;13;4;13;5;13;6;13;7;13;8;13;9;13;10;13;11;13;12
2;2;16;17;14;4;13;4;13;5;13;6;13;7;13;8;13;9;13;10;13;11;13;12;13;13
2;2;16;17;13;4;13;5;13;6;13;7;13;8;13;9;13;10;13;11;13;12;13;13;13;14
2;2;16;17;13;5;13;6;13;7;13;8;13;9;13;10;13;11;13;12;13;13;13;14;13;15
1;2;16;17;13;6;13;7;13;8;13;9;13;10;13;11;13;12;13;13;13;14;13;15;13;16
1;1;16;17;13;7;13;8;13;9;13;10;13;11;13;12;13;13;13;14;13;15;13;16;14;16
1;1;16;17;13;8;13;9;13;10;13;11;13;12;13;13;13;14;13;15;13;16;14;16;15;16
1;1;16;17;13;9;13;10;13;11;13;12;13;13;13;14;13;15;13;16;14;16;15;16;16;16
0;1;16;17;13;10;13;11;13;12;13;13;13;14;13;15;13;16;14;16;15;16;16;16;17;16
0;0;16;17;13;11;13;12;13;13;13;14;13;15;13;16;14;16;15;16;16;16;17;16;17;15
0;0;16;17;13;12;13;13;13;14;13;15;13;16;14;16;15;16;16;16;17;16;17;15;17;14
0;0;16;17;13;13;13;14;13;15;13;16;14;16;15;16;16;16;17;16;17;15;17;14;17;13
3;0;16;17;13;14;13;15;13;16;14;16;15;16;16;16;17;16;17;15;17;14;17;13;17;12
3;3;16;17;13;15;13;16;14;16;15;16;16;16;17;16;17;15;17;14;17;13;17;12;16;12
3;3;16;17;13;16;14;16;15;16;16;16;17;16;17;15;17;14;17;13;17;12;16;12;15;12
3;3;16;17;14;16;15;16;16;16;17;16;17;15;17;14;17;13;17;12;16;12;15;12;14;12
2;3;16;17;15;16;16;16;17;16;17;15;17;14;17;13;17;12;16;12;15;12;14;12;13;12
2;2;16;17;16;16;17;16;17;15;17;14;17;13;17;12;16;12;15;12;14;12;13;12;13;13
2;2;16;17;17;16;17;15;17;14;17;13;17;12;16;12;15;12;14;12;13;12;13;13;13;14
2;2;16;17;17;15;17;14;17;13;17;12;16;12;15;12;14;12;13;12;13;13;13;14;13;15
2;2;16;17;17;14;17;13;17;12;16;12;15;12;14;12;13;12;13;13;13;14;13;15;13;16
1;2;16;17;17;13;17;12;16;12;15;12;14;12;13;12;13;13;13;14;13;15;13;16;13;17
1;1;16;17;17;12;16;12;15;12;14;12;13;12;13;13;13;14;13;15;13;16;13;17;14;17
1;1;16;17;16;12;15;12;14;12;13;12;13;13;13;14;13;15;13;16;13;17;14;17;15;17
1;1;1;18;15;12;15;12;14;12;13;12;13;13;13;14;13;15;13;16;13;17;14;17;15;17;16;17
1;1;1;18;15;12;14;12;13;12;13;13;13;14;13;15;13;16;13;17;14;17;15;17;16;17;17;17
0;1;1;18;14;12;13;12;13;13;13;14;13;15;13;16;13;17;14;17;15;17;16;17;17;17;18;17
0;0;1;18;13;12;13;13;13;14;13;15;13;16;13;17;14;17;15;17;16;17;17;17;18;17;18;16
0;0;1;18;13;13;13;14;13;15;13;16;13;17;14;17;15;17;16;17;17;17;18;17;18;16;18;15
0;0;1;18;13;14;13;15;13;16;13;17;14;17;15;17;16;17;17;17;18;17;18;16;18;15;18;14
3;0;1;18;13;15;13;16;13;17;14;17;15;17;16;17;17;17;18;17;18;16;18;15;18;14;18;13
3;3;1;18;13;16;13;17;14;17;15;17;16;17;17;17;18;17;18;16;18;15;18;14;18;13;17;13
3;3;1;18;13;17;14;17;15;17;16;17;17;17;18;17;18;16;18;15;18;14;18;13;17;13;16;13
3;3;1;18;14;17;15;17;16;17;17;17;18;17;18;16;18;15;18;14;18;13;17;13;16;13;15;13
3;3;1;18;15;17;16;17;17;17;18;17;18;16;18;15;18;14;18;13;17;13;16;13;15;13;14;13
3;3;1;18;16;17;17;17;18;17;18;16;18;15;18;14;18;13;17;13;16;13;15;13;14;13;13;13
2;3;1;18;17;17;18;17;18;16;18;15;18;14;18;13;17;13;16;13;15;13;14;13;13;13;12;13
2;2;1;18;18;17;18;16;18;15;18;14;18;13;17;13;16;13;15;13;14;13;13;13;12;13;12;14
2;2;1;18;18;16;18;15;18;14;18;13;17;13;16;13;15;13;14;13;13;13;12;13;12;14;12;15
2;2;1;18;18;15;18;14;18;13;17;13;16;13;15;13;14;13;13;13;12;13;12;14;12;15;12;16
2;2;1;18;18;14;18;13;17;13;16;13;15;13;14;13;13;13;12;13;12;14;12;15;12;16;12;17
3;2;1;18;18;13;17;13;16;13;15;13;14;13;13;13;12;13;12;14;12;15;12;16;12;17;12;18
3;3;1;18;17;13;16;13;15;13;14;13;13;13;12;13;12;14;12;15;12;16;12;17;12;18;11;18
3;3;1;18;16;13;15;13;14;13;13;13;12;13;12;14;12;15;12;16;12;17;12;18;11;18;10;18
3;3;1;18;15;13;14;13;13;13;12;13;12;14;12;15;12;16;12;17;12;18;11;18;10;18;9;18
3;3;1;18;14;13;13;13;12;13;12;14;12;15;12;16;12;17;12;18;11;18;10;18;9;18;8;18
3;3;1;18;13;13;12;13;12;14;12;15;12;16;12;17;12;18;11;18;10;18;9;18;8;18;7;18
3;3;1;18;12;13;12;14;12;15;12;16;12;17;12;18;11;18;10;18;9;18;8;18;7;18;6;18
3;3;1;18;12;14;12;15;12;16;12;17;12;18;11;18;10;18;9;18;8;18;7;18;6;18;5;18
3;3;1;18;12;15;12;16;12;17;12;18;11;18;10;18;9;18;8;18;7;18;6;18;5;18;4;18
3;3;1;18;12;16;12;17;12;18;11;18;10;18;9;18;8;18;7;18;6;18;5;18;4;18;3;18
3;3;1;18;12;17;12;18;11;18;10;18;9;18;8;18;7;18;6;18;5;18;4;18;3;18;2;18
0;3;17;5;12;18;12;18;11;18;10;18;9;18;8;18;7;18;6;18;5;18;4;18;3;18;2;18;1;18
0;0;17;5;12;18;11;18;10;18;9;18;8;18;7;18;6;18;5;18;4;18;3;18;2;18;1;18;1;17
0;0;17;5;11;18;10;18;9;18;8;18;7;18;6;18;5;18;4;18;3;18;2;18;1;18;1;17;1;16
0;0;17;5;10;18;9;18;8;18;7;18;6;18;5;18;4;18;3;18;2;18;1;18;1;17;1;16;1;15
0;0;17;5;9;18;8;18;7;18;6;18;5;18;4;18;3;18;2;18;1;18;1;17;1;16;1;15;1;14
0;0;17;5;8;18;7;18;6;18;5;18;4;18;3;18;2;18;1;18;1;17;1;16;1;15;1;14;1;13
0;0;17;5;7;18;6;18;5;18;4;18;3;18;2;18;1;18;1;17;1;16;1;15;1;14;1;13;1;12
0;0;17;5;6;18;5;18;4;18;3;18;2;18;1;18;1;17;1;16;1;15;1;14;1;13;1;12;1;11
0;0;17;5;5;18;4;18;3;18;2;18;1;18;1;17;1;16;1;15;1;14;1;13;1;12;1;11;1;10
0;0;17;5;4;18;3;18;2;18;1;18;1;17;1;16;1;15;1;14;1;13;1;12;1;11;1;10;1;9
0;0;17;5;3;18;2;18;1;18;1;17;1;16;1;15;1;14;1;13;1;12;1;11;1;10;1;9;1;8
0;0;17;5;2;18;1;18;1;17;1;16;1;15;1;14;1;13;1;12;1;11;1;10;1;9;1;8;1;7
0;0;17;5;1;18;1;17;1;16;1;15;1;14;1;13;1;12;1;11;1;10;1;9;1;8;1;7;1;6
1;0;17;5;1;17;1;16;1;15;1;14;1;13;1;12;1;11;1;10;1;9;1;8;1;7;1;6;1;5
1;1;17;5;1;16;1;15;1;14;1;13;1;12;1;11;1;10;1;9;1;8;1;7;1;6;1;5;2;5
1;1;17;5;1;15;1;14;1;13;1;12;1;11;1;10;1;9;1;8;1;7;1;6;1;5;2;5;3;5
1;1;17;5;1;14;1;13;1;12;1;11;1;10;1;9;1;8;1;7;1;6;1;5;2;5;3;5;4;5
1;1;17;5;1;13;1;12;1;11;1;10;1;9;1;8;1;7;1;6;1;5;2;5;3;5;4;5;5;5
1;1;17;5;1;12;1;11;1;10;1;9;1;8;1;7;1;6;1;5;2;5;3;5;4;5;5;5;6;5
1;1;17;5;1;11;1;10;1;9;1;8;1;7;1;6;1;5;2;5;3;5;4;5;5;5;6;5;7;5
1;1;17;5;1;10;1;9;1;8;1;7;1;6;1;5;2;5;3;5;4;5;5;5;6;5;7;5;8;5
1;1;17;5;1;9;1;8;1;7;1;6;1;5;2;5;3;5;4;5;5;5;6;5;7;5;8;5;9;5
1;1;17;5;1;8;1;7;1;6;1;5;2;5;3;5;4;5;5;5;6;5;7;5;8;5;9;5;10;5
1;1;17;5;1;7;1;6;1;5;2;5;3;5;4;5;5;5;6;5;7;5;8;5;9;5;10;5;11;5
1;1;17;5;1;6;1;5;2;5;3;5;4;5;5;5;6;5;7;5;8;5;9;5;10;5;11;5;12;5
1;1;17;5;1;5;2;5;3;5;4;5;5;5;6;5;7;5;8;5;9;5;10;5;11;5;12;5;13;5
1;1;17;5;2;5;3;5;4;5;5;5;6;5;7;5;8;5;9;5;10;5;11;5;12;5;13;5;14;5
1;1;17;5;3;5;4;5;5;5;6;5;7;5;8;5;9;5;10;5;11;5;12;5;13;5;14;5;15;5
1;1;17;5;4;5;5;5;6;5;7;5;8;5;9;5;10;5;11;5;12;5;13;5;14;5;15;5;16;5
1;1;7;3;5;5;5;5;6;5;7;5;8;5;9;5;10;5;11;5;12;5;13;5;14;5;15;5;16;5;17;5
2;1;7;3;5;5;6;5;7;5;8;5;9;5;10;5;11;5;12;5;13;5;14;5;15;5;16;5;17;5;18;5
2;2;7;3;6;5;7;5;8;5;9;5;10;5;11;5;12;5;13;5;14;5;15;5;16;5;17;5;18;5;18;6
3;2;7;3;7;5;8;5;9;5;10;5;11;5;12;5;13;5;14;5;15;5;16;5;17;5;18;5;18;6;18;7
3;3;7;3;8;5;9;5;10;5;11;5;12;5;13;5;14;5;15;5;16;5;17;5;18;5;18;6;18;7;17;7
3;3;7;3;9;5;10;5;11;5;12;5;13;5;14;5;15;5;16;5;17;5;18;5;18;6;18;7;17;7;16;7
3;3;7;3;10;5;11;5;12;5;13;5;14;5;15;5;16;5;17;5;18;5;18;6;18;7;17;7;16;7;15;7
3;3;7;3;11;5;12;5;13;5;14;5;15;5;16;5;17;5;18;5;18;6;18;7;17;7;16;7;15;7;14;7
3;3;7;3;12;5;13;5;14;5;15;5;16;5;17;5;18;5;18;6;18;7;17;7;16;7;15;7;14;7;13;7
3;3;7;3;13;5;14;5;15;5;16;5;17;5;18;5;18;6;18;7;17;7;16;7;15;7;14;7;13;7;12;7
0;3;7;3;14;5;15;5;16;5;17;5;18;5;18;6;18;7;17;7;16;7;15;7;14;7;13;7;12;7;11;7
0;0;7;3;15;5;16;5;17;5;18;5;18;6;18;7;17;7;16;7;15;7;14;7;13;7;12;7;11;7;11;6
0;0;7;3;16;5;17;5;18;5;18;6;18;7;17;7;16;7;15;7;14;7;13;7;12;7;11;7;11;6;11;5
0;0;7;3;17;5;18;5;18;6;18;7;17;7;16;7;15;7;14;7;13;7;12;7;11;7;11;6;11;5;11;4
3;0;7;3;18;5;18;6;18;7;17;7;16;7;15;7;14;7;13;7;12;7;11;7;11;6;11;5;11;4;11;3
3;3;7;3;18;6;18;7;17;7;16;7;15;7;14;7;13;7;12;7;11;7;11;6;11;5;11;4;11;3;10;3
3;3;7;3;18;7;17;7;16;7;15;7;14;7;13;7;12;7;11;7;11;6;11;5;11;4;11;3;10;3;9;3
3;3;7;3;17;7;16;7;15;7;14;7;13;7;12;7;11;7;11;6;11;5;11;4;11;3;10;3;9;3;8;3
3;3;19;10;16;7;16;7;15;7;14;7;13;7;12;7;11;7;11;6;11;5;11;4;11;3;10;3;9;3;8;3;7;3
2;3;19;10;16;7;15;7;14;7;13;7;12;7;11;7;11;6;11;5;11;4;11;3;10;3;9;3;8;3;7;3;6;3
2;2;19;10;15;7;14;7;13;7;12;7;11;7;11;6;11;5;11;4;11;3;10;3;9;3;8;3;7;3;6;3;6;4
2;2;19;10;14;7;13;7;12;7;11;7;11;6;11;5;11;4;11;3;10;3;9;3;8;3;7;3;6;3;6;4;6;5
2;2;19;10;13;7;12;7;11;7;11;6;11;5;11;4;11;3;10;3;9;3;8;3;7;3;6;3;6;4;6;5;6;6
2;2;19;10;12;7;11;7;11;6;11;5;11;4;11;3;10;3;9;3;8;3;7;3;6;3;6;4;6;5;6;6;6;7
2;2;19;10;11;7;11;6;11;5;11;4;11;3;10;3;9;3;8;3;7;3;6;3;6;4;6;5;6;6;6;7;6;8
2;2;19;10;11;6;11;5;11;4;11;3;10;3;9;3;8;3;7;3;6;3;6;4;6;5;6;6;6;7;6;8;6;9
1;2;19;10;11;5;11;4;11;3;10;3;9;3;8;3;7;3;6;3;6;4;6;5;6;6;6;7;6;8;6;9;6;10
1;1;19;10;11;4;11;3;10;3;9;3;8;3;7;3;6;3;6;4;6;5;6;6;6;7;6;8;6;9;6;10;7;10
1;1;19;10;11;3;10;3;9;3;8;3;7;3;6;3;6;4;6;5;6;6;6;7;6;8;6;9;6;10;7;10;8;10
1;1;19;10;10;3;9;3;8;3;7;3;6;3;6;4;6;5;6;6;6;7;6;8;6;9;6;10;7;10;8;10;9;10
1;1;19;10;9;3;8;3;7;3;6;3;6;4;6;5;6;6;6;7;6;8;6;9;6;10;7;10;8;10;9;10;10;10
1;1;19;10;8;3;7;3;6;3;6;4;6;5;6;6;6;7;6;8;6;9;6;10;7;10;8;10;9;10;10;10;11;10
1;1;19;10;7;3;6;3;6;4;6;5;6;6;6;7;6;8;6;9;6;10;7;10;8;10;9;10;10;10;11;10;12;10
1;1;19;10;6;3;6;4;6;5;6;6;6;7;6;8;6;9;6;10;7;10;8;10;9;10;10;10;11;10;12;10;13;10
1;1;19;10;6;4;6;5;6;6;6;7;6;8;6;9;6;10;7;10;8;10;9;10;10;10;11;10;12;10;13;10;14;10
1;1;19;10;6;5;6;6;6;7;6;8;6;9;6;10;7;10;8;10;9;10;10;10;11;10;12;10;13;10;14;10;15;10
1;1;19;10;6;6;6;7;6;8;6;9;6;10;7;10;8;10;9;10;10;10;11;10;12;10;13;10;14;10;15;10;16;10
1;1;19;10;6;7;6;8;6;9;6;10;7;10;8;10;9;10;10;10;11;10;12;10;13;10;14;10;15;10;16;10;17;10
1;1;19;10;6;8;6;9;6;10;7;10;8;10;9;10;10;10;11;10;12;10;13;10;14;10;15;10;16;10;17;10;18;10
2;1;15;1;6;9;6;9;6;10;7;10;8;10;9;10;10;10;11;10;12;10;13;10;14;10;15;10;16;10;17;10;18;10;19;10
2;2;15;1;6;9;6;10;7;10;8;10;9;10;10;10;11;10;12;10;13;10;14;10;15;10;16;10;17;10;18;10;19;10;19;11
2;2;15;1;6;10;7;10;8;10;9;10;10;10;11;10;12;10;13;10;14;10;15;10;16;10;17;10;18;10;19;10;19;11;19;12
3;2;15;1;7;10;8;10;9;10;10;10;11;10;12;10;13;10;14;10;15;10;16;10;17;10;18;10;19;10;19;11;19;12;19;13
3;3;15;1;8;10;9;10;10;10;11;10;12;10;13;10;14;10;15;10;16;10;17;10;18;10;19;10;19;11;19;12;19;13;18;13
3;3;15;1;9;10;10;10;11;10;12;10;13;10;14;10;15;10;16;10;17;10;18;10;19;10;19;11;19;12;19;13;18;13;17;13
3;3;15;1;10;10;11;10;12;10;13;10;14;10;15;10;16;10;17;10;18;10;19;10;19;11;19;12;19;13;18;13;17;13;16;13
3;3;15;1;11;10;12;10;13;10;14;10;15;10;16;10;17;10;18;10;19;10;19;11;19;12;19;13;18;13;17;13;16;13;15;13
3;3;15;1;12;10;13;10;14;10;15;10;16;10;17;10;18;10;19;10;19;11;19;12;19;13;18;13;17;13;16;13;15;13;14;13
3;3;15;1;13;10;14;10;15;10;16;10;17;10;18;10;19;10;19;11;19;12;19;13;18;13;17;13;16;13;15;13;14;13;13;13
0;3;15;1;14;10;15;10;16;10;17;10;18;10;19;10;19;11;19;12;19;13;18;13;17;13;16;13;15;13;14;13;13;13;12;13
0;0;15;1;15;10;16;10;17;10;18;10;19;10;19;11;19;12;19;13;18;13;17;13;16;13;15;13;14;13;13;13;12;13;12;12
0;0;15;1;16;10;17;10;18;10;19;10;19;11;19;12;19;13;18;13;17;13;16;13;15;13;14;13;13;13;12;13;12;12;12;11
0;0;15;1;17;10;18;10;19;10;19;11;19;12;19;13;18;13;17;13;16;13;15;13;14;13;13;13;12;13;12;12;12;11;12;10
0;0;15;1;18;10;19;10;19;11;19;12;19;13;18;13;17;13;16;13;15;13;14;13;13;13;12;13;12;12;12;11;12;10;12;9
0;0;15;1;19;10;19;11;19;12;19;13;18;13;17;13;16;13;15;13;14;13;13;13;12;13;12;12;12;11;12;10;12;9;12;8
0;0;15;1;19;11;19;12;19;13;18;13;17;13;16;13;15;13;14;13;13;13;12;13;12;12;12;11;12;10;12;9;12;8;12;7
0;0;15;1;19;12;19;13;18;13;17;13;16;13;15;13;14;13;13;13;12;13;12;12;12;11;12;10;12;9;12;8;12;7;12;6
0;0;15;1;19;13;18;13;17;13;16;13;15;13;14;13;13;13;12;13;12;12;12;11;12;10;12;9;12;8;12;7;12;6;12;5
0;0;15;1;18;13;17;13;16;13;15;13;14;13;13;13;12;13;12;12;12;11;12;10;12;9;12;8;12;7;12;6;12;5;12;4
0;0;15;1;17;13;16;13;15;13;14;13;13;13;12;13;12;12;12;11;12;10;12;9;12;8;12;7;12;6;12;5;12;4;12;3
0;0;15;1;16;13;15;13;14;13;13;13;12;13;12;12;12;11;12;10;12;9;12;8;12;7;12;6;12;5;12;4;12;3;12;2
1;0;15;1;15;13;14;13;13;13;12;13;12;12;12;11;12;10;12;9;12;8;12;7;12;6;12;5;12;4;12;3;12;2;12;1
1;1;15;1;14;13;13;13;12;13;12;12;12;11;12;10;12;9;12;8;12;7;12;6;12;5;12;4;12;3;12;2;12;1;13;1
1;1;15;1;13;13;12;13;12;12;12;11;12;10;12;9;12;8;12;7;12;6;12;5;12;4;12;3;12;2;12;1;13;1;14;1
1;1;17;12;12;13;12;13;12;12;12;11;12;10;12;9;12;8;12;7;12;6;12;5;12;4;12;3;12;2;12;1;13;1;14;1;15;1
2;1;17;12;12;13;12;12;12;11;12;10;12;9;12;8;12;7;12;6;12;5;12;4;12;3;12;2;12;1;13;1;14;1;15;1;16;1
2;2;17;12;12;12;12;11;12;10;12;9;12;8;12;7;12;6;12;5;12;4;12;3;12;2;12;1;13;1;14;1;15;1;16;1;16;2
2;2;17;12;12;11;12;10;12;9;12;8;12;7;12;6;12;5;12;4;12;3;12;2;12;1;13;1;14;1;15;1;16;1;16;2;16;3
2;2;17;12;12;10;12;9;12;8;12;7;12;6;12;5;12;4;12;3;12;2;12;1;13;1;14;1;15;1;16;1;16;2;16;3;16;4
2;2;17;12;12;9;12;8;12;7;12;6;12;5;12;4;12;3;12;2;12;1;13;1;14;1;15;1;16;1;16;2;16;3;16;4;16;5
2;2;17;12;12;8;12;7;12;6;12;5;12;4;12;3;12;2;12;1;13;1;14;1;15;1;16;1;16;2;16;3;16;4;16;5;16;6
2;2;17;12;12;7;12;6;12;5;12;4;12;3;12;2;12;1;13;1;14;1;15;1;16;1;16;2;16;3;16;4;16;5;16;6;16;7
2;2;17;12;12;6;12;5;12;4;12;3;12;2;12;1;13;1;14;1;15;1;16;1;16;2;16;3;16;4;16;5;16;6;16;7;16;8
2;2;17;12;12;5;12;4;12;3;12;2;12;1;13;1;14;1;15;1;16;1;16;2;16;3;16;4;16;5;16;6;16;7;16;8;16;9
2;2;17;12;12;4;12;3;12;2;12;1;13;1;14;1;15;1;16;1;16;2;16;3;16;4;16;5;16;6;16;7;16;8;16;9;16;10
1;2;17;12;12;3;12;2;12;1;13;1;14;1;15;1;16;1;16;2;16;3;16;4;16;5;16;6;16;7;16;8;16;9;16;10;16;11
1;1;17;12;12;2;12;1;13;1;14;1;15;1;16;1;16;2;16;3;16;4;16;5;16;6;16;7;16;8;16;9;16;10;16;11;17;11
2;1;17;12;12;1;13;1;14;1;15;1;16;1;16;2;16;3;16;4;16;5;16;6;16;7;16;8;16;9;16;10;16;11;17;11;18;11
2;2;17;12;13;1;14;1;15;1;16;1;16;2;16;3;16;4;16;5;16;6;16;7;16;8;16;9;16;10;16;11;17;11;18;11;18;12
3;2;17;12;14;1;15;1;16;1;16;2;16;3;16;4;16;5;16;6;16;7;16;8;16;9;16;10;16;11;17;11;18;11;18;12;18;13
3;3;17;12;15;1;16;1;16;2;16;3;16;4;16;5;16;6;16;7;16;8;16;9;16;10;16;11;17;11;18;11;18;12;18;13;17;13
3;3;17;12;16;1;16;2;16;3;16;4;16;5;16;6;16;7;16;8;16;9;16;10;16;11;17;11;18;11;18;12;18;13;17;13;16;13
3;3;17;12;16;2;16;3;16;4;16;5;16;6;16;7;16;8;16;9;16;10;16;11;17;11;18;11;18;12;18;13;17;13;16;13;15;13
3;3;17;12;16;3;16;4;16;5;16;6;16;7;16;8;16;9;16;10;16;11;17;11;18;11;18;12;18;13;17;13;16;13;15;13;14;13
3;3;17;12;16;4;16;5;16;6;16;7;16;8;16;9;16;10;16;11;17;11;18;11;18;12;18;13;17;13;16;13;15;13;14;13;13;13
3;3;17;12;16;5;16;6;16;7;16;8;16;9;16;10;16;11;17;11;18;11;18;12;18;13;17;13;16;13;15;13;14;13;13;13;12;13
3;3;17;12;16;6;16;7;16;8;16;9;16;10;16;11;17;11;18;11;18;12;18;13;17;13;16;13;15;13;14;13;13;13;12;13;11;13
3;3;17;12;16;7;16;8;16;9;16;10;16;11;17;11;18;11;18;12;18;13;17;13;16;13;15;13;14;13;13;13;12;13;11;13;10;13
0;3;17;12;16;8;16;9;16;10;16;11;17;11;18;11;18;12;18;13;17;13;16;13;15;13;14;13;13;13;12;13;11;13;10;13;9;13
0;0;17;12;16;9;16;10;16;11;17;11;18;11;18;12;18;13;17;13;16;13;15;13;14;13;13;13;12;13;11;13;10;13;9;13;9;12
1;0;17;12;16;10;16;11;17;11;18;11;18;12;18;13;17;13;16;13;15;13;14;13;13;13;12;13;11;13;10;13;9;13;9;12;9;11
1;1;17;12;16;11;17;11;18;11;18;12;18;13;17;13;16;13;15;13;14;13;13;13;12;13;11;13;10;13;9;13;9;12;9;11;10;11
1;1;17;12;17;11;18;11;18;12;18;13;17;13;16;13;15;13;14;13;13;13;12;13;11;13;10;13;9;13;9;12;9;11;10;11;11;11
1;1;17;12;18;11;18;12;18;13;17;13;16;13;15;13;14;13;13;13;12;13;11;13;10;13;9;13;9;12;9;11;10;11;11;11;12;11
1;1;17;12;18;12;18;13;17;13;16;13;15;13;14;13;13;13;12;13;11;13;10;13;9;13;9;12;9;11;10;11;11;11;12;11;13;11
1;1;17;12;18;13;17;13;16;13;15;13;14;13;13;13;12;13;11;13;10;13;9;13;9;12;9;11;10;11;11;11;12;11;13;11;14;11
1;1;17;12;17;13;16;13;15;13;14;13;13;13;12;13;11;13;10;13;9;13;9;12;9;11;10;11;11;11;12;11;13;11;14;11;15;11
1;1;17;12;16;13;15;13;14;13;13;13;12;13;11;13;10;13;9;13;9;12;9;11;10;11;11;11;12;11;13;11;14;11;15;11;16;11
2;1;17;12;15;13;14;13;13;13;12;13;11;13;10;13;9;13;9;12;9;11;10;11;11;11;12;11;13;11;14;11;15;11;16;11;17;11
2;2;6;8;14;13;14;13;13;13;12;13;11;13;10;13;9;13;9;12;9;11;10;11;11;11;12;11;13;11;14;11;15;11;16;11;17;11;17;12
2;2;6;8;14;13;13;13;12;13;11;13;10;13;9;13;9;12;9;11;10;11;11;11;12;11;13;11;14;11;15;11;16;11;17;11;17;12;17;13
2;2;6;8;13;13;12;13;11;13;10;13;9;13;9;12;9;11;10;11;11;11;12;11;13;11;14;11;15;11;16;11;17;11;17;12;17;13;17;14
3;2;6;8;12;13;11;13;10;13;9;13;9;12;9;11;10;11;11;11;12;11;13;11;14;11;15;11;16;11;17;11;17;12;17;13;17;14;17;15
3;3;6;8;11;13;10;13;9;13;9;12;9;11;10;11;11;11;12;11;13;11;14;11;15;11;16;11;17;11;17;12;17;13;17;14;17;15;16;15
3;3;6;8;10;13;9;13;9;12;9;11;10;11;11;11;12;11;13;11;14;11;15;11;16;11;17;11;17;12;17;13;17;14;17;15;16;15;15;15
3;3;6;8;9;13;9;12;9;11;10;11;11;11;12;11;13;11;14;11;15;11;16;11;17;11;17;12;17;13;17;14;17;15;16;15;15;15;14;15
3;3;6;8;9;12;9;11;10;11;11;11;12;11;13;11;14;11;15;11;16;11;17;11;17;12;17;13;17;14;17;15;16;15;15;15;14;15;13;15
3;3;6;8;9;11;10;11;11;11;12;11;13;11;14;11;15;11;16;11;17;11;17;12;17;13;17;14;17;15;16;15;15;15;14;15;13;15;12;15
3;3;6;8;10;11;11;11;12;11;13;11;14;11;15;11;16;11;17;11;17;12;17;13;17;14;17;15;16;15;15;15;14;15;13;15;12;15;11;15
3;3;6;8;11;11;12;11;13;11;14;11;15;11;16;11;17;11;17;12;17;13;17;14;17;15;16;15;15;15;14;15;13;15;12;15;11;15;10;15
3;3;6;8;12;11;13;11;14;11;15;11;16;11;17;11;17;12;17;13;17;14;17;15;16;15;15;15;14;15;13;15;12;15;11;15;10;15;9;15
3;3;6;8;13;11;14;11;15;11;16;11;17;11;17;12;17;13;17;14;17;15;16;15;15;15;14;15;13;15;12;15;11;15;10;15;9;15;8;15
3;3;6;8;14;11;15;11;16;11;17;11;17;12;17;13;17;14;17;15;16;15;15;15;14;15;13;15;12;15;11;15;10;15;9;15;8;15;7;15
0;3;6;8;15;11;16;11;17;11;17;12;17;13;17;14;17;15;16;15;15;15;14;15;13;15;12;15;11;15;10;15;9;15;8;15;7;15;6;15
0;0;6;8;16;11;17;11;17;12;17;13;17;14;17;15;16;15;15;15;14;15;13;15;12;15;11;15;10;15;9;15;8;15;7;15;6;15;6;14
0;0;6;8;17;11;17;12;17;13;17;14;17;15;16;15;15;15;14;15;13;15;12;15;11;15;10;15;9;15;8;15;7;15;6;15;6;14;6;13
0;0;6;8;17;12;17;13;17;14;17;15;16;15;15;15;14;15;13;15;12;15;11;15;10;15;9;15;8;15;7;15;6;15;6;14;6;13;6;12
0;0;6;8;17;13;17;14;17;15;16;15;15;15;14;15;13;15;12;15;11;15;10;15;9;15;8;15;7;15;6;15;6;14;6;13;6;12;6;11
0;0;6;8;17;14;17;15;16;15;15;15;14;15;13;15;12;15;11;15;10;15;9;15;8;15;7;15;6;15;6;14;6;13;6;12;6;11;6;10
0;0;6;8;17;15;16;15;15;15;14;15;13;15;12;15;11;15;10;15;9;15;8;15;7;15;6;15;6;14;6;13;6;12;6;11;6;10;6;9
0;0;18;2;16;15;16;15;15;15;14;15;13;15;12;15;11;15;10;15;9;15;8;15;7;15;6;15;6;14;6;13;6;12;6;11;6;10;6;9;6;8
0;0;18;2;16;15;15;15;14;15;13;15;12;15;11;15;10;15;9;15;8;15;7;15;6;15;6;14;6;13;6;12;6;11;6;10;6;9;6;8;6;7
0;0;18;2;15;15;14;15;13;15;12;15;11;15;10;15;9;15;8;15;7;15;6;15;6;14;6;13;6;12;6;11;6;10;6;9;6;8;6;7;6;6
0;0;18;2;14;15;13;15;12;15;11;15;10;15;9;15;8;15;7;15;6;15;6;14;6;13;6;12;6;11;6;10;6;9;6;8;6;7;6;6;6;5
0;0;18;2;13;15;12;15;11;15;10;15;9;15;8;15;7;15;6;15;6;14;6;13;6;12;6;11;6;10;6;9;6;8;6;7;6;6;6;5;6;4
0;0;18;2;12;15;11;15;10;15;9;15;8;15;7;15;6;15;6;14;6;13;6;12;6;11;6;10;6;9;6;8;6;7;6;6;6;5;6;4;6;3
1;0;18;2;11;15;10;15;9;15;8;15;7;15;6;15;6;14;6;13;6;12;6;11;6;10;6;9;6;8;6;7;6;6;6;5;6;4;6;3;6;2
1;1;18;2;10;15;9;15;8;15;7;15;6;15;6;14;6;13;6;12;6;11;6;10;6;9;6;8;6;7;6;6;6;5;6;4;6;3;6;2;7;2
1;1;18;2;9;15;8;15;7;15;6;15;6;14;6;13;6;12;6;11;6;10;6;9;6;8;6;7;6;6;6;5;6;4;6;3;6;2;7;2;8;2
1;1;18;2;8;15;7;15;6;15;6;14;6;13;6;12;6;11;6;10;6;9;6;8;6;7;6;6;6;5;6;4;6;3;6;2;7;2;8;2;9;2
1;1;18;2;7;15;6;15;6;14;6;13;6;12;6;11;6;10;6;9;6;8;6;7;6;6;6;5;6;4;6;3;6;2;7;2;8;2;9;2;10;2
1;1;18;2;6;15;6;14;6;13;6;12;6;11;6;10;6;9;6;8;6;7;6;6;6;5;6;4;6;3;6;2;7;2;8;2;9;2;10;2;11;2
1;1;18;2;6;14;6;13;6;12;6;11;6;10;6;9;6;8;6;7;6;6;6;5;6;4;6;3;6;2;7;2;8;2;9;2;10;2;11;2;12;2
1;1;18;2;6;13;6;12;6;11;6;10;6;9;6;8;6;7;6;6;6;5;6;4;6;3;6;2;7;2;8;2;9;2;10;2;11;2;12;2;13;2
1;1;18;2;6;12;6;11;6;10;6;9;6;8;6;7;6;6;6;5;6;4;6;3;6;2;7;2;8;2;9;2;10;2;11;2;12;2;13;2;14;2
1;1;18;2;6;11;6;10;6;9;6;8;6;7;6;6;6;5;6;4;6;3;6;2;7;2;8;2;9;2;10;2;11;2;12;2;13;2;14;2;15;2
1;1;18;2;6;10;6;9;6;8;6;7;6;6;6;5;6;4;6;3;6;2;7;2;8;2;9;2;10;2;11;2;12;2;13;2;14;2;15;2;16;2
1;1;18;2;6;9;6;8;6;7;6;6;6;5;6;4;6;3;6;2;7;2;8;2;9;2;10;2;11;2;12;2;13;2;14;2;15;2;16;2;17;2
2;1;2;3;6;8;6;8;6;7;6;6;6;5;6;4;6;3;6;2;7;2;8;2;9;2;10;2;11;2;12;2;13;2;14;2;15;2;16;2;17;2;18;2
2;2;2;3;6;8;6;7;6;6;6;5;6;4;6;3;6;2;7;2;8;2;9;2;10;2;11;2;12;2;13;2;14;2;15;2;16;2;17;2;18;2;18;3
2;2;2;3;6;7;6;6;6;5;6;4;6;3;6;2;7;2;8;2;9;2;10;2;11;2;12;2;13;2;14;2;15;2;16;2;17;2;18;2;18;3;18;4
3;2;2;3;6;6;6;5;6;4;6;3;6;2;7;2;8;2;9;2;10;2;11;2;12;2;13;2;14;2;15;2;16;2;17;2;18;2;18;3;18;4;18;5
3;3;2;3;6;5;6;4;6;3;6;2;7;2;8;2;9;2;10;2;11;2;12;2;13;2;14;2;15;2;16;2;17;2;18;2;18;3;18;4;18;5;17;5
3;3;2;3;6;4;6;3;6;2;7;2;8;2;9;2;10;2;11;2;12;2;13;2;14;2;15;2;16;2;17;2;18;2;18;3;18;4;18;5;17;5;16;5
3;3;2;3;6;3;6;2;7;2;8;2;9;2;10;2;11;2;12;2;13;2;14;2;15;2;16;2;17;2;18;2;18;3;18;4;18;5;17;5;16;5;15;5
3;3;2;3;6;2;7;2;8;2;9;2;10;2;11;2;12;2;13;2;14;2;15;2;16;2;17;2;18;2;18;3;18;4;18;5;17;5;16;5;15;5;14;5
3;3;2;3;7;2;8;2;9;2;10;2;11;2;12;2;13;2;14;2;15;2;16;2;17;2;18;2;18;3;18;4;18;5;17;5;16;5;15;5;14;5;13;5
3;3;2;3;8;2;9;2;10;2;11;2;12;2;13;2;14;2;15;2;16;2;17;2;18;2;18;3;18;4;18;5;17;5;16;5;15;5;14;5;13;5;12;5
3;3;2;3;9;2;10;2;11;2;12;2;13;2;14;2;15;2;16;2;17;2;18;2;18;3;18;4;18;5;17;5;16;5;15;5;14;5;13;5;12;5;11;5
3;3;2;3;10;2;11;2;12;2;13;2;14;2;15;2;16;2;17;2;18;2;18;3;18;4;18;5;17;5;16;5;15;5;14;5;13;5;12;5;11;5;10;5
3;3;2;3;11;2;12;2;13;2;14;2;15;2;16;2;17;2;18;2;18;3;18;4;18;5;17;5;16;5;15;5;14;5;13;5;12;5;11;5;10;5;9;5
3;3;2;3;12;2;13;2;14;2;15;2;16;2;17;2;18;2;18;3;18;4;18;5;17;5;16;5;15;5;14;5;13;5;12;5;11;5;10;5;9;5;8;5
3;3;2;3;13;2;14;2;15;2;16;2;17;2;18;2;18;3;18;4;18;5;17;5;16;5;15;5;14;5;13;5;12;5;11;5;10;5;9;5;8;5;7;5
3;3;2;3;14;2;15;2;16;2;17;2;18;2;18;3;18;4;18;5;17;5;16;5;15;5;14;5;13;5;12;5;11;5;10;5;9;5;8;5;7;5;6;5
3;3;2;3;15;2;16;2;17;2;18;2;18;3;18;4;18;5;17;5;16;5;15;5;14;5;13;5;12;5;11;5;10;5;9;5;8;5;7;5;6;5;5;5
3;3;2;3;16;2;17;2;18;2;18;3;18;4;18;5;17;5;16;5;15;5;14;5;13;5;12;5;11;5;10;5;9;5;8;5;7;5;6;5;5;5;4;5
3;3;2;3;17;2;18;2;18;3;18;4;18;5;17;5;16;5;15;5;14;5;13;5;12;5;11;5;10;5;9;5;8;5;7;5;6;5;5;5;4;5;3;5
0;3;2;3;18;2;18;3;18;4;18;5;17;5;16;5;15;5;14;5;13;5;12;5;11;5;10;5;9;5;8;5;7;5;6;5;5;5;4;5;3;5;2;5
0;0;2;3;18;3;18;4;18;5;17;5;16;5;15;5;14;5;13;5;12;5;11;5;10;5;9;5;8;5;7;5;6;5;5;5;4;5;3;5;2;5;2;4
1;0;5;7;18;4;18;4;18;5;17;5;16;5;15;5;14;5;13;5;12;5;11;5;10;5;9;5;8;5;7;5;6;5;5;5;4;5;3;5;2;5;2;4;2;3
1;1;5;7;18;4;18;5;17;5;16;5;15;5;14;5;13;5;12;5;11;5;10;5;9;5;8;5;7;5;6;5;5;5;4;5;3;5;2;5;2;4;2;3;3;3
1;1;5;7;18;5;17;5;16;5;15;5;14;5;13;5;12;5;11;5;10;5;9;5;8;5;7;5;6;5;5;5;4;5;3;5;2;5;2;4;2;3;3;3;4;3
1;1;5;7;17;5;16;5;15;5;14;5;13;5;12;5;11;5;10;5;9;5;8;5;7;5;6;5;5;5;4;5;3;5;2;5;2;4;2;3;3;3;4;3;5;3
1;1;5;7;16;5;15;5;14;5;13;5;12;5;11;5;10;5;9;5;8;5;7;5;6;5;5;5;4;5;3;5;2;5;2;4;2;3;3;3;4;3;5;3;6;3
1;1;5;7;15;5;14;5;13;5;12;5;11;5;10;5;9;5;8;5;7;5;6;5;5;5;4;5;3;5;2;5;2;4;2;3;3;3;4;3;5;3;6;3;7;3
1;1;5;7;14;5;13;5;12;5;11;5;10;5;9;5;8;5;7;5;6;5;5;5;4;5;3;5;2;5;2;4;2;3;3;3;4;3;5;3;6;3;7;3;8;3
1;1;5;7;13;5;12;5;11;5;10;5;9;5;8;5;7;5;6;5;5;5;4;5;3;5;2;5;2;4;2;3;3;3;4;3;5;3;6;3;7;3;8;3;9;3
1;1;5;7;12;5;11;5;10;5;9;5;8;5;7;5;6;5;5;5;4;5;3;5;2;5;2;4;2;3;3;3;4;3;5;3;6;3;7;3;8;3;9;3;10;3
1;1;5;7;11;5;10;5;9;5;8;5;7;5;6;5;5;5;4;5;3;5;2;5;2;4;2;3;3;3;4;3;5;3;6;3;7;3;8;3;9;3;10;3;11;3
2;1;5;7;10;5;9;5;8;5;7;5;6;5;5;5;4;5;3;5;2;5;2;4;2;3;3;3;4;3;5;3;6;3;7;3;8;3;9;3;10;3;11;3;12;3
2;2;5;7;9;5;8;5;7;5;6;5;5;5;4;5;3;5;2;5;2;4;2;3;3;3;4;3;5;3;6;3;7;3;8;3;9;3;10;3;11;3;12;3;12;4
3;2;5;7;8;5;7;5;6;5;5;5;4;5;3;5;2;5;2;4;2;3;3;3;4;3;5;3;6;3;7;3;8;3;9;3;10;3;11;3;12;3;12;4;12;5
3;3;5;7;7;5;6;5;5;5;4;5;3;5;2;5;2;4;2;3;3;3;4;3;5;3;6;3;7;3;8;3;9;3;10;3;11;3;12;3;12;4;12;5;11;5
3;3;5;7;6;5;5;5;4;5;3;5;2;5;2;4;2;3;3;3;4;3;5;3;6;3;7;3;8;3;9;3;10;3;11;3;12;3;12;4;12;5;11;5;10;5
3;3;5;7;5;5;4;5;3;5;2;5;2;4;2;3;3;3;4;3;5;3;6;3;7;3;8;3;9;3;10;3;11;3;12;3;12;4;12;5;11;5;10;5;9;5
3;3;5;7;4;5;3;5;2;5;2;4;2;3;3;3;4;3;5;3;6;3;7;3;8;3;9;3;10;3;11;3;12;3;12;4;12;5;11;5;10;5;9;5;8;5
3;3;5;7;3;5;2;5;2;4;2;3;3;3;4;3;5;3;6;3;7;3;8;3;9;3;10;3;11;3;12;3;12;4;12;5;11;5;10;5;9;5;8;5;7;5
3;3;5;7;2;5;2;4;2;3;3;3;4;3;5;3;6;3;7;3;8;3;9;3;10;3;11;3;12;3;12;4;12;5;11;5;10;5;9;5;8;5;7;5;6;5
2;3;5;7;2;4;2;3;3;3;4;3;5;3;6;3;7;3;8;3;9;3;10;3;11;3;12;3;12;4;12;5;11;5;10;5;9;5;8;5;7;5;6;5;5;5
2;2;5;7;2;3;3;3;4;3;5;3;6;3;7;3;8;3;9;3;10;3;11;3;12;3;12;4;12;5;11;5;10;5;9;5;8;5;7;5;6;5;5;5;5;6
2;2;16;6;3;3;3;3;4;3;5;3;6;3;7;3;8;3;9;3;10;3;11;3;12;3;12;4;12;5;11;5;10;5;9;5;8;5;7;5;6;5;5;5;5;6;5;7
2;2;16;6;3;3;4;3;5;3;6;3;7;3;8;3;9;3;10;3;11;3;12;3;12;4;12;5;11;5;10;5;9;5;8;5;7;5;6;5;5;5;5;6;5;7;5;8
2;2;16;6;4;3;5;3;6;3;7;3;8;3;9;3;10;3;11;3;12;3;12;4;12;5;11;5;10;5;9;5;8;5;7;5;6;5;5;5;5;6;5;7;5;8;5;9
2;2;16;6;5;3;6;3;7;3;8;3;9;3;10;3;11;3;12;3;12;4;12;5;11;5;10;5;9;5;8;5;7;5;6;5;5;5;5;6;5;7;5;8;5;9;5;10
1;2;16;6;6;3;7;3;8;3;9;3;10;3;11;3;12;3;12;4;12;5;11;5;10;5;9;5;8;5;7;5;6;5;5;5;5;6;5;7;5;8;5;9;5;10;5;11
1;1;16;6;7;3;8;3;9;3;10;3;11;3;12;3;12;4;12;5;11;5;10;5;9;5;8;5;7;5;6;5;5;5;5;6;5;7;5;8;5;9;5;10;5;11;6;11
1;1;16;6;8;3;9;3;10;3;11;3;12;3;12;4;12;5;11;5;10;5;9;5;8;5;7;5;6;5;5;5;5;6;5;7;5;8;5;9;5;10;5;11;6;11;7;11
1;1;16;6;9;3;10;3;11;3;12;3;12;4;12;5;11;5;10;5;9;5;8;5;7;5;6;5;5;5;5;6;5;7;5;8;5;9;5;10;5;11;6;11;7;11;8;11
1;1;16;6;10;3;11;3;12;3;12;4;12;5;11;5;10;5;9;5;8;5;7;5;6;5;5;5;5;6;5;7;5;8;5;9;5;10;5;11;6;11;7;11;8;11;9;11
1;1;16;6;11;3;12;3;12;4;12;5;11;5;10;5;9;5;8;5;7;5;6;5;5;5;5;6;5;7;5;8;5;9;5;10;5;11;6;11;7;11;8;11;9;11;10;11
1;1;16;6;12;3;12;4;12;5;11;5;10;5;9;5;8;5;7;5;6;5;5;5;5;6;5;7;5;8;5;9;5;10;5;11;6;11;7;11;8;11;9;11;10;11;11;11
1;1;16;6;12;4;12;5;11;5;10;5;9;5;8;5;7;5;6;5;5;5;5;6;5;7;5;8;5;9;5;10;5;11;6;11;7;11;8;11;9;11;10;11;11;11;12;11
1;1;16;6;12;5;11;5;10;5;9;5;8;5;7;5;6;5;5;5;5;6;5;7;5;8;5;9;5;10;5;11;6;11;7;11;8;11;9;11;10;11;11;11;12;11;13;11
1;1;16;6;11;5;10;5;9;5;8;5;7;5;6;5;5;5;5;6;5;7;5;8;5;9;5;10;5;11;6;11;7;11;8;11;9;11;10;11;11;11;12;11;13;11;14;11
1;1;16;6;10;5;9;5;8;5;7;5;6;5;5;5;5;6;5;7;5;8;5;9;5;10;5;11;6;11;7;11;8;11;9;11;10;11;11;11;12;11;13;11;14;11;15;11
0;1;16;6;9;5;8;5;7;5;6;5;5;5;5;6;5;7;5;8;5;9;5;10;5;11;6;11;7;11;8;11;9;11;10;11;11;11;12;11;13;11;14;11;15;11;16;11
0;0;16;6;8;5;7;5;6;5;5;5;5;6;5;7;5;8;5;9;5;10;5;11;6;11;7;11;8;11;9;11;10;11;11;11;12;11;13;11;14;11;15;11;16;11;16;10
0;0;16;6;7;5;6;5;5;5;5;6;5;7;5;8;5;9;5;10;5;11;6;11;7;11;8;11;9;11;10;11;11;11;12;11;13;11;14;11;15;11;16;11;16;10;16;9
0;0;16;6;6;5;5;5;5;6;5;7;5;8;5;9;5;10;5;11;6;11;7;11;8;11;9;11;10;11;11;11;12;11;13;11;14;11;15;11;16;11;16;10;16;9;16;8
0;0;16;6;5;5;5;6;5;7;5;8;5;9;5;10;5;11;6;11;7;11;8;11;9;11;10;11;11;11;12;11;13;11;14;11;15;11;16;11;16;10;16;9;16;8;16;7
0;0;18;13;5;6;5;6;5;7;5;8;5;9;5;10;5;11;6;11;7;11;8;11;9;11;10;11;11;11;12;11;13;11;14;11;15;11;16;11;16;10;16;9;16;8;16;7;16;6
0;0;18;13;5;6;5;7;5;8;5;9;5;10;5;11;6;11;7;11;8;11;9;11;10;11;11;11;12;11;13;11;14;11;15;11;16;11;16;10;16;9;16;8;16;7;16;6;16;5
3;0;18;13;5;7;5;8;5;9;5;10;5;11;6;11;7;11;8;11;9;11;10;11;11;11;12;11;13;11;14;11;15;11;16;11;16;10;16;9;16;8;16;7;16;6;16;5;16;4
3;3;18;13;5;8;5;9;5;10;5;11;6;11;7;11;8;11;9;11;10;11;11;11;12;11;13;11;14;11;15;11;16;11;16;10;16;9;16;8;16;7;16;6;16;5;16;4;15;4
3;3;18;13;5;9;5;10;5;11;6;11;7;11;8;11;9;11;10;11;11;11;12;11;13;11;14;11;15;11;16;11;16;10;16;9;16;8;16;7;16;6;16;5;16;4;15;4;14;4
3;3;18;13;5;10;5;11;6;11;7;11;8;11;9;11;10;11;11;11;12;11;13;11;14;11;15;11;16;11;16;10;16;9;16;8;16;7;16;6;16;5;16;4;15;4;14;4;13;4
3;3;18;13;5;11;6;11;7;11;8;11;9;11;10;11;11;11;12;11;13;11;14;11;15;11;16;11;16;10;16;9;16;8;16;7;16;6;16;5;16;4;15;4;14;4;13;4;12;4
3;3;18;13;6;11;7;11;8;11;9;11;10;11;11;11;12;11;13;11;14;11;15;11;16;11;16;10;16;9;16;8;16;7;16;6;16;5;16;4;15;4;14;4;13;4;12;4;11;4
3;3;18;13;7;11;8;11;9;11;10;11;11;11;12;11;13;11;14;11;15;11;16;11;16;10;16;9;16;8;16;7;16;6;16;5;16;4;15;4;14;4;13;4;12;4;11;4;10;4
2;3;18;13;8;11;9;11;10;11;11;11;12;11;13;11;14;11;15;11;16;11;16;10;16;9;16;8;16;7;16;6;16;5;16;4;15;4;14;4;13;4;12;4;11;4;10;4;9;4
2;2;18;13;9;11;10;11;11;11;12;11;13;11;14;11;15;11;16;11;16;10;16;9;16;8;16;7;16;6;16;5;16;4;15;4;14;4;13;4;12;4;11;4;10;4;9;4;9;5
2;2;18;13;10;11;11;11;12;11;13;11;14;11;15;11;16;11;16;10;16;9;16;8;16;7;16;6;16;5;16;4;15;4;14;4;13;4;12;4;11;4;10;4;9;4;9;5;9;6
2;2;18;13;11;11;12;11;13;11;14;11;15;11;16;11;16;10;16;9;16;8;16;7;16;6;16;5;16;4;15;4;14;4;13;4;12;4;11;4;10;4;9;4;9;5;9;6;9;7
2;2;18;13;12;11;13;11;14;11;15;11;16;11;16;10;16;9;16;8;16;7;16;6;16;5;16;4;15;4;14;4;13;4;12;4;11;4;10;4;9;4;9;5;9;6;9;7;9;8
2;2;18;13;13;11;14;11;15;11;16;11;16;10;16;9;16;8;16;7;16;6;16;5;16;4;15;4;14;4;13;4;12;4;11;4;10;4;9;4;9;5;9;6;9;7;9;8;9;9
2;2;18;13;14;11;15;11;16;11;16;10;16;9;16;8;16;7;16;6;16;5;16;4;15;4;14;4;13;4;12;4;11;4;10;4;9;4;9;5;9;6;9;7;9;8;9;9;9;10
2;2;18;13;15;11;16;11;16;10;16;9;16;8;16;7;16;6;16;5;16;4;15;4;14;4;13;4;12;4;11;4;10;4;9;4;9;5;9;6;9;7;9;8;9;9;9;10;9;11
2;2;18;13;16;11;16;10;16;9;16;8;16;7;16;6;16;5;16;4;15;4;14;4;13;4;12;4;11;4;10;4;9;4;9;5;9;6;9;7;9;8;9;9;9;10;9;11;9;12
2;2;18;13;16;10;16;9;16;8;16;7;16;6;16;5;16;4;15;4;14;4;13;4;12;4;11;4;10;4;9;4;9;5;9;6;9;7;9;8;9;9;9;10;9;11;9;12;9;13
1;2;18;13;16;9;16;8;16;7;16;6;16;5;16;4;15;4;14;4;13;4;12;4;11;4;10;4;9;4;9;5;9;6;9;7;9;8;9;9;9;10;9;11;9;12;9;13;9;14
1;1;18;13;16;8;16;7;16;6;16;5;16;4;15;4;14;4;13;4;12;4;11;4;10;4;9;4;9;5;9;6;9;7;9;8;9;9;9;10;9;11;9;12;9;13;9;14;10;14
1;1;18;13;16;7;16;6;16;5;16;4;15;4;14;4;13;4;12;4;11;4;10;4;9;4;9;5;9;6;9;7;9;8;9;9;9;10;9;11;9;12;9;13;9;14;10;14;11;14
1;1;18;13;16;6;16;5;16;4;15;4;14;4;13;4;12;4;11;4;10;4;9;4;9;5;9;6;9;7;9;8;9;9;9;10;9;11;9;12;9;13;9;14;10;14;11;14;12;14
1;1;18;13;16;5;16;4;15;4;14;4;13;4;12;4;11;4;10;4;9;4;9;5;9;6;9;7;9;8;9;9;9;10;9;11;9;12;9;13;9;14;10;14;11;14;12;14;13;14
1;1;18;13;16;4;15;4;14;4;13;4;12;4;11;4;10;4;9;4;9;5;9;6;9;7;9;8;9;9;9;10;9;11;9;12;9;13;9;14;10;14;11;14;12;14;13;14;14;14
1;1;18;13;15;4;14;4;13;4;12;4;11;4;10;4;9;4;9;5;9;6;9;7;9;8;9;9;9;10;9;11;9;12;9;13;9;14;10;14;11;14;12;14;13;14;14;14;15;14
1;1;18;13;14;4;13;4;12;4;11;4;10;4;9;4;9;5;9;6;9;7;9;8;9;9;9;10;9;11;9;12;9;13;9;14;10;14;11;14;12;14;13;14;14;14;15;14;16;14
1;1;18;13;13;4;12;4;11;4;10;4;9;4;9;5;9;6;9;7;9;8;9;9;9;10;9;11;9;12;9;13;9;14;10;14;11;14;12;14;13;14;14;14;15;14;16;14;17;14
0;1;18;13;12;4;11;4;10;4;9;4;9;5;9;6;9;7;9;8;9;9;9;10;9;11;9;12;9;13;9;14;10;14;11;14;12;14;13;14;14;14;15;14;16;14;17;14;18;14
0;0;17;9;11;4;11;4;10;4;9;4;9;5;9;6;9;7;9;8;9;9;9;10;9;11;9;12;9;13;9;14;10;14;11;14;12;14;13;14;14;14;15;14;16;14;17;14;18;14;18;13
0;0;17;9;11;4;10;4;9;4;9;5;9;6;9;7;9;8;9;9;9;10;9;11;9;12;9;13;9;14;10;14;11;14;12;14;13;14;14;14;15;14;16;14;17;14;18;14;18;13;18;12
0;0;17;9;10;4;9;4;9;5;9;6;9;7;9;8;9;9;9;10;9;11;9;12;9;13;9;14;10;14;11;14;12;14;13;14;14;14;15;14;16;14;17;14;18;14;18;13;18;12;18;11
0;0;17;9;9;4;9;5;9;6;9;7;9;8;9;9;9;10;9;11;9;12;9;13;9;14;10;14;11;14;12;14;13;14;14;14;15;14;16;14;17;14;18;14;18;13;18;12;18;11;18;10
3;0;17;9;9;5;9;6;9;7;9;8;9;9;9;10;9;11;9;12;9;13;9;14;10;14;11;14;12;14;13;14;14;14;15;14;16;14;17;14;18;14;18;13;18;12;18;11;18;10;18;9
3;3;12;12;9;6;9;6;9;7;9;8;9;9;9;10;9;11;9;12;9;13;9;14;10;14;11;14;12;14;13;14;14;14;15;14;16;14;17;14;18;14;18;13;18;12;18;11;18;10;18;9;17;9
3;3;12;12;9;6;9;7;9;8;9;9;9;10;9;11;9;12;9;13;9;14;10;14;11;14;12;14;13;14;14;14;15;14;16;14;17;14;18;14;18;13;18;12;18;11;18;10;18;9;17;9;16;9
3;3;12;12;9;7;9;8;9;9;9;10;9;11;9;12;9;13;9;14;10;14;11;14;12;14;13;14;14;14;15;14;16;14;17;14;18;14;18;13;18;12;18;11;18;10;18;9;17;9;16;9;15;9
3;3;12;12;9;8;9;9;9;10;9;11;9;12;9;13;9;14;10;14;11;14;12;14;13;14;14;14;15;14;16;14;17;14;18;14;18;13;18;12;18;11;18;10;18;9;17;9;16;9;15;9;14;9
2;3;12;12;9;9;9;10;9;11;9;12;9;13;9;14;10;14;11;14;12;14;13;14;14;14;15;14;16;14;17;14;18;14;18;13;18;12;18;11;18;10;18;9;17;9;16;9;15;9;14;9;13;9
2;2;12;12;9;10;9;11;9;12;9;13;9;14;10;14;11;14;12;14;13;14;14;14;15;14;16;14;17;14;18;14;18;13;18;12;18;11;18;10;18;9;17;9;16;9;15;9;14;9;13;9;13;10
2;2;12;12;9;11;9;12;9;13;9;14;10;14;11;14;12;14;13;14;14;14;15;14;16;14;17;14;18;14;18;13;18;12;18;11;18;10;18;9;17;9;16;9;15;9;14;9;13;9;13;10;13;11
3;2;12;12;9;12;9;13;9;14;10;14;11;14;12;14;13;14;14;14;15;14;16;14;17;14;18;14;18;13;18;12;18;11;18;10;18;9;17;9;16;9;15;9;14;9;13;9;13;10;13;11;13;12
3;3;18;0;9;13;9;13;9;14;10;14;11;14;12;14;13;14;14;14;15;14;16;14;17;14;18;14;18;13;18;12;18;11;18;10;18;9;17;9;16;9;15;9;14;9;13;9;13;10;13;11;13;12;12;12
0;3;18;0;9;13;9;14;10;14;11;14;12;14;13;14;14;14;15;14;16;14;17;14;18;14;18;13;18;12;18;11;18;10;18;9;17;9;16;9;15;9;14;9;13;9;13;10;13;11;13;12;12;12;11;12
0;0;18;0;9;14;10;14;11;14;12;14;13;14;14;14;15;14;16;14;17;14;18;14;18;13;18;12;18;11;18;10;18;9;17;9;16;9;15;9;14;9;13;9;13;10;13;11;13;12;12;12;11;12;11;11
0;0;18;0;10;14;11;14;12;14;13;14;14;14;15;14;16;14;17;14;18;14;18;13;18;12;18;11;18;10;18;9;17;9;16;9;15;9;14;9;13;9;13;10;13;11;13;12;12;12;11;12;11;11;11;10
0;0;18;0;11;14;12;14;13;14;14;14;15;14;16;14;17;14;18;14;18;13;18;12;18;11;18;10;18;9;17;9;16;9;15;9;14;9;13;9;13;10;13;11;13;12;12;12;11;12;11;11;11;10;11;9
0;0;18;0;12;14;13;14;14;14;15;14;16;14;17;14;18;14;18;13;18;12;18;11;18;10;18;9;17;9;16;9;15;9;14;9;13;9;13;10;13;11;13;12;12;12;11;12;11;11;11;10;11;9;11;8
0;0;18;0;13;14;14;14;15;14;16;14;17;14;18;14;18;13;18;12;18;11;18;10;18;9;17;9;16;9;15;9;14;9;13;9;13;10;13;11;13;12;12;12;11;12;11;11;11;10;11;9;11;8;11;7
1;0;18;0;14;14;15;14;16;14;17;14;18;14;18;13;18;12;18;11;18;10;18;9;17;9;16;9;15;9;14;9;13;9;13;10;13;11;13;12;12;12;11;12;11;11;11;10;11;9;11;8;11;7;11;6
1;1;18;0;15;14;16;14;17;14;18;14;18;13;18;12;18;11;18;10;18;9;17;9;16;9;15;9;14;9;13;9;13;10;13;11;13;12;12;12;11;12;11;11;11;10;11;9;11;8;11;7;11;6;12;6
1;1;18;0;16;14;17;14;18;14;18;13;18;12;18;11;18;10;18;9;17;9;16;9;15;9;14;9;13;9;13;10;13;11;13;12;12;12;11;12;11;11;11;10;11;9;11;8;11;7;11;6;12;6;13;6
1;1;18;0;17;14;18;14;18;13;18;12;18;11;18;10;18;9;17;9;16;9;15;9;14;9;13;9;13;10;13;11;13;12;12;12;11;12;11;11;11;10;11;9;11;8;11;7;11;6;12;6;13;6;14;6
1;1;18;0;18;14;18;13;18;12;18;11;18;10;18;9;17;9;16;9;15;9;14;9;13;9;13;10;13;11;13;12;12;12;11;12;11;11;11;10;11;9;11;8;11;7;11;6;12;6;13;6;14;6;15;6
1;1;18;0;18;13;18;12;18;11;18;10;18;9;17;9;16;9;15;9;14;9;13;9;13;10;13;11;13;12;12;12;11;12;11;11;11;10;11;9;11;8;11;7;11;6;12;6;13;6;14;6;15;6;16;6
0;1;18;0;18;12;18;11;18;10;18;9;17;9;16;9;15;9;14;9;13;9;13;10;13;11;13;12;12;12;11;12;11;11;11;10;11;9;11;8;11;7;11;6;12;6;13;6;14;6;15;6;16;6;17;6
0;0;18;0;18;11;18;10;18;9;17;9;16;9;15;9;14;9;13;9;13;10;13;11;13;12;12;12;11;12;11;11;11;10;11;9;11;8;11;7;11;6;12;6;13;6;14;6;15;6;16;6;17;6;17;5
0;0;18;0;18;10;18;9;17;9;16;9;15;9;14;9;13;9;13;10;13;11;13;12;12;12;11;12;11;11;11;10;11;9;11;8;11;7;11;6;12;6;13;6;14;6;15;6;16;6;17;6;17;5;17;4
0;0;18;0;18;9;17;9;16;9;15;9;14;9;13;9;13;10;13;11;13;12;12;12;11;12;11;11;11;10;11;9;11;8;11;7;11;6;12;6;13;6;14;6;15;6;16;6;17;6;17;5;17;4;17;3
0;0;18;0;17;9;16;9;15;9;14;9;13;9;13;10;13;11;13;12;12;12;11;12;11;11;11;10;11;9;11;8;11;7;11;6;12;6;13;6;14;6;15;6;16;6;17;6;17;5;17;4;17;3;17;2
0;0;18;0;16;9;15;9;14;9;13;9;13;10;13;11;13;12;12;12;11;12;11;11;11;10;11;9;11;8;11;7;11;6;12;6;13;6;14;6;15;6;16;6;17;6;17;5;17;4;17;3;17;2;17;1
1;0;18;0;15;9;14;9;13;9;13;10;13;11;13;12;12;12;11;12;11;11;11;10;11;9;11;8;11;7;11;6;12;6;13;6;14;6;15;6;16;6;17;6;17;5;17;4;17;3;17;2;17;1;17;0
1;1;3;19;14;9;14;9;13;9;13;10;13;11;13;12;12;12;11;12;11;11;11;10;11;9;11;8;11;7;11;6;12;6;13;6;14;6;15;6;16;6;17;6;17;5;17;4;17;3;17;2;17;1;17;0;18;0
1;1;3;19;14;9;13;9;13;10;13;11;13;12;12;12;11;12;11;11;11;10;11;9;11;8;11;7;11;6;12;6;13;6;14;6;15;6;16;6;17;6;17;5;17;4;17;3;17;2;17;1;17;0;18;0;19;0
