20
1;1;9;12;8;10;9;10;10;10
0;1;9;12;9;10;10;10;11;10
0;0;9;12;10;10;11;10;11;9
3;0;9;12;11;10;11;9;11;8
2;3;9;12;11;9;11;8;10;8
2;2;9;12;11;8;10;8;10;9
2;2;9;12;10;8;10;9;10;10
3;2;9;12;10;9;10;10;10;11
2;3;9;12;10;10;10;11;9;11
3;2;3;12;10;11;10;11;9;11;9;12
3;3;3;12;10;11;9;11;9;12;8;12
3;3;3;12;9;11;9;12;8;12;7;12
3;3;3;12;9;12;8;12;7;12;6;12
3;3;3;12;8;12;7;12;6;12;5;12
3;3;3;12;7;12;6;12;5;12;4;12
3;3;14;15;6;12;6;12;5;12;4;12;3;12
2;3;14;15;6;12;5;12;4;12;3;12;2;12
2;2;14;15;5;12;4;12;3;12;2;12;2;13
1;2;14;15;4;12;3;12;2;12;2;13;2;14
2;1;14;15;3;12;2;12;2;13;2;14;3;14
1;2;14;15;2;12;2;13;2;14;3;14;3;15
1;1;14;15;2;13;2;14;3;14;3;15;4;15
1;1;14;15;2;14;3;14;3;15;4;15;5;15
1;1;14;15;3;14;3;15;4;15;5;15;6;15
1;1;14;15;3;15;4;15;5;15;6;15;7;15
1;1;14;15;4;15;5;15;6;15;7;15;8;15
1;1;14;15;5;15;6;15;7;15;8;15;9;15
1;1;14;15;6;15;7;15;8;15;9;15;10;15
1;1;14;15;7;15;8;15;9;15;10;15;11;15
1;1;14;15;8;15;9;15;10;15;11;15;12;15
1;1;14;15;9;15;10;15;11;15;12;15;13;15
1;1;18;12;10;15;10;15;11;15;12;15;13;15;14;15
1;1;18;12;10;15;11;15;12;15;13;15;14;15;15;15
1;1;18;12;11;15;12;15;13;15;14;15;15;15;16;15
1;1;18;12;12;15;13;15;14;15;15;15;16;15;17;15
0;1;18;12;13;15;14;15;15;15;16;15;17;15;18;15
0;0;18;12;14;15;15;15;16;15;17;15;18;15;18;14
0;0;18;12;15;15;16;15;17;15;18;15;18;14;18;13
3;0;8;16;16;15;16;15;17;15;18;15;18;14;18;13;18;12
3;3;8;16;16;15;17;15;18;15;18;14;18;13;18;12;17;12
3;3;8;16;17;15;18;15;18;14;18;13;18;12;17;12;16;12
3;3;8;16;18;15;18;14;18;13;18;12;17;12;16;12;15;12
3;3;8;16;18;14;18;13;18;12;17;12;16;12;15;12;14;12
3;3;8;16;18;13;18;12;17;12;16;12;15;12;14;12;13;12
3;3;8;16;18;12;17;12;16;12;15;12;14;12;13;12;12;12
3;3;8;16;17;12;16;12;15;12;14;12;13;12;12;12;11;12
3;3;8;16;16;12;15;12;14;12;13;12;12;12;11;12;10;12
3;3;8;16;15;12;14;12;13;12;12;12;11;12;10;12;9;12
2;3;8;16;14;12;13;12;12;12;11;12;10;12;9;12;8;12
2;2;8;16;13;12;12;12;11;12;10;12;9;12;8;12;8;13
2;2;8;16;12;12;11;12;10;12;9;12;8;12;8;13;8;14
2;2;8;16;11;12;10;12;9;12;8;12;8;13;8;14;8;15
2;2;5;18;10;12;10;12;9;12;8;12;8;13;8;14;8;15;8;16
3;2;5;18;10;12;9;12;8;12;8;13;8;14;8;15;8;16;8;17
3;3;5;18;9;12;8;12;8;13;8;14;8;15;8;16;8;17;7;17
3;3;5;18;8;12;8;13;8;14;8;15;8;16;8;17;7;17;6;17
2;3;5;18;8;13;8;14;8;15;8;16;8;17;7;17;6;17;5;17
1;2;5;13;8;14;8;14;8;15;8;16;8;17;7;17;6;17;5;17;5;18
1;1;5;13;8;14;8;15;8;16;8;17;7;17;6;17;5;17;5;18;6;18
1;1;5;13;8;15;8;16;8;17;7;17;6;17;5;17;5;18;6;18;7;18
1;1;5;13;8;16;8;17;7;17;6;17;5;17;5;18;6;18;7;18;8;18
0;1;5;13;8;17;7;17;6;17;5;17;5;18;6;18;7;18;8;18;9;18
0;0;5;13;7;17;6;17;5;17;5;18;6;18;7;18;8;18;9;18;9;17
0;0;5;13;6;17;5;17;5;18;6;18;7;18;8;18;9;18;9;17;9;16
0;0;5;13;5;17;5;18;6;18;7;18;8;18;9;18;9;17;9;16;9;15
0;0;5;13;5;18;6;18;7;18;8;18;9;18;9;17;9;16;9;15;9;14
3;0;5;13;6;18;7;18;8;18;9;18;9;17;9;16;9;15;9;14;9;13
3;3;5;13;7;18;8;18;9;18;9;17;9;16;9;15;9;14;9;13;8;13
3;3;5;13;8;18;9;18;9;17;9;16;9;15;9;14;9;13;8;13;7;13
3;3;5;13;9;18;9;17;9;16;9;15;9;14;9;13;8;13;7;13;6;13
0;3;17;10;9;17;9;17;9;16;9;15;9;14;9;13;8;13;7;13;6;13;5;13
0;0;17;10;9;17;9;16;9;15;9;14;9;13;8;13;7;13;6;13;5;13;5;12
0;0;17;10;9;16;9;15;9;14;9;13;8;13;7;13;6;13;5;13;5;12;5;11
1;0;17;10;9;15;9;14;9;13;8;13;7;13;6;13;5;13;5;12;5;11;5;10
1;1;17;10;9;14;9;13;8;13;7;13;6;13;5;13;5;12;5;11;5;10;6;10
1;1;17;10;9;13;8;13;7;13;6;13;5;13;5;12;5;11;5;10;6;10;7;10
1;1;17;10;8;13;7;13;6;13;5;13;5;12;5;11;5;10;6;10;7;10;8;10
1;1;17;10;7;13;6;13;5;13;5;12;5;11;5;10;6;10;7;10;8;10;9;10
1;1;17;10;6;13;5;13;5;12;5;11;5;10;6;10;7;10;8;10;9;10;10;10
1;1;17;10;5;13;5;12;5;11;5;10;6;10;7;10;8;10;9;10;10;10;11;10
1;1;17;10;5;12;5;11;5;10;6;10;7;10;8;10;9;10;10;10;11;10;12;10
1;1;17;10;5;11;5;10;6;10;7;10;8;10;9;10;10;10;11;10;12;10;13;10
1;1;17;10;5;10;6;10;7;10;8;10;9;10;10;10;11;10;12;10;13;10;14;10
1;1;17;10;6;10;7;10;8;10;9;10;10;10;11;10;12;10;13;10;14;10;15;10
1;1;17;10;7;10;8;10;9;10;10;10;11;10;12;10;13;10;14;10;15;10;16;10
0;1;8;8;8;10;8;10;9;10;10;10;11;10;12;10;13;10;14;10;15;10;16;10;17;10
0;0;8;8;8;10;9;10;10;10;11;10;12;10;13;10;14;10;15;10;16;10;17;10;17;9
3;0;8;8;9;10;10;10;11;10;12;10;13;10;14;10;15;10;16;10;17;10;17;9;17;8
3;3;8;8;10;10;11;10;12;10;13;10;14;10;15;10;16;10;17;10;17;9;17;8;16;8
3;3;8;8;11;10;12;10;13;10;14;10;15;10;16;10;17;10;17;9;17;8;16;8;15;8
3;3;8;8;12;10;13;10;14;10;15;10;16;10;17;10;17;9;17;8;16;8;15;8;14;8
3;3;8;8;13;10;14;10;15;10;16;10;17;10;17;9;17;8;16;8;15;8;14;8;13;8
3;3;8;8;14;10;15;10;16;10;17;10;17;9;17;8;16;8;15;8;14;8;13;8;12;8
3;3;8;8;15;10;16;10;17;10;17;9;17;8;16;8;15;8;14;8;13;8;12;8;11;8
3;3;8;8;16;10;17;10;17;9;17;8;16;8;15;8;14;8;13;8;12;8;11;8;10;8
3;3;8;8;17;10;17;9;17;8;16;8;15;8;14;8;13;8;12;8;11;8;10;8;9;8
3;3;12;4;17;9;17;9;17;8;16;8;15;8;14;8;13;8;12;8;11;8;10;8;9;8;8;8
0;3;12;4;17;9;17;8;16;8;15;8;14;8;13;8;12;8;11;8;10;8;9;8;8;8;7;8
0;0;12;4;17;8;16;8;15;8;14;8;13;8;12;8;11;8;10;8;9;8;8;8;7;8;7;7
0;0;12;4;16;8;15;8;14;8;13;8;12;8;11;8;10;8;9;8;8;8;7;8;7;7;7;6
0;0;12;4;15;8;14;8;13;8;12;8;11;8;10;8;9;8;8;8;7;8;7;7;7;6;7;5
1;0;12;4;14;8;13;8;12;8;11;8;10;8;9;8;8;8;7;8;7;7;7;6;7;5;7;4
1;1;12;4;13;8;12;8;11;8;10;8;9;8;8;8;7;8;7;7;7;6;7;5;7;4;8;4
1;1;12;4;12;8;11;8;10;8;9;8;8;8;7;8;7;7;7;6;7;5;7;4;8;4;9;4
1;1;12;4;11;8;10;8;9;8;8;8;7;8;7;7;7;6;7;5;7;4;8;4;9;4;10;4
1;1;12;4;10;8;9;8;8;8;7;8;7;7;7;6;7;5;7;4;8;4;9;4;10;4;11;4
1;1;18;3;9;8;9;8;8;8;7;8;7;7;7;6;7;5;7;4;8;4;9;4;10;4;11;4;12;4
1;1;18;3;9;8;8;8;7;8;7;7;7;6;7;5;7;4;8;4;9;4;10;4;11;4;12;4;13;4
1;1;18;3;8;8;7;8;7;7;7;6;7;5;7;4;8;4;9;4;10;4;11;4;12;4;13;4;14;4
1;1;18;3;7;8;7;7;7;6;7;5;7;4;8;4;9;4;10;4;11;4;12;4;13;4;14;4;15;4
1;1;18;3;7;7;7;6;7;5;7;4;8;4;9;4;10;4;11;4;12;4;13;4;14;4;15;4;16;4
1;1;18;3;7;6;7;5;7;4;8;4;9;4;10;4;11;4;12;4;13;4;14;4;15;4;16;4;17;4
0;1;18;3;7;5;7;4;8;4;9;4;10;4;11;4;12;4;13;4;14;4;15;4;16;4;17;4;18;4
3;0;13;7;7;4;7;4;8;4;9;4;10;4;11;4;12;4;13;4;14;4;15;4;16;4;17;4;18;4;18;3
3;3;13;7;7;4;8;4;9;4;10;4;11;4;12;4;13;4;14;4;15;4;16;4;17;4;18;4;18;3;17;3
3;3;13;7;8;4;9;4;10;4;11;4;12;4;13;4;14;4;15;4;16;4;17;4;18;4;18;3;17;3;16;3
3;3;13;7;9;4;10;4;11;4;12;4;13;4;14;4;15;4;16;4;17;4;18;4;18;3;17;3;16;3;15;3
3;3;13;7;10;4;11;4;12;4;13;4;14;4;15;4;16;4;17;4;18;4;18;3;17;3;16;3;15;3;14;3
3;3;13;7;11;4;12;4;13;4;14;4;15;4;16;4;17;4;18;4;18;3;17;3;16;3;15;3;14;3;13;3
2;3;13;7;12;4;13;4;14;4;15;4;16;4;17;4;18;4;18;3;17;3;16;3;15;3;14;3;13;3;12;3
2;2;13;7;13;4;14;4;15;4;16;4;17;4;18;4;18;3;17;3;16;3;15;3;14;3;13;3;12;3;12;4
2;2;13;7;14;4;15;4;16;4;17;4;18;4;18;3;17;3;16;3;15;3;14;3;13;3;12;3;12;4;12;5
1;2;13;7;15;4;16;4;17;4;18;4;18;3;17;3;16;3;15;3;14;3;13;3;12;3;12;4;12;5;12;6
1;1;13;7;16;4;17;4;18;4;18;3;17;3;16;3;15;3;14;3;13;3;12;3;12;4;12;5;12;6;13;6
2;1;13;7;17;4;18;4;18;3;17;3;16;3;15;3;14;3;13;3;12;3;12;4;12;5;12;6;13;6;14;6
2;2;13;7;18;4;18;3;17;3;16;3;15;3;14;3;13;3;12;3;12;4;12;5;12;6;13;6;14;6;14;7
2;2;13;7;18;3;17;3;16;3;15;3;14;3;13;3;12;3;12;4;12;5;12;6;13;6;14;6;14;7;14;8
2;2;13;7;17;3;16;3;15;3;14;3;13;3;12;3;12;4;12;5;12;6;13;6;14;6;14;7;14;8;14;9
2;2;13;7;16;3;15;3;14;3;13;3;12;3;12;4;12;5;12;6;13;6;14;6;14;7;14;8;14;9;14;10
2;2;13;7;15;3;14;3;13;3;12;3;12;4;12;5;12;6;13;6;14;6;14;7;14;8;14;9;14;10;14;11
2;2;13;7;14;3;13;3;12;3;12;4;12;5;12;6;13;6;14;6;14;7;14;8;14;9;14;10;14;11;14;12
3;2;13;7;13;3;12;3;12;4;12;5;12;6;13;6;14;6;14;7;14;8;14;9;14;10;14;11;14;12;14;13
3;3;13;7;12;3;12;4;12;5;12;6;13;6;14;6;14;7;14;8;14;9;14;10;14;11;14;12;14;13;13;13
3;3;13;7;12;4;12;5;12;6;13;6;14;6;14;7;14;8;14;9;14;10;14;11;14;12;14;13;13;13;12;13
0;3;13;7;12;5;12;6;13;6;14;6;14;7;14;8;14;9;14;10;14;11;14;12;14;13;13;13;12;13;11;13
0;0;13;7;12;6;13;6;14;6;14;7;14;8;14;9;14;10;14;11;14;12;14;13;13;13;12;13;11;13;11;12
0;0;13;7;13;6;14;6;14;7;14;8;14;9;14;10;14;11;14;12;14;13;13;13;12;13;11;13;11;12;11;11
0;0;13;7;14;6;14;7;14;8;14;9;14;10;14;11;14;12;14;13;13;13;12;13;11;13;11;12;11;11;11;10
0;0;13;7;14;7;14;8;14;9;14;10;14;11;14;12;14;13;13;13;12;13;11;13;11;12;11;11;11;10;11;9
0;0;13;7;14;8;14;9;14;10;14;11;14;12;14;13;13;13;12;13;11;13;11;12;11;11;11;10;11;9;11;8
1;0;13;7;14;9;14;10;14;11;14;12;14;13;13;13;12;13;11;13;11;12;11;11;11;10;11;9;11;8;11;7
1;1;13;7;14;10;14;11;14;12;14;13;13;13;12;13;11;13;11;12;11;11;11;10;11;9;11;8;11;7;12;7
1;1;0;11;14;11;14;11;14;12;14;13;13;13;12;13;11;13;11;12;11;11;11;10;11;9;11;8;11;7;12;7;13;7
1;1;0;11;14;11;14;12;14;13;13;13;12;13;11;13;11;12;11;11;11;10;11;9;11;8;11;7;12;7;13;7;14;7
2;1;0;11;14;12;14;13;13;13;12;13;11;13;11;12;11;11;11;10;11;9;11;8;11;7;12;7;13;7;14;7;15;7
2;2;0;11;14;13;13;13;12;13;11;13;11;12;11;11;11;10;11;9;11;8;11;7;12;7;13;7;14;7;15;7;15;8
2;2;0;11;13;13;12;13;11;13;11;12;11;11;11;10;11;9;11;8;11;7;12;7;13;7;14;7;15;7;15;8;15;9
2;2;0;11;12;13;11;13;11;12;11;11;11;10;11;9;11;8;11;7;12;7;13;7;14;7;15;7;15;8;15;9;15;10
2;2;0;11;11;13;11;12;11;11;11;10;11;9;11;8;11;7;12;7;13;7;14;7;15;7;15;8;15;9;15;10;15;11
2;2;0;11;11;12;11;11;11;10;11;9;11;8;11;7;12;7;13;7;14;7;15;7;15;8;15;9;15;10;15;11;15;12
2;2;0;11;11;11;11;10;11;9;11;8;11;7;12;7;13;7;14;7;15;7;15;8;15;9;15;10;15;11;15;12;15;13
2;2;0;11;11;10;11;9;11;8;11;7;12;7;13;7;14;7;15;7;15;8;15;9;15;10;15;11;15;12;15;13;15;14
3;2;0;11;11;9;11;8;11;7;12;7;13;7;14;7;15;7;15;8;15;9;15;10;15;11;15;12;15;13;15;14;15;15
3;3;0;11;11;8;11;7;12;7;13;7;14;7;15;7;15;8;15;9;15;10;15;11;15;12;15;13;15;14;15;15;14;15
3;3;0;11;11;7;12;7;13;7;14;7;15;7;15;8;15;9;15;10;15;11;15;12;15;13;15;14;15;15;14;15;13;15
3;3;0;11;12;7;13;7;14;7;15;7;15;8;15;9;15;10;15;11;15;12;15;13;15;14;15;15;14;15;13;15;12;15
3;3;0;11;13;7;14;7;15;7;15;8;15;9;15;10;15;11;15;12;15;13;15;14;15;15;14;15;13;15;12;15;11;15
3;3;0;11;14;7;15;7;15;8;15;9;15;10;15;11;15;12;15;13;15;14;15;15;14;15;13;15;12;15;11;15;10;15
3;3;0;11;15;7;15;8;15;9;15;10;15;11;15;12;15;13;15;14;15;15;14;15;13;15;12;15;11;15;10;15;9;15
3;3;0;11;15;8;15;9;15;10;15;11;15;12;15;13;15;14;15;15;14;15;13;15;12;15;11;15;10;15;9;15;8;15
3;3;0;11;15;9;15;10;15;11;15;12;15;13;15;14;15;15;14;15;13;15;12;15;11;15;10;15;9;15;8;15;7;15
3;3;0;11;15;10;15;11;15;12;15;13;15;14;15;15;14;15;13;15;12;15;11;15;10;15;9;15;8;15;7;15;6;15
3;3;0;11;15;11;15;12;15;13;15;14;15;15;14;15;13;15;12;15;11;15;10;15;9;15;8;15;7;15;6;15;5;15
3;3;0;11;15;12;15;13;15;14;15;15;14;15;13;15;12;15;11;15;10;15;9;15;8;15;7;15;6;15;5;15;4;15
3;3;0;11;15;13;15;14;15;15;14;15;13;15;12;15;11;15;10;15;9;15;8;15;7;15;6;15;5;15;4;15;3;15
3;3;0;11;15;14;15;15;14;15;13;15;12;15;11;15;10;15;9;15;8;15;7;15;6;15;5;15;4;15;3;15;2;15
3;3;0;11;15;15;14;15;13;15;12;15;11;15;10;15;9;15;8;15;7;15;6;15;5;15;4;15;3;15;2;15;1;15
0;3;0;11;14;15;13;15;12;15;11;15;10;15;9;15;8;15;7;15;6;15;5;15;4;15;3;15;2;15;1;15;0;15
0;0;0;11;13;15;12;15;11;15;10;15;9;15;8;15;7;15;6;15;5;15;4;15;3;15;2;15;1;15;0;15;0;14
0;0;0;11;12;15;11;15;10;15;9;15;8;15;7;15;6;15;5;15;4;15;3;15;2;15;1;15;0;15;0;14;0;13
0;0;0;11;11;15;10;15;9;15;8;15;7;15;6;15;5;15;4;15;3;15;2;15;1;15;0;15;0;14;0;13;0;12
0;0;19;7;10;15;10;15;9;15;8;15;7;15;6;15;5;15;4;15;3;15;2;15;1;15;0;15;0;14;0;13;0;12;0;11
0;0;19;7;10;15;9;15;8;15;7;15;6;15;5;15;4;15;3;15;2;15;1;15;0;15;0;14;0;13;0;12;0;11;0;10
1;0;19;7;9;15;8;15;7;15;6;15;5;15;4;15;3;15;2;15;1;15;0;15;0;14;0;13;0;12;0;11;0;10;0;9
1;1;19;7;8;15;7;15;6;15;5;15;4;15;3;15;2;15;1;15;0;15;0;14;0;13;0;12;0;11;0;10;0;9;1;9
1;1;19;7;7;15;6;15;5;15;4;15;3;15;2;15;1;15;0;15;0;14;0;13;0;12;0;11;0;10;0;9;1;9;2;9
1;1;19;7;6;15;5;15;4;15;3;15;2;15;1;15;0;15;0;14;0;13;0;12;0;11;0;10;0;9;1;9;2;9;3;9
1;1;19;7;5;15;4;15;3;15;2;15;1;15;0;15;0;14;0;13;0;12;0;11;0;10;0;9;1;9;2;9;3;9;4;9
1;1;19;7;4;15;3;15;2;15;1;15;0;15;0;14;0;13;0;12;0;11;0;10;0;9;1;9;2;9;3;9;4;9;5;9
1;1;19;7;3;15;2;15;1;15;0;15;0;14;0;13;0;12;0;11;0;10;0;9;1;9;2;9;3;9;4;9;5;9;6;9
1;1;19;7;2;15;1;15;0;15;0;14;0;13;0;12;0;11;0;10;0;9;1;9;2;9;3;9;4;9;5;9;6;9;7;9
1;1;19;7;1;15;0;15;0;14;0;13;0;12;0;11;0;10;0;9;1;9;2;9;3;9;4;9;5;9;6;9;7;9;8;9
1;1;19;7;0;15;0;14;0;13;0;12;0;11;0;10;0;9;1;9;2;9;3;9;4;9;5;9;6;9;7;9;8;9;9;9
1;1;19;7;0;14;0;13;0;12;0;11;0;10;0;9;1;9;2;9;3;9;4;9;5;9;6;9;7;9;8;9;9;9;10;9
1;1;19;7;0;13;0;12;0;11;0;10;0;9;1;9;2;9;3;9;4;9;5;9;6;9;7;9;8;9;9;9;10;9;11;9
1;1;19;7;0;12;0;11;0;10;0;9;1;9;2;9;3;9;4;9;5;9;6;9;7;9;8;9;9;9;10;9;11;9;12;9
1;1;19;7;0;11;0;10;0;9;1;9;2;9;3;9;4;9;5;9;6;9;7;9;8;9;9;9;10;9;11;9;12;9;13;9
1;1;19;7;0;10;0;9;1;9;2;9;3;9;4;9;5;9;6;9;7;9;8;9;9;9;10;9;11;9;12;9;13;9;14;9
1;1;19;7;0;9;1;9;2;9;3;9;4;9;5;9;6;9;7;9;8;9;9;9;10;9;11;9;12;9;13;9;14;9;15;9
1;1;19;7;1;9;2;9;3;9;4;9;5;9;6;9;7;9;8;9;9;9;10;9;11;9;12;9;13;9;14;9;15;9;16;9
1;1;19;7;2;9;3;9;4;9;5;9;6;9;7;9;8;9;9;9;10;9;11;9;12;9;13;9;14;9;15;9;16;9;17;9
1;1;19;7;3;9;4;9;5;9;6;9;7;9;8;9;9;9;10;9;11;9;12;9;13;9;14;9;15;9;16;9;17;9;18;9
0;1;19;7;4;9;5;9;6;9;7;9;8;9;9;9;10;9;11;9;12;9;13;9;14;9;15;9;16;9;17;9;18;9;19;9
0;0;19;7;5;9;6;9;7;9;8;9;9;9;10;9;11;9;12;9;13;9;14;9;15;9;16;9;17;9;18;9;19;9;19;8
0;0;14;0;6;9;6;9;7;9;8;9;9;9;10;9;11;9;12;9;13;9;14;9;15;9;16;9;17;9;18;9;19;9;19;8;19;7
0;0;14;0;6;9;7;9;8;9;9;9;10;9;11;9;12;9;13;9;14;9;15;9;16;9;17;9;18;9;19;9;19;8;19;7;19;6
0;0;14;0;7;9;8;9;9;9;10;9;11;9;12;9;13;9;14;9;15;9;16;9;17;9;18;9;19;9;19;8;19;7;19;6;19;5
0;0;14;0;8;9;9;9;10;9;11;9;12;9;13;9;14;9;15;9;16;9;17;9;18;9;19;9;19;8;19;7;19;6;19;5;19;4
0;0;14;0;9;9;10;9;11;9;12;9;13;9;14;9;15;9;16;9;17;9;18;9;19;9;19;8;19;7;19;6;19;5;19;4;19;3
0;0;14;0;10;9;11;9;12;9;13;9;14;9;15;9;16;9;17;9;18;9;19;9;19;8;19;7;19;6;19;5;19;4;19;3;19;2
0;0;14;0;11;9;12;9;13;9;14;9;15;9;16;9;17;9;18;9;19;9;19;8;19;7;19;6;19;5;19;4;19;3;19;2;19;1
3;0;14;0;12;9;13;9;14;9;15;9;16;9;17;9;18;9;19;9;19;8;19;7;19;6;19;5;19;4;19;3;19;2;19;1;19;0
3;3;14;0;13;9;14;9;15;9;16;9;17;9;18;9;19;9;19;8;19;7;19;6;19;5;19;4;19;3;19;2;19;1;19;0;18;0
3;3;14;0;14;9;15;9;16;9;17;9;18;9;19;9;19;8;19;7;19;6;19;5;19;4;19;3;19;2;19;1;19;0;18;0;17;0
3;3;14;0;15;9;16;9;17;9;18;9;19;9;19;8;19;7;19;6;19;5;19;4;19;3;19;2;19;1;19;0;18;0;17;0;16;0
3;3;14;0;16;9;17;9;18;9;19;9;19;8;19;7;19;6;19;5;19;4;19;3;19;2;19;1;19;0;18;0;17;0;16;0;15;0
3;3;19;10;17;9;17;9;18;9;19;9;19;8;19;7;19;6;19;5;19;4;19;3;19;2;19;1;19;0;18;0;17;0;16;0;15;0;14;0
3;3;19;10;17;9;18;9;19;9;19;8;19;7;19;6;19;5;19;4;19;3;19;2;19;1;19;0;18;0;17;0;16;0;15;0;14;0;13;0
3;3;19;10;18;9;19;9;19;8;19;7;19;6;19;5;19;4;19;3;19;2;19;1;19;0;18;0;17;0;16;0;15;0;14;0;13;0;12;0
2;3;19;10;19;9;19;8;19;7;19;6;19;5;19;4;19;3;19;2;19;1;19;0;18;0;17;0;16;0;15;0;14;0;13;0;12;0;11;0
2;2;19;10;19;8;19;7;19;6;19;5;19;4;19;3;19;2;19;1;19;0;18;0;17;0;16;0;15;0;14;0;13;0;12;0;11;0;11;1
2;2;19;10;19;7;19;6;19;5;19;4;19;3;19;2;19;1;19;0;18;0;17;0;16;0;15;0;14;0;13;0;12;0;11;0;11;1;11;2
2;2;19;10;19;6;19;5;19;4;19;3;19;2;19;1;19;0;18;0;17;0;16;0;15;0;14;0;13;0;12;0;11;0;11;1;11;2;11;3
2;2;19;10;19;5;19;4;19;3;19;2;19;1;19;0;18;0;17;0;16;0;15;0;14;0;13;0;12;0;11;0;11;1;11;2;11;3;11;4
1;2;19;10;19;4;19;3;19;2;19;1;19;0;18;0;17;0;16;0;15;0;14;0;13;0;12;0;11;0;11;1;11;2;11;3;11;4;11;5
1;1;19;10;19;3;19;2;19;1;19;0;18;0;17;0;16;0;15;0;14;0;13;0;12;0;11;0;11;1;11;2;11;3;11;4;11;5;12;5
1;1;19;10;19;2;19;1;19;0;18;0;17;0;16;0;15;0;14;0;13;0;12;0;11;0;11;1;11;2;11;3;11;4;11;5;12;5;13;5
1;1;19;10;19;1;19;0;18;0;17;0;16;0;15;0;14;0;13;0;12;0;11;0;11;1;11;2;11;3;11;4;11;5;12;5;13;5;14;5
1;1;19;10;19;0;18;0;17;0;16;0;15;0;14;0;13;0;12;0;11;0;11;1;11;2;11;3;11;4;11;5;12;5;13;5;14;5;15;5
1;1;19;10;18;0;17;0;16;0;15;0;14;0;13;0;12;0;11;0;11;1;11;2;11;3;11;4;11;5;12;5;13;5;14;5;15;5;16;5
1;1;19;10;17;0;16;0;15;0;14;0;13;0;12;0;11;0;11;1;11;2;11;3;11;4;11;5;12;5;13;5;14;5;15;5;16;5;17;5
1;1;19;10;16;0;15;0;14;0;13;0;12;0;11;0;11;1;11;2;11;3;11;4;11;5;12;5;13;5;14;5;15;5;16;5;17;5;18;5
2;1;19;10;15;0;14;0;13;0;12;0;11;0;11;1;11;2;11;3;11;4;11;5;12;5;13;5;14;5;15;5;16;5;17;5;18;5;19;5
2;2;19;10;14;0;13;0;12;0;11;0;11;1;11;2;11;3;11;4;11;5;12;5;13;5;14;5;15;5;16;5;17;5;18;5;19;5;19;6
2;2;19;10;13;0;12;0;11;0;11;1;11;2;11;3;11;4;11;5;12;5;13;5;14;5;15;5;16;5;17;5;18;5;19;5;19;6;19;7
2;2;19;10;12;0;11;0;11;1;11;2;11;3;11;4;11;5;12;5;13;5;14;5;15;5;16;5;17;5;18;5;19;5;19;6;19;7;19;8
2;2;19;10;11;0;11;1;11;2;11;3;11;4;11;5;12;5;13;5;14;5;15;5;16;5;17;5;18;5;19;5;19;6;19;7;19;8;19;9
2;2;5;14;11;1;11;1;11;2;11;3;11;4;11;5;12;5;13;5;14;5;15;5;16;5;17;5;18;5;19;5;19;6;19;7;19;8;19;9;19;10
2;2;5;14;11;1;11;2;11;3;11;4;11;5;12;5;13;5;14;5;15;5;16;5;17;5;18;5;19;5;19;6;19;7;19;8;19;9;19;10;19;11
2;2;5;14;11;2;11;3;11;4;11;5;12;5;13;5;14;5;15;5;16;5;17;5;18;5;19;5;19;6;19;7;19;8;19;9;19;10;19;11;19;12
3;2;5;14;11;3;11;4;11;5;12;5;13;5;14;5;15;5;16;5;17;5;18;5;19;5;19;6;19;7;19;8;19;9;19;10;19;11;19;12;19;13
3;3;5;14;11;4;11;5;12;5;13;5;14;5;15;5;16;5;17;5;18;5;19;5;19;6;19;7;19;8;19;9;19;10;19;11;19;12;19;13;18;13
3;3;5;14;11;5;12;5;13;5;14;5;15;5;16;5;17;5;18;5;19;5;19;6;19;7;19;8;19;9;19;10;19;11;19;12;19;13;18;13;17;13
2;3;5;14;12;5;13;5;14;5;15;5;16;5;17;5;18;5;19;5;19;6;19;7;19;8;19;9;19;10;19;11;19;12;19;13;18;13;17;13;16;13
3;2;5;14;13;5;14;5;15;5;16;5;17;5;18;5;19;5;19;6;19;7;19;8;19;9;19;10;19;11;19;12;19;13;18;13;17;13;16;13;16;14
3;3;5;14;14;5;15;5;16;5;17;5;18;5;19;5;19;6;19;7;19;8;19;9;19;10;19;11;19;12;19;13;18;13;17;13;16;13;16;14;15;14
3;3;5;14;15;5;16;5;17;5;18;5;19;5;19;6;19;7;19;8;19;9;19;10;19;11;19;12;19;13;18;13;17;13;16;13;16;14;15;14;14;14
3;3;5;14;16;5;17;5;18;5;19;5;19;6;19;7;19;8;19;9;19;10;19;11;19;12;19;13;18;13;17;13;16;13;16;14;15;14;14;14;13;14
3;3;5;14;17;5;18;5;19;5;19;6;19;7;19;8;19;9;19;10;19;11;19;12;19;13;18;13;17;13;16;13;16;14;15;14;14;14;13;14;12;14
3;3;5;14;18;5;19;5;19;6;19;7;19;8;19;9;19;10;19;11;19;12;19;13;18;13;17;13;16;13;16;14;15;14;14;14;13;14;12;14;11;14
3;3;5;14;19;5;19;6;19;7;19;8;19;9;19;10;19;11;19;12;19;13;18;13;17;13;16;13;16;14;15;14;14;14;13;14;12;14;11;14;10;14
3;3;5;14;19;6;19;7;19;8;19;9;19;10;19;11;19;12;19;13;18;13;17;13;16;13;16;14;15;14;14;14;13;14;12;14;11;14;10;14;9;14
3;3;5;14;19;7;19;8;19;9;19;10;19;11;19;12;19;13;18;13;17;13;16;13;16;14;15;14;14;14;13;14;12;14;11;14;10;14;9;14;8;14
3;3;5;14;19;8;19;9;19;10;19;11;19;12;19;13;18;13;17;13;16;13;16;14;15;14;14;14;13;14;12;14;11;14;10;14;9;14;8;14;7;14
3;3;5;14;19;9;19;10;19;11;19;12;19;13;18;13;17;13;16;13;16;14;15;14;14;14;13;14;12;14;11;14;10;14;9;14;8;14;7;14;6;14
3;3;16;5;19;10;19;10;19;11;19;12;19;13;18;13;17;13;16;13;16;14;15;14;14;14;13;14;12;14;11;14;10;14;9;14;8;14;7;14;6;14;5;14
0;3;16;5;19;10;19;11;19;12;19;13;18;13;17;13;16;13;16;14;15;14;14;14;13;14;12;14;11;14;10;14;9;14;8;14;7;14;6;14;5;14;4;14
0;0;16;5;19;11;19;12;19;13;18;13;17;13;16;13;16;14;15;14;14;14;13;14;12;14;11;14;10;14;9;14;8;14;7;14;6;14;5;14;4;14;4;13
0;0;16;5;19;12;19;13;18;13;17;13;16;13;16;14;15;14;14;14;13;14;12;14;11;14;10;14;9;14;8;14;7;14;6;14;5;14;4;14;4;13;4;12
0;0;16;5;19;13;18;13;17;13;16;13;16;14;15;14;14;14;13;14;12;14;11;14;10;14;9;14;8;14;7;14;6;14;5;14;4;14;4;13;4;12;4;11
0;0;16;5;18;13;17;13;16;13;16;14;15;14;14;14;13;14;12;14;11;14;10;14;9;14;8;14;7;14;6;14;5;14;4;14;4;13;4;12;4;11;4;10
0;0;16;5;17;13;16;13;16;14;15;14;14;14;13;14;12;14;11;14;10;14;9;14;8;14;7;14;6;14;5;14;4;14;4;13;4;12;4;11;4;10;4;9
0;0;16;5;16;13;16;14;15;14;14;14;13;14;12;14;11;14;10;14;9;14;8;14;7;14;6;14;5;14;4;14;4;13;4;12;4;11;4;10;4;9;4;8
0;0;16;5;16;14;15;14;14;14;13;14;12;14;11;14;10;14;9;14;8;14;7;14;6;14;5;14;4;14;4;13;4;12;4;11;4;10;4;9;4;8;4;7
0;0;16;5;15;14;14;14;13;14;12;14;11;14;10;14;9;14;8;14;7;14;6;14;5;14;4;14;4;13;4;12;4;11;4;10;4;9;4;8;4;7;4;6
1;0;16;5;14;14;13;14;12;14;11;14;10;14;9;14;8;14;7;14;6;14;5;14;4;14;4;13;4;12;4;11;4;10;4;9;4;8;4;7;4;6;4;5
1;1;16;5;13;14;12;14;11;14;10;14;9;14;8;14;7;14;6;14;5;14;4;14;4;13;4;12;4;11;4;10;4;9;4;8;4;7;4;6;4;5;5;5
1;1;16;5;12;14;11;14;10;14;9;14;8;14;7;14;6;14;5;14;4;14;4;13;4;12;4;11;4;10;4;9;4;8;4;7;4;6;4;5;5;5;6;5
1;1;16;5;11;14;10;14;9;14;8;14;7;14;6;14;5;14;4;14;4;13;4;12;4;11;4;10;4;9;4;8;4;7;4;6;4;5;5;5;6;5;7;5
1;1;16;5;10;14;9;14;8;14;7;14;6;14;5;14;4;14;4;13;4;12;4;11;4;10;4;9;4;8;4;7;4;6;4;5;5;5;6;5;7;5;8;5
1;1;16;5;9;14;8;14;7;14;6;14;5;14;4;14;4;13;4;12;4;11;4;10;4;9;4;8;4;7;4;6;4;5;5;5;6;5;7;5;8;5;9;5
1;1;16;5;8;14;7;14;6;14;5;14;4;14;4;13;4;12;4;11;4;10;4;9;4;8;4;7;4;6;4;5;5;5;6;5;7;5;8;5;9;5;10;5
1;1;16;5;7;14;6;14;5;14;4;14;4;13;4;12;4;11;4;10;4;9;4;8;4;7;4;6;4;5;5;5;6;5;7;5;8;5;9;5;10;5;11;5
1;1;16;5;6;14;5;14;4;14;4;13;4;12;4;11;4;10;4;9;4;8;4;7;4;6;4;5;5;5;6;5;7;5;8;5;9;5;10;5;11;5;12;5
1;1;16;5;5;14;4;14;4;13;4;12;4;11;4;10;4;9;4;8;4;7;4;6;4;5;5;5;6;5;7;5;8;5;9;5;10;5;11;5;12;5;13;5
1;1;16;5;4;14;4;13;4;12;4;11;4;10;4;9;4;8;4;7;4;6;4;5;5;5;6;5;7;5;8;5;9;5;10;5;11;5;12;5;13;5;14;5
1;1;16;5;4;13;4;12;4;11;4;10;4;9;4;8;4;7;4;6;4;5;5;5;6;5;7;5;8;5;9;5;10;5;11;5;12;5;13;5;14;5;15;5
1;1;14;7;4;12;4;12;4;11;4;10;4;9;4;8;4;7;4;6;4;5;5;5;6;5;7;5;8;5;9;5;10;5;11;5;12;5;13;5;14;5;15;5;16;5
2;1;14;7;4;12;4;11;4;10;4;9;4;8;4;7;4;6;4;5;5;5;6;5;7;5;8;5;9;5;10;5;11;5;12;5;13;5;14;5;15;5;16;5;17;5
2;2;14;7;4;11;4;10;4;9;4;8;4;7;4;6;4;5;5;5;6;5;7;5;8;5;9;5;10;5;11;5;12;5;13;5;14;5;15;5;16;5;17;5;17;6
3;2;14;7;4;10;4;9;4;8;4;7;4;6;4;5;5;5;6;5;7;5;8;5;9;5;10;5;11;5;12;5;13;5;14;5;15;5;16;5;17;5;17;6;17;7
3;3;14;7;4;9;4;8;4;7;4;6;4;5;5;5;6;5;7;5;8;5;9;5;10;5;11;5;12;5;13;5;14;5;15;5;16;5;17;5;17;6;17;7;16;7
3;3;14;7;4;8;4;7;4;6;4;5;5;5;6;5;7;5;8;5;9;5;10;5;11;5;12;5;13;5;14;5;15;5;16;5;17;5;17;6;17;7;16;7;15;7
3;3;13;0;4;7;4;7;4;6;4;5;5;5;6;5;7;5;8;5;9;5;10;5;11;5;12;5;13;5;14;5;15;5;16;5;17;5;17;6;17;7;16;7;15;7;14;7
3;3;13;0;4;7;4;6;4;5;5;5;6;5;7;5;8;5;9;5;10;5;11;5;12;5;13;5;14;5;15;5;16;5;17;5;17;6;17;7;16;7;15;7;14;7;13;7
2;3;13;0;4;6;4;5;5;5;6;5;7;5;8;5;9;5;10;5;11;5;12;5;13;5;14;5;15;5;16;5;17;5;17;6;17;7;16;7;15;7;14;7;13;7;12;7
2;2;13;0;4;5;5;5;6;5;7;5;8;5;9;5;10;5;11;5;12;5;13;5;14;5;15;5;16;5;17;5;17;6;17;7;16;7;15;7;14;7;13;7;12;7;12;8
3;2;13;0;5;5;6;5;7;5;8;5;9;5;10;5;11;5;12;5;13;5;14;5;15;5;16;5;17;5;17;6;17;7;16;7;15;7;14;7;13;7;12;7;12;8;12;9
3;3;13;0;6;5;7;5;8;5;9;5;10;5;11;5;12;5;13;5;14;5;15;5;16;5;17;5;17;6;17;7;16;7;15;7;14;7;13;7;12;7;12;8;12;9;11;9
3;3;13;0;7;5;8;5;9;5;10;5;11;5;12;5;13;5;14;5;15;5;16;5;17;5;17;6;17;7;16;7;15;7;14;7;13;7;12;7;12;8;12;9;11;9;10;9
3;3;13;0;8;5;9;5;10;5;11;5;12;5;13;5;14;5;15;5;16;5;17;5;17;6;17;7;16;7;15;7;14;7;13;7;12;7;12;8;12;9;11;9;10;9;9;9
3;3;13;0;9;5;10;5;11;5;12;5;13;5;14;5;15;5;16;5;17;5;17;6;17;7;16;7;15;7;14;7;13;7;12;7;12;8;12;9;11;9;10;9;9;9;8;9
3;3;13;0;10;5;11;5;12;5;13;5;14;5;15;5;16;5;17;5;17;6;17;7;16;7;15;7;14;7;13;7;12;7;12;8;12;9;11;9;10;9;9;9;8;9;7;9
0;3;13;0;11;5;12;5;13;5;14;5;15;5;16;5;17;5;17;6;17;7;16;7;15;7;14;7;13;7;12;7;12;8;12;9;11;9;10;9;9;9;8;9;7;9;6;9
0;0;13;0;12;5;13;5;14;5;15;5;16;5;17;5;17;6;17;7;16;7;15;7;14;7;13;7;12;7;12;8;12;9;11;9;10;9;9;9;8;9;7;9;6;9;6;8
0;0;13;0;13;5;14;5;15;5;16;5;17;5;17;6;17;7;16;7;15;7;14;7;13;7;12;7;12;8;12;9;11;9;10;9;9;9;8;9;7;9;6;9;6;8;6;7
0;0;13;0;14;5;15;5;16;5;17;5;17;6;17;7;16;7;15;7;14;7;13;7;12;7;12;8;12;9;11;9;10;9;9;9;8;9;7;9;6;9;6;8;6;7;6;6
0;0;13;0;15;5;16;5;17;5;17;6;17;7;16;7;15;7;14;7;13;7;12;7;12;8;12;9;11;9;10;9;9;9;8;9;7;9;6;9;6;8;6;7;6;6;6;5
0;0;13;0;16;5;17;5;17;6;17;7;16;7;15;7;14;7;13;7;12;7;12;8;12;9;11;9;10;9;9;9;8;9;7;9;6;9;6;8;6;7;6;6;6;5;6;4
0;0;13;0;17;5;17;6;17;7;16;7;15;7;14;7;13;7;12;7;12;8;12;9;11;9;10;9;9;9;8;9;7;9;6;9;6;8;6;7;6;6;6;5;6;4;6;3
0;0;13;0;17;6;17;7;16;7;15;7;14;7;13;7;12;7;12;8;12;9;11;9;10;9;9;9;8;9;7;9;6;9;6;8;6;7;6;6;6;5;6;4;6;3;6;2
0;0;13;0;17;7;16;7;15;7;14;7;13;7;12;7;12;8;12;9;11;9;10;9;9;9;8;9;7;9;6;9;6;8;6;7;6;6;6;5;6;4;6;3;6;2;6;1
1;0;13;0;16;7;15;7;14;7;13;7;12;7;12;8;12;9;11;9;10;9;9;9;8;9;7;9;6;9;6;8;6;7;6;6;6;5;6;4;6;3;6;2;6;1;6;0
1;1;13;0;15;7;14;7;13;7;12;7;12;8;12;9;11;9;10;9;9;9;8;9;7;9;6;9;6;8;6;7;6;6;6;5;6;4;6;3;6;2;6;1;6;0;7;0
1;1;13;0;14;7;13;7;12;7;12;8;12;9;11;9;10;9;9;9;8;9;7;9;6;9;6;8;6;7;6;6;6;5;6;4;6;3;6;2;6;1;6;0;7;0;8;0
1;1;13;0;13;7;12;7;12;8;12;9;11;9;10;9;9;9;8;9;7;9;6;9;6;8;6;7;6;6;6;5;6;4;6;3;6;2;6;1;6;0;7;0;8;0;9;0
1;1;13;0;12;7;12;8;12;9;11;9;10;9;9;9;8;9;7;9;6;9;6;8;6;7;6;6;6;5;6;4;6;3;6;2;6;1;6;0;7;0;8;0;9;0;10;0
1;1;13;0;12;8;12;9;11;9;10;9;9;9;8;9;7;9;6;9;6;8;6;7;6;6;6;5;6;4;6;3;6;2;6;1;6;0;7;0;8;0;9;0;10;0;11;0
1;1;13;0;12;9;11;9;10;9;9;9;8;9;7;9;6;9;6;8;6;7;6;6;6;5;6;4;6;3;6;2;6;1;6;0;7;0;8;0;9;0;10;0;11;0;12;0
1;1;15;14;11;9;11;9;10;9;9;9;8;9;7;9;6;9;6;8;6;7;6;6;6;5;6;4;6;3;6;2;6;1;6;0;7;0;8;0;9;0;10;0;11;0;12;0;13;0
2;1;15;14;11;9;10;9;9;9;8;9;7;9;6;9;6;8;6;7;6;6;6;5;6;4;6;3;6;2;6;1;6;0;7;0;8;0;9;0;10;0;11;0;12;0;13;0;14;0
2;2;15;14;10;9;9;9;8;9;7;9;6;9;6;8;6;7;6;6;6;5;6;4;6;3;6;2;6;1;6;0;7;0;8;0;9;0;10;0;11;0;12;0;13;0;14;0;14;1
2;2;15;14;9;9;8;9;7;9;6;9;6;8;6;7;6;6;6;5;6;4;6;3;6;2;6;1;6;0;7;0;8;0;9;0;10;0;11;0;12;0;13;0;14;0;14;1;14;2
2;2;15;14;8;9;7;9;6;9;6;8;6;7;6;6;6;5;6;4;6;3;6;2;6;1;6;0;7;0;8;0;9;0;10;0;11;0;12;0;13;0;14;0;14;1;14;2;14;3
2;2;15;14;7;9;6;9;6;8;6;7;6;6;6;5;6;4;6;3;6;2;6;1;6;0;7;0;8;0;9;0;10;0;11;0;12;0;13;0;14;0;14;1;14;2;14;3;14;4
2;2;15;14;6;9;6;8;6;7;6;6;6;5;6;4;6;3;6;2;6;1;6;0;7;0;8;0;9;0;10;0;11;0;12;0;13;0;14;0;14;1;14;2;14;3;14;4;14;5
2;2;15;14;6;8;6;7;6;6;6;5;6;4;6;3;6;2;6;1;6;0;7;0;8;0;9;0;10;0;11;0;12;0;13;0;14;0;14;1;14;2;14;3;14;4;14;5;14;6
2;2;15;14;6;7;6;6;6;5;6;4;6;3;6;2;6;1;6;0;7;0;8;0;9;0;10;0;11;0;12;0;13;0;14;0;14;1;14;2;14;3;14;4;14;5;14;6;14;7
1;2;15;14;6;6;6;5;6;4;6;3;6;2;6;1;6;0;7;0;8;0;9;0;10;0;11;0;12;0;13;0;14;0;14;1;14;2;14;3;14;4;14;5;14;6;14;7;14;8
2;1;15;14;6;5;6;4;6;3;6;2;6;1;6;0;7;0;8;0;9;0;10;0;11;0;12;0;13;0;14;0;14;1;14;2;14;3;14;4;14;5;14;6;14;7;14;8;15;8
2;2;15;14;6;4;6;3;6;2;6;1;6;0;7;0;8;0;9;0;10;0;11;0;12;0;13;0;14;0;14;1;14;2;14;3;14;4;14;5;14;6;14;7;14;8;15;8;15;9
2;2;15;14;6;3;6;2;6;1;6;0;7;0;8;0;9;0;10;0;11;0;12;0;13;0;14;0;14;1;14;2;14;3;14;4;14;5;14;6;14;7;14;8;15;8;15;9;15;10
2;2;15;14;6;2;6;1;6;0;7;0;8;0;9;0;10;0;11;0;12;0;13;0;14;0;14;1;14;2;14;3;14;4;14;5;14;6;14;7;14;8;15;8;15;9;15;10;15;11
2;2;15;14;6;1;6;0;7;0;8;0;9;0;10;0;11;0;12;0;13;0;14;0;14;1;14;2;14;3;14;4;14;5;14;6;14;7;14;8;15;8;15;9;15;10;15;11;15;12
2;2;15;14;6;0;7;0;8;0;9;0;10;0;11;0;12;0;13;0;14;0;14;1;14;2;14;3;14;4;14;5;14;6;14;7;14;8;15;8;15;9;15;10;15;11;15;12;15;13
2;2;6;2;7;0;7;0;8;0;9;0;10;0;11;0;12;0;13;0;14;0;14;1;14;2;14;3;14;4;14;5;14;6;14;7;14;8;15;8;15;9;15;10;15;11;15;12;15;13;15;14
3;2;6;2;7;0;8;0;9;0;10;0;11;0;12;0;13;0;14;0;14;1;14;2;14;3;14;4;14;5;14;6;14;7;14;8;15;8;15;9;15;10;15;11;15;12;15;13;15;14;15;15
3;3;6;2;8;0;9;0;10;0;11;0;12;0;13;0;14;0;14;1;14;2;14;3;14;4;14;5;14;6;14;7;14;8;15;8;15;9;15;10;15;11;15;12;15;13;15;14;15;15;14;15
3;3;6;2;9;0;10;0;11;0;12;0;13;0;14;0;14;1;14;2;14;3;14;4;14;5;14;6;14;7;14;8;15;8;15;9;15;10;15;11;15;12;15;13;15;14;15;15;14;15;13;15
3;3;6;2;10;0;11;0;12;0;13;0;14;0;14;1;14;2;14;3;14;4;14;5;14;6;14;7;14;8;15;8;15;9;15;10;15;11;15;12;15;13;15;14;15;15;14;15;13;15;12;15
3;3;6;2;11;0;12;0;13;0;14;0;14;1;14;2;14;3;14;4;14;5;14;6;14;7;14;8;15;8;15;9;15;10;15;11;15;12;15;13;15;14;15;15;14;15;13;15;12;15;11;15
3;3;6;2;12;0;13;0;14;0;14;1;14;2;14;3;14;4;14;5;14;6;14;7;14;8;15;8;15;9;15;10;15;11;15;12;15;13;15;14;15;15;14;15;13;15;12;15;11;15;10;15
3;3;6;2;13;0;14;0;14;1;14;2;14;3;14;4;14;5;14;6;14;7;14;8;15;8;15;9;15;10;15;11;15;12;15;13;15;14;15;15;14;15;13;15;12;15;11;15;10;15;9;15
3;3;6;2;14;0;14;1;14;2;14;3;14;4;14;5;14;6;14;7;14;8;15;8;15;9;15;10;15;11;15;12;15;13;15;14;15;15;14;15;13;15;12;15;11;15;10;15;9;15;8;15
0;3;6;2;14;1;14;2;14;3;14;4;14;5;14;6;14;7;14;8;15;8;15;9;15;10;15;11;15;12;15;13;15;14;15;15;14;15;13;15;12;15;11;15;10;15;9;15;8;15;7;15
0;0;6;2;14;2;14;3;14;4;14;5;14;6;14;7;14;8;15;8;15;9;15;10;15;11;15;12;15;13;15;14;15;15;14;15;13;15;12;15;11;15;10;15;9;15;8;15;7;15;7;14
0;0;6;2;14;3;14;4;14;5;14;6;14;7;14;8;15;8;15;9;15;10;15;11;15;12;15;13;15;14;15;15;14;15;13;15;12;15;11;15;10;15;9;15;8;15;7;15;7;14;7;13
0;0;6;2;14;4;14;5;14;6;14;7;14;8;15;8;15;9;15;10;15;11;15;12;15;13;15;14;15;15;14;15;13;15;12;15;11;15;10;15;9;15;8;15;7;15;7;14;7;13;7;12
0;0;6;2;14;5;14;6;14;7;14;8;15;8;15;9;15;10;15;11;15;12;15;13;15;14;15;15;14;15;13;15;12;15;11;15;10;15;9;15;8;15;7;15;7;14;7;13;7;12;7;11
0;0;6;2;14;6;14;7;14;8;15;8;15;9;15;10;15;11;15;12;15;13;15;14;15;15;14;15;13;15;12;15;11;15;10;15;9;15;8;15;7;15;7;14;7;13;7;12;7;11;7;10
0;0;6;2;14;7;14;8;15;8;15;9;15;10;15;11;15;12;15;13;15;14;15;15;14;15;13;15;12;15;11;15;10;15;9;15;8;15;7;15;7;14;7;13;7;12;7;11;7;10;7;9
0;0;6;2;14;8;15;8;15;9;15;10;15;11;15;12;15;13;15;14;15;15;14;15;13;15;12;15;11;15;10;15;9;15;8;15;7;15;7;14;7;13;7;12;7;11;7;10;7;9;7;8
0;0;6;2;15;8;15;9;15;10;15;11;15;12;15;13;15;14;15;15;14;15;13;15;12;15;11;15;10;15;9;15;8;15;7;15;7;14;7;13;7;12;7;11;7;10;7;9;7;8;7;7
0;0;6;2;15;9;15;10;15;11;15;12;15;13;15;14;15;15;14;15;13;15;12;15;11;15;10;15;9;15;8;15;7;15;7;14;7;13;7;12;7;11;7;10;7;9;7;8;7;7;7;6
0;0;6;2;15;10;15;11;15;12;15;13;15;14;15;15;14;15;13;15;12;15;11;15;10;15;9;15;8;15;7;15;7;14;7;13;7;12;7;11;7;10;7;9;7;8;7;7;7;6;7;5
0;0;6;2;15;11;15;12;15;13;15;14;15;15;14;15;13;15;12;15;11;15;10;15;9;15;8;15;7;15;7;14;7;13;7;12;7;11;7;10;7;9;7;8;7;7;7;6;7;5;7;4
0;0;6;2;15;12;15;13;15;14;15;15;14;15;13;15;12;15;11;15;10;15;9;15;8;15;7;15;7;14;7;13;7;12;7;11;7;10;7;9;7;8;7;7;7;6;7;5;7;4;7;3
3;0;6;2;15;13;15;14;15;15;14;15;13;15;12;15;11;15;10;15;9;15;8;15;7;15;7;14;7;13;7;12;7;11;7;10;7;9;7;8;7;7;7;6;7;5;7;4;7;3;7;2
3;3;7;18;15;14;15;14;15;15;14;15;13;15;12;15;11;15;10;15;9;15;8;15;7;15;7;14;7;13;7;12;7;11;7;10;7;9;7;8;7;7;7;6;7;5;7;4;7;3;7;2;6;2
3;3;7;18;15;14;15;15;14;15;13;15;12;15;11;15;10;15;9;15;8;15;7;15;7;14;7;13;7;12;7;11;7;10;7;9;7;8;7;7;7;6;7;5;7;4;7;3;7;2;6;2;5;2
2;3;7;18;15;15;14;15;13;15;12;15;11;15;10;15;9;15;8;15;7;15;7;14;7;13;7;12;7;11;7;10;7;9;7;8;7;7;7;6;7;5;7;4;7;3;7;2;6;2;5;2;4;2
2;2;7;18;14;15;13;15;12;15;11;15;10;15;9;15;8;15;7;15;7;14;7;13;7;12;7;11;7;10;7;9;7;8;7;7;7;6;7;5;7;4;7;3;7;2;6;2;5;2;4;2;4;3
2;2;7;18;13;15;12;15;11;15;10;15;9;15;8;15;7;15;7;14;7;13;7;12;7;11;7;10;7;9;7;8;7;7;7;6;7;5;7;4;7;3;7;2;6;2;5;2;4;2;4;3;4;4
2;2;7;18;12;15;11;15;10;15;9;15;8;15;7;15;7;14;7;13;7;12;7;11;7;10;7;9;7;8;7;7;7;6;7;5;7;4;7;3;7;2;6;2;5;2;4;2;4;3;4;4;4;5
2;2;7;18;11;15;10;15;9;15;8;15;7;15;7;14;7;13;7;12;7;11;7;10;7;9;7;8;7;7;7;6;7;5;7;4;7;3;7;2;6;2;5;2;4;2;4;3;4;4;4;5;4;6
2;2;7;18;10;15;9;15;8;15;7;15;7;14;7;13;7;12;7;11;7;10;7;9;7;8;7;7;7;6;7;5;7;4;7;3;7;2;6;2;5;2;4;2;4;3;4;4;4;5;4;6;4;7
2;2;7;18;9;15;8;15;7;15;7;14;7;13;7;12;7;11;7;10;7;9;7;8;7;7;7;6;7;5;7;4;7;3;7;2;6;2;5;2;4;2;4;3;4;4;4;5;4;6;4;7;4;8
2;2;7;18;8;15;7;15;7;14;7;13;7;12;7;11;7;10;7;9;7;8;7;7;7;6;7;5;7;4;7;3;7;2;6;2;5;2;4;2;4;3;4;4;4;5;4;6;4;7;4;8;4;9
2;2;7;18;7;15;7;14;7;13;7;12;7;11;7;10;7;9;7;8;7;7;7;6;7;5;7;4;7;3;7;2;6;2;5;2;4;2;4;3;4;4;4;5;4;6;4;7;4;8;4;9;4;10
2;2;7;18;7;14;7;13;7;12;7;11;7;10;7;9;7;8;7;7;7;6;7;5;7;4;7;3;7;2;6;2;5;2;4;2;4;3;4;4;4;5;4;6;4;7;4;8;4;9;4;10;4;11
2;2;7;18;7;13;7;12;7;11;7;10;7;9;7;8;7;7;7;6;7;5;7;4;7;3;7;2;6;2;5;2;4;2;4;3;4;4;4;5;4;6;4;7;4;8;4;9;4;10;4;11;4;12
2;2;7;18;7;12;7;11;7;10;7;9;7;8;7;7;7;6;7;5;7;4;7;3;7;2;6;2;5;2;4;2;4;3;4;4;4;5;4;6;4;7;4;8;4;9;4;10;4;11;4;12;4;13
2;2;7;18;7;11;7;10;7;9;7;8;7;7;7;6;7;5;7;4;7;3;7;2;6;2;5;2;4;2;4;3;4;4;4;5;4;6;4;7;4;8;4;9;4;10;4;11;4;12;4;13;4;14
2;2;7;18;7;10;7;9;7;8;7;7;7;6;7;5;7;4;7;3;7;2;6;2;5;2;4;2;4;3;4;4;4;5;4;6;4;7;4;8;4;9;4;10;4;11;4;12;4;13;4;14;4;15
2;2;7;18;7;9;7;8;7;7;7;6;7;5;7;4;7;3;7;2;6;2;5;2;4;2;4;3;4;4;4;5;4;6;4;7;4;8;4;9;4;10;4;11;4;12;4;13;4;14;4;15;4;16
2;2;7;18;7;8;7;7;7;6;7;5;7;4;7;3;7;2;6;2;5;2;4;2;4;3;4;4;4;5;4;6;4;7;4;8;4;9;4;10;4;11;4;12;4;13;4;14;4;15;4;16;4;17
1;2;7;18;7;7;7;6;7;5;7;4;7;3;7;2;6;2;5;2;4;2;4;3;4;4;4;5;4;6;4;7;4;8;4;9;4;10;4;11;4;12;4;13;4;14;4;15;4;16;4;17;4;18
1;1;7;18;7;6;7;5;7;4;7;3;7;2;6;2;5;2;4;2;4;3;4;4;4;5;4;6;4;7;4;8;4;9;4;10;4;11;4;12;4;13;4;14;4;15;4;16;4;17;4;18;5;18
1;1;7;18;7;5;7;4;7;3;7;2;6;2;5;2;4;2;4;3;4;4;4;5;4;6;4;7;4;8;4;9;4;10;4;11;4;12;4;13;4;14;4;15;4;16;4;17;4;18;5;18;6;18
1;1;6;13;7;4;7;4;7;3;7;2;6;2;5;2;4;2;4;3;4;4;4;5;4;6;4;7;4;8;4;9;4;10;4;11;4;12;4;13;4;14;4;15;4;16;4;17;4;18;5;18;6;18;7;18
1;1;6;13;7;4;7;3;7;2;6;2;5;2;4;2;4;3;4;4;4;5;4;6;4;7;4;8;4;9;4;10;4;11;4;12;4;13;4;14;4;15;4;16;4;17;4;18;5;18;6;18;7;18;8;18
1;1;6;13;7;3;7;2;6;2;5;2;4;2;4;3;4;4;4;5;4;6;4;7;4;8;4;9;4;10;4;11;4;12;4;13;4;14;4;15;4;16;4;17;4;18;5;18;6;18;7;18;8;18;9;18
0;1;6;13;7;2;6;2;5;2;4;2;4;3;4;4;4;5;4;6;4;7;4;8;4;9;4;10;4;11;4;12;4;13;4;14;4;15;4;16;4;17;4;18;5;18;6;18;7;18;8;18;9;18;10;18
0;0;6;13;6;2;5;2;4;2;4;3;4;4;4;5;4;6;4;7;4;8;4;9;4;10;4;11;4;12;4;13;4;14;4;15;4;16;4;17;4;18;5;18;6;18;7;18;8;18;9;18;10;18;10;17
0;0;6;13;5;2;4;2;4;3;4;4;4;5;4;6;4;7;4;8;4;9;4;10;4;11;4;12;4;13;4;14;4;15;4;16;4;17;4;18;5;18;6;18;7;18;8;18;9;18;10;18;10;17;10;16
0;0;6;13;4;2;4;3;4;4;4;5;4;6;4;7;4;8;4;9;4;10;4;11;4;12;4;13;4;14;4;15;4;16;4;17;4;18;5;18;6;18;7;18;8;18;9;18;10;18;10;17;10;16;10;15
0;0;6;13;4;3;4;4;4;5;4;6;4;7;4;8;4;9;4;10;4;11;4;12;4;13;4;14;4;15;4;16;4;17;4;18;5;18;6;18;7;18;8;18;9;18;10;18;10;17;10;16;10;15;10;14
3;0;6;13;4;4;4;5;4;6;4;7;4;8;4;9;4;10;4;11;4;12;4;13;4;14;4;15;4;16;4;17;4;18;5;18;6;18;7;18;8;18;9;18;10;18;10;17;10;16;10;15;10;14;10;13
3;3;6;13;4;5;4;6;4;7;4;8;4;9;4;10;4;11;4;12;4;13;4;14;4;15;4;16;4;17;4;18;5;18;6;18;7;18;8;18;9;18;10;18;10;17;10;16;10;15;10;14;10;13;9;13
3;3;6;13;4;6;4;7;4;8;4;9;4;10;4;11;4;12;4;13;4;14;4;15;4;16;4;17;4;18;5;18;6;18;7;18;8;18;9;18;10;18;10;17;10;16;10;15;10;14;10;13;9;13;8;13
3;3;6;13;4;7;4;8;4;9;4;10;4;11;4;12;4;13;4;14;4;15;4;16;4;17;4;18;5;18;6;18;7;18;8;18;9;18;10;18;10;17;10;16;10;15;10;14;10;13;9;13;8;13;7;13
0;3;16;19;4;8;4;8;4;9;4;10;4;11;4;12;4;13;4;14;4;15;4;16;4;17;4;18;5;18;6;18;7;18;8;18;9;18;10;18;10;17;10;16;10;15;10;14;10;13;9;13;8;13;7;13;6;13
0;0;16;19;4;8;4;9;4;10;4;11;4;12;4;13;4;14;4;15;4;16;4;17;4;18;5;18;6;18;7;18;8;18;9;18;10;18;10;17;10;16;10;15;10;14;10;13;9;13;8;13;7;13;6;13;6;12
0;0;16;19;4;9;4;10;4;11;4;12;4;13;4;14;4;15;4;16;4;17;4;18;5;18;6;18;7;18;8;18;9;18;10;18;10;17;10;16;10;15;10;14;10;13;9;13;8;13;7;13;6;13;6;12;6;11
1;0;16;19;4;10;4;11;4;12;4;13;4;14;4;15;4;16;4;17;4;18;5;18;6;18;7;18;8;18;9;18;10;18;10;17;10;16;10;15;10;14;10;13;9;13;8;13;7;13;6;13;6;12;6;11;6;10
1;1;16;19;4;11;4;12;4;13;4;14;4;15;4;16;4;17;4;18;5;18;6;18;7;18;8;18;9;18;10;18;10;17;10;16;10;15;10;14;10;13;9;13;8;13;7;13;6;13;6;12;6;11;6;10;7;10
1;1;16;19;4;12;4;13;4;14;4;15;4;16;4;17;4;18;5;18;6;18;7;18;8;18;9;18;10;18;10;17;10;16;10;15;10;14;10;13;9;13;8;13;7;13;6;13;6;12;6;11;6;10;7;10;8;10
1;1;16;19;4;13;4;14;4;15;4;16;4;17;4;18;5;18;6;18;7;18;8;18;9;18;10;18;10;17;10;16;10;15;10;14;10;13;9;13;8;13;7;13;6;13;6;12;6;11;6;10;7;10;8;10;9;10
1;1;16;19;4;14;4;15;4;16;4;17;4;18;5;18;6;18;7;18;8;18;9;18;10;18;10;17;10;16;10;15;10;14;10;13;9;13;8;13;7;13;6;13;6;12;6;11;6;10;7;10;8;10;9;10;10;10
1;1;16;19;4;15;4;16;4;17;4;18;5;18;6;18;7;18;8;18;9;18;10;18;10;17;10;16;10;15;10;14;10;13;9;13;8;13;7;13;6;13;6;12;6;11;6;10;7;10;8;10;9;10;10;10;11;10
1;1;16;19;4;16;4;17;4;18;5;18;6;18;7;18;8;18;9;18;10;18;10;17;10;16;10;15;10;14;10;13;9;13;8;13;7;13;6;13;6;12;6;11;6;10;7;10;8;10;9;10;10;10;11;10;12;10
2;1;16;19;4;17;4;18;5;18;6;18;7;18;8;18;9;18;10;18;10;17;10;16;10;15;10;14;10;13;9;13;8;13;7;13;6;13;6;12;6;11;6;10;7;10;8;10;9;10;10;10;11;10;12;10;13;10
2;2;16;19;4;18;5;18;6;18;7;18;8;18;9;18;10;18;10;17;10;16;10;15;10;14;10;13;9;13;8;13;7;13;6;13;6;12;6;11;6;10;7;10;8;10;9;10;10;10;11;10;12;10;13;10;13;11
2;2;16;19;5;18;6;18;7;18;8;18;9;18;10;18;10;17;10;16;10;15;10;14;10;13;9;13;8;13;7;13;6;13;6;12;6;11;6;10;7;10;8;10;9;10;10;10;11;10;12;10;13;10;13;11;13;12
2;2;16;19;6;18;7;18;8;18;9;18;10;18;10;17;10;16;10;15;10;14;10;13;9;13;8;13;7;13;6;13;6;12;6;11;6;10;7;10;8;10;9;10;10;10;11;10;12;10;13;10;13;11;13;12;13;13
2;2;16;19;7;18;8;18;9;18;10;18;10;17;10;16;10;15;10;14;10;13;9;13;8;13;7;13;6;13;6;12;6;11;6;10;7;10;8;10;9;10;10;10;11;10;12;10;13;10;13;11;13;12;13;13;13;14
2;2;16;19;8;18;9;18;10;18;10;17;10;16;10;15;10;14;10;13;9;13;8;13;7;13;6;13;6;12;6;11;6;10;7;10;8;10;9;10;10;10;11;10;12;10;13;10;13;11;13;12;13;13;13;14;13;15
2;2;16;19;9;18;10;18;10;17;10;16;10;15;10;14;10;13;9;13;8;13;7;13;6;13;6;12;6;11;6;10;7;10;8;10;9;10;10;10;11;10;12;10;13;10;13;11;13;12;13;13;13;14;13;15;13;16
2;2;16;19;10;18;10;17;10;16;10;15;10;14;10;13;9;13;8;13;7;13;6;13;6;12;6;11;6;10;7;10;8;10;9;10;10;10;11;10;12;10;13;10;13;11;13;12;13;13;13;14;13;15;13;16;13;17
2;2;16;19;10;17;10;16;10;15;10;14;10;13;9;13;8;13;7;13;6;13;6;12;6;11;6;10;7;10;8;10;9;10;10;10;11;10;12;10;13;10;13;11;13;12;13;13;13;14;13;15;13;16;13;17;13;18
1;2;16;19;10;16;10;15;10;14;10;13;9;13;8;13;7;13;6;13;6;12;6;11;6;10;7;10;8;10;9;10;10;10;11;10;12;10;13;10;13;11;13;12;13;13;13;14;13;15;13;16;13;17;13;18;13;19
1;1;16;19;10;15;10;14;10;13;9;13;8;13;7;13;6;13;6;12;6;11;6;10;7;10;8;10;9;10;10;10;11;10;12;10;13;10;13;11;13;12;13;13;13;14;13;15;13;16;13;17;13;18;13;19;14;19
1;1;16;19;10;14;10;13;9;13;8;13;7;13;6;13;6;12;6;11;6;10;7;10;8;10;9;10;10;10;11;10;12;10;13;10;13;11;13;12;13;13;13;14;13;15;13;16;13;17;13;18;13;19;14;19;15;19
1;1;15;11;10;13;10;13;9;13;8;13;7;13;6;13;6;12;6;11;6;10;7;10;8;10;9;10;10;10;11;10;12;10;13;10;13;11;13;12;13;13;13;14;13;15;13;16;13;17;13;18;13;19;14;19;15;19;16;19
0;1;15;11;10;13;9;13;8;13;7;13;6;13;6;12;6;11;6;10;7;10;8;10;9;10;10;10;11;10;12;10;13;10;13;11;13;12;13;13;13;14;13;15;13;16;13;17;13;18;13;19;14;19;15;19;16;19;17;19
0;0;15;11;9;13;8;13;7;13;6;13;6;12;6;11;6;10;7;10;8;10;9;10;10;10;11;10;12;10;13;10;13;11;13;12;13;13;13;14;13;15;13;16;13;17;13;18;13;19;14;19;15;19;16;19;17;19;17;18
0;0;15;11;8;13;7;13;6;13;6;12;6;11;6;10;7;10;8;10;9;10;10;10;11;10;12;10;13;10;13;11;13;12;13;13;13;14;13;15;13;16;13;17;13;18;13;19;14;19;15;19;16;19;17;19;17;18;17;17
0;0;15;11;7;13;6;13;6;12;6;11;6;10;7;10;8;10;9;10;10;10;11;10;12;10;13;10;13;11;13;12;13;13;13;14;13;15;13;16;13;17;13;18;13;19;14;19;15;19;16;19;17;19;17;18;17;17;17;16
0;0;15;11;6;13;6;12;6;11;6;10;7;10;8;10;9;10;10;10;11;10;12;10;13;10;13;11;13;12;13;13;13;14;13;15;13;16;13;17;13;18;13;19;14;19;15;19;16;19;17;19;17;18;17;17;17;16;17;15
3;0;15;11;6;12;6;11;6;10;7;10;8;10;9;10;10;10;11;10;12;10;13;10;13;11;13;12;13;13;13;14;13;15;13;16;13;17;13;18;13;19;14;19;15;19;16;19;17;19;17;18;17;17;17;16;17;15;17;14
3;3;15;11;6;11;6;10;7;10;8;10;9;10;10;10;11;10;12;10;13;10;13;11;13;12;13;13;13;14;13;15;13;16;13;17;13;18;13;19;14;19;15;19;16;19;17;19;17;18;17;17;17;16;17;15;17;14;16;14
0;3;15;11;6;10;7;10;8;10;9;10;10;10;11;10;12;10;13;10;13;11;13;12;13;13;13;14;13;15;13;16;13;17;13;18;13;19;14;19;15;19;16;19;17;19;17;18;17;17;17;16;17;15;17;14;16;14;15;14
0;0;15;11;7;10;8;10;9;10;10;10;11;10;12;10;13;10;13;11;13;12;13;13;13;14;13;15;13;16;13;17;13;18;13;19;14;19;15;19;16;19;17;19;17;18;17;17;17;16;17;15;17;14;16;14;15;14;15;13
0;0;15;11;8;10;9;10;10;10;11;10;12;10;13;10;13;11;13;12;13;13;13;14;13;15;13;16;13;17;13;18;13;19;14;19;15;19;16;19;17;19;17;18;17;17;17;16;17;15;17;14;16;14;15;14;15;13;15;12
0;0;15;8;9;10;9;10;10;10;11;10;12;10;13;10;13;11;13;12;13;13;13;14;13;15;13;16;13;17;13;18;13;19;14;19;15;19;16;19;17;19;17;18;17;17;17;16;17;15;17;14;16;14;15;14;15;13;15;12;15;11
0;0;15;8;9;10;10;10;11;10;12;10;13;10;13;11;13;12;13;13;13;14;13;15;13;16;13;17;13;18;13;19;14;19;15;19;16;19;17;19;17;18;17;17;17;16;17;15;17;14;16;14;15;14;15;13;15;12;15;11;15;10
0;0;15;8;10;10;11;10;12;10;13;10;13;11;13;12;13;13;13;14;13;15;13;16;13;17;13;18;13;19;14;19;15;19;16;19;17;19;17;18;17;17;17;16;17;15;17;14;16;14;15;14;15;13;15;12;15;11;15;10;15;9
0;0;5;13;11;10;11;10;12;10;13;10;13;11;13;12;13;13;13;14;13;15;13;16;13;17;13;18;13;19;14;19;15;19;16;19;17;19;17;18;17;17;17;16;17;15;17;14;16;14;15;14;15;13;15;12;15;11;15;10;15;9;15;8
0;0;5;13;11;10;12;10;13;10;13;11;13;12;13;13;13;14;13;15;13;16;13;17;13;18;13;19;14;19;15;19;16;19;17;19;17;18;17;17;17;16;17;15;17;14;16;14;15;14;15;13;15;12;15;11;15;10;15;9;15;8;15;7
3;0;5;13;12;10;13;10;13;11;13;12;13;13;13;14;13;15;13;16;13;17;13;18;13;19;14;19;15;19;16;19;17;19;17;18;17;17;17;16;17;15;17;14;16;14;15;14;15;13;15;12;15;11;15;10;15;9;15;8;15;7;15;6
3;3;5;13;13;10;13;11;13;12;13;13;13;14;13;15;13;16;13;17;13;18;13;19;14;19;15;19;16;19;17;19;17;18;17;17;17;16;17;15;17;14;16;14;15;14;15;13;15;12;15;11;15;10;15;9;15;8;15;7;15;6;14;6
3;3;5;13;13;11;13;12;13;13;13;14;13;15;13;16;13;17;13;18;13;19;14;19;15;19;16;19;17;19;17;18;17;17;17;16;17;15;17;14;16;14;15;14;15;13;15;12;15;11;15;10;15;9;15;8;15;7;15;6;14;6;13;6
3;3;5;13;13;12;13;13;13;14;13;15;13;16;13;17;13;18;13;19;14;19;15;19;16;19;17;19;17;18;17;17;17;16;17;15;17;14;16;14;15;14;15;13;15;12;15;11;15;10;15;9;15;8;15;7;15;6;14;6;13;6;12;6
3;3;5;13;13;13;13;14;13;15;13;16;13;17;13;18;13;19;14;19;15;19;16;19;17;19;17;18;17;17;17;16;17;15;17;14;16;14;15;14;15;13;15;12;15;11;15;10;15;9;15;8;15;7;15;6;14;6;13;6;12;6;11;6
3;3;5;13;13;14;13;15;13;16;13;17;13;18;13;19;14;19;15;19;16;19;17;19;17;18;17;17;17;16;17;15;17;14;16;14;15;14;15;13;15;12;15;11;15;10;15;9;15;8;15;7;15;6;14;6;13;6;12;6;11;6;10;6
3;3;5;13;13;15;13;16;13;17;13;18;13;19;14;19;15;19;16;19;17;19;17;18;17;17;17;16;17;15;17;14;16;14;15;14;15;13;15;12;15;11;15;10;15;9;15;8;15;7;15;6;14;6;13;6;12;6;11;6;10;6;9;6
3;3;5;13;13;16;13;17;13;18;13;19;14;19;15;19;16;19;17;19;17;18;17;17;17;16;17;15;17;14;16;14;15;14;15;13;15;12;15;11;15;10;15;9;15;8;15;7;15;6;14;6;13;6;12;6;11;6;10;6;9;6;8;6
3;3;5;13;13;17;13;18;13;19;14;19;15;19;16;19;17;19;17;18;17;17;17;16;17;15;17;14;16;14;15;14;15;13;15;12;15;11;15;10;15;9;15;8;15;7;15;6;14;6;13;6;12;6;11;6;10;6;9;6;8;6;7;6
3;3;5;13;13;18;13;19;14;19;15;19;16;19;17;19;17;18;17;17;17;16;17;15;17;14;16;14;15;14;15;13;15;12;15;11;15;10;15;9;15;8;15;7;15;6;14;6;13;6;12;6;11;6;10;6;9;6;8;6;7;6;6;6
2;3;5;13;13;19;14;19;15;19;16;19;17;19;17;18;17;17;17;16;17;15;17;14;16;14;15;14;15;13;15;12;15;11;15;10;15;9;15;8;15;7;15;6;14;6;13;6;12;6;11;6;10;6;9;6;8;6;7;6;6;6;5;6
2;2;5;13;14;19;15;19;16;19;17;19;17;18;17;17;17;16;17;15;17;14;16;14;15;14;15;13;15;12;15;11;15;10;15;9;15;8;15;7;15;6;14;6;13;6;12;6;11;6;10;6;9;6;8;6;7;6;6;6;5;6;5;7
2;2;5;13;15;19;16;19;17;19;17;18;17;17;17;16;17;15;17;14;16;14;15;14;15;13;15;12;15;11;15;10;15;9;15;8;15;7;15;6;14;6;13;6;12;6;11;6;10;6;9;6;8;6;7;6;6;6;5;6;5;7;5;8
2;2;5;13;16;19;17;19;17;18;17;17;17;16;17;15;17;14;16;14;15;14;15;13;15;12;15;11;15;10;15;9;15;8;15;7;15;6;14;6;13;6;12;6;11;6;10;6;9;6;8;6;7;6;6;6;5;6;5;7;5;8;5;9
2;2;5;13;17;19;17;18;17;17;17;16;17;15;17;14;16;14;15;14;15;13;15;12;15;11;15;10;15;9;15;8;15;7;15;6;14;6;13;6;12;6;11;6;10;6;9;6;8;6;7;6;6;6;5;6;5;7;5;8;5;9;5;10
2;2;5;13;17;18;17;17;17;16;17;15;17;14;16;14;15;14;15;13;15;12;15;11;15;10;15;9;15;8;15;7;15;6;14;6;13;6;12;6;11;6;10;6;9;6;8;6;7;6;6;6;5;6;5;7;5;8;5;9;5;10;5;11
2;2;5;13;17;17;17;16;17;15;17;14;16;14;15;14;15;13;15;12;15;11;15;10;15;9;15;8;15;7;15;6;14;6;13;6;12;6;11;6;10;6;9;6;8;6;7;6;6;6;5;6;5;7;5;8;5;9;5;10;5;11;5;12
2;2;19;8;17;16;17;16;17;15;17;14;16;14;15;14;15;13;15;12;15;11;15;10;15;9;15;8;15;7;15;6;14;6;13;6;12;6;11;6;10;6;9;6;8;6;7;6;6;6;5;6;5;7;5;8;5;9;5;10;5;11;5;12;5;13
2;2;19;8;17;16;17;15;17;14;16;14;15;14;15;13;15;12;15;11;15;10;15;9;15;8;15;7;15;6;14;6;13;6;12;6;11;6;10;6;9;6;8;6;7;6;6;6;5;6;5;7;5;8;5;9;5;10;5;11;5;12;5;13;5;14
1;2;19;8;17;15;17;14;16;14;15;14;15;13;15;12;15;11;15;10;15;9;15;8;15;7;15;6;14;6;13;6;12;6;11;6;10;6;9;6;8;6;7;6;6;6;5;6;5;7;5;8;5;9;5;10;5;11;5;12;5;13;5;14;5;15
1;1;19;8;17;14;16;14;15;14;15;13;15;12;15;11;15;10;15;9;15;8;15;7;15;6;14;6;13;6;12;6;11;6;10;6;9;6;8;6;7;6;6;6;5;6;5;7;5;8;5;9;5;10;5;11;5;12;5;13;5;14;5;15;6;15
1;1;19;8;16;14;15;14;15;13;15;12;15;11;15;10;15;9;15;8;15;7;15;6;14;6;13;6;12;6;11;6;10;6;9;6;8;6;7;6;6;6;5;6;5;7;5;8;5;9;5;10;5;11;5;12;5;13;5;14;5;15;6;15;7;15
1;1;19;8;15;14;15;13;15;12;15;11;15;10;15;9;15;8;15;7;15;6;14;6;13;6;12;6;11;6;10;6;9;6;8;6;7;6;6;6;5;6;5;7;5;8;5;9;5;10;5;11;5;12;5;13;5;14;5;15;6;15;7;15;8;15
1;1;19;8;15;13;15;12;15;11;15;10;15;9;15;8;15;7;15;6;14;6;13;6;12;6;11;6;10;6;9;6;8;6;7;6;6;6;5;6;5;7;5;8;5;9;5;10;5;11;5;12;5;13;5;14;5;15;6;15;7;15;8;15;9;15
2;1;19;8;15;12;15;11;15;10;15;9;15;8;15;7;15;6;14;6;13;6;12;6;11;6;10;6;9;6;8;6;7;6;6;6;5;6;5;7;5;8;5;9;5;10;5;11;5;12;5;13;5;14;5;15;6;15;7;15;8;15;9;15;10;15
1;2;19;8;15;11;15;10;15;9;15;8;15;7;15;6;14;6;13;6;12;6;11;6;10;6;9;6;8;6;7;6;6;6;5;6;5;7;5;8;5;9;5;10;5;11;5;12;5;13;5;14;5;15;6;15;7;15;8;15;9;15;10;15;10;16
1;1;19;8;15;10;15;9;15;8;15;7;15;6;14;6;13;6;12;6;11;6;10;6;9;6;8;6;7;6;6;6;5;6;5;7;5;8;5;9;5;10;5;11;5;12;5;13;5;14;5;15;6;15;7;15;8;15;9;15;10;15;10;16;11;16
1;1;19;8;15;9;15;8;15;7;15;6;14;6;13;6;12;6;11;6;10;6;9;6;8;6;7;6;6;6;5;6;5;7;5;8;5;9;5;10;5;11;5;12;5;13;5;14;5;15;6;15;7;15;8;15;9;15;10;15;10;16;11;16;12;16
1;1;19;8;15;8;15;7;15;6;14;6;13;6;12;6;11;6;10;6;9;6;8;6;7;6;6;6;5;6;5;7;5;8;5;9;5;10;5;11;5;12;5;13;5;14;5;15;6;15;7;15;8;15;9;15;10;15;10;16;11;16;12;16;13;16
1;1;19;8;15;7;15;6;14;6;13;6;12;6;11;6;10;6;9;6;8;6;7;6;6;6;5;6;5;7;5;8;5;9;5;10;5;11;5;12;5;13;5;14;5;15;6;15;7;15;8;15;9;15;10;15;10;16;11;16;12;16;13;16;14;16
1;1;19;8;15;6;14;6;13;6;12;6;11;6;10;6;9;6;8;6;7;6;6;6;5;6;5;7;5;8;5;9;5;10;5;11;5;12;5;13;5;14;5;15;6;15;7;15;8;15;9;15;10;15;10;16;11;16;12;16;13;16;14;16;15;16
1;1;19;8;14;6;13;6;12;6;11;6;10;6;9;6;8;6;7;6;6;6;5;6;5;7;5;8;5;9;5;10;5;11;5;12;5;13;5;14;5;15;6;15;7;15;8;15;9;15;10;15;10;16;11;16;12;16;13;16;14;16;15;16;16;16
1;1;19;8;13;6;12;6;11;6;10;6;9;6;8;6;7;6;6;6;5;6;5;7;5;8;5;9;5;10;5;11;5;12;5;13;5;14;5;15;6;15;7;15;8;15;9;15;10;15;10;16;11;16;12;16;13;16;14;16;15;16;16;16;17;16
1;1;19;8;12;6;11;6;10;6;9;6;8;6;7;6;6;6;5;6;5;7;5;8;5;9;5;10;5;11;5;12;5;13;5;14;5;15;6;15;7;15;8;15;9;15;10;15;10;16;11;16;12;16;13;16;14;16;15;16;16;16;17;16;18;16
0;1;19;8;11;6;10;6;9;6;8;6;7;6;6;6;5;6;5;7;5;8;5;9;5;10;5;11;5;12;5;13;5;14;5;15;6;15;7;15;8;15;9;15;10;15;10;16;11;16;12;16;13;16;14;16;15;16;16;16;17;16;18;16;19;16
0;0;19;8;10;6;9;6;8;6;7;6;6;6;5;6;5;7;5;8;5;9;5;10;5;11;5;12;5;13;5;14;5;15;6;15;7;15;8;15;9;15;10;15;10;16;11;16;12;16;13;16;14;16;15;16;16;16;17;16;18;16;19;16;19;15
0;0;19;8;9;6;8;6;7;6;6;6;5;6;5;7;5;8;5;9;5;10;5;11;5;12;5;13;5;14;5;15;6;15;7;15;8;15;9;15;10;15;10;16;11;16;12;16;13;16;14;16;15;16;16;16;17;16;18;16;19;16;19;15;19;14
0;0;19;8;8;6;7;6;6;6;5;6;5;7;5;8;5;9;5;10;5;11;5;12;5;13;5;14;5;15;6;15;7;15;8;15;9;15;10;15;10;16;11;16;12;16;13;16;14;16;15;16;16;16;17;16;18;16;19;16;19;15;19;14;19;13
0;0;19;8;7;6;6;6;5;6;5;7;5;8;5;9;5;10;5;11;5;12;5;13;5;14;5;15;6;15;7;15;8;15;9;15;10;15;10;16;11;16;12;16;13;16;14;16;15;16;16;16;17;16;18;16;19;16;19;15;19;14;19;13;19;12
0;0;19;8;6;6;5;6;5;7;5;8;5;9;5;10;5;11;5;12;5;13;5;14;5;15;6;15;7;15;8;15;9;15;10;15;10;16;11;16;12;16;13;16;14;16;15;16;16;16;17;16;18;16;19;16;19;15;19;14;19;13;19;12;19;11
0;0;19;8;5;6;5;7;5;8;5;9;5;10;5;11;5;12;5;13;5;14;5;15;6;15;7;15;8;15;9;15;10;15;10;16;11;16;12;16;13;16;14;16;15;16;16;16;17;16;18;16;19;16;19;15;19;14;19;13;19;12;19;11;19;10
0;0;19;8;5;7;5;8;5;9;5;10;5;11;5;12;5;13;5;14;5;15;6;15;7;15;8;15;9;15;10;15;10;16;11;16;12;16;13;16;14;16;15;16;16;16;17;16;18;16;19;16;19;15;19;14;19;13;19;12;19;11;19;10;19;9
0;0;1;6;5;8;5;8;5;9;5;10;5;11;5;12;5;13;5;14;5;15;6;15;7;15;8;15;9;15;10;15;10;16;11;16;12;16;13;16;14;16;15;16;16;16;17;16;18;16;19;16;19;15;19;14;19;13;19;12;19;11;19;10;19;9;19;8
0;0;1;6;5;8;5;9;5;10;5;11;5;12;5;13;5;14;5;15;6;15;7;15;8;15;9;15;10;15;10;16;11;16;12;16;13;16;14;16;15;16;16;16;17;16;18;16;19;16;19;15;19;14;19;13;19;12;19;11;19;10;19;9;19;8;19;7
3;0;1;6;5;9;5;10;5;11;5;12;5;13;5;14;5;15;6;15;7;15;8;15;9;15;10;15;10;16;11;16;12;16;13;16;14;16;15;16;16;16;17;16;18;16;19;16;19;15;19;14;19;13;19;12;19;11;19;10;19;9;19;8;19;7;19;6
3;3;1;6;5;10;5;11;5;12;5;13;5;14;5;15;6;15;7;15;8;15;9;15;10;15;10;16;11;16;12;16;13;16;14;16;15;16;16;16;17;16;18;16;19;16;19;15;19;14;19;13;19;12;19;11;19;10;19;9;19;8;19;7;19;6;18;6
3;3;1;6;5;11;5;12;5;13;5;14;5;15;6;15;7;15;8;15;9;15;10;15;10;16;11;16;12;16;13;16;14;16;15;16;16;16;17;16;18;16;19;16;19;15;19;14;19;13;19;12;19;11;19;10;19;9;19;8;19;7;19;6;18;6;17;6
3;3;1;6;5;12;5;13;5;14;5;15;6;15;7;15;8;15;9;15;10;15;10;16;11;16;12;16;13;16;14;16;15;16;16;16;17;16;18;16;19;16;19;15;19;14;19;13;19;12;19;11;19;10;19;9;19;8;19;7;19;6;18;6;17;6;16;6
3;3;1;6;5;13;5;14;5;15;6;15;7;15;8;15;9;15;10;15;10;16;11;16;12;16;13;16;14;16;15;16;16;16;17;16;18;16;19;16;19;15;19;14;19;13;19;12;19;11;19;10;19;9;19;8;19;7;19;6;18;6;17;6;16;6;15;6
3;3;1;6;5;14;5;15;6;15;7;15;8;15;9;15;10;15;10;16;11;16;12;16;13;16;14;16;15;16;16;16;17;16;18;16;19;16;19;15;19;14;19;13;19;12;19;11;19;10;19;9;19;8;19;7;19;6;18;6;17;6;16;6;15;6;14;6
3;3;1;6;5;15;6;15;7;15;8;15;9;15;10;15;10;16;11;16;12;16;13;16;14;16;15;16;16;16;17;16;18;16;19;16;19;15;19;14;19;13;19;12;19;11;19;10;19;9;19;8;19;7;19;6;18;6;17;6;16;6;15;6;14;6;13;6
3;3;1;6;6;15;7;15;8;15;9;15;10;15;10;16;11;16;12;16;13;16;14;16;15;16;16;16;17;16;18;16;19;16;19;15;19;14;19;13;19;12;19;11;19;10;19;9;19;8;19;7;19;6;18;6;17;6;16;6;15;6;14;6;13;6;12;6
3;3;1;6;7;15;8;15;9;15;10;15;10;16;11;16;12;16;13;16;14;16;15;16;16;16;17;16;18;16;19;16;19;15;19;14;19;13;19;12;19;11;19;10;19;9;19;8;19;7;19;6;18;6;17;6;16;6;15;6;14;6;13;6;12;6;11;6
3;3;1;6;8;15;9;15;10;15;10;16;11;16;12;16;13;16;14;16;15;16;16;16;17;16;18;16;19;16;19;15;19;14;19;13;19;12;19;11;19;10;19;9;19;8;19;7;19;6;18;6;17;6;16;6;15;6;14;6;13;6;12;6;11;6;10;6
3;3;1;6;9;15;10;15;10;16;11;16;12;16;13;16;14;16;15;16;16;16;17;16;18;16;19;16;19;15;19;14;19;13;19;12;19;11;19;10;19;9;19;8;19;7;19;6;18;6;17;6;16;6;15;6;14;6;13;6;12;6;11;6;10;6;9;6
3;3;1;6;10;15;10;16;11;16;12;16;13;16;14;16;15;16;16;16;17;16;18;16;19;16;19;15;19;14;19;13;19;12;19;11;19;10;19;9;19;8;19;7;19;6;18;6;17;6;16;6;15;6;14;6;13;6;12;6;11;6;10;6;9;6;8;6
3;3;1;6;10;16;11;16;12;16;13;16;14;16;15;16;16;16;17;16;18;16;19;16;19;15;19;14;19;13;19;12;19;11;19;10;19;9;19;8;19;7;19;6;18;6;17;6;16;6;15;6;14;6;13;6;12;6;11;6;10;6;9;6;8;6;7;6
3;3;1;6;11;16;12;16;13;16;14;16;15;16;16;16;17;16;18;16;19;16;19;15;19;14;19;13;19;12;19;11;19;10;19;9;19;8;19;7;19;6;18;6;17;6;16;6;15;6;14;6;13;6;12;6;11;6;10;6;9;6;8;6;7;6;6;6
3;3;1;6;12;16;13;16;14;16;15;16;16;16;17;16;18;16;19;16;19;15;19;14;19;13;19;12;19;11;19;10;19;9;19;8;19;7;19;6;18;6;17;6;16;6;15;6;14;6;13;6;12;6;11;6;10;6;9;6;8;6;7;6;6;6;5;6
3;3;1;6;13;16;14;16;15;16;16;16;17;16;18;16;19;16;19;15;19;14;19;13;19;12;19;11;19;10;19;9;19;8;19;7;19;6;18;6;17;6;16;6;15;6;14;6;13;6;12;6;11;6;10;6;9;6;8;6;7;6;6;6;5;6;4;6
3;3;1;6;14;16;15;16;16;16;17;16;18;16;19;16;19;15;19;14;19;13;19;12;19;11;19;10;19;9;19;8;19;7;19;6;18;6;17;6;16;6;15;6;14;6;13;6;12;6;11;6;10;6;9;6;8;6;7;6;6;6;5;6;4;6;3;6
3;3;1;6;15;16;16;16;17;16;18;16;19;16;19;15;19;14;19;13;19;12;19;11;19;10;19;9;19;8;19;7;19;6;18;6;17;6;16;6;15;6;14;6;13;6;12;6;11;6;10;6;9;6;8;6;7;6;6;6;5;6;4;6;3;6;2;6
2;3;14;10;16;16;16;16;17;16;18;16;19;16;19;15;19;14;19;13;19;12;19;11;19;10;19;9;19;8;19;7;19;6;18;6;17;6;16;6;15;6;14;6;13;6;12;6;11;6;10;6;9;6;8;6;7;6;6;6;5;6;4;6;3;6;2;6;1;6
2;2;14;10;16;16;17;16;18;16;19;16;19;15;19;14;19;13;19;12;19;11;19;10;19;9;19;8;19;7;19;6;18;6;17;6;16;6;15;6;14;6;13;6;12;6;11;6;10;6;9;6;8;6;7;6;6;6;5;6;4;6;3;6;2;6;1;6;1;7
2;2;14;10;17;16;18;16;19;16;19;15;19;14;19;13;19;12;19;11;19;10;19;9;19;8;19;7;19;6;18;6;17;6;16;6;15;6;14;6;13;6;12;6;11;6;10;6;9;6;8;6;7;6;6;6;5;6;4;6;3;6;2;6;1;6;1;7;1;8
1;2;14;10;18;16;19;16;19;15;19;14;19;13;19;12;19;11;19;10;19;9;19;8;19;7;19;6;18;6;17;6;16;6;15;6;14;6;13;6;12;6;11;6;10;6;9;6;8;6;7;6;6;6;5;6;4;6;3;6;2;6;1;6;1;7;1;8;1;9
1;1;14;10;19;16;19;15;19;14;19;13;19;12;19;11;19;10;19;9;19;8;19;7;19;6;18;6;17;6;16;6;15;6;14;6;13;6;12;6;11;6;10;6;9;6;8;6;7;6;6;6;5;6;4;6;3;6;2;6;1;6;1;7;1;8;1;9;2;9
1;1;14;10;19;15;19;14;19;13;19;12;19;11;19;10;19;9;19;8;19;7;19;6;18;6;17;6;16;6;15;6;14;6;13;6;12;6;11;6;10;6;9;6;8;6;7;6;6;6;5;6;4;6;3;6;2;6;1;6;1;7;1;8;1;9;2;9;3;9
2;1;14;10;19;14;19;13;19;12;19;11;19;10;19;9;19;8;19;7;19;6;18;6;17;6;16;6;15;6;14;6;13;6;12;6;11;6;10;6;9;6;8;6;7;6;6;6;5;6;4;6;3;6;2;6;1;6;1;7;1;8;1;9;2;9;3;9;4;9
1;2;14;10;19;13;19;12;19;11;19;10;19;9;19;8;19;7;19;6;18;6;17;6;16;6;15;6;14;6;13;6;12;6;11;6;10;6;9;6;8;6;7;6;6;6;5;6;4;6;3;6;2;6;1;6;1;7;1;8;1;9;2;9;3;9;4;9;4;10
1;1;14;10;19;12;19;11;19;10;19;9;19;8;19;7;19;6;18;6;17;6;16;6;15;6;14;6;13;6;12;6;11;6;10;6;9;6;8;6;7;6;6;6;5;6;4;6;3;6;2;6;1;6;1;7;1;8;1;9;2;9;3;9;4;9;4;10;5;10
1;1;14;10;19;11;19;10;19;9;19;8;19;7;19;6;18;6;17;6;16;6;15;6;14;6;13;6;12;6;11;6;10;6;9;6;8;6;7;6;6;6;5;6;4;6;3;6;2;6;1;6;1;7;1;8;1;9;2;9;3;9;4;9;4;10;5;10;6;10
1;1;14;10;19;10;19;9;19;8;19;7;19;6;18;6;17;6;16;6;15;6;14;6;13;6;12;6;11;6;10;6;9;6;8;6;7;6;6;6;5;6;4;6;3;6;2;6;1;6;1;7;1;8;1;9;2;9;3;9;4;9;4;10;5;10;6;10;7;10
1;1;14;10;19;9;19;8;19;7;19;6;18;6;17;6;16;6;15;6;14;6;13;6;12;6;11;6;10;6;9;6;8;6;7;6;6;6;5;6;4;6;3;6;2;6;1;6;1;7;1;8;1;9;2;9;3;9;4;9;4;10;5;10;6;10;7;10;8;10
1;1;14;10;19;8;19;7;19;6;18;6;17;6;16;6;15;6;14;6;13;6;12;6;11;6;10;6;9;6;8;6;7;6;6;6;5;6;4;6;3;6;2;6;1;6;1;7;1;8;1;9;2;9;3;9;4;9;4;10;5;10;6;10;7;10;8;10;9;10
1;1;14;10;19;7;19;6;18;6;17;6;16;6;15;6;14;6;13;6;12;6;11;6;10;6;9;6;8;6;7;6;6;6;5;6;4;6;3;6;2;6;1;6;1;7;1;8;1;9;2;9;3;9;4;9;4;10;5;10;6;10;7;10;8;10;9;10;10;10
1;1;14;10;19;6;18;6;17;6;16;6;15;6;14;6;13;6;12;6;11;6;10;6;9;6;8;6;7;6;6;6;5;6;4;6;3;6;2;6;1;6;1;7;1;8;1;9;2;9;3;9;4;9;4;10;5;10;6;10;7;10;8;10;9;10;10;10;11;10
1;1;14;10;18;6;17;6;16;6;15;6;14;6;13;6;12;6;11;6;10;6;9;6;8;6;7;6;6;6;5;6;4;6;3;6;2;6;1;6;1;7;1;8;1;9;2;9;3;9;4;9;4;10;5;10;6;10;7;10;8;10;9;10;10;10;11;10;12;10
1;1;14;10;17;6;16;6;15;6;14;6;13;6;12;6;11;6;10;6;9;6;8;6;7;6;6;6;5;6;4;6;3;6;2;6;1;6;1;7;1;8;1;9;2;9;3;9;4;9;4;10;5;10;6;10;7;10;8;10;9;10;10;10;11;10;12;10;13;10
1;1;0;15;16;6;16;6;15;6;14;6;13;6;12;6;11;6;10;6;9;6;8;6;7;6;6;6;5;6;4;6;3;6;2;6;1;6;1;7;1;8;1;9;2;9;3;9;4;9;4;10;5;10;6;10;7;10;8;10;9;10;10;10;11;10;12;10;13;10;14;10
1;1;0;15;16;6;15;6;14;6;13;6;12;6;11;6;10;6;9;6;8;6;7;6;6;6;5;6;4;6;3;6;2;6;1;6;1;7;1;8;1;9;2;9;3;9;4;9;4;10;5;10;6;10;7;10;8;10;9;10;10;10;11;10;12;10;13;10;14;10;15;10
1;1;0;15;15;6;14;6;13;6;12;6;11;6;10;6;9;6;8;6;7;6;6;6;5;6;4;6;3;6;2;6;1;6;1;7;1;8;1;9;2;9;3;9;4;9;4;10;5;10;6;10;7;10;8;10;9;10;10;10;11;10;12;10;13;10;14;10;15;10;16;10
2;1;0;15;14;6;13;6;12;6;11;6;10;6;9;6;8;6;7;6;6;6;5;6;4;6;3;6;2;6;1;6;1;7;1;8;1;9;2;9;3;9;4;9;4;10;5;10;6;10;7;10;8;10;9;10;10;10;11;10;12;10;13;10;14;10;15;10;16;10;17;10
2;2;0;15;13;6;12;6;11;6;10;6;9;6;8;6;7;6;6;6;5;6;4;6;3;6;2;6;1;6;1;7;1;8;1;9;2;9;3;9;4;9;4;10;5;10;6;10;7;10;8;10;9;10;10;10;11;10;12;10;13;10;14;10;15;10;16;10;17;10;17;11
3;2;0;15;12;6;11;6;10;6;9;6;8;6;7;6;6;6;5;6;4;6;3;6;2;6;1;6;1;7;1;8;1;9;2;9;3;9;4;9;4;10;5;10;6;10;7;10;8;10;9;10;10;10;11;10;12;10;13;10;14;10;15;10;16;10;17;10;17;11;17;12
3;3;0;15;11;6;10;6;9;6;8;6;7;6;6;6;5;6;4;6;3;6;2;6;1;6;1;7;1;8;1;9;2;9;3;9;4;9;4;10;5;10;6;10;7;10;8;10;9;10;10;10;11;10;12;10;13;10;14;10;15;10;16;10;17;10;17;11;17;12;16;12
3;3;0;15;10;6;9;6;8;6;7;6;6;6;5;6;4;6;3;6;2;6;1;6;1;7;1;8;1;9;2;9;3;9;4;9;4;10;5;10;6;10;7;10;8;10;9;10;10;10;11;10;12;10;13;10;14;10;15;10;16;10;17;10;17;11;17;12;16;12;15;12
3;3;0;15;9;6;8;6;7;6;6;6;5;6;4;6;3;6;2;6;1;6;1;7;1;8;1;9;2;9;3;9;4;9;4;10;5;10;6;10;7;10;8;10;9;10;10;10;11;10;12;10;13;10;14;10;15;10;16;10;17;10;17;11;17;12;16;12;15;12;14;12
3;3;0;15;8;6;7;6;6;6;5;6;4;6;3;6;2;6;1;6;1;7;1;8;1;9;2;9;3;9;4;9;4;10;5;10;6;10;7;10;8;10;9;10;10;10;11;10;12;10;13;10;14;10;15;10;16;10;17;10;17;11;17;12;16;12;15;12;14;12;13;12
3;3;0;15;7;6;6;6;5;6;4;6;3;6;2;6;1;6;1;7;1;8;1;9;2;9;3;9;4;9;4;10;5;10;6;10;7;10;8;10;9;10;10;10;11;10;12;10;13;10;14;10;15;10;16;10;17;10;17;11;17;12;16;12;15;12;14;12;13;12;12;12
3;3;0;15;6;6;5;6;4;6;3;6;2;6;1;6;1;7;1;8;1;9;2;9;3;9;4;9;4;10;5;10;6;10;7;10;8;10;9;10;10;10;11;10;12;10;13;10;14;10;15;10;16;10;17;10;17;11;17;12;16;12;15;12;14;12;13;12;12;12;11;12
3;3;0;15;5;6;4;6;3;6;2;6;1;6;1;7;1;8;1;9;2;9;3;9;4;9;4;10;5;10;6;10;7;10;8;10;9;10;10;10;11;10;12;10;13;10;14;10;15;10;16;10;17;10;17;11;17;12;16;12;15;12;14;12;13;12;12;12;11;12;10;12
3;3;0;15;4;6;3;6;2;6;1;6;1;7;1;8;1;9;2;9;3;9;4;9;4;10;5;10;6;10;7;10;8;10;9;10;10;10;11;10;12;10;13;10;14;10;15;10;16;10;17;10;17;11;17;12;16;12;15;12;14;12;13;12;12;12;11;12;10;12;9;12
3;3;0;15;3;6;2;6;1;6;1;7;1;8;1;9;2;9;3;9;4;9;4;10;5;10;6;10;7;10;8;10;9;10;10;10;11;10;12;10;13;10;14;10;15;10;16;10;17;10;17;11;17;12;16;12;15;12;14;12;13;12;12;12;11;12;10;12;9;12;8;12
3;3;0;15;2;6;1;6;1;7;1;8;1;9;2;9;3;9;4;9;4;10;5;10;6;10;7;10;8;10;9;10;10;10;11;10;12;10;13;10;14;10;15;10;16;10;17;10;17;11;17;12;16;12;15;12;14;12;13;12;12;12;11;12;10;12;9;12;8;12;7;12
3;3;0;15;1;6;1;7;1;8;1;9;2;9;3;9;4;9;4;10;5;10;6;10;7;10;8;10;9;10;10;10;11;10;12;10;13;10;14;10;15;10;16;10;17;10;17;11;17;12;16;12;15;12;14;12;13;12;12;12;11;12;10;12;9;12;8;12;7;12;6;12
3;3;0;15;1;7;1;8;1;9;2;9;3;9;4;9;4;10;5;10;6;10;7;10;8;10;9;10;10;10;11;10;12;10;13;10;14;10;15;10;16;10;17;10;17;11;17;12;16;12;15;12;14;12;13;12;12;12;11;12;10;12;9;12;8;12;7;12;6;12;5;12
3;3;0;15;1;8;1;9;2;9;3;9;4;9;4;10;5;10;6;10;7;10;8;10;9;10;10;10;11;10;12;10;13;10;14;10;15;10;16;10;17;10;17;11;17;12;16;12;15;12;14;12;13;12;12;12;11;12;10;12;9;12;8;12;7;12;6;12;5;12;4;12
3;3;0;15;1;9;2;9;3;9;4;9;4;10;5;10;6;10;7;10;8;10;9;10;10;10;11;10;12;10;13;10;14;10;15;10;16;10;17;10;17;11;17;12;16;12;15;12;14;12;13;12;12;12;11;12;10;12;9;12;8;12;7;12;6;12;5;12;4;12;3;12
3;3;0;15;2;9;3;9;4;9;4;10;5;10;6;10;7;10;8;10;9;10;10;10;11;10;12;10;13;10;14;10;15;10;16;10;17;10;17;11;17;12;16;12;15;12;14;12;13;12;12;12;11;12;10;12;9;12;8;12;7;12;6;12;5;12;4;12;3;12;2;12
3;3;0;15;3;9;4;9;4;10;5;10;6;10;7;10;8;10;9;10;10;10;11;10;12;10;13;10;14;10;15;10;16;10;17;10;17;11;17;12;16;12;15;12;14;12;13;12;12;12;11;12;10;12;9;12;8;12;7;12;6;12;5;12;4;12;3;12;2;12;1;12
2;3;0;15;4;9;4;10;5;10;6;10;7;10;8;10;9;10;10;10;11;10;12;10;13;10;14;10;15;10;16;10;17;10;17;11;17;12;16;12;15;12;14;12;13;12;12;12;11;12;10;12;9;12;8;12;7;12;6;12;5;12;4;12;3;12;2;12;1;12;0;12
2;2;0;15;4;10;5;10;6;10;7;10;8;10;9;10;10;10;11;10;12;10;13;10;14;10;15;10;16;10;17;10;17;11;17;12;16;12;15;12;14;12;13;12;12;12;11;12;10;12;9;12;8;12;7;12;6;12;5;12;4;12;3;12;2;12;1;12;0;12;0;13
2;2;0;15;5;10;6;10;7;10;8;10;9;10;10;10;11;10;12;10;13;10;14;10;15;10;16;10;17;10;17;11;17;12;16;12;15;12;14;12;13;12;12;12;11;12;10;12;9;12;8;12;7;12;6;12;5;12;4;12;3;12;2;12;1;12;0;12;0;13;0;14
2;2;16;11;6;10;6;10;7;10;8;10;9;10;10;10;11;10;12;10;13;10;14;10;15;10;16;10;17;10;17;11;17;12;16;12;15;12;14;12;13;12;12;12;11;12;10;12;9;12;8;12;7;12;6;12;5;12;4;12;3;12;2;12;1;12;0;12;0;13;0;14;0;15
1;2;16;11;6;10;7;10;8;10;9;10;10;10;11;10;12;10;13;10;14;10;15;10;16;10;17;10;17;11;17;12;16;12;15;12;14;12;13;12;12;12;11;12;10;12;9;12;8;12;7;12;6;12;5;12;4;12;3;12;2;12;1;12;0;12;0;13;0;14;0;15;0;16
1;1;16;11;7;10;8;10;9;10;10;10;11;10;12;10;13;10;14;10;15;10;16;10;17;10;17;11;17;12;16;12;15;12;14;12;13;12;12;12;11;12;10;12;9;12;8;12;7;12;6;12;5;12;4;12;3;12;2;12;1;12;0;12;0;13;0;14;0;15;0;16;1;16
1;1;16;11;8;10;9;10;10;10;11;10;12;10;13;10;14;10;15;10;16;10;17;10;17;11;17;12;16;12;15;12;14;12;13;12;12;12;11;12;10;12;9;12;8;12;7;12;6;12;5;12;4;12;3;12;2;12;1;12;0;12;0;13;0;14;0;15;0;16;1;16;2;16
1;1;16;11;9;10;10;10;11;10;12;10;13;10;14;10;15;10;16;10;17;10;17;11;17;12;16;12;15;12;14;12;13;12;12;12;11;12;10;12;9;12;8;12;7;12;6;12;5;12;4;12;3;12;2;12;1;12;0;12;0;13;0;14;0;15;0;16;1;16;2;16;3;16
1;1;16;11;10;10;11;10;12;10;13;10;14;10;15;10;16;10;17;10;17;11;17;12;16;12;15;12;14;12;13;12;12;12;11;12;10;12;9;12;8;12;7;12;6;12;5;12;4;12;3;12;2;12;1;12;0;12;0;13;0;14;0;15;0;16;1;16;2;16;3;16;4;16
1;1;16;11;11;10;12;10;13;10;14;10;15;10;16;10;17;10;17;11;17;12;16;12;15;12;14;12;13;12;12;12;11;12;10;12;9;12;8;12;7;12;6;12;5;12;4;12;3;12;2;12;1;12;0;12;0;13;0;14;0;15;0;16;1;16;2;16;3;16;4;16;5;16
1;1;16;11;12;10;13;10;14;10;15;10;16;10;17;10;17;11;17;12;16;12;15;12;14;12;13;12;12;12;11;12;10;12;9;12;8;12;7;12;6;12;5;12;4;12;3;12;2;12;1;12;0;12;0;13;0;14;0;15;0;16;1;16;2;16;3;16;4;16;5;16;6;16
1;1;16;11;13;10;14;10;15;10;16;10;17;10;17;11;17;12;16;12;15;12;14;12;13;12;12;12;11;12;10;12;9;12;8;12;7;12;6;12;5;12;4;12;3;12;2;12;1;12;0;12;0;13;0;14;0;15;0;16;1;16;2;16;3;16;4;16;5;16;6;16;7;16
1;1;16;11;14;10;15;10;16;10;17;10;17;11;17;12;16;12;15;12;14;12;13;12;12;12;11;12;10;12;9;12;8;12;7;12;6;12;5;12;4;12;3;12;2;12;1;12;0;12;0;13;0;14;0;15;0;16;1;16;2;16;3;16;4;16;5;16;6;16;7;16;8;16
1;1;16;11;15;10;16;10;17;10;17;11;17;12;16;12;15;12;14;12;13;12;12;12;11;12;10;12;9;12;8;12;7;12;6;12;5;12;4;12;3;12;2;12;1;12;0;12;0;13;0;14;0;15;0;16;1;16;2;16;3;16;4;16;5;16;6;16;7;16;8;16;9;16
1;1;16;11;16;10;17;10;17;11;17;12;16;12;15;12;14;12;13;12;12;12;11;12;10;12;9;12;8;12;7;12;6;12;5;12;4;12;3;12;2;12;1;12;0;12;0;13;0;14;0;15;0;16;1;16;2;16;3;16;4;16;5;16;6;16;7;16;8;16;9;16;10;16
1;1;16;11;17;10;17;11;17;12;16;12;15;12;14;12;13;12;12;12;11;12;10;12;9;12;8;12;7;12;6;12;5;12;4;12;3;12;2;12;1;12;0;12;0;13;0;14;0;15;0;16;1;16;2;16;3;16;4;16;5;16;6;16;7;16;8;16;9;16;10;16;11;16
1;1;16;11;17;11;17;12;16;12;15;12;14;12;13;12;12;12;11;12;10;12;9;12;8;12;7;12;6;12;5;12;4;12;3;12;2;12;1;12;0;12;0;13;0;14;0;15;0;16;1;16;2;16;3;16;4;16;5;16;6;16;7;16;8;16;9;16;10;16;11;16;12;16
1;1;16;11;17;12;16;12;15;12;14;12;13;12;12;12;11;12;10;12;9;12;8;12;7;12;6;12;5;12;4;12;3;12;2;12;1;12;0;12;0;13;0;14;0;15;0;16;1;16;2;16;3;16;4;16;5;16;6;16;7;16;8;16;9;16;10;16;11;16;12;16;13;16
1;1;16;11;16;12;15;12;14;12;13;12;12;12;11;12;10;12;9;12;8;12;7;12;6;12;5;12;4;12;3;12;2;12;1;12;0;12;0;13;0;14;0;15;0;16;1;16;2;16;3;16;4;16;5;16;6;16;7;16;8;16;9;16;10;16;11;16;12;16;13;16;14;16
1;1;16;11;15;12;14;12;13;12;12;12;11;12;10;12;9;12;8;12;7;12;6;12;5;12;4;12;3;12;2;12;1;12;0;12;0;13;0;14;0;15;0;16;1;16;2;16;3;16;4;16;5;16;6;16;7;16;8;16;9;16;10;16;11;16;12;16;13;16;14;16;15;16
0;1;16;11;14;12;13;12;12;12;11;12;10;12;9;12;8;12;7;12;6;12;5;12;4;12;3;12;2;12;1;12;0;12;0;13;0;14;0;15;0;16;1;16;2;16;3;16;4;16;5;16;6;16;7;16;8;16;9;16;10;16;11;16;12;16;13;16;14;16;15;16;16;16
0;0;16;11;13;12;12;12;11;12;10;12;9;12;8;12;7;12;6;12;5;12;4;12;3;12;2;12;1;12;0;12;0;13;0;14;0;15;0;16;1;16;2;16;3;16;4;16;5;16;6;16;7;16;8;16;9;16;10;16;11;16;12;16;13;16;14;16;15;16;16;16;16;15
0;0;16;11;12;12;11;12;10;12;9;12;8;12;7;12;6;12;5;12;4;12;3;12;2;12;1;12;0;12;0;13;0;14;0;15;0;16;1;16;2;16;3;16;4;16;5;16;6;16;7;16;8;16;9;16;10;16;11;16;12;16;13;16;14;16;15;16;16;16;16;15;16;14
0;0;16;11;11;12;10;12;9;12;8;12;7;12;6;12;5;12;4;12;3;12;2;12;1;12;0;12;0;13;0;14;0;15;0;16;1;16;2;16;3;16;4;16;5;16;6;16;7;16;8;16;9;16;10;16;11;16;12;16;13;16;14;16;15;16;16;16;16;15;16;14;16;13
0;0;16;11;10;12;9;12;8;12;7;12;6;12;5;12;4;12;3;12;2;12;1;12;0;12;0;13;0;14;0;15;0;16;1;16;2;16;3;16;4;16;5;16;6;16;7;16;8;16;9;16;10;16;11;16;12;16;13;16;14;16;15;16;16;16;16;15;16;14;16;13;16;12
0;0;19;16;9;12;9;12;8;12;7;12;6;12;5;12;4;12;3;12;2;12;1;12;0;12;0;13;0;14;0;15;0;16;1;16;2;16;3;16;4;16;5;16;6;16;7;16;8;16;9;16;10;16;11;16;12;16;13;16;14;16;15;16;16;16;16;15;16;14;16;13;16;12;16;11
0;0;19;16;9;12;8;12;7;12;6;12;5;12;4;12;3;12;2;12;1;12;0;12;0;13;0;14;0;15;0;16;1;16;2;16;3;16;4;16;5;16;6;16;7;16;8;16;9;16;10;16;11;16;12;16;13;16;14;16;15;16;16;16;16;15;16;14;16;13;16;12;16;11;16;10
0;0;19;16;8;12;7;12;6;12;5;12;4;12;3;12;2;12;1;12;0;12;0;13;0;14;0;15;0;16;1;16;2;16;3;16;4;16;5;16;6;16;7;16;8;16;9;16;10;16;11;16;12;16;13;16;14;16;15;16;16;16;16;15;16;14;16;13;16;12;16;11;16;10;16;9
1;0;19;16;7;12;6;12;5;12;4;12;3;12;2;12;1;12;0;12;0;13;0;14;0;15;0;16;1;16;2;16;3;16;4;16;5;16;6;16;7;16;8;16;9;16;10;16;11;16;12;16;13;16;14;16;15;16;16;16;16;15;16;14;16;13;16;12;16;11;16;10;16;9;16;8
1;1;19;16;6;12;5;12;4;12;3;12;2;12;1;12;0;12;0;13;0;14;0;15;0;16;1;16;2;16;3;16;4;16;5;16;6;16;7;16;8;16;9;16;10;16;11;16;12;16;13;16;14;16;15;16;16;16;16;15;16;14;16;13;16;12;16;11;16;10;16;9;16;8;17;8
1;1;19;16;5;12;4;12;3;12;2;12;1;12;0;12;0;13;0;14;0;15;0;16;1;16;2;16;3;16;4;16;5;16;6;16;7;16;8;16;9;16;10;16;11;16;12;16;13;16;14;16;15;16;16;16;16;15;16;14;16;13;16;12;16;11;16;10;16;9;16;8;17;8;18;8
2;1;19;16;4;12;3;12;2;12;1;12;0;12;0;13;0;14;0;15;0;16;1;16;2;16;3;16;4;16;5;16;6;16;7;16;8;16;9;16;10;16;11;16;12;16;13;16;14;16;15;16;16;16;16;15;16;14;16;13;16;12;16;11;16;10;16;9;16;8;17;8;18;8;19;8
2;2;19;16;3;12;2;12;1;12;0;12;0;13;0;14;0;15;0;16;1;16;2;16;3;16;4;16;5;16;6;16;7;16;8;16;9;16;10;16;11;16;12;16;13;16;14;16;15;16;16;16;16;15;16;14;16;13;16;12;16;11;16;10;16;9;16;8;17;8;18;8;19;8;19;9
2;2;19;16;2;12;1;12;0;12;0;13;0;14;0;15;0;16;1;16;2;16;3;16;4;16;5;16;6;16;7;16;8;16;9;16;10;16;11;16;12;16;13;16;14;16;15;16;16;16;16;15;16;14;16;13;16;12;16;11;16;10;16;9;16;8;17;8;18;8;19;8;19;9;19;10
2;2;19;16;1;12;0;12;0;13;0;14;0;15;0;16;1;16;2;16;3;16;4;16;5;16;6;16;7;16;8;16;9;16;10;16;11;16;12;16;13;16;14;16;15;16;16;16;16;15;16;14;16;13;16;12;16;11;16;10;16;9;16;8;17;8;18;8;19;8;19;9;19;10;19;11
2;2;19;16;0;12;0;13;0;14;0;15;0;16;1;16;2;16;3;16;4;16;5;16;6;16;7;16;8;16;9;16;10;16;11;16;12;16;13;16;14;16;15;16;16;16;16;15;16;14;16;13;16;12;16;11;16;10;16;9;16;8;17;8;18;8;19;8;19;9;19;10;19;11;19;12
2;2;19;16;0;13;0;14;0;15;0;16;1;16;2;16;3;16;4;16;5;16;6;16;7;16;8;16;9;16;10;16;11;16;12;16;13;16;14;16;15;16;16;16;16;15;16;14;16;13;16;12;16;11;16;10;16;9;16;8;17;8;18;8;19;8;19;9;19;10;19;11;19;12;19;13
2;2;19;16;0;14;0;15;0;16;1;16;2;16;3;16;4;16;5;16;6;16;7;16;8;16;9;16;10;16;11;16;12;16;13;16;14;16;15;16;16;16;16;15;16;14;16;13;16;12;16;11;16;10;16;9;16;8;17;8;18;8;19;8;19;9;19;10;19;11;19;12;19;13;19;14
2;2;19;16;0;15;0;16;1;16;2;16;3;16;4;16;5;16;6;16;7;16;8;16;9;16;10;16;11;16;12;16;13;16;14;16;15;16;16;16;16;15;16;14;16;13;16;12;16;11;16;10;16;9;16;8;17;8;18;8;19;8;19;9;19;10;19;11;19;12;19;13;19;14;19;15
2;2;11;14;0;16;0;16;1;16;2;16;3;16;4;16;5;16;6;16;7;16;8;16;9;16;10;16;11;16;12;16;13;16;14;16;15;16;16;16;16;15;16;14;16;13;16;12;16;11;16;10;16;9;16;8;17;8;18;8;19;8;19;9;19;10;19;11;19;12;19;13;19;14;19;15;19;16
2;2;11;14;0;16;1;16;2;16;3;16;4;16;5;16;6;16;7;16;8;16;9;16;10;16;11;16;12;16;13;16;14;16;15;16;16;16;16;15;16;14;16;13;16;12;16;11;16;10;16;9;16;8;17;8;18;8;19;8;19;9;19;10;19;11;19;12;19;13;19;14;19;15;19;16;19;17
3;2;11;14;1;16;2;16;3;16;4;16;5;16;6;16;7;16;8;16;9;16;10;16;11;16;12;16;13;16;14;16;15;16;16;16;16;15;16;14;16;13;16;12;16;11;16;10;16;9;16;8;17;8;18;8;19;8;19;9;19;10;19;11;19;12;19;13;19;14;19;15;19;16;19;17;19;18
3;3;11;14;2;16;3;16;4;16;5;16;6;16;7;16;8;16;9;16;10;16;11;16;12;16;13;16;14;16;15;16;16;16;16;15;16;14;16;13;16;12;16;11;16;10;16;9;16;8;17;8;18;8;19;8;19;9;19;10;19;11;19;12;19;13;19;14;19;15;19;16;19;17;19;18;18;18
3;3;11;14;3;16;4;16;5;16;6;16;7;16;8;16;9;16;10;16;11;16;12;16;13;16;14;16;15;16;16;16;16;15;16;14;16;13;16;12;16;11;16;10;16;9;16;8;17;8;18;8;19;8;19;9;19;10;19;11;19;12;19;13;19;14;19;15;19;16;19;17;19;18;18;18;17;18
3;3;11;14;4;16;5;16;6;16;7;16;8;16;9;16;10;16;11;16;12;16;13;16;14;16;15;16;16;16;16;15;16;14;16;13;16;12;16;11;16;10;16;9;16;8;17;8;18;8;19;8;19;9;19;10;19;11;19;12;19;13;19;14;19;15;19;16;19;17;19;18;18;18;17;18;16;18
3;3;11;14;5;16;6;16;7;16;8;16;9;16;10;16;11;16;12;16;13;16;14;16;15;16;16;16;16;15;16;14;16;13;16;12;16;11;16;10;16;9;16;8;17;8;18;8;19;8;19;9;19;10;19;11;19;12;19;13;19;14;19;15;19;16;19;17;19;18;18;18;17;18;16;18;15;18
3;3;11;14;6;16;7;16;8;16;9;16;10;16;11;16;12;16;13;16;14;16;15;16;16;16;16;15;16;14;16;13;16;12;16;11;16;10;16;9;16;8;17;8;18;8;19;8;19;9;19;10;19;11;19;12;19;13;19;14;19;15;19;16;19;17;19;18;18;18;17;18;16;18;15;18;14;18
3;3;11;14;7;16;8;16;9;16;10;16;11;16;12;16;13;16;14;16;15;16;16;16;16;15;16;14;16;13;16;12;16;11;16;10;16;9;16;8;17;8;18;8;19;8;19;9;19;10;19;11;19;12;19;13;19;14;19;15;19;16;19;17;19;18;18;18;17;18;16;18;15;18;14;18;13;18
3;3;11;14;8;16;9;16;10;16;11;16;12;16;13;16;14;16;15;16;16;16;16;15;16;14;16;13;16;12;16;11;16;10;16;9;16;8;17;8;18;8;19;8;19;9;19;10;19;11;19;12;19;13;19;14;19;15;19;16;19;17;19;18;18;18;17;18;16;18;15;18;14;18;13;18;12;18
3;3;11;14;9;16;10;16;11;16;12;16;13;16;14;16;15;16;16;16;16;15;16;14;16;13;16;12;16;11;16;10;16;9;16;8;17;8;18;8;19;8;19;9;19;10;19;11;19;12;19;13;19;14;19;15;19;16;19;17;19;18;18;18;17;18;16;18;15;18;14;18;13;18;12;18;11;18
3;3;11;14;10;16;11;16;12;16;13;16;14;16;15;16;16;16;16;15;16;14;16;13;16;12;16;11;16;10;16;9;16;8;17;8;18;8;19;8;19;9;19;10;19;11;19;12;19;13;19;14;19;15;19;16;19;17;19;18;18;18;17;18;16;18;15;18;14;18;13;18;12;18;11;18;10;18
3;3;11;14;11;16;12;16;13;16;14;16;15;16;16;16;16;15;16;14;16;13;16;12;16;11;16;10;16;9;16;8;17;8;18;8;19;8;19;9;19;10;19;11;19;12;19;13;19;14;19;15;19;16;19;17;19;18;18;18;17;18;16;18;15;18;14;18;13;18;12;18;11;18;10;18;9;18
0;3;11;14;12;16;13;16;14;16;15;16;16;16;16;15;16;14;16;13;16;12;16;11;16;10;16;9;16;8;17;8;18;8;19;8;19;9;19;10;19;11;19;12;19;13;19;14;19;15;19;16;19;17;19;18;18;18;17;18;16;18;15;18;14;18;13;18;12;18;11;18;10;18;9;18;8;18
0;0;11;14;13;16;14;16;15;16;16;16;16;15;16;14;16;13;16;12;16;11;16;10;16;9;16;8;17;8;18;8;19;8;19;9;19;10;19;11;19;12;19;13;19;14;19;15;19;16;19;17;19;18;18;18;17;18;16;18;15;18;14;18;13;18;12;18;11;18;10;18;9;18;8;18;8;17
1;0;11;14;14;16;15;16;16;16;16;15;16;14;16;13;16;12;16;11;16;10;16;9;16;8;17;8;18;8;19;8;19;9;19;10;19;11;19;12;19;13;19;14;19;15;19;16;19;17;19;18;18;18;17;18;16;18;15;18;14;18;13;18;12;18;11;18;10;18;9;18;8;18;8;17;8;16
1;1;11;14;15;16;16;16;16;15;16;14;16;13;16;12;16;11;16;10;16;9;16;8;17;8;18;8;19;8;19;9;19;10;19;11;19;12;19;13;19;14;19;15;19;16;19;17;19;18;18;18;17;18;16;18;15;18;14;18;13;18;12;18;11;18;10;18;9;18;8;18;8;17;8;16;9;16
1;1;11;14;16;16;16;15;16;14;16;13;16;12;16;11;16;10;16;9;16;8;17;8;18;8;19;8;19;9;19;10;19;11;19;12;19;13;19;14;19;15;19;16;19;17;19;18;18;18;17;18;16;18;15;18;14;18;13;18;12;18;11;18;10;18;9;18;8;18;8;17;8;16;9;16;10;16
0;1;11;14;16;15;16;14;16;13;16;12;16;11;16;10;16;9;16;8;17;8;18;8;19;8;19;9;19;10;19;11;19;12;19;13;19;14;19;15;19;16;19;17;19;18;18;18;17;18;16;18;15;18;14;18;13;18;12;18;11;18;10;18;9;18;8;18;8;17;8;16;9;16;10;16;11;16
0;0;11;14;16;14;16;13;16;12;16;11;16;10;16;9;16;8;17;8;18;8;19;8;19;9;19;10;19;11;19;12;19;13;19;14;19;15;19;16;19;17;19;18;18;18;17;18;16;18;15;18;14;18;13;18;12;18;11;18;10;18;9;18;8;18;8;17;8;16;9;16;10;16;11;16;11;15
0;0;15;0;16;13;16;13;16;12;16;11;16;10;16;9;16;8;17;8;18;8;19;8;19;9;19;10;19;11;19;12;19;13;19;14;19;15;19;16;19;17;19;18;18;18;17;18;16;18;15;18;14;18;13;18;12;18;11;18;10;18;9;18;8;18;8;17;8;16;9;16;10;16;11;16;11;15;11;14
0;0;15;0;16;13;16;12;16;11;16;10;16;9;16;8;17;8;18;8;19;8;19;9;19;10;19;11;19;12;19;13;19;14;19;15;19;16;19;17;19;18;18;18;17;18;16;18;15;18;14;18;13;18;12;18;11;18;10;18;9;18;8;18;8;17;8;16;9;16;10;16;11;16;11;15;11;14;11;13
0;0;15;0;16;12;16;11;16;10;16;9;16;8;17;8;18;8;19;8;19;9;19;10;19;11;19;12;19;13;19;14;19;15;19;16;19;17;19;18;18;18;17;18;16;18;15;18;14;18;13;18;12;18;11;18;10;18;9;18;8;18;8;17;8;16;9;16;10;16;11;16;11;15;11;14;11;13;11;12
0;0;15;0;16;11;16;10;16;9;16;8;17;8;18;8;19;8;19;9;19;10;19;11;19;12;19;13;19;14;19;15;19;16;19;17;19;18;18;18;17;18;16;18;15;18;14;18;13;18;12;18;11;18;10;18;9;18;8;18;8;17;8;16;9;16;10;16;11;16;11;15;11;14;11;13;11;12;11;11
0;0;15;0;16;10;16;9;16;8;17;8;18;8;19;8;19;9;19;10;19;11;19;12;19;13;19;14;19;15;19;16;19;17;19;18;18;18;17;18;16;18;15;18;14;18;13;18;12;18;11;18;10;18;9;18;8;18;8;17;8;16;9;16;10;16;11;16;11;15;11;14;11;13;11;12;11;11;11;10
0;0;15;0;16;9;16;8;17;8;18;8;19;8;19;9;19;10;19;11;19;12;19;13;19;14;19;15;19;16;19;17;19;18;18;18;17;18;16;18;15;18;14;18;13;18;12;18;11;18;10;18;9;18;8;18;8;17;8;16;9;16;10;16;11;16;11;15;11;14;11;13;11;12;11;11;11;10;11;9
0;0;15;0;16;8;17;8;18;8;19;8;19;9;19;10;19;11;19;12;19;13;19;14;19;15;19;16;19;17;19;18;18;18;17;18;16;18;15;18;14;18;13;18;12;18;11;18;10;18;9;18;8;18;8;17;8;16;9;16;10;16;11;16;11;15;11;14;11;13;11;12;11;11;11;10;11;9;11;8
0;0;15;0;17;8;18;8;19;8;19;9;19;10;19;11;19;12;19;13;19;14;19;15;19;16;19;17;19;18;18;18;17;18;16;18;15;18;14;18;13;18;12;18;11;18;10;18;9;18;8;18;8;17;8;16;9;16;10;16;11;16;11;15;11;14;11;13;11;12;11;11;11;10;11;9;11;8;11;7
1;0;15;0;18;8;19;8;19;9;19;10;19;11;19;12;19;13;19;14;19;15;19;16;19;17;19;18;18;18;17;18;16;18;15;18;14;18;13;18;12;18;11;18;10;18;9;18;8;18;8;17;8;16;9;16;10;16;11;16;11;15;11;14;11;13;11;12;11;11;11;10;11;9;11;8;11;7;11;6
1;1;15;0;19;8;19;9;19;10;19;11;19;12;19;13;19;14;19;15;19;16;19;17;19;18;18;18;17;18;16;18;15;18;14;18;13;18;12;18;11;18;10;18;9;18;8;18;8;17;8;16;9;16;10;16;11;16;11;15;11;14;11;13;11;12;11;11;11;10;11;9;11;8;11;7;11;6;12;6
1;1;15;0;19;9;19;10;19;11;19;12;19;13;19;14;19;15;19;16;19;17;19;18;18;18;17;18;16;18;15;18;14;18;13;18;12;18;11;18;10;18;9;18;8;18;8;17;8;16;9;16;10;16;11;16;11;15;11;14;11;13;11;12;11;11;11;10;11;9;11;8;11;7;11;6;12;6;13;6
1;1;15;0;19;10;19;11;19;12;19;13;19;14;19;15;19;16;19;17;19;18;18;18;17;18;16;18;15;18;14;18;13;18;12;18;11;18;10;18;9;18;8;18;8;17;8;16;9;16;10;16;11;16;11;15;11;14;11;13;11;12;11;11;11;10;11;9;11;8;11;7;11;6;12;6;13;6;14;6
1;1;15;0;19;11;19;12;19;13;19;14;19;15;19;16;19;17;19;18;18;18;17;18;16;18;15;18;14;18;13;18;12;18;11;18;10;18;9;18;8;18;8;17;8;16;9;16;10;16;11;16;11;15;11;14;11;13;11;12;11;11;11;10;11;9;11;8;11;7;11;6;12;6;13;6;14;6;15;6
1;1;15;0;19;12;19;13;19;14;19;15;19;16;19;17;19;18;18;18;17;18;16;18;15;18;14;18;13;18;12;18;11;18;10;18;9;18;8;18;8;17;8;16;9;16;10;16;11;16;11;15;11;14;11;13;11;12;11;11;11;10;11;9;11;8;11;7;11;6;12;6;13;6;14;6;15;6;16;6
0;1;15;0;19;13;19;14;19;15;19;16;19;17;19;18;18;18;17;18;16;18;15;18;14;18;13;18;12;18;11;18;10;18;9;18;8;18;8;17;8;16;9;16;10;16;11;16;11;15;11;14;11;13;11;12;11;11;11;10;11;9;11;8;11;7;11;6;12;6;13;6;14;6;15;6;16;6;17;6
0;0;15;0;19;14;19;15;19;16;19;17;19;18;18;18;17;18;16;18;15;18;14;18;13;18;12;18;11;18;10;18;9;18;8;18;8;17;8;16;9;16;10;16;11;16;11;15;11;14;11;13;11;12;11;11;11;10;11;9;11;8;11;7;11;6;12;6;13;6;14;6;15;6;16;6;17;6;17;5
0;0;15;0;19;15;19;16;19;17;19;18;18;18;17;18;16;18;15;18;14;18;13;18;12;18;11;18;10;18;9;18;8;18;8;17;8;16;9;16;10;16;11;16;11;15;11;14;11;13;11;12;11;11;11;10;11;9;11;8;11;7;11;6;12;6;13;6;14;6;15;6;16;6;17;6;17;5;17;4
0;0;15;0;19;16;19;17;19;18;18;18;17;18;16;18;15;18;14;18;13;18;12;18;11;18;10;18;9;18;8;18;8;17;8;16;9;16;10;16;11;16;11;15;11;14;11;13;11;12;11;11;11;10;11;9;11;8;11;7;11;6;12;6;13;6;14;6;15;6;16;6;17;6;17;5;17;4;17;3
0;0;15;0;19;17;19;18;18;18;17;18;16;18;15;18;14;18;13;18;12;18;11;18;10;18;9;18;8;18;8;17;8;16;9;16;10;16;11;16;11;15;11;14;11;13;11;12;11;11;11;10;11;9;11;8;11;7;11;6;12;6;13;6;14;6;15;6;16;6;17;6;17;5;17;4;17;3;17;2
0;0;15;0;19;18;18;18;17;18;16;18;15;18;14;18;13;18;12;18;11;18;10;18;9;18;8;18;8;17;8;16;9;16;10;16;11;16;11;15;11;14;11;13;11;12;11;11;11;10;11;9;11;8;11;7;11;6;12;6;13;6;14;6;15;6;16;6;17;6;17;5;17;4;17;3;17;2;17;1
3;0;15;0;18;18;17;18;16;18;15;18;14;18;13;18;12;18;11;18;10;18;9;18;8;18;8;17;8;16;9;16;10;16;11;16;11;15;11;14;11;13;11;12;11;11;11;10;11;9;11;8;11;7;11;6;12;6;13;6;14;6;15;6;16;6;17;6;17;5;17;4;17;3;17;2;17;1;17;0
3;3;15;0;17;18;16;18;15;18;14;18;13;18;12;18;11;18;10;18;9;18;8;18;8;17;8;16;9;16;10;16;11;16;11;15;11;14;11;13;11;12;11;11;11;10;11;9;11;8;11;7;11;6;12;6;13;6;14;6;15;6;16;6;17;6;17;5;17;4;17;3;17;2;17;1;17;0;16;0
3;3;0;2;16;18;16;18;15;18;14;18;13;18;12;18;11;18;10;18;9;18;8;18;8;17;8;16;9;16;10;16;11;16;11;15;11;14;11;13;11;12;11;11;11;10;11;9;11;8;11;7;11;6;12;6;13;6;14;6;15;6;16;6;17;6;17;5;17;4;17;3;17;2;17;1;17;0;16;0;15;0
3;3;0;2;16;18;15;18;14;18;13;18;12;18;11;18;10;18;9;18;8;18;8;17;8;16;9;16;10;16;11;16;11;15;11;14;11;13;11;12;11;11;11;10;11;9;11;8;11;7;11;6;12;6;13;6;14;6;15;6;16;6;17;6;17;5;17;4;17;3;17;2;17;1;17;0;16;0;15;0;14;0
3;3;0;2;15;18;14;18;13;18;12;18;11;18;10;18;9;18;8;18;8;17;8;16;9;16;10;16;11;16;11;15;11;14;11;13;11;12;11;11;11;10;11;9;11;8;11;7;11;6;12;6;13;6;14;6;15;6;16;6;17;6;17;5;17;4;17;3;17;2;17;1;17;0;16;0;15;0;14;0;13;0
3;3;0;2;14;18;13;18;12;18;11;18;10;18;9;18;8;18;8;17;8;16;9;16;10;16;11;16;11;15;11;14;11;13;11;12;11;11;11;10;11;9;11;8;11;7;11;6;12;6;13;6;14;6;15;6;16;6;17;6;17;5;17;4;17;3;17;2;17;1;17;0;16;0;15;0;14;0;13;0;12;0
3;3;0;2;13;18;12;18;11;18;10;18;9;18;8;18;8;17;8;16;9;16;10;16;11;16;11;15;11;14;11;13;11;12;11;11;11;10;11;9;11;8;11;7;11;6;12;6;13;6;14;6;15;6;16;6;17;6;17;5;17;4;17;3;17;2;17;1;17;0;16;0;15;0;14;0;13;0;12;0;11;0
3;3;0;2;12;18;11;18;10;18;9;18;8;18;8;17;8;16;9;16;10;16;11;16;11;15;11;14;11;13;11;12;11;11;11;10;11;9;11;8;11;7;11;6;12;6;13;6;14;6;15;6;16;6;17;6;17;5;17;4;17;3;17;2;17;1;17;0;16;0;15;0;14;0;13;0;12;0;11;0;10;0
3;3;0;2;11;18;10;18;9;18;8;18;8;17;8;16;9;16;10;16;11;16;11;15;11;14;11;13;11;12;11;11;11;10;11;9;11;8;11;7;11;6;12;6;13;6;14;6;15;6;16;6;17;6;17;5;17;4;17;3;17;2;17;1;17;0;16;0;15;0;14;0;13;0;12;0;11;0;10;0;9;0
3;3;0;2;10;18;9;18;8;18;8;17;8;16;9;16;10;16;11;16;11;15;11;14;11;13;11;12;11;11;11;10;11;9;11;8;11;7;11;6;12;6;13;6;14;6;15;6;16;6;17;6;17;5;17;4;17;3;17;2;17;1;17;0;16;0;15;0;14;0;13;0;12;0;11;0;10;0;9;0;8;0
3;3;0;2;9;18;8;18;8;17;8;16;9;16;10;16;11;16;11;15;11;14;11;13;11;12;11;11;11;10;11;9;11;8;11;7;11;6;12;6;13;6;14;6;15;6;16;6;17;6;17;5;17;4;17;3;17;2;17;1;17;0;16;0;15;0;14;0;13;0;12;0;11;0;10;0;9;0;8;0;7;0
3;3;0;2;8;18;8;17;8;16;9;16;10;16;11;16;11;15;11;14;11;13;11;12;11;11;11;10;11;9;11;8;11;7;11;6;12;6;13;6;14;6;15;6;16;6;17;6;17;5;17;4;17;3;17;2;17;1;17;0;16;0;15;0;14;0;13;0;12;0;11;0;10;0;9;0;8;0;7;0;6;0
3;3;0;2;8;17;8;16;9;16;10;16;11;16;11;15;11;14;11;13;11;12;11;11;11;10;11;9;11;8;11;7;11;6;12;6;13;6;14;6;15;6;16;6;17;6;17;5;17;4;17;3;17;2;17;1;17;0;16;0;15;0;14;0;13;0;12;0;11;0;10;0;9;0;8;0;7;0;6;0;5;0
3;3;0;2;8;16;9;16;10;16;11;16;11;15;11;14;11;13;11;12;11;11;11;10;11;9;11;8;11;7;11;6;12;6;13;6;14;6;15;6;16;6;17;6;17;5;17;4;17;3;17;2;17;1;17;0;16;0;15;0;14;0;13;0;12;0;11;0;10;0;9;0;8;0;7;0;6;0;5;0;4;0
3;3;0;2;9;16;10;16;11;16;11;15;11;14;11;13;11;12;11;11;11;10;11;9;11;8;11;7;11;6;12;6;13;6;14;6;15;6;16;6;17;6;17;5;17;4;17;3;17;2;17;1;17;0;16;0;15;0;14;0;13;0;12;0;11;0;10;0;9;0;8;0;7;0;6;0;5;0;4;0;3;0
3;3;0;2;10;16;11;16;11;15;11;14;11;13;11;12;11;11;11;10;11;9;11;8;11;7;11;6;12;6;13;6;14;6;15;6;16;6;17;6;17;5;17;4;17;3;17;2;17;1;17;0;16;0;15;0;14;0;13;0;12;0;11;0;10;0;9;0;8;0;7;0;6;0;5;0;4;0;3;0;2;0
3;3;0;2;11;16;11;15;11;14;11;13;11;12;11;11;11;10;11;9;11;8;11;7;11;6;12;6;13;6;14;6;15;6;16;6;17;6;17;5;17;4;17;3;17;2;17;1;17;0;16;0;15;0;14;0;13;0;12;0;11;0;10;0;9;0;8;0;7;0;6;0;5;0;4;0;3;0;2;0;1;0
2;3;0;2;11;15;11;14;11;13;11;12;11;11;11;10;11;9;11;8;11;7;11;6;12;6;13;6;14;6;15;6;16;6;17;6;17;5;17;4;17;3;17;2;17;1;17;0;16;0;15;0;14;0;13;0;12;0;11;0;10;0;9;0;8;0;7;0;6;0;5;0;4;0;3;0;2;0;1;0;0;0
2;2;0;2;11;14;11;13;11;12;11;11;11;10;11;9;11;8;11;7;11;6;12;6;13;6;14;6;15;6;16;6;17;6;17;5;17;4;17;3;17;2;17;1;17;0;16;0;15;0;14;0;13;0;12;0;11;0;10;0;9;0;8;0;7;0;6;0;5;0;4;0;3;0;2;0;1;0;0;0;0;1
2;2;8;7;11;13;11;13;11;12;11;11;11;10;11;9;11;8;11;7;11;6;12;6;13;6;14;6;15;6;16;6;17;6;17;5;17;4;17;3;17;2;17;1;17;0;16;0;15;0;14;0;13;0;12;0;11;0;10;0;9;0;8;0;7;0;6;0;5;0;4;0;3;0;2;0;1;0;0;0;0;1;0;2
2;2;8;7;11;13;11;12;11;11;11;10;11;9;11;8;11;7;11;6;12;6;13;6;14;6;15;6;16;6;17;6;17;5;17;4;17;3;17;2;17;1;17;0;16;0;15;0;14;0;13;0;12;0;11;0;10;0;9;0;8;0;7;0;6;0;5;0;4;0;3;0;2;0;1;0;0;0;0;1;0;2;0;3
1;2;8;7;11;12;11;11;11;10;11;9;11;8;11;7;11;6;12;6;13;6;14;6;15;6;16;6;17;6;17;5;17;4;17;3;17;2;17;1;17;0;16;0;15;0;14;0;13;0;12;0;11;0;10;0;9;0;8;0;7;0;6;0;5;0;4;0;3;0;2;0;1;0;0;0;0;1;0;2;0;3;0;4
1;1;8;7;11;11;11;10;11;9;11;8;11;7;11;6;12;6;13;6;14;6;15;6;16;6;17;6;17;5;17;4;17;3;17;2;17;1;17;0;16;0;15;0;14;0;13;0;12;0;11;0;10;0;9;0;8;0;7;0;6;0;5;0;4;0;3;0;2;0;1;0;0;0;0;1;0;2;0;3;0;4;1;4
1;1;8;7;11;10;11;9;11;8;11;7;11;6;12;6;13;6;14;6;15;6;16;6;17;6;17;5;17;4;17;3;17;2;17;1;17;0;16;0;15;0;14;0;13;0;12;0;11;0;10;0;9;0;8;0;7;0;6;0;5;0;4;0;3;0;2;0;1;0;0;0;0;1;0;2;0;3;0;4;1;4;2;4
2;1;8;7;11;9;11;8;11;7;11;6;12;6;13;6;14;6;15;6;16;6;17;6;17;5;17;4;17;3;17;2;17;1;17;0;16;0;15;0;14;0;13;0;12;0;11;0;10;0;9;0;8;0;7;0;6;0;5;0;4;0;3;0;2;0;1;0;0;0;0;1;0;2;0;3;0;4;1;4;2;4;3;4
2;2;8;7;11;8;11;7;11;6;12;6;13;6;14;6;15;6;16;6;17;6;17;5;17;4;17;3;17;2;17;1;17;0;16;0;15;0;14;0;13;0;12;0;11;0;10;0;9;0;8;0;7;0;6;0;5;0;4;0;3;0;2;0;1;0;0;0;0;1;0;2;0;3;0;4;1;4;2;4;3;4;3;5
1;2;8;7;11;7;11;6;12;6;13;6;14;6;15;6;16;6;17;6;17;5;17;4;17;3;17;2;17;1;17;0;16;0;15;0;14;0;13;0;12;0;11;0;10;0;9;0;8;0;7;0;6;0;5;0;4;0;3;0;2;0;1;0;0;0;0;1;0;2;0;3;0;4;1;4;2;4;3;4;3;5;3;6
1;1;8;7;11;6;12;6;13;6;14;6;15;6;16;6;17;6;17;5;17;4;17;3;17;2;17;1;17;0;16;0;15;0;14;0;13;0;12;0;11;0;10;0;9;0;8;0;7;0;6;0;5;0;4;0;3;0;2;0;1;0;0;0;0;1;0;2;0;3;0;4;1;4;2;4;3;4;3;5;3;6;4;6
1;1;8;7;12;6;13;6;14;6;15;6;16;6;17;6;17;5;17;4;17;3;17;2;17;1;17;0;16;0;15;0;14;0;13;0;12;0;11;0;10;0;9;0;8;0;7;0;6;0;5;0;4;0;3;0;2;0;1;0;0;0;0;1;0;2;0;3;0;4;1;4;2;4;3;4;3;5;3;6;4;6;5;6
1;1;8;7;13;6;14;6;15;6;16;6;17;6;17;5;17;4;17;3;17;2;17;1;17;0;16;0;15;0;14;0;13;0;12;0;11;0;10;0;9;0;8;0;7;0;6;0;5;0;4;0;3;0;2;0;1;0;0;0;0;1;0;2;0;3;0;4;1;4;2;4;3;4;3;5;3;6;4;6;5;6;6;6
1;1;8;7;14;6;15;6;16;6;17;6;17;5;17;4;17;3;17;2;17;1;17;0;16;0;15;0;14;0;13;0;12;0;11;0;10;0;9;0;8;0;7;0;6;0;5;0;4;0;3;0;2;0;1;0;0;0;0;1;0;2;0;3;0;4;1;4;2;4;3;4;3;5;3;6;4;6;5;6;6;6;7;6
2;1;8;7;15;6;16;6;17;6;17;5;17;4;17;3;17;2;17;1;17;0;16;0;15;0;14;0;13;0;12;0;11;0;10;0;9;0;8;0;7;0;6;0;5;0;4;0;3;0;2;0;1;0;0;0;0;1;0;2;0;3;0;4;1;4;2;4;3;4;3;5;3;6;4;6;5;6;6;6;7;6;8;6
2;2;6;16;16;6;16;6;17;6;17;5;17;4;17;3;17;2;17;1;17;0;16;0;15;0;14;0;13;0;12;0;11;0;10;0;9;0;8;0;7;0;6;0;5;0;4;0;3;0;2;0;1;0;0;0;0;1;0;2;0;3;0;4;1;4;2;4;3;4;3;5;3;6;4;6;5;6;6;6;7;6;8;6;8;7
2;2;6;16;16;6;17;6;17;5;17;4;17;3;17;2;17;1;17;0;16;0;15;0;14;0;13;0;12;0;11;0;10;0;9;0;8;0;7;0;6;0;5;0;4;0;3;0;2;0;1;0;0;0;0;1;0;2;0;3;0;4;1;4;2;4;3;4;3;5;3;6;4;6;5;6;6;6;7;6;8;6;8;7;8;8
2;2;6;16;17;6;17;5;17;4;17;3;17;2;17;1;17;0;16;0;15;0;14;0;13;0;12;0;11;0;10;0;9;0;8;0;7;0;6;0;5;0;4;0;3;0;2;0;1;0;0;0;0;1;0;2;0;3;0;4;1;4;2;4;3;4;3;5;3;6;4;6;5;6;6;6;7;6;8;6;8;7;8;8;8;9
2;2;6;16;17;5;17;4;17;3;17;2;17;1;17;0;16;0;15;0;14;0;13;0;12;0;11;0;10;0;9;0;8;0;7;0;6;0;5;0;4;0;3;0;2;0;1;0;0;0;0;1;0;2;0;3;0;4;1;4;2;4;3;4;3;5;3;6;4;6;5;6;6;6;7;6;8;6;8;7;8;8;8;9;8;10
3;2;6;16;17;4;17;3;17;2;17;1;17;0;16;0;15;0;14;0;13;0;12;0;11;0;10;0;9;0;8;0;7;0;6;0;5;0;4;0;3;0;2;0;1;0;0;0;0;1;0;2;0;3;0;4;1;4;2;4;3;4;3;5;3;6;4;6;5;6;6;6;7;6;8;6;8;7;8;8;8;9;8;10;8;11
3;3;6;16;17;3;17;2;17;1;17;0;16;0;15;0;14;0;13;0;12;0;11;0;10;0;9;0;8;0;7;0;6;0;5;0;4;0;3;0;2;0;1;0;0;0;0;1;0;2;0;3;0;4;1;4;2;4;3;4;3;5;3;6;4;6;5;6;6;6;7;6;8;6;8;7;8;8;8;9;8;10;8;11;7;11
3;3;6;16;17;2;17;1;17;0;16;0;15;0;14;0;13;0;12;0;11;0;10;0;9;0;8;0;7;0;6;0;5;0;4;0;3;0;2;0;1;0;0;0;0;1;0;2;0;3;0;4;1;4;2;4;3;4;3;5;3;6;4;6;5;6;6;6;7;6;8;6;8;7;8;8;8;9;8;10;8;11;7;11;6;11
2;3;6;16;17;1;17;0;16;0;15;0;14;0;13;0;12;0;11;0;10;0;9;0;8;0;7;0;6;0;5;0;4;0;3;0;2;0;1;0;0;0;0;1;0;2;0;3;0;4;1;4;2;4;3;4;3;5;3;6;4;6;5;6;6;6;7;6;8;6;8;7;8;8;8;9;8;10;8;11;7;11;6;11;5;11
2;2;6;16;17;0;16;0;15;0;14;0;13;0;12;0;11;0;10;0;9;0;8;0;7;0;6;0;5;0;4;0;3;0;2;0;1;0;0;0;0;1;0;2;0;3;0;4;1;4;2;4;3;4;3;5;3;6;4;6;5;6;6;6;7;6;8;6;8;7;8;8;8;9;8;10;8;11;7;11;6;11;5;11;5;12
2;2;6;16;16;0;15;0;14;0;13;0;12;0;11;0;10;0;9;0;8;0;7;0;6;0;5;0;4;0;3;0;2;0;1;0;0;0;0;1;0;2;0;3;0;4;1;4;2;4;3;4;3;5;3;6;4;6;5;6;6;6;7;6;8;6;8;7;8;8;8;9;8;10;8;11;7;11;6;11;5;11;5;12;5;13
2;2;6;16;15;0;14;0;13;0;12;0;11;0;10;0;9;0;8;0;7;0;6;0;5;0;4;0;3;0;2;0;1;0;0;0;0;1;0;2;0;3;0;4;1;4;2;4;3;4;3;5;3;6;4;6;5;6;6;6;7;6;8;6;8;7;8;8;8;9;8;10;8;11;7;11;6;11;5;11;5;12;5;13;5;14
1;2;6;16;14;0;13;0;12;0;11;0;10;0;9;0;8;0;7;0;6;0;5;0;4;0;3;0;2;0;1;0;0;0;0;1;0;2;0;3;0;4;1;4;2;4;3;4;3;5;3;6;4;6;5;6;6;6;7;6;8;6;8;7;8;8;8;9;8;10;8;11;7;11;6;11;5;11;5;12;5;13;5;14;5;15
1;1;6;16;13;0;12;0;11;0;10;0;9;0;8;0;7;0;6;0;5;0;4;0;3;0;2;0;1;0;0;0;0;1;0;2;0;3;0;4;1;4;2;4;3;4;3;5;3;6;4;6;5;6;6;6;7;6;8;6;8;7;8;8;8;9;8;10;8;11;7;11;6;11;5;11;5;12;5;13;5;14;5;15;6;15
1;1;6;16;12;0;11;0;10;0;9;0;8;0;7;0;6;0;5;0;4;0;3;0;2;0;1;0;0;0;0;1;0;2;0;3;0;4;1;4;2;4;3;4;3;5;3;6;4;6;5;6;6;6;7;6;8;6;8;7;8;8;8;9;8;10;8;11;7;11;6;11;5;11;5;12;5;13;5;14;5;15;6;15;7;15
1;1;6;16;11;0;10;0;9;0;8;0;7;0;6;0;5;0;4;0;3;0;2;0;1;0;0;0;0;1;0;2;0;3;0;4;1;4;2;4;3;4;3;5;3;6;4;6;5;6;6;6;7;6;8;6;8;7;8;8;8;9;8;10;8;11;7;11;6;11;5;11;5;12;5;13;5;14;5;15;6;15;7;15;8;15
2;1;6;16;10;0;9;0;8;0;7;0;6;0;5;0;4;0;3;0;2;0;1;0;0;0;0;1;0;2;0;3;0;4;1;4;2;4;3;4;3;5;3;6;4;6;5;6;6;6;7;6;8;6;8;7;8;8;8;9;8;10;8;11;7;11;6;11;5;11;5;12;5;13;5;14;5;15;6;15;7;15;8;15;9;15
3;2;6;16;9;0;8;0;7;0;6;0;5;0;4;0;3;0;2;0;1;0;0;0;0;1;0;2;0;3;0;4;1;4;2;4;3;4;3;5;3;6;4;6;5;6;6;6;7;6;8;6;8;7;8;8;8;9;8;10;8;11;7;11;6;11;5;11;5;12;5;13;5;14;5;15;6;15;7;15;8;15;9;15;9;16
3;3;6;16;8;0;7;0;6;0;5;0;4;0;3;0;2;0;1;0;0;0;0;1;0;2;0;3;0;4;1;4;2;4;3;4;3;5;3;6;4;6;5;6;6;6;7;6;8;6;8;7;8;8;8;9;8;10;8;11;7;11;6;11;5;11;5;12;5;13;5;14;5;15;6;15;7;15;8;15;9;15;9;16;8;16
3;3;6;16;7;0;6;0;5;0;4;0;3;0;2;0;1;0;0;0;0;1;0;2;0;3;0;4;1;4;2;4;3;4;3;5;3;6;4;6;5;6;6;6;7;6;8;6;8;7;8;8;8;9;8;10;8;11;7;11;6;11;5;11;5;12;5;13;5;14;5;15;6;15;7;15;8;15;9;15;9;16;8;16;7;16
3;3;4;14;6;0;6;0;5;0;4;0;3;0;2;0;1;0;0;0;0;1;0;2;0;3;0;4;1;4;2;4;3;4;3;5;3;6;4;6;5;6;6;6;7;6;8;6;8;7;8;8;8;9;8;10;8;11;7;11;6;11;5;11;5;12;5;13;5;14;5;15;6;15;7;15;8;15;9;15;9;16;8;16;7;16;6;16
3;3;4;14;6;0;5;0;4;0;3;0;2;0;1;0;0;0;0;1;0;2;0;3;0;4;1;4;2;4;3;4;3;5;3;6;4;6;5;6;6;6;7;6;8;6;8;7;8;8;8;9;8;10;8;11;7;11;6;11;5;11;5;12;5;13;5;14;5;15;6;15;7;15;8;15;9;15;9;16;8;16;7;16;6;16;5;16
3;3;4;14;5;0;4;0;3;0;2;0;1;0;0;0;0;1;0;2;0;3;0;4;1;4;2;4;3;4;3;5;3;6;4;6;5;6;6;6;7;6;8;6;8;7;8;8;8;9;8;10;8;11;7;11;6;11;5;11;5;12;5;13;5;14;5;15;6;15;7;15;8;15;9;15;9;16;8;16;7;16;6;16;5;16;4;16
3;3;4;14;4;0;3;0;2;0;1;0;0;0;0;1;0;2;0;3;0;4;1;4;2;4;3;4;3;5;3;6;4;6;5;6;6;6;7;6;8;6;8;7;8;8;8;9;8;10;8;11;7;11;6;11;5;11;5;12;5;13;5;14;5;15;6;15;7;15;8;15;9;15;9;16;8;16;7;16;6;16;5;16;4;16;3;16
3;3;4;14;3;0;2;0;1;0;0;0;0;1;0;2;0;3;0;4;1;4;2;4;3;4;3;5;3;6;4;6;5;6;6;6;7;6;8;6;8;7;8;8;8;9;8;10;8;11;7;11;6;11;5;11;5;12;5;13;5;14;5;15;6;15;7;15;8;15;9;15;9;16;8;16;7;16;6;16;5;16;4;16;3;16;2;16
0;3;4;14;2;0;1;0;0;0;0;1;0;2;0;3;0;4;1;4;2;4;3;4;3;5;3;6;4;6;5;6;6;6;7;6;8;6;8;7;8;8;8;9;8;10;8;11;7;11;6;11;5;11;5;12;5;13;5;14;5;15;6;15;7;15;8;15;9;15;9;16;8;16;7;16;6;16;5;16;4;16;3;16;2;16;1;16
0;0;4;14;1;0;0;0;0;1;0;2;0;3;0;4;1;4;2;4;3;4;3;5;3;6;4;6;5;6;6;6;7;6;8;6;8;7;8;8;8;9;8;10;8;11;7;11;6;11;5;11;5;12;5;13;5;14;5;15;6;15;7;15;8;15;9;15;9;16;8;16;7;16;6;16;5;16;4;16;3;16;2;16;1;16;1;15
0;0;4;14;0;0;0;1;0;2;0;3;0;4;1;4;2;4;3;4;3;5;3;6;4;6;5;6;6;6;7;6;8;6;8;7;8;8;8;9;8;10;8;11;7;11;6;11;5;11;5;12;5;13;5;14;5;15;6;15;7;15;8;15;9;15;9;16;8;16;7;16;6;16;5;16;4;16;3;16;2;16;1;16;1;15;1;14
0;0;4;14;0;1;0;2;0;3;0;4;1;4;2;4;3;4;3;5;3;6;4;6;5;6;6;6;7;6;8;6;8;7;8;8;8;9;8;10;8;11;7;11;6;11;5;11;5;12;5;13;5;14;5;15;6;15;7;15;8;15;9;15;9;16;8;16;7;16;6;16;5;16;4;16;3;16;2;16;1;16;1;15;1;14;1;13
3;0;4;14;0;2;0;3;0;4;1;4;2;4;3;4;3;5;3;6;4;6;5;6;6;6;7;6;8;6;8;7;8;8;8;9;8;10;8;11;7;11;6;11;5;11;5;12;5;13;5;14;5;15;6;15;7;15;8;15;9;15;9;16;8;16;7;16;6;16;5;16;4;16;3;16;2;16;1;16;1;15;1;14;1;13;1;12
3;3;4;14;0;3;0;4;1;4;2;4;3;4;3;5;3;6;4;6;5;6;6;6;7;6;8;6;8;7;8;8;8;9;8;10;8;11;7;11;6;11;5;11;5;12;5;13;5;14;5;15;6;15;7;15;8;15;9;15;9;16;8;16;7;16;6;16;5;16;4;16;3;16;2;16;1;16;1;15;1;14;1;13;1;12;0;12
