20
1;1;3;9;8;10;9;10;10;10
1;1;3;9;9;10;10;10;11;10
0;1;3;9;10;10;11;10;12;10
3;0;3;9;11;10;12;10;12;9
3;3;3;9;12;10;12;9;11;9
3;3;3;9;12;9;11;9;10;9
3;3;3;9;11;9;10;9;9;9
3;3;3;9;10;9;9;9;8;9
3;3;3;9;9;9;8;9;7;9
3;3;3;9;8;9;7;9;6;9
3;3;3;9;7;9;6;9;5;9
3;3;3;9;6;9;5;9;4;9
0;3;15;0;5;9;5;9;4;9;3;9
0;0;15;0;5;9;4;9;3;9;3;8
0;0;15;0;4;9;3;9;3;8;3;7
0;0;15;0;3;9;3;8;3;7;3;6
0;0;15;0;3;8;3;7;3;6;3;5
0;0;15;0;3;7;3;6;3;5;3;4
0;0;15;0;3;6;3;5;3;4;3;3
0;0;15;0;3;5;3;4;3;3;3;2
0;0;15;0;3;4;3;3;3;2;3;1
1;0;15;0;3;3;3;2;3;1;3;0
1;1;15;0;3;2;3;1;3;0;4;0
1;1;15;0;3;1;3;0;4;0;5;0
1;1;15;0;3;0;4;0;5;0;6;0
1;1;15;0;4;0;5;0;6;0;7;0
1;1;15;0;5;0;6;0;7;0;8;0
1;1;15;0;6;0;7;0;8;0;9;0
1;1;15;0;7;0;8;0;9;0;10;0
1;1;15;0;8;0;9;0;10;0;11;0
1;1;15;0;9;0;10;0;11;0;12;0
1;1;15;0;10;0;11;0;12;0;13;0
1;1;15;0;11;0;12;0;13;0;14;0
2;1;7;6;12;0;12;0;13;0;14;0;15;0
2;2;7;6;12;0;13;0;14;0;15;0;15;1
2;2;7;6;13;0;14;0;15;0;15;1;15;2
2;2;7;6;14;0;15;0;15;1;15;2;15;3
2;2;7;6;15;0;15;1;15;2;15;3;15;4
2;2;7;6;15;1;15;2;15;3;15;4;15;5
3;2;7;6;15;2;15;3;15;4;15;5;15;6
3;3;7;6;15;3;15;4;15;5;15;6;14;6
3;3;7;6;15;4;15;5;15;6;14;6;13;6
3;3;7;6;15;5;15;6;14;6;13;6;12;6
3;3;7;6;15;6;14;6;13;6;12;6;11;6
3;3;7;6;14;6;13;6;12;6;11;6;10;6
3;3;7;6;13;6;12;6;11;6;10;6;9;6
3;3;7;6;12;6;11;6;10;6;9;6;8;6
3;3;11;13;11;6;11;6;10;6;9;6;8;6;7;6
2;3;11;13;11;6;10;6;9;6;8;6;7;6;6;6
2;2;11;13;10;6;9;6;8;6;7;6;6;6;6;7
2;2;11;13;9;6;8;6;7;6;6;6;6;7;6;8
2;2;11;13;8;6;7;6;6;6;6;7;6;8;6;9
2;2;11;13;7;6;6;6;6;7;6;8;6;9;6;10
2;2;11;13;6;6;6;7;6;8;6;9;6;10;6;11
2;2;11;13;6;7;6;8;6;9;6;10;6;11;6;12
1;2;11;13;6;8;6;9;6;10;6;11;6;12;6;13
1;1;11;13;6;9;6;10;6;11;6;12;6;13;7;13
1;1;11;13;6;10;6;11;6;12;6;13;7;13;8;13
1;1;11;13;6;11;6;12;6;13;7;13;8;13;9;13
1;1;11;13;6;12;6;13;7;13;8;13;9;13;10;13
1;1;15;8;6;13;6;13;7;13;8;13;9;13;10;13;11;13
1;1;15;8;6;13;7;13;8;13;9;13;10;13;11;13;12;13
1;1;15;8;7;13;8;13;9;13;10;13;11;13;12;13;13;13
1;1;15;8;8;13;9;13;10;13;11;13;12;13;13;13;14;13
0;1;15;8;9;13;10;13;11;13;12;13;13;13;14;13;15;13
0;0;15;8;10;13;11;13;12;13;13;13;14;13;15;13;15;12
0;0;15;8;11;13;12;13;13;13;14;13;15;13;15;12;15;11
0;0;15;8;12;13;13;13;14;13;15;13;15;12;15;11;15;10
0;0;15;8;13;13;14;13;15;13;15;12;15;11;15;10;15;9
0;0;15;14;14;13;14;13;15;13;15;12;15;11;15;10;15;9;15;8
3;0;15;14;14;13;15;13;15;12;15;11;15;10;15;9;15;8;15;7
2;3;15;14;15;13;15;12;15;11;15;10;15;9;15;8;15;7;14;7
2;2;15;14;15;12;15;11;15;10;15;9;15;8;15;7;14;7;14;8
2;2;15;14;15;11;15;10;15;9;15;8;15;7;14;7;14;8;14;9
2;2;15;14;15;10;15;9;15;8;15;7;14;7;14;8;14;9;14;10
2;2;15;14;15;9;15;8;15;7;14;7;14;8;14;9;14;10;14;11
2;2;15;14;15;8;15;7;14;7;14;8;14;9;14;10;14;11;14;12
2;2;15;14;15;7;14;7;14;8;14;9;14;10;14;11;14;12;14;13
1;2;15;14;14;7;14;8;14;9;14;10;14;11;14;12;14;13;14;14
1;1;19;19;14;8;14;8;14;9;14;10;14;11;14;12;14;13;14;14;15;14
1;1;19;19;14;8;14;9;14;10;14;11;14;12;14;13;14;14;15;14;16;14
1;1;19;19;14;9;14;10;14;11;14;12;14;13;14;14;15;14;16;14;17;14
1;1;19;19;14;10;14;11;14;12;14;13;14;14;15;14;16;14;17;14;18;14
2;1;19;19;14;11;14;12;14;13;14;14;15;14;16;14;17;14;18;14;19;14
2;2;19;19;14;12;14;13;14;14;15;14;16;14;17;14;18;14;19;14;19;15
2;2;19;19;14;13;14;14;15;14;16;14;17;14;18;14;19;14;19;15;19;16
2;2;19;19;14;14;15;14;16;14;17;14;18;14;19;14;19;15;19;16;19;17
3;2;19;19;15;14;16;14;17;14;18;14;19;14;19;15;19;16;19;17;19;18
3;3;19;19;16;14;17;14;18;14;19;14;19;15;19;16;19;17;19;18;18;18
3;3;19;19;17;14;18;14;19;14;19;15;19;16;19;17;19;18;18;18;17;18
3;3;19;19;18;14;19;14;19;15;19;16;19;17;19;18;18;18;17;18;16;18
3;3;19;19;19;14;19;15;19;16;19;17;19;18;18;18;17;18;16;18;15;18
0;3;19;19;19;15;19;16;19;17;19;18;18;18;17;18;16;18;15;18;14;18
1;0;19;19;19;16;19;17;19;18;18;18;17;18;16;18;15;18;14;18;14;17
1;1;19;19;19;17;19;18;18;18;17;18;16;18;15;18;14;18;14;17;15;17
1;1;19;19;19;18;18;18;17;18;16;18;15;18;14;18;14;17;15;17;16;17
1;1;19;19;18;18;17;18;16;18;15;18;14;18;14;17;15;17;16;17;17;17
1;1;19;19;17;18;16;18;15;18;14;18;14;17;15;17;16;17;17;17;18;17
2;1;19;19;16;18;15;18;14;18;14;17;15;17;16;17;17;17;18;17;19;17
2;2;19;19;15;18;14;18;14;17;15;17;16;17;17;17;18;17;19;17;19;18
3;2;9;18;14;18;14;18;14;17;15;17;16;17;17;17;18;17;19;17;19;18;19;19
3;3;9;18;14;18;14;17;15;17;16;17;17;17;18;17;19;17;19;18;19;19;18;19
3;3;9;18;14;17;15;17;16;17;17;17;18;17;19;17;19;18;19;19;18;19;17;19
3;3;9;18;15;17;16;17;17;17;18;17;19;17;19;18;19;19;18;19;17;19;16;19
3;3;9;18;16;17;17;17;18;17;19;17;19;18;19;19;18;19;17;19;16;19;15;19
3;3;9;18;17;17;18;17;19;17;19;18;19;19;18;19;17;19;16;19;15;19;14;19
3;3;9;18;18;17;19;17;19;18;19;19;18;19;17;19;16;19;15;19;14;19;13;19
3;3;9;18;19;17;19;18;19;19;18;19;17;19;16;19;15;19;14;19;13;19;12;19
3;3;9;18;19;18;19;19;18;19;17;19;16;19;15;19;14;19;13;19;12;19;11;19
3;3;9;18;19;19;18;19;17;19;16;19;15;19;14;19;13;19;12;19;11;19;10;19
0;3;9;18;18;19;17;19;16;19;15;19;14;19;13;19;12;19;11;19;10;19;9;19
0;0;15;8;17;19;17;19;16;19;15;19;14;19;13;19;12;19;11;19;10;19;9;19;9;18
0;0;15;8;17;19;16;19;15;19;14;19;13;19;12;19;11;19;10;19;9;19;9;18;9;17
0;0;15;8;16;19;15;19;14;19;13;19;12;19;11;19;10;19;9;19;9;18;9;17;9;16
0;0;15;8;15;19;14;19;13;19;12;19;11;19;10;19;9;19;9;18;9;17;9;16;9;15
0;0;15;8;14;19;13;19;12;19;11;19;10;19;9;19;9;18;9;17;9;16;9;15;9;14
0;0;15;8;13;19;12;19;11;19;10;19;9;19;9;18;9;17;9;16;9;15;9;14;9;13
0;0;15;8;12;19;11;19;10;19;9;19;9;18;9;17;9;16;9;15;9;14;9;13;9;12
0;0;15;8;11;19;10;19;9;19;9;18;9;17;9;16;9;15;9;14;9;13;9;12;9;11
0;0;15;8;10;19;9;19;9;18;9;17;9;16;9;15;9;14;9;13;9;12;9;11;9;10
1;0;15;8;9;19;9;18;9;17;9;16;9;15;9;14;9;13;9;12;9;11;9;10;9;9
1;1;15;8;9;18;9;17;9;16;9;15;9;14;9;13;9;12;9;11;9;10;9;9;10;9
1;1;15;8;9;17;9;16;9;15;9;14;9;13;9;12;9;11;9;10;9;9;10;9;11;9
1;1;15;8;9;16;9;15;9;14;9;13;9;12;9;11;9;10;9;9;10;9;11;9;12;9
1;1;15;8;9;15;9;14;9;13;9;12;9;11;9;10;9;9;10;9;11;9;12;9;13;9
1;1;15;8;9;14;9;13;9;12;9;11;9;10;9;9;10;9;11;9;12;9;13;9;14;9
0;1;15;8;9;13;9;12;9;11;9;10;9;9;10;9;11;9;12;9;13;9;14;9;15;9
0;0;15;13;9;12;9;12;9;11;9;10;9;9;10;9;11;9;12;9;13;9;14;9;15;9;15;8
0;0;15;13;9;12;9;11;9;10;9;9;10;9;11;9;12;9;13;9;14;9;15;9;15;8;15;7
1;0;15;13;9;11;9;10;9;9;10;9;11;9;12;9;13;9;14;9;15;9;15;8;15;7;15;6
2;1;15;13;9;10;9;9;10;9;11;9;12;9;13;9;14;9;15;9;15;8;15;7;15;6;16;6
2;2;15;13;9;9;10;9;11;9;12;9;13;9;14;9;15;9;15;8;15;7;15;6;16;6;16;7
2;2;15;13;10;9;11;9;12;9;13;9;14;9;15;9;15;8;15;7;15;6;16;6;16;7;16;8
2;2;15;13;11;9;12;9;13;9;14;9;15;9;15;8;15;7;15;6;16;6;16;7;16;8;16;9
2;2;15;13;12;9;13;9;14;9;15;9;15;8;15;7;15;6;16;6;16;7;16;8;16;9;16;10
2;2;15;13;13;9;14;9;15;9;15;8;15;7;15;6;16;6;16;7;16;8;16;9;16;10;16;11
2;2;15;13;14;9;15;9;15;8;15;7;15;6;16;6;16;7;16;8;16;9;16;10;16;11;16;12
3;2;15;13;15;9;15;8;15;7;15;6;16;6;16;7;16;8;16;9;16;10;16;11;16;12;16;13
3;3;8;7;15;8;15;8;15;7;15;6;16;6;16;7;16;8;16;9;16;10;16;11;16;12;16;13;15;13
3;3;8;7;15;8;15;7;15;6;16;6;16;7;16;8;16;9;16;10;16;11;16;12;16;13;15;13;14;13
3;3;8;7;15;7;15;6;16;6;16;7;16;8;16;9;16;10;16;11;16;12;16;13;15;13;14;13;13;13
3;3;8;7;15;6;16;6;16;7;16;8;16;9;16;10;16;11;16;12;16;13;15;13;14;13;13;13;12;13
3;3;8;7;16;6;16;7;16;8;16;9;16;10;16;11;16;12;16;13;15;13;14;13;13;13;12;13;11;13
3;3;8;7;16;7;16;8;16;9;16;10;16;11;16;12;16;13;15;13;14;13;13;13;12;13;11;13;10;13
3;3;8;7;16;8;16;9;16;10;16;11;16;12;16;13;15;13;14;13;13;13;12;13;11;13;10;13;9;13
0;3;8;7;16;9;16;10;16;11;16;12;16;13;15;13;14;13;13;13;12;13;11;13;10;13;9;13;8;13
0;0;8;7;16;10;16;11;16;12;16;13;15;13;14;13;13;13;12;13;11;13;10;13;9;13;8;13;8;12
0;0;8;7;16;11;16;12;16;13;15;13;14;13;13;13;12;13;11;13;10;13;9;13;8;13;8;12;8;11
0;0;8;7;16;12;16;13;15;13;14;13;13;13;12;13;11;13;10;13;9;13;8;13;8;12;8;11;8;10
0;0;8;7;16;13;15;13;14;13;13;13;12;13;11;13;10;13;9;13;8;13;8;12;8;11;8;10;8;9
0;0;8;7;15;13;14;13;13;13;12;13;11;13;10;13;9;13;8;13;8;12;8;11;8;10;8;9;8;8
0;0;17;8;14;13;14;13;13;13;12;13;11;13;10;13;9;13;8;13;8;12;8;11;8;10;8;9;8;8;8;7
1;0;17;8;14;13;13;13;12;13;11;13;10;13;9;13;8;13;8;12;8;11;8;10;8;9;8;8;8;7;8;6
1;1;17;8;13;13;12;13;11;13;10;13;9;13;8;13;8;12;8;11;8;10;8;9;8;8;8;7;8;6;9;6
1;1;17;8;12;13;11;13;10;13;9;13;8;13;8;12;8;11;8;10;8;9;8;8;8;7;8;6;9;6;10;6
2;1;17;8;11;13;10;13;9;13;8;13;8;12;8;11;8;10;8;9;8;8;8;7;8;6;9;6;10;6;11;6
2;2;17;8;10;13;9;13;8;13;8;12;8;11;8;10;8;9;8;8;8;7;8;6;9;6;10;6;11;6;11;7
1;2;17;8;9;13;8;13;8;12;8;11;8;10;8;9;8;8;8;7;8;6;9;6;10;6;11;6;11;7;11;8
1;1;17;8;8;13;8;12;8;11;8;10;8;9;8;8;8;7;8;6;9;6;10;6;11;6;11;7;11;8;12;8
1;1;17;8;8;12;8;11;8;10;8;9;8;8;8;7;8;6;9;6;10;6;11;6;11;7;11;8;12;8;13;8
1;1;17;8;8;11;8;10;8;9;8;8;8;7;8;6;9;6;10;6;11;6;11;7;11;8;12;8;13;8;14;8
1;1;17;8;8;10;8;9;8;8;8;7;8;6;9;6;10;6;11;6;11;7;11;8;12;8;13;8;14;8;15;8
1;1;17;8;8;9;8;8;8;7;8;6;9;6;10;6;11;6;11;7;11;8;12;8;13;8;14;8;15;8;16;8
2;1;6;4;8;8;8;8;8;7;8;6;9;6;10;6;11;6;11;7;11;8;12;8;13;8;14;8;15;8;16;8;17;8
3;2;6;4;8;8;8;7;8;6;9;6;10;6;11;6;11;7;11;8;12;8;13;8;14;8;15;8;16;8;17;8;17;9
3;3;6;4;8;7;8;6;9;6;10;6;11;6;11;7;11;8;12;8;13;8;14;8;15;8;16;8;17;8;17;9;16;9
3;3;6;4;8;6;9;6;10;6;11;6;11;7;11;8;12;8;13;8;14;8;15;8;16;8;17;8;17;9;16;9;15;9
3;3;6;4;9;6;10;6;11;6;11;7;11;8;12;8;13;8;14;8;15;8;16;8;17;8;17;9;16;9;15;9;14;9
3;3;6;4;10;6;11;6;11;7;11;8;12;8;13;8;14;8;15;8;16;8;17;8;17;9;16;9;15;9;14;9;13;9
3;3;6;4;11;6;11;7;11;8;12;8;13;8;14;8;15;8;16;8;17;8;17;9;16;9;15;9;14;9;13;9;12;9
3;3;6;4;11;7;11;8;12;8;13;8;14;8;15;8;16;8;17;8;17;9;16;9;15;9;14;9;13;9;12;9;11;9
3;3;6;4;11;8;12;8;13;8;14;8;15;8;16;8;17;8;17;9;16;9;15;9;14;9;13;9;12;9;11;9;10;9
3;3;6;4;12;8;13;8;14;8;15;8;16;8;17;8;17;9;16;9;15;9;14;9;13;9;12;9;11;9;10;9;9;9
3;3;6;4;13;8;14;8;15;8;16;8;17;8;17;9;16;9;15;9;14;9;13;9;12;9;11;9;10;9;9;9;8;9
3;3;6;4;14;8;15;8;16;8;17;8;17;9;16;9;15;9;14;9;13;9;12;9;11;9;10;9;9;9;8;9;7;9
0;3;6;4;15;8;16;8;17;8;17;9;16;9;15;9;14;9;13;9;12;9;11;9;10;9;9;9;8;9;7;9;6;9
0;0;6;4;16;8;17;8;17;9;16;9;15;9;14;9;13;9;12;9;11;9;10;9;9;9;8;9;7;9;6;9;6;8
0;0;6;4;17;8;17;9;16;9;15;9;14;9;13;9;12;9;11;9;10;9;9;9;8;9;7;9;6;9;6;8;6;7
0;0;6;4;17;9;16;9;15;9;14;9;13;9;12;9;11;9;10;9;9;9;8;9;7;9;6;9;6;8;6;7;6;6
0;0;6;4;16;9;15;9;14;9;13;9;12;9;11;9;10;9;9;9;8;9;7;9;6;9;6;8;6;7;6;6;6;5
1;0;18;7;15;9;15;9;14;9;13;9;12;9;11;9;10;9;9;9;8;9;7;9;6;9;6;8;6;7;6;6;6;5;6;4
1;1;18;7;15;9;14;9;13;9;12;9;11;9;10;9;9;9;8;9;7;9;6;9;6;8;6;7;6;6;6;5;6;4;7;4
1;1;18;7;14;9;13;9;12;9;11;9;10;9;9;9;8;9;7;9;6;9;6;8;6;7;6;6;6;5;6;4;7;4;8;4
1;1;18;7;13;9;12;9;11;9;10;9;9;9;8;9;7;9;6;9;6;8;6;7;6;6;6;5;6;4;7;4;8;4;9;4
1;1;18;7;12;9;11;9;10;9;9;9;8;9;7;9;6;9;6;8;6;7;6;6;6;5;6;4;7;4;8;4;9;4;10;4
1;1;18;7;11;9;10;9;9;9;8;9;7;9;6;9;6;8;6;7;6;6;6;5;6;4;7;4;8;4;9;4;10;4;11;4
1;1;18;7;10;9;9;9;8;9;7;9;6;9;6;8;6;7;6;6;6;5;6;4;7;4;8;4;9;4;10;4;11;4;12;4
1;1;18;7;9;9;8;9;7;9;6;9;6;8;6;7;6;6;6;5;6;4;7;4;8;4;9;4;10;4;11;4;12;4;13;4
1;1;18;7;8;9;7;9;6;9;6;8;6;7;6;6;6;5;6;4;7;4;8;4;9;4;10;4;11;4;12;4;13;4;14;4
1;1;18;7;7;9;6;9;6;8;6;7;6;6;6;5;6;4;7;4;8;4;9;4;10;4;11;4;12;4;13;4;14;4;15;4
1;1;18;7;6;9;6;8;6;7;6;6;6;5;6;4;7;4;8;4;9;4;10;4;11;4;12;4;13;4;14;4;15;4;16;4
1;1;18;7;6;8;6;7;6;6;6;5;6;4;7;4;8;4;9;4;10;4;11;4;12;4;13;4;14;4;15;4;16;4;17;4
2;1;18;7;6;7;6;6;6;5;6;4;7;4;8;4;9;4;10;4;11;4;12;4;13;4;14;4;15;4;16;4;17;4;18;4
2;2;18;7;6;6;6;5;6;4;7;4;8;4;9;4;10;4;11;4;12;4;13;4;14;4;15;4;16;4;17;4;18;4;18;5
2;2;18;7;6;5;6;4;7;4;8;4;9;4;10;4;11;4;12;4;13;4;14;4;15;4;16;4;17;4;18;4;18;5;18;6
2;2;5;15;6;4;6;4;7;4;8;4;9;4;10;4;11;4;12;4;13;4;14;4;15;4;16;4;17;4;18;4;18;5;18;6;18;7
2;2;5;15;6;4;7;4;8;4;9;4;10;4;11;4;12;4;13;4;14;4;15;4;16;4;17;4;18;4;18;5;18;6;18;7;18;8
2;2;5;15;7;4;8;4;9;4;10;4;11;4;12;4;13;4;14;4;15;4;16;4;17;4;18;4;18;5;18;6;18;7;18;8;18;9
2;2;5;15;8;4;9;4;10;4;11;4;12;4;13;4;14;4;15;4;16;4;17;4;18;4;18;5;18;6;18;7;18;8;18;9;18;10
2;2;5;15;9;4;10;4;11;4;12;4;13;4;14;4;15;4;16;4;17;4;18;4;18;5;18;6;18;7;18;8;18;9;18;10;18;11
2;2;5;15;10;4;11;4;12;4;13;4;14;4;15;4;16;4;17;4;18;4;18;5;18;6;18;7;18;8;18;9;18;10;18;11;18;12
2;2;5;15;11;4;12;4;13;4;14;4;15;4;16;4;17;4;18;4;18;5;18;6;18;7;18;8;18;9;18;10;18;11;18;12;18;13
2;2;5;15;12;4;13;4;14;4;15;4;16;4;17;4;18;4;18;5;18;6;18;7;18;8;18;9;18;10;18;11;18;12;18;13;18;14
3;2;5;15;13;4;14;4;15;4;16;4;17;4;18;4;18;5;18;6;18;7;18;8;18;9;18;10;18;11;18;12;18;13;18;14;18;15
3;3;5;15;14;4;15;4;16;4;17;4;18;4;18;5;18;6;18;7;18;8;18;9;18;10;18;11;18;12;18;13;18;14;18;15;17;15
3;3;5;15;15;4;16;4;17;4;18;4;18;5;18;6;18;7;18;8;18;9;18;10;18;11;18;12;18;13;18;14;18;15;17;15;16;15
3;3;5;15;16;4;17;4;18;4;18;5;18;6;18;7;18;8;18;9;18;10;18;11;18;12;18;13;18;14;18;15;17;15;16;15;15;15
3;3;5;15;17;4;18;4;18;5;18;6;18;7;18;8;18;9;18;10;18;11;18;12;18;13;18;14;18;15;17;15;16;15;15;15;14;15
3;3;5;15;18;4;18;5;18;6;18;7;18;8;18;9;18;10;18;11;18;12;18;13;18;14;18;15;17;15;16;15;15;15;14;15;13;15
3;3;5;15;18;5;18;6;18;7;18;8;18;9;18;10;18;11;18;12;18;13;18;14;18;15;17;15;16;15;15;15;14;15;13;15;12;15
3;3;5;15;18;6;18;7;18;8;18;9;18;10;18;11;18;12;18;13;18;14;18;15;17;15;16;15;15;15;14;15;13;15;12;15;11;15
3;3;5;15;18;7;18;8;18;9;18;10;18;11;18;12;18;13;18;14;18;15;17;15;16;15;15;15;14;15;13;15;12;15;11;15;10;15
3;3;5;15;18;8;18;9;18;10;18;11;18;12;18;13;18;14;18;15;17;15;16;15;15;15;14;15;13;15;12;15;11;15;10;15;9;15
3;3;5;15;18;9;18;10;18;11;18;12;18;13;18;14;18;15;17;15;16;15;15;15;14;15;13;15;12;15;11;15;10;15;9;15;8;15
3;3;5;15;18;10;18;11;18;12;18;13;18;14;18;15;17;15;16;15;15;15;14;15;13;15;12;15;11;15;10;15;9;15;8;15;7;15
3;3;5;15;18;11;18;12;18;13;18;14;18;15;17;15;16;15;15;15;14;15;13;15;12;15;11;15;10;15;9;15;8;15;7;15;6;15
3;3;13;17;18;12;18;12;18;13;18;14;18;15;17;15;16;15;15;15;14;15;13;15;12;15;11;15;10;15;9;15;8;15;7;15;6;15;5;15
2;3;13;17;18;12;18;13;18;14;18;15;17;15;16;15;15;15;14;15;13;15;12;15;11;15;10;15;9;15;8;15;7;15;6;15;5;15;4;15
2;2;13;17;18;13;18;14;18;15;17;15;16;15;15;15;14;15;13;15;12;15;11;15;10;15;9;15;8;15;7;15;6;15;5;15;4;15;4;16
1;2;13;17;18;14;18;15;17;15;16;15;15;15;14;15;13;15;12;15;11;15;10;15;9;15;8;15;7;15;6;15;5;15;4;15;4;16;4;17
1;1;13;17;18;15;17;15;16;15;15;15;14;15;13;15;12;15;11;15;10;15;9;15;8;15;7;15;6;15;5;15;4;15;4;16;4;17;5;17
1;1;13;17;17;15;16;15;15;15;14;15;13;15;12;15;11;15;10;15;9;15;8;15;7;15;6;15;5;15;4;15;4;16;4;17;5;17;6;17
1;1;13;17;16;15;15;15;14;15;13;15;12;15;11;15;10;15;9;15;8;15;7;15;6;15;5;15;4;15;4;16;4;17;5;17;6;17;7;17
1;1;13;17;15;15;14;15;13;15;12;15;11;15;10;15;9;15;8;15;7;15;6;15;5;15;4;15;4;16;4;17;5;17;6;17;7;17;8;17
1;1;13;17;14;15;13;15;12;15;11;15;10;15;9;15;8;15;7;15;6;15;5;15;4;15;4;16;4;17;5;17;6;17;7;17;8;17;9;17
1;1;13;17;13;15;12;15;11;15;10;15;9;15;8;15;7;15;6;15;5;15;4;15;4;16;4;17;5;17;6;17;7;17;8;17;9;17;10;17
1;1;13;17;12;15;11;15;10;15;9;15;8;15;7;15;6;15;5;15;4;15;4;16;4;17;5;17;6;17;7;17;8;17;9;17;10;17;11;17
1;1;13;17;11;15;10;15;9;15;8;15;7;15;6;15;5;15;4;15;4;16;4;17;5;17;6;17;7;17;8;17;9;17;10;17;11;17;12;17
1;1;10;14;10;15;10;15;9;15;8;15;7;15;6;15;5;15;4;15;4;16;4;17;5;17;6;17;7;17;8;17;9;17;10;17;11;17;12;17;13;17
0;1;10;14;10;15;9;15;8;15;7;15;6;15;5;15;4;15;4;16;4;17;5;17;6;17;7;17;8;17;9;17;10;17;11;17;12;17;13;17;14;17
0;0;10;14;9;15;8;15;7;15;6;15;5;15;4;15;4;16;4;17;5;17;6;17;7;17;8;17;9;17;10;17;11;17;12;17;13;17;14;17;14;16
0;0;10;14;8;15;7;15;6;15;5;15;4;15;4;16;4;17;5;17;6;17;7;17;8;17;9;17;10;17;11;17;12;17;13;17;14;17;14;16;14;15
3;0;10;14;7;15;6;15;5;15;4;15;4;16;4;17;5;17;6;17;7;17;8;17;9;17;10;17;11;17;12;17;13;17;14;17;14;16;14;15;14;14
3;3;10;14;6;15;5;15;4;15;4;16;4;17;5;17;6;17;7;17;8;17;9;17;10;17;11;17;12;17;13;17;14;17;14;16;14;15;14;14;13;14
3;3;10;14;5;15;4;15;4;16;4;17;5;17;6;17;7;17;8;17;9;17;10;17;11;17;12;17;13;17;14;17;14;16;14;15;14;14;13;14;12;14
3;3;10;14;4;15;4;16;4;17;5;17;6;17;7;17;8;17;9;17;10;17;11;17;12;17;13;17;14;17;14;16;14;15;14;14;13;14;12;14;11;14
0;3;15;8;4;16;4;16;4;17;5;17;6;17;7;17;8;17;9;17;10;17;11;17;12;17;13;17;14;17;14;16;14;15;14;14;13;14;12;14;11;14;10;14
0;0;15;8;4;16;4;17;5;17;6;17;7;17;8;17;9;17;10;17;11;17;12;17;13;17;14;17;14;16;14;15;14;14;13;14;12;14;11;14;10;14;10;13
0;0;15;8;4;17;5;17;6;17;7;17;8;17;9;17;10;17;11;17;12;17;13;17;14;17;14;16;14;15;14;14;13;14;12;14;11;14;10;14;10;13;10;12
0;0;15;8;5;17;6;17;7;17;8;17;9;17;10;17;11;17;12;17;13;17;14;17;14;16;14;15;14;14;13;14;12;14;11;14;10;14;10;13;10;12;10;11
0;0;15;8;6;17;7;17;8;17;9;17;10;17;11;17;12;17;13;17;14;17;14;16;14;15;14;14;13;14;12;14;11;14;10;14;10;13;10;12;10;11;10;10
1;0;15;8;7;17;8;17;9;17;10;17;11;17;12;17;13;17;14;17;14;16;14;15;14;14;13;14;12;14;11;14;10;14;10;13;10;12;10;11;10;10;10;9
1;1;15;8;8;17;9;17;10;17;11;17;12;17;13;17;14;17;14;16;14;15;14;14;13;14;12;14;11;14;10;14;10;13;10;12;10;11;10;10;10;9;11;9
1;1;15;8;9;17;10;17;11;17;12;17;13;17;14;17;14;16;14;15;14;14;13;14;12;14;11;14;10;14;10;13;10;12;10;11;10;10;10;9;11;9;12;9
1;1;15;8;10;17;11;17;12;17;13;17;14;17;14;16;14;15;14;14;13;14;12;14;11;14;10;14;10;13;10;12;10;11;10;10;10;9;11;9;12;9;13;9
1;1;15;8;11;17;12;17;13;17;14;17;14;16;14;15;14;14;13;14;12;14;11;14;10;14;10;13;10;12;10;11;10;10;10;9;11;9;12;9;13;9;14;9
0;1;15;8;12;17;13;17;14;17;14;16;14;15;14;14;13;14;12;14;11;14;10;14;10;13;10;12;10;11;10;10;10;9;11;9;12;9;13;9;14;9;15;9
0;0;12;13;13;17;13;17;14;17;14;16;14;15;14;14;13;14;12;14;11;14;10;14;10;13;10;12;10;11;10;10;10;9;11;9;12;9;13;9;14;9;15;9;15;8
3;0;12;13;13;17;14;17;14;16;14;15;14;14;13;14;12;14;11;14;10;14;10;13;10;12;10;11;10;10;10;9;11;9;12;9;13;9;14;9;15;9;15;8;15;7
3;3;12;13;14;17;14;16;14;15;14;14;13;14;12;14;11;14;10;14;10;13;10;12;10;11;10;10;10;9;11;9;12;9;13;9;14;9;15;9;15;8;15;7;14;7
3;3;12;13;14;16;14;15;14;14;13;14;12;14;11;14;10;14;10;13;10;12;10;11;10;10;10;9;11;9;12;9;13;9;14;9;15;9;15;8;15;7;14;7;13;7
3;3;12;13;14;15;14;14;13;14;12;14;11;14;10;14;10;13;10;12;10;11;10;10;10;9;11;9;12;9;13;9;14;9;15;9;15;8;15;7;14;7;13;7;12;7
3;3;12;13;14;14;13;14;12;14;11;14;10;14;10;13;10;12;10;11;10;10;10;9;11;9;12;9;13;9;14;9;15;9;15;8;15;7;14;7;13;7;12;7;11;7
3;3;12;13;13;14;12;14;11;14;10;14;10;13;10;12;10;11;10;10;10;9;11;9;12;9;13;9;14;9;15;9;15;8;15;7;14;7;13;7;12;7;11;7;10;7
2;3;12;13;12;14;11;14;10;14;10;13;10;12;10;11;10;10;10;9;11;9;12;9;13;9;14;9;15;9;15;8;15;7;14;7;13;7;12;7;11;7;10;7;9;7
2;2;12;13;11;14;10;14;10;13;10;12;10;11;10;10;10;9;11;9;12;9;13;9;14;9;15;9;15;8;15;7;14;7;13;7;12;7;11;7;10;7;9;7;9;8
2;2;12;13;10;14;10;13;10;12;10;11;10;10;10;9;11;9;12;9;13;9;14;9;15;9;15;8;15;7;14;7;13;7;12;7;11;7;10;7;9;7;9;8;9;9
2;2;12;13;10;13;10;12;10;11;10;10;10;9;11;9;12;9;13;9;14;9;15;9;15;8;15;7;14;7;13;7;12;7;11;7;10;7;9;7;9;8;9;9;9;10
2;2;12;13;10;12;10;11;10;10;10;9;11;9;12;9;13;9;14;9;15;9;15;8;15;7;14;7;13;7;12;7;11;7;10;7;9;7;9;8;9;9;9;10;9;11
2;2;12;13;10;11;10;10;10;9;11;9;12;9;13;9;14;9;15;9;15;8;15;7;14;7;13;7;12;7;11;7;10;7;9;7;9;8;9;9;9;10;9;11;9;12
1;2;12;13;10;10;10;9;11;9;12;9;13;9;14;9;15;9;15;8;15;7;14;7;13;7;12;7;11;7;10;7;9;7;9;8;9;9;9;10;9;11;9;12;9;13
1;1;12;13;10;9;11;9;12;9;13;9;14;9;15;9;15;8;15;7;14;7;13;7;12;7;11;7;10;7;9;7;9;8;9;9;9;10;9;11;9;12;9;13;10;13
1;1;12;13;11;9;12;9;13;9;14;9;15;9;15;8;15;7;14;7;13;7;12;7;11;7;10;7;9;7;9;8;9;9;9;10;9;11;9;12;9;13;10;13;11;13
1;1;14;19;12;9;12;9;13;9;14;9;15;9;15;8;15;7;14;7;13;7;12;7;11;7;10;7;9;7;9;8;9;9;9;10;9;11;9;12;9;13;10;13;11;13;12;13
1;1;14;19;12;9;13;9;14;9;15;9;15;8;15;7;14;7;13;7;12;7;11;7;10;7;9;7;9;8;9;9;9;10;9;11;9;12;9;13;10;13;11;13;12;13;13;13
1;1;14;19;13;9;14;9;15;9;15;8;15;7;14;7;13;7;12;7;11;7;10;7;9;7;9;8;9;9;9;10;9;11;9;12;9;13;10;13;11;13;12;13;13;13;14;13
1;1;14;19;14;9;15;9;15;8;15;7;14;7;13;7;12;7;11;7;10;7;9;7;9;8;9;9;9;10;9;11;9;12;9;13;10;13;11;13;12;13;13;13;14;13;15;13
2;1;14;19;15;9;15;8;15;7;14;7;13;7;12;7;11;7;10;7;9;7;9;8;9;9;9;10;9;11;9;12;9;13;10;13;11;13;12;13;13;13;14;13;15;13;16;13
2;2;14;19;15;8;15;7;14;7;13;7;12;7;11;7;10;7;9;7;9;8;9;9;9;10;9;11;9;12;9;13;10;13;11;13;12;13;13;13;14;13;15;13;16;13;16;14
2;2;14;19;15;7;14;7;13;7;12;7;11;7;10;7;9;7;9;8;9;9;9;10;9;11;9;12;9;13;10;13;11;13;12;13;13;13;14;13;15;13;16;13;16;14;16;15
2;2;14;19;14;7;13;7;12;7;11;7;10;7;9;7;9;8;9;9;9;10;9;11;9;12;9;13;10;13;11;13;12;13;13;13;14;13;15;13;16;13;16;14;16;15;16;16
2;2;14;19;13;7;12;7;11;7;10;7;9;7;9;8;9;9;9;10;9;11;9;12;9;13;10;13;11;13;12;13;13;13;14;13;15;13;16;13;16;14;16;15;16;16;16;17
3;2;14;19;12;7;11;7;10;7;9;7;9;8;9;9;9;10;9;11;9;12;9;13;10;13;11;13;12;13;13;13;14;13;15;13;16;13;16;14;16;15;16;16;16;17;16;18
3;3;14;19;11;7;10;7;9;7;9;8;9;9;9;10;9;11;9;12;9;13;10;13;11;13;12;13;13;13;14;13;15;13;16;13;16;14;16;15;16;16;16;17;16;18;15;18
3;3;14;19;10;7;9;7;9;8;9;9;9;10;9;11;9;12;9;13;10;13;11;13;12;13;13;13;14;13;15;13;16;13;16;14;16;15;16;16;16;17;16;18;15;18;14;18
3;3;14;19;9;7;9;8;9;9;9;10;9;11;9;12;9;13;10;13;11;13;12;13;13;13;14;13;15;13;16;13;16;14;16;15;16;16;16;17;16;18;15;18;14;18;13;18
3;3;14;19;9;8;9;9;9;10;9;11;9;12;9;13;10;13;11;13;12;13;13;13;14;13;15;13;16;13;16;14;16;15;16;16;16;17;16;18;15;18;14;18;13;18;12;18
3;3;14;19;9;9;9;10;9;11;9;12;9;13;10;13;11;13;12;13;13;13;14;13;15;13;16;13;16;14;16;15;16;16;16;17;16;18;15;18;14;18;13;18;12;18;11;18
2;3;14;19;9;10;9;11;9;12;9;13;10;13;11;13;12;13;13;13;14;13;15;13;16;13;16;14;16;15;16;16;16;17;16;18;15;18;14;18;13;18;12;18;11;18;10;18
2;2;14;19;9;11;9;12;9;13;10;13;11;13;12;13;13;13;14;13;15;13;16;13;16;14;16;15;16;16;16;17;16;18;15;18;14;18;13;18;12;18;11;18;10;18;10;19
