20
1;1;13;15;8;10;9;10;10;10
1;1;13;15;9;10;10;10;11;10
1;1;13;15;10;10;11;10;12;10
1;1;13;15;11;10;12;10;13;10
1;2;13;15;12;10;13;10;13;11
1;2;13;15;13;10;13;11;13;12
1;2;13;15;13;11;13;12;13;13
1;2;13;15;13;12;13;13;13;14
1;2;6;14;13;13;13;13;13;14;13;15
1;1;6;14;13;13;13;14;13;15;14;15
1;0;6;14;13;14;13;15;14;15;14;14
1;3;6;14;13;15;14;15;14;14;13;14
1;3;6;14;14;15;14;14;13;14;12;14
1;3;6;14;14;14;13;14;12;14;11;14
1;3;6;14;13;14;12;14;11;14;10;14
1;3;6;14;12;14;11;14;10;14;9;14
1;3;6;14;11;14;10;14;9;14;8;14
1;3;6;14;10;14;9;14;8;14;7;14
1;3;6;4;9;14;9;14;8;14;7;14;6;14
1;0;6;4;9;14;8;14;7;14;6;14;6;13
1;0;6;4;8;14;7;14;6;14;6;13;6;12
1;0;6;4;7;14;6;14;6;13;6;12;6;11
1;0;6;4;6;14;6;13;6;12;6;11;6;10
1;0;6;4;6;13;6;12;6;11;6;10;6;9
1;0;6;4;6;12;6;11;6;10;6;9;6;8
1;0;6;4;6;11;6;10;6;9;6;8;6;7
1;0;6;4;6;10;6;9;6;8;6;7;6;6
1;0;6;4;6;9;6;8;6;7;6;6;6;5
1;0;11;6;6;8;6;8;6;7;6;6;6;5;6;4
1;3;11;6;6;8;6;7;6;6;6;5;6;4;5;4
1;2;11;6;6;7;6;6;6;5;6;4;5;4;5;5
1;2;11;6;6;6;6;5;6;4;5;4;5;5;5;6
1;1;11;6;6;5;6;4;5;4;5;5;5;6;6;6
1;1;11;6;6;4;5;4;5;5;5;6;6;6;7;6
1;1;11;6;5;4;5;5;5;6;6;6;7;6;8;6
1;1;11;6;5;5;5;6;6;6;7;6;8;6;9;6
1;1;11;6;5;6;6;6;7;6;8;6;9;6;10;6
1;1;18;4;6;6;6;6;7;6;8;6;9;6;10;6;11;6
1;0;18;4;6;6;7;6;8;6;9;6;10;6;11;6;11;5
1;0;18;4;7;6;8;6;9;6;10;6;11;6;11;5;11;4
1;1;18;4;8;6;9;6;10;6;11;6;11;5;11;4;12;4
1;1;18;4;9;6;10;6;11;6;11;5;11;4;12;4;13;4
1;1;18;4;10;6;11;6;11;5;11;4;12;4;13;4;14;4
1;1;18;4;11;6;11;5;11;4;12;4;13;4;14;4;15;4
1;1;18;4;11;5;11;4;12;4;13;4;14;4;15;4;16;4
1;1;18;4;11;4;12;4;13;4;14;4;15;4;16;4;17;4
1;1;2;18;12;4;12;4;13;4;14;4;15;4;16;4;17;4;18;4
1;0;2;18;12;4;13;4;14;4;15;4;16;4;17;4;18;4;18;3
1;3;2;18;13;4;14;4;15;4;16;4;17;4;18;4;18;3;17;3
1;3;2;18;14;4;15;4;16;4;17;4;18;4;18;3;17;3;16;3
1;3;2;18;15;4;16;4;17;4;18;4;18;3;17;3;16;3;15;3
1;3;2;18;16;4;17;4;18;4;18;3;17;3;16;3;15;3;14;3
1;3;2;18;17;4;18;4;18;3;17;3;16;3;15;3;14;3;13;3
1;3;2;18;18;4;18;3;17;3;16;3;15;3;14;3;13;3;12;3
1;3;2;18;18;3;17;3;16;3;15;3;14;3;13;3;12;3;11;3
1;3;2;18;17;3;16;3;15;3;14;3;13;3;12;3;11;3;10;3
1;3;2;18;16;3;15;3;14;3;13;3;12;3;11;3;10;3;9;3
1;3;2;18;15;3;14;3;13;3;12;3;11;3;10;3;9;3;8;3
1;3;2;18;14;3;13;3;12;3;11;3;10;3;9;3;8;3;7;3
1;3;2;18;13;3;12;3;11;3;10;3;9;3;8;3;7;3;6;3
1;3;2;18;12;3;11;3;10;3;9;3;8;3;7;3;6;3;5;3
1;3;2;18;11;3;10;3;9;3;8;3;7;3;6;3;5;3;4;3
1;3;2;18;10;3;9;3;8;3;7;3;6;3;5;3;4;3;3;3
1;3;2;18;9;3;8;3;7;3;6;3;5;3;4;3;3;3;2;3
1;2;2;18;8;3;7;3;6;3;5;3;4;3;3;3;2;3;2;4
1;2;2;18;7;3;6;3;5;3;4;3;3;3;2;3;2;4;2;5
1;2;2;18;6;3;5;3;4;3;3;3;2;3;2;4;2;5;2;6
1;2;2;18;5;3;4;3;3;3;2;3;2;4;2;5;2;6;2;7
1;2;2;18;4;3;3;3;2;3;2;4;2;5;2;6;2;7;2;8
1;2;2;18;3;3;2;3;2;4;2;5;2;6;2;7;2;8;2;9
1;2;2;18;2;3;2;4;2;5;2;6;2;7;2;8;2;9;2;10
1;2;2;18;2;4;2;5;2;6;2;7;2;8;2;9;2;10;2;11
1;2;2;18;2;5;2;6;2;7;2;8;2;9;2;10;2;11;2;12
1;2;2;18;2;6;2;7;2;8;2;9;2;10;2;11;2;12;2;13
1;2;2;18;2;7;2;8;2;9;2;10;2;11;2;12;2;13;2;14
1;2;2;18;2;8;2;9;2;10;2;11;2;12;2;13;2;14;2;15
1;2;2;18;2;9;2;10;2;11;2;12;2;13;2;14;2;15;2;16
1;2;2;18;2;10;2;11;2;12;2;13;2;14;2;15;2;16;2;17
1;2;0;6;2;11;2;11;2;12;2;13;2;14;2;15;2;16;2;17;2;18
1;1;0;6;2;11;2;12;2;13;2;14;2;15;2;16;2;17;2;18;3;18
1;0;0;6;2;12;2;13;2;14;2;15;2;16;2;17;2;18;3;18;3;17
1;0;0;6;2;13;2;14;2;15;2;16;2;17;2;18;3;18;3;17;3;16
1;0;0;6;2;14;2;15;2;16;2;17;2;18;3;18;3;17;3;16;3;15
1;0;0;6;2;15;2;16;2;17;2;18;3;18;3;17;3;16;3;15;3;14
1;0;0;6;2;16;2;17;2;18;3;18;3;17;3;16;3;15;3;14;3;13
1;0;0;6;2;17;2;18;3;18;3;17;3;16;3;15;3;14;3;13;3;12
1;0;0;6;2;18;3;18;3;17;3;16;3;15;3;14;3;13;3;12;3;11
1;0;0;6;3;18;3;17;3;16;3;15;3;14;3;13;3;12;3;11;3;10
1;0;0;6;3;17;3;16;3;15;3;14;3;13;3;12;3;11;3;10;3;9
1;0;0;6;3;16;3;15;3;14;3;13;3;12;3;11;3;10;3;9;3;8
1;0;0;6;3;15;3;14;3;13;3;12;3;11;3;10;3;9;3;8;3;7
1;0;0;6;3;14;3;13;3;12;3;11;3;10;3;9;3;8;3;7;3;6
1;3;0;6;3;13;3;12;3;11;3;10;3;9;3;8;3;7;3;6;2;6
1;3;0;6;3;12;3;11;3;10;3;9;3;8;3;7;3;6;2;6;1;6
1;3;17;19;3;11;3;11;3;10;3;9;3;8;3;7;3;6;2;6;1;6;0;6
1;2;17;19;3;11;3;10;3;9;3;8;3;7;3;6;2;6;1;6;0;6;0;7
1;2;17;19;3;10;3;9;3;8;3;7;3;6;2;6;1;6;0;6;0;7;0;8
1;2;17;19;3;9;3;8;3;7;3;6;2;6;1;6;0;6;0;7;0;8;0;9
1;2;17;19;3;8;3;7;3;6;2;6;1;6;0;6;0;7;0;8;0;9;0;10
1;2;17;19;3;7;3;6;2;6;1;6;0;6;0;7;0;8;0;9;0;10;0;11
1;2;17;19;3;6;2;6;1;6;0;6;0;7;0;8;0;9;0;10;0;11;0;12
1;2;17;19;2;6;1;6;0;6;0;7;0;8;0;9;0;10;0;11;0;12;0;13
1;2;17;19;1;6;0;6;0;7;0;8;0;9;0;10;0;11;0;12;0;13;0;14
1;2;17;19;0;6;0;7;0;8;0;9;0;10;0;11;0;12;0;13;0;14;0;15
1;2;17;19;0;7;0;8;0;9;0;10;0;11;0;12;0;13;0;14;0;15;0;16
1;2;17;19;0;8;0;9;0;10;0;11;0;12;0;13;0;14;0;15;0;16;0;17
1;2;17;19;0;9;0;10;0;11;0;12;0;13;0;14;0;15;0;16;0;17;0;18
1;2;17;19;0;10;0;11;0;12;0;13;0;14;0;15;0;16;0;17;0;18;0;19
1;1;17;19;0;11;0;12;0;13;0;14;0;15;0;16;0;17;0;18;0;19;1;19
1;1;17;19;0;12;0;13;0;14;0;15;0;16;0;17;0;18;0;19;1;19;2;19
1;1;17;19;0;13;0;14;0;15;0;16;0;17;0;18;0;19;1;19;2;19;3;19
1;1;17;19;0;14;0;15;0;16;0;17;0;18;0;19;1;19;2;19;3;19;4;19
1;1;17;19;0;15;0;16;0;17;0;18;0;19;1;19;2;19;3;19;4;19;5;19
1;1;17;19;0;16;0;17;0;18;0;19;1;19;2;19;3;19;4;19;5;19;6;19
1;1;17;19;0;17;0;18;0;19;1;19;2;19;3;19;4;19;5;19;6;19;7;19
1;1;17;19;0;18;0;19;1;19;2;19;3;19;4;19;5;19;6;19;7;19;8;19
1;1;17;19;0;19;1;19;2;19;3;19;4;19;5;19;6;19;7;19;8;19;9;19
1;1;17;19;1;19;2;19;3;19;4;19;5;19;6;19;7;19;8;19;9;19;10;19
1;1;17;19;2;19;3;19;4;19;5;19;6;19;7;19;8;19;9;19;10;19;11;19
1;1;17;19;3;19;4;19;5;19;6;19;7;19;8;19;9;19;10;19;11;19;12;19
1;1;17;19;4;19;5;19;6;19;7;19;8;19;9;19;10;19;11;19;12;19;13;19
1;1;17;19;5;19;6;19;7;19;8;19;9;19;10;19;11;19;12;19;13;19;14;19
1;1;17;19;6;19;7;19;8;19;9;19;10;19;11;19;12;19;13;19;14;19;15;19
1;1;17;19;7;19;8;19;9;19;10;19;11;19;12;19;13;19;14;19;15;19;16;19
1;1;6;15;8;19;8;19;9;19;10;19;11;19;12;19;13;19;14;19;15;19;16;19;17;19
1;0;6;15;8;19;9;19;10;19;11;19;12;19;13;19;14;19;15;19;16;19;17;19;17;18
1;0;6;15;9;19;10;19;11;19;12;19;13;19;14;19;15;19;16;19;17;19;17;18;17;17
1;0;6;15;10;19;11;19;12;19;13;19;14;19;15;19;16;19;17;19;17;18;17;17;17;16
1;0;6;15;11;19;12;19;13;19;14;19;15;19;16;19;17;19;17;18;17;17;17;16;17;15
1;3;6;15;12;19;13;19;14;19;15;19;16;19;17;19;17;18;17;17;17;16;17;15;16;15
1;3;6;15;13;19;14;19;15;19;16;19;17;19;17;18;17;17;17;16;17;15;16;15;15;15
1;3;6;15;14;19;15;19;16;19;17;19;17;18;17;17;17;16;17;15;16;15;15;15;14;15
1;3;6;15;15;19;16;19;17;19;17;18;17;17;17;16;17;15;16;15;15;15;14;15;13;15
1;3;6;15;16;19;17;19;17;18;17;17;17;16;17;15;16;15;15;15;14;15;13;15;12;15
1;3;6;15;17;19;17;18;17;17;17;16;17;15;16;15;15;15;14;15;13;15;12;15;11;15
1;3;6;15;17;18;17;17;17;16;17;15;16;15;15;15;14;15;13;15;12;15;11;15;10;15
1;3;6;15;17;17;17;16;17;15;16;15;15;15;14;15;13;15;12;15;11;15;10;15;9;15
1;3;6;15;17;16;17;15;16;15;15;15;14;15;13;15;12;15;11;15;10;15;9;15;8;15
1;3;6;15;17;15;16;15;15;15;14;15;13;15;12;15;11;15;10;15;9;15;8;15;7;15
1;3;9;10;16;15;16;15;15;15;14;15;13;15;12;15;11;15;10;15;9;15;8;15;7;15;6;15
1;0;9;10;16;15;15;15;14;15;13;15;12;15;11;15;10;15;9;15;8;15;7;15;6;15;6;14
1;1;9;10;15;15;14;15;13;15;12;15;11;15;10;15;9;15;8;15;7;15;6;15;6;14;7;14
1;1;9;10;14;15;13;15;12;15;11;15;10;15;9;15;8;15;7;15;6;15;6;14;7;14;8;14
1;1;9;10;13;15;12;15;11;15;10;15;9;15;8;15;7;15;6;15;6;14;7;14;8;14;9;14
1;0;9;10;12;15;11;15;10;15;9;15;8;15;7;15;6;15;6;14;7;14;8;14;9;14;9;13
1;0;9;10;11;15;10;15;9;15;8;15;7;15;6;15;6;14;7;14;8;14;9;14;9;13;9;12
1;0;9;10;10;15;9;15;8;15;7;15;6;15;6;14;7;14;8;14;9;14;9;13;9;12;9;11
1;0;18;1;9;15;9;15;8;15;7;15;6;15;6;14;7;14;8;14;9;14;9;13;9;12;9;11;9;10
1;1;18;1;9;15;8;15;7;15;6;15;6;14;7;14;8;14;9;14;9;13;9;12;9;11;9;10;10;10
1;0;18;1;8;15;7;15;6;15;6;14;7;14;8;14;9;14;9;13;9;12;9;11;9;10;10;10;10;9
1;1;18;1;7;15;6;15;6;14;7;14;8;14;9;14;9;13;9;12;9;11;9;10;10;10;10;9;11;9
1;0;18;1;6;15;6;14;7;14;8;14;9;14;9;13;9;12;9;11;9;10;10;10;10;9;11;9;11;8
1;1;18;1;6;14;7;14;8;14;9;14;9;13;9;12;9;11;9;10;10;10;10;9;11;9;11;8;12;8
1;0;18;1;7;14;8;14;9;14;9;13;9;12;9;11;9;10;10;10;10;9;11;9;11;8;12;8;12;7
1;1;18;1;8;14;9;14;9;13;9;12;9;11;9;10;10;10;10;9;11;9;11;8;12;8;12;7;13;7
1;0;18;1;9;14;9;13;9;12;9;11;9;10;10;10;10;9;11;9;11;8;12;8;12;7;13;7;13;6
1;1;18;1;9;13;9;12;9;11;9;10;10;10;10;9;11;9;11;8;12;8;12;7;13;7;13;6;14;6
1;1;18;1;9;12;9;11;9;10;10;10;10;9;11;9;11;8;12;8;12;7;13;7;13;6;14;6;15;6
1;1;18;1;9;11;9;10;10;10;10;9;11;9;11;8;12;8;12;7;13;7;13;6;14;6;15;6;16;6
1;1;18;1;9;10;10;10;10;9;11;9;11;8;12;8;12;7;13;7;13;6;14;6;15;6;16;6;17;6
1;1;18;1;10;10;10;9;11;9;11;8;12;8;12;7;13;7;13;6;14;6;15;6;16;6;17;6;18;6
1;0;18;1;10;9;11;9;11;8;12;8;12;7;13;7;13;6;14;6;15;6;16;6;17;6;18;6;18;5
1;0;18;1;11;9;11;8;12;8;12;7;13;7;13;6;14;6;15;6;16;6;17;6;18;6;18;5;18;4
1;0;18;1;11;8;12;8;12;7;13;7;13;6;14;6;15;6;16;6;17;6;18;6;18;5;18;4;18;3
1;0;18;1;12;8;12;7;13;7;13;6;14;6;15;6;16;6;17;6;18;6;18;5;18;4;18;3;18;2
1;0;10;15;12;7;12;7;13;7;13;6;14;6;15;6;16;6;17;6;18;6;18;5;18;4;18;3;18;2;18;1
1;3;10;15;12;7;13;7;13;6;14;6;15;6;16;6;17;6;18;6;18;5;18;4;18;3;18;2;18;1;17;1
1;3;10;15;13;7;13;6;14;6;15;6;16;6;17;6;18;6;18;5;18;4;18;3;18;2;18;1;17;1;16;1
1;3;10;15;13;6;14;6;15;6;16;6;17;6;18;6;18;5;18;4;18;3;18;2;18;1;17;1;16;1;15;1
1;3;10;15;14;6;15;6;16;6;17;6;18;6;18;5;18;4;18;3;18;2;18;1;17;1;16;1;15;1;14;1
1;3;10;15;15;6;16;6;17;6;18;6;18;5;18;4;18;3;18;2;18;1;17;1;16;1;15;1;14;1;13;1
1;3;10;15;16;6;17;6;18;6;18;5;18;4;18;3;18;2;18;1;17;1;16;1;15;1;14;1;13;1;12;1
1;3;10;15;17;6;18;6;18;5;18;4;18;3;18;2;18;1;17;1;16;1;15;1;14;1;13;1;12;1;11;1
1;3;10;15;18;6;18;5;18;4;18;3;18;2;18;1;17;1;16;1;15;1;14;1;13;1;12;1;11;1;10;1
1;2;10;15;18;5;18;4;18;3;18;2;18;1;17;1;16;1;15;1;14;1;13;1;12;1;11;1;10;1;10;2
1;2;10;15;18;4;18;3;18;2;18;1;17;1;16;1;15;1;14;1;13;1;12;1;11;1;10;1;10;2;10;3
1;2;10;15;18;3;18;2;18;1;17;1;16;1;15;1;14;1;13;1;12;1;11;1;10;1;10;2;10;3;10;4
1;2;10;15;18;2;18;1;17;1;16;1;15;1;14;1;13;1;12;1;11;1;10;1;10;2;10;3;10;4;10;5
1;2;10;15;18;1;17;1;16;1;15;1;14;1;13;1;12;1;11;1;10;1;10;2;10;3;10;4;10;5;10;6
1;2;10;15;17;1;16;1;15;1;14;1;13;1;12;1;11;1;10;1;10;2;10;3;10;4;10;5;10;6;10;7
1;2;10;15;16;1;15;1;14;1;13;1;12;1;11;1;10;1;10;2;10;3;10;4;10;5;10;6;10;7;10;8
1;2;10;15;15;1;14;1;13;1;12;1;11;1;10;1;10;2;10;3;10;4;10;5;10;6;10;7;10;8;10;9
1;2;10;15;14;1;13;1;12;1;11;1;10;1;10;2;10;3;10;4;10;5;10;6;10;7;10;8;10;9;10;10
1;2;10;15;13;1;12;1;11;1;10;1;10;2;10;3;10;4;10;5;10;6;10;7;10;8;10;9;10;10;10;11
1;2;10;15;12;1;11;1;10;1;10;2;10;3;10;4;10;5;10;6;10;7;10;8;10;9;10;10;10;11;10;12
1;2;10;15;11;1;10;1;10;2;10;3;10;4;10;5;10;6;10;7;10;8;10;9;10;10;10;11;10;12;10;13
1;2;10;15;10;1;10;2;10;3;10;4;10;5;10;6;10;7;10;8;10;9;10;10;10;11;10;12;10;13;10;14
1;2;8;17;10;2;10;2;10;3;10;4;10;5;10;6;10;7;10;8;10;9;10;10;10;11;10;12;10;13;10;14;10;15
1;3;8;17;10;2;10;3;10;4;10;5;10;6;10;7;10;8;10;9;10;10;10;11;10;12;10;13;10;14;10;15;9;15
1;3;8;17;10;3;10;4;10;5;10;6;10;7;10;8;10;9;10;10;10;11;10;12;10;13;10;14;10;15;9;15;8;15
1;2;8;17;10;4;10;5;10;6;10;7;10;8;10;9;10;10;10;11;10;12;10;13;10;14;10;15;9;15;8;15;8;16
1;2;12;12;10;5;10;5;10;6;10;7;10;8;10;9;10;10;10;11;10;12;10;13;10;14;10;15;9;15;8;15;8;16;8;17
1;1;12;12;10;5;10;6;10;7;10;8;10;9;10;10;10;11;10;12;10;13;10;14;10;15;9;15;8;15;8;16;8;17;9;17
1;1;12;12;10;6;10;7;10;8;10;9;10;10;10;11;10;12;10;13;10;14;10;15;9;15;8;15;8;16;8;17;9;17;10;17
1;1;12;12;10;7;10;8;10;9;10;10;10;11;10;12;10;13;10;14;10;15;9;15;8;15;8;16;8;17;9;17;10;17;11;17
1;1;12;12;10;8;10;9;10;10;10;11;10;12;10;13;10;14;10;15;9;15;8;15;8;16;8;17;9;17;10;17;11;17;12;17
1;0;12;12;10;9;10;10;10;11;10;12;10;13;10;14;10;15;9;15;8;15;8;16;8;17;9;17;10;17;11;17;12;17;12;16
1;0;12;12;10;10;10;11;10;12;10;13;10;14;10;15;9;15;8;15;8;16;8;17;9;17;10;17;11;17;12;17;12;16;12;15
1;0;12;12;10;11;10;12;10;13;10;14;10;15;9;15;8;15;8;16;8;17;9;17;10;17;11;17;12;17;12;16;12;15;12;14
1;0;12;12;10;12;10;13;10;14;10;15;9;15;8;15;8;16;8;17;9;17;10;17;11;17;12;17;12;16;12;15;12;14;12;13
1;0;11;5;10;13;10;13;10;14;10;15;9;15;8;15;8;16;8;17;9;17;10;17;11;17;12;17;12;16;12;15;12;14;12;13;12;12
1;3;11;5;10;13;10;14;10;15;9;15;8;15;8;16;8;17;9;17;10;17;11;17;12;17;12;16;12;15;12;14;12;13;12;12;11;12
1;0;11;5;10;14;10;15;9;15;8;15;8;16;8;17;9;17;10;17;11;17;12;17;12;16;12;15;12;14;12;13;12;12;11;12;11;11
1;0;11;5;10;15;9;15;8;15;8;16;8;17;9;17;10;17;11;17;12;17;12;16;12;15;12;14;12;13;12;12;11;12;11;11;11;10
1;0;11;5;9;15;8;15;8;16;8;17;9;17;10;17;11;17;12;17;12;16;12;15;12;14;12;13;12;12;11;12;11;11;11;10;11;9
1;0;11;5;8;15;8;16;8;17;9;17;10;17;11;17;12;17;12;16;12;15;12;14;12;13;12;12;11;12;11;11;11;10;11;9;11;8
1;0;11;5;8;16;8;17;9;17;10;17;11;17;12;17;12;16;12;15;12;14;12;13;12;12;11;12;11;11;11;10;11;9;11;8;11;7
1;0;11;5;8;17;9;17;10;17;11;17;12;17;12;16;12;15;12;14;12;13;12;12;11;12;11;11;11;10;11;9;11;8;11;7;11;6
1;0;10;1;9;17;9;17;10;17;11;17;12;17;12;16;12;15;12;14;12;13;12;12;11;12;11;11;11;10;11;9;11;8;11;7;11;6;11;5
1;3;10;1;9;17;10;17;11;17;12;17;12;16;12;15;12;14;12;13;12;12;11;12;11;11;11;10;11;9;11;8;11;7;11;6;11;5;10;5
1;0;10;1;10;17;11;17;12;17;12;16;12;15;12;14;12;13;12;12;11;12;11;11;11;10;11;9;11;8;11;7;11;6;11;5;10;5;10;4
1;0;10;1;11;17;12;17;12;16;12;15;12;14;12;13;12;12;11;12;11;11;11;10;11;9;11;8;11;7;11;6;11;5;10;5;10;4;10;3
1;0;10;1;12;17;12;16;12;15;12;14;12;13;12;12;11;12;11;11;11;10;11;9;11;8;11;7;11;6;11;5;10;5;10;4;10;3;10;2
1;0;4;8;12;16;12;16;12;15;12;14;12;13;12;12;11;12;11;11;11;10;11;9;11;8;11;7;11;6;11;5;10;5;10;4;10;3;10;2;10;1
1;3;4;8;12;16;12;15;12;14;12;13;12;12;11;12;11;11;11;10;11;9;11;8;11;7;11;6;11;5;10;5;10;4;10;3;10;2;10;1;9;1
1;3;4;8;12;15;12;14;12;13;12;12;11;12;11;11;11;10;11;9;11;8;11;7;11;6;11;5;10;5;10;4;10;3;10;2;10;1;9;1;8;1
1;3;4;8;12;14;12;13;12;12;11;12;11;11;11;10;11;9;11;8;11;7;11;6;11;5;10;5;10;4;10;3;10;2;10;1;9;1;8;1;7;1
1;3;4;8;12;13;12;12;11;12;11;11;11;10;11;9;11;8;11;7;11;6;11;5;10;5;10;4;10;3;10;2;10;1;9;1;8;1;7;1;6;1
1;3;4;8;12;12;11;12;11;11;11;10;11;9;11;8;11;7;11;6;11;5;10;5;10;4;10;3;10;2;10;1;9;1;8;1;7;1;6;1;5;1
1;3;4;8;11;12;11;11;11;10;11;9;11;8;11;7;11;6;11;5;10;5;10;4;10;3;10;2;10;1;9;1;8;1;7;1;6;1;5;1;4;1
1;2;4;8;11;11;11;10;11;9;11;8;11;7;11;6;11;5;10;5;10;4;10;3;10;2;10;1;9;1;8;1;7;1;6;1;5;1;4;1;4;2
1;2;4;8;11;10;11;9;11;8;11;7;11;6;11;5;10;5;10;4;10;3;10;2;10;1;9;1;8;1;7;1;6;1;5;1;4;1;4;2;4;3
1;2;4;8;11;9;11;8;11;7;11;6;11;5;10;5;10;4;10;3;10;2;10;1;9;1;8;1;7;1;6;1;5;1;4;1;4;2;4;3;4;4
1;2;4;8;11;8;11;7;11;6;11;5;10;5;10;4;10;3;10;2;10;1;9;1;8;1;7;1;6;1;5;1;4;1;4;2;4;3;4;4;4;5
1;2;4;8;11;7;11;6;11;5;10;5;10;4;10;3;10;2;10;1;9;1;8;1;7;1;6;1;5;1;4;1;4;2;4;3;4;4;4;5;4;6
1;2;4;8;11;6;11;5;10;5;10;4;10;3;10;2;10;1;9;1;8;1;7;1;6;1;5;1;4;1;4;2;4;3;4;4;4;5;4;6;4;7
1;2;19;15;11;5;11;5;10;5;10;4;10;3;10;2;10;1;9;1;8;1;7;1;6;1;5;1;4;1;4;2;4;3;4;4;4;5;4;6;4;7;4;8
1;2;19;15;11;5;10;5;10;4;10;3;10;2;10;1;9;1;8;1;7;1;6;1;5;1;4;1;4;2;4;3;4;4;4;5;4;6;4;7;4;8;4;9
1;2;19;15;10;5;10;4;10;3;10;2;10;1;9;1;8;1;7;1;6;1;5;1;4;1;4;2;4;3;4;4;4;5;4;6;4;7;4;8;4;9;4;10
1;2;19;15;10;4;10;3;10;2;10;1;9;1;8;1;7;1;6;1;5;1;4;1;4;2;4;3;4;4;4;5;4;6;4;7;4;8;4;9;4;10;4;11
1;2;19;15;10;3;10;2;10;1;9;1;8;1;7;1;6;1;5;1;4;1;4;2;4;3;4;4;4;5;4;6;4;7;4;8;4;9;4;10;4;11;4;12
1;2;19;15;10;2;10;1;9;1;8;1;7;1;6;1;5;1;4;1;4;2;4;3;4;4;4;5;4;6;4;7;4;8;4;9;4;10;4;11;4;12;4;13
1;2;19;15;10;1;9;1;8;1;7;1;6;1;5;1;4;1;4;2;4;3;4;4;4;5;4;6;4;7;4;8;4;9;4;10;4;11;4;12;4;13;4;14
1;2;19;15;9;1;8;1;7;1;6;1;5;1;4;1;4;2;4;3;4;4;4;5;4;6;4;7;4;8;4;9;4;10;4;11;4;12;4;13;4;14;4;15
1;1;19;15;8;1;7;1;6;1;5;1;4;1;4;2;4;3;4;4;4;5;4;6;4;7;4;8;4;9;4;10;4;11;4;12;4;13;4;14;4;15;5;15
1;1;19;15;7;1;6;1;5;1;4;1;4;2;4;3;4;4;4;5;4;6;4;7;4;8;4;9;4;10;4;11;4;12;4;13;4;14;4;15;5;15;6;15
1;1;19;15;6;1;5;1;4;1;4;2;4;3;4;4;4;5;4;6;4;7;4;8;4;9;4;10;4;11;4;12;4;13;4;14;4;15;5;15;6;15;7;15
1;1;19;15;5;1;4;1;4;2;4;3;4;4;4;5;4;6;4;7;4;8;4;9;4;10;4;11;4;12;4;13;4;14;4;15;5;15;6;15;7;15;8;15
1;1;19;15;4;1;4;2;4;3;4;4;4;5;4;6;4;7;4;8;4;9;4;10;4;11;4;12;4;13;4;14;4;15;5;15;6;15;7;15;8;15;9;15
1;1;19;15;4;2;4;3;4;4;4;5;4;6;4;7;4;8;4;9;4;10;4;11;4;12;4;13;4;14;4;15;5;15;6;15;7;15;8;15;9;15;10;15
1;1;19;15;4;3;4;4;4;5;4;6;4;7;4;8;4;9;4;10;4;11;4;12;4;13;4;14;4;15;5;15;6;15;7;15;8;15;9;15;10;15;11;15
1;1;19;15;4;4;4;5;4;6;4;7;4;8;4;9;4;10;4;11;4;12;4;13;4;14;4;15;5;15;6;15;7;15;8;15;9;15;10;15;11;15;12;15
1;1;19;15;4;5;4;6;4;7;4;8;4;9;4;10;4;11;4;12;4;13;4;14;4;15;5;15;6;15;7;15;8;15;9;15;10;15;11;15;12;15;13;15
1;1;19;15;4;6;4;7;4;8;4;9;4;10;4;11;4;12;4;13;4;14;4;15;5;15;6;15;7;15;8;15;9;15;10;15;11;15;12;15;13;15;14;15
1;1;19;15;4;7;4;8;4;9;4;10;4;11;4;12;4;13;4;14;4;15;5;15;6;15;7;15;8;15;9;15;10;15;11;15;12;15;13;15;14;15;15;15
1;1;19;15;4;8;4;9;4;10;4;11;4;12;4;13;4;14;4;15;5;15;6;15;7;15;8;15;9;15;10;15;11;15;12;15;13;15;14;15;15;15;16;15
1;1;19;15;4;9;4;10;4;11;4;12;4;13;4;14;4;15;5;15;6;15;7;15;8;15;9;15;10;15;11;15;12;15;13;15;14;15;15;15;16;15;17;15
1;1;19;15;4;10;4;11;4;12;4;13;4;14;4;15;5;15;6;15;7;15;8;15;9;15;10;15;11;15;12;15;13;15;14;15;15;15;16;15;17;15;18;15
1;1;11;7;4;11;4;11;4;12;4;13;4;14;4;15;5;15;6;15;7;15;8;15;9;15;10;15;11;15;12;15;13;15;14;15;15;15;16;15;17;15;18;15;19;15
1;0;11;7;4;11;4;12;4;13;4;14;4;15;5;15;6;15;7;15;8;15;9;15;10;15;11;15;12;15;13;15;14;15;15;15;16;15;17;15;18;15;19;15;19;14
1;0;11;7;4;12;4;13;4;14;4;15;5;15;6;15;7;15;8;15;9;15;10;15;11;15;12;15;13;15;14;15;15;15;16;15;17;15;18;15;19;15;19;14;19;13
1;0;11;7;4;13;4;14;4;15;5;15;6;15;7;15;8;15;9;15;10;15;11;15;12;15;13;15;14;15;15;15;16;15;17;15;18;15;19;15;19;14;19;13;19;12
1;0;11;7;4;14;4;15;5;15;6;15;7;15;8;15;9;15;10;15;11;15;12;15;13;15;14;15;15;15;16;15;17;15;18;15;19;15;19;14;19;13;19;12;19;11
1;0;11;7;4;15;5;15;6;15;7;15;8;15;9;15;10;15;11;15;12;15;13;15;14;15;15;15;16;15;17;15;18;15;19;15;19;14;19;13;19;12;19;11;19;10
1;0;11;7;5;15;6;15;7;15;8;15;9;15;10;15;11;15;12;15;13;15;14;15;15;15;16;15;17;15;18;15;19;15;19;14;19;13;19;12;19;11;19;10;19;9
1;0;11;7;6;15;7;15;8;15;9;15;10;15;11;15;12;15;13;15;14;15;15;15;16;15;17;15;18;15;19;15;19;14;19;13;19;12;19;11;19;10;19;9;19;8
1;0;11;7;7;15;8;15;9;15;10;15;11;15;12;15;13;15;14;15;15;15;16;15;17;15;18;15;19;15;19;14;19;13;19;12;19;11;19;10;19;9;19;8;19;7
1;3;11;7;8;15;9;15;10;15;11;15;12;15;13;15;14;15;15;15;16;15;17;15;18;15;19;15;19;14;19;13;19;12;19;11;19;10;19;9;19;8;19;7;18;7
1;3;11;7;9;15;10;15;11;15;12;15;13;15;14;15;15;15;16;15;17;15;18;15;19;15;19;14;19;13;19;12;19;11;19;10;19;9;19;8;19;7;18;7;17;7
1;3;11;7;10;15;11;15;12;15;13;15;14;15;15;15;16;15;17;15;18;15;19;15;19;14;19;13;19;12;19;11;19;10;19;9;19;8;19;7;18;7;17;7;16;7
1;3;11;7;11;15;12;15;13;15;14;15;15;15;16;15;17;15;18;15;19;15;19;14;19;13;19;12;19;11;19;10;19;9;19;8;19;7;18;7;17;7;16;7;15;7
1;3;11;7;12;15;13;15;14;15;15;15;16;15;17;15;18;15;19;15;19;14;19;13;19;12;19;11;19;10;19;9;19;8;19;7;18;7;17;7;16;7;15;7;14;7
1;3;11;7;13;15;14;15;15;15;16;15;17;15;18;15;19;15;19;14;19;13;19;12;19;11;19;10;19;9;19;8;19;7;18;7;17;7;16;7;15;7;14;7;13;7
1;3;11;7;14;15;15;15;16;15;17;15;18;15;19;15;19;14;19;13;19;12;19;11;19;10;19;9;19;8;19;7;18;7;17;7;16;7;15;7;14;7;13;7;12;7
1;3;14;1;15;15;15;15;16;15;17;15;18;15;19;15;19;14;19;13;19;12;19;11;19;10;19;9;19;8;19;7;18;7;17;7;16;7;15;7;14;7;13;7;12;7;11;7
1;0;14;1;15;15;16;15;17;15;18;15;19;15;19;14;19;13;19;12;19;11;19;10;19;9;19;8;19;7;18;7;17;7;16;7;15;7;14;7;13;7;12;7;11;7;11;6
1;1;14;1;16;15;17;15;18;15;19;15;19;14;19;13;19;12;19;11;19;10;19;9;19;8;19;7;18;7;17;7;16;7;15;7;14;7;13;7;12;7;11;7;11;6;12;6
1;1;14;1;17;15;18;15;19;15;19;14;19;13;19;12;19;11;19;10;19;9;19;8;19;7;18;7;17;7;16;7;15;7;14;7;13;7;12;7;11;7;11;6;12;6;13;6
1;1;14;1;18;15;19;15;19;14;19;13;19;12;19;11;19;10;19;9;19;8;19;7;18;7;17;7;16;7;15;7;14;7;13;7;12;7;11;7;11;6;12;6;13;6;14;6
1;0;14;1;19;15;19;14;19;13;19;12;19;11;19;10;19;9;19;8;19;7;18;7;17;7;16;7;15;7;14;7;13;7;12;7;11;7;11;6;12;6;13;6;14;6;14;5
1;0;14;1;19;14;19;13;19;12;19;11;19;10;19;9;19;8;19;7;18;7;17;7;16;7;15;7;14;7;13;7;12;7;11;7;11;6;12;6;13;6;14;6;14;5;14;4
1;0;14;1;19;13;19;12;19;11;19;10;19;9;19;8;19;7;18;7;17;7;16;7;15;7;14;7;13;7;12;7;11;7;11;6;12;6;13;6;14;6;14;5;14;4;14;3
1;0;14;1;19;12;19;11;19;10;19;9;19;8;19;7;18;7;17;7;16;7;15;7;14;7;13;7;12;7;11;7;11;6;12;6;13;6;14;6;14;5;14;4;14;3;14;2
1;0;1;11;19;11;19;11;19;10;19;9;19;8;19;7;18;7;17;7;16;7;15;7;14;7;13;7;12;7;11;7;11;6;12;6;13;6;14;6;14;5;14;4;14;3;14;2;14;1
1;3;1;11;19;11;19;10;19;9;19;8;19;7;18;7;17;7;16;7;15;7;14;7;13;7;12;7;11;7;11;6;12;6;13;6;14;6;14;5;14;4;14;3;14;2;14;1;13;1
1;3;1;11;19;10;19;9;19;8;19;7;18;7;17;7;16;7;15;7;14;7;13;7;12;7;11;7;11;6;12;6;13;6;14;6;14;5;14;4;14;3;14;2;14;1;13;1;12;1
1;3;1;11;19;9;19;8;19;7;18;7;17;7;16;7;15;7;14;7;13;7;12;7;11;7;11;6;12;6;13;6;14;6;14;5;14;4;14;3;14;2;14;1;13;1;12;1;11;1
1;3;1;11;19;8;19;7;18;7;17;7;16;7;15;7;14;7;13;7;12;7;11;7;11;6;12;6;13;6;14;6;14;5;14;4;14;3;14;2;14;1;13;1;12;1;11;1;10;1
1;3;1;11;19;7;18;7;17;7;16;7;15;7;14;7;13;7;12;7;11;7;11;6;12;6;13;6;14;6;14;5;14;4;14;3;14;2;14;1;13;1;12;1;11;1;10;1;9;1
1;3;1;11;18;7;17;7;16;7;15;7;14;7;13;7;12;7;11;7;11;6;12;6;13;6;14;6;14;5;14;4;14;3;14;2;14;1;13;1;12;1;11;1;10;1;9;1;8;1
1;3;1;11;17;7;16;7;15;7;14;7;13;7;12;7;11;7;11;6;12;6;13;6;14;6;14;5;14;4;14;3;14;2;14;1;13;1;12;1;11;1;10;1;9;1;8;1;7;1
1;3;1;11;16;7;15;7;14;7;13;7;12;7;11;7;11;6;12;6;13;6;14;6;14;5;14;4;14;3;14;2;14;1;13;1;12;1;11;1;10;1;9;1;8;1;7;1;6;1
1;3;1;11;15;7;14;7;13;7;12;7;11;7;11;6;12;6;13;6;14;6;14;5;14;4;14;3;14;2;14;1;13;1;12;1;11;1;10;1;9;1;8;1;7;1;6;1;5;1
1;3;1;11;14;7;13;7;12;7;11;7;11;6;12;6;13;6;14;6;14;5;14;4;14;3;14;2;14;1;13;1;12;1;11;1;10;1;9;1;8;1;7;1;6;1;5;1;4;1
1;3;1;11;13;7;12;7;11;7;11;6;12;6;13;6;14;6;14;5;14;4;14;3;14;2;14;1;13;1;12;1;11;1;10;1;9;1;8;1;7;1;6;1;5;1;4;1;3;1
1;3;1;11;12;7;11;7;11;6;12;6;13;6;14;6;14;5;14;4;14;3;14;2;14;1;13;1;12;1;11;1;10;1;9;1;8;1;7;1;6;1;5;1;4;1;3;1;2;1
1;3;1;11;11;7;11;6;12;6;13;6;14;6;14;5;14;4;14;3;14;2;14;1;13;1;12;1;11;1;10;1;9;1;8;1;7;1;6;1;5;1;4;1;3;1;2;1;1;1
1;2;1;11;11;6;12;6;13;6;14;6;14;5;14;4;14;3;14;2;14;1;13;1;12;1;11;1;10;1;9;1;8;1;7;1;6;1;5;1;4;1;3;1;2;1;1;1;1;2
1;2;1;11;12;6;13;6;14;6;14;5;14;4;14;3;14;2;14;1;13;1;12;1;11;1;10;1;9;1;8;1;7;1;6;1;5;1;4;1;3;1;2;1;1;1;1;2;1;3
1;2;1;11;13;6;14;6;14;5;14;4;14;3;14;2;14;1;13;1;12;1;11;1;10;1;9;1;8;1;7;1;6;1;5;1;4;1;3;1;2;1;1;1;1;2;1;3;1;4
1;2;1;11;14;6;14;5;14;4;14;3;14;2;14;1;13;1;12;1;11;1;10;1;9;1;8;1;7;1;6;1;5;1;4;1;3;1;2;1;1;1;1;2;1;3;1;4;1;5
1;2;1;11;14;5;14;4;14;3;14;2;14;1;13;1;12;1;11;1;10;1;9;1;8;1;7;1;6;1;5;1;4;1;3;1;2;1;1;1;1;2;1;3;1;4;1;5;1;6
1;2;1;11;14;4;14;3;14;2;14;1;13;1;12;1;11;1;10;1;9;1;8;1;7;1;6;1;5;1;4;1;3;1;2;1;1;1;1;2;1;3;1;4;1;5;1;6;1;7
1;2;1;11;14;3;14;2;14;1;13;1;12;1;11;1;10;1;9;1;8;1;7;1;6;1;5;1;4;1;3;1;2;1;1;1;1;2;1;3;1;4;1;5;1;6;1;7;1;8
1;2;1;11;14;2;14;1;13;1;12;1;11;1;10;1;9;1;8;1;7;1;6;1;5;1;4;1;3;1;2;1;1;1;1;2;1;3;1;4;1;5;1;6;1;7;1;8;1;9
1;2;1;11;14;1;13;1;12;1;11;1;10;1;9;1;8;1;7;1;6;1;5;1;4;1;3;1;2;1;1;1;1;2;1;3;1;4;1;5;1;6;1;7;1;8;1;9;1;10
1;2;5;7;13;1;13;1;12;1;11;1;10;1;9;1;8;1;7;1;6;1;5;1;4;1;3;1;2;1;1;1;1;2;1;3;1;4;1;5;1;6;1;7;1;8;1;9;1;10;1;11
1;1;5;7;13;1;12;1;11;1;10;1;9;1;8;1;7;1;6;1;5;1;4;1;3;1;2;1;1;1;1;2;1;3;1;4;1;5;1;6;1;7;1;8;1;9;1;10;1;11;2;11
1;1;5;7;12;1;11;1;10;1;9;1;8;1;7;1;6;1;5;1;4;1;3;1;2;1;1;1;1;2;1;3;1;4;1;5;1;6;1;7;1;8;1;9;1;10;1;11;2;11;3;11
1;1;5;7;11;1;10;1;9;1;8;1;7;1;6;1;5;1;4;1;3;1;2;1;1;1;1;2;1;3;1;4;1;5;1;6;1;7;1;8;1;9;1;10;1;11;2;11;3;11;4;11
1;1;5;7;10;1;9;1;8;1;7;1;6;1;5;1;4;1;3;1;2;1;1;1;1;2;1;3;1;4;1;5;1;6;1;7;1;8;1;9;1;10;1;11;2;11;3;11;4;11;5;11
1;0;5;7;9;1;8;1;7;1;6;1;5;1;4;1;3;1;2;1;1;1;1;2;1;3;1;4;1;5;1;6;1;7;1;8;1;9;1;10;1;11;2;11;3;11;4;11;5;11;5;10
1;0;5;7;8;1;7;1;6;1;5;1;4;1;3;1;2;1;1;1;1;2;1;3;1;4;1;5;1;6;1;7;1;8;1;9;1;10;1;11;2;11;3;11;4;11;5;11;5;10;5;9
1;0;5;7;7;1;6;1;5;1;4;1;3;1;2;1;1;1;1;2;1;3;1;4;1;5;1;6;1;7;1;8;1;9;1;10;1;11;2;11;3;11;4;11;5;11;5;10;5;9;5;8
1;0;19;8;6;1;6;1;5;1;4;1;3;1;2;1;1;1;1;2;1;3;1;4;1;5;1;6;1;7;1;8;1;9;1;10;1;11;2;11;3;11;4;11;5;11;5;10;5;9;5;8;5;7
1;1;19;8;6;1;5;1;4;1;3;1;2;1;1;1;1;2;1;3;1;4;1;5;1;6;1;7;1;8;1;9;1;10;1;11;2;11;3;11;4;11;5;11;5;10;5;9;5;8;5;7;6;7
1;2;19;8;5;1;4;1;3;1;2;1;1;1;1;2;1;3;1;4;1;5;1;6;1;7;1;8;1;9;1;10;1;11;2;11;3;11;4;11;5;11;5;10;5;9;5;8;5;7;6;7;6;8
1;1;19;8;4;1;3;1;2;1;1;1;1;2;1;3;1;4;1;5;1;6;1;7;1;8;1;9;1;10;1;11;2;11;3;11;4;11;5;11;5;10;5;9;5;8;5;7;6;7;6;8;7;8
1;1;19;8;3;1;2;1;1;1;1;2;1;3;1;4;1;5;1;6;1;7;1;8;1;9;1;10;1;11;2;11;3;11;4;11;5;11;5;10;5;9;5;8;5;7;6;7;6;8;7;8;8;8
1;1;19;8;2;1;1;1;1;2;1;3;1;4;1;5;1;6;1;7;1;8;1;9;1;10;1;11;2;11;3;11;4;11;5;11;5;10;5;9;5;8;5;7;6;7;6;8;7;8;8;8;9;8
1;1;19;8;1;1;1;2;1;3;1;4;1;5;1;6;1;7;1;8;1;9;1;10;1;11;2;11;3;11;4;11;5;11;5;10;5;9;5;8;5;7;6;7;6;8;7;8;8;8;9;8;10;8
1;1;19;8;1;2;1;3;1;4;1;5;1;6;1;7;1;8;1;9;1;10;1;11;2;11;3;11;4;11;5;11;5;10;5;9;5;8;5;7;6;7;6;8;7;8;8;8;9;8;10;8;11;8
1;1;19;8;1;3;1;4;1;5;1;6;1;7;1;8;1;9;1;10;1;11;2;11;3;11;4;11;5;11;5;10;5;9;5;8;5;7;6;7;6;8;7;8;8;8;9;8;10;8;11;8;12;8
1;1;19;8;1;4;1;5;1;6;1;7;1;8;1;9;1;10;1;11;2;11;3;11;4;11;5;11;5;10;5;9;5;8;5;7;6;7;6;8;7;8;8;8;9;8;10;8;11;8;12;8;13;8
1;1;19;8;1;5;1;6;1;7;1;8;1;9;1;10;1;11;2;11;3;11;4;11;5;11;5;10;5;9;5;8;5;7;6;7;6;8;7;8;8;8;9;8;10;8;11;8;12;8;13;8;14;8
1;1;19;8;1;6;1;7;1;8;1;9;1;10;1;11;2;11;3;11;4;11;5;11;5;10;5;9;5;8;5;7;6;7;6;8;7;8;8;8;9;8;10;8;11;8;12;8;13;8;14;8;15;8
1;1;19;8;1;7;1;8;1;9;1;10;1;11;2;11;3;11;4;11;5;11;5;10;5;9;5;8;5;7;6;7;6;8;7;8;8;8;9;8;10;8;11;8;12;8;13;8;14;8;15;8;16;8
1;1;19;8;1;8;1;9;1;10;1;11;2;11;3;11;4;11;5;11;5;10;5;9;5;8;5;7;6;7;6;8;7;8;8;8;9;8;10;8;11;8;12;8;13;8;14;8;15;8;16;8;17;8
1;1;19;8;1;9;1;10;1;11;2;11;3;11;4;11;5;11;5;10;5;9;5;8;5;7;6;7;6;8;7;8;8;8;9;8;10;8;11;8;12;8;13;8;14;8;15;8;16;8;17;8;18;8
1;1;10;19;1;10;1;10;1;11;2;11;3;11;4;11;5;11;5;10;5;9;5;8;5;7;6;7;6;8;7;8;8;8;9;8;10;8;11;8;12;8;13;8;14;8;15;8;16;8;17;8;18;8;19;8
1;2;10;19;1;10;1;11;2;11;3;11;4;11;5;11;5;10;5;9;5;8;5;7;6;7;6;8;7;8;8;8;9;8;10;8;11;8;12;8;13;8;14;8;15;8;16;8;17;8;18;8;19;8;19;9
1;3;10;19;1;11;2;11;3;11;4;11;5;11;5;10;5;9;5;8;5;7;6;7;6;8;7;8;8;8;9;8;10;8;11;8;12;8;13;8;14;8;15;8;16;8;17;8;18;8;19;8;19;9;18;9
1;3;10;19;2;11;3;11;4;11;5;11;5;10;5;9;5;8;5;7;6;7;6;8;7;8;8;8;9;8;10;8;11;8;12;8;13;8;14;8;15;8;16;8;17;8;18;8;19;8;19;9;18;9;17;9
1;3;10;19;3;11;4;11;5;11;5;10;5;9;5;8;5;7;6;7;6;8;7;8;8;8;9;8;10;8;11;8;12;8;13;8;14;8;15;8;16;8;17;8;18;8;19;8;19;9;18;9;17;9;16;9
1;3;10;19;4;11;5;11;5;10;5;9;5;8;5;7;6;7;6;8;7;8;8;8;9;8;10;8;11;8;12;8;13;8;14;8;15;8;16;8;17;8;18;8;19;8;19;9;18;9;17;9;16;9;15;9
1;3;10;19;5;11;5;10;5;9;5;8;5;7;6;7;6;8;7;8;8;8;9;8;10;8;11;8;12;8;13;8;14;8;15;8;16;8;17;8;18;8;19;8;19;9;18;9;17;9;16;9;15;9;14;9
1;3;10;19;5;10;5;9;5;8;5;7;6;7;6;8;7;8;8;8;9;8;10;8;11;8;12;8;13;8;14;8;15;8;16;8;17;8;18;8;19;8;19;9;18;9;17;9;16;9;15;9;14;9;13;9
1;3;10;19;5;9;5;8;5;7;6;7;6;8;7;8;8;8;9;8;10;8;11;8;12;8;13;8;14;8;15;8;16;8;17;8;18;8;19;8;19;9;18;9;17;9;16;9;15;9;14;9;13;9;12;9
1;3;10;19;5;8;5;7;6;7;6;8;7;8;8;8;9;8;10;8;11;8;12;8;13;8;14;8;15;8;16;8;17;8;18;8;19;8;19;9;18;9;17;9;16;9;15;9;14;9;13;9;12;9;11;9
1;3;10;19;5;7;6;7;6;8;7;8;8;8;9;8;10;8;11;8;12;8;13;8;14;8;15;8;16;8;17;8;18;8;19;8;19;9;18;9;17;9;16;9;15;9;14;9;13;9;12;9;11;9;10;9
1;2;10;19;6;7;6;8;7;8;8;8;9;8;10;8;11;8;12;8;13;8;14;8;15;8;16;8;17;8;18;8;19;8;19;9;18;9;17;9;16;9;15;9;14;9;13;9;12;9;11;9;10;9;10;10
1;2;10;19;6;8;7;8;8;8;9;8;10;8;11;8;12;8;13;8;14;8;15;8;16;8;17;8;18;8;19;8;19;9;18;9;17;9;16;9;15;9;14;9;13;9;12;9;11;9;10;9;10;10;10;11
1;2;10;19;7;8;8;8;9;8;10;8;11;8;12;8;13;8;14;8;15;8;16;8;17;8;18;8;19;8;19;9;18;9;17;9;16;9;15;9;14;9;13;9;12;9;11;9;10;9;10;10;10;11;10;12
1;2;10;19;8;8;9;8;10;8;11;8;12;8;13;8;14;8;15;8;16;8;17;8;18;8;19;8;19;9;18;9;17;9;16;9;15;9;14;9;13;9;12;9;11;9;10;9;10;10;10;11;10;12;10;13
1;2;10;19;9;8;10;8;11;8;12;8;13;8;14;8;15;8;16;8;17;8;18;8;19;8;19;9;18;9;17;9;16;9;15;9;14;9;13;9;12;9;11;9;10;9;10;10;10;11;10;12;10;13;10;14
1;2;10;19;10;8;11;8;12;8;13;8;14;8;15;8;16;8;17;8;18;8;19;8;19;9;18;9;17;9;16;9;15;9;14;9;13;9;12;9;11;9;10;9;10;10;10;11;10;12;10;13;10;14;10;15
1;2;10;19;11;8;12;8;13;8;14;8;15;8;16;8;17;8;18;8;19;8;19;9;18;9;17;9;16;9;15;9;14;9;13;9;12;9;11;9;10;9;10;10;10;11;10;12;10;13;10;14;10;15;10;16
1;2;10;19;12;8;13;8;14;8;15;8;16;8;17;8;18;8;19;8;19;9;18;9;17;9;16;9;15;9;14;9;13;9;12;9;11;9;10;9;10;10;10;11;10;12;10;13;10;14;10;15;10;16;10;17
1;2;10;19;13;8;14;8;15;8;16;8;17;8;18;8;19;8;19;9;18;9;17;9;16;9;15;9;14;9;13;9;12;9;11;9;10;9;10;10;10;11;10;12;10;13;10;14;10;15;10;16;10;17;10;18
1;2;3;8;14;8;14;8;15;8;16;8;17;8;18;8;19;8;19;9;18;9;17;9;16;9;15;9;14;9;13;9;12;9;11;9;10;9;10;10;10;11;10;12;10;13;10;14;10;15;10;16;10;17;10;18;10;19
1;3;3;8;14;8;15;8;16;8;17;8;18;8;19;8;19;9;18;9;17;9;16;9;15;9;14;9;13;9;12;9;11;9;10;9;10;10;10;11;10;12;10;13;10;14;10;15;10;16;10;17;10;18;10;19;9;19
1;0;3;8;15;8;16;8;17;8;18;8;19;8;19;9;18;9;17;9;16;9;15;9;14;9;13;9;12;9;11;9;10;9;10;10;10;11;10;12;10;13;10;14;10;15;10;16;10;17;10;18;10;19;9;19;9;18
1;0;3;8;16;8;17;8;18;8;19;8;19;9;18;9;17;9;16;9;15;9;14;9;13;9;12;9;11;9;10;9;10;10;10;11;10;12;10;13;10;14;10;15;10;16;10;17;10;18;10;19;9;19;9;18;9;17
1;0;3;8;17;8;18;8;19;8;19;9;18;9;17;9;16;9;15;9;14;9;13;9;12;9;11;9;10;9;10;10;10;11;10;12;10;13;10;14;10;15;10;16;10;17;10;18;10;19;9;19;9;18;9;17;9;16
1;0;3;8;18;8;19;8;19;9;18;9;17;9;16;9;15;9;14;9;13;9;12;9;11;9;10;9;10;10;10;11;10;12;10;13;10;14;10;15;10;16;10;17;10;18;10;19;9;19;9;18;9;17;9;16;9;15
1;0;3;8;19;8;19;9;18;9;17;9;16;9;15;9;14;9;13;9;12;9;11;9;10;9;10;10;10;11;10;12;10;13;10;14;10;15;10;16;10;17;10;18;10;19;9;19;9;18;9;17;9;16;9;15;9;14
1;0;3;8;19;9;18;9;17;9;16;9;15;9;14;9;13;9;12;9;11;9;10;9;10;10;10;11;10;12;10;13;10;14;10;15;10;16;10;17;10;18;10;19;9;19;9;18;9;17;9;16;9;15;9;14;9;13
1;0;3;8;18;9;17;9;16;9;15;9;14;9;13;9;12;9;11;9;10;9;10;10;10;11;10;12;10;13;10;14;10;15;10;16;10;17;10;18;10;19;9;19;9;18;9;17;9;16;9;15;9;14;9;13;9;12
1;0;3;8;17;9;16;9;15;9;14;9;13;9;12;9;11;9;10;9;10;10;10;11;10;12;10;13;10;14;10;15;10;16;10;17;10;18;10;19;9;19;9;18;9;17;9;16;9;15;9;14;9;13;9;12;9;11
1;0;3;8;16;9;15;9;14;9;13;9;12;9;11;9;10;9;10;10;10;11;10;12;10;13;10;14;10;15;10;16;10;17;10;18;10;19;9;19;9;18;9;17;9;16;9;15;9;14;9;13;9;12;9;11;9;10
1;0;3;8;15;9;14;9;13;9;12;9;11;9;10;9;10;10;10;11;10;12;10;13;10;14;10;15;10;16;10;17;10;18;10;19;9;19;9;18;9;17;9;16;9;15;9;14;9;13;9;12;9;11;9;10;9;9
1;0;3;8;14;9;13;9;12;9;11;9;10;9;10;10;10;11;10;12;10;13;10;14;10;15;10;16;10;17;10;18;10;19;9;19;9;18;9;17;9;16;9;15;9;14;9;13;9;12;9;11;9;10;9;9;9;8
1;3;3;8;13;9;12;9;11;9;10;9;10;10;10;11;10;12;10;13;10;14;10;15;10;16;10;17;10;18;10;19;9;19;9;18;9;17;9;16;9;15;9;14;9;13;9;12;9;11;9;10;9;9;9;8;8;8
1;3;3;8;12;9;11;9;10;9;10;10;10;11;10;12;10;13;10;14;10;15;10;16;10;17;10;18;10;19;9;19;9;18;9;17;9;16;9;15;9;14;9;13;9;12;9;11;9;10;9;9;9;8;8;8;7;8
1;3;3;8;11;9;10;9;10;10;10;11;10;12;10;13;10;14;10;15;10;16;10;17;10;18;10;19;9;19;9;18;9;17;9;16;9;15;9;14;9;13;9;12;9;11;9;10;9;9;9;8;8;8;7;8;6;8
1;3;3;8;10;9;10;10;10;11;10;12;10;13;10;14;10;15;10;16;10;17;10;18;10;19;9;19;9;18;9;17;9;16;9;15;9;14;9;13;9;12;9;11;9;10;9;9;9;8;8;8;7;8;6;8;5;8
1;3;3;8;10;10;10;11;10;12;10;13;10;14;10;15;10;16;10;17;10;18;10;19;9;19;9;18;9;17;9;16;9;15;9;14;9;13;9;12;9;11;9;10;9;9;9;8;8;8;7;8;6;8;5;8;4;8
1;3;10;10;10;11;10;11;10;12;10;13;10;14;10;15;10;16;10;17;10;18;10;19;9;19;9;18;9;17;9;16;9;15;9;14;9;13;9;12;9;11;9;10;9;9;9;8;8;8;7;8;6;8;5;8;4;8;3;8
1;2;10;10;10;11;10;12;10;13;10;14;10;15;10;16;10;17;10;18;10;19;9;19;9;18;9;17;9;16;9;15;9;14;9;13;9;12;9;11;9;10;9;9;9;8;8;8;7;8;6;8;5;8;4;8;3;8;3;9
1;2;10;10;10;12;10;13;10;14;10;15;10;16;10;17;10;18;10;19;9;19;9;18;9;17;9;16;9;15;9;14;9;13;9;12;9;11;9;10;9;9;9;8;8;8;7;8;6;8;5;8;4;8;3;8;3;9;3;10
1;2;10;10;10;13;10;14;10;15;10;16;10;17;10;18;10;19;9;19;9;18;9;17;9;16;9;15;9;14;9;13;9;12;9;11;9;10;9;9;9;8;8;8;7;8;6;8;5;8;4;8;3;8;3;9;3;10;3;11
1;1;10;10;10;14;10;15;10;16;10;17;10;18;10;19;9;19;9;18;9;17;9;16;9;15;9;14;9;13;9;12;9;11;9;10;9;9;9;8;8;8;7;8;6;8;5;8;4;8;3;8;3;9;3;10;3;11;4;11
1;2;10;10;10;15;10;16;10;17;10;18;10;19;9;19;9;18;9;17;9;16;9;15;9;14;9;13;9;12;9;11;9;10;9;9;9;8;8;8;7;8;6;8;5;8;4;8;3;8;3;9;3;10;3;11;4;11;4;12
1;1;10;10;10;16;10;17;10;18;10;19;9;19;9;18;9;17;9;16;9;15;9;14;9;13;9;12;9;11;9;10;9;9;9;8;8;8;7;8;6;8;5;8;4;8;3;8;3;9;3;10;3;11;4;11;4;12;5;12
1;2;10;10;10;17;10;18;10;19;9;19;9;18;9;17;9;16;9;15;9;14;9;13;9;12;9;11;9;10;9;9;9;8;8;8;7;8;6;8;5;8;4;8;3;8;3;9;3;10;3;11;4;11;4;12;5;12;5;13
1;1;10;10;10;18;10;19;9;19;9;18;9;17;9;16;9;15;9;14;9;13;9;12;9;11;9;10;9;9;9;8;8;8;7;8;6;8;5;8;4;8;3;8;3;9;3;10;3;11;4;11;4;12;5;12;5;13;6;13
1;2;10;10;10;19;9;19;9;18;9;17;9;16;9;15;9;14;9;13;9;12;9;11;9;10;9;9;9;8;8;8;7;8;6;8;5;8;4;8;3;8;3;9;3;10;3;11;4;11;4;12;5;12;5;13;6;13;6;14
1;1;10;10;9;19;9;18;9;17;9;16;9;15;9;14;9;13;9;12;9;11;9;10;9;9;9;8;8;8;7;8;6;8;5;8;4;8;3;8;3;9;3;10;3;11;4;11;4;12;5;12;5;13;6;13;6;14;7;14
1;2;10;10;9;18;9;17;9;16;9;15;9;14;9;13;9;12;9;11;9;10;9;9;9;8;8;8;7;8;6;8;5;8;4;8;3;8;3;9;3;10;3;11;4;11;4;12;5;12;5;13;6;13;6;14;7;14;7;15
1;1;10;10;9;17;9;16;9;15;9;14;9;13;9;12;9;11;9;10;9;9;9;8;8;8;7;8;6;8;5;8;4;8;3;8;3;9;3;10;3;11;4;11;4;12;5;12;5;13;6;13;6;14;7;14;7;15;8;15
1;2;10;10;9;16;9;15;9;14;9;13;9;12;9;11;9;10;9;9;9;8;8;8;7;8;6;8;5;8;4;8;3;8;3;9;3;10;3;11;4;11;4;12;5;12;5;13;6;13;6;14;7;14;7;15;8;15;8;16
1;1;10;10;9;15;9;14;9;13;9;12;9;11;9;10;9;9;9;8;8;8;7;8;6;8;5;8;4;8;3;8;3;9;3;10;3;11;4;11;4;12;5;12;5;13;6;13;6;14;7;14;7;15;8;15;8;16;9;16
1;1;10;10;9;14;9;13;9;12;9;11;9;10;9;9;9;8;8;8;7;8;6;8;5;8;4;8;3;8;3;9;3;10;3;11;4;11;4;12;5;12;5;13;6;13;6;14;7;14;7;15;8;15;8;16;9;16;10;16
1;0;10;10;9;13;9;12;9;11;9;10;9;9;9;8;8;8;7;8;6;8;5;8;4;8;3;8;3;9;3;10;3;11;4;11;4;12;5;12;5;13;6;13;6;14;7;14;7;15;8;15;8;16;9;16;10;16;10;15
1;0;10;10;9;12;9;11;9;10;9;9;9;8;8;8;7;8;6;8;5;8;4;8;3;8;3;9;3;10;3;11;4;11;4;12;5;12;5;13;6;13;6;14;7;14;7;15;8;15;8;16;9;16;10;16;10;15;10;14
1;0;10;10;9;11;9;10;9;9;9;8;8;8;7;8;6;8;5;8;4;8;3;8;3;9;3;10;3;11;4;11;4;12;5;12;5;13;6;13;6;14;7;14;7;15;8;15;8;16;9;16;10;16;10;15;10;14;10;13
1;0;10;10;9;10;9;9;9;8;8;8;7;8;6;8;5;8;4;8;3;8;3;9;3;10;3;11;4;11;4;12;5;12;5;13;6;13;6;14;7;14;7;15;8;15;8;16;9;16;10;16;10;15;10;14;10;13;10;12
1;0;10;10;9;9;9;8;8;8;7;8;6;8;5;8;4;8;3;8;3;9;3;10;3;11;4;11;4;12;5;12;5;13;6;13;6;14;7;14;7;15;8;15;8;16;9;16;10;16;10;15;10;14;10;13;10;12;10;11
1;0;3;13;9;8;9;8;8;8;7;8;6;8;5;8;4;8;3;8;3;9;3;10;3;11;4;11;4;12;5;12;5;13;6;13;6;14;7;14;7;15;8;15;8;16;9;16;10;16;10;15;10;14;10;13;10;12;10;11;10;10
1;3;3;13;9;8;8;8;7;8;6;8;5;8;4;8;3;8;3;9;3;10;3;11;4;11;4;12;5;12;5;13;6;13;6;14;7;14;7;15;8;15;8;16;9;16;10;16;10;15;10;14;10;13;10;12;10;11;10;10;9;10
1;3;3;13;8;8;7;8;6;8;5;8;4;8;3;8;3;9;3;10;3;11;4;11;4;12;5;12;5;13;6;13;6;14;7;14;7;15;8;15;8;16;9;16;10;16;10;15;10;14;10;13;10;12;10;11;10;10;9;10;8;10
1;3;3;13;7;8;6;8;5;8;4;8;3;8;3;9;3;10;3;11;4;11;4;12;5;12;5;13;6;13;6;14;7;14;7;15;8;15;8;16;9;16;10;16;10;15;10;14;10;13;10;12;10;11;10;10;9;10;8;10;7;10
1;3;3;13;6;8;5;8;4;8;3;8;3;9;3;10;3;11;4;11;4;12;5;12;5;13;6;13;6;14;7;14;7;15;8;15;8;16;9;16;10;16;10;15;10;14;10;13;10;12;10;11;10;10;9;10;8;10;7;10;6;10
1;3;3;13;5;8;4;8;3;8;3;9;3;10;3;11;4;11;4;12;5;12;5;13;6;13;6;14;7;14;7;15;8;15;8;16;9;16;10;16;10;15;10;14;10;13;10;12;10;11;10;10;9;10;8;10;7;10;6;10;5;10
1;0;3;13;4;8;3;8;3;9;3;10;3;11;4;11;4;12;5;12;5;13;6;13;6;14;7;14;7;15;8;15;8;16;9;16;10;16;10;15;10;14;10;13;10;12;10;11;10;10;9;10;8;10;7;10;6;10;5;10;5;9
1;3;3;13;3;8;3;9;3;10;3;11;4;11;4;12;5;12;5;13;6;13;6;14;7;14;7;15;8;15;8;16;9;16;10;16;10;15;10;14;10;13;10;12;10;11;10;10;9;10;8;10;7;10;6;10;5;10;5;9;4;9
1;0;3;13;3;9;3;10;3;11;4;11;4;12;5;12;5;13;6;13;6;14;7;14;7;15;8;15;8;16;9;16;10;16;10;15;10;14;10;13;10;12;10;11;10;10;9;10;8;10;7;10;6;10;5;10;5;9;4;9;4;8
1;3;3;13;3;10;3;11;4;11;4;12;5;12;5;13;6;13;6;14;7;14;7;15;8;15;8;16;9;16;10;16;10;15;10;14;10;13;10;12;10;11;10;10;9;10;8;10;7;10;6;10;5;10;5;9;4;9;4;8;3;8
1;2;3;13;3;11;4;11;4;12;5;12;5;13;6;13;6;14;7;14;7;15;8;15;8;16;9;16;10;16;10;15;10;14;10;13;10;12;10;11;10;10;9;10;8;10;7;10;6;10;5;10;5;9;4;9;4;8;3;8;3;9
1;2;3;13;4;11;4;12;5;12;5;13;6;13;6;14;7;14;7;15;8;15;8;16;9;16;10;16;10;15;10;14;10;13;10;12;10;11;10;10;9;10;8;10;7;10;6;10;5;10;5;9;4;9;4;8;3;8;3;9;3;10
1;2;3;13;4;12;5;12;5;13;6;13;6;14;7;14;7;15;8;15;8;16;9;16;10;16;10;15;10;14;10;13;10;12;10;11;10;10;9;10;8;10;7;10;6;10;5;10;5;9;4;9;4;8;3;8;3;9;3;10;3;11
1;2;3;13;5;12;5;13;6;13;6;14;7;14;7;15;8;15;8;16;9;16;10;16;10;15;10;14;10;13;10;12;10;11;10;10;9;10;8;10;7;10;6;10;5;10;5;9;4;9;4;8;3;8;3;9;3;10;3;11;3;12
1;2;10;9;5;13;5;13;6;13;6;14;7;14;7;15;8;15;8;16;9;16;10;16;10;15;10;14;10;13;10;12;10;11;10;10;9;10;8;10;7;10;6;10;5;10;5;9;4;9;4;8;3;8;3;9;3;10;3;11;3;12;3;13
1;1;10;9;5;13;6;13;6;14;7;14;7;15;8;15;8;16;9;16;10;16;10;15;10;14;10;13;10;12;10;11;10;10;9;10;8;10;7;10;6;10;5;10;5;9;4;9;4;8;3;8;3;9;3;10;3;11;3;12;3;13;4;13
1;2;10;9;6;13;6;14;7;14;7;15;8;15;8;16;9;16;10;16;10;15;10;14;10;13;10;12;10;11;10;10;9;10;8;10;7;10;6;10;5;10;5;9;4;9;4;8;3;8;3;9;3;10;3;11;3;12;3;13;4;13;4;14
1;3;10;9;6;14;7;14;7;15;8;15;8;16;9;16;10;16;10;15;10;14;10;13;10;12;10;11;10;10;9;10;8;10;7;10;6;10;5;10;5;9;4;9;4;8;3;8;3;9;3;10;3;11;3;12;3;13;4;13;4;14;3;14
1;3;10;9;7;14;7;15;8;15;8;16;9;16;10;16;10;15;10;14;10;13;10;12;10;11;10;10;9;10;8;10;7;10;6;10;5;10;5;9;4;9;4;8;3;8;3;9;3;10;3;11;3;12;3;13;4;13;4;14;3;14;2;14
1;0;10;9;7;15;8;15;8;16;9;16;10;16;10;15;10;14;10;13;10;12;10;11;10;10;9;10;8;10;7;10;6;10;5;10;5;9;4;9;4;8;3;8;3;9;3;10;3;11;3;12;3;13;4;13;4;14;3;14;2;14;2;13
1;0;10;9;8;15;8;16;9;16;10;16;10;15;10;14;10;13;10;12;10;11;10;10;9;10;8;10;7;10;6;10;5;10;5;9;4;9;4;8;3;8;3;9;3;10;3;11;3;12;3;13;4;13;4;14;3;14;2;14;2;13;2;12
1;0;10;9;8;16;9;16;10;16;10;15;10;14;10;13;10;12;10;11;10;10;9;10;8;10;7;10;6;10;5;10;5;9;4;9;4;8;3;8;3;9;3;10;3;11;3;12;3;13;4;13;4;14;3;14;2;14;2;13;2;12;2;11
1;0;10;9;9;16;10;16;10;15;10;14;10;13;10;12;10;11;10;10;9;10;8;10;7;10;6;10;5;10;5;9;4;9;4;8;3;8;3;9;3;10;3;11;3;12;3;13;4;13;4;14;3;14;2;14;2;13;2;12;2;11;2;10
1;0;10;9;10;16;10;15;10;14;10;13;10;12;10;11;10;10;9;10;8;10;7;10;6;10;5;10;5;9;4;9;4;8;3;8;3;9;3;10;3;11;3;12;3;13;4;13;4;14;3;14;2;14;2;13;2;12;2;11;2;10;2;9
1;0;10;9;10;15;10;14;10;13;10;12;10;11;10;10;9;10;8;10;7;10;6;10;5;10;5;9;4;9;4;8;3;8;3;9;3;10;3;11;3;12;3;13;4;13;4;14;3;14;2;14;2;13;2;12;2;11;2;10;2;9;2;8
1;0;10;9;10;14;10;13;10;12;10;11;10;10;9;10;8;10;7;10;6;10;5;10;5;9;4;9;4;8;3;8;3;9;3;10;3;11;3;12;3;13;4;13;4;14;3;14;2;14;2;13;2;12;2;11;2;10;2;9;2;8;2;7
1;1;10;9;10;13;10;12;10;11;10;10;9;10;8;10;7;10;6;10;5;10;5;9;4;9;4;8;3;8;3;9;3;10;3;11;3;12;3;13;4;13;4;14;3;14;2;14;2;13;2;12;2;11;2;10;2;9;2;8;2;7;3;7
1;1;10;9;10;12;10;11;10;10;9;10;8;10;7;10;6;10;5;10;5;9;4;9;4;8;3;8;3;9;3;10;3;11;3;12;3;13;4;13;4;14;3;14;2;14;2;13;2;12;2;11;2;10;2;9;2;8;2;7;3;7;4;7
1;1;10;9;10;11;10;10;9;10;8;10;7;10;6;10;5;10;5;9;4;9;4;8;3;8;3;9;3;10;3;11;3;12;3;13;4;13;4;14;3;14;2;14;2;13;2;12;2;11;2;10;2;9;2;8;2;7;3;7;4;7;5;7
1;1;10;9;10;10;9;10;8;10;7;10;6;10;5;10;5;9;4;9;4;8;3;8;3;9;3;10;3;11;3;12;3;13;4;13;4;14;3;14;2;14;2;13;2;12;2;11;2;10;2;9;2;8;2;7;3;7;4;7;5;7;6;7
1;2;10;9;9;10;8;10;7;10;6;10;5;10;5;9;4;9;4;8;3;8;3;9;3;10;3;11;3;12;3;13;4;13;4;14;3;14;2;14;2;13;2;12;2;11;2;10;2;9;2;8;2;7;3;7;4;7;5;7;6;7;6;8
1;2;10;9;8;10;7;10;6;10;5;10;5;9;4;9;4;8;3;8;3;9;3;10;3;11;3;12;3;13;4;13;4;14;3;14;2;14;2;13;2;12;2;11;2;10;2;9;2;8;2;7;3;7;4;7;5;7;6;7;6;8;6;9
1;1;10;9;7;10;6;10;5;10;5;9;4;9;4;8;3;8;3;9;3;10;3;11;3;12;3;13;4;13;4;14;3;14;2;14;2;13;2;12;2;11;2;10;2;9;2;8;2;7;3;7;4;7;5;7;6;7;6;8;6;9;7;9
1;1;10;9;6;10;5;10;5;9;4;9;4;8;3;8;3;9;3;10;3;11;3;12;3;13;4;13;4;14;3;14;2;14;2;13;2;12;2;11;2;10;2;9;2;8;2;7;3;7;4;7;5;7;6;7;6;8;6;9;7;9;8;9
1;1;10;9;5;10;5;9;4;9;4;8;3;8;3;9;3;10;3;11;3;12;3;13;4;13;4;14;3;14;2;14;2;13;2;12;2;11;2;10;2;9;2;8;2;7;3;7;4;7;5;7;6;7;6;8;6;9;7;9;8;9;9;9
1;1;15;10;5;9;5;9;4;9;4;8;3;8;3;9;3;10;3;11;3;12;3;13;4;13;4;14;3;14;2;14;2;13;2;12;2;11;2;10;2;9;2;8;2;7;3;7;4;7;5;7;6;7;6;8;6;9;7;9;8;9;9;9;10;9
1;2;15;10;5;9;4;9;4;8;3;8;3;9;3;10;3;11;3;12;3;13;4;13;4;14;3;14;2;14;2;13;2;12;2;11;2;10;2;9;2;8;2;7;3;7;4;7;5;7;6;7;6;8;6;9;7;9;8;9;9;9;10;9;10;10
1;1;15;10;4;9;4;8;3;8;3;9;3;10;3;11;3;12;3;13;4;13;4;14;3;14;2;14;2;13;2;12;2;11;2;10;2;9;2;8;2;7;3;7;4;7;5;7;6;7;6;8;6;9;7;9;8;9;9;9;10;9;10;10;11;10
1;1;15;10;4;8;3;8;3;9;3;10;3;11;3;12;3;13;4;13;4;14;3;14;2;14;2;13;2;12;2;11;2;10;2;9;2;8;2;7;3;7;4;7;5;7;6;7;6;8;6;9;7;9;8;9;9;9;10;9;10;10;11;10;12;10
1;1;15;10;3;8;3;9;3;10;3;11;3;12;3;13;4;13;4;14;3;14;2;14;2;13;2;12;2;11;2;10;2;9;2;8;2;7;3;7;4;7;5;7;6;7;6;8;6;9;7;9;8;9;9;9;10;9;10;10;11;10;12;10;13;10
1;1;15;10;3;9;3;10;3;11;3;12;3;13;4;13;4;14;3;14;2;14;2;13;2;12;2;11;2;10;2;9;2;8;2;7;3;7;4;7;5;7;6;7;6;8;6;9;7;9;8;9;9;9;10;9;10;10;11;10;12;10;13;10;14;10
1;1;15;2;3;10;3;10;3;11;3;12;3;13;4;13;4;14;3;14;2;14;2;13;2;12;2;11;2;10;2;9;2;8;2;7;3;7;4;7;5;7;6;7;6;8;6;9;7;9;8;9;9;9;10;9;10;10;11;10;12;10;13;10;14;10;15;10
1;0;15;2;3;10;3;11;3;12;3;13;4;13;4;14;3;14;2;14;2;13;2;12;2;11;2;10;2;9;2;8;2;7;3;7;4;7;5;7;6;7;6;8;6;9;7;9;8;9;9;9;10;9;10;10;11;10;12;10;13;10;14;10;15;10;15;9
1;0;15;2;3;11;3;12;3;13;4;13;4;14;3;14;2;14;2;13;2;12;2;11;2;10;2;9;2;8;2;7;3;7;4;7;5;7;6;7;6;8;6;9;7;9;8;9;9;9;10;9;10;10;11;10;12;10;13;10;14;10;15;10;15;9;15;8
1;0;15;2;3;12;3;13;4;13;4;14;3;14;2;14;2;13;2;12;2;11;2;10;2;9;2;8;2;7;3;7;4;7;5;7;6;7;6;8;6;9;7;9;8;9;9;9;10;9;10;10;11;10;12;10;13;10;14;10;15;10;15;9;15;8;15;7
1;0;15;2;3;13;4;13;4;14;3;14;2;14;2;13;2;12;2;11;2;10;2;9;2;8;2;7;3;7;4;7;5;7;6;7;6;8;6;9;7;9;8;9;9;9;10;9;10;10;11;10;12;10;13;10;14;10;15;10;15;9;15;8;15;7;15;6
1;0;15;2;4;13;4;14;3;14;2;14;2;13;2;12;2;11;2;10;2;9;2;8;2;7;3;7;4;7;5;7;6;7;6;8;6;9;7;9;8;9;9;9;10;9;10;10;11;10;12;10;13;10;14;10;15;10;15;9;15;8;15;7;15;6;15;5
1;0;15;2;4;14;3;14;2;14;2;13;2;12;2;11;2;10;2;9;2;8;2;7;3;7;4;7;5;7;6;7;6;8;6;9;7;9;8;9;9;9;10;9;10;10;11;10;12;10;13;10;14;10;15;10;15;9;15;8;15;7;15;6;15;5;15;4
1;0;15;2;3;14;2;14;2;13;2;12;2;11;2;10;2;9;2;8;2;7;3;7;4;7;5;7;6;7;6;8;6;9;7;9;8;9;9;9;10;9;10;10;11;10;12;10;13;10;14;10;15;10;15;9;15;8;15;7;15;6;15;5;15;4;15;3
1;0;1;1;2;14;2;14;2;13;2;12;2;11;2;10;2;9;2;8;2;7;3;7;4;7;5;7;6;7;6;8;6;9;7;9;8;9;9;9;10;9;10;10;11;10;12;10;13;10;14;10;15;10;15;9;15;8;15;7;15;6;15;5;15;4;15;3;15;2
1;0;1;1;2;14;2;13;2;12;2;11;2;10;2;9;2;8;2;7;3;7;4;7;5;7;6;7;6;8;6;9;7;9;8;9;9;9;10;9;10;10;11;10;12;10;13;10;14;10;15;10;15;9;15;8;15;7;15;6;15;5;15;4;15;3;15;2;15;1
1;3;1;1;2;13;2;12;2;11;2;10;2;9;2;8;2;7;3;7;4;7;5;7;6;7;6;8;6;9;7;9;8;9;9;9;10;9;10;10;11;10;12;10;13;10;14;10;15;10;15;9;15;8;15;7;15;6;15;5;15;4;15;3;15;2;15;1;14;1
1;3;1;1;2;12;2;11;2;10;2;9;2;8;2;7;3;7;4;7;5;7;6;7;6;8;6;9;7;9;8;9;9;9;10;9;10;10;11;10;12;10;13;10;14;10;15;10;15;9;15;8;15;7;15;6;15;5;15;4;15;3;15;2;15;1;14;1;13;1
1;3;1;1;2;11;2;10;2;9;2;8;2;7;3;7;4;7;5;7;6;7;6;8;6;9;7;9;8;9;9;9;10;9;10;10;11;10;12;10;13;10;14;10;15;10;15;9;15;8;15;7;15;6;15;5;15;4;15;3;15;2;15;1;14;1;13;1;12;1
1;3;1;1;2;10;2;9;2;8;2;7;3;7;4;7;5;7;6;7;6;8;6;9;7;9;8;9;9;9;10;9;10;10;11;10;12;10;13;10;14;10;15;10;15;9;15;8;15;7;15;6;15;5;15;4;15;3;15;2;15;1;14;1;13;1;12;1;11;1
1;3;1;1;2;9;2;8;2;7;3;7;4;7;5;7;6;7;6;8;6;9;7;9;8;9;9;9;10;9;10;10;11;10;12;10;13;10;14;10;15;10;15;9;15;8;15;7;15;6;15;5;15;4;15;3;15;2;15;1;14;1;13;1;12;1;11;1;10;1
1;3;1;1;2;8;2;7;3;7;4;7;5;7;6;7;6;8;6;9;7;9;8;9;9;9;10;9;10;10;11;10;12;10;13;10;14;10;15;10;15;9;15;8;15;7;15;6;15;5;15;4;15;3;15;2;15;1;14;1;13;1;12;1;11;1;10;1;9;1
1;3;1;1;2;7;3;7;4;7;5;7;6;7;6;8;6;9;7;9;8;9;9;9;10;9;10;10;11;10;12;10;13;10;14;10;15;10;15;9;15;8;15;7;15;6;15;5;15;4;15;3;15;2;15;1;14;1;13;1;12;1;11;1;10;1;9;1;8;1
1;3;1;1;3;7;4;7;5;7;6;7;6;8;6;9;7;9;8;9;9;9;10;9;10;10;11;10;12;10;13;10;14;10;15;10;15;9;15;8;15;7;15;6;15;5;15;4;15;3;15;2;15;1;14;1;13;1;12;1;11;1;10;1;9;1;8;1;7;1
1;3;1;1;4;7;5;7;6;7;6;8;6;9;7;9;8;9;9;9;10;9;10;10;11;10;12;10;13;10;14;10;15;10;15;9;15;8;15;7;15;6;15;5;15;4;15;3;15;2;15;1;14;1;13;1;12;1;11;1;10;1;9;1;8;1;7;1;6;1
1;3;1;1;5;7;6;7;6;8;6;9;7;9;8;9;9;9;10;9;10;10;11;10;12;10;13;10;14;10;15;10;15;9;15;8;15;7;15;6;15;5;15;4;15;3;15;2;15;1;14;1;13;1;12;1;11;1;10;1;9;1;8;1;7;1;6;1;5;1
1;3;1;1;6;7;6;8;6;9;7;9;8;9;9;9;10;9;10;10;11;10;12;10;13;10;14;10;15;10;15;9;15;8;15;7;15;6;15;5;15;4;15;3;15;2;15;1;14;1;13;1;12;1;11;1;10;1;9;1;8;1;7;1;6;1;5;1;4;1
1;3;1;1;6;8;6;9;7;9;8;9;9;9;10;9;10;10;11;10;12;10;13;10;14;10;15;10;15;9;15;8;15;7;15;6;15;5;15;4;15;3;15;2;15;1;14;1;13;1;12;1;11;1;10;1;9;1;8;1;7;1;6;1;5;1;4;1;3;1
1;3;1;1;6;9;7;9;8;9;9;9;10;9;10;10;11;10;12;10;13;10;14;10;15;10;15;9;15;8;15;7;15;6;15;5;15;4;15;3;15;2;15;1;14;1;13;1;12;1;11;1;10;1;9;1;8;1;7;1;6;1;5;1;4;1;3;1;2;1
1;3;17;16;7;9;7;9;8;9;9;9;10;9;10;10;11;10;12;10;13;10;14;10;15;10;15;9;15;8;15;7;15;6;15;5;15;4;15;3;15;2;15;1;14;1;13;1;12;1;11;1;10;1;9;1;8;1;7;1;6;1;5;1;4;1;3;1;2;1;1;1
1;2;17;16;7;9;8;9;9;9;10;9;10;10;11;10;12;10;13;10;14;10;15;10;15;9;15;8;15;7;15;6;15;5;15;4;15;3;15;2;15;1;14;1;13;1;12;1;11;1;10;1;9;1;8;1;7;1;6;1;5;1;4;1;3;1;2;1;1;1;1;2
1;2;17;16;8;9;9;9;10;9;10;10;11;10;12;10;13;10;14;10;15;10;15;9;15;8;15;7;15;6;15;5;15;4;15;3;15;2;15;1;14;1;13;1;12;1;11;1;10;1;9;1;8;1;7;1;6;1;5;1;4;1;3;1;2;1;1;1;1;2;1;3
1;2;17;16;9;9;10;9;10;10;11;10;12;10;13;10;14;10;15;10;15;9;15;8;15;7;15;6;15;5;15;4;15;3;15;2;15;1;14;1;13;1;12;1;11;1;10;1;9;1;8;1;7;1;6;1;5;1;4;1;3;1;2;1;1;1;1;2;1;3;1;4
1;2;17;16;10;9;10;10;11;10;12;10;13;10;14;10;15;10;15;9;15;8;15;7;15;6;15;5;15;4;15;3;15;2;15;1;14;1;13;1;12;1;11;1;10;1;9;1;8;1;7;1;6;1;5;1;4;1;3;1;2;1;1;1;1;2;1;3;1;4;1;5
1;2;17;16;10;10;11;10;12;10;13;10;14;10;15;10;15;9;15;8;15;7;15;6;15;5;15;4;15;3;15;2;15;1;14;1;13;1;12;1;11;1;10;1;9;1;8;1;7;1;6;1;5;1;4;1;3;1;2;1;1;1;1;2;1;3;1;4;1;5;1;6
1;2;17;16;11;10;12;10;13;10;14;10;15;10;15;9;15;8;15;7;15;6;15;5;15;4;15;3;15;2;15;1;14;1;13;1;12;1;11;1;10;1;9;1;8;1;7;1;6;1;5;1;4;1;3;1;2;1;1;1;1;2;1;3;1;4;1;5;1;6;1;7
1;2;17;16;12;10;13;10;14;10;15;10;15;9;15;8;15;7;15;6;15;5;15;4;15;3;15;2;15;1;14;1;13;1;12;1;11;1;10;1;9;1;8;1;7;1;6;1;5;1;4;1;3;1;2;1;1;1;1;2;1;3;1;4;1;5;1;6;1;7;1;8
1;2;17;16;13;10;14;10;15;10;15;9;15;8;15;7;15;6;15;5;15;4;15;3;15;2;15;1;14;1;13;1;12;1;11;1;10;1;9;1;8;1;7;1;6;1;5;1;4;1;3;1;2;1;1;1;1;2;1;3;1;4;1;5;1;6;1;7;1;8;1;9
1;2;17;16;14;10;15;10;15;9;15;8;15;7;15;6;15;5;15;4;15;3;15;2;15;1;14;1;13;1;12;1;11;1;10;1;9;1;8;1;7;1;6;1;5;1;4;1;3;1;2;1;1;1;1;2;1;3;1;4;1;5;1;6;1;7;1;8;1;9;1;10
1;2;17;16;15;10;15;9;15;8;15;7;15;6;15;5;15;4;15;3;15;2;15;1;14;1;13;1;12;1;11;1;10;1;9;1;8;1;7;1;6;1;5;1;4;1;3;1;2;1;1;1;1;2;1;3;1;4;1;5;1;6;1;7;1;8;1;9;1;10;1;11
1;2;17;16;15;9;15;8;15;7;15;6;15;5;15;4;15;3;15;2;15;1;14;1;13;1;12;1;11;1;10;1;9;1;8;1;7;1;6;1;5;1;4;1;3;1;2;1;1;1;1;2;1;3;1;4;1;5;1;6;1;7;1;8;1;9;1;10;1;11;1;12
1;2;17;16;15;8;15;7;15;6;15;5;15;4;15;3;15;2;15;1;14;1;13;1;12;1;11;1;10;1;9;1;8;1;7;1;6;1;5;1;4;1;3;1;2;1;1;1;1;2;1;3;1;4;1;5;1;6;1;7;1;8;1;9;1;10;1;11;1;12;1;13
1;2;17;16;15;7;15;6;15;5;15;4;15;3;15;2;15;1;14;1;13;1;12;1;11;1;10;1;9;1;8;1;7;1;6;1;5;1;4;1;3;1;2;1;1;1;1;2;1;3;1;4;1;5;1;6;1;7;1;8;1;9;1;10;1;11;1;12;1;13;1;14
1;2;17;16;15;6;15;5;15;4;15;3;15;2;15;1;14;1;13;1;12;1;11;1;10;1;9;1;8;1;7;1;6;1;5;1;4;1;3;1;2;1;1;1;1;2;1;3;1;4;1;5;1;6;1;7;1;8;1;9;1;10;1;11;1;12;1;13;1;14;1;15
1;2;17;16;15;5;15;4;15;3;15;2;15;1;14;1;13;1;12;1;11;1;10;1;9;1;8;1;7;1;6;1;5;1;4;1;3;1;2;1;1;1;1;2;1;3;1;4;1;5;1;6;1;7;1;8;1;9;1;10;1;11;1;12;1;13;1;14;1;15;1;16
1;1;17;16;15;4;15;3;15;2;15;1;14;1;13;1;12;1;11;1;10;1;9;1;8;1;7;1;6;1;5;1;4;1;3;1;2;1;1;1;1;2;1;3;1;4;1;5;1;6;1;7;1;8;1;9;1;10;1;11;1;12;1;13;1;14;1;15;1;16;2;16
1;1;17;16;15;3;15;2;15;1;14;1;13;1;12;1;11;1;10;1;9;1;8;1;7;1;6;1;5;1;4;1;3;1;2;1;1;1;1;2;1;3;1;4;1;5;1;6;1;7;1;8;1;9;1;10;1;11;1;12;1;13;1;14;1;15;1;16;2;16;3;16
1;1;17;16;15;2;15;1;14;1;13;1;12;1;11;1;10;1;9;1;8;1;7;1;6;1;5;1;4;1;3;1;2;1;1;1;1;2;1;3;1;4;1;5;1;6;1;7;1;8;1;9;1;10;1;11;1;12;1;13;1;14;1;15;1;16;2;16;3;16;4;16
1;1;17;16;15;1;14;1;13;1;12;1;11;1;10;1;9;1;8;1;7;1;6;1;5;1;4;1;3;1;2;1;1;1;1;2;1;3;1;4;1;5;1;6;1;7;1;8;1;9;1;10;1;11;1;12;1;13;1;14;1;15;1;16;2;16;3;16;4;16;5;16
1;1;17;16;14;1;13;1;12;1;11;1;10;1;9;1;8;1;7;1;6;1;5;1;4;1;3;1;2;1;1;1;1;2;1;3;1;4;1;5;1;6;1;7;1;8;1;9;1;10;1;11;1;12;1;13;1;14;1;15;1;16;2;16;3;16;4;16;5;16;6;16
1;1;17;16;13;1;12;1;11;1;10;1;9;1;8;1;7;1;6;1;5;1;4;1;3;1;2;1;1;1;1;2;1;3;1;4;1;5;1;6;1;7;1;8;1;9;1;10;1;11;1;12;1;13;1;14;1;15;1;16;2;16;3;16;4;16;5;16;6;16;7;16
1;1;17;16;12;1;11;1;10;1;9;1;8;1;7;1;6;1;5;1;4;1;3;1;2;1;1;1;1;2;1;3;1;4;1;5;1;6;1;7;1;8;1;9;1;10;1;11;1;12;1;13;1;14;1;15;1;16;2;16;3;16;4;16;5;16;6;16;7;16;8;16
1;1;17;16;11;1;10;1;9;1;8;1;7;1;6;1;5;1;4;1;3;1;2;1;1;1;1;2;1;3;1;4;1;5;1;6;1;7;1;8;1;9;1;10;1;11;1;12;1;13;1;14;1;15;1;16;2;16;3;16;4;16;5;16;6;16;7;16;8;16;9;16
1;1;17;16;10;1;9;1;8;1;7;1;6;1;5;1;4;1;3;1;2;1;1;1;1;2;1;3;1;4;1;5;1;6;1;7;1;8;1;9;1;10;1;11;1;12;1;13;1;14;1;15;1;16;2;16;3;16;4;16;5;16;6;16;7;16;8;16;9;16;10;16
1;1;17;16;9;1;8;1;7;1;6;1;5;1;4;1;3;1;2;1;1;1;1;2;1;3;1;4;1;5;1;6;1;7;1;8;1;9;1;10;1;11;1;12;1;13;1;14;1;15;1;16;2;16;3;16;4;16;5;16;6;16;7;16;8;16;9;16;10;16;11;16
1;1;17;16;8;1;7;1;6;1;5;1;4;1;3;1;2;1;1;1;1;2;1;3;1;4;1;5;1;6;1;7;1;8;1;9;1;10;1;11;1;12;1;13;1;14;1;15;1;16;2;16;3;16;4;16;5;16;6;16;7;16;8;16;9;16;10;16;11;16;12;16
1;1;17;16;7;1;6;1;5;1;4;1;3;1;2;1;1;1;1;2;1;3;1;4;1;5;1;6;1;7;1;8;1;9;1;10;1;11;1;12;1;13;1;14;1;15;1;16;2;16;3;16;4;16;5;16;6;16;7;16;8;16;9;16;10;16;11;16;12;16;13;16
1;1;17;16;6;1;5;1;4;1;3;1;2;1;1;1;1;2;1;3;1;4;1;5;1;6;1;7;1;8;1;9;1;10;1;11;1;12;1;13;1;14;1;15;1;16;2;16;3;16;4;16;5;16;6;16;7;16;8;16;9;16;10;16;11;16;12;16;13;16;14;16
1;1;17;16;5;1;4;1;3;1;2;1;1;1;1;2;1;3;1;4;1;5;1;6;1;7;1;8;1;9;1;10;1;11;1;12;1;13;1;14;1;15;1;16;2;16;3;16;4;16;5;16;6;16;7;16;8;16;9;16;10;16;11;16;12;16;13;16;14;16;15;16
1;1;17;16;4;1;3;1;2;1;1;1;1;2;1;3;1;4;1;5;1;6;1;7;1;8;1;9;1;10;1;11;1;12;1;13;1;14;1;15;1;16;2;16;3;16;4;16;5;16;6;16;7;16;8;16;9;16;10;16;11;16;12;16;13;16;14;16;15;16;16;16
1;1;16;7;3;1;3;1;2;1;1;1;1;2;1;3;1;4;1;5;1;6;1;7;1;8;1;9;1;10;1;11;1;12;1;13;1;14;1;15;1;16;2;16;3;16;4;16;5;16;6;16;7;16;8;16;9;16;10;16;11;16;12;16;13;16;14;16;15;16;16;16;17;16
1;0;16;7;3;1;2;1;1;1;1;2;1;3;1;4;1;5;1;6;1;7;1;8;1;9;1;10;1;11;1;12;1;13;1;14;1;15;1;16;2;16;3;16;4;16;5;16;6;16;7;16;8;16;9;16;10;16;11;16;12;16;13;16;14;16;15;16;16;16;17;16;17;15
1;3;16;7;2;1;1;1;1;2;1;3;1;4;1;5;1;6;1;7;1;8;1;9;1;10;1;11;1;12;1;13;1;14;1;15;1;16;2;16;3;16;4;16;5;16;6;16;7;16;8;16;9;16;10;16;11;16;12;16;13;16;14;16;15;16;16;16;17;16;17;15;16;15
1;0;16;7;1;1;1;2;1;3;1;4;1;5;1;6;1;7;1;8;1;9;1;10;1;11;1;12;1;13;1;14;1;15;1;16;2;16;3;16;4;16;5;16;6;16;7;16;8;16;9;16;10;16;11;16;12;16;13;16;14;16;15;16;16;16;17;16;17;15;16;15;16;14
1;0;16;7;1;2;1;3;1;4;1;5;1;6;1;7;1;8;1;9;1;10;1;11;1;12;1;13;1;14;1;15;1;16;2;16;3;16;4;16;5;16;6;16;7;16;8;16;9;16;10;16;11;16;12;16;13;16;14;16;15;16;16;16;17;16;17;15;16;15;16;14;16;13
1;0;16;7;1;3;1;4;1;5;1;6;1;7;1;8;1;9;1;10;1;11;1;12;1;13;1;14;1;15;1;16;2;16;3;16;4;16;5;16;6;16;7;16;8;16;9;16;10;16;11;16;12;16;13;16;14;16;15;16;16;16;17;16;17;15;16;15;16;14;16;13;16;12
1;0;16;7;1;4;1;5;1;6;1;7;1;8;1;9;1;10;1;11;1;12;1;13;1;14;1;15;1;16;2;16;3;16;4;16;5;16;6;16;7;16;8;16;9;16;10;16;11;16;12;16;13;16;14;16;15;16;16;16;17;16;17;15;16;15;16;14;16;13;16;12;16;11
1;0;16;7;1;5;1;6;1;7;1;8;1;9;1;10;1;11;1;12;1;13;1;14;1;15;1;16;2;16;3;16;4;16;5;16;6;16;7;16;8;16;9;16;10;16;11;16;12;16;13;16;14;16;15;16;16;16;17;16;17;15;16;15;16;14;16;13;16;12;16;11;16;10
1;0;16;7;1;6;1;7;1;8;1;9;1;10;1;11;1;12;1;13;1;14;1;15;1;16;2;16;3;16;4;16;5;16;6;16;7;16;8;16;9;16;10;16;11;16;12;16;13;16;14;16;15;16;16;16;17;16;17;15;16;15;16;14;16;13;16;12;16;11;16;10;16;9
1;0;16;7;1;7;1;8;1;9;1;10;1;11;1;12;1;13;1;14;1;15;1;16;2;16;3;16;4;16;5;16;6;16;7;16;8;16;9;16;10;16;11;16;12;16;13;16;14;16;15;16;16;16;17;16;17;15;16;15;16;14;16;13;16;12;16;11;16;10;16;9;16;8
1;0;13;13;1;8;1;8;1;9;1;10;1;11;1;12;1;13;1;14;1;15;1;16;2;16;3;16;4;16;5;16;6;16;7;16;8;16;9;16;10;16;11;16;12;16;13;16;14;16;15;16;16;16;17;16;17;15;16;15;16;14;16;13;16;12;16;11;16;10;16;9;16;8;16;7
1;3;13;13;1;8;1;9;1;10;1;11;1;12;1;13;1;14;1;15;1;16;2;16;3;16;4;16;5;16;6;16;7;16;8;16;9;16;10;16;11;16;12;16;13;16;14;16;15;16;16;16;17;16;17;15;16;15;16;14;16;13;16;12;16;11;16;10;16;9;16;8;16;7;15;7
1;3;13;13;1;9;1;10;1;11;1;12;1;13;1;14;1;15;1;16;2;16;3;16;4;16;5;16;6;16;7;16;8;16;9;16;10;16;11;16;12;16;13;16;14;16;15;16;16;16;17;16;17;15;16;15;16;14;16;13;16;12;16;11;16;10;16;9;16;8;16;7;15;7;14;7
1;3;13;13;1;10;1;11;1;12;1;13;1;14;1;15;1;16;2;16;3;16;4;16;5;16;6;16;7;16;8;16;9;16;10;16;11;16;12;16;13;16;14;16;15;16;16;16;17;16;17;15;16;15;16;14;16;13;16;12;16;11;16;10;16;9;16;8;16;7;15;7;14;7;13;7
1;2;13;13;1;11;1;12;1;13;1;14;1;15;1;16;2;16;3;16;4;16;5;16;6;16;7;16;8;16;9;16;10;16;11;16;12;16;13;16;14;16;15;16;16;16;17;16;17;15;16;15;16;14;16;13;16;12;16;11;16;10;16;9;16;8;16;7;15;7;14;7;13;7;13;8
1;2;13;13;1;12;1;13;1;14;1;15;1;16;2;16;3;16;4;16;5;16;6;16;7;16;8;16;9;16;10;16;11;16;12;16;13;16;14;16;15;16;16;16;17;16;17;15;16;15;16;14;16;13;16;12;16;11;16;10;16;9;16;8;16;7;15;7;14;7;13;7;13;8;13;9
1;2;13;13;1;13;1;14;1;15;1;16;2;16;3;16;4;16;5;16;6;16;7;16;8;16;9;16;10;16;11;16;12;16;13;16;14;16;15;16;16;16;17;16;17;15;16;15;16;14;16;13;16;12;16;11;16;10;16;9;16;8;16;7;15;7;14;7;13;7;13;8;13;9;13;10
1;2;13;13;1;14;1;15;1;16;2;16;3;16;4;16;5;16;6;16;7;16;8;16;9;16;10;16;11;16;12;16;13;16;14;16;15;16;16;16;17;16;17;15;16;15;16;14;16;13;16;12;16;11;16;10;16;9;16;8;16;7;15;7;14;7;13;7;13;8;13;9;13;10;13;11
1;2;13;13;1;15;1;16;2;16;3;16;4;16;5;16;6;16;7;16;8;16;9;16;10;16;11;16;12;16;13;16;14;16;15;16;16;16;17;16;17;15;16;15;16;14;16;13;16;12;16;11;16;10;16;9;16;8;16;7;15;7;14;7;13;7;13;8;13;9;13;10;13;11;13;12
1;2;11;15;1;16;1;16;2;16;3;16;4;16;5;16;6;16;7;16;8;16;9;16;10;16;11;16;12;16;13;16;14;16;15;16;16;16;17;16;17;15;16;15;16;14;16;13;16;12;16;11;16;10;16;9;16;8;16;7;15;7;14;7;13;7;13;8;13;9;13;10;13;11;13;12;13;13
1;3;11;15;1;16;2;16;3;16;4;16;5;16;6;16;7;16;8;16;9;16;10;16;11;16;12;16;13;16;14;16;15;16;16;16;17;16;17;15;16;15;16;14;16;13;16;12;16;11;16;10;16;9;16;8;16;7;15;7;14;7;13;7;13;8;13;9;13;10;13;11;13;12;13;13;12;13
1;3;11;15;2;16;3;16;4;16;5;16;6;16;7;16;8;16;9;16;10;16;11;16;12;16;13;16;14;16;15;16;16;16;17;16;17;15;16;15;16;14;16;13;16;12;16;11;16;10;16;9;16;8;16;7;15;7;14;7;13;7;13;8;13;9;13;10;13;11;13;12;13;13;12;13;11;13
1;2;11;15;3;16;4;16;5;16;6;16;7;16;8;16;9;16;10;16;11;16;12;16;13;16;14;16;15;16;16;16;17;16;17;15;16;15;16;14;16;13;16;12;16;11;16;10;16;9;16;8;16;7;15;7;14;7;13;7;13;8;13;9;13;10;13;11;13;12;13;13;12;13;11;13;11;14
1;2;2;10;4;16;4;16;5;16;6;16;7;16;8;16;9;16;10;16;11;16;12;16;13;16;14;16;15;16;16;16;17;16;17;15;16;15;16;14;16;13;16;12;16;11;16;10;16;9;16;8;16;7;15;7;14;7;13;7;13;8;13;9;13;10;13;11;13;12;13;13;12;13;11;13;11;14;11;15
1;3;2;10;4;16;5;16;6;16;7;16;8;16;9;16;10;16;11;16;12;16;13;16;14;16;15;16;16;16;17;16;17;15;16;15;16;14;16;13;16;12;16;11;16;10;16;9;16;8;16;7;15;7;14;7;13;7;13;8;13;9;13;10;13;11;13;12;13;13;12;13;11;13;11;14;11;15;10;15
1;0;2;10;5;16;6;16;7;16;8;16;9;16;10;16;11;16;12;16;13;16;14;16;15;16;16;16;17;16;17;15;16;15;16;14;16;13;16;12;16;11;16;10;16;9;16;8;16;7;15;7;14;7;13;7;13;8;13;9;13;10;13;11;13;12;13;13;12;13;11;13;11;14;11;15;10;15;10;14
1;0;2;10;6;16;7;16;8;16;9;16;10;16;11;16;12;16;13;16;14;16;15;16;16;16;17;16;17;15;16;15;16;14;16;13;16;12;16;11;16;10;16;9;16;8;16;7;15;7;14;7;13;7;13;8;13;9;13;10;13;11;13;12;13;13;12;13;11;13;11;14;11;15;10;15;10;14;10;13
1;0;2;10;7;16;8;16;9;16;10;16;11;16;12;16;13;16;14;16;15;16;16;16;17;16;17;15;16;15;16;14;16;13;16;12;16;11;16;10;16;9;16;8;16;7;15;7;14;7;13;7;13;8;13;9;13;10;13;11;13;12;13;13;12;13;11;13;11;14;11;15;10;15;10;14;10;13;10;12
1;0;2;10;8;16;9;16;10;16;11;16;12;16;13;16;14;16;15;16;16;16;17;16;17;15;16;15;16;14;16;13;16;12;16;11;16;10;16;9;16;8;16;7;15;7;14;7;13;7;13;8;13;9;13;10;13;11;13;12;13;13;12;13;11;13;11;14;11;15;10;15;10;14;10;13;10;12;10;11
1;0;2;10;9;16;10;16;11;16;12;16;13;16;14;16;15;16;16;16;17;16;17;15;16;15;16;14;16;13;16;12;16;11;16;10;16;9;16;8;16;7;15;7;14;7;13;7;13;8;13;9;13;10;13;11;13;12;13;13;12;13;11;13;11;14;11;15;10;15;10;14;10;13;10;12;10;11;10;10
1;3;2;10;10;16;11;16;12;16;13;16;14;16;15;16;16;16;17;16;17;15;16;15;16;14;16;13;16;12;16;11;16;10;16;9;16;8;16;7;15;7;14;7;13;7;13;8;13;9;13;10;13;11;13;12;13;13;12;13;11;13;11;14;11;15;10;15;10;14;10;13;10;12;10;11;10;10;9;10
1;3;2;10;11;16;12;16;13;16;14;16;15;16;16;16;17;16;17;15;16;15;16;14;16;13;16;12;16;11;16;10;16;9;16;8;16;7;15;7;14;7;13;7;13;8;13;9;13;10;13;11;13;12;13;13;12;13;11;13;11;14;11;15;10;15;10;14;10;13;10;12;10;11;10;10;9;10;8;10
1;3;2;10;12;16;13;16;14;16;15;16;16;16;17;16;17;15;16;15;16;14;16;13;16;12;16;11;16;10;16;9;16;8;16;7;15;7;14;7;13;7;13;8;13;9;13;10;13;11;13;12;13;13;12;13;11;13;11;14;11;15;10;15;10;14;10;13;10;12;10;11;10;10;9;10;8;10;7;10
1;3;2;10;13;16;14;16;15;16;16;16;17;16;17;15;16;15;16;14;16;13;16;12;16;11;16;10;16;9;16;8;16;7;15;7;14;7;13;7;13;8;13;9;13;10;13;11;13;12;13;13;12;13;11;13;11;14;11;15;10;15;10;14;10;13;10;12;10;11;10;10;9;10;8;10;7;10;6;10
1;3;2;10;14;16;15;16;16;16;17;16;17;15;16;15;16;14;16;13;16;12;16;11;16;10;16;9;16;8;16;7;15;7;14;7;13;7;13;8;13;9;13;10;13;11;13;12;13;13;12;13;11;13;11;14;11;15;10;15;10;14;10;13;10;12;10;11;10;10;9;10;8;10;7;10;6;10;5;10
1;3;2;10;15;16;16;16;17;16;17;15;16;15;16;14;16;13;16;12;16;11;16;10;16;9;16;8;16;7;15;7;14;7;13;7;13;8;13;9;13;10;13;11;13;12;13;13;12;13;11;13;11;14;11;15;10;15;10;14;10;13;10;12;10;11;10;10;9;10;8;10;7;10;6;10;5;10;4;10
1;3;2;10;16;16;17;16;17;15;16;15;16;14;16;13;16;12;16;11;16;10;16;9;16;8;16;7;15;7;14;7;13;7;13;8;13;9;13;10;13;11;13;12;13;13;12;13;11;13;11;14;11;15;10;15;10;14;10;13;10;12;10;11;10;10;9;10;8;10;7;10;6;10;5;10;4;10;3;10
1;3;5;15;17;16;17;16;17;15;16;15;16;14;16;13;16;12;16;11;16;10;16;9;16;8;16;7;15;7;14;7;13;7;13;8;13;9;13;10;13;11;13;12;13;13;12;13;11;13;11;14;11;15;10;15;10;14;10;13;10;12;10;11;10;10;9;10;8;10;7;10;6;10;5;10;4;10;3;10;2;10
1;2;5;15;17;16;17;15;16;15;16;14;16;13;16;12;16;11;16;10;16;9;16;8;16;7;15;7;14;7;13;7;13;8;13;9;13;10;13;11;13;12;13;13;12;13;11;13;11;14;11;15;10;15;10;14;10;13;10;12;10;11;10;10;9;10;8;10;7;10;6;10;5;10;4;10;3;10;2;10;2;11
1;2;5;15;17;15;16;15;16;14;16;13;16;12;16;11;16;10;16;9;16;8;16;7;15;7;14;7;13;7;13;8;13;9;13;10;13;11;13;12;13;13;12;13;11;13;11;14;11;15;10;15;10;14;10;13;10;12;10;11;10;10;9;10;8;10;7;10;6;10;5;10;4;10;3;10;2;10;2;11;2;12
1;2;5;15;16;15;16;14;16;13;16;12;16;11;16;10;16;9;16;8;16;7;15;7;14;7;13;7;13;8;13;9;13;10;13;11;13;12;13;13;12;13;11;13;11;14;11;15;10;15;10;14;10;13;10;12;10;11;10;10;9;10;8;10;7;10;6;10;5;10;4;10;3;10;2;10;2;11;2;12;2;13
1;2;5;15;16;14;16;13;16;12;16;11;16;10;16;9;16;8;16;7;15;7;14;7;13;7;13;8;13;9;13;10;13;11;13;12;13;13;12;13;11;13;11;14;11;15;10;15;10;14;10;13;10;12;10;11;10;10;9;10;8;10;7;10;6;10;5;10;4;10;3;10;2;10;2;11;2;12;2;13;2;14
1;2;5;15;16;13;16;12;16;11;16;10;16;9;16;8;16;7;15;7;14;7;13;7;13;8;13;9;13;10;13;11;13;12;13;13;12;13;11;13;11;14;11;15;10;15;10;14;10;13;10;12;10;11;10;10;9;10;8;10;7;10;6;10;5;10;4;10;3;10;2;10;2;11;2;12;2;13;2;14;2;15
1;1;5;15;16;12;16;11;16;10;16;9;16;8;16;7;15;7;14;7;13;7;13;8;13;9;13;10;13;11;13;12;13;13;12;13;11;13;11;14;11;15;10;15;10;14;10;13;10;12;10;11;10;10;9;10;8;10;7;10;6;10;5;10;4;10;3;10;2;10;2;11;2;12;2;13;2;14;2;15;3;15
1;1;5;15;16;11;16;10;16;9;16;8;16;7;15;7;14;7;13;7;13;8;13;9;13;10;13;11;13;12;13;13;12;13;11;13;11;14;11;15;10;15;10;14;10;13;10;12;10;11;10;10;9;10;8;10;7;10;6;10;5;10;4;10;3;10;2;10;2;11;2;12;2;13;2;14;2;15;3;15;4;15
1;1;8;0;16;10;16;10;16;9;16;8;16;7;15;7;14;7;13;7;13;8;13;9;13;10;13;11;13;12;13;13;12;13;11;13;11;14;11;15;10;15;10;14;10;13;10;12;10;11;10;10;9;10;8;10;7;10;6;10;5;10;4;10;3;10;2;10;2;11;2;12;2;13;2;14;2;15;3;15;4;15;5;15
1;1;8;0;16;10;16;9;16;8;16;7;15;7;14;7;13;7;13;8;13;9;13;10;13;11;13;12;13;13;12;13;11;13;11;14;11;15;10;15;10;14;10;13;10;12;10;11;10;10;9;10;8;10;7;10;6;10;5;10;4;10;3;10;2;10;2;11;2;12;2;13;2;14;2;15;3;15;4;15;5;15;6;15
1;1;8;0;16;9;16;8;16;7;15;7;14;7;13;7;13;8;13;9;13;10;13;11;13;12;13;13;12;13;11;13;11;14;11;15;10;15;10;14;10;13;10;12;10;11;10;10;9;10;8;10;7;10;6;10;5;10;4;10;3;10;2;10;2;11;2;12;2;13;2;14;2;15;3;15;4;15;5;15;6;15;7;15
1;1;8;0;16;8;16;7;15;7;14;7;13;7;13;8;13;9;13;10;13;11;13;12;13;13;12;13;11;13;11;14;11;15;10;15;10;14;10;13;10;12;10;11;10;10;9;10;8;10;7;10;6;10;5;10;4;10;3;10;2;10;2;11;2;12;2;13;2;14;2;15;3;15;4;15;5;15;6;15;7;15;8;15
1;2;8;0;16;7;15;7;14;7;13;7;13;8;13;9;13;10;13;11;13;12;13;13;12;13;11;13;11;14;11;15;10;15;10;14;10;13;10;12;10;11;10;10;9;10;8;10;7;10;6;10;5;10;4;10;3;10;2;10;2;11;2;12;2;13;2;14;2;15;3;15;4;15;5;15;6;15;7;15;8;15;8;16
1;3;8;0;15;7;14;7;13;7;13;8;13;9;13;10;13;11;13;12;13;13;12;13;11;13;11;14;11;15;10;15;10;14;10;13;10;12;10;11;10;10;9;10;8;10;7;10;6;10;5;10;4;10;3;10;2;10;2;11;2;12;2;13;2;14;2;15;3;15;4;15;5;15;6;15;7;15;8;15;8;16;7;16
1;3;8;0;14;7;13;7;13;8;13;9;13;10;13;11;13;12;13;13;12;13;11;13;11;14;11;15;10;15;10;14;10;13;10;12;10;11;10;10;9;10;8;10;7;10;6;10;5;10;4;10;3;10;2;10;2;11;2;12;2;13;2;14;2;15;3;15;4;15;5;15;6;15;7;15;8;15;8;16;7;16;6;16
1;3;8;0;13;7;13;8;13;9;13;10;13;11;13;12;13;13;12;13;11;13;11;14;11;15;10;15;10;14;10;13;10;12;10;11;10;10;9;10;8;10;7;10;6;10;5;10;4;10;3;10;2;10;2;11;2;12;2;13;2;14;2;15;3;15;4;15;5;15;6;15;7;15;8;15;8;16;7;16;6;16;5;16
1;3;8;0;13;8;13;9;13;10;13;11;13;12;13;13;12;13;11;13;11;14;11;15;10;15;10;14;10;13;10;12;10;11;10;10;9;10;8;10;7;10;6;10;5;10;4;10;3;10;2;10;2;11;2;12;2;13;2;14;2;15;3;15;4;15;5;15;6;15;7;15;8;15;8;16;7;16;6;16;5;16;4;16
1;3;8;0;13;9;13;10;13;11;13;12;13;13;12;13;11;13;11;14;11;15;10;15;10;14;10;13;10;12;10;11;10;10;9;10;8;10;7;10;6;10;5;10;4;10;3;10;2;10;2;11;2;12;2;13;2;14;2;15;3;15;4;15;5;15;6;15;7;15;8;15;8;16;7;16;6;16;5;16;4;16;3;16
1;3;8;0;13;10;13;11;13;12;13;13;12;13;11;13;11;14;11;15;10;15;10;14;10;13;10;12;10;11;10;10;9;10;8;10;7;10;6;10;5;10;4;10;3;10;2;10;2;11;2;12;2;13;2;14;2;15;3;15;4;15;5;15;6;15;7;15;8;15;8;16;7;16;6;16;5;16;4;16;3;16;2;16
1;3;8;0;13;11;13;12;13;13;12;13;11;13;11;14;11;15;10;15;10;14;10;13;10;12;10;11;10;10;9;10;8;10;7;10;6;10;5;10;4;10;3;10;2;10;2;11;2;12;2;13;2;14;2;15;3;15;4;15;5;15;6;15;7;15;8;15;8;16;7;16;6;16;5;16;4;16;3;16;2;16;1;16
1;0;8;0;13;12;13;13;12;13;11;13;11;14;11;15;10;15;10;14;10;13;10;12;10;11;10;10;9;10;8;10;7;10;6;10;5;10;4;10;3;10;2;10;2;11;2;12;2;13;2;14;2;15;3;15;4;15;5;15;6;15;7;15;8;15;8;16;7;16;6;16;5;16;4;16;3;16;2;16;1;16;1;15
1;0;8;0;13;13;12;13;11;13;11;14;11;15;10;15;10;14;10;13;10;12;10;11;10;10;9;10;8;10;7;10;6;10;5;10;4;10;3;10;2;10;2;11;2;12;2;13;2;14;2;15;3;15;4;15;5;15;6;15;7;15;8;15;8;16;7;16;6;16;5;16;4;16;3;16;2;16;1;16;1;15;1;14
1;0;8;0;12;13;11;13;11;14;11;15;10;15;10;14;10;13;10;12;10;11;10;10;9;10;8;10;7;10;6;10;5;10;4;10;3;10;2;10;2;11;2;12;2;13;2;14;2;15;3;15;4;15;5;15;6;15;7;15;8;15;8;16;7;16;6;16;5;16;4;16;3;16;2;16;1;16;1;15;1;14;1;13
1;0;8;0;11;13;11;14;11;15;10;15;10;14;10;13;10;12;10;11;10;10;9;10;8;10;7;10;6;10;5;10;4;10;3;10;2;10;2;11;2;12;2;13;2;14;2;15;3;15;4;15;5;15;6;15;7;15;8;15;8;16;7;16;6;16;5;16;4;16;3;16;2;16;1;16;1;15;1;14;1;13;1;12
1;0;8;0;11;14;11;15;10;15;10;14;10;13;10;12;10;11;10;10;9;10;8;10;7;10;6;10;5;10;4;10;3;10;2;10;2;11;2;12;2;13;2;14;2;15;3;15;4;15;5;15;6;15;7;15;8;15;8;16;7;16;6;16;5;16;4;16;3;16;2;16;1;16;1;15;1;14;1;13;1;12;1;11
1;0;8;0;11;15;10;15;10;14;10;13;10;12;10;11;10;10;9;10;8;10;7;10;6;10;5;10;4;10;3;10;2;10;2;11;2;12;2;13;2;14;2;15;3;15;4;15;5;15;6;15;7;15;8;15;8;16;7;16;6;16;5;16;4;16;3;16;2;16;1;16;1;15;1;14;1;13;1;12;1;11;1;10
1;0;8;0;10;15;10;14;10;13;10;12;10;11;10;10;9;10;8;10;7;10;6;10;5;10;4;10;3;10;2;10;2;11;2;12;2;13;2;14;2;15;3;15;4;15;5;15;6;15;7;15;8;15;8;16;7;16;6;16;5;16;4;16;3;16;2;16;1;16;1;15;1;14;1;13;1;12;1;11;1;10;1;9
1;1;8;0;10;14;10;13;10;12;10;11;10;10;9;10;8;10;7;10;6;10;5;10;4;10;3;10;2;10;2;11;2;12;2;13;2;14;2;15;3;15;4;15;5;15;6;15;7;15;8;15;8;16;7;16;6;16;5;16;4;16;3;16;2;16;1;16;1;15;1;14;1;13;1;12;1;11;1;10;1;9;2;9
1;1;8;0;10;13;10;12;10;11;10;10;9;10;8;10;7;10;6;10;5;10;4;10;3;10;2;10;2;11;2;12;2;13;2;14;2;15;3;15;4;15;5;15;6;15;7;15;8;15;8;16;7;16;6;16;5;16;4;16;3;16;2;16;1;16;1;15;1;14;1;13;1;12;1;11;1;10;1;9;2;9;3;9
1;1;8;0;10;12;10;11;10;10;9;10;8;10;7;10;6;10;5;10;4;10;3;10;2;10;2;11;2;12;2;13;2;14;2;15;3;15;4;15;5;15;6;15;7;15;8;15;8;16;7;16;6;16;5;16;4;16;3;16;2;16;1;16;1;15;1;14;1;13;1;12;1;11;1;10;1;9;2;9;3;9;4;9
1;1;8;0;10;11;10;10;9;10;8;10;7;10;6;10;5;10;4;10;3;10;2;10;2;11;2;12;2;13;2;14;2;15;3;15;4;15;5;15;6;15;7;15;8;15;8;16;7;16;6;16;5;16;4;16;3;16;2;16;1;16;1;15;1;14;1;13;1;12;1;11;1;10;1;9;2;9;3;9;4;9;5;9
1;1;8;0;10;10;9;10;8;10;7;10;6;10;5;10;4;10;3;10;2;10;2;11;2;12;2;13;2;14;2;15;3;15;4;15;5;15;6;15;7;15;8;15;8;16;7;16;6;16;5;16;4;16;3;16;2;16;1;16;1;15;1;14;1;13;1;12;1;11;1;10;1;9;2;9;3;9;4;9;5;9;6;9
1;1;8;0;9;10;8;10;7;10;6;10;5;10;4;10;3;10;2;10;2;11;2;12;2;13;2;14;2;15;3;15;4;15;5;15;6;15;7;15;8;15;8;16;7;16;6;16;5;16;4;16;3;16;2;16;1;16;1;15;1;14;1;13;1;12;1;11;1;10;1;9;2;9;3;9;4;9;5;9;6;9;7;9
1;1;8;0;8;10;7;10;6;10;5;10;4;10;3;10;2;10;2;11;2;12;2;13;2;14;2;15;3;15;4;15;5;15;6;15;7;15;8;15;8;16;7;16;6;16;5;16;4;16;3;16;2;16;1;16;1;15;1;14;1;13;1;12;1;11;1;10;1;9;2;9;3;9;4;9;5;9;6;9;7;9;8;9
1;0;8;0;7;10;6;10;5;10;4;10;3;10;2;10;2;11;2;12;2;13;2;14;2;15;3;15;4;15;5;15;6;15;7;15;8;15;8;16;7;16;6;16;5;16;4;16;3;16;2;16;1;16;1;15;1;14;1;13;1;12;1;11;1;10;1;9;2;9;3;9;4;9;5;9;6;9;7;9;8;9;8;8
1;0;8;0;6;10;5;10;4;10;3;10;2;10;2;11;2;12;2;13;2;14;2;15;3;15;4;15;5;15;6;15;7;15;8;15;8;16;7;16;6;16;5;16;4;16;3;16;2;16;1;16;1;15;1;14;1;13;1;12;1;11;1;10;1;9;2;9;3;9;4;9;5;9;6;9;7;9;8;9;8;8;8;7
1;0;8;0;5;10;4;10;3;10;2;10;2;11;2;12;2;13;2;14;2;15;3;15;4;15;5;15;6;15;7;15;8;15;8;16;7;16;6;16;5;16;4;16;3;16;2;16;1;16;1;15;1;14;1;13;1;12;1;11;1;10;1;9;2;9;3;9;4;9;5;9;6;9;7;9;8;9;8;8;8;7;8;6
1;0;8;0;4;10;3;10;2;10;2;11;2;12;2;13;2;14;2;15;3;15;4;15;5;15;6;15;7;15;8;15;8;16;7;16;6;16;5;16;4;16;3;16;2;16;1;16;1;15;1;14;1;13;1;12;1;11;1;10;1;9;2;9;3;9;4;9;5;9;6;9;7;9;8;9;8;8;8;7;8;6;8;5
1;0;8;0;3;10;2;10;2;11;2;12;2;13;2;14;2;15;3;15;4;15;5;15;6;15;7;15;8;15;8;16;7;16;6;16;5;16;4;16;3;16;2;16;1;16;1;15;1;14;1;13;1;12;1;11;1;10;1;9;2;9;3;9;4;9;5;9;6;9;7;9;8;9;8;8;8;7;8;6;8;5;8;4
1;0;8;0;2;10;2;11;2;12;2;13;2;14;2;15;3;15;4;15;5;15;6;15;7;15;8;15;8;16;7;16;6;16;5;16;4;16;3;16;2;16;1;16;1;15;1;14;1;13;1;12;1;11;1;10;1;9;2;9;3;9;4;9;5;9;6;9;7;9;8;9;8;8;8;7;8;6;8;5;8;4;8;3
1;0;8;0;2;11;2;12;2;13;2;14;2;15;3;15;4;15;5;15;6;15;7;15;8;15;8;16;7;16;6;16;5;16;4;16;3;16;2;16;1;16;1;15;1;14;1;13;1;12;1;11;1;10;1;9;2;9;3;9;4;9;5;9;6;9;7;9;8;9;8;8;8;7;8;6;8;5;8;4;8;3;8;2
1;0;8;0;2;12;2;13;2;14;2;15;3;15;4;15;5;15;6;15;7;15;8;15;8;16;7;16;6;16;5;16;4;16;3;16;2;16;1;16;1;15;1;14;1;13;1;12;1;11;1;10;1;9;2;9;3;9;4;9;5;9;6;9;7;9;8;9;8;8;8;7;8;6;8;5;8;4;8;3;8;2;8;1
1;0;18;13;2;13;2;13;2;14;2;15;3;15;4;15;5;15;6;15;7;15;8;15;8;16;7;16;6;16;5;16;4;16;3;16;2;16;1;16;1;15;1;14;1;13;1;12;1;11;1;10;1;9;2;9;3;9;4;9;5;9;6;9;7;9;8;9;8;8;8;7;8;6;8;5;8;4;8;3;8;2;8;1;8;0
1;1;18;13;2;13;2;14;2;15;3;15;4;15;5;15;6;15;7;15;8;15;8;16;7;16;6;16;5;16;4;16;3;16;2;16;1;16;1;15;1;14;1;13;1;12;1;11;1;10;1;9;2;9;3;9;4;9;5;9;6;9;7;9;8;9;8;8;8;7;8;6;8;5;8;4;8;3;8;2;8;1;8;0;9;0
1;2;18;13;2;14;2;15;3;15;4;15;5;15;6;15;7;15;8;15;8;16;7;16;6;16;5;16;4;16;3;16;2;16;1;16;1;15;1;14;1;13;1;12;1;11;1;10;1;9;2;9;3;9;4;9;5;9;6;9;7;9;8;9;8;8;8;7;8;6;8;5;8;4;8;3;8;2;8;1;8;0;9;0;9;1
1;2;18;13;2;15;3;15;4;15;5;15;6;15;7;15;8;15;8;16;7;16;6;16;5;16;4;16;3;16;2;16;1;16;1;15;1;14;1;13;1;12;1;11;1;10;1;9;2;9;3;9;4;9;5;9;6;9;7;9;8;9;8;8;8;7;8;6;8;5;8;4;8;3;8;2;8;1;8;0;9;0;9;1;9;2
1;2;18;13;3;15;4;15;5;15;6;15;7;15;8;15;8;16;7;16;6;16;5;16;4;16;3;16;2;16;1;16;1;15;1;14;1;13;1;12;1;11;1;10;1;9;2;9;3;9;4;9;5;9;6;9;7;9;8;9;8;8;8;7;8;6;8;5;8;4;8;3;8;2;8;1;8;0;9;0;9;1;9;2;9;3
1;2;18;13;4;15;5;15;6;15;7;15;8;15;8;16;7;16;6;16;5;16;4;16;3;16;2;16;1;16;1;15;1;14;1;13;1;12;1;11;1;10;1;9;2;9;3;9;4;9;5;9;6;9;7;9;8;9;8;8;8;7;8;6;8;5;8;4;8;3;8;2;8;1;8;0;9;0;9;1;9;2;9;3;9;4
1;2;18;13;5;15;6;15;7;15;8;15;8;16;7;16;6;16;5;16;4;16;3;16;2;16;1;16;1;15;1;14;1;13;1;12;1;11;1;10;1;9;2;9;3;9;4;9;5;9;6;9;7;9;8;9;8;8;8;7;8;6;8;5;8;4;8;3;8;2;8;1;8;0;9;0;9;1;9;2;9;3;9;4;9;5
1;2;18;13;6;15;7;15;8;15;8;16;7;16;6;16;5;16;4;16;3;16;2;16;1;16;1;15;1;14;1;13;1;12;1;11;1;10;1;9;2;9;3;9;4;9;5;9;6;9;7;9;8;9;8;8;8;7;8;6;8;5;8;4;8;3;8;2;8;1;8;0;9;0;9;1;9;2;9;3;9;4;9;5;9;6
1;2;18;13;7;15;8;15;8;16;7;16;6;16;5;16;4;16;3;16;2;16;1;16;1;15;1;14;1;13;1;12;1;11;1;10;1;9;2;9;3;9;4;9;5;9;6;9;7;9;8;9;8;8;8;7;8;6;8;5;8;4;8;3;8;2;8;1;8;0;9;0;9;1;9;2;9;3;9;4;9;5;9;6;9;7
1;2;18;13;8;15;8;16;7;16;6;16;5;16;4;16;3;16;2;16;1;16;1;15;1;14;1;13;1;12;1;11;1;10;1;9;2;9;3;9;4;9;5;9;6;9;7;9;8;9;8;8;8;7;8;6;8;5;8;4;8;3;8;2;8;1;8;0;9;0;9;1;9;2;9;3;9;4;9;5;9;6;9;7;9;8
1;2;18;13;8;16;7;16;6;16;5;16;4;16;3;16;2;16;1;16;1;15;1;14;1;13;1;12;1;11;1;10;1;9;2;9;3;9;4;9;5;9;6;9;7;9;8;9;8;8;8;7;8;6;8;5;8;4;8;3;8;2;8;1;8;0;9;0;9;1;9;2;9;3;9;4;9;5;9;6;9;7;9;8;9;9
1;2;18;13;7;16;6;16;5;16;4;16;3;16;2;16;1;16;1;15;1;14;1;13;1;12;1;11;1;10;1;9;2;9;3;9;4;9;5;9;6;9;7;9;8;9;8;8;8;7;8;6;8;5;8;4;8;3;8;2;8;1;8;0;9;0;9;1;9;2;9;3;9;4;9;5;9;6;9;7;9;8;9;9;9;10
1;2;18;13;6;16;5;16;4;16;3;16;2;16;1;16;1;15;1;14;1;13;1;12;1;11;1;10;1;9;2;9;3;9;4;9;5;9;6;9;7;9;8;9;8;8;8;7;8;6;8;5;8;4;8;3;8;2;8;1;8;0;9;0;9;1;9;2;9;3;9;4;9;5;9;6;9;7;9;8;9;9;9;10;9;11
1;2;18;13;5;16;4;16;3;16;2;16;1;16;1;15;1;14;1;13;1;12;1;11;1;10;1;9;2;9;3;9;4;9;5;9;6;9;7;9;8;9;8;8;8;7;8;6;8;5;8;4;8;3;8;2;8;1;8;0;9;0;9;1;9;2;9;3;9;4;9;5;9;6;9;7;9;8;9;9;9;10;9;11;9;12
1;2;18;13;4;16;3;16;2;16;1;16;1;15;1;14;1;13;1;12;1;11;1;10;1;9;2;9;3;9;4;9;5;9;6;9;7;9;8;9;8;8;8;7;8;6;8;5;8;4;8;3;8;2;8;1;8;0;9;0;9;1;9;2;9;3;9;4;9;5;9;6;9;7;9;8;9;9;9;10;9;11;9;12;9;13
1;1;18;13;3;16;2;16;1;16;1;15;1;14;1;13;1;12;1;11;1;10;1;9;2;9;3;9;4;9;5;9;6;9;7;9;8;9;8;8;8;7;8;6;8;5;8;4;8;3;8;2;8;1;8;0;9;0;9;1;9;2;9;3;9;4;9;5;9;6;9;7;9;8;9;9;9;10;9;11;9;12;9;13;10;13
1;1;18;13;2;16;1;16;1;15;1;14;1;13;1;12;1;11;1;10;1;9;2;9;3;9;4;9;5;9;6;9;7;9;8;9;8;8;8;7;8;6;8;5;8;4;8;3;8;2;8;1;8;0;9;0;9;1;9;2;9;3;9;4;9;5;9;6;9;7;9;8;9;9;9;10;9;11;9;12;9;13;10;13;11;13
1;1;18;13;1;16;1;15;1;14;1;13;1;12;1;11;1;10;1;9;2;9;3;9;4;9;5;9;6;9;7;9;8;9;8;8;8;7;8;6;8;5;8;4;8;3;8;2;8;1;8;0;9;0;9;1;9;2;9;3;9;4;9;5;9;6;9;7;9;8;9;9;9;10;9;11;9;12;9;13;10;13;11;13;12;13
1;1;18;13;1;15;1;14;1;13;1;12;1;11;1;10;1;9;2;9;3;9;4;9;5;9;6;9;7;9;8;9;8;8;8;7;8;6;8;5;8;4;8;3;8;2;8;1;8;0;9;0;9;1;9;2;9;3;9;4;9;5;9;6;9;7;9;8;9;9;9;10;9;11;9;12;9;13;10;13;11;13;12;13;13;13
1;1;18;13;1;14;1;13;1;12;1;11;1;10;1;9;2;9;3;9;4;9;5;9;6;9;7;9;8;9;8;8;8;7;8;6;8;5;8;4;8;3;8;2;8;1;8;0;9;0;9;1;9;2;9;3;9;4;9;5;9;6;9;7;9;8;9;9;9;10;9;11;9;12;9;13;10;13;11;13;12;13;13;13;14;13
1;1;18;13;1;13;1;12;1;11;1;10;1;9;2;9;3;9;4;9;5;9;6;9;7;9;8;9;8;8;8;7;8;6;8;5;8;4;8;3;8;2;8;1;8;0;9;0;9;1;9;2;9;3;9;4;9;5;9;6;9;7;9;8;9;9;9;10;9;11;9;12;9;13;10;13;11;13;12;13;13;13;14;13;15;13
1;1;18;13;1;12;1;11;1;10;1;9;2;9;3;9;4;9;5;9;6;9;7;9;8;9;8;8;8;7;8;6;8;5;8;4;8;3;8;2;8;1;8;0;9;0;9;1;9;2;9;3;9;4;9;5;9;6;9;7;9;8;9;9;9;10;9;11;9;12;9;13;10;13;11;13;12;13;13;13;14;13;15;13;16;13
1;1;18;13;1;11;1;10;1;9;2;9;3;9;4;9;5;9;6;9;7;9;8;9;8;8;8;7;8;6;8;5;8;4;8;3;8;2;8;1;8;0;9;0;9;1;9;2;9;3;9;4;9;5;9;6;9;7;9;8;9;9;9;10;9;11;9;12;9;13;10;13;11;13;12;13;13;13;14;13;15;13;16;13;17;13
1;1;2;10;1;10;1;10;1;9;2;9;3;9;4;9;5;9;6;9;7;9;8;9;8;8;8;7;8;6;8;5;8;4;8;3;8;2;8;1;8;0;9;0;9;1;9;2;9;3;9;4;9;5;9;6;9;7;9;8;9;9;9;10;9;11;9;12;9;13;10;13;11;13;12;13;13;13;14;13;15;13;16;13;17;13;18;13
1;2;2;10;1;10;1;9;2;9;3;9;4;9;5;9;6;9;7;9;8;9;8;8;8;7;8;6;8;5;8;4;8;3;8;2;8;1;8;0;9;0;9;1;9;2;9;3;9;4;9;5;9;6;9;7;9;8;9;9;9;10;9;11;9;12;9;13;10;13;11;13;12;13;13;13;14;13;15;13;16;13;17;13;18;13;18;14
1;3;2;10;1;9;2;9;3;9;4;9;5;9;6;9;7;9;8;9;8;8;8;7;8;6;8;5;8;4;8;3;8;2;8;1;8;0;9;0;9;1;9;2;9;3;9;4;9;5;9;6;9;7;9;8;9;9;9;10;9;11;9;12;9;13;10;13;11;13;12;13;13;13;14;13;15;13;16;13;17;13;18;13;18;14;17;14
1;3;2;10;2;9;3;9;4;9;5;9;6;9;7;9;8;9;8;8;8;7;8;6;8;5;8;4;8;3;8;2;8;1;8;0;9;0;9;1;9;2;9;3;9;4;9;5;9;6;9;7;9;8;9;9;9;10;9;11;9;12;9;13;10;13;11;13;12;13;13;13;14;13;15;13;16;13;17;13;18;13;18;14;17;14;16;14
1;3;2;10;3;9;4;9;5;9;6;9;7;9;8;9;8;8;8;7;8;6;8;5;8;4;8;3;8;2;8;1;8;0;9;0;9;1;9;2;9;3;9;4;9;5;9;6;9;7;9;8;9;9;9;10;9;11;9;12;9;13;10;13;11;13;12;13;13;13;14;13;15;13;16;13;17;13;18;13;18;14;17;14;16;14;15;14
1;3;2;10;4;9;5;9;6;9;7;9;8;9;8;8;8;7;8;6;8;5;8;4;8;3;8;2;8;1;8;0;9;0;9;1;9;2;9;3;9;4;9;5;9;6;9;7;9;8;9;9;9;10;9;11;9;12;9;13;10;13;11;13;12;13;13;13;14;13;15;13;16;13;17;13;18;13;18;14;17;14;16;14;15;14;14;14
1;3;2;10;5;9;6;9;7;9;8;9;8;8;8;7;8;6;8;5;8;4;8;3;8;2;8;1;8;0;9;0;9;1;9;2;9;3;9;4;9;5;9;6;9;7;9;8;9;9;9;10;9;11;9;12;9;13;10;13;11;13;12;13;13;13;14;13;15;13;16;13;17;13;18;13;18;14;17;14;16;14;15;14;14;14;13;14
1;3;2;10;6;9;7;9;8;9;8;8;8;7;8;6;8;5;8;4;8;3;8;2;8;1;8;0;9;0;9;1;9;2;9;3;9;4;9;5;9;6;9;7;9;8;9;9;9;10;9;11;9;12;9;13;10;13;11;13;12;13;13;13;14;13;15;13;16;13;17;13;18;13;18;14;17;14;16;14;15;14;14;14;13;14;12;14
1;3;2;10;7;9;8;9;8;8;8;7;8;6;8;5;8;4;8;3;8;2;8;1;8;0;9;0;9;1;9;2;9;3;9;4;9;5;9;6;9;7;9;8;9;9;9;10;9;11;9;12;9;13;10;13;11;13;12;13;13;13;14;13;15;13;16;13;17;13;18;13;18;14;17;14;16;14;15;14;14;14;13;14;12;14;11;14
1;3;2;10;8;9;8;8;8;7;8;6;8;5;8;4;8;3;8;2;8;1;8;0;9;0;9;1;9;2;9;3;9;4;9;5;9;6;9;7;9;8;9;9;9;10;9;11;9;12;9;13;10;13;11;13;12;13;13;13;14;13;15;13;16;13;17;13;18;13;18;14;17;14;16;14;15;14;14;14;13;14;12;14;11;14;10;14
1;3;2;10;8;8;8;7;8;6;8;5;8;4;8;3;8;2;8;1;8;0;9;0;9;1;9;2;9;3;9;4;9;5;9;6;9;7;9;8;9;9;9;10;9;11;9;12;9;13;10;13;11;13;12;13;13;13;14;13;15;13;16;13;17;13;18;13;18;14;17;14;16;14;15;14;14;14;13;14;12;14;11;14;10;14;9;14
1;3;2;10;8;7;8;6;8;5;8;4;8;3;8;2;8;1;8;0;9;0;9;1;9;2;9;3;9;4;9;5;9;6;9;7;9;8;9;9;9;10;9;11;9;12;9;13;10;13;11;13;12;13;13;13;14;13;15;13;16;13;17;13;18;13;18;14;17;14;16;14;15;14;14;14;13;14;12;14;11;14;10;14;9;14;8;14
1;0;2;10;8;6;8;5;8;4;8;3;8;2;8;1;8;0;9;0;9;1;9;2;9;3;9;4;9;5;9;6;9;7;9;8;9;9;9;10;9;11;9;12;9;13;10;13;11;13;12;13;13;13;14;13;15;13;16;13;17;13;18;13;18;14;17;14;16;14;15;14;14;14;13;14;12;14;11;14;10;14;9;14;8;14;8;13
1;0;2;10;8;5;8;4;8;3;8;2;8;1;8;0;9;0;9;1;9;2;9;3;9;4;9;5;9;6;9;7;9;8;9;9;9;10;9;11;9;12;9;13;10;13;11;13;12;13;13;13;14;13;15;13;16;13;17;13;18;13;18;14;17;14;16;14;15;14;14;14;13;14;12;14;11;14;10;14;9;14;8;14;8;13;8;12
1;0;2;10;8;4;8;3;8;2;8;1;8;0;9;0;9;1;9;2;9;3;9;4;9;5;9;6;9;7;9;8;9;9;9;10;9;11;9;12;9;13;10;13;11;13;12;13;13;13;14;13;15;13;16;13;17;13;18;13;18;14;17;14;16;14;15;14;14;14;13;14;12;14;11;14;10;14;9;14;8;14;8;13;8;12;8;11
1;0;2;10;8;3;8;2;8;1;8;0;9;0;9;1;9;2;9;3;9;4;9;5;9;6;9;7;9;8;9;9;9;10;9;11;9;12;9;13;10;13;11;13;12;13;13;13;14;13;15;13;16;13;17;13;18;13;18;14;17;14;16;14;15;14;14;14;13;14;12;14;11;14;10;14;9;14;8;14;8;13;8;12;8;11;8;10
1;3;2;10;8;2;8;1;8;0;9;0;9;1;9;2;9;3;9;4;9;5;9;6;9;7;9;8;9;9;9;10;9;11;9;12;9;13;10;13;11;13;12;13;13;13;14;13;15;13;16;13;17;13;18;13;18;14;17;14;16;14;15;14;14;14;13;14;12;14;11;14;10;14;9;14;8;14;8;13;8;12;8;11;8;10;7;10
1;3;2;10;8;1;8;0;9;0;9;1;9;2;9;3;9;4;9;5;9;6;9;7;9;8;9;9;9;10;9;11;9;12;9;13;10;13;11;13;12;13;13;13;14;13;15;13;16;13;17;13;18;13;18;14;17;14;16;14;15;14;14;14;13;14;12;14;11;14;10;14;9;14;8;14;8;13;8;12;8;11;8;10;7;10;6;10
1;3;2;10;8;0;9;0;9;1;9;2;9;3;9;4;9;5;9;6;9;7;9;8;9;9;9;10;9;11;9;12;9;13;10;13;11;13;12;13;13;13;14;13;15;13;16;13;17;13;18;13;18;14;17;14;16;14;15;14;14;14;13;14;12;14;11;14;10;14;9;14;8;14;8;13;8;12;8;11;8;10;7;10;6;10;5;10
1;3;2;10;9;0;9;1;9;2;9;3;9;4;9;5;9;6;9;7;9;8;9;9;9;10;9;11;9;12;9;13;10;13;11;13;12;13;13;13;14;13;15;13;16;13;17;13;18;13;18;14;17;14;16;14;15;14;14;14;13;14;12;14;11;14;10;14;9;14;8;14;8;13;8;12;8;11;8;10;7;10;6;10;5;10;4;10
1;3;2;10;9;1;9;2;9;3;9;4;9;5;9;6;9;7;9;8;9;9;9;10;9;11;9;12;9;13;10;13;11;13;12;13;13;13;14;13;15;13;16;13;17;13;18;13;18;14;17;14;16;14;15;14;14;14;13;14;12;14;11;14;10;14;9;14;8;14;8;13;8;12;8;11;8;10;7;10;6;10;5;10;4;10;3;10
1;3;16;6;9;2;9;2;9;3;9;4;9;5;9;6;9;7;9;8;9;9;9;10;9;11;9;12;9;13;10;13;11;13;12;13;13;13;14;13;15;13;16;13;17;13;18;13;18;14;17;14;16;14;15;14;14;14;13;14;12;14;11;14;10;14;9;14;8;14;8;13;8;12;8;11;8;10;7;10;6;10;5;10;4;10;3;10;2;10
1;0;16;6;9;2;9;3;9;4;9;5;9;6;9;7;9;8;9;9;9;10;9;11;9;12;9;13;10;13;11;13;12;13;13;13;14;13;15;13;16;13;17;13;18;13;18;14;17;14;16;14;15;14;14;14;13;14;12;14;11;14;10;14;9;14;8;14;8;13;8;12;8;11;8;10;7;10;6;10;5;10;4;10;3;10;2;10;2;9
1;1;16;6;9;3;9;4;9;5;9;6;9;7;9;8;9;9;9;10;9;11;9;12;9;13;10;13;11;13;12;13;13;13;14;13;15;13;16;13;17;13;18;13;18;14;17;14;16;14;15;14;14;14;13;14;12;14;11;14;10;14;9;14;8;14;8;13;8;12;8;11;8;10;7;10;6;10;5;10;4;10;3;10;2;10;2;9;3;9
1;1;16;6;9;4;9;5;9;6;9;7;9;8;9;9;9;10;9;11;9;12;9;13;10;13;11;13;12;13;13;13;14;13;15;13;16;13;17;13;18;13;18;14;17;14;16;14;15;14;14;14;13;14;12;14;11;14;10;14;9;14;8;14;8;13;8;12;8;11;8;10;7;10;6;10;5;10;4;10;3;10;2;10;2;9;3;9;4;9
1;1;16;6;9;5;9;6;9;7;9;8;9;9;9;10;9;11;9;12;9;13;10;13;11;13;12;13;13;13;14;13;15;13;16;13;17;13;18;13;18;14;17;14;16;14;15;14;14;14;13;14;12;14;11;14;10;14;9;14;8;14;8;13;8;12;8;11;8;10;7;10;6;10;5;10;4;10;3;10;2;10;2;9;3;9;4;9;5;9
1;0;16;6;9;6;9;7;9;8;9;9;9;10;9;11;9;12;9;13;10;13;11;13;12;13;13;13;14;13;15;13;16;13;17;13;18;13;18;14;17;14;16;14;15;14;14;14;13;14;12;14;11;14;10;14;9;14;8;14;8;13;8;12;8;11;8;10;7;10;6;10;5;10;4;10;3;10;2;10;2;9;3;9;4;9;5;9;5;8
1;0;16;6;9;7;9;8;9;9;9;10;9;11;9;12;9;13;10;13;11;13;12;13;13;13;14;13;15;13;16;13;17;13;18;13;18;14;17;14;16;14;15;14;14;14;13;14;12;14;11;14;10;14;9;14;8;14;8;13;8;12;8;11;8;10;7;10;6;10;5;10;4;10;3;10;2;10;2;9;3;9;4;9;5;9;5;8;5;7
1;0;16;6;9;8;9;9;9;10;9;11;9;12;9;13;10;13;11;13;12;13;13;13;14;13;15;13;16;13;17;13;18;13;18;14;17;14;16;14;15;14;14;14;13;14;12;14;11;14;10;14;9;14;8;14;8;13;8;12;8;11;8;10;7;10;6;10;5;10;4;10;3;10;2;10;2;9;3;9;4;9;5;9;5;8;5;7;5;6
1;1;16;6;9;9;9;10;9;11;9;12;9;13;10;13;11;13;12;13;13;13;14;13;15;13;16;13;17;13;18;13;18;14;17;14;16;14;15;14;14;14;13;14;12;14;11;14;10;14;9;14;8;14;8;13;8;12;8;11;8;10;7;10;6;10;5;10;4;10;3;10;2;10;2;9;3;9;4;9;5;9;5;8;5;7;5;6;6;6
1;1;16;6;9;10;9;11;9;12;9;13;10;13;11;13;12;13;13;13;14;13;15;13;16;13;17;13;18;13;18;14;17;14;16;14;15;14;14;14;13;14;12;14;11;14;10;14;9;14;8;14;8;13;8;12;8;11;8;10;7;10;6;10;5;10;4;10;3;10;2;10;2;9;3;9;4;9;5;9;5;8;5;7;5;6;6;6;7;6
1;1;16;6;9;11;9;12;9;13;10;13;11;13;12;13;13;13;14;13;15;13;16;13;17;13;18;13;18;14;17;14;16;14;15;14;14;14;13;14;12;14;11;14;10;14;9;14;8;14;8;13;8;12;8;11;8;10;7;10;6;10;5;10;4;10;3;10;2;10;2;9;3;9;4;9;5;9;5;8;5;7;5;6;6;6;7;6;8;6
1;1;16;6;9;12;9;13;10;13;11;13;12;13;13;13;14;13;15;13;16;13;17;13;18;13;18;14;17;14;16;14;15;14;14;14;13;14;12;14;11;14;10;14;9;14;8;14;8;13;8;12;8;11;8;10;7;10;6;10;5;10;4;10;3;10;2;10;2;9;3;9;4;9;5;9;5;8;5;7;5;6;6;6;7;6;8;6;9;6
1;1;16;6;9;13;10;13;11;13;12;13;13;13;14;13;15;13;16;13;17;13;18;13;18;14;17;14;16;14;15;14;14;14;13;14;12;14;11;14;10;14;9;14;8;14;8;13;8;12;8;11;8;10;7;10;6;10;5;10;4;10;3;10;2;10;2;9;3;9;4;9;5;9;5;8;5;7;5;6;6;6;7;6;8;6;9;6;10;6
1;1;16;6;10;13;11;13;12;13;13;13;14;13;15;13;16;13;17;13;18;13;18;14;17;14;16;14;15;14;14;14;13;14;12;14;11;14;10;14;9;14;8;14;8;13;8;12;8;11;8;10;7;10;6;10;5;10;4;10;3;10;2;10;2;9;3;9;4;9;5;9;5;8;5;7;5;6;6;6;7;6;8;6;9;6;10;6;11;6
1;1;16;6;11;13;12;13;13;13;14;13;15;13;16;13;17;13;18;13;18;14;17;14;16;14;15;14;14;14;13;14;12;14;11;14;10;14;9;14;8;14;8;13;8;12;8;11;8;10;7;10;6;10;5;10;4;10;3;10;2;10;2;9;3;9;4;9;5;9;5;8;5;7;5;6;6;6;7;6;8;6;9;6;10;6;11;6;12;6
1;1;16;6;12;13;13;13;14;13;15;13;16;13;17;13;18;13;18;14;17;14;16;14;15;14;14;14;13;14;12;14;11;14;10;14;9;14;8;14;8;13;8;12;8;11;8;10;7;10;6;10;5;10;4;10;3;10;2;10;2;9;3;9;4;9;5;9;5;8;5;7;5;6;6;6;7;6;8;6;9;6;10;6;11;6;12;6;13;6
1;1;16;6;13;13;14;13;15;13;16;13;17;13;18;13;18;14;17;14;16;14;15;14;14;14;13;14;12;14;11;14;10;14;9;14;8;14;8;13;8;12;8;11;8;10;7;10;6;10;5;10;4;10;3;10;2;10;2;9;3;9;4;9;5;9;5;8;5;7;5;6;6;6;7;6;8;6;9;6;10;6;11;6;12;6;13;6;14;6
1;1;16;6;14;13;15;13;16;13;17;13;18;13;18;14;17;14;16;14;15;14;14;14;13;14;12;14;11;14;10;14;9;14;8;14;8;13;8;12;8;11;8;10;7;10;6;10;5;10;4;10;3;10;2;10;2;9;3;9;4;9;5;9;5;8;5;7;5;6;6;6;7;6;8;6;9;6;10;6;11;6;12;6;13;6;14;6;15;6
1;1;0;3;15;13;15;13;16;13;17;13;18;13;18;14;17;14;16;14;15;14;14;14;13;14;12;14;11;14;10;14;9;14;8;14;8;13;8;12;8;11;8;10;7;10;6;10;5;10;4;10;3;10;2;10;2;9;3;9;4;9;5;9;5;8;5;7;5;6;6;6;7;6;8;6;9;6;10;6;11;6;12;6;13;6;14;6;15;6;16;6
1;0;0;3;15;13;16;13;17;13;18;13;18;14;17;14;16;14;15;14;14;14;13;14;12;14;11;14;10;14;9;14;8;14;8;13;8;12;8;11;8;10;7;10;6;10;5;10;4;10;3;10;2;10;2;9;3;9;4;9;5;9;5;8;5;7;5;6;6;6;7;6;8;6;9;6;10;6;11;6;12;6;13;6;14;6;15;6;16;6;16;5
1;0;0;3;16;13;17;13;18;13;18;14;17;14;16;14;15;14;14;14;13;14;12;14;11;14;10;14;9;14;8;14;8;13;8;12;8;11;8;10;7;10;6;10;5;10;4;10;3;10;2;10;2;9;3;9;4;9;5;9;5;8;5;7;5;6;6;6;7;6;8;6;9;6;10;6;11;6;12;6;13;6;14;6;15;6;16;6;16;5;16;4
1;0;0;3;17;13;18;13;18;14;17;14;16;14;15;14;14;14;13;14;12;14;11;14;10;14;9;14;8;14;8;13;8;12;8;11;8;10;7;10;6;10;5;10;4;10;3;10;2;10;2;9;3;9;4;9;5;9;5;8;5;7;5;6;6;6;7;6;8;6;9;6;10;6;11;6;12;6;13;6;14;6;15;6;16;6;16;5;16;4;16;3
1;3;0;3;18;13;18;14;17;14;16;14;15;14;14;14;13;14;12;14;11;14;10;14;9;14;8;14;8;13;8;12;8;11;8;10;7;10;6;10;5;10;4;10;3;10;2;10;2;9;3;9;4;9;5;9;5;8;5;7;5;6;6;6;7;6;8;6;9;6;10;6;11;6;12;6;13;6;14;6;15;6;16;6;16;5;16;4;16;3;15;3
1;3;0;3;18;14;17;14;16;14;15;14;14;14;13;14;12;14;11;14;10;14;9;14;8;14;8;13;8;12;8;11;8;10;7;10;6;10;5;10;4;10;3;10;2;10;2;9;3;9;4;9;5;9;5;8;5;7;5;6;6;6;7;6;8;6;9;6;10;6;11;6;12;6;13;6;14;6;15;6;16;6;16;5;16;4;16;3;15;3;14;3
1;3;0;3;17;14;16;14;15;14;14;14;13;14;12;14;11;14;10;14;9;14;8;14;8;13;8;12;8;11;8;10;7;10;6;10;5;10;4;10;3;10;2;10;2;9;3;9;4;9;5;9;5;8;5;7;5;6;6;6;7;6;8;6;9;6;10;6;11;6;12;6;13;6;14;6;15;6;16;6;16;5;16;4;16;3;15;3;14;3;13;3
1;3;0;3;16;14;15;14;14;14;13;14;12;14;11;14;10;14;9;14;8;14;8;13;8;12;8;11;8;10;7;10;6;10;5;10;4;10;3;10;2;10;2;9;3;9;4;9;5;9;5;8;5;7;5;6;6;6;7;6;8;6;9;6;10;6;11;6;12;6;13;6;14;6;15;6;16;6;16;5;16;4;16;3;15;3;14;3;13;3;12;3
1;3;0;3;15;14;14;14;13;14;12;14;11;14;10;14;9;14;8;14;8;13;8;12;8;11;8;10;7;10;6;10;5;10;4;10;3;10;2;10;2;9;3;9;4;9;5;9;5;8;5;7;5;6;6;6;7;6;8;6;9;6;10;6;11;6;12;6;13;6;14;6;15;6;16;6;16;5;16;4;16;3;15;3;14;3;13;3;12;3;11;3
1;3;0;3;14;14;13;14;12;14;11;14;10;14;9;14;8;14;8;13;8;12;8;11;8;10;7;10;6;10;5;10;4;10;3;10;2;10;2;9;3;9;4;9;5;9;5;8;5;7;5;6;6;6;7;6;8;6;9;6;10;6;11;6;12;6;13;6;14;6;15;6;16;6;16;5;16;4;16;3;15;3;14;3;13;3;12;3;11;3;10;3
1;3;0;3;13;14;12;14;11;14;10;14;9;14;8;14;8;13;8;12;8;11;8;10;7;10;6;10;5;10;4;10;3;10;2;10;2;9;3;9;4;9;5;9;5;8;5;7;5;6;6;6;7;6;8;6;9;6;10;6;11;6;12;6;13;6;14;6;15;6;16;6;16;5;16;4;16;3;15;3;14;3;13;3;12;3;11;3;10;3;9;3
1;3;0;3;12;14;11;14;10;14;9;14;8;14;8;13;8;12;8;11;8;10;7;10;6;10;5;10;4;10;3;10;2;10;2;9;3;9;4;9;5;9;5;8;5;7;5;6;6;6;7;6;8;6;9;6;10;6;11;6;12;6;13;6;14;6;15;6;16;6;16;5;16;4;16;3;15;3;14;3;13;3;12;3;11;3;10;3;9;3;8;3
1;3;0;3;11;14;10;14;9;14;8;14;8;13;8;12;8;11;8;10;7;10;6;10;5;10;4;10;3;10;2;10;2;9;3;9;4;9;5;9;5;8;5;7;5;6;6;6;7;6;8;6;9;6;10;6;11;6;12;6;13;6;14;6;15;6;16;6;16;5;16;4;16;3;15;3;14;3;13;3;12;3;11;3;10;3;9;3;8;3;7;3
1;3;0;3;10;14;9;14;8;14;8;13;8;12;8;11;8;10;7;10;6;10;5;10;4;10;3;10;2;10;2;9;3;9;4;9;5;9;5;8;5;7;5;6;6;6;7;6;8;6;9;6;10;6;11;6;12;6;13;6;14;6;15;6;16;6;16;5;16;4;16;3;15;3;14;3;13;3;12;3;11;3;10;3;9;3;8;3;7;3;6;3
1;3;0;3;9;14;8;14;8;13;8;12;8;11;8;10;7;10;6;10;5;10;4;10;3;10;2;10;2;9;3;9;4;9;5;9;5;8;5;7;5;6;6;6;7;6;8;6;9;6;10;6;11;6;12;6;13;6;14;6;15;6;16;6;16;5;16;4;16;3;15;3;14;3;13;3;12;3;11;3;10;3;9;3;8;3;7;3;6;3;5;3
1;3;0;3;8;14;8;13;8;12;8;11;8;10;7;10;6;10;5;10;4;10;3;10;2;10;2;9;3;9;4;9;5;9;5;8;5;7;5;6;6;6;7;6;8;6;9;6;10;6;11;6;12;6;13;6;14;6;15;6;16;6;16;5;16;4;16;3;15;3;14;3;13;3;12;3;11;3;10;3;9;3;8;3;7;3;6;3;5;3;4;3
1;3;0;3;8;13;8;12;8;11;8;10;7;10;6;10;5;10;4;10;3;10;2;10;2;9;3;9;4;9;5;9;5;8;5;7;5;6;6;6;7;6;8;6;9;6;10;6;11;6;12;6;13;6;14;6;15;6;16;6;16;5;16;4;16;3;15;3;14;3;13;3;12;3;11;3;10;3;9;3;8;3;7;3;6;3;5;3;4;3;3;3
1;3;0;3;8;12;8;11;8;10;7;10;6;10;5;10;4;10;3;10;2;10;2;9;3;9;4;9;5;9;5;8;5;7;5;6;6;6;7;6;8;6;9;6;10;6;11;6;12;6;13;6;14;6;15;6;16;6;16;5;16;4;16;3;15;3;14;3;13;3;12;3;11;3;10;3;9;3;8;3;7;3;6;3;5;3;4;3;3;3;2;3
1;3;0;3;8;11;8;10;7;10;6;10;5;10;4;10;3;10;2;10;2;9;3;9;4;9;5;9;5;8;5;7;5;6;6;6;7;6;8;6;9;6;10;6;11;6;12;6;13;6;14;6;15;6;16;6;16;5;16;4;16;3;15;3;14;3;13;3;12;3;11;3;10;3;9;3;8;3;7;3;6;3;5;3;4;3;3;3;2;3;1;3
1;3;1;6;8;10;8;10;7;10;6;10;5;10;4;10;3;10;2;10;2;9;3;9;4;9;5;9;5;8;5;7;5;6;6;6;7;6;8;6;9;6;10;6;11;6;12;6;13;6;14;6;15;6;16;6;16;5;16;4;16;3;15;3;14;3;13;3;12;3;11;3;10;3;9;3;8;3;7;3;6;3;5;3;4;3;3;3;2;3;1;3;0;3
1;2;1;6;8;10;7;10;6;10;5;10;4;10;3;10;2;10;2;9;3;9;4;9;5;9;5;8;5;7;5;6;6;6;7;6;8;6;9;6;10;6;11;6;12;6;13;6;14;6;15;6;16;6;16;5;16;4;16;3;15;3;14;3;13;3;12;3;11;3;10;3;9;3;8;3;7;3;6;3;5;3;4;3;3;3;2;3;1;3;0;3;0;4
1;2;1;6;7;10;6;10;5;10;4;10;3;10;2;10;2;9;3;9;4;9;5;9;5;8;5;7;5;6;6;6;7;6;8;6;9;6;10;6;11;6;12;6;13;6;14;6;15;6;16;6;16;5;16;4;16;3;15;3;14;3;13;3;12;3;11;3;10;3;9;3;8;3;7;3;6;3;5;3;4;3;3;3;2;3;1;3;0;3;0;4;0;5
1;2;1;6;6;10;5;10;4;10;3;10;2;10;2;9;3;9;4;9;5;9;5;8;5;7;5;6;6;6;7;6;8;6;9;6;10;6;11;6;12;6;13;6;14;6;15;6;16;6;16;5;16;4;16;3;15;3;14;3;13;3;12;3;11;3;10;3;9;3;8;3;7;3;6;3;5;3;4;3;3;3;2;3;1;3;0;3;0;4;0;5;0;6
1;1;18;0;5;10;5;10;4;10;3;10;2;10;2;9;3;9;4;9;5;9;5;8;5;7;5;6;6;6;7;6;8;6;9;6;10;6;11;6;12;6;13;6;14;6;15;6;16;6;16;5;16;4;16;3;15;3;14;3;13;3;12;3;11;3;10;3;9;3;8;3;7;3;6;3;5;3;4;3;3;3;2;3;1;3;0;3;0;4;0;5;0;6;1;6
1;0;18;0;5;10;4;10;3;10;2;10;2;9;3;9;4;9;5;9;5;8;5;7;5;6;6;6;7;6;8;6;9;6;10;6;11;6;12;6;13;6;14;6;15;6;16;6;16;5;16;4;16;3;15;3;14;3;13;3;12;3;11;3;10;3;9;3;8;3;7;3;6;3;5;3;4;3;3;3;2;3;1;3;0;3;0;4;0;5;0;6;1;6;1;5
1;1;18;0;4;10;3;10;2;10;2;9;3;9;4;9;5;9;5;8;5;7;5;6;6;6;7;6;8;6;9;6;10;6;11;6;12;6;13;6;14;6;15;6;16;6;16;5;16;4;16;3;15;3;14;3;13;3;12;3;11;3;10;3;9;3;8;3;7;3;6;3;5;3;4;3;3;3;2;3;1;3;0;3;0;4;0;5;0;6;1;6;1;5;2;5
1;1;18;0;3;10;2;10;2;9;3;9;4;9;5;9;5;8;5;7;5;6;6;6;7;6;8;6;9;6;10;6;11;6;12;6;13;6;14;6;15;6;16;6;16;5;16;4;16;3;15;3;14;3;13;3;12;3;11;3;10;3;9;3;8;3;7;3;6;3;5;3;4;3;3;3;2;3;1;3;0;3;0;4;0;5;0;6;1;6;1;5;2;5;3;5
1;1;18;0;2;10;2;9;3;9;4;9;5;9;5;8;5;7;5;6;6;6;7;6;8;6;9;6;10;6;11;6;12;6;13;6;14;6;15;6;16;6;16;5;16;4;16;3;15;3;14;3;13;3;12;3;11;3;10;3;9;3;8;3;7;3;6;3;5;3;4;3;3;3;2;3;1;3;0;3;0;4;0;5;0;6;1;6;1;5;2;5;3;5;4;5
1;1;18;0;2;9;3;9;4;9;5;9;5;8;5;7;5;6;6;6;7;6;8;6;9;6;10;6;11;6;12;6;13;6;14;6;15;6;16;6;16;5;16;4;16;3;15;3;14;3;13;3;12;3;11;3;10;3;9;3;8;3;7;3;6;3;5;3;4;3;3;3;2;3;1;3;0;3;0;4;0;5;0;6;1;6;1;5;2;5;3;5;4;5;5;5
1;1;18;0;3;9;4;9;5;9;5;8;5;7;5;6;6;6;7;6;8;6;9;6;10;6;11;6;12;6;13;6;14;6;15;6;16;6;16;5;16;4;16;3;15;3;14;3;13;3;12;3;11;3;10;3;9;3;8;3;7;3;6;3;5;3;4;3;3;3;2;3;1;3;0;3;0;4;0;5;0;6;1;6;1;5;2;5;3;5;4;5;5;5;6;5
1;1;18;0;4;9;5;9;5;8;5;7;5;6;6;6;7;6;8;6;9;6;10;6;11;6;12;6;13;6;14;6;15;6;16;6;16;5;16;4;16;3;15;3;14;3;13;3;12;3;11;3;10;3;9;3;8;3;7;3;6;3;5;3;4;3;3;3;2;3;1;3;0;3;0;4;0;5;0;6;1;6;1;5;2;5;3;5;4;5;5;5;6;5;7;5
1;1;18;0;5;9;5;8;5;7;5;6;6;6;7;6;8;6;9;6;10;6;11;6;12;6;13;6;14;6;15;6;16;6;16;5;16;4;16;3;15;3;14;3;13;3;12;3;11;3;10;3;9;3;8;3;7;3;6;3;5;3;4;3;3;3;2;3;1;3;0;3;0;4;0;5;0;6;1;6;1;5;2;5;3;5;4;5;5;5;6;5;7;5;8;5
1;1;18;0;5;8;5;7;5;6;6;6;7;6;8;6;9;6;10;6;11;6;12;6;13;6;14;6;15;6;16;6;16;5;16;4;16;3;15;3;14;3;13;3;12;3;11;3;10;3;9;3;8;3;7;3;6;3;5;3;4;3;3;3;2;3;1;3;0;3;0;4;0;5;0;6;1;6;1;5;2;5;3;5;4;5;5;5;6;5;7;5;8;5;9;5
1;1;18;0;5;7;5;6;6;6;7;6;8;6;9;6;10;6;11;6;12;6;13;6;14;6;15;6;16;6;16;5;16;4;16;3;15;3;14;3;13;3;12;3;11;3;10;3;9;3;8;3;7;3;6;3;5;3;4;3;3;3;2;3;1;3;0;3;0;4;0;5;0;6;1;6;1;5;2;5;3;5;4;5;5;5;6;5;7;5;8;5;9;5;10;5
1;1;18;0;5;6;6;6;7;6;8;6;9;6;10;6;11;6;12;6;13;6;14;6;15;6;16;6;16;5;16;4;16;3;15;3;14;3;13;3;12;3;11;3;10;3;9;3;8;3;7;3;6;3;5;3;4;3;3;3;2;3;1;3;0;3;0;4;0;5;0;6;1;6;1;5;2;5;3;5;4;5;5;5;6;5;7;5;8;5;9;5;10;5;11;5
1;1;18;0;6;6;7;6;8;6;9;6;10;6;11;6;12;6;13;6;14;6;15;6;16;6;16;5;16;4;16;3;15;3;14;3;13;3;12;3;11;3;10;3;9;3;8;3;7;3;6;3;5;3;4;3;3;3;2;3;1;3;0;3;0;4;0;5;0;6;1;6;1;5;2;5;3;5;4;5;5;5;6;5;7;5;8;5;9;5;10;5;11;5;12;5
1;1;18;0;7;6;8;6;9;6;10;6;11;6;12;6;13;6;14;6;15;6;16;6;16;5;16;4;16;3;15;3;14;3;13;3;12;3;11;3;10;3;9;3;8;3;7;3;6;3;5;3;4;3;3;3;2;3;1;3;0;3;0;4;0;5;0;6;1;6;1;5;2;5;3;5;4;5;5;5;6;5;7;5;8;5;9;5;10;5;11;5;12;5;13;5
1;1;18;0;8;6;9;6;10;6;11;6;12;6;13;6;14;6;15;6;16;6;16;5;16;4;16;3;15;3;14;3;13;3;12;3;11;3;10;3;9;3;8;3;7;3;6;3;5;3;4;3;3;3;2;3;1;3;0;3;0;4;0;5;0;6;1;6;1;5;2;5;3;5;4;5;5;5;6;5;7;5;8;5;9;5;10;5;11;5;12;5;13;5;14;5
1;1;18;0;9;6;10;6;11;6;12;6;13;6;14;6;15;6;16;6;16;5;16;4;16;3;15;3;14;3;13;3;12;3;11;3;10;3;9;3;8;3;7;3;6;3;5;3;4;3;3;3;2;3;1;3;0;3;0;4;0;5;0;6;1;6;1;5;2;5;3;5;4;5;5;5;6;5;7;5;8;5;9;5;10;5;11;5;12;5;13;5;14;5;15;5
1;0;18;0;10;6;11;6;12;6;13;6;14;6;15;6;16;6;16;5;16;4;16;3;15;3;14;3;13;3;12;3;11;3;10;3;9;3;8;3;7;3;6;3;5;3;4;3;3;3;2;3;1;3;0;3;0;4;0;5;0;6;1;6;1;5;2;5;3;5;4;5;5;5;6;5;7;5;8;5;9;5;10;5;11;5;12;5;13;5;14;5;15;5;15;4
1;3;18;0;11;6;12;6;13;6;14;6;15;6;16;6;16;5;16;4;16;3;15;3;14;3;13;3;12;3;11;3;10;3;9;3;8;3;7;3;6;3;5;3;4;3;3;3;2;3;1;3;0;3;0;4;0;5;0;6;1;6;1;5;2;5;3;5;4;5;5;5;6;5;7;5;8;5;9;5;10;5;11;5;12;5;13;5;14;5;15;5;15;4;14;4
1;3;18;0;12;6;13;6;14;6;15;6;16;6;16;5;16;4;16;3;15;3;14;3;13;3;12;3;11;3;10;3;9;3;8;3;7;3;6;3;5;3;4;3;3;3;2;3;1;3;0;3;0;4;0;5;0;6;1;6;1;5;2;5;3;5;4;5;5;5;6;5;7;5;8;5;9;5;10;5;11;5;12;5;13;5;14;5;15;5;15;4;14;4;13;4
1;3;18;0;13;6;14;6;15;6;16;6;16;5;16;4;16;3;15;3;14;3;13;3;12;3;11;3;10;3;9;3;8;3;7;3;6;3;5;3;4;3;3;3;2;3;1;3;0;3;0;4;0;5;0;6;1;6;1;5;2;5;3;5;4;5;5;5;6;5;7;5;8;5;9;5;10;5;11;5;12;5;13;5;14;5;15;5;15;4;14;4;13;4;12;4
1;3;18;0;14;6;15;6;16;6;16;5;16;4;16;3;15;3;14;3;13;3;12;3;11;3;10;3;9;3;8;3;7;3;6;3;5;3;4;3;3;3;2;3;1;3;0;3;0;4;0;5;0;6;1;6;1;5;2;5;3;5;4;5;5;5;6;5;7;5;8;5;9;5;10;5;11;5;12;5;13;5;14;5;15;5;15;4;14;4;13;4;12;4;11;4
1;3;18;0;15;6;16;6;16;5;16;4;16;3;15;3;14;3;13;3;12;3;11;3;10;3;9;3;8;3;7;3;6;3;5;3;4;3;3;3;2;3;1;3;0;3;0;4;0;5;0;6;1;6;1;5;2;5;3;5;4;5;5;5;6;5;7;5;8;5;9;5;10;5;11;5;12;5;13;5;14;5;15;5;15;4;14;4;13;4;12;4;11;4;10;4
1;3;18;0;16;6;16;5;16;4;16;3;15;3;14;3;13;3;12;3;11;3;10;3;9;3;8;3;7;3;6;3;5;3;4;3;3;3;2;3;1;3;0;3;0;4;0;5;0;6;1;6;1;5;2;5;3;5;4;5;5;5;6;5;7;5;8;5;9;5;10;5;11;5;12;5;13;5;14;5;15;5;15;4;14;4;13;4;12;4;11;4;10;4;9;4
1;3;18;0;16;5;16;4;16;3;15;3;14;3;13;3;12;3;11;3;10;3;9;3;8;3;7;3;6;3;5;3;4;3;3;3;2;3;1;3;0;3;0;4;0;5;0;6;1;6;1;5;2;5;3;5;4;5;5;5;6;5;7;5;8;5;9;5;10;5;11;5;12;5;13;5;14;5;15;5;15;4;14;4;13;4;12;4;11;4;10;4;9;4;8;4
1;3;18;0;16;4;16;3;15;3;14;3;13;3;12;3;11;3;10;3;9;3;8;3;7;3;6;3;5;3;4;3;3;3;2;3;1;3;0;3;0;4;0;5;0;6;1;6;1;5;2;5;3;5;4;5;5;5;6;5;7;5;8;5;9;5;10;5;11;5;12;5;13;5;14;5;15;5;15;4;14;4;13;4;12;4;11;4;10;4;9;4;8;4;7;4
1;3;18;0;16;3;15;3;14;3;13;3;12;3;11;3;10;3;9;3;8;3;7;3;6;3;5;3;4;3;3;3;2;3;1;3;0;3;0;4;0;5;0;6;1;6;1;5;2;5;3;5;4;5;5;5;6;5;7;5;8;5;9;5;10;5;11;5;12;5;13;5;14;5;15;5;15;4;14;4;13;4;12;4;11;4;10;4;9;4;8;4;7;4;6;4
