20
1;1;12;9;8;10;9;10;10;10
1;0;12;9;9;10;10;10;10;9
1;1;12;9;10;10;10;9;11;9
1;1;19;9;10;9;10;9;11;9;12;9
1;1;19;9;10;9;11;9;12;9;13;9
1;1;19;9;11;9;12;9;13;9;14;9
1;1;19;9;12;9;13;9;14;9;15;9
1;1;19;9;13;9;14;9;15;9;16;9
1;1;19;9;14;9;15;9;16;9;17;9
1;1;19;9;15;9;16;9;17;9;18;9
1;1;1;18;16;9;16;9;17;9;18;9;19;9
1;0;1;18;16;9;17;9;18;9;19;9;19;8
1;3;1;18;17;9;18;9;19;9;19;8;18;8
1;3;1;18;18;9;19;9;19;8;18;8;17;8
1;3;1;18;19;9;19;8;18;8;17;8;16;8
1;3;1;18;19;8;18;8;17;8;16;8;15;8
1;3;1;18;18;8;17;8;16;8;15;8;14;8
1;3;1;18;17;8;16;8;15;8;14;8;13;8
1;3;1;18;16;8;15;8;14;8;13;8;12;8
1;3;1;18;15;8;14;8;13;8;12;8;11;8
1;2;1;18;14;8;13;8;12;8;11;8;11;9
1;3;1;18;13;8;12;8;11;8;11;9;10;9
1;2;1;18;12;8;11;8;11;9;10;9;10;10
1;3;1;18;11;8;11;9;10;9;10;10;9;10
1;2;1;18;11;9;10;9;10;10;9;10;9;11
1;3;1;18;10;9;10;10;9;10;9;11;8;11
1;2;1;18;10;10;9;10;9;11;8;11;8;12
1;3;1;18;9;10;9;11;8;11;8;12;7;12
1;2;1;18;9;11;8;11;8;12;7;12;7;13
1;3;1;18;8;11;8;12;7;12;7;13;6;13
1;2;1;18;8;12;7;12;7;13;6;13;6;14
1;3;1;18;7;12;7;13;6;13;6;14;5;14
1;3;1;18;7;13;6;13;6;14;5;14;4;14
1;3;1;18;6;13;6;14;5;14;4;14;3;14
1;3;1;18;6;14;5;14;4;14;3;14;2;14
1;0;1;18;5;14;4;14;3;14;2;14;2;13
1;3;1;18;4;14;3;14;2;14;2;13;1;13
1;2;1;18;3;14;2;14;2;13;1;13;1;14
1;2;1;18;2;14;2;13;1;13;1;14;1;15
1;2;1;18;2;13;1;13;1;14;1;15;1;16
1;2;1;18;1;13;1;14;1;15;1;16;1;17
1;2;10;17;1;14;1;14;1;15;1;16;1;17;1;18
1;1;10;17;1;14;1;15;1;16;1;17;1;18;2;18
1;0;10;17;1;15;1;16;1;17;1;18;2;18;2;17
1;1;10;17;1;16;1;17;1;18;2;18;2;17;3;17
1;1;10;17;1;17;1;18;2;18;2;17;3;17;4;17
1;1;10;17;1;18;2;18;2;17;3;17;4;17;5;17
1;1;10;17;2;18;2;17;3;17;4;17;5;17;6;17
1;1;10;17;2;17;3;17;4;17;5;17;6;17;7;17
1;1;10;17;3;17;4;17;5;17;6;17;7;17;8;17
1;1;10;17;4;17;5;17;6;17;7;17;8;17;9;17
1;1;2;13;5;17;5;17;6;17;7;17;8;17;9;17;10;17
1;0;2;13;5;17;6;17;7;17;8;17;9;17;10;17;10;16
1;0;2;13;6;17;7;17;8;17;9;17;10;17;10;16;10;15
1;0;2;13;7;17;8;17;9;17;10;17;10;16;10;15;10;14
1;0;2;13;8;17;9;17;10;17;10;16;10;15;10;14;10;13
1;3;2;13;9;17;10;17;10;16;10;15;10;14;10;13;9;13
1;3;2;13;10;17;10;16;10;15;10;14;10;13;9;13;8;13
1;3;2;13;10;16;10;15;10;14;10;13;9;13;8;13;7;13
1;3;2;13;10;15;10;14;10;13;9;13;8;13;7;13;6;13
1;3;2;13;10;14;10;13;9;13;8;13;7;13;6;13;5;13
1;3;2;13;10;13;9;13;8;13;7;13;6;13;5;13;4;13
1;3;2;13;9;13;8;13;7;13;6;13;5;13;4;13;3;13
1;3;12;3;8;13;8;13;7;13;6;13;5;13;4;13;3;13;2;13
1;0;12;3;8;13;7;13;6;13;5;13;4;13;3;13;2;13;2;12
1;1;12;3;7;13;6;13;5;13;4;13;3;13;2;13;2;12;3;12
1;1;12;3;6;13;5;13;4;13;3;13;2;13;2;12;3;12;4;12
1;1;12;3;5;13;4;13;3;13;2;13;2;12;3;12;4;12;5;12
1;1;12;3;4;13;3;13;2;13;2;12;3;12;4;12;5;12;6;12
1;1;12;3;3;13;2;13;2;12;3;12;4;12;5;12;6;12;7;12
1;1;12;3;2;13;2;12;3;12;4;12;5;12;6;12;7;12;8;12
1;1;12;3;2;12;3;12;4;12;5;12;6;12;7;12;8;12;9;12
1;1;12;3;3;12;4;12;5;12;6;12;7;12;8;12;9;12;10;12
1;1;12;3;4;12;5;12;6;12;7;12;8;12;9;12;10;12;11;12
1;1;12;3;5;12;6;12;7;12;8;12;9;12;10;12;11;12;12;12
1;0;12;3;6;12;7;12;8;12;9;12;10;12;11;12;12;12;12;11
1;0;12;3;7;12;8;12;9;12;10;12;11;12;12;12;12;11;12;10
1;0;12;3;8;12;9;12;10;12;11;12;12;12;12;11;12;10;12;9
1;0;12;3;9;12;10;12;11;12;12;12;12;11;12;10;12;9;12;8
1;0;12;3;10;12;11;12;12;12;12;11;12;10;12;9;12;8;12;7
1;0;12;3;11;12;12;12;12;11;12;10;12;9;12;8;12;7;12;6
1;0;12;3;12;12;12;11;12;10;12;9;12;8;12;7;12;6;12;5
1;0;12;3;12;11;12;10;12;9;12;8;12;7;12;6;12;5;12;4
1;0;0;16;12;10;12;10;12;9;12;8;12;7;12;6;12;5;12;4;12;3
1;3;0;16;12;10;12;9;12;8;12;7;12;6;12;5;12;4;12;3;11;3
1;3;0;16;12;9;12;8;12;7;12;6;12;5;12;4;12;3;11;3;10;3
1;3;0;16;12;8;12;7;12;6;12;5;12;4;12;3;11;3;10;3;9;3
1;3;0;16;12;7;12;6;12;5;12;4;12;3;11;3;10;3;9;3;8;3
1;3;0;16;12;6;12;5;12;4;12;3;11;3;10;3;9;3;8;3;7;3
1;3;0;16;12;5;12;4;12;3;11;3;10;3;9;3;8;3;7;3;6;3
1;3;0;16;12;4;12;3;11;3;10;3;9;3;8;3;7;3;6;3;5;3
1;3;0;16;12;3;11;3;10;3;9;3;8;3;7;3;6;3;5;3;4;3
1;3;0;16;11;3;10;3;9;3;8;3;7;3;6;3;5;3;4;3;3;3
1;3;0;16;10;3;9;3;8;3;7;3;6;3;5;3;4;3;3;3;2;3
1;3;0;16;9;3;8;3;7;3;6;3;5;3;4;3;3;3;2;3;1;3
1;3;0;16;8;3;7;3;6;3;5;3;4;3;3;3;2;3;1;3;0;3
1;2;0;16;7;3;6;3;5;3;4;3;3;3;2;3;1;3;0;3;0;4
1;2;0;16;6;3;5;3;4;3;3;3;2;3;1;3;0;3;0;4;0;5
1;2;0;16;5;3;4;3;3;3;2;3;1;3;0;3;0;4;0;5;0;6
1;2;0;16;4;3;3;3;2;3;1;3;0;3;0;4;0;5;0;6;0;7
1;2;0;16;3;3;2;3;1;3;0;3;0;4;0;5;0;6;0;7;0;8
1;2;0;16;2;3;1;3;0;3;0;4;0;5;0;6;0;7;0;8;0;9
1;2;0;16;1;3;0;3;0;4;0;5;0;6;0;7;0;8;0;9;0;10
1;2;0;16;0;3;0;4;0;5;0;6;0;7;0;8;0;9;0;10;0;11
1;2;0;16;0;4;0;5;0;6;0;7;0;8;0;9;0;10;0;11;0;12
1;2;0;16;0;5;0;6;0;7;0;8;0;9;0;10;0;11;0;12;0;13
1;2;0;16;0;6;0;7;0;8;0;9;0;10;0;11;0;12;0;13;0;14
1;2;0;16;0;7;0;8;0;9;0;10;0;11;0;12;0;13;0;14;0;15
1;2;1;13;0;8;0;8;0;9;0;10;0;11;0;12;0;13;0;14;0;15;0;16
1;1;1;13;0;8;0;9;0;10;0;11;0;12;0;13;0;14;0;15;0;16;1;16
1;1;1;13;0;9;0;10;0;11;0;12;0;13;0;14;0;15;0;16;1;16;2;16
1;0;1;13;0;10;0;11;0;12;0;13;0;14;0;15;0;16;1;16;2;16;2;15
1;0;1;13;0;11;0;12;0;13;0;14;0;15;0;16;1;16;2;16;2;15;2;14
1;0;1;13;0;12;0;13;0;14;0;15;0;16;1;16;2;16;2;15;2;14;2;13
1;3;5;8;0;13;0;13;0;14;0;15;0;16;1;16;2;16;2;15;2;14;2;13;1;13
1;0;5;8;0;13;0;14;0;15;0;16;1;16;2;16;2;15;2;14;2;13;1;13;1;12
1;0;5;8;0;14;0;15;0;16;1;16;2;16;2;15;2;14;2;13;1;13;1;12;1;11
1;0;5;8;0;15;0;16;1;16;2;16;2;15;2;14;2;13;1;13;1;12;1;11;1;10
1;0;5;8;0;16;1;16;2;16;2;15;2;14;2;13;1;13;1;12;1;11;1;10;1;9
1;1;5;8;1;16;2;16;2;15;2;14;2;13;1;13;1;12;1;11;1;10;1;9;2;9
1;1;5;8;2;16;2;15;2;14;2;13;1;13;1;12;1;11;1;10;1;9;2;9;3;9
1;1;5;8;2;15;2;14;2;13;1;13;1;12;1;11;1;10;1;9;2;9;3;9;4;9
1;1;5;8;2;14;2;13;1;13;1;12;1;11;1;10;1;9;2;9;3;9;4;9;5;9
1;1;5;8;2;13;1;13;1;12;1;11;1;10;1;9;2;9;3;9;4;9;5;9;6;9
1;0;5;8;1;13;1;12;1;11;1;10;1;9;2;9;3;9;4;9;5;9;6;9;6;8
1;3;14;15;1;12;1;12;1;11;1;10;1;9;2;9;3;9;4;9;5;9;6;9;6;8;5;8
1;0;14;15;1;12;1;11;1;10;1;9;2;9;3;9;4;9;5;9;6;9;6;8;5;8;5;7
1;0;14;15;1;11;1;10;1;9;2;9;3;9;4;9;5;9;6;9;6;8;5;8;5;7;5;6
1;1;14;15;1;10;1;9;2;9;3;9;4;9;5;9;6;9;6;8;5;8;5;7;5;6;6;6
1;1;14;15;1;9;2;9;3;9;4;9;5;9;6;9;6;8;5;8;5;7;5;6;6;6;7;6
1;2;14;15;2;9;3;9;4;9;5;9;6;9;6;8;5;8;5;7;5;6;6;6;7;6;7;7
1;2;14;15;3;9;4;9;5;9;6;9;6;8;5;8;5;7;5;6;6;6;7;6;7;7;7;8
1;2;14;15;4;9;5;9;6;9;6;8;5;8;5;7;5;6;6;6;7;6;7;7;7;8;7;9
1;2;14;15;5;9;6;9;6;8;5;8;5;7;5;6;6;6;7;6;7;7;7;8;7;9;7;10
1;2;14;15;6;9;6;8;5;8;5;7;5;6;6;6;7;6;7;7;7;8;7;9;7;10;7;11
1;2;14;15;6;8;5;8;5;7;5;6;6;6;7;6;7;7;7;8;7;9;7;10;7;11;7;12
1;2;14;15;5;8;5;7;5;6;6;6;7;6;7;7;7;8;7;9;7;10;7;11;7;12;7;13
1;2;14;15;5;7;5;6;6;6;7;6;7;7;7;8;7;9;7;10;7;11;7;12;7;13;7;14
1;2;14;15;5;6;6;6;7;6;7;7;7;8;7;9;7;10;7;11;7;12;7;13;7;14;7;15
1;1;14;15;6;6;7;6;7;7;7;8;7;9;7;10;7;11;7;12;7;13;7;14;7;15;8;15
1;1;14;15;7;6;7;7;7;8;7;9;7;10;7;11;7;12;7;13;7;14;7;15;8;15;9;15
1;1;14;15;7;7;7;8;7;9;7;10;7;11;7;12;7;13;7;14;7;15;8;15;9;15;10;15
1;1;14;15;7;8;7;9;7;10;7;11;7;12;7;13;7;14;7;15;8;15;9;15;10;15;11;15
1;1;14;15;7;9;7;10;7;11;7;12;7;13;7;14;7;15;8;15;9;15;10;15;11;15;12;15
1;1;14;15;7;10;7;11;7;12;7;13;7;14;7;15;8;15;9;15;10;15;11;15;12;15;13;15
1;1;9;19;7;11;7;11;7;12;7;13;7;14;7;15;8;15;9;15;10;15;11;15;12;15;13;15;14;15
1;2;9;19;7;11;7;12;7;13;7;14;7;15;8;15;9;15;10;15;11;15;12;15;13;15;14;15;14;16
1;3;9;19;7;12;7;13;7;14;7;15;8;15;9;15;10;15;11;15;12;15;13;15;14;15;14;16;13;16
1;3;9;19;7;13;7;14;7;15;8;15;9;15;10;15;11;15;12;15;13;15;14;15;14;16;13;16;12;16
1;3;9;19;7;14;7;15;8;15;9;15;10;15;11;15;12;15;13;15;14;15;14;16;13;16;12;16;11;16
1;3;9;19;7;15;8;15;9;15;10;15;11;15;12;15;13;15;14;15;14;16;13;16;12;16;11;16;10;16
1;3;9;19;8;15;9;15;10;15;11;15;12;15;13;15;14;15;14;16;13;16;12;16;11;16;10;16;9;16
1;2;9;19;9;15;10;15;11;15;12;15;13;15;14;15;14;16;13;16;12;16;11;16;10;16;9;16;9;17
1;2;9;19;10;15;11;15;12;15;13;15;14;15;14;16;13;16;12;16;11;16;10;16;9;16;9;17;9;18
1;2;17;13;11;15;11;15;12;15;13;15;14;15;14;16;13;16;12;16;11;16;10;16;9;16;9;17;9;18;9;19
1;1;17;13;11;15;12;15;13;15;14;15;14;16;13;16;12;16;11;16;10;16;9;16;9;17;9;18;9;19;10;19
1;1;17;13;12;15;13;15;14;15;14;16;13;16;12;16;11;16;10;16;9;16;9;17;9;18;9;19;10;19;11;19
1;1;17;13;13;15;14;15;14;16;13;16;12;16;11;16;10;16;9;16;9;17;9;18;9;19;10;19;11;19;12;19
1;1;17;13;14;15;14;16;13;16;12;16;11;16;10;16;9;16;9;17;9;18;9;19;10;19;11;19;12;19;13;19
1;1;17;13;14;16;13;16;12;16;11;16;10;16;9;16;9;17;9;18;9;19;10;19;11;19;12;19;13;19;14;19
1;1;17;13;13;16;12;16;11;16;10;16;9;16;9;17;9;18;9;19;10;19;11;19;12;19;13;19;14;19;15;19
1;1;17;13;12;16;11;16;10;16;9;16;9;17;9;18;9;19;10;19;11;19;12;19;13;19;14;19;15;19;16;19
1;1;17;13;11;16;10;16;9;16;9;17;9;18;9;19;10;19;11;19;12;19;13;19;14;19;15;19;16;19;17;19
1;0;17;13;10;16;9;16;9;17;9;18;9;19;10;19;11;19;12;19;13;19;14;19;15;19;16;19;17;19;17;18
1;0;17;13;9;16;9;17;9;18;9;19;10;19;11;19;12;19;13;19;14;19;15;19;16;19;17;19;17;18;17;17
1;0;17;13;9;17;9;18;9;19;10;19;11;19;12;19;13;19;14;19;15;19;16;19;17;19;17;18;17;17;17;16
1;0;17;13;9;18;9;19;10;19;11;19;12;19;13;19;14;19;15;19;16;19;17;19;17;18;17;17;17;16;17;15
1;0;17;13;9;19;10;19;11;19;12;19;13;19;14;19;15;19;16;19;17;19;17;18;17;17;17;16;17;15;17;14
1;0;16;7;10;19;10;19;11;19;12;19;13;19;14;19;15;19;16;19;17;19;17;18;17;17;17;16;17;15;17;14;17;13
1;3;16;7;10;19;11;19;12;19;13;19;14;19;15;19;16;19;17;19;17;18;17;17;17;16;17;15;17;14;17;13;16;13
1;0;16;7;11;19;12;19;13;19;14;19;15;19;16;19;17;19;17;18;17;17;17;16;17;15;17;14;17;13;16;13;16;12
1;0;16;7;12;19;13;19;14;19;15;19;16;19;17;19;17;18;17;17;17;16;17;15;17;14;17;13;16;13;16;12;16;11
1;0;16;7;13;19;14;19;15;19;16;19;17;19;17;18;17;17;17;16;17;15;17;14;17;13;16;13;16;12;16;11;16;10
1;0;16;7;14;19;15;19;16;19;17;19;17;18;17;17;17;16;17;15;17;14;17;13;16;13;16;12;16;11;16;10;16;9
1;0;16;7;15;19;16;19;17;19;17;18;17;17;17;16;17;15;17;14;17;13;16;13;16;12;16;11;16;10;16;9;16;8
1;0;2;13;16;19;16;19;17;19;17;18;17;17;17;16;17;15;17;14;17;13;16;13;16;12;16;11;16;10;16;9;16;8;16;7
1;3;2;13;16;19;17;19;17;18;17;17;17;16;17;15;17;14;17;13;16;13;16;12;16;11;16;10;16;9;16;8;16;7;15;7
1;3;2;13;17;19;17;18;17;17;17;16;17;15;17;14;17;13;16;13;16;12;16;11;16;10;16;9;16;8;16;7;15;7;14;7
1;3;2;13;17;18;17;17;17;16;17;15;17;14;17;13;16;13;16;12;16;11;16;10;16;9;16;8;16;7;15;7;14;7;13;7
1;3;2;13;17;17;17;16;17;15;17;14;17;13;16;13;16;12;16;11;16;10;16;9;16;8;16;7;15;7;14;7;13;7;12;7
1;2;2;13;17;16;17;15;17;14;17;13;16;13;16;12;16;11;16;10;16;9;16;8;16;7;15;7;14;7;13;7;12;7;12;8
1;2;2;13;17;15;17;14;17;13;16;13;16;12;16;11;16;10;16;9;16;8;16;7;15;7;14;7;13;7;12;7;12;8;12;9
1;2;2;13;17;14;17;13;16;13;16;12;16;11;16;10;16;9;16;8;16;7;15;7;14;7;13;7;12;7;12;8;12;9;12;10
1;2;2;13;17;13;16;13;16;12;16;11;16;10;16;9;16;8;16;7;15;7;14;7;13;7;12;7;12;8;12;9;12;10;12;11
1;2;2;13;16;13;16;12;16;11;16;10;16;9;16;8;16;7;15;7;14;7;13;7;12;7;12;8;12;9;12;10;12;11;12;12
1;2;2;13;16;12;16;11;16;10;16;9;16;8;16;7;15;7;14;7;13;7;12;7;12;8;12;9;12;10;12;11;12;12;12;13
1;3;2;13;16;11;16;10;16;9;16;8;16;7;15;7;14;7;13;7;12;7;12;8;12;9;12;10;12;11;12;12;12;13;11;13
1;3;2;13;16;10;16;9;16;8;16;7;15;7;14;7;13;7;12;7;12;8;12;9;12;10;12;11;12;12;12;13;11;13;10;13
1;3;2;13;16;9;16;8;16;7;15;7;14;7;13;7;12;7;12;8;12;9;12;10;12;11;12;12;12;13;11;13;10;13;9;13
1;3;2;13;16;8;16;7;15;7;14;7;13;7;12;7;12;8;12;9;12;10;12;11;12;12;12;13;11;13;10;13;9;13;8;13
1;3;2;13;16;7;15;7;14;7;13;7;12;7;12;8;12;9;12;10;12;11;12;12;12;13;11;13;10;13;9;13;8;13;7;13
1;3;2;13;15;7;14;7;13;7;12;7;12;8;12;9;12;10;12;11;12;12;12;13;11;13;10;13;9;13;8;13;7;13;6;13
1;3;2;13;14;7;13;7;12;7;12;8;12;9;12;10;12;11;12;12;12;13;11;13;10;13;9;13;8;13;7;13;6;13;5;13
1;3;2;13;13;7;12;7;12;8;12;9;12;10;12;11;12;12;12;13;11;13;10;13;9;13;8;13;7;13;6;13;5;13;4;13
1;3;2;13;12;7;12;8;12;9;12;10;12;11;12;12;12;13;11;13;10;13;9;13;8;13;7;13;6;13;5;13;4;13;3;13
1;3;7;5;12;8;12;8;12;9;12;10;12;11;12;12;12;13;11;13;10;13;9;13;8;13;7;13;6;13;5;13;4;13;3;13;2;13
1;0;7;5;12;8;12;9;12;10;12;11;12;12;12;13;11;13;10;13;9;13;8;13;7;13;6;13;5;13;4;13;3;13;2;13;2;12
1;1;7;5;12;9;12;10;12;11;12;12;12;13;11;13;10;13;9;13;8;13;7;13;6;13;5;13;4;13;3;13;2;13;2;12;3;12
1;1;7;5;12;10;12;11;12;12;12;13;11;13;10;13;9;13;8;13;7;13;6;13;5;13;4;13;3;13;2;13;2;12;3;12;4;12
1;1;7;5;12;11;12;12;12;13;11;13;10;13;9;13;8;13;7;13;6;13;5;13;4;13;3;13;2;13;2;12;3;12;4;12;5;12
1;1;7;5;12;12;12;13;11;13;10;13;9;13;8;13;7;13;6;13;5;13;4;13;3;13;2;13;2;12;3;12;4;12;5;12;6;12
1;1;7;5;12;13;11;13;10;13;9;13;8;13;7;13;6;13;5;13;4;13;3;13;2;13;2;12;3;12;4;12;5;12;6;12;7;12
1;0;7;5;11;13;10;13;9;13;8;13;7;13;6;13;5;13;4;13;3;13;2;13;2;12;3;12;4;12;5;12;6;12;7;12;7;11
1;0;7;5;10;13;9;13;8;13;7;13;6;13;5;13;4;13;3;13;2;13;2;12;3;12;4;12;5;12;6;12;7;12;7;11;7;10
1;0;7;5;9;13;8;13;7;13;6;13;5;13;4;13;3;13;2;13;2;12;3;12;4;12;5;12;6;12;7;12;7;11;7;10;7;9
1;0;7;5;8;13;7;13;6;13;5;13;4;13;3;13;2;13;2;12;3;12;4;12;5;12;6;12;7;12;7;11;7;10;7;9;7;8
1;0;7;5;7;13;6;13;5;13;4;13;3;13;2;13;2;12;3;12;4;12;5;12;6;12;7;12;7;11;7;10;7;9;7;8;7;7
1;0;7;5;6;13;5;13;4;13;3;13;2;13;2;12;3;12;4;12;5;12;6;12;7;12;7;11;7;10;7;9;7;8;7;7;7;6
1;0;6;1;5;13;5;13;4;13;3;13;2;13;2;12;3;12;4;12;5;12;6;12;7;12;7;11;7;10;7;9;7;8;7;7;7;6;7;5
1;3;6;1;5;13;4;13;3;13;2;13;2;12;3;12;4;12;5;12;6;12;7;12;7;11;7;10;7;9;7;8;7;7;7;6;7;5;6;5
1;0;6;1;4;13;3;13;2;13;2;12;3;12;4;12;5;12;6;12;7;12;7;11;7;10;7;9;7;8;7;7;7;6;7;5;6;5;6;4
1;0;6;1;3;13;2;13;2;12;3;12;4;12;5;12;6;12;7;12;7;11;7;10;7;9;7;8;7;7;7;6;7;5;6;5;6;4;6;3
1;0;6;1;2;13;2;12;3;12;4;12;5;12;6;12;7;12;7;11;7;10;7;9;7;8;7;7;7;6;7;5;6;5;6;4;6;3;6;2
1;0;2;11;2;12;2;12;3;12;4;12;5;12;6;12;7;12;7;11;7;10;7;9;7;8;7;7;7;6;7;5;6;5;6;4;6;3;6;2;6;1
1;3;2;11;2;12;3;12;4;12;5;12;6;12;7;12;7;11;7;10;7;9;7;8;7;7;7;6;7;5;6;5;6;4;6;3;6;2;6;1;5;1
1;3;2;11;3;12;4;12;5;12;6;12;7;12;7;11;7;10;7;9;7;8;7;7;7;6;7;5;6;5;6;4;6;3;6;2;6;1;5;1;4;1
1;3;2;11;4;12;5;12;6;12;7;12;7;11;7;10;7;9;7;8;7;7;7;6;7;5;6;5;6;4;6;3;6;2;6;1;5;1;4;1;3;1
1;3;2;11;5;12;6;12;7;12;7;11;7;10;7;9;7;8;7;7;7;6;7;5;6;5;6;4;6;3;6;2;6;1;5;1;4;1;3;1;2;1
1;2;2;11;6;12;7;12;7;11;7;10;7;9;7;8;7;7;7;6;7;5;6;5;6;4;6;3;6;2;6;1;5;1;4;1;3;1;2;1;2;2
1;2;2;11;7;12;7;11;7;10;7;9;7;8;7;7;7;6;7;5;6;5;6;4;6;3;6;2;6;1;5;1;4;1;3;1;2;1;2;2;2;3
1;2;2;11;7;11;7;10;7;9;7;8;7;7;7;6;7;5;6;5;6;4;6;3;6;2;6;1;5;1;4;1;3;1;2;1;2;2;2;3;2;4
1;2;2;11;7;10;7;9;7;8;7;7;7;6;7;5;6;5;6;4;6;3;6;2;6;1;5;1;4;1;3;1;2;1;2;2;2;3;2;4;2;5
1;2;2;11;7;9;7;8;7;7;7;6;7;5;6;5;6;4;6;3;6;2;6;1;5;1;4;1;3;1;2;1;2;2;2;3;2;4;2;5;2;6
1;2;2;11;7;8;7;7;7;6;7;5;6;5;6;4;6;3;6;2;6;1;5;1;4;1;3;1;2;1;2;2;2;3;2;4;2;5;2;6;2;7
1;2;2;11;7;7;7;6;7;5;6;5;6;4;6;3;6;2;6;1;5;1;4;1;3;1;2;1;2;2;2;3;2;4;2;5;2;6;2;7;2;8
1;2;2;11;7;6;7;5;6;5;6;4;6;3;6;2;6;1;5;1;4;1;3;1;2;1;2;2;2;3;2;4;2;5;2;6;2;7;2;8;2;9
1;2;2;11;7;5;6;5;6;4;6;3;6;2;6;1;5;1;4;1;3;1;2;1;2;2;2;3;2;4;2;5;2;6;2;7;2;8;2;9;2;10
1;2;9;14;6;5;6;5;6;4;6;3;6;2;6;1;5;1;4;1;3;1;2;1;2;2;2;3;2;4;2;5;2;6;2;7;2;8;2;9;2;10;2;11
1;2;9;14;6;5;6;4;6;3;6;2;6;1;5;1;4;1;3;1;2;1;2;2;2;3;2;4;2;5;2;6;2;7;2;8;2;9;2;10;2;11;2;12
1;2;9;14;6;4;6;3;6;2;6;1;5;1;4;1;3;1;2;1;2;2;2;3;2;4;2;5;2;6;2;7;2;8;2;9;2;10;2;11;2;12;2;13
1;2;9;14;6;3;6;2;6;1;5;1;4;1;3;1;2;1;2;2;2;3;2;4;2;5;2;6;2;7;2;8;2;9;2;10;2;11;2;12;2;13;2;14
1;1;9;14;6;2;6;1;5;1;4;1;3;1;2;1;2;2;2;3;2;4;2;5;2;6;2;7;2;8;2;9;2;10;2;11;2;12;2;13;2;14;3;14
1;1;9;14;6;1;5;1;4;1;3;1;2;1;2;2;2;3;2;4;2;5;2;6;2;7;2;8;2;9;2;10;2;11;2;12;2;13;2;14;3;14;4;14
1;1;9;14;5;1;4;1;3;1;2;1;2;2;2;3;2;4;2;5;2;6;2;7;2;8;2;9;2;10;2;11;2;12;2;13;2;14;3;14;4;14;5;14
1;1;9;14;4;1;3;1;2;1;2;2;2;3;2;4;2;5;2;6;2;7;2;8;2;9;2;10;2;11;2;12;2;13;2;14;3;14;4;14;5;14;6;14
1;1;9;14;3;1;2;1;2;2;2;3;2;4;2;5;2;6;2;7;2;8;2;9;2;10;2;11;2;12;2;13;2;14;3;14;4;14;5;14;6;14;7;14
1;1;9;14;2;1;2;2;2;3;2;4;2;5;2;6;2;7;2;8;2;9;2;10;2;11;2;12;2;13;2;14;3;14;4;14;5;14;6;14;7;14;8;14
1;1;17;14;2;2;2;2;2;3;2;4;2;5;2;6;2;7;2;8;2;9;2;10;2;11;2;12;2;13;2;14;3;14;4;14;5;14;6;14;7;14;8;14;9;14
1;1;17;14;2;2;2;3;2;4;2;5;2;6;2;7;2;8;2;9;2;10;2;11;2;12;2;13;2;14;3;14;4;14;5;14;6;14;7;14;8;14;9;14;10;14
1;1;17;14;2;3;2;4;2;5;2;6;2;7;2;8;2;9;2;10;2;11;2;12;2;13;2;14;3;14;4;14;5;14;6;14;7;14;8;14;9;14;10;14;11;14
1;1;17;14;2;4;2;5;2;6;2;7;2;8;2;9;2;10;2;11;2;12;2;13;2;14;3;14;4;14;5;14;6;14;7;14;8;14;9;14;10;14;11;14;12;14
1;1;17;14;2;5;2;6;2;7;2;8;2;9;2;10;2;11;2;12;2;13;2;14;3;14;4;14;5;14;6;14;7;14;8;14;9;14;10;14;11;14;12;14;13;14
1;1;17;14;2;6;2;7;2;8;2;9;2;10;2;11;2;12;2;13;2;14;3;14;4;14;5;14;6;14;7;14;8;14;9;14;10;14;11;14;12;14;13;14;14;14
1;1;17;14;2;7;2;8;2;9;2;10;2;11;2;12;2;13;2;14;3;14;4;14;5;14;6;14;7;14;8;14;9;14;10;14;11;14;12;14;13;14;14;14;15;14
1;1;17;14;2;8;2;9;2;10;2;11;2;12;2;13;2;14;3;14;4;14;5;14;6;14;7;14;8;14;9;14;10;14;11;14;12;14;13;14;14;14;15;14;16;14
1;1;7;9;2;9;2;9;2;10;2;11;2;12;2;13;2;14;3;14;4;14;5;14;6;14;7;14;8;14;9;14;10;14;11;14;12;14;13;14;14;14;15;14;16;14;17;14
1;0;7;9;2;9;2;10;2;11;2;12;2;13;2;14;3;14;4;14;5;14;6;14;7;14;8;14;9;14;10;14;11;14;12;14;13;14;14;14;15;14;16;14;17;14;17;13
1;0;7;9;2;10;2;11;2;12;2;13;2;14;3;14;4;14;5;14;6;14;7;14;8;14;9;14;10;14;11;14;12;14;13;14;14;14;15;14;16;14;17;14;17;13;17;12
1;0;7;9;2;11;2;12;2;13;2;14;3;14;4;14;5;14;6;14;7;14;8;14;9;14;10;14;11;14;12;14;13;14;14;14;15;14;16;14;17;14;17;13;17;12;17;11
1;0;7;9;2;12;2;13;2;14;3;14;4;14;5;14;6;14;7;14;8;14;9;14;10;14;11;14;12;14;13;14;14;14;15;14;16;14;17;14;17;13;17;12;17;11;17;10
1;0;7;9;2;13;2;14;3;14;4;14;5;14;6;14;7;14;8;14;9;14;10;14;11;14;12;14;13;14;14;14;15;14;16;14;17;14;17;13;17;12;17;11;17;10;17;9
1;3;7;9;2;14;3;14;4;14;5;14;6;14;7;14;8;14;9;14;10;14;11;14;12;14;13;14;14;14;15;14;16;14;17;14;17;13;17;12;17;11;17;10;17;9;16;9
1;3;7;9;3;14;4;14;5;14;6;14;7;14;8;14;9;14;10;14;11;14;12;14;13;14;14;14;15;14;16;14;17;14;17;13;17;12;17;11;17;10;17;9;16;9;15;9
1;3;7;9;4;14;5;14;6;14;7;14;8;14;9;14;10;14;11;14;12;14;13;14;14;14;15;14;16;14;17;14;17;13;17;12;17;11;17;10;17;9;16;9;15;9;14;9
1;3;7;9;5;14;6;14;7;14;8;14;9;14;10;14;11;14;12;14;13;14;14;14;15;14;16;14;17;14;17;13;17;12;17;11;17;10;17;9;16;9;15;9;14;9;13;9
1;3;7;9;6;14;7;14;8;14;9;14;10;14;11;14;12;14;13;14;14;14;15;14;16;14;17;14;17;13;17;12;17;11;17;10;17;9;16;9;15;9;14;9;13;9;12;9
1;3;7;9;7;14;8;14;9;14;10;14;11;14;12;14;13;14;14;14;15;14;16;14;17;14;17;13;17;12;17;11;17;10;17;9;16;9;15;9;14;9;13;9;12;9;11;9
1;3;7;9;8;14;9;14;10;14;11;14;12;14;13;14;14;14;15;14;16;14;17;14;17;13;17;12;17;11;17;10;17;9;16;9;15;9;14;9;13;9;12;9;11;9;10;9
1;3;7;9;9;14;10;14;11;14;12;14;13;14;14;14;15;14;16;14;17;14;17;13;17;12;17;11;17;10;17;9;16;9;15;9;14;9;13;9;12;9;11;9;10;9;9;9
1;3;7;9;10;14;11;14;12;14;13;14;14;14;15;14;16;14;17;14;17;13;17;12;17;11;17;10;17;9;16;9;15;9;14;9;13;9;12;9;11;9;10;9;9;9;8;9
1;3;19;5;11;14;11;14;12;14;13;14;14;14;15;14;16;14;17;14;17;13;17;12;17;11;17;10;17;9;16;9;15;9;14;9;13;9;12;9;11;9;10;9;9;9;8;9;7;9
1;0;19;5;11;14;12;14;13;14;14;14;15;14;16;14;17;14;17;13;17;12;17;11;17;10;17;9;16;9;15;9;14;9;13;9;12;9;11;9;10;9;9;9;8;9;7;9;7;8
1;1;19;5;12;14;13;14;14;14;15;14;16;14;17;14;17;13;17;12;17;11;17;10;17;9;16;9;15;9;14;9;13;9;12;9;11;9;10;9;9;9;8;9;7;9;7;8;8;8
1;1;19;5;13;14;14;14;15;14;16;14;17;14;17;13;17;12;17;11;17;10;17;9;16;9;15;9;14;9;13;9;12;9;11;9;10;9;9;9;8;9;7;9;7;8;8;8;9;8
1;1;19;5;14;14;15;14;16;14;17;14;17;13;17;12;17;11;17;10;17;9;16;9;15;9;14;9;13;9;12;9;11;9;10;9;9;9;8;9;7;9;7;8;8;8;9;8;10;8
1;1;19;5;15;14;16;14;17;14;17;13;17;12;17;11;17;10;17;9;16;9;15;9;14;9;13;9;12;9;11;9;10;9;9;9;8;9;7;9;7;8;8;8;9;8;10;8;11;8
1;1;19;5;16;14;17;14;17;13;17;12;17;11;17;10;17;9;16;9;15;9;14;9;13;9;12;9;11;9;10;9;9;9;8;9;7;9;7;8;8;8;9;8;10;8;11;8;12;8
1;1;19;5;17;14;17;13;17;12;17;11;17;10;17;9;16;9;15;9;14;9;13;9;12;9;11;9;10;9;9;9;8;9;7;9;7;8;8;8;9;8;10;8;11;8;12;8;13;8
1;1;19;5;17;13;17;12;17;11;17;10;17;9;16;9;15;9;14;9;13;9;12;9;11;9;10;9;9;9;8;9;7;9;7;8;8;8;9;8;10;8;11;8;12;8;13;8;14;8
1;1;19;5;17;12;17;11;17;10;17;9;16;9;15;9;14;9;13;9;12;9;11;9;10;9;9;9;8;9;7;9;7;8;8;8;9;8;10;8;11;8;12;8;13;8;14;8;15;8
1;1;19;5;17;11;17;10;17;9;16;9;15;9;14;9;13;9;12;9;11;9;10;9;9;9;8;9;7;9;7;8;8;8;9;8;10;8;11;8;12;8;13;8;14;8;15;8;16;8
1;1;19;5;17;10;17;9;16;9;15;9;14;9;13;9;12;9;11;9;10;9;9;9;8;9;7;9;7;8;8;8;9;8;10;8;11;8;12;8;13;8;14;8;15;8;16;8;17;8
1;1;19;5;17;9;16;9;15;9;14;9;13;9;12;9;11;9;10;9;9;9;8;9;7;9;7;8;8;8;9;8;10;8;11;8;12;8;13;8;14;8;15;8;16;8;17;8;18;8
1;2;19;5;16;9;15;9;14;9;13;9;12;9;11;9;10;9;9;9;8;9;7;9;7;8;8;8;9;8;10;8;11;8;12;8;13;8;14;8;15;8;16;8;17;8;18;8;18;9
1;1;19;5;15;9;14;9;13;9;12;9;11;9;10;9;9;9;8;9;7;9;7;8;8;8;9;8;10;8;11;8;12;8;13;8;14;8;15;8;16;8;17;8;18;8;18;9;19;9
1;0;19;5;14;9;13;9;12;9;11;9;10;9;9;9;8;9;7;9;7;8;8;8;9;8;10;8;11;8;12;8;13;8;14;8;15;8;16;8;17;8;18;8;18;9;19;9;19;8
1;0;19;5;13;9;12;9;11;9;10;9;9;9;8;9;7;9;7;8;8;8;9;8;10;8;11;8;12;8;13;8;14;8;15;8;16;8;17;8;18;8;18;9;19;9;19;8;19;7
1;0;19;5;12;9;11;9;10;9;9;9;8;9;7;9;7;8;8;8;9;8;10;8;11;8;12;8;13;8;14;8;15;8;16;8;17;8;18;8;18;9;19;9;19;8;19;7;19;6
1;0;2;8;11;9;11;9;10;9;9;9;8;9;7;9;7;8;8;8;9;8;10;8;11;8;12;8;13;8;14;8;15;8;16;8;17;8;18;8;18;9;19;9;19;8;19;7;19;6;19;5
1;3;2;8;11;9;10;9;9;9;8;9;7;9;7;8;8;8;9;8;10;8;11;8;12;8;13;8;14;8;15;8;16;8;17;8;18;8;18;9;19;9;19;8;19;7;19;6;19;5;18;5
1;3;2;8;10;9;9;9;8;9;7;9;7;8;8;8;9;8;10;8;11;8;12;8;13;8;14;8;15;8;16;8;17;8;18;8;18;9;19;9;19;8;19;7;19;6;19;5;18;5;17;5
1;3;2;8;9;9;8;9;7;9;7;8;8;8;9;8;10;8;11;8;12;8;13;8;14;8;15;8;16;8;17;8;18;8;18;9;19;9;19;8;19;7;19;6;19;5;18;5;17;5;16;5
1;3;2;8;8;9;7;9;7;8;8;8;9;8;10;8;11;8;12;8;13;8;14;8;15;8;16;8;17;8;18;8;18;9;19;9;19;8;19;7;19;6;19;5;18;5;17;5;16;5;15;5
1;3;2;8;7;9;7;8;8;8;9;8;10;8;11;8;12;8;13;8;14;8;15;8;16;8;17;8;18;8;18;9;19;9;19;8;19;7;19;6;19;5;18;5;17;5;16;5;15;5;14;5
1;3;2;8;7;8;8;8;9;8;10;8;11;8;12;8;13;8;14;8;15;8;16;8;17;8;18;8;18;9;19;9;19;8;19;7;19;6;19;5;18;5;17;5;16;5;15;5;14;5;13;5
1;3;2;8;8;8;9;8;10;8;11;8;12;8;13;8;14;8;15;8;16;8;17;8;18;8;18;9;19;9;19;8;19;7;19;6;19;5;18;5;17;5;16;5;15;5;14;5;13;5;12;5
1;3;2;8;9;8;10;8;11;8;12;8;13;8;14;8;15;8;16;8;17;8;18;8;18;9;19;9;19;8;19;7;19;6;19;5;18;5;17;5;16;5;15;5;14;5;13;5;12;5;11;5
1;2;2;8;10;8;11;8;12;8;13;8;14;8;15;8;16;8;17;8;18;8;18;9;19;9;19;8;19;7;19;6;19;5;18;5;17;5;16;5;15;5;14;5;13;5;12;5;11;5;11;6
1;2;2;8;11;8;12;8;13;8;14;8;15;8;16;8;17;8;18;8;18;9;19;9;19;8;19;7;19;6;19;5;18;5;17;5;16;5;15;5;14;5;13;5;12;5;11;5;11;6;11;7
1;2;2;8;12;8;13;8;14;8;15;8;16;8;17;8;18;8;18;9;19;9;19;8;19;7;19;6;19;5;18;5;17;5;16;5;15;5;14;5;13;5;12;5;11;5;11;6;11;7;11;8
1;3;2;8;13;8;14;8;15;8;16;8;17;8;18;8;18;9;19;9;19;8;19;7;19;6;19;5;18;5;17;5;16;5;15;5;14;5;13;5;12;5;11;5;11;6;11;7;11;8;10;8
1;3;2;8;14;8;15;8;16;8;17;8;18;8;18;9;19;9;19;8;19;7;19;6;19;5;18;5;17;5;16;5;15;5;14;5;13;5;12;5;11;5;11;6;11;7;11;8;10;8;9;8
1;3;2;8;15;8;16;8;17;8;18;8;18;9;19;9;19;8;19;7;19;6;19;5;18;5;17;5;16;5;15;5;14;5;13;5;12;5;11;5;11;6;11;7;11;8;10;8;9;8;8;8
1;3;2;8;16;8;17;8;18;8;18;9;19;9;19;8;19;7;19;6;19;5;18;5;17;5;16;5;15;5;14;5;13;5;12;5;11;5;11;6;11;7;11;8;10;8;9;8;8;8;7;8
1;3;2;8;17;8;18;8;18;9;19;9;19;8;19;7;19;6;19;5;18;5;17;5;16;5;15;5;14;5;13;5;12;5;11;5;11;6;11;7;11;8;10;8;9;8;8;8;7;8;6;8
1;3;2;8;18;8;18;9;19;9;19;8;19;7;19;6;19;5;18;5;17;5;16;5;15;5;14;5;13;5;12;5;11;5;11;6;11;7;11;8;10;8;9;8;8;8;7;8;6;8;5;8
1;3;2;8;18;9;19;9;19;8;19;7;19;6;19;5;18;5;17;5;16;5;15;5;14;5;13;5;12;5;11;5;11;6;11;7;11;8;10;8;9;8;8;8;7;8;6;8;5;8;4;8
1;3;2;8;19;9;19;8;19;7;19;6;19;5;18;5;17;5;16;5;15;5;14;5;13;5;12;5;11;5;11;6;11;7;11;8;10;8;9;8;8;8;7;8;6;8;5;8;4;8;3;8
1;3;2;11;19;8;19;8;19;7;19;6;19;5;18;5;17;5;16;5;15;5;14;5;13;5;12;5;11;5;11;6;11;7;11;8;10;8;9;8;8;8;7;8;6;8;5;8;4;8;3;8;2;8
1;2;2;11;19;8;19;7;19;6;19;5;18;5;17;5;16;5;15;5;14;5;13;5;12;5;11;5;11;6;11;7;11;8;10;8;9;8;8;8;7;8;6;8;5;8;4;8;3;8;2;8;2;9
1;2;2;11;19;7;19;6;19;5;18;5;17;5;16;5;15;5;14;5;13;5;12;5;11;5;11;6;11;7;11;8;10;8;9;8;8;8;7;8;6;8;5;8;4;8;3;8;2;8;2;9;2;10
1;2;11;16;19;6;19;6;19;5;18;5;17;5;16;5;15;5;14;5;13;5;12;5;11;5;11;6;11;7;11;8;10;8;9;8;8;8;7;8;6;8;5;8;4;8;3;8;2;8;2;9;2;10;2;11
1;2;11;16;19;6;19;5;18;5;17;5;16;5;15;5;14;5;13;5;12;5;11;5;11;6;11;7;11;8;10;8;9;8;8;8;7;8;6;8;5;8;4;8;3;8;2;8;2;9;2;10;2;11;2;12
1;2;11;16;19;5;18;5;17;5;16;5;15;5;14;5;13;5;12;5;11;5;11;6;11;7;11;8;10;8;9;8;8;8;7;8;6;8;5;8;4;8;3;8;2;8;2;9;2;10;2;11;2;12;2;13
1;2;11;16;18;5;17;5;16;5;15;5;14;5;13;5;12;5;11;5;11;6;11;7;11;8;10;8;9;8;8;8;7;8;6;8;5;8;4;8;3;8;2;8;2;9;2;10;2;11;2;12;2;13;2;14
1;2;11;16;17;5;16;5;15;5;14;5;13;5;12;5;11;5;11;6;11;7;11;8;10;8;9;8;8;8;7;8;6;8;5;8;4;8;3;8;2;8;2;9;2;10;2;11;2;12;2;13;2;14;2;15
1;2;11;16;16;5;15;5;14;5;13;5;12;5;11;5;11;6;11;7;11;8;10;8;9;8;8;8;7;8;6;8;5;8;4;8;3;8;2;8;2;9;2;10;2;11;2;12;2;13;2;14;2;15;2;16
1;1;11;16;15;5;14;5;13;5;12;5;11;5;11;6;11;7;11;8;10;8;9;8;8;8;7;8;6;8;5;8;4;8;3;8;2;8;2;9;2;10;2;11;2;12;2;13;2;14;2;15;2;16;3;16
1;1;11;16;14;5;13;5;12;5;11;5;11;6;11;7;11;8;10;8;9;8;8;8;7;8;6;8;5;8;4;8;3;8;2;8;2;9;2;10;2;11;2;12;2;13;2;14;2;15;2;16;3;16;4;16
1;1;11;16;13;5;12;5;11;5;11;6;11;7;11;8;10;8;9;8;8;8;7;8;6;8;5;8;4;8;3;8;2;8;2;9;2;10;2;11;2;12;2;13;2;14;2;15;2;16;3;16;4;16;5;16
1;1;11;16;12;5;11;5;11;6;11;7;11;8;10;8;9;8;8;8;7;8;6;8;5;8;4;8;3;8;2;8;2;9;2;10;2;11;2;12;2;13;2;14;2;15;2;16;3;16;4;16;5;16;6;16
1;1;11;16;11;5;11;6;11;7;11;8;10;8;9;8;8;8;7;8;6;8;5;8;4;8;3;8;2;8;2;9;2;10;2;11;2;12;2;13;2;14;2;15;2;16;3;16;4;16;5;16;6;16;7;16
1;1;11;16;11;6;11;7;11;8;10;8;9;8;8;8;7;8;6;8;5;8;4;8;3;8;2;8;2;9;2;10;2;11;2;12;2;13;2;14;2;15;2;16;3;16;4;16;5;16;6;16;7;16;8;16
1;1;11;16;11;7;11;8;10;8;9;8;8;8;7;8;6;8;5;8;4;8;3;8;2;8;2;9;2;10;2;11;2;12;2;13;2;14;2;15;2;16;3;16;4;16;5;16;6;16;7;16;8;16;9;16
1;1;11;16;11;8;10;8;9;8;8;8;7;8;6;8;5;8;4;8;3;8;2;8;2;9;2;10;2;11;2;12;2;13;2;14;2;15;2;16;3;16;4;16;5;16;6;16;7;16;8;16;9;16;10;16
1;1;13;1;10;8;10;8;9;8;8;8;7;8;6;8;5;8;4;8;3;8;2;8;2;9;2;10;2;11;2;12;2;13;2;14;2;15;2;16;3;16;4;16;5;16;6;16;7;16;8;16;9;16;10;16;11;16
1;1;13;1;10;8;9;8;8;8;7;8;6;8;5;8;4;8;3;8;2;8;2;9;2;10;2;11;2;12;2;13;2;14;2;15;2;16;3;16;4;16;5;16;6;16;7;16;8;16;9;16;10;16;11;16;12;16
1;1;13;1;9;8;8;8;7;8;6;8;5;8;4;8;3;8;2;8;2;9;2;10;2;11;2;12;2;13;2;14;2;15;2;16;3;16;4;16;5;16;6;16;7;16;8;16;9;16;10;16;11;16;12;16;13;16
1;0;13;1;8;8;7;8;6;8;5;8;4;8;3;8;2;8;2;9;2;10;2;11;2;12;2;13;2;14;2;15;2;16;3;16;4;16;5;16;6;16;7;16;8;16;9;16;10;16;11;16;12;16;13;16;13;15
1;0;13;1;7;8;6;8;5;8;4;8;3;8;2;8;2;9;2;10;2;11;2;12;2;13;2;14;2;15;2;16;3;16;4;16;5;16;6;16;7;16;8;16;9;16;10;16;11;16;12;16;13;16;13;15;13;14
1;0;13;1;6;8;5;8;4;8;3;8;2;8;2;9;2;10;2;11;2;12;2;13;2;14;2;15;2;16;3;16;4;16;5;16;6;16;7;16;8;16;9;16;10;16;11;16;12;16;13;16;13;15;13;14;13;13
1;0;13;1;5;8;4;8;3;8;2;8;2;9;2;10;2;11;2;12;2;13;2;14;2;15;2;16;3;16;4;16;5;16;6;16;7;16;8;16;9;16;10;16;11;16;12;16;13;16;13;15;13;14;13;13;13;12
1;0;13;1;4;8;3;8;2;8;2;9;2;10;2;11;2;12;2;13;2;14;2;15;2;16;3;16;4;16;5;16;6;16;7;16;8;16;9;16;10;16;11;16;12;16;13;16;13;15;13;14;13;13;13;12;13;11
1;0;13;1;3;8;2;8;2;9;2;10;2;11;2;12;2;13;2;14;2;15;2;16;3;16;4;16;5;16;6;16;7;16;8;16;9;16;10;16;11;16;12;16;13;16;13;15;13;14;13;13;13;12;13;11;13;10
1;0;13;1;2;8;2;9;2;10;2;11;2;12;2;13;2;14;2;15;2;16;3;16;4;16;5;16;6;16;7;16;8;16;9;16;10;16;11;16;12;16;13;16;13;15;13;14;13;13;13;12;13;11;13;10;13;9
1;0;13;1;2;9;2;10;2;11;2;12;2;13;2;14;2;15;2;16;3;16;4;16;5;16;6;16;7;16;8;16;9;16;10;16;11;16;12;16;13;16;13;15;13;14;13;13;13;12;13;11;13;10;13;9;13;8
1;0;13;1;2;10;2;11;2;12;2;13;2;14;2;15;2;16;3;16;4;16;5;16;6;16;7;16;8;16;9;16;10;16;11;16;12;16;13;16;13;15;13;14;13;13;13;12;13;11;13;10;13;9;13;8;13;7
1;0;13;1;2;11;2;12;2;13;2;14;2;15;2;16;3;16;4;16;5;16;6;16;7;16;8;16;9;16;10;16;11;16;12;16;13;16;13;15;13;14;13;13;13;12;13;11;13;10;13;9;13;8;13;7;13;6
1;0;13;1;2;12;2;13;2;14;2;15;2;16;3;16;4;16;5;16;6;16;7;16;8;16;9;16;10;16;11;16;12;16;13;16;13;15;13;14;13;13;13;12;13;11;13;10;13;9;13;8;13;7;13;6;13;5
1;0;13;1;2;13;2;14;2;15;2;16;3;16;4;16;5;16;6;16;7;16;8;16;9;16;10;16;11;16;12;16;13;16;13;15;13;14;13;13;13;12;13;11;13;10;13;9;13;8;13;7;13;6;13;5;13;4
1;0;13;1;2;14;2;15;2;16;3;16;4;16;5;16;6;16;7;16;8;16;9;16;10;16;11;16;12;16;13;16;13;15;13;14;13;13;13;12;13;11;13;10;13;9;13;8;13;7;13;6;13;5;13;4;13;3
1;0;13;1;2;15;2;16;3;16;4;16;5;16;6;16;7;16;8;16;9;16;10;16;11;16;12;16;13;16;13;15;13;14;13;13;13;12;13;11;13;10;13;9;13;8;13;7;13;6;13;5;13;4;13;3;13;2
1;0;4;10;2;16;2;16;3;16;4;16;5;16;6;16;7;16;8;16;9;16;10;16;11;16;12;16;13;16;13;15;13;14;13;13;13;12;13;11;13;10;13;9;13;8;13;7;13;6;13;5;13;4;13;3;13;2;13;1
1;3;4;10;2;16;3;16;4;16;5;16;6;16;7;16;8;16;9;16;10;16;11;16;12;16;13;16;13;15;13;14;13;13;13;12;13;11;13;10;13;9;13;8;13;7;13;6;13;5;13;4;13;3;13;2;13;1;12;1
1;3;4;10;3;16;4;16;5;16;6;16;7;16;8;16;9;16;10;16;11;16;12;16;13;16;13;15;13;14;13;13;13;12;13;11;13;10;13;9;13;8;13;7;13;6;13;5;13;4;13;3;13;2;13;1;12;1;11;1
1;3;4;10;4;16;5;16;6;16;7;16;8;16;9;16;10;16;11;16;12;16;13;16;13;15;13;14;13;13;13;12;13;11;13;10;13;9;13;8;13;7;13;6;13;5;13;4;13;3;13;2;13;1;12;1;11;1;10;1
1;3;4;10;5;16;6;16;7;16;8;16;9;16;10;16;11;16;12;16;13;16;13;15;13;14;13;13;13;12;13;11;13;10;13;9;13;8;13;7;13;6;13;5;13;4;13;3;13;2;13;1;12;1;11;1;10;1;9;1
1;3;4;10;6;16;7;16;8;16;9;16;10;16;11;16;12;16;13;16;13;15;13;14;13;13;13;12;13;11;13;10;13;9;13;8;13;7;13;6;13;5;13;4;13;3;13;2;13;1;12;1;11;1;10;1;9;1;8;1
1;3;4;10;7;16;8;16;9;16;10;16;11;16;12;16;13;16;13;15;13;14;13;13;13;12;13;11;13;10;13;9;13;8;13;7;13;6;13;5;13;4;13;3;13;2;13;1;12;1;11;1;10;1;9;1;8;1;7;1
1;3;4;10;8;16;9;16;10;16;11;16;12;16;13;16;13;15;13;14;13;13;13;12;13;11;13;10;13;9;13;8;13;7;13;6;13;5;13;4;13;3;13;2;13;1;12;1;11;1;10;1;9;1;8;1;7;1;6;1
1;3;4;10;9;16;10;16;11;16;12;16;13;16;13;15;13;14;13;13;13;12;13;11;13;10;13;9;13;8;13;7;13;6;13;5;13;4;13;3;13;2;13;1;12;1;11;1;10;1;9;1;8;1;7;1;6;1;5;1
1;3;4;10;10;16;11;16;12;16;13;16;13;15;13;14;13;13;13;12;13;11;13;10;13;9;13;8;13;7;13;6;13;5;13;4;13;3;13;2;13;1;12;1;11;1;10;1;9;1;8;1;7;1;6;1;5;1;4;1
1;2;4;10;11;16;12;16;13;16;13;15;13;14;13;13;13;12;13;11;13;10;13;9;13;8;13;7;13;6;13;5;13;4;13;3;13;2;13;1;12;1;11;1;10;1;9;1;8;1;7;1;6;1;5;1;4;1;4;2
1;2;4;10;12;16;13;16;13;15;13;14;13;13;13;12;13;11;13;10;13;9;13;8;13;7;13;6;13;5;13;4;13;3;13;2;13;1;12;1;11;1;10;1;9;1;8;1;7;1;6;1;5;1;4;1;4;2;4;3
1;2;4;10;13;16;13;15;13;14;13;13;13;12;13;11;13;10;13;9;13;8;13;7;13;6;13;5;13;4;13;3;13;2;13;1;12;1;11;1;10;1;9;1;8;1;7;1;6;1;5;1;4;1;4;2;4;3;4;4
1;2;4;10;13;15;13;14;13;13;13;12;13;11;13;10;13;9;13;8;13;7;13;6;13;5;13;4;13;3;13;2;13;1;12;1;11;1;10;1;9;1;8;1;7;1;6;1;5;1;4;1;4;2;4;3;4;4;4;5
1;2;4;10;13;14;13;13;13;12;13;11;13;10;13;9;13;8;13;7;13;6;13;5;13;4;13;3;13;2;13;1;12;1;11;1;10;1;9;1;8;1;7;1;6;1;5;1;4;1;4;2;4;3;4;4;4;5;4;6
1;2;4;10;13;13;13;12;13;11;13;10;13;9;13;8;13;7;13;6;13;5;13;4;13;3;13;2;13;1;12;1;11;1;10;1;9;1;8;1;7;1;6;1;5;1;4;1;4;2;4;3;4;4;4;5;4;6;4;7
1;2;4;10;13;12;13;11;13;10;13;9;13;8;13;7;13;6;13;5;13;4;13;3;13;2;13;1;12;1;11;1;10;1;9;1;8;1;7;1;6;1;5;1;4;1;4;2;4;3;4;4;4;5;4;6;4;7;4;8
1;2;4;10;13;11;13;10;13;9;13;8;13;7;13;6;13;5;13;4;13;3;13;2;13;1;12;1;11;1;10;1;9;1;8;1;7;1;6;1;5;1;4;1;4;2;4;3;4;4;4;5;4;6;4;7;4;8;4;9
1;2;2;9;13;10;13;10;13;9;13;8;13;7;13;6;13;5;13;4;13;3;13;2;13;1;12;1;11;1;10;1;9;1;8;1;7;1;6;1;5;1;4;1;4;2;4;3;4;4;4;5;4;6;4;7;4;8;4;9;4;10
1;3;2;9;13;10;13;9;13;8;13;7;13;6;13;5;13;4;13;3;13;2;13;1;12;1;11;1;10;1;9;1;8;1;7;1;6;1;5;1;4;1;4;2;4;3;4;4;4;5;4;6;4;7;4;8;4;9;4;10;3;10
1;0;2;9;13;9;13;8;13;7;13;6;13;5;13;4;13;3;13;2;13;1;12;1;11;1;10;1;9;1;8;1;7;1;6;1;5;1;4;1;4;2;4;3;4;4;4;5;4;6;4;7;4;8;4;9;4;10;3;10;3;9
1;3;19;8;13;8;13;8;13;7;13;6;13;5;13;4;13;3;13;2;13;1;12;1;11;1;10;1;9;1;8;1;7;1;6;1;5;1;4;1;4;2;4;3;4;4;4;5;4;6;4;7;4;8;4;9;4;10;3;10;3;9;2;9
1;0;19;8;13;8;13;7;13;6;13;5;13;4;13;3;13;2;13;1;12;1;11;1;10;1;9;1;8;1;7;1;6;1;5;1;4;1;4;2;4;3;4;4;4;5;4;6;4;7;4;8;4;9;4;10;3;10;3;9;2;9;2;8
1;0;19;8;13;7;13;6;13;5;13;4;13;3;13;2;13;1;12;1;11;1;10;1;9;1;8;1;7;1;6;1;5;1;4;1;4;2;4;3;4;4;4;5;4;6;4;7;4;8;4;9;4;10;3;10;3;9;2;9;2;8;2;7
1;0;19;8;13;6;13;5;13;4;13;3;13;2;13;1;12;1;11;1;10;1;9;1;8;1;7;1;6;1;5;1;4;1;4;2;4;3;4;4;4;5;4;6;4;7;4;8;4;9;4;10;3;10;3;9;2;9;2;8;2;7;2;6
1;0;19;8;13;5;13;4;13;3;13;2;13;1;12;1;11;1;10;1;9;1;8;1;7;1;6;1;5;1;4;1;4;2;4;3;4;4;4;5;4;6;4;7;4;8;4;9;4;10;3;10;3;9;2;9;2;8;2;7;2;6;2;5
1;0;19;8;13;4;13;3;13;2;13;1;12;1;11;1;10;1;9;1;8;1;7;1;6;1;5;1;4;1;4;2;4;3;4;4;4;5;4;6;4;7;4;8;4;9;4;10;3;10;3;9;2;9;2;8;2;7;2;6;2;5;2;4
1;0;19;8;13;3;13;2;13;1;12;1;11;1;10;1;9;1;8;1;7;1;6;1;5;1;4;1;4;2;4;3;4;4;4;5;4;6;4;7;4;8;4;9;4;10;3;10;3;9;2;9;2;8;2;7;2;6;2;5;2;4;2;3
1;0;19;8;13;2;13;1;12;1;11;1;10;1;9;1;8;1;7;1;6;1;5;1;4;1;4;2;4;3;4;4;4;5;4;6;4;7;4;8;4;9;4;10;3;10;3;9;2;9;2;8;2;7;2;6;2;5;2;4;2;3;2;2
1;0;19;8;13;1;12;1;11;1;10;1;9;1;8;1;7;1;6;1;5;1;4;1;4;2;4;3;4;4;4;5;4;6;4;7;4;8;4;9;4;10;3;10;3;9;2;9;2;8;2;7;2;6;2;5;2;4;2;3;2;2;2;1
1;0;19;8;12;1;11;1;10;1;9;1;8;1;7;1;6;1;5;1;4;1;4;2;4;3;4;4;4;5;4;6;4;7;4;8;4;9;4;10;3;10;3;9;2;9;2;8;2;7;2;6;2;5;2;4;2;3;2;2;2;1;2;0
1;1;19;8;11;1;10;1;9;1;8;1;7;1;6;1;5;1;4;1;4;2;4;3;4;4;4;5;4;6;4;7;4;8;4;9;4;10;3;10;3;9;2;9;2;8;2;7;2;6;2;5;2;4;2;3;2;2;2;1;2;0;3;0
1;2;19;8;10;1;9;1;8;1;7;1;6;1;5;1;4;1;4;2;4;3;4;4;4;5;4;6;4;7;4;8;4;9;4;10;3;10;3;9;2;9;2;8;2;7;2;6;2;5;2;4;2;3;2;2;2;1;2;0;3;0;3;1
1;2;19;8;9;1;8;1;7;1;6;1;5;1;4;1;4;2;4;3;4;4;4;5;4;6;4;7;4;8;4;9;4;10;3;10;3;9;2;9;2;8;2;7;2;6;2;5;2;4;2;3;2;2;2;1;2;0;3;0;3;1;3;2
1;2;19;8;8;1;7;1;6;1;5;1;4;1;4;2;4;3;4;4;4;5;4;6;4;7;4;8;4;9;4;10;3;10;3;9;2;9;2;8;2;7;2;6;2;5;2;4;2;3;2;2;2;1;2;0;3;0;3;1;3;2;3;3
