20
1;1;0;16;8;10;9;10;10;10
1;2;0;16;9;10;10;10;10;11
1;2;0;16;10;10;10;11;10;12
1;2;0;16;10;11;10;12;10;13
1;2;0;16;10;12;10;13;10;14
1;2;0;16;10;13;10;14;10;15
1;2;0;16;10;14;10;15;10;16
1;3;0;16;10;15;10;16;9;16
1;3;0;16;10;16;9;16;8;16
1;3;0;16;9;16;8;16;7;16
1;3;0;16;8;16;7;16;6;16
1;3;0;16;7;16;6;16;5;16
1;3;0;16;6;16;5;16;4;16
1;3;0;16;5;16;4;16;3;16
1;3;0;16;4;16;3;16;2;16
1;3;0;16;3;16;2;16;1;16
1;3;18;1;2;16;2;16;1;16;0;16
1;0;18;1;2;16;1;16;0;16;0;15
1;1;18;1;1;16;0;16;0;15;1;15
1;1;18;1;0;16;0;15;1;15;2;15
1;1;18;1;0;15;1;15;2;15;3;15
1;1;18;1;1;15;2;15;3;15;4;15
1;1;18;1;2;15;3;15;4;15;5;15
1;1;18;1;3;15;4;15;5;15;6;15
1;1;18;1;4;15;5;15;6;15;7;15
1;1;18;1;5;15;6;15;7;15;8;15
1;1;18;1;6;15;7;15;8;15;9;15
1;1;18;1;7;15;8;15;9;15;10;15
1;1;18;1;8;15;9;15;10;15;11;15
1;1;18;1;9;15;10;15;11;15;12;15
1;1;18;1;10;15;11;15;12;15;13;15
1;1;18;1;11;15;12;15;13;15;14;15
1;1;18;1;12;15;13;15;14;15;15;15
1;1;18;1;13;15;14;15;15;15;16;15
1;1;18;1;14;15;15;15;16;15;17;15
1;1;18;1;15;15;16;15;17;15;18;15
1;0;18;1;16;15;17;15;18;15;18;14
1;0;18;1;17;15;18;15;18;14;18;13
1;0;18;1;18;15;18;14;18;13;18;12
1;0;18;1;18;14;18;13;18;12;18;11
1;0;18;1;18;13;18;12;18;11;18;10
1;0;18;1;18;12;18;11;18;10;18;9
1;0;18;1;18;11;18;10;18;9;18;8
1;0;18;1;18;10;18;9;18;8;18;7
1;0;18;1;18;9;18;8;18;7;18;6
1;0;18;1;18;8;18;7;18;6;18;5
1;0;18;1;18;7;18;6;18;5;18;4
1;0;18;1;18;6;18;5;18;4;18;3
1;0;18;1;18;5;18;4;18;3;18;2
1;0;13;14;18;4;18;4;18;3;18;2;18;1
1;3;13;14;18;4;18;3;18;2;18;1;17;1
1;3;13;14;18;3;18;2;18;1;17;1;16;1
1;3;13;14;18;2;18;1;17;1;16;1;15;1
1;3;13;14;18;1;17;1;16;1;15;1;14;1
1;3;13;14;17;1;16;1;15;1;14;1;13;1
1;2;13;14;16;1;15;1;14;1;13;1;13;2
1;2;13;14;15;1;14;1;13;1;13;2;13;3
1;2;13;14;14;1;13;1;13;2;13;3;13;4
1;2;13;14;13;1;13;2;13;3;13;4;13;5
1;2;13;14;13;2;13;3;13;4;13;5;13;6
1;2;13;14;13;3;13;4;13;5;13;6;13;7
1;2;13;14;13;4;13;5;13;6;13;7;13;8
1;2;13;14;13;5;13;6;13;7;13;8;13;9
1;2;13;14;13;6;13;7;13;8;13;9;13;10
1;2;13;14;13;7;13;8;13;9;13;10;13;11
1;2;13;14;13;8;13;9;13;10;13;11;13;12
1;2;13;14;13;9;13;10;13;11;13;12;13;13
1;2;7;17;13;10;13;10;13;11;13;12;13;13;13;14
1;2;7;17;13;10;13;11;13;12;13;13;13;14;13;15
1;2;7;17;13;11;13;12;13;13;13;14;13;15;13;16
1;2;7;17;13;12;13;13;13;14;13;15;13;16;13;17
1;3;7;17;13;13;13;14;13;15;13;16;13;17;12;17
1;3;7;17;13;14;13;15;13;16;13;17;12;17;11;17
1;3;7;17;13;15;13;16;13;17;12;17;11;17;10;17
1;3;7;17;13;16;13;17;12;17;11;17;10;17;9;17
1;3;7;17;13;17;12;17;11;17;10;17;9;17;8;17
1;3;18;6;12;17;12;17;11;17;10;17;9;17;8;17;7;17
1;0;18;6;12;17;11;17;10;17;9;17;8;17;7;17;7;16
1;1;18;6;11;17;10;17;9;17;8;17;7;17;7;16;8;16
1;1;18;6;10;17;9;17;8;17;7;17;7;16;8;16;9;16
1;1;18;6;9;17;8;17;7;17;7;16;8;16;9;16;10;16
1;1;18;6;8;17;7;17;7;16;8;16;9;16;10;16;11;16
1;1;18;6;7;17;7;16;8;16;9;16;10;16;11;16;12;16
1;1;18;6;7;16;8;16;9;16;10;16;11;16;12;16;13;16
1;1;18;6;8;16;9;16;10;16;11;16;12;16;13;16;14;16
1;1;18;6;9;16;10;16;11;16;12;16;13;16;14;16;15;16
1;1;18;6;10;16;11;16;12;16;13;16;14;16;15;16;16;16
1;1;18;6;11;16;12;16;13;16;14;16;15;16;16;16;17;16
1;1;18;6;12;16;13;16;14;16;15;16;16;16;17;16;18;16
1;0;18;6;13;16;14;16;15;16;16;16;17;16;18;16;18;15
1;0;18;6;14;16;15;16;16;16;17;16;18;16;18;15;18;14
1;0;18;6;15;16;16;16;17;16;18;16;18;15;18;14;18;13
1;0;18;6;16;16;17;16;18;16;18;15;18;14;18;13;18;12
1;0;18;6;17;16;18;16;18;15;18;14;18;13;18;12;18;11
1;0;18;6;18;16;18;15;18;14;18;13;18;12;18;11;18;10
1;0;18;6;18;15;18;14;18;13;18;12;18;11;18;10;18;9
1;0;18;6;18;14;18;13;18;12;18;11;18;10;18;9;18;8
1;0;18;6;18;13;18;12;18;11;18;10;18;9;18;8;18;7
1;0;4;16;18;12;18;12;18;11;18;10;18;9;18;8;18;7;18;6
1;3;4;16;18;12;18;11;18;10;18;9;18;8;18;7;18;6;17;6
1;3;4;16;18;11;18;10;18;9;18;8;18;7;18;6;17;6;16;6
1;3;4;16;18;10;18;9;18;8;18;7;18;6;17;6;16;6;15;6
1;3;4;16;18;9;18;8;18;7;18;6;17;6;16;6;15;6;14;6
1;3;4;16;18;8;18;7;18;6;17;6;16;6;15;6;14;6;13;6
1;3;4;16;18;7;18;6;17;6;16;6;15;6;14;6;13;6;12;6
1;3;4;16;18;6;17;6;16;6;15;6;14;6;13;6;12;6;11;6
1;3;4;16;17;6;16;6;15;6;14;6;13;6;12;6;11;6;10;6
1;3;4;16;16;6;15;6;14;6;13;6;12;6;11;6;10;6;9;6
1;3;4;16;15;6;14;6;13;6;12;6;11;6;10;6;9;6;8;6
1;3;4;16;14;6;13;6;12;6;11;6;10;6;9;6;8;6;7;6
1;3;4;16;13;6;12;6;11;6;10;6;9;6;8;6;7;6;6;6
1;3;4;16;12;6;11;6;10;6;9;6;8;6;7;6;6;6;5;6
1;3;4;16;11;6;10;6;9;6;8;6;7;6;6;6;5;6;4;6
1;2;4;16;10;6;9;6;8;6;7;6;6;6;5;6;4;6;4;7
1;2;4;16;9;6;8;6;7;6;6;6;5;6;4;6;4;7;4;8
1;2;4;16;8;6;7;6;6;6;5;6;4;6;4;7;4;8;4;9
1;2;4;16;7;6;6;6;5;6;4;6;4;7;4;8;4;9;4;10
1;2;4;16;6;6;5;6;4;6;4;7;4;8;4;9;4;10;4;11
1;2;4;16;5;6;4;6;4;7;4;8;4;9;4;10;4;11;4;12
1;2;4;16;4;6;4;7;4;8;4;9;4;10;4;11;4;12;4;13
1;2;4;16;4;7;4;8;4;9;4;10;4;11;4;12;4;13;4;14
1;2;4;16;4;8;4;9;4;10;4;11;4;12;4;13;4;14;4;15
1;2;16;16;4;9;4;9;4;10;4;11;4;12;4;13;4;14;4;15;4;16
1;1;16;16;4;9;4;10;4;11;4;12;4;13;4;14;4;15;4;16;5;16
1;1;16;16;4;10;4;11;4;12;4;13;4;14;4;15;4;16;5;16;6;16
1;1;16;16;4;11;4;12;4;13;4;14;4;15;4;16;5;16;6;16;7;16
1;1;16;16;4;12;4;13;4;14;4;15;4;16;5;16;6;16;7;16;8;16
1;1;16;16;4;13;4;14;4;15;4;16;5;16;6;16;7;16;8;16;9;16
1;1;16;16;4;14;4;15;4;16;5;16;6;16;7;16;8;16;9;16;10;16
1;1;16;16;4;15;4;16;5;16;6;16;7;16;8;16;9;16;10;16;11;16
1;1;16;16;4;16;5;16;6;16;7;16;8;16;9;16;10;16;11;16;12;16
1;1;16;16;5;16;6;16;7;16;8;16;9;16;10;16;11;16;12;16;13;16
1;1;16;16;6;16;7;16;8;16;9;16;10;16;11;16;12;16;13;16;14;16
1;1;16;16;7;16;8;16;9;16;10;16;11;16;12;16;13;16;14;16;15;16
1;1;12;10;8;16;8;16;9;16;10;16;11;16;12;16;13;16;14;16;15;16;16;16
1;0;12;10;8;16;9;16;10;16;11;16;12;16;13;16;14;16;15;16;16;16;16;15
1;0;12;10;9;16;10;16;11;16;12;16;13;16;14;16;15;16;16;16;16;15;16;14
1;0;12;10;10;16;11;16;12;16;13;16;14;16;15;16;16;16;16;15;16;14;16;13
1;0;12;10;11;16;12;16;13;16;14;16;15;16;16;16;16;15;16;14;16;13;16;12
1;0;12;10;12;16;13;16;14;16;15;16;16;16;16;15;16;14;16;13;16;12;16;11
1;0;12;10;13;16;14;16;15;16;16;16;16;15;16;14;16;13;16;12;16;11;16;10
1;3;12;10;14;16;15;16;16;16;16;15;16;14;16;13;16;12;16;11;16;10;15;10
1;3;12;10;15;16;16;16;16;15;16;14;16;13;16;12;16;11;16;10;15;10;14;10
1;3;12;10;16;16;16;15;16;14;16;13;16;12;16;11;16;10;15;10;14;10;13;10
1;3;15;9;16;15;16;15;16;14;16;13;16;12;16;11;16;10;15;10;14;10;13;10;12;10
1;0;15;9;16;15;16;14;16;13;16;12;16;11;16;10;15;10;14;10;13;10;12;10;12;9
1;1;15;9;16;14;16;13;16;12;16;11;16;10;15;10;14;10;13;10;12;10;12;9;13;9
1;1;15;9;16;13;16;12;16;11;16;10;15;10;14;10;13;10;12;10;12;9;13;9;14;9
1;1;0;3;16;12;16;12;16;11;16;10;15;10;14;10;13;10;12;10;12;9;13;9;14;9;15;9
1;0;0;3;16;12;16;11;16;10;15;10;14;10;13;10;12;10;12;9;13;9;14;9;15;9;15;8
1;0;0;3;16;11;16;10;15;10;14;10;13;10;12;10;12;9;13;9;14;9;15;9;15;8;15;7
1;0;0;3;16;10;15;10;14;10;13;10;12;10;12;9;13;9;14;9;15;9;15;8;15;7;15;6
1;0;0;3;15;10;14;10;13;10;12;10;12;9;13;9;14;9;15;9;15;8;15;7;15;6;15;5
1;0;0;3;14;10;13;10;12;10;12;9;13;9;14;9;15;9;15;8;15;7;15;6;15;5;15;4
1;0;0;3;13;10;12;10;12;9;13;9;14;9;15;9;15;8;15;7;15;6;15;5;15;4;15;3
1;3;0;3;12;10;12;9;13;9;14;9;15;9;15;8;15;7;15;6;15;5;15;4;15;3;14;3
1;3;0;3;12;9;13;9;14;9;15;9;15;8;15;7;15;6;15;5;15;4;15;3;14;3;13;3
1;3;0;3;13;9;14;9;15;9;15;8;15;7;15;6;15;5;15;4;15;3;14;3;13;3;12;3
1;3;0;3;14;9;15;9;15;8;15;7;15;6;15;5;15;4;15;3;14;3;13;3;12;3;11;3
1;3;0;3;15;9;15;8;15;7;15;6;15;5;15;4;15;3;14;3;13;3;12;3;11;3;10;3
1;3;0;3;15;8;15;7;15;6;15;5;15;4;15;3;14;3;13;3;12;3;11;3;10;3;9;3
1;3;0;3;15;7;15;6;15;5;15;4;15;3;14;3;13;3;12;3;11;3;10;3;9;3;8;3
1;3;0;3;15;6;15;5;15;4;15;3;14;3;13;3;12;3;11;3;10;3;9;3;8;3;7;3
1;3;0;3;15;5;15;4;15;3;14;3;13;3;12;3;11;3;10;3;9;3;8;3;7;3;6;3
1;3;0;3;15;4;15;3;14;3;13;3;12;3;11;3;10;3;9;3;8;3;7;3;6;3;5;3
1;3;0;3;15;3;14;3;13;3;12;3;11;3;10;3;9;3;8;3;7;3;6;3;5;3;4;3
1;3;0;3;14;3;13;3;12;3;11;3;10;3;9;3;8;3;7;3;6;3;5;3;4;3;3;3
1;3;0;3;13;3;12;3;11;3;10;3;9;3;8;3;7;3;6;3;5;3;4;3;3;3;2;3
1;3;0;3;12;3;11;3;10;3;9;3;8;3;7;3;6;3;5;3;4;3;3;3;2;3;1;3
1;3;14;5;11;3;11;3;10;3;9;3;8;3;7;3;6;3;5;3;4;3;3;3;2;3;1;3;0;3
1;2;14;5;11;3;10;3;9;3;8;3;7;3;6;3;5;3;4;3;3;3;2;3;1;3;0;3;0;4
1;2;14;5;10;3;9;3;8;3;7;3;6;3;5;3;4;3;3;3;2;3;1;3;0;3;0;4;0;5
1;1;14;5;9;3;8;3;7;3;6;3;5;3;4;3;3;3;2;3;1;3;0;3;0;4;0;5;1;5
1;1;14;5;8;3;7;3;6;3;5;3;4;3;3;3;2;3;1;3;0;3;0;4;0;5;1;5;2;5
1;1;14;5;7;3;6;3;5;3;4;3;3;3;2;3;1;3;0;3;0;4;0;5;1;5;2;5;3;5
1;1;14;5;6;3;5;3;4;3;3;3;2;3;1;3;0;3;0;4;0;5;1;5;2;5;3;5;4;5
1;1;14;5;5;3;4;3;3;3;2;3;1;3;0;3;0;4;0;5;1;5;2;5;3;5;4;5;5;5
1;1;14;5;4;3;3;3;2;3;1;3;0;3;0;4;0;5;1;5;2;5;3;5;4;5;5;5;6;5
1;1;14;5;3;3;2;3;1;3;0;3;0;4;0;5;1;5;2;5;3;5;4;5;5;5;6;5;7;5
1;1;14;5;2;3;1;3;0;3;0;4;0;5;1;5;2;5;3;5;4;5;5;5;6;5;7;5;8;5
1;1;14;5;1;3;0;3;0;4;0;5;1;5;2;5;3;5;4;5;5;5;6;5;7;5;8;5;9;5
1;1;14;5;0;3;0;4;0;5;1;5;2;5;3;5;4;5;5;5;6;5;7;5;8;5;9;5;10;5
1;1;14;5;0;4;0;5;1;5;2;5;3;5;4;5;5;5;6;5;7;5;8;5;9;5;10;5;11;5
1;1;14;5;0;5;1;5;2;5;3;5;4;5;5;5;6;5;7;5;8;5;9;5;10;5;11;5;12;5
1;1;14;5;1;5;2;5;3;5;4;5;5;5;6;5;7;5;8;5;9;5;10;5;11;5;12;5;13;5
1;1;19;5;2;5;2;5;3;5;4;5;5;5;6;5;7;5;8;5;9;5;10;5;11;5;12;5;13;5;14;5
1;1;19;5;2;5;3;5;4;5;5;5;6;5;7;5;8;5;9;5;10;5;11;5;12;5;13;5;14;5;15;5
1;1;19;5;3;5;4;5;5;5;6;5;7;5;8;5;9;5;10;5;11;5;12;5;13;5;14;5;15;5;16;5
1;1;19;5;4;5;5;5;6;5;7;5;8;5;9;5;10;5;11;5;12;5;13;5;14;5;15;5;16;5;17;5
1;1;19;5;5;5;6;5;7;5;8;5;9;5;10;5;11;5;12;5;13;5;14;5;15;5;16;5;17;5;18;5
1;1;10;18;6;5;6;5;7;5;8;5;9;5;10;5;11;5;12;5;13;5;14;5;15;5;16;5;17;5;18;5;19;5
1;2;10;18;6;5;7;5;8;5;9;5;10;5;11;5;12;5;13;5;14;5;15;5;16;5;17;5;18;5;19;5;19;6
1;3;10;18;7;5;8;5;9;5;10;5;11;5;12;5;13;5;14;5;15;5;16;5;17;5;18;5;19;5;19;6;18;6
1;3;10;18;8;5;9;5;10;5;11;5;12;5;13;5;14;5;15;5;16;5;17;5;18;5;19;5;19;6;18;6;17;6
1;3;10;18;9;5;10;5;11;5;12;5;13;5;14;5;15;5;16;5;17;5;18;5;19;5;19;6;18;6;17;6;16;6
1;3;10;18;10;5;11;5;12;5;13;5;14;5;15;5;16;5;17;5;18;5;19;5;19;6;18;6;17;6;16;6;15;6
1;3;10;18;11;5;12;5;13;5;14;5;15;5;16;5;17;5;18;5;19;5;19;6;18;6;17;6;16;6;15;6;14;6
1;3;10;18;12;5;13;5;14;5;15;5;16;5;17;5;18;5;19;5;19;6;18;6;17;6;16;6;15;6;14;6;13;6
1;3;10;18;13;5;14;5;15;5;16;5;17;5;18;5;19;5;19;6;18;6;17;6;16;6;15;6;14;6;13;6;12;6
1;3;10;18;14;5;15;5;16;5;17;5;18;5;19;5;19;6;18;6;17;6;16;6;15;6;14;6;13;6;12;6;11;6
1;3;10;18;15;5;16;5;17;5;18;5;19;5;19;6;18;6;17;6;16;6;15;6;14;6;13;6;12;6;11;6;10;6
1;2;10;18;16;5;17;5;18;5;19;5;19;6;18;6;17;6;16;6;15;6;14;6;13;6;12;6;11;6;10;6;10;7
1;2;10;18;17;5;18;5;19;5;19;6;18;6;17;6;16;6;15;6;14;6;13;6;12;6;11;6;10;6;10;7;10;8
1;2;10;18;18;5;19;5;19;6;18;6;17;6;16;6;15;6;14;6;13;6;12;6;11;6;10;6;10;7;10;8;10;9
1;2;10;18;19;5;19;6;18;6;17;6;16;6;15;6;14;6;13;6;12;6;11;6;10;6;10;7;10;8;10;9;10;10
1;2;10;18;19;6;18;6;17;6;16;6;15;6;14;6;13;6;12;6;11;6;10;6;10;7;10;8;10;9;10;10;10;11
1;2;10;18;18;6;17;6;16;6;15;6;14;6;13;6;12;6;11;6;10;6;10;7;10;8;10;9;10;10;10;11;10;12
1;2;10;18;17;6;16;6;15;6;14;6;13;6;12;6;11;6;10;6;10;7;10;8;10;9;10;10;10;11;10;12;10;13
1;2;10;18;16;6;15;6;14;6;13;6;12;6;11;6;10;6;10;7;10;8;10;9;10;10;10;11;10;12;10;13;10;14
1;2;10;18;15;6;14;6;13;6;12;6;11;6;10;6;10;7;10;8;10;9;10;10;10;11;10;12;10;13;10;14;10;15
1;2;10;18;14;6;13;6;12;6;11;6;10;6;10;7;10;8;10;9;10;10;10;11;10;12;10;13;10;14;10;15;10;16
1;2;10;18;13;6;12;6;11;6;10;6;10;7;10;8;10;9;10;10;10;11;10;12;10;13;10;14;10;15;10;16;10;17
1;2;14;4;12;6;12;6;11;6;10;6;10;7;10;8;10;9;10;10;10;11;10;12;10;13;10;14;10;15;10;16;10;17;10;18
1;1;14;4;12;6;11;6;10;6;10;7;10;8;10;9;10;10;10;11;10;12;10;13;10;14;10;15;10;16;10;17;10;18;11;18
1;1;14;4;11;6;10;6;10;7;10;8;10;9;10;10;10;11;10;12;10;13;10;14;10;15;10;16;10;17;10;18;11;18;12;18
1;1;14;4;10;6;10;7;10;8;10;9;10;10;10;11;10;12;10;13;10;14;10;15;10;16;10;17;10;18;11;18;12;18;13;18
1;1;14;4;10;7;10;8;10;9;10;10;10;11;10;12;10;13;10;14;10;15;10;16;10;17;10;18;11;18;12;18;13;18;14;18
1;0;14;4;10;8;10;9;10;10;10;11;10;12;10;13;10;14;10;15;10;16;10;17;10;18;11;18;12;18;13;18;14;18;14;17
1;0;14;4;10;9;10;10;10;11;10;12;10;13;10;14;10;15;10;16;10;17;10;18;11;18;12;18;13;18;14;18;14;17;14;16
1;0;14;4;10;10;10;11;10;12;10;13;10;14;10;15;10;16;10;17;10;18;11;18;12;18;13;18;14;18;14;17;14;16;14;15
1;0;14;4;10;11;10;12;10;13;10;14;10;15;10;16;10;17;10;18;11;18;12;18;13;18;14;18;14;17;14;16;14;15;14;14
1;0;14;4;10;12;10;13;10;14;10;15;10;16;10;17;10;18;11;18;12;18;13;18;14;18;14;17;14;16;14;15;14;14;14;13
1;0;14;4;10;13;10;14;10;15;10;16;10;17;10;18;11;18;12;18;13;18;14;18;14;17;14;16;14;15;14;14;14;13;14;12
1;0;14;4;10;14;10;15;10;16;10;17;10;18;11;18;12;18;13;18;14;18;14;17;14;16;14;15;14;14;14;13;14;12;14;11
1;0;14;4;10;15;10;16;10;17;10;18;11;18;12;18;13;18;14;18;14;17;14;16;14;15;14;14;14;13;14;12;14;11;14;10
1;0;14;4;10;16;10;17;10;18;11;18;12;18;13;18;14;18;14;17;14;16;14;15;14;14;14;13;14;12;14;11;14;10;14;9
1;0;14;4;10;17;10;18;11;18;12;18;13;18;14;18;14;17;14;16;14;15;14;14;14;13;14;12;14;11;14;10;14;9;14;8
1;0;14;4;10;18;11;18;12;18;13;18;14;18;14;17;14;16;14;15;14;14;14;13;14;12;14;11;14;10;14;9;14;8;14;7
1;0;14;4;11;18;12;18;13;18;14;18;14;17;14;16;14;15;14;14;14;13;14;12;14;11;14;10;14;9;14;8;14;7;14;6
1;0;14;4;12;18;13;18;14;18;14;17;14;16;14;15;14;14;14;13;14;12;14;11;14;10;14;9;14;8;14;7;14;6;14;5
1;0;18;17;13;18;13;18;14;18;14;17;14;16;14;15;14;14;14;13;14;12;14;11;14;10;14;9;14;8;14;7;14;6;14;5;14;4
1;1;18;17;13;18;14;18;14;17;14;16;14;15;14;14;14;13;14;12;14;11;14;10;14;9;14;8;14;7;14;6;14;5;14;4;15;4
1;1;18;17;14;18;14;17;14;16;14;15;14;14;14;13;14;12;14;11;14;10;14;9;14;8;14;7;14;6;14;5;14;4;15;4;16;4
1;1;18;17;14;17;14;16;14;15;14;14;14;13;14;12;14;11;14;10;14;9;14;8;14;7;14;6;14;5;14;4;15;4;16;4;17;4
1;1;18;17;14;16;14;15;14;14;14;13;14;12;14;11;14;10;14;9;14;8;14;7;14;6;14;5;14;4;15;4;16;4;17;4;18;4
1;2;18;17;14;15;14;14;14;13;14;12;14;11;14;10;14;9;14;8;14;7;14;6;14;5;14;4;15;4;16;4;17;4;18;4;18;5
1;2;18;17;14;14;14;13;14;12;14;11;14;10;14;9;14;8;14;7;14;6;14;5;14;4;15;4;16;4;17;4;18;4;18;5;18;6
1;2;18;17;14;13;14;12;14;11;14;10;14;9;14;8;14;7;14;6;14;5;14;4;15;4;16;4;17;4;18;4;18;5;18;6;18;7
1;2;18;17;14;12;14;11;14;10;14;9;14;8;14;7;14;6;14;5;14;4;15;4;16;4;17;4;18;4;18;5;18;6;18;7;18;8
1;2;18;17;14;11;14;10;14;9;14;8;14;7;14;6;14;5;14;4;15;4;16;4;17;4;18;4;18;5;18;6;18;7;18;8;18;9
1;2;18;17;14;10;14;9;14;8;14;7;14;6;14;5;14;4;15;4;16;4;17;4;18;4;18;5;18;6;18;7;18;8;18;9;18;10
1;2;18;17;14;9;14;8;14;7;14;6;14;5;14;4;15;4;16;4;17;4;18;4;18;5;18;6;18;7;18;8;18;9;18;10;18;11
1;2;18;17;14;8;14;7;14;6;14;5;14;4;15;4;16;4;17;4;18;4;18;5;18;6;18;7;18;8;18;9;18;10;18;11;18;12
1;2;18;17;14;7;14;6;14;5;14;4;15;4;16;4;17;4;18;4;18;5;18;6;18;7;18;8;18;9;18;10;18;11;18;12;18;13
1;2;18;17;14;6;14;5;14;4;15;4;16;4;17;4;18;4;18;5;18;6;18;7;18;8;18;9;18;10;18;11;18;12;18;13;18;14
1;2;18;17;14;5;14;4;15;4;16;4;17;4;18;4;18;5;18;6;18;7;18;8;18;9;18;10;18;11;18;12;18;13;18;14;18;15
1;2;18;17;14;4;15;4;16;4;17;4;18;4;18;5;18;6;18;7;18;8;18;9;18;10;18;11;18;12;18;13;18;14;18;15;18;16
1;2;5;11;15;4;15;4;16;4;17;4;18;4;18;5;18;6;18;7;18;8;18;9;18;10;18;11;18;12;18;13;18;14;18;15;18;16;18;17
1;3;5;11;15;4;16;4;17;4;18;4;18;5;18;6;18;7;18;8;18;9;18;10;18;11;18;12;18;13;18;14;18;15;18;16;18;17;17;17
1;0;5;11;16;4;17;4;18;4;18;5;18;6;18;7;18;8;18;9;18;10;18;11;18;12;18;13;18;14;18;15;18;16;18;17;17;17;17;16
1;0;5;11;17;4;18;4;18;5;18;6;18;7;18;8;18;9;18;10;18;11;18;12;18;13;18;14;18;15;18;16;18;17;17;17;17;16;17;15
1;0;5;11;18;4;18;5;18;6;18;7;18;8;18;9;18;10;18;11;18;12;18;13;18;14;18;15;18;16;18;17;17;17;17;16;17;15;17;14
1;0;5;11;18;5;18;6;18;7;18;8;18;9;18;10;18;11;18;12;18;13;18;14;18;15;18;16;18;17;17;17;17;16;17;15;17;14;17;13
1;0;5;11;18;6;18;7;18;8;18;9;18;10;18;11;18;12;18;13;18;14;18;15;18;16;18;17;17;17;17;16;17;15;17;14;17;13;17;12
1;0;5;11;18;7;18;8;18;9;18;10;18;11;18;12;18;13;18;14;18;15;18;16;18;17;17;17;17;16;17;15;17;14;17;13;17;12;17;11
1;3;5;11;18;8;18;9;18;10;18;11;18;12;18;13;18;14;18;15;18;16;18;17;17;17;17;16;17;15;17;14;17;13;17;12;17;11;16;11
1;3;5;11;18;9;18;10;18;11;18;12;18;13;18;14;18;15;18;16;18;17;17;17;17;16;17;15;17;14;17;13;17;12;17;11;16;11;15;11
1;3;5;11;18;10;18;11;18;12;18;13;18;14;18;15;18;16;18;17;17;17;17;16;17;15;17;14;17;13;17;12;17;11;16;11;15;11;14;11
1;3;5;11;18;11;18;12;18;13;18;14;18;15;18;16;18;17;17;17;17;16;17;15;17;14;17;13;17;12;17;11;16;11;15;11;14;11;13;11
1;3;5;11;18;12;18;13;18;14;18;15;18;16;18;17;17;17;17;16;17;15;17;14;17;13;17;12;17;11;16;11;15;11;14;11;13;11;12;11
1;3;5;11;18;13;18;14;18;15;18;16;18;17;17;17;17;16;17;15;17;14;17;13;17;12;17;11;16;11;15;11;14;11;13;11;12;11;11;11
1;3;5;11;18;14;18;15;18;16;18;17;17;17;17;16;17;15;17;14;17;13;17;12;17;11;16;11;15;11;14;11;13;11;12;11;11;11;10;11
1;3;5;11;18;15;18;16;18;17;17;17;17;16;17;15;17;14;17;13;17;12;17;11;16;11;15;11;14;11;13;11;12;11;11;11;10;11;9;11
1;3;5;11;18;16;18;17;17;17;17;16;17;15;17;14;17;13;17;12;17;11;16;11;15;11;14;11;13;11;12;11;11;11;10;11;9;11;8;11
1;3;5;11;18;17;17;17;17;16;17;15;17;14;17;13;17;12;17;11;16;11;15;11;14;11;13;11;12;11;11;11;10;11;9;11;8;11;7;11
1;3;5;11;17;17;17;16;17;15;17;14;17;13;17;12;17;11;16;11;15;11;14;11;13;11;12;11;11;11;10;11;9;11;8;11;7;11;6;11
1;3;16;5;17;16;17;16;17;15;17;14;17;13;17;12;17;11;16;11;15;11;14;11;13;11;12;11;11;11;10;11;9;11;8;11;7;11;6;11;5;11
1;0;16;5;17;16;17;15;17;14;17;13;17;12;17;11;16;11;15;11;14;11;13;11;12;11;11;11;10;11;9;11;8;11;7;11;6;11;5;11;5;10
1;1;16;5;17;15;17;14;17;13;17;12;17;11;16;11;15;11;14;11;13;11;12;11;11;11;10;11;9;11;8;11;7;11;6;11;5;11;5;10;6;10
1;1;16;5;17;14;17;13;17;12;17;11;16;11;15;11;14;11;13;11;12;11;11;11;10;11;9;11;8;11;7;11;6;11;5;11;5;10;6;10;7;10
1;1;16;5;17;13;17;12;17;11;16;11;15;11;14;11;13;11;12;11;11;11;10;11;9;11;8;11;7;11;6;11;5;11;5;10;6;10;7;10;8;10
1;1;16;5;17;12;17;11;16;11;15;11;14;11;13;11;12;11;11;11;10;11;9;11;8;11;7;11;6;11;5;11;5;10;6;10;7;10;8;10;9;10
1;1;16;5;17;11;16;11;15;11;14;11;13;11;12;11;11;11;10;11;9;11;8;11;7;11;6;11;5;11;5;10;6;10;7;10;8;10;9;10;10;10
1;1;16;5;16;11;15;11;14;11;13;11;12;11;11;11;10;11;9;11;8;11;7;11;6;11;5;11;5;10;6;10;7;10;8;10;9;10;10;10;11;10
1;1;16;5;15;11;14;11;13;11;12;11;11;11;10;11;9;11;8;11;7;11;6;11;5;11;5;10;6;10;7;10;8;10;9;10;10;10;11;10;12;10
1;1;16;5;14;11;13;11;12;11;11;11;10;11;9;11;8;11;7;11;6;11;5;11;5;10;6;10;7;10;8;10;9;10;10;10;11;10;12;10;13;10
1;1;16;5;13;11;12;11;11;11;10;11;9;11;8;11;7;11;6;11;5;11;5;10;6;10;7;10;8;10;9;10;10;10;11;10;12;10;13;10;14;10
1;1;16;5;12;11;11;11;10;11;9;11;8;11;7;11;6;11;5;11;5;10;6;10;7;10;8;10;9;10;10;10;11;10;12;10;13;10;14;10;15;10
1;1;16;5;11;11;10;11;9;11;8;11;7;11;6;11;5;11;5;10;6;10;7;10;8;10;9;10;10;10;11;10;12;10;13;10;14;10;15;10;16;10
1;0;16;5;10;11;9;11;8;11;7;11;6;11;5;11;5;10;6;10;7;10;8;10;9;10;10;10;11;10;12;10;13;10;14;10;15;10;16;10;16;9
1;0;16;5;9;11;8;11;7;11;6;11;5;11;5;10;6;10;7;10;8;10;9;10;10;10;11;10;12;10;13;10;14;10;15;10;16;10;16;9;16;8
1;0;16;5;8;11;7;11;6;11;5;11;5;10;6;10;7;10;8;10;9;10;10;10;11;10;12;10;13;10;14;10;15;10;16;10;16;9;16;8;16;7
1;0;16;5;7;11;6;11;5;11;5;10;6;10;7;10;8;10;9;10;10;10;11;10;12;10;13;10;14;10;15;10;16;10;16;9;16;8;16;7;16;6
1;0;5;4;6;11;6;11;5;11;5;10;6;10;7;10;8;10;9;10;10;10;11;10;12;10;13;10;14;10;15;10;16;10;16;9;16;8;16;7;16;6;16;5
1;0;5;4;6;11;5;11;5;10;6;10;7;10;8;10;9;10;10;10;11;10;12;10;13;10;14;10;15;10;16;10;16;9;16;8;16;7;16;6;16;5;16;4
1;3;5;4;5;11;5;10;6;10;7;10;8;10;9;10;10;10;11;10;12;10;13;10;14;10;15;10;16;10;16;9;16;8;16;7;16;6;16;5;16;4;15;4
1;3;5;4;5;10;6;10;7;10;8;10;9;10;10;10;11;10;12;10;13;10;14;10;15;10;16;10;16;9;16;8;16;7;16;6;16;5;16;4;15;4;14;4
1;3;5;4;6;10;7;10;8;10;9;10;10;10;11;10;12;10;13;10;14;10;15;10;16;10;16;9;16;8;16;7;16;6;16;5;16;4;15;4;14;4;13;4
1;3;5;4;7;10;8;10;9;10;10;10;11;10;12;10;13;10;14;10;15;10;16;10;16;9;16;8;16;7;16;6;16;5;16;4;15;4;14;4;13;4;12;4
1;3;5;4;8;10;9;10;10;10;11;10;12;10;13;10;14;10;15;10;16;10;16;9;16;8;16;7;16;6;16;5;16;4;15;4;14;4;13;4;12;4;11;4
1;3;5;4;9;10;10;10;11;10;12;10;13;10;14;10;15;10;16;10;16;9;16;8;16;7;16;6;16;5;16;4;15;4;14;4;13;4;12;4;11;4;10;4
1;3;5;4;10;10;11;10;12;10;13;10;14;10;15;10;16;10;16;9;16;8;16;7;16;6;16;5;16;4;15;4;14;4;13;4;12;4;11;4;10;4;9;4
1;3;5;4;11;10;12;10;13;10;14;10;15;10;16;10;16;9;16;8;16;7;16;6;16;5;16;4;15;4;14;4;13;4;12;4;11;4;10;4;9;4;8;4
1;3;5;4;12;10;13;10;14;10;15;10;16;10;16;9;16;8;16;7;16;6;16;5;16;4;15;4;14;4;13;4;12;4;11;4;10;4;9;4;8;4;7;4
1;3;5;4;13;10;14;10;15;10;16;10;16;9;16;8;16;7;16;6;16;5;16;4;15;4;14;4;13;4;12;4;11;4;10;4;9;4;8;4;7;4;6;4
1;3;3;1;14;10;14;10;15;10;16;10;16;9;16;8;16;7;16;6;16;5;16;4;15;4;14;4;13;4;12;4;11;4;10;4;9;4;8;4;7;4;6;4;5;4
1;3;3;1;14;10;15;10;16;10;16;9;16;8;16;7;16;6;16;5;16;4;15;4;14;4;13;4;12;4;11;4;10;4;9;4;8;4;7;4;6;4;5;4;4;4
1;3;3;1;15;10;16;10;16;9;16;8;16;7;16;6;16;5;16;4;15;4;14;4;13;4;12;4;11;4;10;4;9;4;8;4;7;4;6;4;5;4;4;4;3;4
1;0;3;1;16;10;16;9;16;8;16;7;16;6;16;5;16;4;15;4;14;4;13;4;12;4;11;4;10;4;9;4;8;4;7;4;6;4;5;4;4;4;3;4;3;3
1;0;3;1;16;9;16;8;16;7;16;6;16;5;16;4;15;4;14;4;13;4;12;4;11;4;10;4;9;4;8;4;7;4;6;4;5;4;4;4;3;4;3;3;3;2
1;0;3;17;16;8;16;8;16;7;16;6;16;5;16;4;15;4;14;4;13;4;12;4;11;4;10;4;9;4;8;4;7;4;6;4;5;4;4;4;3;4;3;3;3;2;3;1
1;1;3;17;16;8;16;7;16;6;16;5;16;4;15;4;14;4;13;4;12;4;11;4;10;4;9;4;8;4;7;4;6;4;5;4;4;4;3;4;3;3;3;2;3;1;4;1
1;1;3;17;16;7;16;6;16;5;16;4;15;4;14;4;13;4;12;4;11;4;10;4;9;4;8;4;7;4;6;4;5;4;4;4;3;4;3;3;3;2;3;1;4;1;5;1
1;1;3;17;16;6;16;5;16;4;15;4;14;4;13;4;12;4;11;4;10;4;9;4;8;4;7;4;6;4;5;4;4;4;3;4;3;3;3;2;3;1;4;1;5;1;6;1
1;1;3;17;16;5;16;4;15;4;14;4;13;4;12;4;11;4;10;4;9;4;8;4;7;4;6;4;5;4;4;4;3;4;3;3;3;2;3;1;4;1;5;1;6;1;7;1
1;1;3;17;16;4;15;4;14;4;13;4;12;4;11;4;10;4;9;4;8;4;7;4;6;4;5;4;4;4;3;4;3;3;3;2;3;1;4;1;5;1;6;1;7;1;8;1
1;0;3;17;15;4;14;4;13;4;12;4;11;4;10;4;9;4;8;4;7;4;6;4;5;4;4;4;3;4;3;3;3;2;3;1;4;1;5;1;6;1;7;1;8;1;8;0
1;3;3;17;14;4;13;4;12;4;11;4;10;4;9;4;8;4;7;4;6;4;5;4;4;4;3;4;3;3;3;2;3;1;4;1;5;1;6;1;7;1;8;1;8;0;7;0
1;3;3;17;13;4;12;4;11;4;10;4;9;4;8;4;7;4;6;4;5;4;4;4;3;4;3;3;3;2;3;1;4;1;5;1;6;1;7;1;8;1;8;0;7;0;6;0
1;3;3;17;12;4;11;4;10;4;9;4;8;4;7;4;6;4;5;4;4;4;3;4;3;3;3;2;3;1;4;1;5;1;6;1;7;1;8;1;8;0;7;0;6;0;5;0
1;3;3;17;11;4;10;4;9;4;8;4;7;4;6;4;5;4;4;4;3;4;3;3;3;2;3;1;4;1;5;1;6;1;7;1;8;1;8;0;7;0;6;0;5;0;4;0
1;3;3;17;10;4;9;4;8;4;7;4;6;4;5;4;4;4;3;4;3;3;3;2;3;1;4;1;5;1;6;1;7;1;8;1;8;0;7;0;6;0;5;0;4;0;3;0
1;3;3;17;9;4;8;4;7;4;6;4;5;4;4;4;3;4;3;3;3;2;3;1;4;1;5;1;6;1;7;1;8;1;8;0;7;0;6;0;5;0;4;0;3;0;2;0
1;2;3;17;8;4;7;4;6;4;5;4;4;4;3;4;3;3;3;2;3;1;4;1;5;1;6;1;7;1;8;1;8;0;7;0;6;0;5;0;4;0;3;0;2;0;2;1
1;2;3;17;7;4;6;4;5;4;4;4;3;4;3;3;3;2;3;1;4;1;5;1;6;1;7;1;8;1;8;0;7;0;6;0;5;0;4;0;3;0;2;0;2;1;2;2
1;2;3;17;6;4;5;4;4;4;3;4;3;3;3;2;3;1;4;1;5;1;6;1;7;1;8;1;8;0;7;0;6;0;5;0;4;0;3;0;2;0;2;1;2;2;2;3
1;2;3;17;5;4;4;4;3;4;3;3;3;2;3;1;4;1;5;1;6;1;7;1;8;1;8;0;7;0;6;0;5;0;4;0;3;0;2;0;2;1;2;2;2;3;2;4
1;2;3;17;4;4;3;4;3;3;3;2;3;1;4;1;5;1;6;1;7;1;8;1;8;0;7;0;6;0;5;0;4;0;3;0;2;0;2;1;2;2;2;3;2;4;2;5
1;1;3;17;3;4;3;3;3;2;3;1;4;1;5;1;6;1;7;1;8;1;8;0;7;0;6;0;5;0;4;0;3;0;2;0;2;1;2;2;2;3;2;4;2;5;3;5
1;2;3;17;3;3;3;2;3;1;4;1;5;1;6;1;7;1;8;1;8;0;7;0;6;0;5;0;4;0;3;0;2;0;2;1;2;2;2;3;2;4;2;5;3;5;3;6
1;2;3;17;3;2;3;1;4;1;5;1;6;1;7;1;8;1;8;0;7;0;6;0;5;0;4;0;3;0;2;0;2;1;2;2;2;3;2;4;2;5;3;5;3;6;3;7
1;2;3;17;3;1;4;1;5;1;6;1;7;1;8;1;8;0;7;0;6;0;5;0;4;0;3;0;2;0;2;1;2;2;2;3;2;4;2;5;3;5;3;6;3;7;3;8
1;2;3;17;4;1;5;1;6;1;7;1;8;1;8;0;7;0;6;0;5;0;4;0;3;0;2;0;2;1;2;2;2;3;2;4;2;5;3;5;3;6;3;7;3;8;3;9
1;2;3;17;5;1;6;1;7;1;8;1;8;0;7;0;6;0;5;0;4;0;3;0;2;0;2;1;2;2;2;3;2;4;2;5;3;5;3;6;3;7;3;8;3;9;3;10
1;2;3;17;6;1;7;1;8;1;8;0;7;0;6;0;5;0;4;0;3;0;2;0;2;1;2;2;2;3;2;4;2;5;3;5;3;6;3;7;3;8;3;9;3;10;3;11
1;2;3;17;7;1;8;1;8;0;7;0;6;0;5;0;4;0;3;0;2;0;2;1;2;2;2;3;2;4;2;5;3;5;3;6;3;7;3;8;3;9;3;10;3;11;3;12
1;2;3;17;8;1;8;0;7;0;6;0;5;0;4;0;3;0;2;0;2;1;2;2;2;3;2;4;2;5;3;5;3;6;3;7;3;8;3;9;3;10;3;11;3;12;3;13
1;2;3;17;8;0;7;0;6;0;5;0;4;0;3;0;2;0;2;1;2;2;2;3;2;4;2;5;3;5;3;6;3;7;3;8;3;9;3;10;3;11;3;12;3;13;3;14
1;2;3;17;7;0;6;0;5;0;4;0;3;0;2;0;2;1;2;2;2;3;2;4;2;5;3;5;3;6;3;7;3;8;3;9;3;10;3;11;3;12;3;13;3;14;3;15
1;2;3;17;6;0;5;0;4;0;3;0;2;0;2;1;2;2;2;3;2;4;2;5;3;5;3;6;3;7;3;8;3;9;3;10;3;11;3;12;3;13;3;14;3;15;3;16
1;2;3;18;5;0;5;0;4;0;3;0;2;0;2;1;2;2;2;3;2;4;2;5;3;5;3;6;3;7;3;8;3;9;3;10;3;11;3;12;3;13;3;14;3;15;3;16;3;17
1;2;15;11;5;0;5;0;4;0;3;0;2;0;2;1;2;2;2;3;2;4;2;5;3;5;3;6;3;7;3;8;3;9;3;10;3;11;3;12;3;13;3;14;3;15;3;16;3;17;3;18
1;1;15;11;5;0;4;0;3;0;2;0;2;1;2;2;2;3;2;4;2;5;3;5;3;6;3;7;3;8;3;9;3;10;3;11;3;12;3;13;3;14;3;15;3;16;3;17;3;18;4;18
1;1;15;11;4;0;3;0;2;0;2;1;2;2;2;3;2;4;2;5;3;5;3;6;3;7;3;8;3;9;3;10;3;11;3;12;3;13;3;14;3;15;3;16;3;17;3;18;4;18;5;18
1;1;15;11;3;0;2;0;2;1;2;2;2;3;2;4;2;5;3;5;3;6;3;7;3;8;3;9;3;10;3;11;3;12;3;13;3;14;3;15;3;16;3;17;3;18;4;18;5;18;6;18
1;1;15;11;2;0;2;1;2;2;2;3;2;4;2;5;3;5;3;6;3;7;3;8;3;9;3;10;3;11;3;12;3;13;3;14;3;15;3;16;3;17;3;18;4;18;5;18;6;18;7;18
1;1;15;11;2;1;2;2;2;3;2;4;2;5;3;5;3;6;3;7;3;8;3;9;3;10;3;11;3;12;3;13;3;14;3;15;3;16;3;17;3;18;4;18;5;18;6;18;7;18;8;18
1;1;15;11;2;2;2;3;2;4;2;5;3;5;3;6;3;7;3;8;3;9;3;10;3;11;3;12;3;13;3;14;3;15;3;16;3;17;3;18;4;18;5;18;6;18;7;18;8;18;9;18
1;1;15;11;2;3;2;4;2;5;3;5;3;6;3;7;3;8;3;9;3;10;3;11;3;12;3;13;3;14;3;15;3;16;3;17;3;18;4;18;5;18;6;18;7;18;8;18;9;18;10;18
1;1;15;11;2;4;2;5;3;5;3;6;3;7;3;8;3;9;3;10;3;11;3;12;3;13;3;14;3;15;3;16;3;17;3;18;4;18;5;18;6;18;7;18;8;18;9;18;10;18;11;18
1;1;15;11;2;5;3;5;3;6;3;7;3;8;3;9;3;10;3;11;3;12;3;13;3;14;3;15;3;16;3;17;3;18;4;18;5;18;6;18;7;18;8;18;9;18;10;18;11;18;12;18
1;1;15;11;3;5;3;6;3;7;3;8;3;9;3;10;3;11;3;12;3;13;3;14;3;15;3;16;3;17;3;18;4;18;5;18;6;18;7;18;8;18;9;18;10;18;11;18;12;18;13;18
1;1;15;11;3;6;3;7;3;8;3;9;3;10;3;11;3;12;3;13;3;14;3;15;3;16;3;17;3;18;4;18;5;18;6;18;7;18;8;18;9;18;10;18;11;18;12;18;13;18;14;18
1;1;15;11;3;7;3;8;3;9;3;10;3;11;3;12;3;13;3;14;3;15;3;16;3;17;3;18;4;18;5;18;6;18;7;18;8;18;9;18;10;18;11;18;12;18;13;18;14;18;15;18
1;0;15;11;3;8;3;9;3;10;3;11;3;12;3;13;3;14;3;15;3;16;3;17;3;18;4;18;5;18;6;18;7;18;8;18;9;18;10;18;11;18;12;18;13;18;14;18;15;18;15;17
1;0;15;11;3;9;3;10;3;11;3;12;3;13;3;14;3;15;3;16;3;17;3;18;4;18;5;18;6;18;7;18;8;18;9;18;10;18;11;18;12;18;13;18;14;18;15;18;15;17;15;16
1;0;15;11;3;10;3;11;3;12;3;13;3;14;3;15;3;16;3;17;3;18;4;18;5;18;6;18;7;18;8;18;9;18;10;18;11;18;12;18;13;18;14;18;15;18;15;17;15;16;15;15
1;0;15;11;3;11;3;12;3;13;3;14;3;15;3;16;3;17;3;18;4;18;5;18;6;18;7;18;8;18;9;18;10;18;11;18;12;18;13;18;14;18;15;18;15;17;15;16;15;15;15;14
1;0;15;11;3;12;3;13;3;14;3;15;3;16;3;17;3;18;4;18;5;18;6;18;7;18;8;18;9;18;10;18;11;18;12;18;13;18;14;18;15;18;15;17;15;16;15;15;15;14;15;13
1;0;15;11;3;13;3;14;3;15;3;16;3;17;3;18;4;18;5;18;6;18;7;18;8;18;9;18;10;18;11;18;12;18;13;18;14;18;15;18;15;17;15;16;15;15;15;14;15;13;15;12
1;0;17;7;3;14;3;14;3;15;3;16;3;17;3;18;4;18;5;18;6;18;7;18;8;18;9;18;10;18;11;18;12;18;13;18;14;18;15;18;15;17;15;16;15;15;15;14;15;13;15;12;15;11
1;0;17;7;3;14;3;15;3;16;3;17;3;18;4;18;5;18;6;18;7;18;8;18;9;18;10;18;11;18;12;18;13;18;14;18;15;18;15;17;15;16;15;15;15;14;15;13;15;12;15;11;15;10
1;0;17;7;3;15;3;16;3;17;3;18;4;18;5;18;6;18;7;18;8;18;9;18;10;18;11;18;12;18;13;18;14;18;15;18;15;17;15;16;15;15;15;14;15;13;15;12;15;11;15;10;15;9
1;0;17;7;3;16;3;17;3;18;4;18;5;18;6;18;7;18;8;18;9;18;10;18;11;18;12;18;13;18;14;18;15;18;15;17;15;16;15;15;15;14;15;13;15;12;15;11;15;10;15;9;15;8
1;0;17;7;3;17;3;18;4;18;5;18;6;18;7;18;8;18;9;18;10;18;11;18;12;18;13;18;14;18;15;18;15;17;15;16;15;15;15;14;15;13;15;12;15;11;15;10;15;9;15;8;15;7
1;1;17;7;3;18;4;18;5;18;6;18;7;18;8;18;9;18;10;18;11;18;12;18;13;18;14;18;15;18;15;17;15;16;15;15;15;14;15;13;15;12;15;11;15;10;15;9;15;8;15;7;16;7
1;1;9;8;4;18;4;18;5;18;6;18;7;18;8;18;9;18;10;18;11;18;12;18;13;18;14;18;15;18;15;17;15;16;15;15;15;14;15;13;15;12;15;11;15;10;15;9;15;8;15;7;16;7;17;7
1;2;9;8;4;18;5;18;6;18;7;18;8;18;9;18;10;18;11;18;12;18;13;18;14;18;15;18;15;17;15;16;15;15;15;14;15;13;15;12;15;11;15;10;15;9;15;8;15;7;16;7;17;7;17;8
1;1;9;8;5;18;6;18;7;18;8;18;9;18;10;18;11;18;12;18;13;18;14;18;15;18;15;17;15;16;15;15;15;14;15;13;15;12;15;11;15;10;15;9;15;8;15;7;16;7;17;7;17;8;18;8
1;2;9;8;6;18;7;18;8;18;9;18;10;18;11;18;12;18;13;18;14;18;15;18;15;17;15;16;15;15;15;14;15;13;15;12;15;11;15;10;15;9;15;8;15;7;16;7;17;7;17;8;18;8;18;9
1;2;9;8;7;18;8;18;9;18;10;18;11;18;12;18;13;18;14;18;15;18;15;17;15;16;15;15;15;14;15;13;15;12;15;11;15;10;15;9;15;8;15;7;16;7;17;7;17;8;18;8;18;9;18;10
1;2;9;8;8;18;9;18;10;18;11;18;12;18;13;18;14;18;15;18;15;17;15;16;15;15;15;14;15;13;15;12;15;11;15;10;15;9;15;8;15;7;16;7;17;7;17;8;18;8;18;9;18;10;18;11
1;2;9;8;9;18;10;18;11;18;12;18;13;18;14;18;15;18;15;17;15;16;15;15;15;14;15;13;15;12;15;11;15;10;15;9;15;8;15;7;16;7;17;7;17;8;18;8;18;9;18;10;18;11;18;12
1;3;9;8;10;18;11;18;12;18;13;18;14;18;15;18;15;17;15;16;15;15;15;14;15;13;15;12;15;11;15;10;15;9;15;8;15;7;16;7;17;7;17;8;18;8;18;9;18;10;18;11;18;12;17;12
1;3;9;8;11;18;12;18;13;18;14;18;15;18;15;17;15;16;15;15;15;14;15;13;15;12;15;11;15;10;15;9;15;8;15;7;16;7;17;7;17;8;18;8;18;9;18;10;18;11;18;12;17;12;16;12
1;0;9;8;12;18;13;18;14;18;15;18;15;17;15;16;15;15;15;14;15;13;15;12;15;11;15;10;15;9;15;8;15;7;16;7;17;7;17;8;18;8;18;9;18;10;18;11;18;12;17;12;16;12;16;11
