20
1;1;18;1;8;10;9;10;10;10
1;0;18;1;9;10;10;10;10;9
1;1;18;1;10;10;10;9;11;9
1;0;18;1;10;9;11;9;11;8
1;1;18;1;11;9;11;8;12;8
1;0;18;1;11;8;12;8;12;7
1;1;18;1;12;8;12;7;13;7
1;0;18;1;12;7;13;7;13;6
1;1;18;1;13;7;13;6;14;6
1;1;18;1;13;6;14;6;15;6
1;1;18;1;14;6;15;6;16;6
1;1;18;1;15;6;16;6;17;6
1;1;18;1;16;6;17;6;18;6
1;0;18;1;17;6;18;6;18;5
1;0;18;1;18;6;18;5;18;4
1;0;18;1;18;5;18;4;18;3
1;0;18;1;18;4;18;3;18;2
1;0;15;9;18;3;18;3;18;2;18;1
1;3;15;9;18;3;18;2;18;1;17;1
1;3;15;9;18;2;18;1;17;1;16;1
1;3;15;9;18;1;17;1;16;1;15;1
1;2;15;9;17;1;16;1;15;1;15;2
1;2;15;9;16;1;15;1;15;2;15;3
1;2;15;9;15;1;15;2;15;3;15;4
1;2;15;9;15;2;15;3;15;4;15;5
1;2;15;9;15;3;15;4;15;5;15;6
1;2;15;9;15;4;15;5;15;6;15;7
1;2;15;9;15;5;15;6;15;7;15;8
1;2;5;10;15;6;15;6;15;7;15;8;15;9
1;2;5;10;15;6;15;7;15;8;15;9;15;10
1;3;5;10;15;7;15;8;15;9;15;10;14;10
1;3;5;10;15;8;15;9;15;10;14;10;13;10
1;3;5;10;15;9;15;10;14;10;13;10;12;10
1;3;5;10;15;10;14;10;13;10;12;10;11;10
1;3;5;10;14;10;13;10;12;10;11;10;10;10
1;3;5;10;13;10;12;10;11;10;10;10;9;10
1;3;5;10;12;10;11;10;10;10;9;10;8;10
1;3;5;10;11;10;10;10;9;10;8;10;7;10
1;3;5;10;10;10;9;10;8;10;7;10;6;10
1;3;12;9;9;10;9;10;8;10;7;10;6;10;5;10
1;0;12;9;9;10;8;10;7;10;6;10;5;10;5;9
1;1;12;9;8;10;7;10;6;10;5;10;5;9;6;9
1;1;12;9;7;10;6;10;5;10;5;9;6;9;7;9
1;1;12;9;6;10;5;10;5;9;6;9;7;9;8;9
1;1;12;9;5;10;5;9;6;9;7;9;8;9;9;9
1;1;12;9;5;9;6;9;7;9;8;9;9;9;10;9
1;1;12;9;6;9;7;9;8;9;9;9;10;9;11;9
1;1;1;15;7;9;7;9;8;9;9;9;10;9;11;9;12;9
1;2;1;15;7;9;8;9;9;9;10;9;11;9;12;9;12;10
1;3;1;15;8;9;9;9;10;9;11;9;12;9;12;10;11;10
1;3;1;15;9;9;10;9;11;9;12;9;12;10;11;10;10;10
1;3;1;15;10;9;11;9;12;9;12;10;11;10;10;10;9;10
1;2;1;15;11;9;12;9;12;10;11;10;10;10;9;10;9;11
1;2;1;15;12;9;12;10;11;10;10;10;9;10;9;11;9;12
1;2;1;15;12;10;11;10;10;10;9;10;9;11;9;12;9;13
1;2;1;15;11;10;10;10;9;10;9;11;9;12;9;13;9;14
1;2;1;15;10;10;9;10;9;11;9;12;9;13;9;14;9;15
1;3;1;15;9;10;9;11;9;12;9;13;9;14;9;15;8;15
1;3;1;15;9;11;9;12;9;13;9;14;9;15;8;15;7;15
1;3;1;15;9;12;9;13;9;14;9;15;8;15;7;15;6;15
1;3;1;15;9;13;9;14;9;15;8;15;7;15;6;15;5;15
1;3;1;15;9;14;9;15;8;15;7;15;6;15;5;15;4;15
1;3;1;15;9;15;8;15;7;15;6;15;5;15;4;15;3;15
1;3;1;15;8;15;7;15;6;15;5;15;4;15;3;15;2;15
1;3;8;3;7;15;7;15;6;15;5;15;4;15;3;15;2;15;1;15
1;2;8;3;7;15;6;15;5;15;4;15;3;15;2;15;1;15;1;16
1;1;8;3;6;15;5;15;4;15;3;15;2;15;1;15;1;16;2;16
1;1;8;3;5;15;4;15;3;15;2;15;1;15;1;16;2;16;3;16
1;1;8;3;4;15;3;15;2;15;1;15;1;16;2;16;3;16;4;16
1;1;8;3;3;15;2;15;1;15;1;16;2;16;3;16;4;16;5;16
1;1;8;3;2;15;1;15;1;16;2;16;3;16;4;16;5;16;6;16
1;1;8;3;1;15;1;16;2;16;3;16;4;16;5;16;6;16;7;16
1;1;8;3;1;16;2;16;3;16;4;16;5;16;6;16;7;16;8;16
1;0;8;3;2;16;3;16;4;16;5;16;6;16;7;16;8;16;8;15
1;0;8;3;3;16;4;16;5;16;6;16;7;16;8;16;8;15;8;14
1;0;8;3;4;16;5;16;6;16;7;16;8;16;8;15;8;14;8;13
1;0;8;3;5;16;6;16;7;16;8;16;8;15;8;14;8;13;8;12
1;0;8;3;6;16;7;16;8;16;8;15;8;14;8;13;8;12;8;11
1;0;8;3;7;16;8;16;8;15;8;14;8;13;8;12;8;11;8;10
1;0;8;3;8;16;8;15;8;14;8;13;8;12;8;11;8;10;8;9
1;0;8;3;8;15;8;14;8;13;8;12;8;11;8;10;8;9;8;8
1;0;8;3;8;14;8;13;8;12;8;11;8;10;8;9;8;8;8;7
1;0;8;3;8;13;8;12;8;11;8;10;8;9;8;8;8;7;8;6
1;0;8;3;8;12;8;11;8;10;8;9;8;8;8;7;8;6;8;5
1;0;8;3;8;11;8;10;8;9;8;8;8;7;8;6;8;5;8;4
1;0;15;16;8;10;8;10;8;9;8;8;8;7;8;6;8;5;8;4;8;3
1;1;15;16;8;10;8;9;8;8;8;7;8;6;8;5;8;4;8;3;9;3
1;2;15;16;8;9;8;8;8;7;8;6;8;5;8;4;8;3;9;3;9;4
1;2;15;16;8;8;8;7;8;6;8;5;8;4;8;3;9;3;9;4;9;5
1;2;15;16;8;7;8;6;8;5;8;4;8;3;9;3;9;4;9;5;9;6
1;2;15;16;8;6;8;5;8;4;8;3;9;3;9;4;9;5;9;6;9;7
1;1;15;16;8;5;8;4;8;3;9;3;9;4;9;5;9;6;9;7;10;7
1;1;15;16;8;4;8;3;9;3;9;4;9;5;9;6;9;7;10;7;11;7
1;1;15;16;8;3;9;3;9;4;9;5;9;6;9;7;10;7;11;7;12;7
1;1;15;16;9;3;9;4;9;5;9;6;9;7;10;7;11;7;12;7;13;7
1;1;15;16;9;4;9;5;9;6;9;7;10;7;11;7;12;7;13;7;14;7
1;1;15;16;9;5;9;6;9;7;10;7;11;7;12;7;13;7;14;7;15;7
1;2;15;16;9;6;9;7;10;7;11;7;12;7;13;7;14;7;15;7;15;8
1;2;15;16;9;7;10;7;11;7;12;7;13;7;14;7;15;7;15;8;15;9
1;2;15;16;10;7;11;7;12;7;13;7;14;7;15;7;15;8;15;9;15;10
1;2;15;16;11;7;12;7;13;7;14;7;15;7;15;8;15;9;15;10;15;11
1;2;15;16;12;7;13;7;14;7;15;7;15;8;15;9;15;10;15;11;15;12
1;2;15;16;13;7;14;7;15;7;15;8;15;9;15;10;15;11;15;12;15;13
1;2;15;16;14;7;15;7;15;8;15;9;15;10;15;11;15;12;15;13;15;14
1;2;15;16;15;7;15;8;15;9;15;10;15;11;15;12;15;13;15;14;15;15
1;2;18;0;15;8;15;8;15;9;15;10;15;11;15;12;15;13;15;14;15;15;15;16
1;1;18;0;15;8;15;9;15;10;15;11;15;12;15;13;15;14;15;15;15;16;16;16
1;1;18;0;15;9;15;10;15;11;15;12;15;13;15;14;15;15;15;16;16;16;17;16
1;1;18;0;15;10;15;11;15;12;15;13;15;14;15;15;15;16;16;16;17;16;18;16
1;0;18;0;15;11;15;12;15;13;15;14;15;15;15;16;16;16;17;16;18;16;18;15
1;0;18;0;15;12;15;13;15;14;15;15;15;16;16;16;17;16;18;16;18;15;18;14
1;0;18;0;15;13;15;14;15;15;15;16;16;16;17;16;18;16;18;15;18;14;18;13
1;0;18;0;15;14;15;15;15;16;16;16;17;16;18;16;18;15;18;14;18;13;18;12
1;0;18;0;15;15;15;16;16;16;17;16;18;16;18;15;18;14;18;13;18;12;18;11
1;0;18;0;15;16;16;16;17;16;18;16;18;15;18;14;18;13;18;12;18;11;18;10
1;0;18;0;16;16;17;16;18;16;18;15;18;14;18;13;18;12;18;11;18;10;18;9
1;0;18;0;17;16;18;16;18;15;18;14;18;13;18;12;18;11;18;10;18;9;18;8
1;0;18;0;18;16;18;15;18;14;18;13;18;12;18;11;18;10;18;9;18;8;18;7
1;0;18;0;18;15;18;14;18;13;18;12;18;11;18;10;18;9;18;8;18;7;18;6
1;0;18;0;18;14;18;13;18;12;18;11;18;10;18;9;18;8;18;7;18;6;18;5
1;0;18;0;18;13;18;12;18;11;18;10;18;9;18;8;18;7;18;6;18;5;18;4
1;0;18;0;18;12;18;11;18;10;18;9;18;8;18;7;18;6;18;5;18;4;18;3
1;0;18;0;18;11;18;10;18;9;18;8;18;7;18;6;18;5;18;4;18;3;18;2
1;0;18;0;18;10;18;9;18;8;18;7;18;6;18;5;18;4;18;3;18;2;18;1
1;0;17;5;18;9;18;9;18;8;18;7;18;6;18;5;18;4;18;3;18;2;18;1;18;0
1;3;17;5;18;9;18;8;18;7;18;6;18;5;18;4;18;3;18;2;18;1;18;0;17;0
1;3;17;5;18;8;18;7;18;6;18;5;18;4;18;3;18;2;18;1;18;0;17;0;16;0
1;2;17;5;18;7;18;6;18;5;18;4;18;3;18;2;18;1;18;0;17;0;16;0;16;1
1;2;17;5;18;6;18;5;18;4;18;3;18;2;18;1;18;0;17;0;16;0;16;1;16;2
1;2;17;5;18;5;18;4;18;3;18;2;18;1;18;0;17;0;16;0;16;1;16;2;16;3
1;2;17;5;18;4;18;3;18;2;18;1;18;0;17;0;16;0;16;1;16;2;16;3;16;4
1;2;17;5;18;3;18;2;18;1;18;0;17;0;16;0;16;1;16;2;16;3;16;4;16;5
1;1;6;13;18;2;18;2;18;1;18;0;17;0;16;0;16;1;16;2;16;3;16;4;16;5;17;5
1;1;6;13;18;2;18;1;18;0;17;0;16;0;16;1;16;2;16;3;16;4;16;5;17;5;18;5
1;1;6;13;18;1;18;0;17;0;16;0;16;1;16;2;16;3;16;4;16;5;17;5;18;5;19;5
1;2;6;13;18;0;17;0;16;0;16;1;16;2;16;3;16;4;16;5;17;5;18;5;19;5;19;6
1;2;6;13;17;0;16;0;16;1;16;2;16;3;16;4;16;5;17;5;18;5;19;5;19;6;19;7
1;3;6;13;16;0;16;1;16;2;16;3;16;4;16;5;17;5;18;5;19;5;19;6;19;7;18;7
1;3;6;13;16;1;16;2;16;3;16;4;16;5;17;5;18;5;19;5;19;6;19;7;18;7;17;7
1;3;6;13;16;2;16;3;16;4;16;5;17;5;18;5;19;5;19;6;19;7;18;7;17;7;16;7
1;3;6;13;16;3;16;4;16;5;17;5;18;5;19;5;19;6;19;7;18;7;17;7;16;7;15;7
1;3;6;13;16;4;16;5;17;5;18;5;19;5;19;6;19;7;18;7;17;7;16;7;15;7;14;7
1;3;6;13;16;5;17;5;18;5;19;5;19;6;19;7;18;7;17;7;16;7;15;7;14;7;13;7
1;3;6;13;17;5;18;5;19;5;19;6;19;7;18;7;17;7;16;7;15;7;14;7;13;7;12;7
1;3;6;13;18;5;19;5;19;6;19;7;18;7;17;7;16;7;15;7;14;7;13;7;12;7;11;7
1;3;6;13;19;5;19;6;19;7;18;7;17;7;16;7;15;7;14;7;13;7;12;7;11;7;10;7
1;3;6;13;19;6;19;7;18;7;17;7;16;7;15;7;14;7;13;7;12;7;11;7;10;7;9;7
1;3;6;13;19;7;18;7;17;7;16;7;15;7;14;7;13;7;12;7;11;7;10;7;9;7;8;7
1;3;6;13;18;7;17;7;16;7;15;7;14;7;13;7;12;7;11;7;10;7;9;7;8;7;7;7
1;3;6;13;17;7;16;7;15;7;14;7;13;7;12;7;11;7;10;7;9;7;8;7;7;7;6;7
1;2;6;13;16;7;15;7;14;7;13;7;12;7;11;7;10;7;9;7;8;7;7;7;6;7;6;8
1;2;6;13;15;7;14;7;13;7;12;7;11;7;10;7;9;7;8;7;7;7;6;7;6;8;6;9
1;2;6;13;14;7;13;7;12;7;11;7;10;7;9;7;8;7;7;7;6;7;6;8;6;9;6;10
1;2;6;13;13;7;12;7;11;7;10;7;9;7;8;7;7;7;6;7;6;8;6;9;6;10;6;11
1;2;6;13;12;7;11;7;10;7;9;7;8;7;7;7;6;7;6;8;6;9;6;10;6;11;6;12
1;2;14;14;11;7;11;7;10;7;9;7;8;7;7;7;6;7;6;8;6;9;6;10;6;11;6;12;6;13
1;2;14;14;11;7;10;7;9;7;8;7;7;7;6;7;6;8;6;9;6;10;6;11;6;12;6;13;6;14
1;1;14;14;10;7;9;7;8;7;7;7;6;7;6;8;6;9;6;10;6;11;6;12;6;13;6;14;7;14
1;1;14;14;9;7;8;7;7;7;6;7;6;8;6;9;6;10;6;11;6;12;6;13;6;14;7;14;8;14
1;1;14;14;8;7;7;7;6;7;6;8;6;9;6;10;6;11;6;12;6;13;6;14;7;14;8;14;9;14
1;1;14;14;7;7;6;7;6;8;6;9;6;10;6;11;6;12;6;13;6;14;7;14;8;14;9;14;10;14
1;1;14;14;6;7;6;8;6;9;6;10;6;11;6;12;6;13;6;14;7;14;8;14;9;14;10;14;11;14
1;1;14;14;6;8;6;9;6;10;6;11;6;12;6;13;6;14;7;14;8;14;9;14;10;14;11;14;12;14
1;1;14;14;6;9;6;10;6;11;6;12;6;13;6;14;7;14;8;14;9;14;10;14;11;14;12;14;13;14
1;1;9;4;6;10;6;10;6;11;6;12;6;13;6;14;7;14;8;14;9;14;10;14;11;14;12;14;13;14;14;14
1;0;9;4;6;10;6;11;6;12;6;13;6;14;7;14;8;14;9;14;10;14;11;14;12;14;13;14;14;14;14;13
1;3;9;4;6;11;6;12;6;13;6;14;7;14;8;14;9;14;10;14;11;14;12;14;13;14;14;14;14;13;13;13
1;3;9;4;6;12;6;13;6;14;7;14;8;14;9;14;10;14;11;14;12;14;13;14;14;14;14;13;13;13;12;13
1;3;9;4;6;13;6;14;7;14;8;14;9;14;10;14;11;14;12;14;13;14;14;14;14;13;13;13;12;13;11;13
1;3;9;4;6;14;7;14;8;14;9;14;10;14;11;14;12;14;13;14;14;14;14;13;13;13;12;13;11;13;10;13
1;3;9;4;7;14;8;14;9;14;10;14;11;14;12;14;13;14;14;14;14;13;13;13;12;13;11;13;10;13;9;13
1;0;9;4;8;14;9;14;10;14;11;14;12;14;13;14;14;14;14;13;13;13;12;13;11;13;10;13;9;13;9;12
1;0;9;4;9;14;10;14;11;14;12;14;13;14;14;14;14;13;13;13;12;13;11;13;10;13;9;13;9;12;9;11
1;0;9;4;10;14;11;14;12;14;13;14;14;14;14;13;13;13;12;13;11;13;10;13;9;13;9;12;9;11;9;10
1;0;9;4;11;14;12;14;13;14;14;14;14;13;13;13;12;13;11;13;10;13;9;13;9;12;9;11;9;10;9;9
1;0;9;4;12;14;13;14;14;14;14;13;13;13;12;13;11;13;10;13;9;13;9;12;9;11;9;10;9;9;9;8
1;0;9;4;13;14;14;14;14;13;13;13;12;13;11;13;10;13;9;13;9;12;9;11;9;10;9;9;9;8;9;7
1;0;9;4;14;14;14;13;13;13;12;13;11;13;10;13;9;13;9;12;9;11;9;10;9;9;9;8;9;7;9;6
1;0;9;4;14;13;13;13;12;13;11;13;10;13;9;13;9;12;9;11;9;10;9;9;9;8;9;7;9;6;9;5
1;0;6;4;13;13;13;13;12;13;11;13;10;13;9;13;9;12;9;11;9;10;9;9;9;8;9;7;9;6;9;5;9;4
1;3;6;4;13;13;12;13;11;13;10;13;9;13;9;12;9;11;9;10;9;9;9;8;9;7;9;6;9;5;9;4;8;4
1;3;6;4;12;13;11;13;10;13;9;13;9;12;9;11;9;10;9;9;9;8;9;7;9;6;9;5;9;4;8;4;7;4
1;3;5;14;11;13;11;13;10;13;9;13;9;12;9;11;9;10;9;9;9;8;9;7;9;6;9;5;9;4;8;4;7;4;6;4
1;3;5;14;11;13;10;13;9;13;9;12;9;11;9;10;9;9;9;8;9;7;9;6;9;5;9;4;8;4;7;4;6;4;5;4
1;2;5;14;10;13;9;13;9;12;9;11;9;10;9;9;9;8;9;7;9;6;9;5;9;4;8;4;7;4;6;4;5;4;5;5
1;2;5;14;9;13;9;12;9;11;9;10;9;9;9;8;9;7;9;6;9;5;9;4;8;4;7;4;6;4;5;4;5;5;5;6
1;2;5;14;9;12;9;11;9;10;9;9;9;8;9;7;9;6;9;5;9;4;8;4;7;4;6;4;5;4;5;5;5;6;5;7
1;2;5;14;9;11;9;10;9;9;9;8;9;7;9;6;9;5;9;4;8;4;7;4;6;4;5;4;5;5;5;6;5;7;5;8
1;2;5;14;9;10;9;9;9;8;9;7;9;6;9;5;9;4;8;4;7;4;6;4;5;4;5;5;5;6;5;7;5;8;5;9
1;2;5;14;9;9;9;8;9;7;9;6;9;5;9;4;8;4;7;4;6;4;5;4;5;5;5;6;5;7;5;8;5;9;5;10
1;2;5;14;9;8;9;7;9;6;9;5;9;4;8;4;7;4;6;4;5;4;5;5;5;6;5;7;5;8;5;9;5;10;5;11
1;2;5;14;9;7;9;6;9;5;9;4;8;4;7;4;6;4;5;4;5;5;5;6;5;7;5;8;5;9;5;10;5;11;5;12
1;2;5;14;9;6;9;5;9;4;8;4;7;4;6;4;5;4;5;5;5;6;5;7;5;8;5;9;5;10;5;11;5;12;5;13
1;2;16;5;9;5;9;5;9;4;8;4;7;4;6;4;5;4;5;5;5;6;5;7;5;8;5;9;5;10;5;11;5;12;5;13;5;14
1;1;16;5;9;5;9;4;8;4;7;4;6;4;5;4;5;5;5;6;5;7;5;8;5;9;5;10;5;11;5;12;5;13;5;14;6;14
1;1;16;5;9;4;8;4;7;4;6;4;5;4;5;5;5;6;5;7;5;8;5;9;5;10;5;11;5;12;5;13;5;14;6;14;7;14
1;1;16;5;8;4;7;4;6;4;5;4;5;5;5;6;5;7;5;8;5;9;5;10;5;11;5;12;5;13;5;14;6;14;7;14;8;14
1;1;16;5;7;4;6;4;5;4;5;5;5;6;5;7;5;8;5;9;5;10;5;11;5;12;5;13;5;14;6;14;7;14;8;14;9;14
1;1;16;5;6;4;5;4;5;5;5;6;5;7;5;8;5;9;5;10;5;11;5;12;5;13;5;14;6;14;7;14;8;14;9;14;10;14
1;1;16;5;5;4;5;5;5;6;5;7;5;8;5;9;5;10;5;11;5;12;5;13;5;14;6;14;7;14;8;14;9;14;10;14;11;14
1;1;16;5;5;5;5;6;5;7;5;8;5;9;5;10;5;11;5;12;5;13;5;14;6;14;7;14;8;14;9;14;10;14;11;14;12;14
1;1;16;5;5;6;5;7;5;8;5;9;5;10;5;11;5;12;5;13;5;14;6;14;7;14;8;14;9;14;10;14;11;14;12;14;13;14
1;1;16;5;5;7;5;8;5;9;5;10;5;11;5;12;5;13;5;14;6;14;7;14;8;14;9;14;10;14;11;14;12;14;13;14;14;14
1;1;16;5;5;8;5;9;5;10;5;11;5;12;5;13;5;14;6;14;7;14;8;14;9;14;10;14;11;14;12;14;13;14;14;14;15;14
1;1;16;5;5;9;5;10;5;11;5;12;5;13;5;14;6;14;7;14;8;14;9;14;10;14;11;14;12;14;13;14;14;14;15;14;16;14
1;0;16;5;5;10;5;11;5;12;5;13;5;14;6;14;7;14;8;14;9;14;10;14;11;14;12;14;13;14;14;14;15;14;16;14;16;13
1;0;16;5;5;11;5;12;5;13;5;14;6;14;7;14;8;14;9;14;10;14;11;14;12;14;13;14;14;14;15;14;16;14;16;13;16;12
1;0;16;5;5;12;5;13;5;14;6;14;7;14;8;14;9;14;10;14;11;14;12;14;13;14;14;14;15;14;16;14;16;13;16;12;16;11
1;0;16;5;5;13;5;14;6;14;7;14;8;14;9;14;10;14;11;14;12;14;13;14;14;14;15;14;16;14;16;13;16;12;16;11;16;10
1;0;16;5;5;14;6;14;7;14;8;14;9;14;10;14;11;14;12;14;13;14;14;14;15;14;16;14;16;13;16;12;16;11;16;10;16;9
1;0;16;5;6;14;7;14;8;14;9;14;10;14;11;14;12;14;13;14;14;14;15;14;16;14;16;13;16;12;16;11;16;10;16;9;16;8
1;0;16;5;7;14;8;14;9;14;10;14;11;14;12;14;13;14;14;14;15;14;16;14;16;13;16;12;16;11;16;10;16;9;16;8;16;7
1;0;16;5;8;14;9;14;10;14;11;14;12;14;13;14;14;14;15;14;16;14;16;13;16;12;16;11;16;10;16;9;16;8;16;7;16;6
1;0;16;19;9;14;9;14;10;14;11;14;12;14;13;14;14;14;15;14;16;14;16;13;16;12;16;11;16;10;16;9;16;8;16;7;16;6;16;5
1;1;16;19;9;14;10;14;11;14;12;14;13;14;14;14;15;14;16;14;16;13;16;12;16;11;16;10;16;9;16;8;16;7;16;6;16;5;17;5
1;2;16;19;10;14;11;14;12;14;13;14;14;14;15;14;16;14;16;13;16;12;16;11;16;10;16;9;16;8;16;7;16;6;16;5;17;5;17;6
1;2;16;19;11;14;12;14;13;14;14;14;15;14;16;14;16;13;16;12;16;11;16;10;16;9;16;8;16;7;16;6;16;5;17;5;17;6;17;7
1;2;16;19;12;14;13;14;14;14;15;14;16;14;16;13;16;12;16;11;16;10;16;9;16;8;16;7;16;6;16;5;17;5;17;6;17;7;17;8
1;2;16;19;13;14;14;14;15;14;16;14;16;13;16;12;16;11;16;10;16;9;16;8;16;7;16;6;16;5;17;5;17;6;17;7;17;8;17;9
1;2;16;19;14;14;15;14;16;14;16;13;16;12;16;11;16;10;16;9;16;8;16;7;16;6;16;5;17;5;17;6;17;7;17;8;17;9;17;10
1;2;16;19;15;14;16;14;16;13;16;12;16;11;16;10;16;9;16;8;16;7;16;6;16;5;17;5;17;6;17;7;17;8;17;9;17;10;17;11
1;2;16;19;16;14;16;13;16;12;16;11;16;10;16;9;16;8;16;7;16;6;16;5;17;5;17;6;17;7;17;8;17;9;17;10;17;11;17;12
1;2;16;19;16;13;16;12;16;11;16;10;16;9;16;8;16;7;16;6;16;5;17;5;17;6;17;7;17;8;17;9;17;10;17;11;17;12;17;13
1;2;16;19;16;12;16;11;16;10;16;9;16;8;16;7;16;6;16;5;17;5;17;6;17;7;17;8;17;9;17;10;17;11;17;12;17;13;17;14
1;3;16;19;16;11;16;10;16;9;16;8;16;7;16;6;16;5;17;5;17;6;17;7;17;8;17;9;17;10;17;11;17;12;17;13;17;14;16;14
1;2;16;19;16;10;16;9;16;8;16;7;16;6;16;5;17;5;17;6;17;7;17;8;17;9;17;10;17;11;17;12;17;13;17;14;16;14;16;15
1;2;16;19;16;9;16;8;16;7;16;6;16;5;17;5;17;6;17;7;17;8;17;9;17;10;17;11;17;12;17;13;17;14;16;14;16;15;16;16
1;2;16;19;16;8;16;7;16;6;16;5;17;5;17;6;17;7;17;8;17;9;17;10;17;11;17;12;17;13;17;14;16;14;16;15;16;16;16;17
1;2;16;19;16;7;16;6;16;5;17;5;17;6;17;7;17;8;17;9;17;10;17;11;17;12;17;13;17;14;16;14;16;15;16;16;16;17;16;18
1;2;16;11;16;6;16;6;16;5;17;5;17;6;17;7;17;8;17;9;17;10;17;11;17;12;17;13;17;14;16;14;16;15;16;16;16;17;16;18;16;19
1;3;16;11;16;6;16;5;17;5;17;6;17;7;17;8;17;9;17;10;17;11;17;12;17;13;17;14;16;14;16;15;16;16;16;17;16;18;16;19;15;19
1;0;16;11;16;5;17;5;17;6;17;7;17;8;17;9;17;10;17;11;17;12;17;13;17;14;16;14;16;15;16;16;16;17;16;18;16;19;15;19;15;18
1;0;16;11;17;5;17;6;17;7;17;8;17;9;17;10;17;11;17;12;17;13;17;14;16;14;16;15;16;16;16;17;16;18;16;19;15;19;15;18;15;17
1;0;16;11;17;6;17;7;17;8;17;9;17;10;17;11;17;12;17;13;17;14;16;14;16;15;16;16;16;17;16;18;16;19;15;19;15;18;15;17;15;16
1;0;16;11;17;7;17;8;17;9;17;10;17;11;17;12;17;13;17;14;16;14;16;15;16;16;16;17;16;18;16;19;15;19;15;18;15;17;15;16;15;15
1;0;16;11;17;8;17;9;17;10;17;11;17;12;17;13;17;14;16;14;16;15;16;16;16;17;16;18;16;19;15;19;15;18;15;17;15;16;15;15;15;14
1;0;16;11;17;9;17;10;17;11;17;12;17;13;17;14;16;14;16;15;16;16;16;17;16;18;16;19;15;19;15;18;15;17;15;16;15;15;15;14;15;13
1;1;16;11;17;10;17;11;17;12;17;13;17;14;16;14;16;15;16;16;16;17;16;18;16;19;15;19;15;18;15;17;15;16;15;15;15;14;15;13;16;13
1;0;16;11;17;11;17;12;17;13;17;14;16;14;16;15;16;16;16;17;16;18;16;19;15;19;15;18;15;17;15;16;15;15;15;14;15;13;16;13;16;12
1;0;6;14;17;12;17;12;17;13;17;14;16;14;16;15;16;16;16;17;16;18;16;19;15;19;15;18;15;17;15;16;15;15;15;14;15;13;16;13;16;12;16;11
1;3;6;14;17;12;17;13;17;14;16;14;16;15;16;16;16;17;16;18;16;19;15;19;15;18;15;17;15;16;15;15;15;14;15;13;16;13;16;12;16;11;15;11
1;3;6;14;17;13;17;14;16;14;16;15;16;16;16;17;16;18;16;19;15;19;15;18;15;17;15;16;15;15;15;14;15;13;16;13;16;12;16;11;15;11;14;11
1;2;6;14;17;14;16;14;16;15;16;16;16;17;16;18;16;19;15;19;15;18;15;17;15;16;15;15;15;14;15;13;16;13;16;12;16;11;15;11;14;11;14;12
1;2;6;14;16;14;16;15;16;16;16;17;16;18;16;19;15;19;15;18;15;17;15;16;15;15;15;14;15;13;16;13;16;12;16;11;15;11;14;11;14;12;14;13
1;2;6;14;16;15;16;16;16;17;16;18;16;19;15;19;15;18;15;17;15;16;15;15;15;14;15;13;16;13;16;12;16;11;15;11;14;11;14;12;14;13;14;14
1;3;6;14;16;16;16;17;16;18;16;19;15;19;15;18;15;17;15;16;15;15;15;14;15;13;16;13;16;12;16;11;15;11;14;11;14;12;14;13;14;14;13;14
1;3;6;14;16;17;16;18;16;19;15;19;15;18;15;17;15;16;15;15;15;14;15;13;16;13;16;12;16;11;15;11;14;11;14;12;14;13;14;14;13;14;12;14
1;3;6;14;16;18;16;19;15;19;15;18;15;17;15;16;15;15;15;14;15;13;16;13;16;12;16;11;15;11;14;11;14;12;14;13;14;14;13;14;12;14;11;14
1;3;6;14;16;19;15;19;15;18;15;17;15;16;15;15;15;14;15;13;16;13;16;12;16;11;15;11;14;11;14;12;14;13;14;14;13;14;12;14;11;14;10;14
1;3;6;14;15;19;15;18;15;17;15;16;15;15;15;14;15;13;16;13;16;12;16;11;15;11;14;11;14;12;14;13;14;14;13;14;12;14;11;14;10;14;9;14
1;3;6;14;15;18;15;17;15;16;15;15;15;14;15;13;16;13;16;12;16;11;15;11;14;11;14;12;14;13;14;14;13;14;12;14;11;14;10;14;9;14;8;14
1;3;6;14;15;17;15;16;15;15;15;14;15;13;16;13;16;12;16;11;15;11;14;11;14;12;14;13;14;14;13;14;12;14;11;14;10;14;9;14;8;14;7;14
1;3;12;17;15;16;15;16;15;15;15;14;15;13;16;13;16;12;16;11;15;11;14;11;14;12;14;13;14;14;13;14;12;14;11;14;10;14;9;14;8;14;7;14;6;14
1;0;12;17;15;16;15;15;15;14;15;13;16;13;16;12;16;11;15;11;14;11;14;12;14;13;14;14;13;14;12;14;11;14;10;14;9;14;8;14;7;14;6;14;6;13
1;1;12;17;15;15;15;14;15;13;16;13;16;12;16;11;15;11;14;11;14;12;14;13;14;14;13;14;12;14;11;14;10;14;9;14;8;14;7;14;6;14;6;13;7;13
1;1;12;17;15;14;15;13;16;13;16;12;16;11;15;11;14;11;14;12;14;13;14;14;13;14;12;14;11;14;10;14;9;14;8;14;7;14;6;14;6;13;7;13;8;13
1;1;12;17;15;13;16;13;16;12;16;11;15;11;14;11;14;12;14;13;14;14;13;14;12;14;11;14;10;14;9;14;8;14;7;14;6;14;6;13;7;13;8;13;9;13
1;1;12;17;16;13;16;12;16;11;15;11;14;11;14;12;14;13;14;14;13;14;12;14;11;14;10;14;9;14;8;14;7;14;6;14;6;13;7;13;8;13;9;13;10;13
1;1;12;17;16;12;16;11;15;11;14;11;14;12;14;13;14;14;13;14;12;14;11;14;10;14;9;14;8;14;7;14;6;14;6;13;7;13;8;13;9;13;10;13;11;13
1;1;12;17;16;11;15;11;14;11;14;12;14;13;14;14;13;14;12;14;11;14;10;14;9;14;8;14;7;14;6;14;6;13;7;13;8;13;9;13;10;13;11;13;12;13
1;1;12;17;15;11;14;11;14;12;14;13;14;14;13;14;12;14;11;14;10;14;9;14;8;14;7;14;6;14;6;13;7;13;8;13;9;13;10;13;11;13;12;13;13;13
1;0;12;17;14;11;14;12;14;13;14;14;13;14;12;14;11;14;10;14;9;14;8;14;7;14;6;14;6;13;7;13;8;13;9;13;10;13;11;13;12;13;13;13;13;12
1;3;12;17;14;12;14;13;14;14;13;14;12;14;11;14;10;14;9;14;8;14;7;14;6;14;6;13;7;13;8;13;9;13;10;13;11;13;12;13;13;13;13;12;12;12
1;0;12;17;14;13;14;14;13;14;12;14;11;14;10;14;9;14;8;14;7;14;6;14;6;13;7;13;8;13;9;13;10;13;11;13;12;13;13;13;13;12;12;12;12;11
1;1;12;17;14;14;13;14;12;14;11;14;10;14;9;14;8;14;7;14;6;14;6;13;7;13;8;13;9;13;10;13;11;13;12;13;13;13;13;12;12;12;12;11;13;11
1;1;12;17;13;14;12;14;11;14;10;14;9;14;8;14;7;14;6;14;6;13;7;13;8;13;9;13;10;13;11;13;12;13;13;13;13;12;12;12;12;11;13;11;14;11
1;2;12;17;12;14;11;14;10;14;9;14;8;14;7;14;6;14;6;13;7;13;8;13;9;13;10;13;11;13;12;13;13;13;13;12;12;12;12;11;13;11;14;11;14;12
1;2;12;17;11;14;10;14;9;14;8;14;7;14;6;14;6;13;7;13;8;13;9;13;10;13;11;13;12;13;13;13;13;12;12;12;12;11;13;11;14;11;14;12;14;13
1;2;12;17;10;14;9;14;8;14;7;14;6;14;6;13;7;13;8;13;9;13;10;13;11;13;12;13;13;13;13;12;12;12;12;11;13;11;14;11;14;12;14;13;14;14
1;3;12;17;9;14;8;14;7;14;6;14;6;13;7;13;8;13;9;13;10;13;11;13;12;13;13;13;13;12;12;12;12;11;13;11;14;11;14;12;14;13;14;14;13;14
1;3;12;17;8;14;7;14;6;14;6;13;7;13;8;13;9;13;10;13;11;13;12;13;13;13;13;12;12;12;12;11;13;11;14;11;14;12;14;13;14;14;13;14;12;14
1;2;12;17;7;14;6;14;6;13;7;13;8;13;9;13;10;13;11;13;12;13;13;13;13;12;12;12;12;11;13;11;14;11;14;12;14;13;14;14;13;14;12;14;12;15
1;2;12;17;6;14;6;13;7;13;8;13;9;13;10;13;11;13;12;13;13;13;13;12;12;12;12;11;13;11;14;11;14;12;14;13;14;14;13;14;12;14;12;15;12;16
1;2;15;3;6;13;6;13;7;13;8;13;9;13;10;13;11;13;12;13;13;13;13;12;12;12;12;11;13;11;14;11;14;12;14;13;14;14;13;14;12;14;12;15;12;16;12;17
1;1;15;3;6;13;7;13;8;13;9;13;10;13;11;13;12;13;13;13;13;12;12;12;12;11;13;11;14;11;14;12;14;13;14;14;13;14;12;14;12;15;12;16;12;17;13;17
1;1;15;3;7;13;8;13;9;13;10;13;11;13;12;13;13;13;13;12;12;12;12;11;13;11;14;11;14;12;14;13;14;14;13;14;12;14;12;15;12;16;12;17;13;17;14;17
1;1;15;3;8;13;9;13;10;13;11;13;12;13;13;13;13;12;12;12;12;11;13;11;14;11;14;12;14;13;14;14;13;14;12;14;12;15;12;16;12;17;13;17;14;17;15;17
1;0;15;3;9;13;10;13;11;13;12;13;13;13;13;12;12;12;12;11;13;11;14;11;14;12;14;13;14;14;13;14;12;14;12;15;12;16;12;17;13;17;14;17;15;17;15;16
1;0;15;3;10;13;11;13;12;13;13;13;13;12;12;12;12;11;13;11;14;11;14;12;14;13;14;14;13;14;12;14;12;15;12;16;12;17;13;17;14;17;15;17;15;16;15;15
1;0;15;3;11;13;12;13;13;13;13;12;12;12;12;11;13;11;14;11;14;12;14;13;14;14;13;14;12;14;12;15;12;16;12;17;13;17;14;17;15;17;15;16;15;15;15;14
1;0;15;3;12;13;13;13;13;12;12;12;12;11;13;11;14;11;14;12;14;13;14;14;13;14;12;14;12;15;12;16;12;17;13;17;14;17;15;17;15;16;15;15;15;14;15;13
1;0;15;3;13;13;13;12;12;12;12;11;13;11;14;11;14;12;14;13;14;14;13;14;12;14;12;15;12;16;12;17;13;17;14;17;15;17;15;16;15;15;15;14;15;13;15;12
1;0;15;3;13;12;12;12;12;11;13;11;14;11;14;12;14;13;14;14;13;14;12;14;12;15;12;16;12;17;13;17;14;17;15;17;15;16;15;15;15;14;15;13;15;12;15;11
1;0;15;3;12;12;12;11;13;11;14;11;14;12;14;13;14;14;13;14;12;14;12;15;12;16;12;17;13;17;14;17;15;17;15;16;15;15;15;14;15;13;15;12;15;11;15;10
1;0;15;3;12;11;13;11;14;11;14;12;14;13;14;14;13;14;12;14;12;15;12;16;12;17;13;17;14;17;15;17;15;16;15;15;15;14;15;13;15;12;15;11;15;10;15;9
1;0;15;3;13;11;14;11;14;12;14;13;14;14;13;14;12;14;12;15;12;16;12;17;13;17;14;17;15;17;15;16;15;15;15;14;15;13;15;12;15;11;15;10;15;9;15;8
1;0;15;3;14;11;14;12;14;13;14;14;13;14;12;14;12;15;12;16;12;17;13;17;14;17;15;17;15;16;15;15;15;14;15;13;15;12;15;11;15;10;15;9;15;8;15;7
1;0;15;3;14;12;14;13;14;14;13;14;12;14;12;15;12;16;12;17;13;17;14;17;15;17;15;16;15;15;15;14;15;13;15;12;15;11;15;10;15;9;15;8;15;7;15;6
1;0;15;3;14;13;14;14;13;14;12;14;12;15;12;16;12;17;13;17;14;17;15;17;15;16;15;15;15;14;15;13;15;12;15;11;15;10;15;9;15;8;15;7;15;6;15;5
1;0;15;3;14;14;13;14;12;14;12;15;12;16;12;17;13;17;14;17;15;17;15;16;15;15;15;14;15;13;15;12;15;11;15;10;15;9;15;8;15;7;15;6;15;5;15;4
1;0;14;3;13;14;13;14;12;14;12;15;12;16;12;17;13;17;14;17;15;17;15;16;15;15;15;14;15;13;15;12;15;11;15;10;15;9;15;8;15;7;15;6;15;5;15;4;15;3
1;3;15;2;13;14;13;14;12;14;12;15;12;16;12;17;13;17;14;17;15;17;15;16;15;15;15;14;15;13;15;12;15;11;15;10;15;9;15;8;15;7;15;6;15;5;15;4;15;3;14;3
1;0;15;2;13;14;12;14;12;15;12;16;12;17;13;17;14;17;15;17;15;16;15;15;15;14;15;13;15;12;15;11;15;10;15;9;15;8;15;7;15;6;15;5;15;4;15;3;14;3;14;2
1;1;8;1;12;14;12;14;12;15;12;16;12;17;13;17;14;17;15;17;15;16;15;15;15;14;15;13;15;12;15;11;15;10;15;9;15;8;15;7;15;6;15;5;15;4;15;3;14;3;14;2;15;2
1;0;8;1;12;14;12;15;12;16;12;17;13;17;14;17;15;17;15;16;15;15;15;14;15;13;15;12;15;11;15;10;15;9;15;8;15;7;15;6;15;5;15;4;15;3;14;3;14;2;15;2;15;1
1;3;8;1;12;15;12;16;12;17;13;17;14;17;15;17;15;16;15;15;15;14;15;13;15;12;15;11;15;10;15;9;15;8;15;7;15;6;15;5;15;4;15;3;14;3;14;2;15;2;15;1;14;1
1;3;8;1;12;16;12;17;13;17;14;17;15;17;15;16;15;15;15;14;15;13;15;12;15;11;15;10;15;9;15;8;15;7;15;6;15;5;15;4;15;3;14;3;14;2;15;2;15;1;14;1;13;1
1;3;8;1;12;17;13;17;14;17;15;17;15;16;15;15;15;14;15;13;15;12;15;11;15;10;15;9;15;8;15;7;15;6;15;5;15;4;15;3;14;3;14;2;15;2;15;1;14;1;13;1;12;1
1;3;8;1;13;17;14;17;15;17;15;16;15;15;15;14;15;13;15;12;15;11;15;10;15;9;15;8;15;7;15;6;15;5;15;4;15;3;14;3;14;2;15;2;15;1;14;1;13;1;12;1;11;1
1;3;8;1;14;17;15;17;15;16;15;15;15;14;15;13;15;12;15;11;15;10;15;9;15;8;15;7;15;6;15;5;15;4;15;3;14;3;14;2;15;2;15;1;14;1;13;1;12;1;11;1;10;1
1;3;8;1;15;17;15;16;15;15;15;14;15;13;15;12;15;11;15;10;15;9;15;8;15;7;15;6;15;5;15;4;15;3;14;3;14;2;15;2;15;1;14;1;13;1;12;1;11;1;10;1;9;1
1;3;12;13;15;16;15;16;15;15;15;14;15;13;15;12;15;11;15;10;15;9;15;8;15;7;15;6;15;5;15;4;15;3;14;3;14;2;15;2;15;1;14;1;13;1;12;1;11;1;10;1;9;1;8;1
1;2;12;13;15;16;15;15;15;14;15;13;15;12;15;11;15;10;15;9;15;8;15;7;15;6;15;5;15;4;15;3;14;3;14;2;15;2;15;1;14;1;13;1;12;1;11;1;10;1;9;1;8;1;8;2
1;2;12;13;15;15;15;14;15;13;15;12;15;11;15;10;15;9;15;8;15;7;15;6;15;5;15;4;15;3;14;3;14;2;15;2;15;1;14;1;13;1;12;1;11;1;10;1;9;1;8;1;8;2;8;3
1;2;12;13;15;14;15;13;15;12;15;11;15;10;15;9;15;8;15;7;15;6;15;5;15;4;15;3;14;3;14;2;15;2;15;1;14;1;13;1;12;1;11;1;10;1;9;1;8;1;8;2;8;3;8;4
1;1;12;13;15;13;15;12;15;11;15;10;15;9;15;8;15;7;15;6;15;5;15;4;15;3;14;3;14;2;15;2;15;1;14;1;13;1;12;1;11;1;10;1;9;1;8;1;8;2;8;3;8;4;9;4
1;1;12;13;15;12;15;11;15;10;15;9;15;8;15;7;15;6;15;5;15;4;15;3;14;3;14;2;15;2;15;1;14;1;13;1;12;1;11;1;10;1;9;1;8;1;8;2;8;3;8;4;9;4;10;4
1;1;12;13;15;11;15;10;15;9;15;8;15;7;15;6;15;5;15;4;15;3;14;3;14;2;15;2;15;1;14;1;13;1;12;1;11;1;10;1;9;1;8;1;8;2;8;3;8;4;9;4;10;4;11;4
1;1;12;13;15;10;15;9;15;8;15;7;15;6;15;5;15;4;15;3;14;3;14;2;15;2;15;1;14;1;13;1;12;1;11;1;10;1;9;1;8;1;8;2;8;3;8;4;9;4;10;4;11;4;12;4
1;2;12;13;15;9;15;8;15;7;15;6;15;5;15;4;15;3;14;3;14;2;15;2;15;1;14;1;13;1;12;1;11;1;10;1;9;1;8;1;8;2;8;3;8;4;9;4;10;4;11;4;12;4;12;5
1;2;12;13;15;8;15;7;15;6;15;5;15;4;15;3;14;3;14;2;15;2;15;1;14;1;13;1;12;1;11;1;10;1;9;1;8;1;8;2;8;3;8;4;9;4;10;4;11;4;12;4;12;5;12;6
1;2;12;13;15;7;15;6;15;5;15;4;15;3;14;3;14;2;15;2;15;1;14;1;13;1;12;1;11;1;10;1;9;1;8;1;8;2;8;3;8;4;9;4;10;4;11;4;12;4;12;5;12;6;12;7
1;2;12;13;15;6;15;5;15;4;15;3;14;3;14;2;15;2;15;1;14;1;13;1;12;1;11;1;10;1;9;1;8;1;8;2;8;3;8;4;9;4;10;4;11;4;12;4;12;5;12;6;12;7;12;8
1;2;12;13;15;5;15;4;15;3;14;3;14;2;15;2;15;1;14;1;13;1;12;1;11;1;10;1;9;1;8;1;8;2;8;3;8;4;9;4;10;4;11;4;12;4;12;5;12;6;12;7;12;8;12;9
1;2;12;13;15;4;15;3;14;3;14;2;15;2;15;1;14;1;13;1;12;1;11;1;10;1;9;1;8;1;8;2;8;3;8;4;9;4;10;4;11;4;12;4;12;5;12;6;12;7;12;8;12;9;12;10
1;2;12;13;15;3;14;3;14;2;15;2;15;1;14;1;13;1;12;1;11;1;10;1;9;1;8;1;8;2;8;3;8;4;9;4;10;4;11;4;12;4;12;5;12;6;12;7;12;8;12;9;12;10;12;11
1;2;12;13;14;3;14;2;15;2;15;1;14;1;13;1;12;1;11;1;10;1;9;1;8;1;8;2;8;3;8;4;9;4;10;4;11;4;12;4;12;5;12;6;12;7;12;8;12;9;12;10;12;11;12;12
1;2;2;14;14;2;14;2;15;2;15;1;14;1;13;1;12;1;11;1;10;1;9;1;8;1;8;2;8;3;8;4;9;4;10;4;11;4;12;4;12;5;12;6;12;7;12;8;12;9;12;10;12;11;12;12;12;13
1;2;2;14;14;2;15;2;15;1;14;1;13;1;12;1;11;1;10;1;9;1;8;1;8;2;8;3;8;4;9;4;10;4;11;4;12;4;12;5;12;6;12;7;12;8;12;9;12;10;12;11;12;12;12;13;12;14
1;3;2;14;15;2;15;1;14;1;13;1;12;1;11;1;10;1;9;1;8;1;8;2;8;3;8;4;9;4;10;4;11;4;12;4;12;5;12;6;12;7;12;8;12;9;12;10;12;11;12;12;12;13;12;14;11;14
1;3;2;14;15;1;14;1;13;1;12;1;11;1;10;1;9;1;8;1;8;2;8;3;8;4;9;4;10;4;11;4;12;4;12;5;12;6;12;7;12;8;12;9;12;10;12;11;12;12;12;13;12;14;11;14;10;14
1;3;2;14;14;1;13;1;12;1;11;1;10;1;9;1;8;1;8;2;8;3;8;4;9;4;10;4;11;4;12;4;12;5;12;6;12;7;12;8;12;9;12;10;12;11;12;12;12;13;12;14;11;14;10;14;9;14
1;3;2;14;13;1;12;1;11;1;10;1;9;1;8;1;8;2;8;3;8;4;9;4;10;4;11;4;12;4;12;5;12;6;12;7;12;8;12;9;12;10;12;11;12;12;12;13;12;14;11;14;10;14;9;14;8;14
1;3;2;14;12;1;11;1;10;1;9;1;8;1;8;2;8;3;8;4;9;4;10;4;11;4;12;4;12;5;12;6;12;7;12;8;12;9;12;10;12;11;12;12;12;13;12;14;11;14;10;14;9;14;8;14;7;14
1;3;2;14;11;1;10;1;9;1;8;1;8;2;8;3;8;4;9;4;10;4;11;4;12;4;12;5;12;6;12;7;12;8;12;9;12;10;12;11;12;12;12;13;12;14;11;14;10;14;9;14;8;14;7;14;6;14
1;3;2;14;10;1;9;1;8;1;8;2;8;3;8;4;9;4;10;4;11;4;12;4;12;5;12;6;12;7;12;8;12;9;12;10;12;11;12;12;12;13;12;14;11;14;10;14;9;14;8;14;7;14;6;14;5;14
1;3;2;14;9;1;8;1;8;2;8;3;8;4;9;4;10;4;11;4;12;4;12;5;12;6;12;7;12;8;12;9;12;10;12;11;12;12;12;13;12;14;11;14;10;14;9;14;8;14;7;14;6;14;5;14;4;14
1;3;2;14;8;1;8;2;8;3;8;4;9;4;10;4;11;4;12;4;12;5;12;6;12;7;12;8;12;9;12;10;12;11;12;12;12;13;12;14;11;14;10;14;9;14;8;14;7;14;6;14;5;14;4;14;3;14
1;3;5;4;8;2;8;2;8;3;8;4;9;4;10;4;11;4;12;4;12;5;12;6;12;7;12;8;12;9;12;10;12;11;12;12;12;13;12;14;11;14;10;14;9;14;8;14;7;14;6;14;5;14;4;14;3;14;2;14
1;0;5;4;8;2;8;3;8;4;9;4;10;4;11;4;12;4;12;5;12;6;12;7;12;8;12;9;12;10;12;11;12;12;12;13;12;14;11;14;10;14;9;14;8;14;7;14;6;14;5;14;4;14;3;14;2;14;2;13
1;1;5;4;8;3;8;4;9;4;10;4;11;4;12;4;12;5;12;6;12;7;12;8;12;9;12;10;12;11;12;12;12;13;12;14;11;14;10;14;9;14;8;14;7;14;6;14;5;14;4;14;3;14;2;14;2;13;3;13
1;1;5;4;8;4;9;4;10;4;11;4;12;4;12;5;12;6;12;7;12;8;12;9;12;10;12;11;12;12;12;13;12;14;11;14;10;14;9;14;8;14;7;14;6;14;5;14;4;14;3;14;2;14;2;13;3;13;4;13
1;1;5;4;9;4;10;4;11;4;12;4;12;5;12;6;12;7;12;8;12;9;12;10;12;11;12;12;12;13;12;14;11;14;10;14;9;14;8;14;7;14;6;14;5;14;4;14;3;14;2;14;2;13;3;13;4;13;5;13
1;0;5;4;10;4;11;4;12;4;12;5;12;6;12;7;12;8;12;9;12;10;12;11;12;12;12;13;12;14;11;14;10;14;9;14;8;14;7;14;6;14;5;14;4;14;3;14;2;14;2;13;3;13;4;13;5;13;5;12
1;0;5;4;11;4;12;4;12;5;12;6;12;7;12;8;12;9;12;10;12;11;12;12;12;13;12;14;11;14;10;14;9;14;8;14;7;14;6;14;5;14;4;14;3;14;2;14;2;13;3;13;4;13;5;13;5;12;5;11
1;0;5;4;12;4;12;5;12;6;12;7;12;8;12;9;12;10;12;11;12;12;12;13;12;14;11;14;10;14;9;14;8;14;7;14;6;14;5;14;4;14;3;14;2;14;2;13;3;13;4;13;5;13;5;12;5;11;5;10
1;0;5;4;12;5;12;6;12;7;12;8;12;9;12;10;12;11;12;12;12;13;12;14;11;14;10;14;9;14;8;14;7;14;6;14;5;14;4;14;3;14;2;14;2;13;3;13;4;13;5;13;5;12;5;11;5;10;5;9
1;0;5;4;12;6;12;7;12;8;12;9;12;10;12;11;12;12;12;13;12;14;11;14;10;14;9;14;8;14;7;14;6;14;5;14;4;14;3;14;2;14;2;13;3;13;4;13;5;13;5;12;5;11;5;10;5;9;5;8
1;0;5;4;12;7;12;8;12;9;12;10;12;11;12;12;12;13;12;14;11;14;10;14;9;14;8;14;7;14;6;14;5;14;4;14;3;14;2;14;2;13;3;13;4;13;5;13;5;12;5;11;5;10;5;9;5;8;5;7
1;0;5;4;12;8;12;9;12;10;12;11;12;12;12;13;12;14;11;14;10;14;9;14;8;14;7;14;6;14;5;14;4;14;3;14;2;14;2;13;3;13;4;13;5;13;5;12;5;11;5;10;5;9;5;8;5;7;5;6
1;0;5;4;12;9;12;10;12;11;12;12;12;13;12;14;11;14;10;14;9;14;8;14;7;14;6;14;5;14;4;14;3;14;2;14;2;13;3;13;4;13;5;13;5;12;5;11;5;10;5;9;5;8;5;7;5;6;5;5
1;0;10;4;12;10;12;10;12;11;12;12;12;13;12;14;11;14;10;14;9;14;8;14;7;14;6;14;5;14;4;14;3;14;2;14;2;13;3;13;4;13;5;13;5;12;5;11;5;10;5;9;5;8;5;7;5;6;5;5;5;4
1;1;10;4;12;10;12;11;12;12;12;13;12;14;11;14;10;14;9;14;8;14;7;14;6;14;5;14;4;14;3;14;2;14;2;13;3;13;4;13;5;13;5;12;5;11;5;10;5;9;5;8;5;7;5;6;5;5;5;4;6;4
1;1;10;4;12;11;12;12;12;13;12;14;11;14;10;14;9;14;8;14;7;14;6;14;5;14;4;14;3;14;2;14;2;13;3;13;4;13;5;13;5;12;5;11;5;10;5;9;5;8;5;7;5;6;5;5;5;4;6;4;7;4
1;1;10;4;12;12;12;13;12;14;11;14;10;14;9;14;8;14;7;14;6;14;5;14;4;14;3;14;2;14;2;13;3;13;4;13;5;13;5;12;5;11;5;10;5;9;5;8;5;7;5;6;5;5;5;4;6;4;7;4;8;4
1;1;10;4;12;13;12;14;11;14;10;14;9;14;8;14;7;14;6;14;5;14;4;14;3;14;2;14;2;13;3;13;4;13;5;13;5;12;5;11;5;10;5;9;5;8;5;7;5;6;5;5;5;4;6;4;7;4;8;4;9;4
1;1;18;9;12;14;12;14;11;14;10;14;9;14;8;14;7;14;6;14;5;14;4;14;3;14;2;14;2;13;3;13;4;13;5;13;5;12;5;11;5;10;5;9;5;8;5;7;5;6;5;5;5;4;6;4;7;4;8;4;9;4;10;4
1;2;18;9;12;14;11;14;10;14;9;14;8;14;7;14;6;14;5;14;4;14;3;14;2;14;2;13;3;13;4;13;5;13;5;12;5;11;5;10;5;9;5;8;5;7;5;6;5;5;5;4;6;4;7;4;8;4;9;4;10;4;10;5
1;2;18;9;11;14;10;14;9;14;8;14;7;14;6;14;5;14;4;14;3;14;2;14;2;13;3;13;4;13;5;13;5;12;5;11;5;10;5;9;5;8;5;7;5;6;5;5;5;4;6;4;7;4;8;4;9;4;10;4;10;5;10;6
1;2;18;9;10;14;9;14;8;14;7;14;6;14;5;14;4;14;3;14;2;14;2;13;3;13;4;13;5;13;5;12;5;11;5;10;5;9;5;8;5;7;5;6;5;5;5;4;6;4;7;4;8;4;9;4;10;4;10;5;10;6;10;7
1;2;18;9;9;14;8;14;7;14;6;14;5;14;4;14;3;14;2;14;2;13;3;13;4;13;5;13;5;12;5;11;5;10;5;9;5;8;5;7;5;6;5;5;5;4;6;4;7;4;8;4;9;4;10;4;10;5;10;6;10;7;10;8
1;2;18;9;8;14;7;14;6;14;5;14;4;14;3;14;2;14;2;13;3;13;4;13;5;13;5;12;5;11;5;10;5;9;5;8;5;7;5;6;5;5;5;4;6;4;7;4;8;4;9;4;10;4;10;5;10;6;10;7;10;8;10;9
1;1;18;9;7;14;6;14;5;14;4;14;3;14;2;14;2;13;3;13;4;13;5;13;5;12;5;11;5;10;5;9;5;8;5;7;5;6;5;5;5;4;6;4;7;4;8;4;9;4;10;4;10;5;10;6;10;7;10;8;10;9;11;9
1;1;18;9;6;14;5;14;4;14;3;14;2;14;2;13;3;13;4;13;5;13;5;12;5;11;5;10;5;9;5;8;5;7;5;6;5;5;5;4;6;4;7;4;8;4;9;4;10;4;10;5;10;6;10;7;10;8;10;9;11;9;12;9
1;1;18;9;5;14;4;14;3;14;2;14;2;13;3;13;4;13;5;13;5;12;5;11;5;10;5;9;5;8;5;7;5;6;5;5;5;4;6;4;7;4;8;4;9;4;10;4;10;5;10;6;10;7;10;8;10;9;11;9;12;9;13;9
1;1;18;9;4;14;3;14;2;14;2;13;3;13;4;13;5;13;5;12;5;11;5;10;5;9;5;8;5;7;5;6;5;5;5;4;6;4;7;4;8;4;9;4;10;4;10;5;10;6;10;7;10;8;10;9;11;9;12;9;13;9;14;9
1;1;18;9;3;14;2;14;2;13;3;13;4;13;5;13;5;12;5;11;5;10;5;9;5;8;5;7;5;6;5;5;5;4;6;4;7;4;8;4;9;4;10;4;10;5;10;6;10;7;10;8;10;9;11;9;12;9;13;9;14;9;15;9
1;1;18;9;2;14;2;13;3;13;4;13;5;13;5;12;5;11;5;10;5;9;5;8;5;7;5;6;5;5;5;4;6;4;7;4;8;4;9;4;10;4;10;5;10;6;10;7;10;8;10;9;11;9;12;9;13;9;14;9;15;9;16;9
1;1;18;9;2;13;3;13;4;13;5;13;5;12;5;11;5;10;5;9;5;8;5;7;5;6;5;5;5;4;6;4;7;4;8;4;9;4;10;4;10;5;10;6;10;7;10;8;10;9;11;9;12;9;13;9;14;9;15;9;16;9;17;9
1;1;18;17;3;13;3;13;4;13;5;13;5;12;5;11;5;10;5;9;5;8;5;7;5;6;5;5;5;4;6;4;7;4;8;4;9;4;10;4;10;5;10;6;10;7;10;8;10;9;11;9;12;9;13;9;14;9;15;9;16;9;17;9;18;9
1;2;18;17;3;13;4;13;5;13;5;12;5;11;5;10;5;9;5;8;5;7;5;6;5;5;5;4;6;4;7;4;8;4;9;4;10;4;10;5;10;6;10;7;10;8;10;9;11;9;12;9;13;9;14;9;15;9;16;9;17;9;18;9;18;10
1;2;18;17;4;13;5;13;5;12;5;11;5;10;5;9;5;8;5;7;5;6;5;5;5;4;6;4;7;4;8;4;9;4;10;4;10;5;10;6;10;7;10;8;10;9;11;9;12;9;13;9;14;9;15;9;16;9;17;9;18;9;18;10;18;11
1;2;18;17;5;13;5;12;5;11;5;10;5;9;5;8;5;7;5;6;5;5;5;4;6;4;7;4;8;4;9;4;10;4;10;5;10;6;10;7;10;8;10;9;11;9;12;9;13;9;14;9;15;9;16;9;17;9;18;9;18;10;18;11;18;12
1;2;18;17;5;12;5;11;5;10;5;9;5;8;5;7;5;6;5;5;5;4;6;4;7;4;8;4;9;4;10;4;10;5;10;6;10;7;10;8;10;9;11;9;12;9;13;9;14;9;15;9;16;9;17;9;18;9;18;10;18;11;18;12;18;13
1;2;18;17;5;11;5;10;5;9;5;8;5;7;5;6;5;5;5;4;6;4;7;4;8;4;9;4;10;4;10;5;10;6;10;7;10;8;10;9;11;9;12;9;13;9;14;9;15;9;16;9;17;9;18;9;18;10;18;11;18;12;18;13;18;14
1;2;18;17;5;10;5;9;5;8;5;7;5;6;5;5;5;4;6;4;7;4;8;4;9;4;10;4;10;5;10;6;10;7;10;8;10;9;11;9;12;9;13;9;14;9;15;9;16;9;17;9;18;9;18;10;18;11;18;12;18;13;18;14;18;15
1;2;18;17;5;9;5;8;5;7;5;6;5;5;5;4;6;4;7;4;8;4;9;4;10;4;10;5;10;6;10;7;10;8;10;9;11;9;12;9;13;9;14;9;15;9;16;9;17;9;18;9;18;10;18;11;18;12;18;13;18;14;18;15;18;16
1;2;9;13;5;8;5;8;5;7;5;6;5;5;5;4;6;4;7;4;8;4;9;4;10;4;10;5;10;6;10;7;10;8;10;9;11;9;12;9;13;9;14;9;15;9;16;9;17;9;18;9;18;10;18;11;18;12;18;13;18;14;18;15;18;16;18;17
1;3;9;13;5;8;5;7;5;6;5;5;5;4;6;4;7;4;8;4;9;4;10;4;10;5;10;6;10;7;10;8;10;9;11;9;12;9;13;9;14;9;15;9;16;9;17;9;18;9;18;10;18;11;18;12;18;13;18;14;18;15;18;16;18;17;17;17
1;0;9;13;5;7;5;6;5;5;5;4;6;4;7;4;8;4;9;4;10;4;10;5;10;6;10;7;10;8;10;9;11;9;12;9;13;9;14;9;15;9;16;9;17;9;18;9;18;10;18;11;18;12;18;13;18;14;18;15;18;16;18;17;17;17;17;16
1;0;9;13;5;6;5;5;5;4;6;4;7;4;8;4;9;4;10;4;10;5;10;6;10;7;10;8;10;9;11;9;12;9;13;9;14;9;15;9;16;9;17;9;18;9;18;10;18;11;18;12;18;13;18;14;18;15;18;16;18;17;17;17;17;16;17;15
1;0;9;13;5;5;5;4;6;4;7;4;8;4;9;4;10;4;10;5;10;6;10;7;10;8;10;9;11;9;12;9;13;9;14;9;15;9;16;9;17;9;18;9;18;10;18;11;18;12;18;13;18;14;18;15;18;16;18;17;17;17;17;16;17;15;17;14
1;0;9;13;5;4;6;4;7;4;8;4;9;4;10;4;10;5;10;6;10;7;10;8;10;9;11;9;12;9;13;9;14;9;15;9;16;9;17;9;18;9;18;10;18;11;18;12;18;13;18;14;18;15;18;16;18;17;17;17;17;16;17;15;17;14;17;13
1;3;9;13;6;4;7;4;8;4;9;4;10;4;10;5;10;6;10;7;10;8;10;9;11;9;12;9;13;9;14;9;15;9;16;9;17;9;18;9;18;10;18;11;18;12;18;13;18;14;18;15;18;16;18;17;17;17;17;16;17;15;17;14;17;13;16;13
1;3;9;13;7;4;8;4;9;4;10;4;10;5;10;6;10;7;10;8;10;9;11;9;12;9;13;9;14;9;15;9;16;9;17;9;18;9;18;10;18;11;18;12;18;13;18;14;18;15;18;16;18;17;17;17;17;16;17;15;17;14;17;13;16;13;15;13
1;3;9;13;8;4;9;4;10;4;10;5;10;6;10;7;10;8;10;9;11;9;12;9;13;9;14;9;15;9;16;9;17;9;18;9;18;10;18;11;18;12;18;13;18;14;18;15;18;16;18;17;17;17;17;16;17;15;17;14;17;13;16;13;15;13;14;13
1;3;9;13;9;4;10;4;10;5;10;6;10;7;10;8;10;9;11;9;12;9;13;9;14;9;15;9;16;9;17;9;18;9;18;10;18;11;18;12;18;13;18;14;18;15;18;16;18;17;17;17;17;16;17;15;17;14;17;13;16;13;15;13;14;13;13;13
1;3;9;13;10;4;10;5;10;6;10;7;10;8;10;9;11;9;12;9;13;9;14;9;15;9;16;9;17;9;18;9;18;10;18;11;18;12;18;13;18;14;18;15;18;16;18;17;17;17;17;16;17;15;17;14;17;13;16;13;15;13;14;13;13;13;12;13
1;3;9;13;10;5;10;6;10;7;10;8;10;9;11;9;12;9;13;9;14;9;15;9;16;9;17;9;18;9;18;10;18;11;18;12;18;13;18;14;18;15;18;16;18;17;17;17;17;16;17;15;17;14;17;13;16;13;15;13;14;13;13;13;12;13;11;13
1;3;9;13;10;6;10;7;10;8;10;9;11;9;12;9;13;9;14;9;15;9;16;9;17;9;18;9;18;10;18;11;18;12;18;13;18;14;18;15;18;16;18;17;17;17;17;16;17;15;17;14;17;13;16;13;15;13;14;13;13;13;12;13;11;13;10;13
1;3;7;17;10;7;10;7;10;8;10;9;11;9;12;9;13;9;14;9;15;9;16;9;17;9;18;9;18;10;18;11;18;12;18;13;18;14;18;15;18;16;18;17;17;17;17;16;17;15;17;14;17;13;16;13;15;13;14;13;13;13;12;13;11;13;10;13;9;13
1;3;7;17;10;7;10;8;10;9;11;9;12;9;13;9;14;9;15;9;16;9;17;9;18;9;18;10;18;11;18;12;18;13;18;14;18;15;18;16;18;17;17;17;17;16;17;15;17;14;17;13;16;13;15;13;14;13;13;13;12;13;11;13;10;13;9;13;8;13
1;3;7;17;10;8;10;9;11;9;12;9;13;9;14;9;15;9;16;9;17;9;18;9;18;10;18;11;18;12;18;13;18;14;18;15;18;16;18;17;17;17;17;16;17;15;17;14;17;13;16;13;15;13;14;13;13;13;12;13;11;13;10;13;9;13;8;13;7;13
1;2;7;17;10;9;11;9;12;9;13;9;14;9;15;9;16;9;17;9;18;9;18;10;18;11;18;12;18;13;18;14;18;15;18;16;18;17;17;17;17;16;17;15;17;14;17;13;16;13;15;13;14;13;13;13;12;13;11;13;10;13;9;13;8;13;7;13;7;14
1;2;7;17;11;9;12;9;13;9;14;9;15;9;16;9;17;9;18;9;18;10;18;11;18;12;18;13;18;14;18;15;18;16;18;17;17;17;17;16;17;15;17;14;17;13;16;13;15;13;14;13;13;13;12;13;11;13;10;13;9;13;8;13;7;13;7;14;7;15
1;2;7;17;12;9;13;9;14;9;15;9;16;9;17;9;18;9;18;10;18;11;18;12;18;13;18;14;18;15;18;16;18;17;17;17;17;16;17;15;17;14;17;13;16;13;15;13;14;13;13;13;12;13;11;13;10;13;9;13;8;13;7;13;7;14;7;15;7;16
1;2;14;7;13;9;13;9;14;9;15;9;16;9;17;9;18;9;18;10;18;11;18;12;18;13;18;14;18;15;18;16;18;17;17;17;17;16;17;15;17;14;17;13;16;13;15;13;14;13;13;13;12;13;11;13;10;13;9;13;8;13;7;13;7;14;7;15;7;16;7;17
1;1;14;7;13;9;14;9;15;9;16;9;17;9;18;9;18;10;18;11;18;12;18;13;18;14;18;15;18;16;18;17;17;17;17;16;17;15;17;14;17;13;16;13;15;13;14;13;13;13;12;13;11;13;10;13;9;13;8;13;7;13;7;14;7;15;7;16;7;17;8;17
1;1;14;7;14;9;15;9;16;9;17;9;18;9;18;10;18;11;18;12;18;13;18;14;18;15;18;16;18;17;17;17;17;16;17;15;17;14;17;13;16;13;15;13;14;13;13;13;12;13;11;13;10;13;9;13;8;13;7;13;7;14;7;15;7;16;7;17;8;17;9;17
1;1;14;7;15;9;16;9;17;9;18;9;18;10;18;11;18;12;18;13;18;14;18;15;18;16;18;17;17;17;17;16;17;15;17;14;17;13;16;13;15;13;14;13;13;13;12;13;11;13;10;13;9;13;8;13;7;13;7;14;7;15;7;16;7;17;8;17;9;17;10;17
1;1;14;7;16;9;17;9;18;9;18;10;18;11;18;12;18;13;18;14;18;15;18;16;18;17;17;17;17;16;17;15;17;14;17;13;16;13;15;13;14;13;13;13;12;13;11;13;10;13;9;13;8;13;7;13;7;14;7;15;7;16;7;17;8;17;9;17;10;17;11;17
1;1;14;7;17;9;18;9;18;10;18;11;18;12;18;13;18;14;18;15;18;16;18;17;17;17;17;16;17;15;17;14;17;13;16;13;15;13;14;13;13;13;12;13;11;13;10;13;9;13;8;13;7;13;7;14;7;15;7;16;7;17;8;17;9;17;10;17;11;17;12;17
1;2;14;7;18;9;18;10;18;11;18;12;18;13;18;14;18;15;18;16;18;17;17;17;17;16;17;15;17;14;17;13;16;13;15;13;14;13;13;13;12;13;11;13;10;13;9;13;8;13;7;13;7;14;7;15;7;16;7;17;8;17;9;17;10;17;11;17;12;17;12;18
1;1;14;7;18;10;18;11;18;12;18;13;18;14;18;15;18;16;18;17;17;17;17;16;17;15;17;14;17;13;16;13;15;13;14;13;13;13;12;13;11;13;10;13;9;13;8;13;7;13;7;14;7;15;7;16;7;17;8;17;9;17;10;17;11;17;12;17;12;18;13;18
1;2;14;7;18;11;18;12;18;13;18;14;18;15;18;16;18;17;17;17;17;16;17;15;17;14;17;13;16;13;15;13;14;13;13;13;12;13;11;13;10;13;9;13;8;13;7;13;7;14;7;15;7;16;7;17;8;17;9;17;10;17;11;17;12;17;12;18;13;18;13;19
1;1;14;7;18;12;18;13;18;14;18;15;18;16;18;17;17;17;17;16;17;15;17;14;17;13;16;13;15;13;14;13;13;13;12;13;11;13;10;13;9;13;8;13;7;13;7;14;7;15;7;16;7;17;8;17;9;17;10;17;11;17;12;17;12;18;13;18;13;19;14;19
1;1;14;7;18;13;18;14;18;15;18;16;18;17;17;17;17;16;17;15;17;14;17;13;16;13;15;13;14;13;13;13;12;13;11;13;10;13;9;13;8;13;7;13;7;14;7;15;7;16;7;17;8;17;9;17;10;17;11;17;12;17;12;18;13;18;13;19;14;19;15;19
1;0;14;7;18;14;18;15;18;16;18;17;17;17;17;16;17;15;17;14;17;13;16;13;15;13;14;13;13;13;12;13;11;13;10;13;9;13;8;13;7;13;7;14;7;15;7;16;7;17;8;17;9;17;10;17;11;17;12;17;12;18;13;18;13;19;14;19;15;19;15;18
1;1;14;7;18;15;18;16;18;17;17;17;17;16;17;15;17;14;17;13;16;13;15;13;14;13;13;13;12;13;11;13;10;13;9;13;8;13;7;13;7;14;7;15;7;16;7;17;8;17;9;17;10;17;11;17;12;17;12;18;13;18;13;19;14;19;15;19;15;18;16;18
1;0;14;7;18;16;18;17;17;17;17;16;17;15;17;14;17;13;16;13;15;13;14;13;13;13;12;13;11;13;10;13;9;13;8;13;7;13;7;14;7;15;7;16;7;17;8;17;9;17;10;17;11;17;12;17;12;18;13;18;13;19;14;19;15;19;15;18;16;18;16;17
1;0;14;7;18;17;17;17;17;16;17;15;17;14;17;13;16;13;15;13;14;13;13;13;12;13;11;13;10;13;9;13;8;13;7;13;7;14;7;15;7;16;7;17;8;17;9;17;10;17;11;17;12;17;12;18;13;18;13;19;14;19;15;19;15;18;16;18;16;17;16;16
1;0;14;7;17;17;17;16;17;15;17;14;17;13;16;13;15;13;14;13;13;13;12;13;11;13;10;13;9;13;8;13;7;13;7;14;7;15;7;16;7;17;8;17;9;17;10;17;11;17;12;17;12;18;13;18;13;19;14;19;15;19;15;18;16;18;16;17;16;16;16;15
1;0;14;7;17;16;17;15;17;14;17;13;16;13;15;13;14;13;13;13;12;13;11;13;10;13;9;13;8;13;7;13;7;14;7;15;7;16;7;17;8;17;9;17;10;17;11;17;12;17;12;18;13;18;13;19;14;19;15;19;15;18;16;18;16;17;16;16;16;15;16;14
1;3;14;7;17;15;17;14;17;13;16;13;15;13;14;13;13;13;12;13;11;13;10;13;9;13;8;13;7;13;7;14;7;15;7;16;7;17;8;17;9;17;10;17;11;17;12;17;12;18;13;18;13;19;14;19;15;19;15;18;16;18;16;17;16;16;16;15;16;14;15;14
1;3;14;7;17;14;17;13;16;13;15;13;14;13;13;13;12;13;11;13;10;13;9;13;8;13;7;13;7;14;7;15;7;16;7;17;8;17;9;17;10;17;11;17;12;17;12;18;13;18;13;19;14;19;15;19;15;18;16;18;16;17;16;16;16;15;16;14;15;14;14;14
1;3;14;7;17;13;16;13;15;13;14;13;13;13;12;13;11;13;10;13;9;13;8;13;7;13;7;14;7;15;7;16;7;17;8;17;9;17;10;17;11;17;12;17;12;18;13;18;13;19;14;19;15;19;15;18;16;18;16;17;16;16;16;15;16;14;15;14;14;14;13;14
1;3;14;7;16;13;15;13;14;13;13;13;12;13;11;13;10;13;9;13;8;13;7;13;7;14;7;15;7;16;7;17;8;17;9;17;10;17;11;17;12;17;12;18;13;18;13;19;14;19;15;19;15;18;16;18;16;17;16;16;16;15;16;14;15;14;14;14;13;14;12;14
1;3;14;7;15;13;14;13;13;13;12;13;11;13;10;13;9;13;8;13;7;13;7;14;7;15;7;16;7;17;8;17;9;17;10;17;11;17;12;17;12;18;13;18;13;19;14;19;15;19;15;18;16;18;16;17;16;16;16;15;16;14;15;14;14;14;13;14;12;14;11;14
1;3;14;7;14;13;13;13;12;13;11;13;10;13;9;13;8;13;7;13;7;14;7;15;7;16;7;17;8;17;9;17;10;17;11;17;12;17;12;18;13;18;13;19;14;19;15;19;15;18;16;18;16;17;16;16;16;15;16;14;15;14;14;14;13;14;12;14;11;14;10;14
1;3;14;7;13;13;12;13;11;13;10;13;9;13;8;13;7;13;7;14;7;15;7;16;7;17;8;17;9;17;10;17;11;17;12;17;12;18;13;18;13;19;14;19;15;19;15;18;16;18;16;17;16;16;16;15;16;14;15;14;14;14;13;14;12;14;11;14;10;14;9;14
1;3;14;7;12;13;11;13;10;13;9;13;8;13;7;13;7;14;7;15;7;16;7;17;8;17;9;17;10;17;11;17;12;17;12;18;13;18;13;19;14;19;15;19;15;18;16;18;16;17;16;16;16;15;16;14;15;14;14;14;13;14;12;14;11;14;10;14;9;14;8;14
1;2;14;7;11;13;10;13;9;13;8;13;7;13;7;14;7;15;7;16;7;17;8;17;9;17;10;17;11;17;12;17;12;18;13;18;13;19;14;19;15;19;15;18;16;18;16;17;16;16;16;15;16;14;15;14;14;14;13;14;12;14;11;14;10;14;9;14;8;14;8;15
1;1;14;7;10;13;9;13;8;13;7;13;7;14;7;15;7;16;7;17;8;17;9;17;10;17;11;17;12;17;12;18;13;18;13;19;14;19;15;19;15;18;16;18;16;17;16;16;16;15;16;14;15;14;14;14;13;14;12;14;11;14;10;14;9;14;8;14;8;15;9;15
1;2;14;7;9;13;8;13;7;13;7;14;7;15;7;16;7;17;8;17;9;17;10;17;11;17;12;17;12;18;13;18;13;19;14;19;15;19;15;18;16;18;16;17;16;16;16;15;16;14;15;14;14;14;13;14;12;14;11;14;10;14;9;14;8;14;8;15;9;15;9;16
1;1;14;7;8;13;7;13;7;14;7;15;7;16;7;17;8;17;9;17;10;17;11;17;12;17;12;18;13;18;13;19;14;19;15;19;15;18;16;18;16;17;16;16;16;15;16;14;15;14;14;14;13;14;12;14;11;14;10;14;9;14;8;14;8;15;9;15;9;16;10;16
1;1;14;7;7;13;7;14;7;15;7;16;7;17;8;17;9;17;10;17;11;17;12;17;12;18;13;18;13;19;14;19;15;19;15;18;16;18;16;17;16;16;16;15;16;14;15;14;14;14;13;14;12;14;11;14;10;14;9;14;8;14;8;15;9;15;9;16;10;16;11;16
1;1;14;7;7;14;7;15;7;16;7;17;8;17;9;17;10;17;11;17;12;17;12;18;13;18;13;19;14;19;15;19;15;18;16;18;16;17;16;16;16;15;16;14;15;14;14;14;13;14;12;14;11;14;10;14;9;14;8;14;8;15;9;15;9;16;10;16;11;16;12;16
1;1;14;7;7;15;7;16;7;17;8;17;9;17;10;17;11;17;12;17;12;18;13;18;13;19;14;19;15;19;15;18;16;18;16;17;16;16;16;15;16;14;15;14;14;14;13;14;12;14;11;14;10;14;9;14;8;14;8;15;9;15;9;16;10;16;11;16;12;16;13;16
1;2;14;7;7;16;7;17;8;17;9;17;10;17;11;17;12;17;12;18;13;18;13;19;14;19;15;19;15;18;16;18;16;17;16;16;16;15;16;14;15;14;14;14;13;14;12;14;11;14;10;14;9;14;8;14;8;15;9;15;9;16;10;16;11;16;12;16;13;16;13;17
1;1;14;7;7;17;8;17;9;17;10;17;11;17;12;17;12;18;13;18;13;19;14;19;15;19;15;18;16;18;16;17;16;16;16;15;16;14;15;14;14;14;13;14;12;14;11;14;10;14;9;14;8;14;8;15;9;15;9;16;10;16;11;16;12;16;13;16;13;17;14;17
1;0;14;7;8;17;9;17;10;17;11;17;12;17;12;18;13;18;13;19;14;19;15;19;15;18;16;18;16;17;16;16;16;15;16;14;15;14;14;14;13;14;12;14;11;14;10;14;9;14;8;14;8;15;9;15;9;16;10;16;11;16;12;16;13;16;13;17;14;17;14;16
1;1;14;7;9;17;10;17;11;17;12;17;12;18;13;18;13;19;14;19;15;19;15;18;16;18;16;17;16;16;16;15;16;14;15;14;14;14;13;14;12;14;11;14;10;14;9;14;8;14;8;15;9;15;9;16;10;16;11;16;12;16;13;16;13;17;14;17;14;16;15;16
1;0;14;7;10;17;11;17;12;17;12;18;13;18;13;19;14;19;15;19;15;18;16;18;16;17;16;16;16;15;16;14;15;14;14;14;13;14;12;14;11;14;10;14;9;14;8;14;8;15;9;15;9;16;10;16;11;16;12;16;13;16;13;17;14;17;14;16;15;16;15;15
1;3;14;7;11;17;12;17;12;18;13;18;13;19;14;19;15;19;15;18;16;18;16;17;16;16;16;15;16;14;15;14;14;14;13;14;12;14;11;14;10;14;9;14;8;14;8;15;9;15;9;16;10;16;11;16;12;16;13;16;13;17;14;17;14;16;15;16;15;15;14;15
