20
1;1;1;16;8;10;9;10;10;10
1;2;1;16;9;10;10;10;10;11
1;2;1;16;10;10;10;11;10;12
1;2;1;16;10;11;10;12;10;13
1;2;1;16;10;12;10;13;10;14
1;2;1;16;10;13;10;14;10;15
1;2;1;16;10;14;10;15;10;16
1;3;1;16;10;15;10;16;9;16
1;3;1;16;10;16;9;16;8;16
1;3;1;16;9;16;8;16;7;16
1;3;1;16;8;16;7;16;6;16
1;3;1;16;7;16;6;16;5;16
1;3;1;16;6;16;5;16;4;16
1;3;1;16;5;16;4;16;3;16
1;3;1;16;4;16;3;16;2;16
1;3;9;16;3;16;3;16;2;16;1;16
1;0;9;16;3;16;2;16;1;16;1;15
1;1;9;16;2;16;1;16;1;15;2;15
1;2;9;16;1;16;1;15;2;15;2;16
1;1;9;16;1;15;2;15;2;16;3;16
1;1;9;16;2;15;2;16;3;16;4;16
1;1;9;16;2;16;3;16;4;16;5;16
1;1;9;16;3;16;4;16;5;16;6;16
1;1;9;16;4;16;5;16;6;16;7;16
1;1;9;16;5;16;6;16;7;16;8;16
1;1;0;2;6;16;6;16;7;16;8;16;9;16
1;0;0;2;6;16;7;16;8;16;9;16;9;15
1;0;0;2;7;16;8;16;9;16;9;15;9;14
1;0;0;2;8;16;9;16;9;15;9;14;9;13
1;0;0;2;9;16;9;15;9;14;9;13;9;12
1;0;0;2;9;15;9;14;9;13;9;12;9;11
1;0;0;2;9;14;9;13;9;12;9;11;9;10
1;0;0;2;9;13;9;12;9;11;9;10;9;9
1;0;0;2;9;12;9;11;9;10;9;9;9;8
1;0;0;2;9;11;9;10;9;9;9;8;9;7
1;0;0;2;9;10;9;9;9;8;9;7;9;6
1;0;0;2;9;9;9;8;9;7;9;6;9;5
1;0;0;2;9;8;9;7;9;6;9;5;9;4
1;0;0;2;9;7;9;6;9;5;9;4;9;3
1;0;0;2;9;6;9;5;9;4;9;3;9;2
1;3;0;2;9;5;9;4;9;3;9;2;8;2
1;3;0;2;9;4;9;3;9;2;8;2;7;2
1;3;0;2;9;3;9;2;8;2;7;2;6;2
1;3;0;2;9;2;8;2;7;2;6;2;5;2
1;3;0;2;8;2;7;2;6;2;5;2;4;2
1;3;0;2;7;2;6;2;5;2;4;2;3;2
1;3;0;2;6;2;5;2;4;2;3;2;2;2
1;3;0;2;5;2;4;2;3;2;2;2;1;2
1;3;13;0;4;2;4;2;3;2;2;2;1;2;0;2
1;0;13;0;4;2;3;2;2;2;1;2;0;2;0;1
1;0;13;0;3;2;2;2;1;2;0;2;0;1;0;0
1;1;13;0;2;2;1;2;0;2;0;1;0;0;1;0
1;1;13;0;1;2;0;2;0;1;0;0;1;0;2;0
1;1;13;0;0;2;0;1;0;0;1;0;2;0;3;0
1;1;13;0;0;1;0;0;1;0;2;0;3;0;4;0
1;1;13;0;0;0;1;0;2;0;3;0;4;0;5;0
1;1;13;0;1;0;2;0;3;0;4;0;5;0;6;0
1;1;13;0;2;0;3;0;4;0;5;0;6;0;7;0
1;1;13;0;3;0;4;0;5;0;6;0;7;0;8;0
1;1;13;0;4;0;5;0;6;0;7;0;8;0;9;0
1;1;13;0;5;0;6;0;7;0;8;0;9;0;10;0
1;1;13;0;6;0;7;0;8;0;9;0;10;0;11;0
1;1;13;0;7;0;8;0;9;0;10;0;11;0;12;0
1;1;14;4;8;0;8;0;9;0;10;0;11;0;12;0;13;0
1;1;14;4;8;0;9;0;10;0;11;0;12;0;13;0;14;0
1;2;14;4;9;0;10;0;11;0;12;0;13;0;14;0;14;1
1;2;14;4;10;0;11;0;12;0;13;0;14;0;14;1;14;2
1;2;14;4;11;0;12;0;13;0;14;0;14;1;14;2;14;3
1;2;10;14;12;0;12;0;13;0;14;0;14;1;14;2;14;3;14;4
1;3;10;14;12;0;13;0;14;0;14;1;14;2;14;3;14;4;13;4
1;3;10;14;13;0;14;0;14;1;14;2;14;3;14;4;13;4;12;4
1;3;10;14;14;0;14;1;14;2;14;3;14;4;13;4;12;4;11;4
1;3;10;14;14;1;14;2;14;3;14;4;13;4;12;4;11;4;10;4
1;2;10;14;14;2;14;3;14;4;13;4;12;4;11;4;10;4;10;5
1;2;10;14;14;3;14;4;13;4;12;4;11;4;10;4;10;5;10;6
1;2;10;14;14;4;13;4;12;4;11;4;10;4;10;5;10;6;10;7
1;2;10;14;13;4;12;4;11;4;10;4;10;5;10;6;10;7;10;8
1;2;10;14;12;4;11;4;10;4;10;5;10;6;10;7;10;8;10;9
1;2;10;14;11;4;10;4;10;5;10;6;10;7;10;8;10;9;10;10
1;2;10;14;10;4;10;5;10;6;10;7;10;8;10;9;10;10;10;11
1;2;10;14;10;5;10;6;10;7;10;8;10;9;10;10;10;11;10;12
1;2;10;14;10;6;10;7;10;8;10;9;10;10;10;11;10;12;10;13
1;2;7;6;10;7;10;7;10;8;10;9;10;10;10;11;10;12;10;13;10;14
1;3;7;6;10;7;10;8;10;9;10;10;10;11;10;12;10;13;10;14;9;14
1;3;7;6;10;8;10;9;10;10;10;11;10;12;10;13;10;14;9;14;8;14
1;3;7;6;10;9;10;10;10;11;10;12;10;13;10;14;9;14;8;14;7;14
1;0;7;6;10;10;10;11;10;12;10;13;10;14;9;14;8;14;7;14;7;13
1;0;7;6;10;11;10;12;10;13;10;14;9;14;8;14;7;14;7;13;7;12
1;0;7;6;10;12;10;13;10;14;9;14;8;14;7;14;7;13;7;12;7;11
1;0;7;6;10;13;10;14;9;14;8;14;7;14;7;13;7;12;7;11;7;10
1;0;7;6;10;14;9;14;8;14;7;14;7;13;7;12;7;11;7;10;7;9
1;0;7;6;9;14;8;14;7;14;7;13;7;12;7;11;7;10;7;9;7;8
1;0;7;6;8;14;7;14;7;13;7;12;7;11;7;10;7;9;7;8;7;7
1;0;9;2;7;14;7;14;7;13;7;12;7;11;7;10;7;9;7;8;7;7;7;6
1;0;9;2;7;14;7;13;7;12;7;11;7;10;7;9;7;8;7;7;7;6;7;5
1;1;9;2;7;13;7;12;7;11;7;10;7;9;7;8;7;7;7;6;7;5;8;5
1;1;9;2;7;12;7;11;7;10;7;9;7;8;7;7;7;6;7;5;8;5;9;5
1;0;9;2;7;11;7;10;7;9;7;8;7;7;7;6;7;5;8;5;9;5;9;4
1;0;9;2;7;10;7;9;7;8;7;7;7;6;7;5;8;5;9;5;9;4;9;3
1;0;14;5;7;9;7;9;7;8;7;7;7;6;7;5;8;5;9;5;9;4;9;3;9;2
1;1;14;5;7;9;7;8;7;7;7;6;7;5;8;5;9;5;9;4;9;3;9;2;10;2
1;2;14;5;7;8;7;7;7;6;7;5;8;5;9;5;9;4;9;3;9;2;10;2;10;3
1;2;14;5;7;7;7;6;7;5;8;5;9;5;9;4;9;3;9;2;10;2;10;3;10;4
1;2;14;5;7;6;7;5;8;5;9;5;9;4;9;3;9;2;10;2;10;3;10;4;10;5
1;1;14;5;7;5;8;5;9;5;9;4;9;3;9;2;10;2;10;3;10;4;10;5;11;5
1;1;14;5;8;5;9;5;9;4;9;3;9;2;10;2;10;3;10;4;10;5;11;5;12;5
1;1;14;5;9;5;9;4;9;3;9;2;10;2;10;3;10;4;10;5;11;5;12;5;13;5
1;1;11;7;9;4;9;4;9;3;9;2;10;2;10;3;10;4;10;5;11;5;12;5;13;5;14;5
1;2;11;7;9;4;9;3;9;2;10;2;10;3;10;4;10;5;11;5;12;5;13;5;14;5;14;6
1;2;11;7;9;3;9;2;10;2;10;3;10;4;10;5;11;5;12;5;13;5;14;5;14;6;14;7
1;3;11;7;9;2;10;2;10;3;10;4;10;5;11;5;12;5;13;5;14;5;14;6;14;7;13;7
1;3;11;7;10;2;10;3;10;4;10;5;11;5;12;5;13;5;14;5;14;6;14;7;13;7;12;7
1;3;6;9;10;3;10;3;10;4;10;5;11;5;12;5;13;5;14;5;14;6;14;7;13;7;12;7;11;7
1;2;6;9;10;3;10;4;10;5;11;5;12;5;13;5;14;5;14;6;14;7;13;7;12;7;11;7;11;8
1;2;6;9;10;4;10;5;11;5;12;5;13;5;14;5;14;6;14;7;13;7;12;7;11;7;11;8;11;9
1;3;6;9;10;5;11;5;12;5;13;5;14;5;14;6;14;7;13;7;12;7;11;7;11;8;11;9;10;9
1;3;6;9;11;5;12;5;13;5;14;5;14;6;14;7;13;7;12;7;11;7;11;8;11;9;10;9;9;9
1;3;6;9;12;5;13;5;14;5;14;6;14;7;13;7;12;7;11;7;11;8;11;9;10;9;9;9;8;9
1;3;6;9;13;5;14;5;14;6;14;7;13;7;12;7;11;7;11;8;11;9;10;9;9;9;8;9;7;9
1;3;19;6;14;5;14;5;14;6;14;7;13;7;12;7;11;7;11;8;11;9;10;9;9;9;8;9;7;9;6;9
1;0;19;6;14;5;14;6;14;7;13;7;12;7;11;7;11;8;11;9;10;9;9;9;8;9;7;9;6;9;6;8
1;0;19;6;14;6;14;7;13;7;12;7;11;7;11;8;11;9;10;9;9;9;8;9;7;9;6;9;6;8;6;7
1;0;19;6;14;7;13;7;12;7;11;7;11;8;11;9;10;9;9;9;8;9;7;9;6;9;6;8;6;7;6;6
1;1;19;6;13;7;12;7;11;7;11;8;11;9;10;9;9;9;8;9;7;9;6;9;6;8;6;7;6;6;7;6
1;1;19;6;12;7;11;7;11;8;11;9;10;9;9;9;8;9;7;9;6;9;6;8;6;7;6;6;7;6;8;6
1;1;19;6;11;7;11;8;11;9;10;9;9;9;8;9;7;9;6;9;6;8;6;7;6;6;7;6;8;6;9;6
1;1;19;6;11;8;11;9;10;9;9;9;8;9;7;9;6;9;6;8;6;7;6;6;7;6;8;6;9;6;10;6
1;1;19;6;11;9;10;9;9;9;8;9;7;9;6;9;6;8;6;7;6;6;7;6;8;6;9;6;10;6;11;6
1;1;19;6;10;9;9;9;8;9;7;9;6;9;6;8;6;7;6;6;7;6;8;6;9;6;10;6;11;6;12;6
1;1;19;6;9;9;8;9;7;9;6;9;6;8;6;7;6;6;7;6;8;6;9;6;10;6;11;6;12;6;13;6
1;1;19;6;8;9;7;9;6;9;6;8;6;7;6;6;7;6;8;6;9;6;10;6;11;6;12;6;13;6;14;6
1;1;19;6;7;9;6;9;6;8;6;7;6;6;7;6;8;6;9;6;10;6;11;6;12;6;13;6;14;6;15;6
1;1;19;6;6;9;6;8;6;7;6;6;7;6;8;6;9;6;10;6;11;6;12;6;13;6;14;6;15;6;16;6
1;1;19;6;6;8;6;7;6;6;7;6;8;6;9;6;10;6;11;6;12;6;13;6;14;6;15;6;16;6;17;6
1;1;19;6;6;7;6;6;7;6;8;6;9;6;10;6;11;6;12;6;13;6;14;6;15;6;16;6;17;6;18;6
1;1;13;16;6;6;6;6;7;6;8;6;9;6;10;6;11;6;12;6;13;6;14;6;15;6;16;6;17;6;18;6;19;6
1;2;13;16;6;6;7;6;8;6;9;6;10;6;11;6;12;6;13;6;14;6;15;6;16;6;17;6;18;6;19;6;19;7
1;3;13;16;7;6;8;6;9;6;10;6;11;6;12;6;13;6;14;6;15;6;16;6;17;6;18;6;19;6;19;7;18;7
1;3;13;16;8;6;9;6;10;6;11;6;12;6;13;6;14;6;15;6;16;6;17;6;18;6;19;6;19;7;18;7;17;7
1;3;13;16;9;6;10;6;11;6;12;6;13;6;14;6;15;6;16;6;17;6;18;6;19;6;19;7;18;7;17;7;16;7
1;3;13;16;10;6;11;6;12;6;13;6;14;6;15;6;16;6;17;6;18;6;19;6;19;7;18;7;17;7;16;7;15;7
1;3;13;16;11;6;12;6;13;6;14;6;15;6;16;6;17;6;18;6;19;6;19;7;18;7;17;7;16;7;15;7;14;7
1;3;13;16;12;6;13;6;14;6;15;6;16;6;17;6;18;6;19;6;19;7;18;7;17;7;16;7;15;7;14;7;13;7
1;2;13;16;13;6;14;6;15;6;16;6;17;6;18;6;19;6;19;7;18;7;17;7;16;7;15;7;14;7;13;7;13;8
1;2;13;16;14;6;15;6;16;6;17;6;18;6;19;6;19;7;18;7;17;7;16;7;15;7;14;7;13;7;13;8;13;9
1;2;13;16;15;6;16;6;17;6;18;6;19;6;19;7;18;7;17;7;16;7;15;7;14;7;13;7;13;8;13;9;13;10
1;2;13;16;16;6;17;6;18;6;19;6;19;7;18;7;17;7;16;7;15;7;14;7;13;7;13;8;13;9;13;10;13;11
1;2;13;16;17;6;18;6;19;6;19;7;18;7;17;7;16;7;15;7;14;7;13;7;13;8;13;9;13;10;13;11;13;12
1;2;13;16;18;6;19;6;19;7;18;7;17;7;16;7;15;7;14;7;13;7;13;8;13;9;13;10;13;11;13;12;13;13
1;2;13;16;19;6;19;7;18;7;17;7;16;7;15;7;14;7;13;7;13;8;13;9;13;10;13;11;13;12;13;13;13;14
1;2;13;16;19;7;18;7;17;7;16;7;15;7;14;7;13;7;13;8;13;9;13;10;13;11;13;12;13;13;13;14;13;15
1;2;11;1;18;7;18;7;17;7;16;7;15;7;14;7;13;7;13;8;13;9;13;10;13;11;13;12;13;13;13;14;13;15;13;16
1;3;11;1;18;7;17;7;16;7;15;7;14;7;13;7;13;8;13;9;13;10;13;11;13;12;13;13;13;14;13;15;13;16;12;16
1;3;11;1;17;7;16;7;15;7;14;7;13;7;13;8;13;9;13;10;13;11;13;12;13;13;13;14;13;15;13;16;12;16;11;16
1;0;11;1;16;7;15;7;14;7;13;7;13;8;13;9;13;10;13;11;13;12;13;13;13;14;13;15;13;16;12;16;11;16;11;15
1;0;11;1;15;7;14;7;13;7;13;8;13;9;13;10;13;11;13;12;13;13;13;14;13;15;13;16;12;16;11;16;11;15;11;14
1;0;11;1;14;7;13;7;13;8;13;9;13;10;13;11;13;12;13;13;13;14;13;15;13;16;12;16;11;16;11;15;11;14;11;13
1;0;11;1;13;7;13;8;13;9;13;10;13;11;13;12;13;13;13;14;13;15;13;16;12;16;11;16;11;15;11;14;11;13;11;12
1;0;11;1;13;8;13;9;13;10;13;11;13;12;13;13;13;14;13;15;13;16;12;16;11;16;11;15;11;14;11;13;11;12;11;11
1;0;11;1;13;9;13;10;13;11;13;12;13;13;13;14;13;15;13;16;12;16;11;16;11;15;11;14;11;13;11;12;11;11;11;10
1;0;11;1;13;10;13;11;13;12;13;13;13;14;13;15;13;16;12;16;11;16;11;15;11;14;11;13;11;12;11;11;11;10;11;9
1;0;11;1;13;11;13;12;13;13;13;14;13;15;13;16;12;16;11;16;11;15;11;14;11;13;11;12;11;11;11;10;11;9;11;8
1;0;11;1;13;12;13;13;13;14;13;15;13;16;12;16;11;16;11;15;11;14;11;13;11;12;11;11;11;10;11;9;11;8;11;7
1;0;11;1;13;13;13;14;13;15;13;16;12;16;11;16;11;15;11;14;11;13;11;12;11;11;11;10;11;9;11;8;11;7;11;6
1;0;11;1;13;14;13;15;13;16;12;16;11;16;11;15;11;14;11;13;11;12;11;11;11;10;11;9;11;8;11;7;11;6;11;5
1;0;11;1;13;15;13;16;12;16;11;16;11;15;11;14;11;13;11;12;11;11;11;10;11;9;11;8;11;7;11;6;11;5;11;4
1;0;11;1;13;16;12;16;11;16;11;15;11;14;11;13;11;12;11;11;11;10;11;9;11;8;11;7;11;6;11;5;11;4;11;3
1;0;11;1;12;16;11;16;11;15;11;14;11;13;11;12;11;11;11;10;11;9;11;8;11;7;11;6;11;5;11;4;11;3;11;2
1;0;19;3;11;16;11;16;11;15;11;14;11;13;11;12;11;11;11;10;11;9;11;8;11;7;11;6;11;5;11;4;11;3;11;2;11;1
1;1;19;3;11;16;11;15;11;14;11;13;11;12;11;11;11;10;11;9;11;8;11;7;11;6;11;5;11;4;11;3;11;2;11;1;12;1
1;2;19;3;11;15;11;14;11;13;11;12;11;11;11;10;11;9;11;8;11;7;11;6;11;5;11;4;11;3;11;2;11;1;12;1;12;2
1;2;19;3;11;14;11;13;11;12;11;11;11;10;11;9;11;8;11;7;11;6;11;5;11;4;11;3;11;2;11;1;12;1;12;2;12;3
1;1;19;3;11;13;11;12;11;11;11;10;11;9;11;8;11;7;11;6;11;5;11;4;11;3;11;2;11;1;12;1;12;2;12;3;13;3
1;1;19;3;11;12;11;11;11;10;11;9;11;8;11;7;11;6;11;5;11;4;11;3;11;2;11;1;12;1;12;2;12;3;13;3;14;3
1;1;19;3;11;11;11;10;11;9;11;8;11;7;11;6;11;5;11;4;11;3;11;2;11;1;12;1;12;2;12;3;13;3;14;3;15;3
1;1;19;3;11;10;11;9;11;8;11;7;11;6;11;5;11;4;11;3;11;2;11;1;12;1;12;2;12;3;13;3;14;3;15;3;16;3
1;1;19;3;11;9;11;8;11;7;11;6;11;5;11;4;11;3;11;2;11;1;12;1;12;2;12;3;13;3;14;3;15;3;16;3;17;3
1;1;19;3;11;8;11;7;11;6;11;5;11;4;11;3;11;2;11;1;12;1;12;2;12;3;13;3;14;3;15;3;16;3;17;3;18;3
1;1;7;12;11;7;11;7;11;6;11;5;11;4;11;3;11;2;11;1;12;1;12;2;12;3;13;3;14;3;15;3;16;3;17;3;18;3;19;3
1;2;7;12;11;7;11;6;11;5;11;4;11;3;11;2;11;1;12;1;12;2;12;3;13;3;14;3;15;3;16;3;17;3;18;3;19;3;19;4
1;3;7;12;11;6;11;5;11;4;11;3;11;2;11;1;12;1;12;2;12;3;13;3;14;3;15;3;16;3;17;3;18;3;19;3;19;4;18;4
1;3;7;12;11;5;11;4;11;3;11;2;11;1;12;1;12;2;12;3;13;3;14;3;15;3;16;3;17;3;18;3;19;3;19;4;18;4;17;4
1;3;7;12;11;4;11;3;11;2;11;1;12;1;12;2;12;3;13;3;14;3;15;3;16;3;17;3;18;3;19;3;19;4;18;4;17;4;16;4
1;3;7;12;11;3;11;2;11;1;12;1;12;2;12;3;13;3;14;3;15;3;16;3;17;3;18;3;19;3;19;4;18;4;17;4;16;4;15;4
1;3;7;12;11;2;11;1;12;1;12;2;12;3;13;3;14;3;15;3;16;3;17;3;18;3;19;3;19;4;18;4;17;4;16;4;15;4;14;4
1;3;7;12;11;1;12;1;12;2;12;3;13;3;14;3;15;3;16;3;17;3;18;3;19;3;19;4;18;4;17;4;16;4;15;4;14;4;13;4
1;3;7;12;12;1;12;2;12;3;13;3;14;3;15;3;16;3;17;3;18;3;19;3;19;4;18;4;17;4;16;4;15;4;14;4;13;4;12;4
1;3;7;12;12;2;12;3;13;3;14;3;15;3;16;3;17;3;18;3;19;3;19;4;18;4;17;4;16;4;15;4;14;4;13;4;12;4;11;4
1;3;7;12;12;3;13;3;14;3;15;3;16;3;17;3;18;3;19;3;19;4;18;4;17;4;16;4;15;4;14;4;13;4;12;4;11;4;10;4
1;3;7;12;13;3;14;3;15;3;16;3;17;3;18;3;19;3;19;4;18;4;17;4;16;4;15;4;14;4;13;4;12;4;11;4;10;4;9;4
1;3;7;12;14;3;15;3;16;3;17;3;18;3;19;3;19;4;18;4;17;4;16;4;15;4;14;4;13;4;12;4;11;4;10;4;9;4;8;4
1;3;7;12;15;3;16;3;17;3;18;3;19;3;19;4;18;4;17;4;16;4;15;4;14;4;13;4;12;4;11;4;10;4;9;4;8;4;7;4
1;2;7;12;16;3;17;3;18;3;19;3;19;4;18;4;17;4;16;4;15;4;14;4;13;4;12;4;11;4;10;4;9;4;8;4;7;4;7;5
1;2;7;12;17;3;18;3;19;3;19;4;18;4;17;4;16;4;15;4;14;4;13;4;12;4;11;4;10;4;9;4;8;4;7;4;7;5;7;6
1;2;7;12;18;3;19;3;19;4;18;4;17;4;16;4;15;4;14;4;13;4;12;4;11;4;10;4;9;4;8;4;7;4;7;5;7;6;7;7
1;2;7;12;19;3;19;4;18;4;17;4;16;4;15;4;14;4;13;4;12;4;11;4;10;4;9;4;8;4;7;4;7;5;7;6;7;7;7;8
1;2;7;12;19;4;18;4;17;4;16;4;15;4;14;4;13;4;12;4;11;4;10;4;9;4;8;4;7;4;7;5;7;6;7;7;7;8;7;9
1;2;7;12;18;4;17;4;16;4;15;4;14;4;13;4;12;4;11;4;10;4;9;4;8;4;7;4;7;5;7;6;7;7;7;8;7;9;7;10
1;2;7;12;17;4;16;4;15;4;14;4;13;4;12;4;11;4;10;4;9;4;8;4;7;4;7;5;7;6;7;7;7;8;7;9;7;10;7;11
1;2;6;4;16;4;16;4;15;4;14;4;13;4;12;4;11;4;10;4;9;4;8;4;7;4;7;5;7;6;7;7;7;8;7;9;7;10;7;11;7;12
1;3;6;4;16;4;15;4;14;4;13;4;12;4;11;4;10;4;9;4;8;4;7;4;7;5;7;6;7;7;7;8;7;9;7;10;7;11;7;12;6;12
1;0;6;4;15;4;14;4;13;4;12;4;11;4;10;4;9;4;8;4;7;4;7;5;7;6;7;7;7;8;7;9;7;10;7;11;7;12;6;12;6;11
1;0;6;4;14;4;13;4;12;4;11;4;10;4;9;4;8;4;7;4;7;5;7;6;7;7;7;8;7;9;7;10;7;11;7;12;6;12;6;11;6;10
1;0;6;4;13;4;12;4;11;4;10;4;9;4;8;4;7;4;7;5;7;6;7;7;7;8;7;9;7;10;7;11;7;12;6;12;6;11;6;10;6;9
1;0;6;4;12;4;11;4;10;4;9;4;8;4;7;4;7;5;7;6;7;7;7;8;7;9;7;10;7;11;7;12;6;12;6;11;6;10;6;9;6;8
1;0;6;4;11;4;10;4;9;4;8;4;7;4;7;5;7;6;7;7;7;8;7;9;7;10;7;11;7;12;6;12;6;11;6;10;6;9;6;8;6;7
1;0;6;4;10;4;9;4;8;4;7;4;7;5;7;6;7;7;7;8;7;9;7;10;7;11;7;12;6;12;6;11;6;10;6;9;6;8;6;7;6;6
1;0;6;4;9;4;8;4;7;4;7;5;7;6;7;7;7;8;7;9;7;10;7;11;7;12;6;12;6;11;6;10;6;9;6;8;6;7;6;6;6;5
1;0;16;0;8;4;8;4;7;4;7;5;7;6;7;7;7;8;7;9;7;10;7;11;7;12;6;12;6;11;6;10;6;9;6;8;6;7;6;6;6;5;6;4
1;0;16;0;8;4;7;4;7;5;7;6;7;7;7;8;7;9;7;10;7;11;7;12;6;12;6;11;6;10;6;9;6;8;6;7;6;6;6;5;6;4;6;3
1;0;16;0;7;4;7;5;7;6;7;7;7;8;7;9;7;10;7;11;7;12;6;12;6;11;6;10;6;9;6;8;6;7;6;6;6;5;6;4;6;3;6;2
1;0;16;0;7;5;7;6;7;7;7;8;7;9;7;10;7;11;7;12;6;12;6;11;6;10;6;9;6;8;6;7;6;6;6;5;6;4;6;3;6;2;6;1
1;0;16;0;7;6;7;7;7;8;7;9;7;10;7;11;7;12;6;12;6;11;6;10;6;9;6;8;6;7;6;6;6;5;6;4;6;3;6;2;6;1;6;0
1;1;16;0;7;7;7;8;7;9;7;10;7;11;7;12;6;12;6;11;6;10;6;9;6;8;6;7;6;6;6;5;6;4;6;3;6;2;6;1;6;0;7;0
1;1;16;0;7;8;7;9;7;10;7;11;7;12;6;12;6;11;6;10;6;9;6;8;6;7;6;6;6;5;6;4;6;3;6;2;6;1;6;0;7;0;8;0
1;1;16;0;7;9;7;10;7;11;7;12;6;12;6;11;6;10;6;9;6;8;6;7;6;6;6;5;6;4;6;3;6;2;6;1;6;0;7;0;8;0;9;0
1;1;16;0;7;10;7;11;7;12;6;12;6;11;6;10;6;9;6;8;6;7;6;6;6;5;6;4;6;3;6;2;6;1;6;0;7;0;8;0;9;0;10;0
1;1;16;0;7;11;7;12;6;12;6;11;6;10;6;9;6;8;6;7;6;6;6;5;6;4;6;3;6;2;6;1;6;0;7;0;8;0;9;0;10;0;11;0
1;1;16;0;7;12;6;12;6;11;6;10;6;9;6;8;6;7;6;6;6;5;6;4;6;3;6;2;6;1;6;0;7;0;8;0;9;0;10;0;11;0;12;0
1;1;16;0;6;12;6;11;6;10;6;9;6;8;6;7;6;6;6;5;6;4;6;3;6;2;6;1;6;0;7;0;8;0;9;0;10;0;11;0;12;0;13;0
1;1;16;0;6;11;6;10;6;9;6;8;6;7;6;6;6;5;6;4;6;3;6;2;6;1;6;0;7;0;8;0;9;0;10;0;11;0;12;0;13;0;14;0
1;1;16;0;6;10;6;9;6;8;6;7;6;6;6;5;6;4;6;3;6;2;6;1;6;0;7;0;8;0;9;0;10;0;11;0;12;0;13;0;14;0;15;0
1;1;19;7;6;9;6;9;6;8;6;7;6;6;6;5;6;4;6;3;6;2;6;1;6;0;7;0;8;0;9;0;10;0;11;0;12;0;13;0;14;0;15;0;16;0
1;1;19;7;6;9;6;8;6;7;6;6;6;5;6;4;6;3;6;2;6;1;6;0;7;0;8;0;9;0;10;0;11;0;12;0;13;0;14;0;15;0;16;0;17;0
1;1;19;7;6;8;6;7;6;6;6;5;6;4;6;3;6;2;6;1;6;0;7;0;8;0;9;0;10;0;11;0;12;0;13;0;14;0;15;0;16;0;17;0;18;0
1;1;19;7;6;7;6;6;6;5;6;4;6;3;6;2;6;1;6;0;7;0;8;0;9;0;10;0;11;0;12;0;13;0;14;0;15;0;16;0;17;0;18;0;19;0
1;2;19;7;6;6;6;5;6;4;6;3;6;2;6;1;6;0;7;0;8;0;9;0;10;0;11;0;12;0;13;0;14;0;15;0;16;0;17;0;18;0;19;0;19;1
1;2;19;7;6;5;6;4;6;3;6;2;6;1;6;0;7;0;8;0;9;0;10;0;11;0;12;0;13;0;14;0;15;0;16;0;17;0;18;0;19;0;19;1;19;2
1;2;19;7;6;4;6;3;6;2;6;1;6;0;7;0;8;0;9;0;10;0;11;0;12;0;13;0;14;0;15;0;16;0;17;0;18;0;19;0;19;1;19;2;19;3
1;2;19;7;6;3;6;2;6;1;6;0;7;0;8;0;9;0;10;0;11;0;12;0;13;0;14;0;15;0;16;0;17;0;18;0;19;0;19;1;19;2;19;3;19;4
1;3;19;7;6;2;6;1;6;0;7;0;8;0;9;0;10;0;11;0;12;0;13;0;14;0;15;0;16;0;17;0;18;0;19;0;19;1;19;2;19;3;19;4;18;4
1;2;19;7;6;1;6;0;7;0;8;0;9;0;10;0;11;0;12;0;13;0;14;0;15;0;16;0;17;0;18;0;19;0;19;1;19;2;19;3;19;4;18;4;18;5
1;1;19;7;6;0;7;0;8;0;9;0;10;0;11;0;12;0;13;0;14;0;15;0;16;0;17;0;18;0;19;0;19;1;19;2;19;3;19;4;18;4;18;5;19;5
1;2;19;7;7;0;8;0;9;0;10;0;11;0;12;0;13;0;14;0;15;0;16;0;17;0;18;0;19;0;19;1;19;2;19;3;19;4;18;4;18;5;19;5;19;6
1;3;19;7;8;0;9;0;10;0;11;0;12;0;13;0;14;0;15;0;16;0;17;0;18;0;19;0;19;1;19;2;19;3;19;4;18;4;18;5;19;5;19;6;18;6
1;2;19;7;9;0;10;0;11;0;12;0;13;0;14;0;15;0;16;0;17;0;18;0;19;0;19;1;19;2;19;3;19;4;18;4;18;5;19;5;19;6;18;6;18;7
1;1;10;12;10;0;10;0;11;0;12;0;13;0;14;0;15;0;16;0;17;0;18;0;19;0;19;1;19;2;19;3;19;4;18;4;18;5;19;5;19;6;18;6;18;7;19;7
1;2;10;12;10;0;11;0;12;0;13;0;14;0;15;0;16;0;17;0;18;0;19;0;19;1;19;2;19;3;19;4;18;4;18;5;19;5;19;6;18;6;18;7;19;7;19;8
1;2;10;12;11;0;12;0;13;0;14;0;15;0;16;0;17;0;18;0;19;0;19;1;19;2;19;3;19;4;18;4;18;5;19;5;19;6;18;6;18;7;19;7;19;8;19;9
1;2;10;12;12;0;13;0;14;0;15;0;16;0;17;0;18;0;19;0;19;1;19;2;19;3;19;4;18;4;18;5;19;5;19;6;18;6;18;7;19;7;19;8;19;9;19;10
1;2;10;12;13;0;14;0;15;0;16;0;17;0;18;0;19;0;19;1;19;2;19;3;19;4;18;4;18;5;19;5;19;6;18;6;18;7;19;7;19;8;19;9;19;10;19;11
1;2;10;12;14;0;15;0;16;0;17;0;18;0;19;0;19;1;19;2;19;3;19;4;18;4;18;5;19;5;19;6;18;6;18;7;19;7;19;8;19;9;19;10;19;11;19;12
1;3;10;12;15;0;16;0;17;0;18;0;19;0;19;1;19;2;19;3;19;4;18;4;18;5;19;5;19;6;18;6;18;7;19;7;19;8;19;9;19;10;19;11;19;12;18;12
1;3;10;12;16;0;17;0;18;0;19;0;19;1;19;2;19;3;19;4;18;4;18;5;19;5;19;6;18;6;18;7;19;7;19;8;19;9;19;10;19;11;19;12;18;12;17;12
1;3;10;12;17;0;18;0;19;0;19;1;19;2;19;3;19;4;18;4;18;5;19;5;19;6;18;6;18;7;19;7;19;8;19;9;19;10;19;11;19;12;18;12;17;12;16;12
1;3;10;12;18;0;19;0;19;1;19;2;19;3;19;4;18;4;18;5;19;5;19;6;18;6;18;7;19;7;19;8;19;9;19;10;19;11;19;12;18;12;17;12;16;12;15;12
1;3;10;12;19;0;19;1;19;2;19;3;19;4;18;4;18;5;19;5;19;6;18;6;18;7;19;7;19;8;19;9;19;10;19;11;19;12;18;12;17;12;16;12;15;12;14;12
1;3;10;12;19;1;19;2;19;3;19;4;18;4;18;5;19;5;19;6;18;6;18;7;19;7;19;8;19;9;19;10;19;11;19;12;18;12;17;12;16;12;15;12;14;12;13;12
1;3;10;12;19;2;19;3;19;4;18;4;18;5;19;5;19;6;18;6;18;7;19;7;19;8;19;9;19;10;19;11;19;12;18;12;17;12;16;12;15;12;14;12;13;12;12;12
1;3;10;12;19;3;19;4;18;4;18;5;19;5;19;6;18;6;18;7;19;7;19;8;19;9;19;10;19;11;19;12;18;12;17;12;16;12;15;12;14;12;13;12;12;12;11;12
1;2;10;12;19;4;18;4;18;5;19;5;19;6;18;6;18;7;19;7;19;8;19;9;19;10;19;11;19;12;18;12;17;12;16;12;15;12;14;12;13;12;12;12;11;12;11;13
1;3;10;12;18;4;18;5;19;5;19;6;18;6;18;7;19;7;19;8;19;9;19;10;19;11;19;12;18;12;17;12;16;12;15;12;14;12;13;12;12;12;11;12;11;13;10;13
1;0;13;18;18;5;18;5;19;5;19;6;18;6;18;7;19;7;19;8;19;9;19;10;19;11;19;12;18;12;17;12;16;12;15;12;14;12;13;12;12;12;11;12;11;13;10;13;10;12
1;0;13;18;18;5;19;5;19;6;18;6;18;7;19;7;19;8;19;9;19;10;19;11;19;12;18;12;17;12;16;12;15;12;14;12;13;12;12;12;11;12;11;13;10;13;10;12;10;11
1;1;13;18;19;5;19;6;18;6;18;7;19;7;19;8;19;9;19;10;19;11;19;12;18;12;17;12;16;12;15;12;14;12;13;12;12;12;11;12;11;13;10;13;10;12;10;11;11;11
1;1;13;18;19;6;18;6;18;7;19;7;19;8;19;9;19;10;19;11;19;12;18;12;17;12;16;12;15;12;14;12;13;12;12;12;11;12;11;13;10;13;10;12;10;11;11;11;12;11
1;1;13;18;18;6;18;7;19;7;19;8;19;9;19;10;19;11;19;12;18;12;17;12;16;12;15;12;14;12;13;12;12;12;11;12;11;13;10;13;10;12;10;11;11;11;12;11;13;11
1;0;13;18;18;7;19;7;19;8;19;9;19;10;19;11;19;12;18;12;17;12;16;12;15;12;14;12;13;12;12;12;11;12;11;13;10;13;10;12;10;11;11;11;12;11;13;11;13;10
1;0;13;18;19;7;19;8;19;9;19;10;19;11;19;12;18;12;17;12;16;12;15;12;14;12;13;12;12;12;11;12;11;13;10;13;10;12;10;11;11;11;12;11;13;11;13;10;13;9
1;0;13;18;19;8;19;9;19;10;19;11;19;12;18;12;17;12;16;12;15;12;14;12;13;12;12;12;11;12;11;13;10;13;10;12;10;11;11;11;12;11;13;11;13;10;13;9;13;8
1;0;13;18;19;9;19;10;19;11;19;12;18;12;17;12;16;12;15;12;14;12;13;12;12;12;11;12;11;13;10;13;10;12;10;11;11;11;12;11;13;11;13;10;13;9;13;8;13;7
1;1;13;18;19;10;19;11;19;12;18;12;17;12;16;12;15;12;14;12;13;12;12;12;11;12;11;13;10;13;10;12;10;11;11;11;12;11;13;11;13;10;13;9;13;8;13;7;14;7
1;2;13;18;19;11;19;12;18;12;17;12;16;12;15;12;14;12;13;12;12;12;11;12;11;13;10;13;10;12;10;11;11;11;12;11;13;11;13;10;13;9;13;8;13;7;14;7;14;8
1;2;13;18;19;12;18;12;17;12;16;12;15;12;14;12;13;12;12;12;11;12;11;13;10;13;10;12;10;11;11;11;12;11;13;11;13;10;13;9;13;8;13;7;14;7;14;8;14;9
1;2;13;18;18;12;17;12;16;12;15;12;14;12;13;12;12;12;11;12;11;13;10;13;10;12;10;11;11;11;12;11;13;11;13;10;13;9;13;8;13;7;14;7;14;8;14;9;14;10
1;2;13;18;17;12;16;12;15;12;14;12;13;12;12;12;11;12;11;13;10;13;10;12;10;11;11;11;12;11;13;11;13;10;13;9;13;8;13;7;14;7;14;8;14;9;14;10;14;11
1;1;13;18;16;12;15;12;14;12;13;12;12;12;11;12;11;13;10;13;10;12;10;11;11;11;12;11;13;11;13;10;13;9;13;8;13;7;14;7;14;8;14;9;14;10;14;11;15;11
1;1;13;18;15;12;14;12;13;12;12;12;11;12;11;13;10;13;10;12;10;11;11;11;12;11;13;11;13;10;13;9;13;8;13;7;14;7;14;8;14;9;14;10;14;11;15;11;16;11
1;2;13;18;14;12;13;12;12;12;11;12;11;13;10;13;10;12;10;11;11;11;12;11;13;11;13;10;13;9;13;8;13;7;14;7;14;8;14;9;14;10;14;11;15;11;16;11;16;12
1;2;13;18;13;12;12;12;11;12;11;13;10;13;10;12;10;11;11;11;12;11;13;11;13;10;13;9;13;8;13;7;14;7;14;8;14;9;14;10;14;11;15;11;16;11;16;12;16;13
1;2;13;18;12;12;11;12;11;13;10;13;10;12;10;11;11;11;12;11;13;11;13;10;13;9;13;8;13;7;14;7;14;8;14;9;14;10;14;11;15;11;16;11;16;12;16;13;16;14
1;2;13;18;11;12;11;13;10;13;10;12;10;11;11;11;12;11;13;11;13;10;13;9;13;8;13;7;14;7;14;8;14;9;14;10;14;11;15;11;16;11;16;12;16;13;16;14;16;15
1;2;13;18;11;13;10;13;10;12;10;11;11;11;12;11;13;11;13;10;13;9;13;8;13;7;14;7;14;8;14;9;14;10;14;11;15;11;16;11;16;12;16;13;16;14;16;15;16;16
1;2;13;18;10;13;10;12;10;11;11;11;12;11;13;11;13;10;13;9;13;8;13;7;14;7;14;8;14;9;14;10;14;11;15;11;16;11;16;12;16;13;16;14;16;15;16;16;16;17
1;2;13;18;10;12;10;11;11;11;12;11;13;11;13;10;13;9;13;8;13;7;14;7;14;8;14;9;14;10;14;11;15;11;16;11;16;12;16;13;16;14;16;15;16;16;16;17;16;18
1;3;13;18;10;11;11;11;12;11;13;11;13;10;13;9;13;8;13;7;14;7;14;8;14;9;14;10;14;11;15;11;16;11;16;12;16;13;16;14;16;15;16;16;16;17;16;18;15;18
1;3;13;18;11;11;12;11;13;11;13;10;13;9;13;8;13;7;14;7;14;8;14;9;14;10;14;11;15;11;16;11;16;12;16;13;16;14;16;15;16;16;16;17;16;18;15;18;14;18
1;3;4;5;12;11;12;11;13;11;13;10;13;9;13;8;13;7;14;7;14;8;14;9;14;10;14;11;15;11;16;11;16;12;16;13;16;14;16;15;16;16;16;17;16;18;15;18;14;18;13;18
1;3;4;5;12;11;13;11;13;10;13;9;13;8;13;7;14;7;14;8;14;9;14;10;14;11;15;11;16;11;16;12;16;13;16;14;16;15;16;16;16;17;16;18;15;18;14;18;13;18;12;18
1;3;4;5;13;11;13;10;13;9;13;8;13;7;14;7;14;8;14;9;14;10;14;11;15;11;16;11;16;12;16;13;16;14;16;15;16;16;16;17;16;18;15;18;14;18;13;18;12;18;11;18
1;0;4;5;13;10;13;9;13;8;13;7;14;7;14;8;14;9;14;10;14;11;15;11;16;11;16;12;16;13;16;14;16;15;16;16;16;17;16;18;15;18;14;18;13;18;12;18;11;18;11;17
1;0;4;5;13;9;13;8;13;7;14;7;14;8;14;9;14;10;14;11;15;11;16;11;16;12;16;13;16;14;16;15;16;16;16;17;16;18;15;18;14;18;13;18;12;18;11;18;11;17;11;16
1;0;4;5;13;8;13;7;14;7;14;8;14;9;14;10;14;11;15;11;16;11;16;12;16;13;16;14;16;15;16;16;16;17;16;18;15;18;14;18;13;18;12;18;11;18;11;17;11;16;11;15
1;0;4;5;13;7;14;7;14;8;14;9;14;10;14;11;15;11;16;11;16;12;16;13;16;14;16;15;16;16;16;17;16;18;15;18;14;18;13;18;12;18;11;18;11;17;11;16;11;15;11;14
1;0;4;5;14;7;14;8;14;9;14;10;14;11;15;11;16;11;16;12;16;13;16;14;16;15;16;16;16;17;16;18;15;18;14;18;13;18;12;18;11;18;11;17;11;16;11;15;11;14;11;13
1;0;4;5;14;8;14;9;14;10;14;11;15;11;16;11;16;12;16;13;16;14;16;15;16;16;16;17;16;18;15;18;14;18;13;18;12;18;11;18;11;17;11;16;11;15;11;14;11;13;11;12
1;0;4;5;14;9;14;10;14;11;15;11;16;11;16;12;16;13;16;14;16;15;16;16;16;17;16;18;15;18;14;18;13;18;12;18;11;18;11;17;11;16;11;15;11;14;11;13;11;12;11;11
1;0;4;5;14;10;14;11;15;11;16;11;16;12;16;13;16;14;16;15;16;16;16;17;16;18;15;18;14;18;13;18;12;18;11;18;11;17;11;16;11;15;11;14;11;13;11;12;11;11;11;10
1;0;4;5;14;11;15;11;16;11;16;12;16;13;16;14;16;15;16;16;16;17;16;18;15;18;14;18;13;18;12;18;11;18;11;17;11;16;11;15;11;14;11;13;11;12;11;11;11;10;11;9
1;0;4;5;15;11;16;11;16;12;16;13;16;14;16;15;16;16;16;17;16;18;15;18;14;18;13;18;12;18;11;18;11;17;11;16;11;15;11;14;11;13;11;12;11;11;11;10;11;9;11;8
1;0;4;5;16;11;16;12;16;13;16;14;16;15;16;16;16;17;16;18;15;18;14;18;13;18;12;18;11;18;11;17;11;16;11;15;11;14;11;13;11;12;11;11;11;10;11;9;11;8;11;7
1;0;4;5;16;12;16;13;16;14;16;15;16;16;16;17;16;18;15;18;14;18;13;18;12;18;11;18;11;17;11;16;11;15;11;14;11;13;11;12;11;11;11;10;11;9;11;8;11;7;11;6
1;0;4;5;16;13;16;14;16;15;16;16;16;17;16;18;15;18;14;18;13;18;12;18;11;18;11;17;11;16;11;15;11;14;11;13;11;12;11;11;11;10;11;9;11;8;11;7;11;6;11;5
1;3;4;5;16;14;16;15;16;16;16;17;16;18;15;18;14;18;13;18;12;18;11;18;11;17;11;16;11;15;11;14;11;13;11;12;11;11;11;10;11;9;11;8;11;7;11;6;11;5;10;5
1;3;4;5;16;15;16;16;16;17;16;18;15;18;14;18;13;18;12;18;11;18;11;17;11;16;11;15;11;14;11;13;11;12;11;11;11;10;11;9;11;8;11;7;11;6;11;5;10;5;9;5
1;3;4;5;16;16;16;17;16;18;15;18;14;18;13;18;12;18;11;18;11;17;11;16;11;15;11;14;11;13;11;12;11;11;11;10;11;9;11;8;11;7;11;6;11;5;10;5;9;5;8;5
1;3;4;5;16;17;16;18;15;18;14;18;13;18;12;18;11;18;11;17;11;16;11;15;11;14;11;13;11;12;11;11;11;10;11;9;11;8;11;7;11;6;11;5;10;5;9;5;8;5;7;5
1;3;4;5;16;18;15;18;14;18;13;18;12;18;11;18;11;17;11;16;11;15;11;14;11;13;11;12;11;11;11;10;11;9;11;8;11;7;11;6;11;5;10;5;9;5;8;5;7;5;6;5
1;3;4;5;15;18;14;18;13;18;12;18;11;18;11;17;11;16;11;15;11;14;11;13;11;12;11;11;11;10;11;9;11;8;11;7;11;6;11;5;10;5;9;5;8;5;7;5;6;5;5;5
1;3;14;14;14;18;14;18;13;18;12;18;11;18;11;17;11;16;11;15;11;14;11;13;11;12;11;11;11;10;11;9;11;8;11;7;11;6;11;5;10;5;9;5;8;5;7;5;6;5;5;5;4;5
1;0;14;14;14;18;13;18;12;18;11;18;11;17;11;16;11;15;11;14;11;13;11;12;11;11;11;10;11;9;11;8;11;7;11;6;11;5;10;5;9;5;8;5;7;5;6;5;5;5;4;5;4;4
1;1;14;14;13;18;12;18;11;18;11;17;11;16;11;15;11;14;11;13;11;12;11;11;11;10;11;9;11;8;11;7;11;6;11;5;10;5;9;5;8;5;7;5;6;5;5;5;4;5;4;4;5;4
1;1;14;14;12;18;11;18;11;17;11;16;11;15;11;14;11;13;11;12;11;11;11;10;11;9;11;8;11;7;11;6;11;5;10;5;9;5;8;5;7;5;6;5;5;5;4;5;4;4;5;4;6;4
1;1;14;14;11;18;11;17;11;16;11;15;11;14;11;13;11;12;11;11;11;10;11;9;11;8;11;7;11;6;11;5;10;5;9;5;8;5;7;5;6;5;5;5;4;5;4;4;5;4;6;4;7;4
1;1;14;14;11;17;11;16;11;15;11;14;11;13;11;12;11;11;11;10;11;9;11;8;11;7;11;6;11;5;10;5;9;5;8;5;7;5;6;5;5;5;4;5;4;4;5;4;6;4;7;4;8;4
1;1;14;14;11;16;11;15;11;14;11;13;11;12;11;11;11;10;11;9;11;8;11;7;11;6;11;5;10;5;9;5;8;5;7;5;6;5;5;5;4;5;4;4;5;4;6;4;7;4;8;4;9;4
1;1;14;14;11;15;11;14;11;13;11;12;11;11;11;10;11;9;11;8;11;7;11;6;11;5;10;5;9;5;8;5;7;5;6;5;5;5;4;5;4;4;5;4;6;4;7;4;8;4;9;4;10;4
1;1;14;14;11;14;11;13;11;12;11;11;11;10;11;9;11;8;11;7;11;6;11;5;10;5;9;5;8;5;7;5;6;5;5;5;4;5;4;4;5;4;6;4;7;4;8;4;9;4;10;4;11;4
1;1;14;14;11;13;11;12;11;11;11;10;11;9;11;8;11;7;11;6;11;5;10;5;9;5;8;5;7;5;6;5;5;5;4;5;4;4;5;4;6;4;7;4;8;4;9;4;10;4;11;4;12;4
1;1;14;14;11;12;11;11;11;10;11;9;11;8;11;7;11;6;11;5;10;5;9;5;8;5;7;5;6;5;5;5;4;5;4;4;5;4;6;4;7;4;8;4;9;4;10;4;11;4;12;4;13;4
1;1;14;14;11;11;11;10;11;9;11;8;11;7;11;6;11;5;10;5;9;5;8;5;7;5;6;5;5;5;4;5;4;4;5;4;6;4;7;4;8;4;9;4;10;4;11;4;12;4;13;4;14;4
1;2;14;14;11;10;11;9;11;8;11;7;11;6;11;5;10;5;9;5;8;5;7;5;6;5;5;5;4;5;4;4;5;4;6;4;7;4;8;4;9;4;10;4;11;4;12;4;13;4;14;4;14;5
1;2;14;14;11;9;11;8;11;7;11;6;11;5;10;5;9;5;8;5;7;5;6;5;5;5;4;5;4;4;5;4;6;4;7;4;8;4;9;4;10;4;11;4;12;4;13;4;14;4;14;5;14;6
1;2;14;14;11;8;11;7;11;6;11;5;10;5;9;5;8;5;7;5;6;5;5;5;4;5;4;4;5;4;6;4;7;4;8;4;9;4;10;4;11;4;12;4;13;4;14;4;14;5;14;6;14;7
1;2;14;14;11;7;11;6;11;5;10;5;9;5;8;5;7;5;6;5;5;5;4;5;4;4;5;4;6;4;7;4;8;4;9;4;10;4;11;4;12;4;13;4;14;4;14;5;14;6;14;7;14;8
1;2;14;14;11;6;11;5;10;5;9;5;8;5;7;5;6;5;5;5;4;5;4;4;5;4;6;4;7;4;8;4;9;4;10;4;11;4;12;4;13;4;14;4;14;5;14;6;14;7;14;8;14;9
1;2;14;14;11;5;10;5;9;5;8;5;7;5;6;5;5;5;4;5;4;4;5;4;6;4;7;4;8;4;9;4;10;4;11;4;12;4;13;4;14;4;14;5;14;6;14;7;14;8;14;9;14;10
1;2;14;14;10;5;9;5;8;5;7;5;6;5;5;5;4;5;4;4;5;4;6;4;7;4;8;4;9;4;10;4;11;4;12;4;13;4;14;4;14;5;14;6;14;7;14;8;14;9;14;10;14;11
1;2;14;14;9;5;8;5;7;5;6;5;5;5;4;5;4;4;5;4;6;4;7;4;8;4;9;4;10;4;11;4;12;4;13;4;14;4;14;5;14;6;14;7;14;8;14;9;14;10;14;11;14;12
1;2;14;14;8;5;7;5;6;5;5;5;4;5;4;4;5;4;6;4;7;4;8;4;9;4;10;4;11;4;12;4;13;4;14;4;14;5;14;6;14;7;14;8;14;9;14;10;14;11;14;12;14;13
1;2;5;17;7;5;7;5;6;5;5;5;4;5;4;4;5;4;6;4;7;4;8;4;9;4;10;4;11;4;12;4;13;4;14;4;14;5;14;6;14;7;14;8;14;9;14;10;14;11;14;12;14;13;14;14
1;2;5;17;7;5;6;5;5;5;4;5;4;4;5;4;6;4;7;4;8;4;9;4;10;4;11;4;12;4;13;4;14;4;14;5;14;6;14;7;14;8;14;9;14;10;14;11;14;12;14;13;14;14;14;15
1;2;5;17;6;5;5;5;4;5;4;4;5;4;6;4;7;4;8;4;9;4;10;4;11;4;12;4;13;4;14;4;14;5;14;6;14;7;14;8;14;9;14;10;14;11;14;12;14;13;14;14;14;15;14;16
1;2;5;17;5;5;4;5;4;4;5;4;6;4;7;4;8;4;9;4;10;4;11;4;12;4;13;4;14;4;14;5;14;6;14;7;14;8;14;9;14;10;14;11;14;12;14;13;14;14;14;15;14;16;14;17
1;3;5;17;4;5;4;4;5;4;6;4;7;4;8;4;9;4;10;4;11;4;12;4;13;4;14;4;14;5;14;6;14;7;14;8;14;9;14;10;14;11;14;12;14;13;14;14;14;15;14;16;14;17;13;17
1;3;5;17;4;4;5;4;6;4;7;4;8;4;9;4;10;4;11;4;12;4;13;4;14;4;14;5;14;6;14;7;14;8;14;9;14;10;14;11;14;12;14;13;14;14;14;15;14;16;14;17;13;17;12;17
1;3;5;17;5;4;6;4;7;4;8;4;9;4;10;4;11;4;12;4;13;4;14;4;14;5;14;6;14;7;14;8;14;9;14;10;14;11;14;12;14;13;14;14;14;15;14;16;14;17;13;17;12;17;11;17
1;3;5;17;6;4;7;4;8;4;9;4;10;4;11;4;12;4;13;4;14;4;14;5;14;6;14;7;14;8;14;9;14;10;14;11;14;12;14;13;14;14;14;15;14;16;14;17;13;17;12;17;11;17;10;17
1;3;5;17;7;4;8;4;9;4;10;4;11;4;12;4;13;4;14;4;14;5;14;6;14;7;14;8;14;9;14;10;14;11;14;12;14;13;14;14;14;15;14;16;14;17;13;17;12;17;11;17;10;17;9;17
1;3;5;17;8;4;9;4;10;4;11;4;12;4;13;4;14;4;14;5;14;6;14;7;14;8;14;9;14;10;14;11;14;12;14;13;14;14;14;15;14;16;14;17;13;17;12;17;11;17;10;17;9;17;8;17
1;3;5;17;9;4;10;4;11;4;12;4;13;4;14;4;14;5;14;6;14;7;14;8;14;9;14;10;14;11;14;12;14;13;14;14;14;15;14;16;14;17;13;17;12;17;11;17;10;17;9;17;8;17;7;17
1;3;5;17;10;4;11;4;12;4;13;4;14;4;14;5;14;6;14;7;14;8;14;9;14;10;14;11;14;12;14;13;14;14;14;15;14;16;14;17;13;17;12;17;11;17;10;17;9;17;8;17;7;17;6;17
1;3;1;19;11;4;11;4;12;4;13;4;14;4;14;5;14;6;14;7;14;8;14;9;14;10;14;11;14;12;14;13;14;14;14;15;14;16;14;17;13;17;12;17;11;17;10;17;9;17;8;17;7;17;6;17;5;17
1;2;1;19;11;4;12;4;13;4;14;4;14;5;14;6;14;7;14;8;14;9;14;10;14;11;14;12;14;13;14;14;14;15;14;16;14;17;13;17;12;17;11;17;10;17;9;17;8;17;7;17;6;17;5;17;5;18
1;2;1;19;12;4;13;4;14;4;14;5;14;6;14;7;14;8;14;9;14;10;14;11;14;12;14;13;14;14;14;15;14;16;14;17;13;17;12;17;11;17;10;17;9;17;8;17;7;17;6;17;5;17;5;18;5;19
1;3;1;19;13;4;14;4;14;5;14;6;14;7;14;8;14;9;14;10;14;11;14;12;14;13;14;14;14;15;14;16;14;17;13;17;12;17;11;17;10;17;9;17;8;17;7;17;6;17;5;17;5;18;5;19;4;19
1;3;1;19;14;4;14;5;14;6;14;7;14;8;14;9;14;10;14;11;14;12;14;13;14;14;14;15;14;16;14;17;13;17;12;17;11;17;10;17;9;17;8;17;7;17;6;17;5;17;5;18;5;19;4;19;3;19
1;3;1;19;14;5;14;6;14;7;14;8;14;9;14;10;14;11;14;12;14;13;14;14;14;15;14;16;14;17;13;17;12;17;11;17;10;17;9;17;8;17;7;17;6;17;5;17;5;18;5;19;4;19;3;19;2;19
1;3;8;9;14;6;14;6;14;7;14;8;14;9;14;10;14;11;14;12;14;13;14;14;14;15;14;16;14;17;13;17;12;17;11;17;10;17;9;17;8;17;7;17;6;17;5;17;5;18;5;19;4;19;3;19;2;19;1;19
1;0;8;9;14;6;14;7;14;8;14;9;14;10;14;11;14;12;14;13;14;14;14;15;14;16;14;17;13;17;12;17;11;17;10;17;9;17;8;17;7;17;6;17;5;17;5;18;5;19;4;19;3;19;2;19;1;19;1;18
1;0;8;9;14;7;14;8;14;9;14;10;14;11;14;12;14;13;14;14;14;15;14;16;14;17;13;17;12;17;11;17;10;17;9;17;8;17;7;17;6;17;5;17;5;18;5;19;4;19;3;19;2;19;1;19;1;18;1;17
1;0;8;9;14;8;14;9;14;10;14;11;14;12;14;13;14;14;14;15;14;16;14;17;13;17;12;17;11;17;10;17;9;17;8;17;7;17;6;17;5;17;5;18;5;19;4;19;3;19;2;19;1;19;1;18;1;17;1;16
1;1;8;9;14;9;14;10;14;11;14;12;14;13;14;14;14;15;14;16;14;17;13;17;12;17;11;17;10;17;9;17;8;17;7;17;6;17;5;17;5;18;5;19;4;19;3;19;2;19;1;19;1;18;1;17;1;16;2;16
1;1;8;9;14;10;14;11;14;12;14;13;14;14;14;15;14;16;14;17;13;17;12;17;11;17;10;17;9;17;8;17;7;17;6;17;5;17;5;18;5;19;4;19;3;19;2;19;1;19;1;18;1;17;1;16;2;16;3;16
1;1;8;9;14;11;14;12;14;13;14;14;14;15;14;16;14;17;13;17;12;17;11;17;10;17;9;17;8;17;7;17;6;17;5;17;5;18;5;19;4;19;3;19;2;19;1;19;1;18;1;17;1;16;2;16;3;16;4;16
1;1;8;9;14;12;14;13;14;14;14;15;14;16;14;17;13;17;12;17;11;17;10;17;9;17;8;17;7;17;6;17;5;17;5;18;5;19;4;19;3;19;2;19;1;19;1;18;1;17;1;16;2;16;3;16;4;16;5;16
1;1;8;9;14;13;14;14;14;15;14;16;14;17;13;17;12;17;11;17;10;17;9;17;8;17;7;17;6;17;5;17;5;18;5;19;4;19;3;19;2;19;1;19;1;18;1;17;1;16;2;16;3;16;4;16;5;16;6;16
1;1;8;9;14;14;14;15;14;16;14;17;13;17;12;17;11;17;10;17;9;17;8;17;7;17;6;17;5;17;5;18;5;19;4;19;3;19;2;19;1;19;1;18;1;17;1;16;2;16;3;16;4;16;5;16;6;16;7;16
1;1;8;9;14;15;14;16;14;17;13;17;12;17;11;17;10;17;9;17;8;17;7;17;6;17;5;17;5;18;5;19;4;19;3;19;2;19;1;19;1;18;1;17;1;16;2;16;3;16;4;16;5;16;6;16;7;16;8;16
1;0;8;9;14;16;14;17;13;17;12;17;11;17;10;17;9;17;8;17;7;17;6;17;5;17;5;18;5;19;4;19;3;19;2;19;1;19;1;18;1;17;1;16;2;16;3;16;4;16;5;16;6;16;7;16;8;16;8;15
1;0;8;9;14;17;13;17;12;17;11;17;10;17;9;17;8;17;7;17;6;17;5;17;5;18;5;19;4;19;3;19;2;19;1;19;1;18;1;17;1;16;2;16;3;16;4;16;5;16;6;16;7;16;8;16;8;15;8;14
1;0;8;9;13;17;12;17;11;17;10;17;9;17;8;17;7;17;6;17;5;17;5;18;5;19;4;19;3;19;2;19;1;19;1;18;1;17;1;16;2;16;3;16;4;16;5;16;6;16;7;16;8;16;8;15;8;14;8;13
1;0;8;9;12;17;11;17;10;17;9;17;8;17;7;17;6;17;5;17;5;18;5;19;4;19;3;19;2;19;1;19;1;18;1;17;1;16;2;16;3;16;4;16;5;16;6;16;7;16;8;16;8;15;8;14;8;13;8;12
1;0;8;9;11;17;10;17;9;17;8;17;7;17;6;17;5;17;5;18;5;19;4;19;3;19;2;19;1;19;1;18;1;17;1;16;2;16;3;16;4;16;5;16;6;16;7;16;8;16;8;15;8;14;8;13;8;12;8;11
1;0;8;9;10;17;9;17;8;17;7;17;6;17;5;17;5;18;5;19;4;19;3;19;2;19;1;19;1;18;1;17;1;16;2;16;3;16;4;16;5;16;6;16;7;16;8;16;8;15;8;14;8;13;8;12;8;11;8;10
1;0;13;9;9;17;9;17;8;17;7;17;6;17;5;17;5;18;5;19;4;19;3;19;2;19;1;19;1;18;1;17;1;16;2;16;3;16;4;16;5;16;6;16;7;16;8;16;8;15;8;14;8;13;8;12;8;11;8;10;8;9
1;1;13;9;9;17;8;17;7;17;6;17;5;17;5;18;5;19;4;19;3;19;2;19;1;19;1;18;1;17;1;16;2;16;3;16;4;16;5;16;6;16;7;16;8;16;8;15;8;14;8;13;8;12;8;11;8;10;8;9;9;9
1;1;13;9;8;17;7;17;6;17;5;17;5;18;5;19;4;19;3;19;2;19;1;19;1;18;1;17;1;16;2;16;3;16;4;16;5;16;6;16;7;16;8;16;8;15;8;14;8;13;8;12;8;11;8;10;8;9;9;9;10;9
1;1;13;9;7;17;6;17;5;17;5;18;5;19;4;19;3;19;2;19;1;19;1;18;1;17;1;16;2;16;3;16;4;16;5;16;6;16;7;16;8;16;8;15;8;14;8;13;8;12;8;11;8;10;8;9;9;9;10;9;11;9
1;1;13;9;6;17;5;17;5;18;5;19;4;19;3;19;2;19;1;19;1;18;1;17;1;16;2;16;3;16;4;16;5;16;6;16;7;16;8;16;8;15;8;14;8;13;8;12;8;11;8;10;8;9;9;9;10;9;11;9;12;9
1;1;7;15;5;17;5;17;5;18;5;19;4;19;3;19;2;19;1;19;1;18;1;17;1;16;2;16;3;16;4;16;5;16;6;16;7;16;8;16;8;15;8;14;8;13;8;12;8;11;8;10;8;9;9;9;10;9;11;9;12;9;13;9
1;2;7;15;5;17;5;18;5;19;4;19;3;19;2;19;1;19;1;18;1;17;1;16;2;16;3;16;4;16;5;16;6;16;7;16;8;16;8;15;8;14;8;13;8;12;8;11;8;10;8;9;9;9;10;9;11;9;12;9;13;9;13;10
1;2;7;15;5;18;5;19;4;19;3;19;2;19;1;19;1;18;1;17;1;16;2;16;3;16;4;16;5;16;6;16;7;16;8;16;8;15;8;14;8;13;8;12;8;11;8;10;8;9;9;9;10;9;11;9;12;9;13;9;13;10;13;11
1;2;7;15;5;19;4;19;3;19;2;19;1;19;1;18;1;17;1;16;2;16;3;16;4;16;5;16;6;16;7;16;8;16;8;15;8;14;8;13;8;12;8;11;8;10;8;9;9;9;10;9;11;9;12;9;13;9;13;10;13;11;13;12
1;2;7;15;4;19;3;19;2;19;1;19;1;18;1;17;1;16;2;16;3;16;4;16;5;16;6;16;7;16;8;16;8;15;8;14;8;13;8;12;8;11;8;10;8;9;9;9;10;9;11;9;12;9;13;9;13;10;13;11;13;12;13;13
1;2;7;15;3;19;2;19;1;19;1;18;1;17;1;16;2;16;3;16;4;16;5;16;6;16;7;16;8;16;8;15;8;14;8;13;8;12;8;11;8;10;8;9;9;9;10;9;11;9;12;9;13;9;13;10;13;11;13;12;13;13;13;14
1;2;7;15;2;19;1;19;1;18;1;17;1;16;2;16;3;16;4;16;5;16;6;16;7;16;8;16;8;15;8;14;8;13;8;12;8;11;8;10;8;9;9;9;10;9;11;9;12;9;13;9;13;10;13;11;13;12;13;13;13;14;13;15
1;3;7;15;1;19;1;18;1;17;1;16;2;16;3;16;4;16;5;16;6;16;7;16;8;16;8;15;8;14;8;13;8;12;8;11;8;10;8;9;9;9;10;9;11;9;12;9;13;9;13;10;13;11;13;12;13;13;13;14;13;15;12;15
1;3;7;15;1;18;1;17;1;16;2;16;3;16;4;16;5;16;6;16;7;16;8;16;8;15;8;14;8;13;8;12;8;11;8;10;8;9;9;9;10;9;11;9;12;9;13;9;13;10;13;11;13;12;13;13;13;14;13;15;12;15;11;15
1;3;7;15;1;17;1;16;2;16;3;16;4;16;5;16;6;16;7;16;8;16;8;15;8;14;8;13;8;12;8;11;8;10;8;9;9;9;10;9;11;9;12;9;13;9;13;10;13;11;13;12;13;13;13;14;13;15;12;15;11;15;10;15
1;3;7;15;1;16;2;16;3;16;4;16;5;16;6;16;7;16;8;16;8;15;8;14;8;13;8;12;8;11;8;10;8;9;9;9;10;9;11;9;12;9;13;9;13;10;13;11;13;12;13;13;13;14;13;15;12;15;11;15;10;15;9;15
1;2;7;15;2;16;3;16;4;16;5;16;6;16;7;16;8;16;8;15;8;14;8;13;8;12;8;11;8;10;8;9;9;9;10;9;11;9;12;9;13;9;13;10;13;11;13;12;13;13;13;14;13;15;12;15;11;15;10;15;9;15;9;16
1;2;7;15;3;16;4;16;5;16;6;16;7;16;8;16;8;15;8;14;8;13;8;12;8;11;8;10;8;9;9;9;10;9;11;9;12;9;13;9;13;10;13;11;13;12;13;13;13;14;13;15;12;15;11;15;10;15;9;15;9;16;9;17
1;3;7;15;4;16;5;16;6;16;7;16;8;16;8;15;8;14;8;13;8;12;8;11;8;10;8;9;9;9;10;9;11;9;12;9;13;9;13;10;13;11;13;12;13;13;13;14;13;15;12;15;11;15;10;15;9;15;9;16;9;17;8;17
1;3;7;15;5;16;6;16;7;16;8;16;8;15;8;14;8;13;8;12;8;11;8;10;8;9;9;9;10;9;11;9;12;9;13;9;13;10;13;11;13;12;13;13;13;14;13;15;12;15;11;15;10;15;9;15;9;16;9;17;8;17;7;17
1;2;7;15;6;16;7;16;8;16;8;15;8;14;8;13;8;12;8;11;8;10;8;9;9;9;10;9;11;9;12;9;13;9;13;10;13;11;13;12;13;13;13;14;13;15;12;15;11;15;10;15;9;15;9;16;9;17;8;17;7;17;7;18
1;3;7;15;7;16;8;16;8;15;8;14;8;13;8;12;8;11;8;10;8;9;9;9;10;9;11;9;12;9;13;9;13;10;13;11;13;12;13;13;13;14;13;15;12;15;11;15;10;15;9;15;9;16;9;17;8;17;7;17;7;18;6;18
1;0;7;15;8;16;8;15;8;14;8;13;8;12;8;11;8;10;8;9;9;9;10;9;11;9;12;9;13;9;13;10;13;11;13;12;13;13;13;14;13;15;12;15;11;15;10;15;9;15;9;16;9;17;8;17;7;17;7;18;6;18;6;17
1;0;7;15;8;15;8;14;8;13;8;12;8;11;8;10;8;9;9;9;10;9;11;9;12;9;13;9;13;10;13;11;13;12;13;13;13;14;13;15;12;15;11;15;10;15;9;15;9;16;9;17;8;17;7;17;7;18;6;18;6;17;6;16
1;0;7;15;8;14;8;13;8;12;8;11;8;10;8;9;9;9;10;9;11;9;12;9;13;9;13;10;13;11;13;12;13;13;13;14;13;15;12;15;11;15;10;15;9;15;9;16;9;17;8;17;7;17;7;18;6;18;6;17;6;16;6;15
1;3;7;15;8;13;8;12;8;11;8;10;8;9;9;9;10;9;11;9;12;9;13;9;13;10;13;11;13;12;13;13;13;14;13;15;12;15;11;15;10;15;9;15;9;16;9;17;8;17;7;17;7;18;6;18;6;17;6;16;6;15;5;15
1;0;7;15;8;12;8;11;8;10;8;9;9;9;10;9;11;9;12;9;13;9;13;10;13;11;13;12;13;13;13;14;13;15;12;15;11;15;10;15;9;15;9;16;9;17;8;17;7;17;7;18;6;18;6;17;6;16;6;15;5;15;5;14
1;1;7;15;8;11;8;10;8;9;9;9;10;9;11;9;12;9;13;9;13;10;13;11;13;12;13;13;13;14;13;15;12;15;11;15;10;15;9;15;9;16;9;17;8;17;7;17;7;18;6;18;6;17;6;16;6;15;5;15;5;14;6;14
1;1;7;15;8;10;8;9;9;9;10;9;11;9;12;9;13;9;13;10;13;11;13;12;13;13;13;14;13;15;12;15;11;15;10;15;9;15;9;16;9;17;8;17;7;17;7;18;6;18;6;17;6;16;6;15;5;15;5;14;6;14;7;14
1;2;19;1;8;9;8;9;9;9;10;9;11;9;12;9;13;9;13;10;13;11;13;12;13;13;13;14;13;15;12;15;11;15;10;15;9;15;9;16;9;17;8;17;7;17;7;18;6;18;6;17;6;16;6;15;5;15;5;14;6;14;7;14;7;15
1;1;19;1;8;9;9;9;10;9;11;9;12;9;13;9;13;10;13;11;13;12;13;13;13;14;13;15;12;15;11;15;10;15;9;15;9;16;9;17;8;17;7;17;7;18;6;18;6;17;6;16;6;15;5;15;5;14;6;14;7;14;7;15;8;15
1;0;19;1;9;9;10;9;11;9;12;9;13;9;13;10;13;11;13;12;13;13;13;14;13;15;12;15;11;15;10;15;9;15;9;16;9;17;8;17;7;17;7;18;6;18;6;17;6;16;6;15;5;15;5;14;6;14;7;14;7;15;8;15;8;14
1;0;19;1;10;9;11;9;12;9;13;9;13;10;13;11;13;12;13;13;13;14;13;15;12;15;11;15;10;15;9;15;9;16;9;17;8;17;7;17;7;18;6;18;6;17;6;16;6;15;5;15;5;14;6;14;7;14;7;15;8;15;8;14;8;13
1;0;19;1;11;9;12;9;13;9;13;10;13;11;13;12;13;13;13;14;13;15;12;15;11;15;10;15;9;15;9;16;9;17;8;17;7;17;7;18;6;18;6;17;6;16;6;15;5;15;5;14;6;14;7;14;7;15;8;15;8;14;8;13;8;12
1;0;19;1;12;9;13;9;13;10;13;11;13;12;13;13;13;14;13;15;12;15;11;15;10;15;9;15;9;16;9;17;8;17;7;17;7;18;6;18;6;17;6;16;6;15;5;15;5;14;6;14;7;14;7;15;8;15;8;14;8;13;8;12;8;11
1;0;19;1;13;9;13;10;13;11;13;12;13;13;13;14;13;15;12;15;11;15;10;15;9;15;9;16;9;17;8;17;7;17;7;18;6;18;6;17;6;16;6;15;5;15;5;14;6;14;7;14;7;15;8;15;8;14;8;13;8;12;8;11;8;10
1;0;19;1;13;10;13;11;13;12;13;13;13;14;13;15;12;15;11;15;10;15;9;15;9;16;9;17;8;17;7;17;7;18;6;18;6;17;6;16;6;15;5;15;5;14;6;14;7;14;7;15;8;15;8;14;8;13;8;12;8;11;8;10;8;9
1;0;19;1;13;11;13;12;13;13;13;14;13;15;12;15;11;15;10;15;9;15;9;16;9;17;8;17;7;17;7;18;6;18;6;17;6;16;6;15;5;15;5;14;6;14;7;14;7;15;8;15;8;14;8;13;8;12;8;11;8;10;8;9;8;8
1;0;19;1;13;12;13;13;13;14;13;15;12;15;11;15;10;15;9;15;9;16;9;17;8;17;7;17;7;18;6;18;6;17;6;16;6;15;5;15;5;14;6;14;7;14;7;15;8;15;8;14;8;13;8;12;8;11;8;10;8;9;8;8;8;7
1;1;19;1;13;13;13;14;13;15;12;15;11;15;10;15;9;15;9;16;9;17;8;17;7;17;7;18;6;18;6;17;6;16;6;15;5;15;5;14;6;14;7;14;7;15;8;15;8;14;8;13;8;12;8;11;8;10;8;9;8;8;8;7;9;7
1;1;19;1;13;14;13;15;12;15;11;15;10;15;9;15;9;16;9;17;8;17;7;17;7;18;6;18;6;17;6;16;6;15;5;15;5;14;6;14;7;14;7;15;8;15;8;14;8;13;8;12;8;11;8;10;8;9;8;8;8;7;9;7;10;7
1;1;19;1;13;15;12;15;11;15;10;15;9;15;9;16;9;17;8;17;7;17;7;18;6;18;6;17;6;16;6;15;5;15;5;14;6;14;7;14;7;15;8;15;8;14;8;13;8;12;8;11;8;10;8;9;8;8;8;7;9;7;10;7;11;7
1;1;19;1;12;15;11;15;10;15;9;15;9;16;9;17;8;17;7;17;7;18;6;18;6;17;6;16;6;15;5;15;5;14;6;14;7;14;7;15;8;15;8;14;8;13;8;12;8;11;8;10;8;9;8;8;8;7;9;7;10;7;11;7;12;7
1;0;19;1;11;15;10;15;9;15;9;16;9;17;8;17;7;17;7;18;6;18;6;17;6;16;6;15;5;15;5;14;6;14;7;14;7;15;8;15;8;14;8;13;8;12;8;11;8;10;8;9;8;8;8;7;9;7;10;7;11;7;12;7;12;6
1;0;19;1;10;15;9;15;9;16;9;17;8;17;7;17;7;18;6;18;6;17;6;16;6;15;5;15;5;14;6;14;7;14;7;15;8;15;8;14;8;13;8;12;8;11;8;10;8;9;8;8;8;7;9;7;10;7;11;7;12;7;12;6;12;5
1;0;19;1;9;15;9;16;9;17;8;17;7;17;7;18;6;18;6;17;6;16;6;15;5;15;5;14;6;14;7;14;7;15;8;15;8;14;8;13;8;12;8;11;8;10;8;9;8;8;8;7;9;7;10;7;11;7;12;7;12;6;12;5;12;4
1;0;19;1;9;16;9;17;8;17;7;17;7;18;6;18;6;17;6;16;6;15;5;15;5;14;6;14;7;14;7;15;8;15;8;14;8;13;8;12;8;11;8;10;8;9;8;8;8;7;9;7;10;7;11;7;12;7;12;6;12;5;12;4;12;3
1;0;19;1;9;17;8;17;7;17;7;18;6;18;6;17;6;16;6;15;5;15;5;14;6;14;7;14;7;15;8;15;8;14;8;13;8;12;8;11;8;10;8;9;8;8;8;7;9;7;10;7;11;7;12;7;12;6;12;5;12;4;12;3;12;2
1;0;19;1;8;17;7;17;7;18;6;18;6;17;6;16;6;15;5;15;5;14;6;14;7;14;7;15;8;15;8;14;8;13;8;12;8;11;8;10;8;9;8;8;8;7;9;7;10;7;11;7;12;7;12;6;12;5;12;4;12;3;12;2;12;1
1;1;19;1;7;17;7;18;6;18;6;17;6;16;6;15;5;15;5;14;6;14;7;14;7;15;8;15;8;14;8;13;8;12;8;11;8;10;8;9;8;8;8;7;9;7;10;7;11;7;12;7;12;6;12;5;12;4;12;3;12;2;12;1;13;1
1;1;19;1;7;18;6;18;6;17;6;16;6;15;5;15;5;14;6;14;7;14;7;15;8;15;8;14;8;13;8;12;8;11;8;10;8;9;8;8;8;7;9;7;10;7;11;7;12;7;12;6;12;5;12;4;12;3;12;2;12;1;13;1;14;1
1;1;19;1;6;18;6;17;6;16;6;15;5;15;5;14;6;14;7;14;7;15;8;15;8;14;8;13;8;12;8;11;8;10;8;9;8;8;8;7;9;7;10;7;11;7;12;7;12;6;12;5;12;4;12;3;12;2;12;1;13;1;14;1;15;1
1;1;19;1;6;17;6;16;6;15;5;15;5;14;6;14;7;14;7;15;8;15;8;14;8;13;8;12;8;11;8;10;8;9;8;8;8;7;9;7;10;7;11;7;12;7;12;6;12;5;12;4;12;3;12;2;12;1;13;1;14;1;15;1;16;1
1;1;19;1;6;16;6;15;5;15;5;14;6;14;7;14;7;15;8;15;8;14;8;13;8;12;8;11;8;10;8;9;8;8;8;7;9;7;10;7;11;7;12;7;12;6;12;5;12;4;12;3;12;2;12;1;13;1;14;1;15;1;16;1;17;1
1;1;19;1;6;15;5;15;5;14;6;14;7;14;7;15;8;15;8;14;8;13;8;12;8;11;8;10;8;9;8;8;8;7;9;7;10;7;11;7;12;7;12;6;12;5;12;4;12;3;12;2;12;1;13;1;14;1;15;1;16;1;17;1;18;1
1;1;18;8;5;15;5;15;5;14;6;14;7;14;7;15;8;15;8;14;8;13;8;12;8;11;8;10;8;9;8;8;8;7;9;7;10;7;11;7;12;7;12;6;12;5;12;4;12;3;12;2;12;1;13;1;14;1;15;1;16;1;17;1;18;1;19;1
1;2;18;8;5;15;5;14;6;14;7;14;7;15;8;15;8;14;8;13;8;12;8;11;8;10;8;9;8;8;8;7;9;7;10;7;11;7;12;7;12;6;12;5;12;4;12;3;12;2;12;1;13;1;14;1;15;1;16;1;17;1;18;1;19;1;19;2
1;3;18;8;5;14;6;14;7;14;7;15;8;15;8;14;8;13;8;12;8;11;8;10;8;9;8;8;8;7;9;7;10;7;11;7;12;7;12;6;12;5;12;4;12;3;12;2;12;1;13;1;14;1;15;1;16;1;17;1;18;1;19;1;19;2;18;2
1;2;18;8;6;14;7;14;7;15;8;15;8;14;8;13;8;12;8;11;8;10;8;9;8;8;8;7;9;7;10;7;11;7;12;7;12;6;12;5;12;4;12;3;12;2;12;1;13;1;14;1;15;1;16;1;17;1;18;1;19;1;19;2;18;2;18;3
1;2;18;8;7;14;7;15;8;15;8;14;8;13;8;12;8;11;8;10;8;9;8;8;8;7;9;7;10;7;11;7;12;7;12;6;12;5;12;4;12;3;12;2;12;1;13;1;14;1;15;1;16;1;17;1;18;1;19;1;19;2;18;2;18;3;18;4
1;2;18;8;7;15;8;15;8;14;8;13;8;12;8;11;8;10;8;9;8;8;8;7;9;7;10;7;11;7;12;7;12;6;12;5;12;4;12;3;12;2;12;1;13;1;14;1;15;1;16;1;17;1;18;1;19;1;19;2;18;2;18;3;18;4;18;5
1;2;18;8;8;15;8;14;8;13;8;12;8;11;8;10;8;9;8;8;8;7;9;7;10;7;11;7;12;7;12;6;12;5;12;4;12;3;12;2;12;1;13;1;14;1;15;1;16;1;17;1;18;1;19;1;19;2;18;2;18;3;18;4;18;5;18;6
1;2;18;8;8;14;8;13;8;12;8;11;8;10;8;9;8;8;8;7;9;7;10;7;11;7;12;7;12;6;12;5;12;4;12;3;12;2;12;1;13;1;14;1;15;1;16;1;17;1;18;1;19;1;19;2;18;2;18;3;18;4;18;5;18;6;18;7
1;2;19;9;8;13;8;13;8;12;8;11;8;10;8;9;8;8;8;7;9;7;10;7;11;7;12;7;12;6;12;5;12;4;12;3;12;2;12;1;13;1;14;1;15;1;16;1;17;1;18;1;19;1;19;2;18;2;18;3;18;4;18;5;18;6;18;7;18;8
1;1;19;9;8;13;8;12;8;11;8;10;8;9;8;8;8;7;9;7;10;7;11;7;12;7;12;6;12;5;12;4;12;3;12;2;12;1;13;1;14;1;15;1;16;1;17;1;18;1;19;1;19;2;18;2;18;3;18;4;18;5;18;6;18;7;18;8;19;8
1;2;9;10;8;12;8;12;8;11;8;10;8;9;8;8;8;7;9;7;10;7;11;7;12;7;12;6;12;5;12;4;12;3;12;2;12;1;13;1;14;1;15;1;16;1;17;1;18;1;19;1;19;2;18;2;18;3;18;4;18;5;18;6;18;7;18;8;19;8;19;9
1;2;9;10;8;12;8;11;8;10;8;9;8;8;8;7;9;7;10;7;11;7;12;7;12;6;12;5;12;4;12;3;12;2;12;1;13;1;14;1;15;1;16;1;17;1;18;1;19;1;19;2;18;2;18;3;18;4;18;5;18;6;18;7;18;8;19;8;19;9;19;10
1;3;9;10;8;11;8;10;8;9;8;8;8;7;9;7;10;7;11;7;12;7;12;6;12;5;12;4;12;3;12;2;12;1;13;1;14;1;15;1;16;1;17;1;18;1;19;1;19;2;18;2;18;3;18;4;18;5;18;6;18;7;18;8;19;8;19;9;19;10;18;10
1;3;9;10;8;10;8;9;8;8;8;7;9;7;10;7;11;7;12;7;12;6;12;5;12;4;12;3;12;2;12;1;13;1;14;1;15;1;16;1;17;1;18;1;19;1;19;2;18;2;18;3;18;4;18;5;18;6;18;7;18;8;19;8;19;9;19;10;18;10;17;10
1;3;9;10;8;9;8;8;8;7;9;7;10;7;11;7;12;7;12;6;12;5;12;4;12;3;12;2;12;1;13;1;14;1;15;1;16;1;17;1;18;1;19;1;19;2;18;2;18;3;18;4;18;5;18;6;18;7;18;8;19;8;19;9;19;10;18;10;17;10;16;10
1;3;9;10;8;8;8;7;9;7;10;7;11;7;12;7;12;6;12;5;12;4;12;3;12;2;12;1;13;1;14;1;15;1;16;1;17;1;18;1;19;1;19;2;18;2;18;3;18;4;18;5;18;6;18;7;18;8;19;8;19;9;19;10;18;10;17;10;16;10;15;10
1;3;9;10;8;7;9;7;10;7;11;7;12;7;12;6;12;5;12;4;12;3;12;2;12;1;13;1;14;1;15;1;16;1;17;1;18;1;19;1;19;2;18;2;18;3;18;4;18;5;18;6;18;7;18;8;19;8;19;9;19;10;18;10;17;10;16;10;15;10;14;10
1;3;9;10;9;7;10;7;11;7;12;7;12;6;12;5;12;4;12;3;12;2;12;1;13;1;14;1;15;1;16;1;17;1;18;1;19;1;19;2;18;2;18;3;18;4;18;5;18;6;18;7;18;8;19;8;19;9;19;10;18;10;17;10;16;10;15;10;14;10;13;10
1;3;9;10;10;7;11;7;12;7;12;6;12;5;12;4;12;3;12;2;12;1;13;1;14;1;15;1;16;1;17;1;18;1;19;1;19;2;18;2;18;3;18;4;18;5;18;6;18;7;18;8;19;8;19;9;19;10;18;10;17;10;16;10;15;10;14;10;13;10;12;10
1;3;9;10;11;7;12;7;12;6;12;5;12;4;12;3;12;2;12;1;13;1;14;1;15;1;16;1;17;1;18;1;19;1;19;2;18;2;18;3;18;4;18;5;18;6;18;7;18;8;19;8;19;9;19;10;18;10;17;10;16;10;15;10;14;10;13;10;12;10;11;10
1;3;9;10;12;7;12;6;12;5;12;4;12;3;12;2;12;1;13;1;14;1;15;1;16;1;17;1;18;1;19;1;19;2;18;2;18;3;18;4;18;5;18;6;18;7;18;8;19;8;19;9;19;10;18;10;17;10;16;10;15;10;14;10;13;10;12;10;11;10;10;10
1;3;11;5;12;6;12;6;12;5;12;4;12;3;12;2;12;1;13;1;14;1;15;1;16;1;17;1;18;1;19;1;19;2;18;2;18;3;18;4;18;5;18;6;18;7;18;8;19;8;19;9;19;10;18;10;17;10;16;10;15;10;14;10;13;10;12;10;11;10;10;10;9;10
1;0;11;5;12;6;12;5;12;4;12;3;12;2;12;1;13;1;14;1;15;1;16;1;17;1;18;1;19;1;19;2;18;2;18;3;18;4;18;5;18;6;18;7;18;8;19;8;19;9;19;10;18;10;17;10;16;10;15;10;14;10;13;10;12;10;11;10;10;10;9;10;9;9
1;1;11;5;12;5;12;4;12;3;12;2;12;1;13;1;14;1;15;1;16;1;17;1;18;1;19;1;19;2;18;2;18;3;18;4;18;5;18;6;18;7;18;8;19;8;19;9;19;10;18;10;17;10;16;10;15;10;14;10;13;10;12;10;11;10;10;10;9;10;9;9;10;9
1;1;11;5;12;4;12;3;12;2;12;1;13;1;14;1;15;1;16;1;17;1;18;1;19;1;19;2;18;2;18;3;18;4;18;5;18;6;18;7;18;8;19;8;19;9;19;10;18;10;17;10;16;10;15;10;14;10;13;10;12;10;11;10;10;10;9;10;9;9;10;9;11;9
1;0;11;5;12;3;12;2;12;1;13;1;14;1;15;1;16;1;17;1;18;1;19;1;19;2;18;2;18;3;18;4;18;5;18;6;18;7;18;8;19;8;19;9;19;10;18;10;17;10;16;10;15;10;14;10;13;10;12;10;11;10;10;10;9;10;9;9;10;9;11;9;11;8
1;0;11;5;12;2;12;1;13;1;14;1;15;1;16;1;17;1;18;1;19;1;19;2;18;2;18;3;18;4;18;5;18;6;18;7;18;8;19;8;19;9;19;10;18;10;17;10;16;10;15;10;14;10;13;10;12;10;11;10;10;10;9;10;9;9;10;9;11;9;11;8;11;7
1;0;11;5;12;1;13;1;14;1;15;1;16;1;17;1;18;1;19;1;19;2;18;2;18;3;18;4;18;5;18;6;18;7;18;8;19;8;19;9;19;10;18;10;17;10;16;10;15;10;14;10;13;10;12;10;11;10;10;10;9;10;9;9;10;9;11;9;11;8;11;7;11;6
1;0;12;14;13;1;13;1;14;1;15;1;16;1;17;1;18;1;19;1;19;2;18;2;18;3;18;4;18;5;18;6;18;7;18;8;19;8;19;9;19;10;18;10;17;10;16;10;15;10;14;10;13;10;12;10;11;10;10;10;9;10;9;9;10;9;11;9;11;8;11;7;11;6;11;5
1;1;12;14;13;1;14;1;15;1;16;1;17;1;18;1;19;1;19;2;18;2;18;3;18;4;18;5;18;6;18;7;18;8;19;8;19;9;19;10;18;10;17;10;16;10;15;10;14;10;13;10;12;10;11;10;10;10;9;10;9;9;10;9;11;9;11;8;11;7;11;6;11;5;12;5
1;2;12;14;14;1;15;1;16;1;17;1;18;1;19;1;19;2;18;2;18;3;18;4;18;5;18;6;18;7;18;8;19;8;19;9;19;10;18;10;17;10;16;10;15;10;14;10;13;10;12;10;11;10;10;10;9;10;9;9;10;9;11;9;11;8;11;7;11;6;11;5;12;5;12;6
1;2;12;14;15;1;16;1;17;1;18;1;19;1;19;2;18;2;18;3;18;4;18;5;18;6;18;7;18;8;19;8;19;9;19;10;18;10;17;10;16;10;15;10;14;10;13;10;12;10;11;10;10;10;9;10;9;9;10;9;11;9;11;8;11;7;11;6;11;5;12;5;12;6;12;7
1;2;12;14;16;1;17;1;18;1;19;1;19;2;18;2;18;3;18;4;18;5;18;6;18;7;18;8;19;8;19;9;19;10;18;10;17;10;16;10;15;10;14;10;13;10;12;10;11;10;10;10;9;10;9;9;10;9;11;9;11;8;11;7;11;6;11;5;12;5;12;6;12;7;12;8
1;2;12;14;17;1;18;1;19;1;19;2;18;2;18;3;18;4;18;5;18;6;18;7;18;8;19;8;19;9;19;10;18;10;17;10;16;10;15;10;14;10;13;10;12;10;11;10;10;10;9;10;9;9;10;9;11;9;11;8;11;7;11;6;11;5;12;5;12;6;12;7;12;8;12;9
1;1;12;14;18;1;19;1;19;2;18;2;18;3;18;4;18;5;18;6;18;7;18;8;19;8;19;9;19;10;18;10;17;10;16;10;15;10;14;10;13;10;12;10;11;10;10;10;9;10;9;9;10;9;11;9;11;8;11;7;11;6;11;5;12;5;12;6;12;7;12;8;12;9;13;9
1;0;12;14;19;1;19;2;18;2;18;3;18;4;18;5;18;6;18;7;18;8;19;8;19;9;19;10;18;10;17;10;16;10;15;10;14;10;13;10;12;10;11;10;10;10;9;10;9;9;10;9;11;9;11;8;11;7;11;6;11;5;12;5;12;6;12;7;12;8;12;9;13;9;13;8
1;0;12;14;19;2;18;2;18;3;18;4;18;5;18;6;18;7;18;8;19;8;19;9;19;10;18;10;17;10;16;10;15;10;14;10;13;10;12;10;11;10;10;10;9;10;9;9;10;9;11;9;11;8;11;7;11;6;11;5;12;5;12;6;12;7;12;8;12;9;13;9;13;8;13;7
1;1;12;14;18;2;18;3;18;4;18;5;18;6;18;7;18;8;19;8;19;9;19;10;18;10;17;10;16;10;15;10;14;10;13;10;12;10;11;10;10;10;9;10;9;9;10;9;11;9;11;8;11;7;11;6;11;5;12;5;12;6;12;7;12;8;12;9;13;9;13;8;13;7;14;7
1;2;12;14;18;3;18;4;18;5;18;6;18;7;18;8;19;8;19;9;19;10;18;10;17;10;16;10;15;10;14;10;13;10;12;10;11;10;10;10;9;10;9;9;10;9;11;9;11;8;11;7;11;6;11;5;12;5;12;6;12;7;12;8;12;9;13;9;13;8;13;7;14;7;14;8
1;2;12;14;18;4;18;5;18;6;18;7;18;8;19;8;19;9;19;10;18;10;17;10;16;10;15;10;14;10;13;10;12;10;11;10;10;10;9;10;9;9;10;9;11;9;11;8;11;7;11;6;11;5;12;5;12;6;12;7;12;8;12;9;13;9;13;8;13;7;14;7;14;8;14;9
1;1;12;14;18;5;18;6;18;7;18;8;19;8;19;9;19;10;18;10;17;10;16;10;15;10;14;10;13;10;12;10;11;10;10;10;9;10;9;9;10;9;11;9;11;8;11;7;11;6;11;5;12;5;12;6;12;7;12;8;12;9;13;9;13;8;13;7;14;7;14;8;14;9;15;9
1;0;12;14;18;6;18;7;18;8;19;8;19;9;19;10;18;10;17;10;16;10;15;10;14;10;13;10;12;10;11;10;10;10;9;10;9;9;10;9;11;9;11;8;11;7;11;6;11;5;12;5;12;6;12;7;12;8;12;9;13;9;13;8;13;7;14;7;14;8;14;9;15;9;15;8
1;1;12;14;18;7;18;8;19;8;19;9;19;10;18;10;17;10;16;10;15;10;14;10;13;10;12;10;11;10;10;10;9;10;9;9;10;9;11;9;11;8;11;7;11;6;11;5;12;5;12;6;12;7;12;8;12;9;13;9;13;8;13;7;14;7;14;8;14;9;15;9;15;8;16;8
1;2;12;14;18;8;19;8;19;9;19;10;18;10;17;10;16;10;15;10;14;10;13;10;12;10;11;10;10;10;9;10;9;9;10;9;11;9;11;8;11;7;11;6;11;5;12;5;12;6;12;7;12;8;12;9;13;9;13;8;13;7;14;7;14;8;14;9;15;9;15;8;16;8;16;9
1;1;12;14;19;8;19;9;19;10;18;10;17;10;16;10;15;10;14;10;13;10;12;10;11;10;10;10;9;10;9;9;10;9;11;9;11;8;11;7;11;6;11;5;12;5;12;6;12;7;12;8;12;9;13;9;13;8;13;7;14;7;14;8;14;9;15;9;15;8;16;8;16;9;17;9
1;1;12;14;19;9;19;10;18;10;17;10;16;10;15;10;14;10;13;10;12;10;11;10;10;10;9;10;9;9;10;9;11;9;11;8;11;7;11;6;11;5;12;5;12;6;12;7;12;8;12;9;13;9;13;8;13;7;14;7;14;8;14;9;15;9;15;8;16;8;16;9;17;9;18;9
1;1;12;14;19;10;18;10;17;10;16;10;15;10;14;10;13;10;12;10;11;10;10;10;9;10;9;9;10;9;11;9;11;8;11;7;11;6;11;5;12;5;12;6;12;7;12;8;12;9;13;9;13;8;13;7;14;7;14;8;14;9;15;9;15;8;16;8;16;9;17;9;18;9;19;9
1;2;12;14;18;10;17;10;16;10;15;10;14;10;13;10;12;10;11;10;10;10;9;10;9;9;10;9;11;9;11;8;11;7;11;6;11;5;12;5;12;6;12;7;12;8;12;9;13;9;13;8;13;7;14;7;14;8;14;9;15;9;15;8;16;8;16;9;17;9;18;9;19;9;19;10
1;2;12;14;17;10;16;10;15;10;14;10;13;10;12;10;11;10;10;10;9;10;9;9;10;9;11;9;11;8;11;7;11;6;11;5;12;5;12;6;12;7;12;8;12;9;13;9;13;8;13;7;14;7;14;8;14;9;15;9;15;8;16;8;16;9;17;9;18;9;19;9;19;10;19;11
1;2;12;14;16;10;15;10;14;10;13;10;12;10;11;10;10;10;9;10;9;9;10;9;11;9;11;8;11;7;11;6;11;5;12;5;12;6;12;7;12;8;12;9;13;9;13;8;13;7;14;7;14;8;14;9;15;9;15;8;16;8;16;9;17;9;18;9;19;9;19;10;19;11;19;12
1;2;12;14;15;10;14;10;13;10;12;10;11;10;10;10;9;10;9;9;10;9;11;9;11;8;11;7;11;6;11;5;12;5;12;6;12;7;12;8;12;9;13;9;13;8;13;7;14;7;14;8;14;9;15;9;15;8;16;8;16;9;17;9;18;9;19;9;19;10;19;11;19;12;19;13
1;2;12;14;14;10;13;10;12;10;11;10;10;10;9;10;9;9;10;9;11;9;11;8;11;7;11;6;11;5;12;5;12;6;12;7;12;8;12;9;13;9;13;8;13;7;14;7;14;8;14;9;15;9;15;8;16;8;16;9;17;9;18;9;19;9;19;10;19;11;19;12;19;13;19;14
1;3;12;14;13;10;12;10;11;10;10;10;9;10;9;9;10;9;11;9;11;8;11;7;11;6;11;5;12;5;12;6;12;7;12;8;12;9;13;9;13;8;13;7;14;7;14;8;14;9;15;9;15;8;16;8;16;9;17;9;18;9;19;9;19;10;19;11;19;12;19;13;19;14;18;14
1;3;12;14;12;10;11;10;10;10;9;10;9;9;10;9;11;9;11;8;11;7;11;6;11;5;12;5;12;6;12;7;12;8;12;9;13;9;13;8;13;7;14;7;14;8;14;9;15;9;15;8;16;8;16;9;17;9;18;9;19;9;19;10;19;11;19;12;19;13;19;14;18;14;17;14
1;3;12;14;11;10;10;10;9;10;9;9;10;9;11;9;11;8;11;7;11;6;11;5;12;5;12;6;12;7;12;8;12;9;13;9;13;8;13;7;14;7;14;8;14;9;15;9;15;8;16;8;16;9;17;9;18;9;19;9;19;10;19;11;19;12;19;13;19;14;18;14;17;14;16;14
1;3;12;14;10;10;9;10;9;9;10;9;11;9;11;8;11;7;11;6;11;5;12;5;12;6;12;7;12;8;12;9;13;9;13;8;13;7;14;7;14;8;14;9;15;9;15;8;16;8;16;9;17;9;18;9;19;9;19;10;19;11;19;12;19;13;19;14;18;14;17;14;16;14;15;14
1;3;12;14;9;10;9;9;10;9;11;9;11;8;11;7;11;6;11;5;12;5;12;6;12;7;12;8;12;9;13;9;13;8;13;7;14;7;14;8;14;9;15;9;15;8;16;8;16;9;17;9;18;9;19;9;19;10;19;11;19;12;19;13;19;14;18;14;17;14;16;14;15;14;14;14
1;3;12;14;9;9;10;9;11;9;11;8;11;7;11;6;11;5;12;5;12;6;12;7;12;8;12;9;13;9;13;8;13;7;14;7;14;8;14;9;15;9;15;8;16;8;16;9;17;9;18;9;19;9;19;10;19;11;19;12;19;13;19;14;18;14;17;14;16;14;15;14;14;14;13;14
1;3;9;3;10;9;10;9;11;9;11;8;11;7;11;6;11;5;12;5;12;6;12;7;12;8;12;9;13;9;13;8;13;7;14;7;14;8;14;9;15;9;15;8;16;8;16;9;17;9;18;9;19;9;19;10;19;11;19;12;19;13;19;14;18;14;17;14;16;14;15;14;14;14;13;14;12;14
1;3;9;3;10;9;11;9;11;8;11;7;11;6;11;5;12;5;12;6;12;7;12;8;12;9;13;9;13;8;13;7;14;7;14;8;14;9;15;9;15;8;16;8;16;9;17;9;18;9;19;9;19;10;19;11;19;12;19;13;19;14;18;14;17;14;16;14;15;14;14;14;13;14;12;14;11;14
1;3;9;3;11;9;11;8;11;7;11;6;11;5;12;5;12;6;12;7;12;8;12;9;13;9;13;8;13;7;14;7;14;8;14;9;15;9;15;8;16;8;16;9;17;9;18;9;19;9;19;10;19;11;19;12;19;13;19;14;18;14;17;14;16;14;15;14;14;14;13;14;12;14;11;14;10;14
1;3;9;3;11;8;11;7;11;6;11;5;12;5;12;6;12;7;12;8;12;9;13;9;13;8;13;7;14;7;14;8;14;9;15;9;15;8;16;8;16;9;17;9;18;9;19;9;19;10;19;11;19;12;19;13;19;14;18;14;17;14;16;14;15;14;14;14;13;14;12;14;11;14;10;14;9;14
1;0;9;3;11;7;11;6;11;5;12;5;12;6;12;7;12;8;12;9;13;9;13;8;13;7;14;7;14;8;14;9;15;9;15;8;16;8;16;9;17;9;18;9;19;9;19;10;19;11;19;12;19;13;19;14;18;14;17;14;16;14;15;14;14;14;13;14;12;14;11;14;10;14;9;14;9;13
1;0;9;3;11;6;11;5;12;5;12;6;12;7;12;8;12;9;13;9;13;8;13;7;14;7;14;8;14;9;15;9;15;8;16;8;16;9;17;9;18;9;19;9;19;10;19;11;19;12;19;13;19;14;18;14;17;14;16;14;15;14;14;14;13;14;12;14;11;14;10;14;9;14;9;13;9;12
1;0;9;3;11;5;12;5;12;6;12;7;12;8;12;9;13;9;13;8;13;7;14;7;14;8;14;9;15;9;15;8;16;8;16;9;17;9;18;9;19;9;19;10;19;11;19;12;19;13;19;14;18;14;17;14;16;14;15;14;14;14;13;14;12;14;11;14;10;14;9;14;9;13;9;12;9;11
1;0;9;3;12;5;12;6;12;7;12;8;12;9;13;9;13;8;13;7;14;7;14;8;14;9;15;9;15;8;16;8;16;9;17;9;18;9;19;9;19;10;19;11;19;12;19;13;19;14;18;14;17;14;16;14;15;14;14;14;13;14;12;14;11;14;10;14;9;14;9;13;9;12;9;11;9;10
1;0;9;3;12;6;12;7;12;8;12;9;13;9;13;8;13;7;14;7;14;8;14;9;15;9;15;8;16;8;16;9;17;9;18;9;19;9;19;10;19;11;19;12;19;13;19;14;18;14;17;14;16;14;15;14;14;14;13;14;12;14;11;14;10;14;9;14;9;13;9;12;9;11;9;10;9;9
1;0;9;3;12;7;12;8;12;9;13;9;13;8;13;7;14;7;14;8;14;9;15;9;15;8;16;8;16;9;17;9;18;9;19;9;19;10;19;11;19;12;19;13;19;14;18;14;17;14;16;14;15;14;14;14;13;14;12;14;11;14;10;14;9;14;9;13;9;12;9;11;9;10;9;9;9;8
1;0;9;3;12;8;12;9;13;9;13;8;13;7;14;7;14;8;14;9;15;9;15;8;16;8;16;9;17;9;18;9;19;9;19;10;19;11;19;12;19;13;19;14;18;14;17;14;16;14;15;14;14;14;13;14;12;14;11;14;10;14;9;14;9;13;9;12;9;11;9;10;9;9;9;8;9;7
1;0;9;3;12;9;13;9;13;8;13;7;14;7;14;8;14;9;15;9;15;8;16;8;16;9;17;9;18;9;19;9;19;10;19;11;19;12;19;13;19;14;18;14;17;14;16;14;15;14;14;14;13;14;12;14;11;14;10;14;9;14;9;13;9;12;9;11;9;10;9;9;9;8;9;7;9;6
1;0;9;3;13;9;13;8;13;7;14;7;14;8;14;9;15;9;15;8;16;8;16;9;17;9;18;9;19;9;19;10;19;11;19;12;19;13;19;14;18;14;17;14;16;14;15;14;14;14;13;14;12;14;11;14;10;14;9;14;9;13;9;12;9;11;9;10;9;9;9;8;9;7;9;6;9;5
1;0;9;3;13;8;13;7;14;7;14;8;14;9;15;9;15;8;16;8;16;9;17;9;18;9;19;9;19;10;19;11;19;12;19;13;19;14;18;14;17;14;16;14;15;14;14;14;13;14;12;14;11;14;10;14;9;14;9;13;9;12;9;11;9;10;9;9;9;8;9;7;9;6;9;5;9;4
1;0;3;9;13;7;13;7;14;7;14;8;14;9;15;9;15;8;16;8;16;9;17;9;18;9;19;9;19;10;19;11;19;12;19;13;19;14;18;14;17;14;16;14;15;14;14;14;13;14;12;14;11;14;10;14;9;14;9;13;9;12;9;11;9;10;9;9;9;8;9;7;9;6;9;5;9;4;9;3
1;3;3;9;13;7;14;7;14;8;14;9;15;9;15;8;16;8;16;9;17;9;18;9;19;9;19;10;19;11;19;12;19;13;19;14;18;14;17;14;16;14;15;14;14;14;13;14;12;14;11;14;10;14;9;14;9;13;9;12;9;11;9;10;9;9;9;8;9;7;9;6;9;5;9;4;9;3;8;3
1;3;3;9;14;7;14;8;14;9;15;9;15;8;16;8;16;9;17;9;18;9;19;9;19;10;19;11;19;12;19;13;19;14;18;14;17;14;16;14;15;14;14;14;13;14;12;14;11;14;10;14;9;14;9;13;9;12;9;11;9;10;9;9;9;8;9;7;9;6;9;5;9;4;9;3;8;3;7;3
1;3;3;9;14;8;14;9;15;9;15;8;16;8;16;9;17;9;18;9;19;9;19;10;19;11;19;12;19;13;19;14;18;14;17;14;16;14;15;14;14;14;13;14;12;14;11;14;10;14;9;14;9;13;9;12;9;11;9;10;9;9;9;8;9;7;9;6;9;5;9;4;9;3;8;3;7;3;6;3
1;3;3;9;14;9;15;9;15;8;16;8;16;9;17;9;18;9;19;9;19;10;19;11;19;12;19;13;19;14;18;14;17;14;16;14;15;14;14;14;13;14;12;14;11;14;10;14;9;14;9;13;9;12;9;11;9;10;9;9;9;8;9;7;9;6;9;5;9;4;9;3;8;3;7;3;6;3;5;3
1;3;3;9;15;9;15;8;16;8;16;9;17;9;18;9;19;9;19;10;19;11;19;12;19;13;19;14;18;14;17;14;16;14;15;14;14;14;13;14;12;14;11;14;10;14;9;14;9;13;9;12;9;11;9;10;9;9;9;8;9;7;9;6;9;5;9;4;9;3;8;3;7;3;6;3;5;3;4;3
1;3;3;9;15;8;16;8;16;9;17;9;18;9;19;9;19;10;19;11;19;12;19;13;19;14;18;14;17;14;16;14;15;14;14;14;13;14;12;14;11;14;10;14;9;14;9;13;9;12;9;11;9;10;9;9;9;8;9;7;9;6;9;5;9;4;9;3;8;3;7;3;6;3;5;3;4;3;3;3
1;2;3;9;16;8;16;9;17;9;18;9;19;9;19;10;19;11;19;12;19;13;19;14;18;14;17;14;16;14;15;14;14;14;13;14;12;14;11;14;10;14;9;14;9;13;9;12;9;11;9;10;9;9;9;8;9;7;9;6;9;5;9;4;9;3;8;3;7;3;6;3;5;3;4;3;3;3;3;4
1;2;3;9;16;9;17;9;18;9;19;9;19;10;19;11;19;12;19;13;19;14;18;14;17;14;16;14;15;14;14;14;13;14;12;14;11;14;10;14;9;14;9;13;9;12;9;11;9;10;9;9;9;8;9;7;9;6;9;5;9;4;9;3;8;3;7;3;6;3;5;3;4;3;3;3;3;4;3;5
1;2;3;9;17;9;18;9;19;9;19;10;19;11;19;12;19;13;19;14;18;14;17;14;16;14;15;14;14;14;13;14;12;14;11;14;10;14;9;14;9;13;9;12;9;11;9;10;9;9;9;8;9;7;9;6;9;5;9;4;9;3;8;3;7;3;6;3;5;3;4;3;3;3;3;4;3;5;3;6
1;2;3;9;18;9;19;9;19;10;19;11;19;12;19;13;19;14;18;14;17;14;16;14;15;14;14;14;13;14;12;14;11;14;10;14;9;14;9;13;9;12;9;11;9;10;9;9;9;8;9;7;9;6;9;5;9;4;9;3;8;3;7;3;6;3;5;3;4;3;3;3;3;4;3;5;3;6;3;7
1;2;3;9;19;9;19;10;19;11;19;12;19;13;19;14;18;14;17;14;16;14;15;14;14;14;13;14;12;14;11;14;10;14;9;14;9;13;9;12;9;11;9;10;9;9;9;8;9;7;9;6;9;5;9;4;9;3;8;3;7;3;6;3;5;3;4;3;3;3;3;4;3;5;3;6;3;7;3;8
1;2;12;12;19;10;19;10;19;11;19;12;19;13;19;14;18;14;17;14;16;14;15;14;14;14;13;14;12;14;11;14;10;14;9;14;9;13;9;12;9;11;9;10;9;9;9;8;9;7;9;6;9;5;9;4;9;3;8;3;7;3;6;3;5;3;4;3;3;3;3;4;3;5;3;6;3;7;3;8;3;9
1;2;12;12;19;10;19;11;19;12;19;13;19;14;18;14;17;14;16;14;15;14;14;14;13;14;12;14;11;14;10;14;9;14;9;13;9;12;9;11;9;10;9;9;9;8;9;7;9;6;9;5;9;4;9;3;8;3;7;3;6;3;5;3;4;3;3;3;3;4;3;5;3;6;3;7;3;8;3;9;3;10
1;2;12;12;19;11;19;12;19;13;19;14;18;14;17;14;16;14;15;14;14;14;13;14;12;14;11;14;10;14;9;14;9;13;9;12;9;11;9;10;9;9;9;8;9;7;9;6;9;5;9;4;9;3;8;3;7;3;6;3;5;3;4;3;3;3;3;4;3;5;3;6;3;7;3;8;3;9;3;10;3;11
1;2;12;12;19;12;19;13;19;14;18;14;17;14;16;14;15;14;14;14;13;14;12;14;11;14;10;14;9;14;9;13;9;12;9;11;9;10;9;9;9;8;9;7;9;6;9;5;9;4;9;3;8;3;7;3;6;3;5;3;4;3;3;3;3;4;3;5;3;6;3;7;3;8;3;9;3;10;3;11;3;12
1;2;12;12;19;13;19;14;18;14;17;14;16;14;15;14;14;14;13;14;12;14;11;14;10;14;9;14;9;13;9;12;9;11;9;10;9;9;9;8;9;7;9;6;9;5;9;4;9;3;8;3;7;3;6;3;5;3;4;3;3;3;3;4;3;5;3;6;3;7;3;8;3;9;3;10;3;11;3;12;3;13
1;1;12;12;19;14;18;14;17;14;16;14;15;14;14;14;13;14;12;14;11;14;10;14;9;14;9;13;9;12;9;11;9;10;9;9;9;8;9;7;9;6;9;5;9;4;9;3;8;3;7;3;6;3;5;3;4;3;3;3;3;4;3;5;3;6;3;7;3;8;3;9;3;10;3;11;3;12;3;13;4;13
1;1;12;12;18;14;17;14;16;14;15;14;14;14;13;14;12;14;11;14;10;14;9;14;9;13;9;12;9;11;9;10;9;9;9;8;9;7;9;6;9;5;9;4;9;3;8;3;7;3;6;3;5;3;4;3;3;3;3;4;3;5;3;6;3;7;3;8;3;9;3;10;3;11;3;12;3;13;4;13;5;13
1;0;12;12;17;14;16;14;15;14;14;14;13;14;12;14;11;14;10;14;9;14;9;13;9;12;9;11;9;10;9;9;9;8;9;7;9;6;9;5;9;4;9;3;8;3;7;3;6;3;5;3;4;3;3;3;3;4;3;5;3;6;3;7;3;8;3;9;3;10;3;11;3;12;3;13;4;13;5;13;5;12
1;3;12;12;16;14;15;14;14;14;13;14;12;14;11;14;10;14;9;14;9;13;9;12;9;11;9;10;9;9;9;8;9;7;9;6;9;5;9;4;9;3;8;3;7;3;6;3;5;3;4;3;3;3;3;4;3;5;3;6;3;7;3;8;3;9;3;10;3;11;3;12;3;13;4;13;5;13;5;12;4;12
1;0;12;12;15;14;14;14;13;14;12;14;11;14;10;14;9;14;9;13;9;12;9;11;9;10;9;9;9;8;9;7;9;6;9;5;9;4;9;3;8;3;7;3;6;3;5;3;4;3;3;3;3;4;3;5;3;6;3;7;3;8;3;9;3;10;3;11;3;12;3;13;4;13;5;13;5;12;4;12;4;11
1;1;12;12;14;14;13;14;12;14;11;14;10;14;9;14;9;13;9;12;9;11;9;10;9;9;9;8;9;7;9;6;9;5;9;4;9;3;8;3;7;3;6;3;5;3;4;3;3;3;3;4;3;5;3;6;3;7;3;8;3;9;3;10;3;11;3;12;3;13;4;13;5;13;5;12;4;12;4;11;5;11
1;1;12;12;13;14;12;14;11;14;10;14;9;14;9;13;9;12;9;11;9;10;9;9;9;8;9;7;9;6;9;5;9;4;9;3;8;3;7;3;6;3;5;3;4;3;3;3;3;4;3;5;3;6;3;7;3;8;3;9;3;10;3;11;3;12;3;13;4;13;5;13;5;12;4;12;4;11;5;11;6;11
1;2;12;12;12;14;11;14;10;14;9;14;9;13;9;12;9;11;9;10;9;9;9;8;9;7;9;6;9;5;9;4;9;3;8;3;7;3;6;3;5;3;4;3;3;3;3;4;3;5;3;6;3;7;3;8;3;9;3;10;3;11;3;12;3;13;4;13;5;13;5;12;4;12;4;11;5;11;6;11;6;12
1;2;12;12;11;14;10;14;9;14;9;13;9;12;9;11;9;10;9;9;9;8;9;7;9;6;9;5;9;4;9;3;8;3;7;3;6;3;5;3;4;3;3;3;3;4;3;5;3;6;3;7;3;8;3;9;3;10;3;11;3;12;3;13;4;13;5;13;5;12;4;12;4;11;5;11;6;11;6;12;6;13
1;2;12;12;10;14;9;14;9;13;9;12;9;11;9;10;9;9;9;8;9;7;9;6;9;5;9;4;9;3;8;3;7;3;6;3;5;3;4;3;3;3;3;4;3;5;3;6;3;7;3;8;3;9;3;10;3;11;3;12;3;13;4;13;5;13;5;12;4;12;4;11;5;11;6;11;6;12;6;13;6;14
1;1;12;12;9;14;9;13;9;12;9;11;9;10;9;9;9;8;9;7;9;6;9;5;9;4;9;3;8;3;7;3;6;3;5;3;4;3;3;3;3;4;3;5;3;6;3;7;3;8;3;9;3;10;3;11;3;12;3;13;4;13;5;13;5;12;4;12;4;11;5;11;6;11;6;12;6;13;6;14;7;14
1;0;12;12;9;13;9;12;9;11;9;10;9;9;9;8;9;7;9;6;9;5;9;4;9;3;8;3;7;3;6;3;5;3;4;3;3;3;3;4;3;5;3;6;3;7;3;8;3;9;3;10;3;11;3;12;3;13;4;13;5;13;5;12;4;12;4;11;5;11;6;11;6;12;6;13;6;14;7;14;7;13
1;0;12;12;9;12;9;11;9;10;9;9;9;8;9;7;9;6;9;5;9;4;9;3;8;3;7;3;6;3;5;3;4;3;3;3;3;4;3;5;3;6;3;7;3;8;3;9;3;10;3;11;3;12;3;13;4;13;5;13;5;12;4;12;4;11;5;11;6;11;6;12;6;13;6;14;7;14;7;13;7;12
1;1;12;12;9;11;9;10;9;9;9;8;9;7;9;6;9;5;9;4;9;3;8;3;7;3;6;3;5;3;4;3;3;3;3;4;3;5;3;6;3;7;3;8;3;9;3;10;3;11;3;12;3;13;4;13;5;13;5;12;4;12;4;11;5;11;6;11;6;12;6;13;6;14;7;14;7;13;7;12;8;12
1;1;12;12;9;10;9;9;9;8;9;7;9;6;9;5;9;4;9;3;8;3;7;3;6;3;5;3;4;3;3;3;3;4;3;5;3;6;3;7;3;8;3;9;3;10;3;11;3;12;3;13;4;13;5;13;5;12;4;12;4;11;5;11;6;11;6;12;6;13;6;14;7;14;7;13;7;12;8;12;9;12
1;1;12;12;9;9;9;8;9;7;9;6;9;5;9;4;9;3;8;3;7;3;6;3;5;3;4;3;3;3;3;4;3;5;3;6;3;7;3;8;3;9;3;10;3;11;3;12;3;13;4;13;5;13;5;12;4;12;4;11;5;11;6;11;6;12;6;13;6;14;7;14;7;13;7;12;8;12;9;12;10;12
1;1;12;12;9;8;9;7;9;6;9;5;9;4;9;3;8;3;7;3;6;3;5;3;4;3;3;3;3;4;3;5;3;6;3;7;3;8;3;9;3;10;3;11;3;12;3;13;4;13;5;13;5;12;4;12;4;11;5;11;6;11;6;12;6;13;6;14;7;14;7;13;7;12;8;12;9;12;10;12;11;12
1;1;19;17;9;7;9;7;9;6;9;5;9;4;9;3;8;3;7;3;6;3;5;3;4;3;3;3;3;4;3;5;3;6;3;7;3;8;3;9;3;10;3;11;3;12;3;13;4;13;5;13;5;12;4;12;4;11;5;11;6;11;6;12;6;13;6;14;7;14;7;13;7;12;8;12;9;12;10;12;11;12;12;12
1;2;19;17;9;7;9;6;9;5;9;4;9;3;8;3;7;3;6;3;5;3;4;3;3;3;3;4;3;5;3;6;3;7;3;8;3;9;3;10;3;11;3;12;3;13;4;13;5;13;5;12;4;12;4;11;5;11;6;11;6;12;6;13;6;14;7;14;7;13;7;12;8;12;9;12;10;12;11;12;12;12;12;13
1;2;19;17;9;6;9;5;9;4;9;3;8;3;7;3;6;3;5;3;4;3;3;3;3;4;3;5;3;6;3;7;3;8;3;9;3;10;3;11;3;12;3;13;4;13;5;13;5;12;4;12;4;11;5;11;6;11;6;12;6;13;6;14;7;14;7;13;7;12;8;12;9;12;10;12;11;12;12;12;12;13;12;14
1;2;19;17;9;5;9;4;9;3;8;3;7;3;6;3;5;3;4;3;3;3;3;4;3;5;3;6;3;7;3;8;3;9;3;10;3;11;3;12;3;13;4;13;5;13;5;12;4;12;4;11;5;11;6;11;6;12;6;13;6;14;7;14;7;13;7;12;8;12;9;12;10;12;11;12;12;12;12;13;12;14;12;15
1;2;19;17;9;4;9;3;8;3;7;3;6;3;5;3;4;3;3;3;3;4;3;5;3;6;3;7;3;8;3;9;3;10;3;11;3;12;3;13;4;13;5;13;5;12;4;12;4;11;5;11;6;11;6;12;6;13;6;14;7;14;7;13;7;12;8;12;9;12;10;12;11;12;12;12;12;13;12;14;12;15;12;16
1;2;19;17;9;3;8;3;7;3;6;3;5;3;4;3;3;3;3;4;3;5;3;6;3;7;3;8;3;9;3;10;3;11;3;12;3;13;4;13;5;13;5;12;4;12;4;11;5;11;6;11;6;12;6;13;6;14;7;14;7;13;7;12;8;12;9;12;10;12;11;12;12;12;12;13;12;14;12;15;12;16;12;17
1;1;19;17;8;3;7;3;6;3;5;3;4;3;3;3;3;4;3;5;3;6;3;7;3;8;3;9;3;10;3;11;3;12;3;13;4;13;5;13;5;12;4;12;4;11;5;11;6;11;6;12;6;13;6;14;7;14;7;13;7;12;8;12;9;12;10;12;11;12;12;12;12;13;12;14;12;15;12;16;12;17;13;17
1;1;19;17;7;3;6;3;5;3;4;3;3;3;3;4;3;5;3;6;3;7;3;8;3;9;3;10;3;11;3;12;3;13;4;13;5;13;5;12;4;12;4;11;5;11;6;11;6;12;6;13;6;14;7;14;7;13;7;12;8;12;9;12;10;12;11;12;12;12;12;13;12;14;12;15;12;16;12;17;13;17;14;17
1;1;19;17;6;3;5;3;4;3;3;3;3;4;3;5;3;6;3;7;3;8;3;9;3;10;3;11;3;12;3;13;4;13;5;13;5;12;4;12;4;11;5;11;6;11;6;12;6;13;6;14;7;14;7;13;7;12;8;12;9;12;10;12;11;12;12;12;12;13;12;14;12;15;12;16;12;17;13;17;14;17;15;17
1;1;19;17;5;3;4;3;3;3;3;4;3;5;3;6;3;7;3;8;3;9;3;10;3;11;3;12;3;13;4;13;5;13;5;12;4;12;4;11;5;11;6;11;6;12;6;13;6;14;7;14;7;13;7;12;8;12;9;12;10;12;11;12;12;12;12;13;12;14;12;15;12;16;12;17;13;17;14;17;15;17;16;17
1;1;19;17;4;3;3;3;3;4;3;5;3;6;3;7;3;8;3;9;3;10;3;11;3;12;3;13;4;13;5;13;5;12;4;12;4;11;5;11;6;11;6;12;6;13;6;14;7;14;7;13;7;12;8;12;9;12;10;12;11;12;12;12;12;13;12;14;12;15;12;16;12;17;13;17;14;17;15;17;16;17;17;17
1;1;19;17;3;3;3;4;3;5;3;6;3;7;3;8;3;9;3;10;3;11;3;12;3;13;4;13;5;13;5;12;4;12;4;11;5;11;6;11;6;12;6;13;6;14;7;14;7;13;7;12;8;12;9;12;10;12;11;12;12;12;12;13;12;14;12;15;12;16;12;17;13;17;14;17;15;17;16;17;17;17;18;17
1;1;16;15;3;4;3;4;3;5;3;6;3;7;3;8;3;9;3;10;3;11;3;12;3;13;4;13;5;13;5;12;4;12;4;11;5;11;6;11;6;12;6;13;6;14;7;14;7;13;7;12;8;12;9;12;10;12;11;12;12;12;12;13;12;14;12;15;12;16;12;17;13;17;14;17;15;17;16;17;17;17;18;17;19;17
1;0;16;15;3;4;3;5;3;6;3;7;3;8;3;9;3;10;3;11;3;12;3;13;4;13;5;13;5;12;4;12;4;11;5;11;6;11;6;12;6;13;6;14;7;14;7;13;7;12;8;12;9;12;10;12;11;12;12;12;12;13;12;14;12;15;12;16;12;17;13;17;14;17;15;17;16;17;17;17;18;17;19;17;19;16
1;0;16;15;3;5;3;6;3;7;3;8;3;9;3;10;3;11;3;12;3;13;4;13;5;13;5;12;4;12;4;11;5;11;6;11;6;12;6;13;6;14;7;14;7;13;7;12;8;12;9;12;10;12;11;12;12;12;12;13;12;14;12;15;12;16;12;17;13;17;14;17;15;17;16;17;17;17;18;17;19;17;19;16;19;15
1;3;16;15;3;6;3;7;3;8;3;9;3;10;3;11;3;12;3;13;4;13;5;13;5;12;4;12;4;11;5;11;6;11;6;12;6;13;6;14;7;14;7;13;7;12;8;12;9;12;10;12;11;12;12;12;12;13;12;14;12;15;12;16;12;17;13;17;14;17;15;17;16;17;17;17;18;17;19;17;19;16;19;15;18;15
1;3;16;15;3;7;3;8;3;9;3;10;3;11;3;12;3;13;4;13;5;13;5;12;4;12;4;11;5;11;6;11;6;12;6;13;6;14;7;14;7;13;7;12;8;12;9;12;10;12;11;12;12;12;12;13;12;14;12;15;12;16;12;17;13;17;14;17;15;17;16;17;17;17;18;17;19;17;19;16;19;15;18;15;17;15
1;3;19;14;3;8;3;8;3;9;3;10;3;11;3;12;3;13;4;13;5;13;5;12;4;12;4;11;5;11;6;11;6;12;6;13;6;14;7;14;7;13;7;12;8;12;9;12;10;12;11;12;12;12;12;13;12;14;12;15;12;16;12;17;13;17;14;17;15;17;16;17;17;17;18;17;19;17;19;16;19;15;18;15;17;15;16;15
1;0;19;14;3;8;3;9;3;10;3;11;3;12;3;13;4;13;5;13;5;12;4;12;4;11;5;11;6;11;6;12;6;13;6;14;7;14;7;13;7;12;8;12;9;12;10;12;11;12;12;12;12;13;12;14;12;15;12;16;12;17;13;17;14;17;15;17;16;17;17;17;18;17;19;17;19;16;19;15;18;15;17;15;16;15;16;14
1;1;19;14;3;9;3;10;3;11;3;12;3;13;4;13;5;13;5;12;4;12;4;11;5;11;6;11;6;12;6;13;6;14;7;14;7;13;7;12;8;12;9;12;10;12;11;12;12;12;12;13;12;14;12;15;12;16;12;17;13;17;14;17;15;17;16;17;17;17;18;17;19;17;19;16;19;15;18;15;17;15;16;15;16;14;17;14
1;1;19;14;3;10;3;11;3;12;3;13;4;13;5;13;5;12;4;12;4;11;5;11;6;11;6;12;6;13;6;14;7;14;7;13;7;12;8;12;9;12;10;12;11;12;12;12;12;13;12;14;12;15;12;16;12;17;13;17;14;17;15;17;16;17;17;17;18;17;19;17;19;16;19;15;18;15;17;15;16;15;16;14;17;14;18;14
1;1;5;19;3;11;3;11;3;12;3;13;4;13;5;13;5;12;4;12;4;11;5;11;6;11;6;12;6;13;6;14;7;14;7;13;7;12;8;12;9;12;10;12;11;12;12;12;12;13;12;14;12;15;12;16;12;17;13;17;14;17;15;17;16;17;17;17;18;17;19;17;19;16;19;15;18;15;17;15;16;15;16;14;17;14;18;14;19;14
1;0;5;19;3;11;3;12;3;13;4;13;5;13;5;12;4;12;4;11;5;11;6;11;6;12;6;13;6;14;7;14;7;13;7;12;8;12;9;12;10;12;11;12;12;12;12;13;12;14;12;15;12;16;12;17;13;17;14;17;15;17;16;17;17;17;18;17;19;17;19;16;19;15;18;15;17;15;16;15;16;14;17;14;18;14;19;14;19;13
1;3;5;19;3;12;3;13;4;13;5;13;5;12;4;12;4;11;5;11;6;11;6;12;6;13;6;14;7;14;7;13;7;12;8;12;9;12;10;12;11;12;12;12;12;13;12;14;12;15;12;16;12;17;13;17;14;17;15;17;16;17;17;17;18;17;19;17;19;16;19;15;18;15;17;15;16;15;16;14;17;14;18;14;19;14;19;13;18;13
1;3;5;19;3;13;4;13;5;13;5;12;4;12;4;11;5;11;6;11;6;12;6;13;6;14;7;14;7;13;7;12;8;12;9;12;10;12;11;12;12;12;12;13;12;14;12;15;12;16;12;17;13;17;14;17;15;17;16;17;17;17;18;17;19;17;19;16;19;15;18;15;17;15;16;15;16;14;17;14;18;14;19;14;19;13;18;13;17;13
1;3;5;19;4;13;5;13;5;12;4;12;4;11;5;11;6;11;6;12;6;13;6;14;7;14;7;13;7;12;8;12;9;12;10;12;11;12;12;12;12;13;12;14;12;15;12;16;12;17;13;17;14;17;15;17;16;17;17;17;18;17;19;17;19;16;19;15;18;15;17;15;16;15;16;14;17;14;18;14;19;14;19;13;18;13;17;13;16;13
1;3;5;19;5;13;5;12;4;12;4;11;5;11;6;11;6;12;6;13;6;14;7;14;7;13;7;12;8;12;9;12;10;12;11;12;12;12;12;13;12;14;12;15;12;16;12;17;13;17;14;17;15;17;16;17;17;17;18;17;19;17;19;16;19;15;18;15;17;15;16;15;16;14;17;14;18;14;19;14;19;13;18;13;17;13;16;13;15;13
1;3;5;19;5;12;4;12;4;11;5;11;6;11;6;12;6;13;6;14;7;14;7;13;7;12;8;12;9;12;10;12;11;12;12;12;12;13;12;14;12;15;12;16;12;17;13;17;14;17;15;17;16;17;17;17;18;17;19;17;19;16;19;15;18;15;17;15;16;15;16;14;17;14;18;14;19;14;19;13;18;13;17;13;16;13;15;13;14;13
1;2;5;19;4;12;4;11;5;11;6;11;6;12;6;13;6;14;7;14;7;13;7;12;8;12;9;12;10;12;11;12;12;12;12;13;12;14;12;15;12;16;12;17;13;17;14;17;15;17;16;17;17;17;18;17;19;17;19;16;19;15;18;15;17;15;16;15;16;14;17;14;18;14;19;14;19;13;18;13;17;13;16;13;15;13;14;13;14;14
1;2;5;19;4;11;5;11;6;11;6;12;6;13;6;14;7;14;7;13;7;12;8;12;9;12;10;12;11;12;12;12;12;13;12;14;12;15;12;16;12;17;13;17;14;17;15;17;16;17;17;17;18;17;19;17;19;16;19;15;18;15;17;15;16;15;16;14;17;14;18;14;19;14;19;13;18;13;17;13;16;13;15;13;14;13;14;14;14;15
1;3;5;19;5;11;6;11;6;12;6;13;6;14;7;14;7;13;7;12;8;12;9;12;10;12;11;12;12;12;12;13;12;14;12;15;12;16;12;17;13;17;14;17;15;17;16;17;17;17;18;17;19;17;19;16;19;15;18;15;17;15;16;15;16;14;17;14;18;14;19;14;19;13;18;13;17;13;16;13;15;13;14;13;14;14;14;15;13;15
1;2;5;19;6;11;6;12;6;13;6;14;7;14;7;13;7;12;8;12;9;12;10;12;11;12;12;12;12;13;12;14;12;15;12;16;12;17;13;17;14;17;15;17;16;17;17;17;18;17;19;17;19;16;19;15;18;15;17;15;16;15;16;14;17;14;18;14;19;14;19;13;18;13;17;13;16;13;15;13;14;13;14;14;14;15;13;15;13;16
1;1;5;19;6;12;6;13;6;14;7;14;7;13;7;12;8;12;9;12;10;12;11;12;12;12;12;13;12;14;12;15;12;16;12;17;13;17;14;17;15;17;16;17;17;17;18;17;19;17;19;16;19;15;18;15;17;15;16;15;16;14;17;14;18;14;19;14;19;13;18;13;17;13;16;13;15;13;14;13;14;14;14;15;13;15;13;16;14;16
