20
1;1;4;3;8;10;9;10;10;10
1;0;4;3;9;10;10;10;10;9
1;0;4;3;10;10;10;9;10;8
1;0;4;3;10;9;10;8;10;7
1;0;4;3;10;8;10;7;10;6
1;0;4;3;10;7;10;6;10;5
1;0;4;3;10;6;10;5;10;4
1;0;4;3;10;5;10;4;10;3
1;3;4;3;10;4;10;3;9;3
1;3;4;3;10;3;9;3;8;3
1;3;4;3;9;3;8;3;7;3
1;3;4;3;8;3;7;3;6;3
1;3;4;3;7;3;6;3;5;3
1;3;4;0;6;3;6;3;5;3;4;3
1;0;4;0;6;3;5;3;4;3;4;2
1;0;4;0;5;3;4;3;4;2;4;1
1;0;0;8;4;3;4;3;4;2;4;1;4;0
1;3;0;8;4;3;4;2;4;1;4;0;3;0
1;3;0;8;4;2;4;1;4;0;3;0;2;0
1;3;0;8;4;1;4;0;3;0;2;0;1;0
1;3;0;8;4;0;3;0;2;0;1;0;0;0
1;2;0;8;3;0;2;0;1;0;0;0;0;1
1;2;0;8;2;0;1;0;0;0;0;1;0;2
1;2;0;8;1;0;0;0;0;1;0;2;0;3
1;2;0;8;0;0;0;1;0;2;0;3;0;4
1;2;0;8;0;1;0;2;0;3;0;4;0;5
1;2;0;8;0;2;0;3;0;4;0;5;0;6
1;2;0;8;0;3;0;4;0;5;0;6;0;7
1;2;0;18;0;4;0;4;0;5;0;6;0;7;0;8
1;2;0;18;0;4;0;5;0;6;0;7;0;8;0;9
1;2;0;18;0;5;0;6;0;7;0;8;0;9;0;10
1;2;0;18;0;6;0;7;0;8;0;9;0;10;0;11
1;2;0;18;0;7;0;8;0;9;0;10;0;11;0;12
1;2;0;18;0;8;0;9;0;10;0;11;0;12;0;13
1;2;0;18;0;9;0;10;0;11;0;12;0;13;0;14
1;2;0;18;0;10;0;11;0;12;0;13;0;14;0;15
1;2;0;18;0;11;0;12;0;13;0;14;0;15;0;16
1;2;0;18;0;12;0;13;0;14;0;15;0;16;0;17
1;2;11;13;0;13;0;13;0;14;0;15;0;16;0;17;0;18
1;1;11;13;0;13;0;14;0;15;0;16;0;17;0;18;1;18
1;0;11;13;0;14;0;15;0;16;0;17;0;18;1;18;1;17
1;0;11;13;0;15;0;16;0;17;0;18;1;18;1;17;1;16
1;0;11;13;0;16;0;17;0;18;1;18;1;17;1;16;1;15
1;0;11;13;0;17;0;18;1;18;1;17;1;16;1;15;1;14
1;0;11;13;0;18;1;18;1;17;1;16;1;15;1;14;1;13
1;1;11;13;1;18;1;17;1;16;1;15;1;14;1;13;2;13
1;1;11;13;1;17;1;16;1;15;1;14;1;13;2;13;3;13
1;1;11;13;1;16;1;15;1;14;1;13;2;13;3;13;4;13
1;1;11;13;1;15;1;14;1;13;2;13;3;13;4;13;5;13
1;1;11;13;1;14;1;13;2;13;3;13;4;13;5;13;6;13
1;1;11;13;1;13;2;13;3;13;4;13;5;13;6;13;7;13
1;1;11;13;2;13;3;13;4;13;5;13;6;13;7;13;8;13
1;1;11;13;3;13;4;13;5;13;6;13;7;13;8;13;9;13
1;1;11;13;4;13;5;13;6;13;7;13;8;13;9;13;10;13
1;1;7;8;5;13;5;13;6;13;7;13;8;13;9;13;10;13;11;13
1;0;7;8;5;13;6;13;7;13;8;13;9;13;10;13;11;13;11;12
1;0;7;8;6;13;7;13;8;13;9;13;10;13;11;13;11;12;11;11
1;0;7;8;7;13;8;13;9;13;10;13;11;13;11;12;11;11;11;10
1;0;7;8;8;13;9;13;10;13;11;13;11;12;11;11;11;10;11;9
1;0;7;8;9;13;10;13;11;13;11;12;11;11;11;10;11;9;11;8
1;3;7;8;10;13;11;13;11;12;11;11;11;10;11;9;11;8;10;8
1;3;7;8;11;13;11;12;11;11;11;10;11;9;11;8;10;8;9;8
1;3;7;8;11;12;11;11;11;10;11;9;11;8;10;8;9;8;8;8
1;3;10;16;11;11;11;11;11;10;11;9;11;8;10;8;9;8;8;8;7;8
1;2;10;16;11;11;11;10;11;9;11;8;10;8;9;8;8;8;7;8;7;9
1;2;10;16;11;10;11;9;11;8;10;8;9;8;8;8;7;8;7;9;7;10
1;1;10;16;11;9;11;8;10;8;9;8;8;8;7;8;7;9;7;10;8;10
1;1;10;16;11;8;10;8;9;8;8;8;7;8;7;9;7;10;8;10;9;10
1;1;10;16;10;8;9;8;8;8;7;8;7;9;7;10;8;10;9;10;10;10
1;2;10;16;9;8;8;8;7;8;7;9;7;10;8;10;9;10;10;10;10;11
1;2;10;16;8;8;7;8;7;9;7;10;8;10;9;10;10;10;10;11;10;12
1;2;10;16;7;8;7;9;7;10;8;10;9;10;10;10;10;11;10;12;10;13
1;2;10;16;7;9;7;10;8;10;9;10;10;10;10;11;10;12;10;13;10;14
1;2;10;16;7;10;8;10;9;10;10;10;10;11;10;12;10;13;10;14;10;15
1;2;8;11;8;10;8;10;9;10;10;10;10;11;10;12;10;13;10;14;10;15;10;16
1;3;8;11;8;10;9;10;10;10;10;11;10;12;10;13;10;14;10;15;10;16;9;16
1;3;8;11;9;10;10;10;10;11;10;12;10;13;10;14;10;15;10;16;9;16;8;16
1;0;8;11;10;10;10;11;10;12;10;13;10;14;10;15;10;16;9;16;8;16;8;15
1;0;8;11;10;11;10;12;10;13;10;14;10;15;10;16;9;16;8;16;8;15;8;14
1;0;8;11;10;12;10;13;10;14;10;15;10;16;9;16;8;16;8;15;8;14;8;13
1;0;8;11;10;13;10;14;10;15;10;16;9;16;8;16;8;15;8;14;8;13;8;12
1;0;16;12;10;14;10;14;10;15;10;16;9;16;8;16;8;15;8;14;8;13;8;12;8;11
1;1;16;12;10;14;10;15;10;16;9;16;8;16;8;15;8;14;8;13;8;12;8;11;9;11
1;2;16;12;10;15;10;16;9;16;8;16;8;15;8;14;8;13;8;12;8;11;9;11;9;12
1;1;16;12;10;16;9;16;8;16;8;15;8;14;8;13;8;12;8;11;9;11;9;12;10;12
1;1;16;12;9;16;8;16;8;15;8;14;8;13;8;12;8;11;9;11;9;12;10;12;11;12
1;1;16;12;8;16;8;15;8;14;8;13;8;12;8;11;9;11;9;12;10;12;11;12;12;12
1;1;16;12;8;15;8;14;8;13;8;12;8;11;9;11;9;12;10;12;11;12;12;12;13;12
1;1;16;12;8;14;8;13;8;12;8;11;9;11;9;12;10;12;11;12;12;12;13;12;14;12
1;1;16;12;8;13;8;12;8;11;9;11;9;12;10;12;11;12;12;12;13;12;14;12;15;12
1;1;7;17;8;12;8;12;8;11;9;11;9;12;10;12;11;12;12;12;13;12;14;12;15;12;16;12
1;2;7;17;8;12;8;11;9;11;9;12;10;12;11;12;12;12;13;12;14;12;15;12;16;12;16;13
1;3;7;17;8;11;9;11;9;12;10;12;11;12;12;12;13;12;14;12;15;12;16;12;16;13;15;13
1;3;7;17;9;11;9;12;10;12;11;12;12;12;13;12;14;12;15;12;16;12;16;13;15;13;14;13
1;3;7;17;9;12;10;12;11;12;12;12;13;12;14;12;15;12;16;12;16;13;15;13;14;13;13;13
1;3;7;17;10;12;11;12;12;12;13;12;14;12;15;12;16;12;16;13;15;13;14;13;13;13;12;13
1;3;7;17;11;12;12;12;13;12;14;12;15;12;16;12;16;13;15;13;14;13;13;13;12;13;11;13
1;3;7;17;12;12;13;12;14;12;15;12;16;12;16;13;15;13;14;13;13;13;12;13;11;13;10;13
1;3;7;17;13;12;14;12;15;12;16;12;16;13;15;13;14;13;13;13;12;13;11;13;10;13;9;13
1;3;7;17;14;12;15;12;16;12;16;13;15;13;14;13;13;13;12;13;11;13;10;13;9;13;8;13
1;0;7;17;15;12;16;12;16;13;15;13;14;13;13;13;12;13;11;13;10;13;9;13;8;13;8;12
1;3;7;17;16;12;16;13;15;13;14;13;13;13;12;13;11;13;10;13;9;13;8;13;8;12;7;12
1;2;7;17;16;13;15;13;14;13;13;13;12;13;11;13;10;13;9;13;8;13;8;12;7;12;7;13
1;2;7;17;15;13;14;13;13;13;12;13;11;13;10;13;9;13;8;13;8;12;7;12;7;13;7;14
1;2;7;17;14;13;13;13;12;13;11;13;10;13;9;13;8;13;8;12;7;12;7;13;7;14;7;15
1;2;7;17;13;13;12;13;11;13;10;13;9;13;8;13;8;12;7;12;7;13;7;14;7;15;7;16
1;2;8;11;12;13;12;13;11;13;10;13;9;13;8;13;8;12;7;12;7;13;7;14;7;15;7;16;7;17
1;1;8;11;12;13;11;13;10;13;9;13;8;13;8;12;7;12;7;13;7;14;7;15;7;16;7;17;8;17
1;1;8;11;11;13;10;13;9;13;8;13;8;12;7;12;7;13;7;14;7;15;7;16;7;17;8;17;9;17
1;0;8;11;10;13;9;13;8;13;8;12;7;12;7;13;7;14;7;15;7;16;7;17;8;17;9;17;9;16
1;1;8;11;9;13;8;13;8;12;7;12;7;13;7;14;7;15;7;16;7;17;8;17;9;17;9;16;10;16
1;0;8;11;8;13;8;12;7;12;7;13;7;14;7;15;7;16;7;17;8;17;9;17;9;16;10;16;10;15
1;0;8;11;8;12;7;12;7;13;7;14;7;15;7;16;7;17;8;17;9;17;9;16;10;16;10;15;10;14
1;0;8;11;7;12;7;13;7;14;7;15;7;16;7;17;8;17;9;17;9;16;10;16;10;15;10;14;10;13
1;1;8;11;7;13;7;14;7;15;7;16;7;17;8;17;9;17;9;16;10;16;10;15;10;14;10;13;11;13
1;0;8;11;7;14;7;15;7;16;7;17;8;17;9;17;9;16;10;16;10;15;10;14;10;13;11;13;11;12
1;0;8;11;7;15;7;16;7;17;8;17;9;17;9;16;10;16;10;15;10;14;10;13;11;13;11;12;11;11
1;3;8;11;7;16;7;17;8;17;9;17;9;16;10;16;10;15;10;14;10;13;11;13;11;12;11;11;10;11
1;3;8;11;7;17;8;17;9;17;9;16;10;16;10;15;10;14;10;13;11;13;11;12;11;11;10;11;9;11
1;3;7;19;8;17;8;17;9;17;9;16;10;16;10;15;10;14;10;13;11;13;11;12;11;11;10;11;9;11;8;11
1;3;7;19;8;17;9;17;9;16;10;16;10;15;10;14;10;13;11;13;11;12;11;11;10;11;9;11;8;11;7;11
1;2;7;19;9;17;9;16;10;16;10;15;10;14;10;13;11;13;11;12;11;11;10;11;9;11;8;11;7;11;7;12
1;2;7;19;9;16;10;16;10;15;10;14;10;13;11;13;11;12;11;11;10;11;9;11;8;11;7;11;7;12;7;13
1;2;7;19;10;16;10;15;10;14;10;13;11;13;11;12;11;11;10;11;9;11;8;11;7;11;7;12;7;13;7;14
1;2;7;19;10;15;10;14;10;13;11;13;11;12;11;11;10;11;9;11;8;11;7;11;7;12;7;13;7;14;7;15
1;2;7;19;10;14;10;13;11;13;11;12;11;11;10;11;9;11;8;11;7;11;7;12;7;13;7;14;7;15;7;16
1;2;7;19;10;13;11;13;11;12;11;11;10;11;9;11;8;11;7;11;7;12;7;13;7;14;7;15;7;16;7;17
1;2;7;19;11;13;11;12;11;11;10;11;9;11;8;11;7;11;7;12;7;13;7;14;7;15;7;16;7;17;7;18
1;2;7;10;11;12;11;12;11;11;10;11;9;11;8;11;7;11;7;12;7;13;7;14;7;15;7;16;7;17;7;18;7;19
1;1;7;10;11;12;11;11;10;11;9;11;8;11;7;11;7;12;7;13;7;14;7;15;7;16;7;17;7;18;7;19;8;19
1;1;7;10;11;11;10;11;9;11;8;11;7;11;7;12;7;13;7;14;7;15;7;16;7;17;7;18;7;19;8;19;9;19
1;1;7;10;10;11;9;11;8;11;7;11;7;12;7;13;7;14;7;15;7;16;7;17;7;18;7;19;8;19;9;19;10;19
1;0;7;10;9;11;8;11;7;11;7;12;7;13;7;14;7;15;7;16;7;17;7;18;7;19;8;19;9;19;10;19;10;18
1;0;7;10;8;11;7;11;7;12;7;13;7;14;7;15;7;16;7;17;7;18;7;19;8;19;9;19;10;19;10;18;10;17
1;0;7;10;7;11;7;12;7;13;7;14;7;15;7;16;7;17;7;18;7;19;8;19;9;19;10;19;10;18;10;17;10;16
1;0;7;10;7;12;7;13;7;14;7;15;7;16;7;17;7;18;7;19;8;19;9;19;10;19;10;18;10;17;10;16;10;15
1;0;7;10;7;13;7;14;7;15;7;16;7;17;7;18;7;19;8;19;9;19;10;19;10;18;10;17;10;16;10;15;10;14
1;0;7;10;7;14;7;15;7;16;7;17;7;18;7;19;8;19;9;19;10;19;10;18;10;17;10;16;10;15;10;14;10;13
1;0;7;10;7;15;7;16;7;17;7;18;7;19;8;19;9;19;10;19;10;18;10;17;10;16;10;15;10;14;10;13;10;12
1;0;7;10;7;16;7;17;7;18;7;19;8;19;9;19;10;19;10;18;10;17;10;16;10;15;10;14;10;13;10;12;10;11
1;0;7;10;7;17;7;18;7;19;8;19;9;19;10;19;10;18;10;17;10;16;10;15;10;14;10;13;10;12;10;11;10;10
1;3;7;10;7;18;7;19;8;19;9;19;10;19;10;18;10;17;10;16;10;15;10;14;10;13;10;12;10;11;10;10;9;10
1;3;7;10;7;19;8;19;9;19;10;19;10;18;10;17;10;16;10;15;10;14;10;13;10;12;10;11;10;10;9;10;8;10
1;3;7;1;8;19;8;19;9;19;10;19;10;18;10;17;10;16;10;15;10;14;10;13;10;12;10;11;10;10;9;10;8;10;7;10
1;0;7;1;8;19;9;19;10;19;10;18;10;17;10;16;10;15;10;14;10;13;10;12;10;11;10;10;9;10;8;10;7;10;7;9
1;0;7;1;9;19;10;19;10;18;10;17;10;16;10;15;10;14;10;13;10;12;10;11;10;10;9;10;8;10;7;10;7;9;7;8
1;0;7;1;10;19;10;18;10;17;10;16;10;15;10;14;10;13;10;12;10;11;10;10;9;10;8;10;7;10;7;9;7;8;7;7
1;0;7;1;10;18;10;17;10;16;10;15;10;14;10;13;10;12;10;11;10;10;9;10;8;10;7;10;7;9;7;8;7;7;7;6
1;0;7;1;10;17;10;16;10;15;10;14;10;13;10;12;10;11;10;10;9;10;8;10;7;10;7;9;7;8;7;7;7;6;7;5
1;0;7;1;10;16;10;15;10;14;10;13;10;12;10;11;10;10;9;10;8;10;7;10;7;9;7;8;7;7;7;6;7;5;7;4
1;0;7;1;10;15;10;14;10;13;10;12;10;11;10;10;9;10;8;10;7;10;7;9;7;8;7;7;7;6;7;5;7;4;7;3
1;0;7;1;10;14;10;13;10;12;10;11;10;10;9;10;8;10;7;10;7;9;7;8;7;7;7;6;7;5;7;4;7;3;7;2
1;0;10;1;10;13;10;13;10;12;10;11;10;10;9;10;8;10;7;10;7;9;7;8;7;7;7;6;7;5;7;4;7;3;7;2;7;1
1;1;10;1;10;13;10;12;10;11;10;10;9;10;8;10;7;10;7;9;7;8;7;7;7;6;7;5;7;4;7;3;7;2;7;1;8;1
1;1;10;1;10;12;10;11;10;10;9;10;8;10;7;10;7;9;7;8;7;7;7;6;7;5;7;4;7;3;7;2;7;1;8;1;9;1
1;1;12;15;10;11;10;11;10;10;9;10;8;10;7;10;7;9;7;8;7;7;7;6;7;5;7;4;7;3;7;2;7;1;8;1;9;1;10;1
1;1;12;15;10;11;10;10;9;10;8;10;7;10;7;9;7;8;7;7;7;6;7;5;7;4;7;3;7;2;7;1;8;1;9;1;10;1;11;1
1;1;12;15;10;10;9;10;8;10;7;10;7;9;7;8;7;7;7;6;7;5;7;4;7;3;7;2;7;1;8;1;9;1;10;1;11;1;12;1
1;2;12;15;9;10;8;10;7;10;7;9;7;8;7;7;7;6;7;5;7;4;7;3;7;2;7;1;8;1;9;1;10;1;11;1;12;1;12;2
1;2;12;15;8;10;7;10;7;9;7;8;7;7;7;6;7;5;7;4;7;3;7;2;7;1;8;1;9;1;10;1;11;1;12;1;12;2;12;3
1;2;12;15;7;10;7;9;7;8;7;7;7;6;7;5;7;4;7;3;7;2;7;1;8;1;9;1;10;1;11;1;12;1;12;2;12;3;12;4
1;2;12;15;7;9;7;8;7;7;7;6;7;5;7;4;7;3;7;2;7;1;8;1;9;1;10;1;11;1;12;1;12;2;12;3;12;4;12;5
1;2;12;15;7;8;7;7;7;6;7;5;7;4;7;3;7;2;7;1;8;1;9;1;10;1;11;1;12;1;12;2;12;3;12;4;12;5;12;6
1;2;12;15;7;7;7;6;7;5;7;4;7;3;7;2;7;1;8;1;9;1;10;1;11;1;12;1;12;2;12;3;12;4;12;5;12;6;12;7
1;2;12;15;7;6;7;5;7;4;7;3;7;2;7;1;8;1;9;1;10;1;11;1;12;1;12;2;12;3;12;4;12;5;12;6;12;7;12;8
1;2;12;15;7;5;7;4;7;3;7;2;7;1;8;1;9;1;10;1;11;1;12;1;12;2;12;3;12;4;12;5;12;6;12;7;12;8;12;9
1;2;12;15;7;4;7;3;7;2;7;1;8;1;9;1;10;1;11;1;12;1;12;2;12;3;12;4;12;5;12;6;12;7;12;8;12;9;12;10
1;2;12;15;7;3;7;2;7;1;8;1;9;1;10;1;11;1;12;1;12;2;12;3;12;4;12;5;12;6;12;7;12;8;12;9;12;10;12;11
1;2;12;15;7;2;7;1;8;1;9;1;10;1;11;1;12;1;12;2;12;3;12;4;12;5;12;6;12;7;12;8;12;9;12;10;12;11;12;12
1;2;12;15;7;1;8;1;9;1;10;1;11;1;12;1;12;2;12;3;12;4;12;5;12;6;12;7;12;8;12;9;12;10;12;11;12;12;12;13
1;2;12;15;8;1;9;1;10;1;11;1;12;1;12;2;12;3;12;4;12;5;12;6;12;7;12;8;12;9;12;10;12;11;12;12;12;13;12;14
1;2;17;18;9;1;9;1;10;1;11;1;12;1;12;2;12;3;12;4;12;5;12;6;12;7;12;8;12;9;12;10;12;11;12;12;12;13;12;14;12;15
1;3;17;18;9;1;10;1;11;1;12;1;12;2;12;3;12;4;12;5;12;6;12;7;12;8;12;9;12;10;12;11;12;12;12;13;12;14;12;15;11;15
1;2;17;18;10;1;11;1;12;1;12;2;12;3;12;4;12;5;12;6;12;7;12;8;12;9;12;10;12;11;12;12;12;13;12;14;12;15;11;15;11;16
1;3;17;18;11;1;12;1;12;2;12;3;12;4;12;5;12;6;12;7;12;8;12;9;12;10;12;11;12;12;12;13;12;14;12;15;11;15;11;16;10;16
1;2;17;18;12;1;12;2;12;3;12;4;12;5;12;6;12;7;12;8;12;9;12;10;12;11;12;12;12;13;12;14;12;15;11;15;11;16;10;16;10;17
1;3;17;18;12;2;12;3;12;4;12;5;12;6;12;7;12;8;12;9;12;10;12;11;12;12;12;13;12;14;12;15;11;15;11;16;10;16;10;17;9;17
1;2;17;18;12;3;12;4;12;5;12;6;12;7;12;8;12;9;12;10;12;11;12;12;12;13;12;14;12;15;11;15;11;16;10;16;10;17;9;17;9;18
1;1;17;18;12;4;12;5;12;6;12;7;12;8;12;9;12;10;12;11;12;12;12;13;12;14;12;15;11;15;11;16;10;16;10;17;9;17;9;18;10;18
1;1;17;18;12;5;12;6;12;7;12;8;12;9;12;10;12;11;12;12;12;13;12;14;12;15;11;15;11;16;10;16;10;17;9;17;9;18;10;18;11;18
1;1;17;18;12;6;12;7;12;8;12;9;12;10;12;11;12;12;12;13;12;14;12;15;11;15;11;16;10;16;10;17;9;17;9;18;10;18;11;18;12;18
1;1;17;18;12;7;12;8;12;9;12;10;12;11;12;12;12;13;12;14;12;15;11;15;11;16;10;16;10;17;9;17;9;18;10;18;11;18;12;18;13;18
1;1;17;18;12;8;12;9;12;10;12;11;12;12;12;13;12;14;12;15;11;15;11;16;10;16;10;17;9;17;9;18;10;18;11;18;12;18;13;18;14;18
1;1;17;18;12;9;12;10;12;11;12;12;12;13;12;14;12;15;11;15;11;16;10;16;10;17;9;17;9;18;10;18;11;18;12;18;13;18;14;18;15;18
1;1;17;18;12;10;12;11;12;12;12;13;12;14;12;15;11;15;11;16;10;16;10;17;9;17;9;18;10;18;11;18;12;18;13;18;14;18;15;18;16;18
1;1;8;18;12;11;12;11;12;12;12;13;12;14;12;15;11;15;11;16;10;16;10;17;9;17;9;18;10;18;11;18;12;18;13;18;14;18;15;18;16;18;17;18
1;2;8;18;12;11;12;12;12;13;12;14;12;15;11;15;11;16;10;16;10;17;9;17;9;18;10;18;11;18;12;18;13;18;14;18;15;18;16;18;17;18;17;19
1;3;8;18;12;12;12;13;12;14;12;15;11;15;11;16;10;16;10;17;9;17;9;18;10;18;11;18;12;18;13;18;14;18;15;18;16;18;17;18;17;19;16;19
1;3;8;18;12;13;12;14;12;15;11;15;11;16;10;16;10;17;9;17;9;18;10;18;11;18;12;18;13;18;14;18;15;18;16;18;17;18;17;19;16;19;15;19
1;3;8;18;12;14;12;15;11;15;11;16;10;16;10;17;9;17;9;18;10;18;11;18;12;18;13;18;14;18;15;18;16;18;17;18;17;19;16;19;15;19;14;19
1;3;8;18;12;15;11;15;11;16;10;16;10;17;9;17;9;18;10;18;11;18;12;18;13;18;14;18;15;18;16;18;17;18;17;19;16;19;15;19;14;19;13;19
1;3;8;18;11;15;11;16;10;16;10;17;9;17;9;18;10;18;11;18;12;18;13;18;14;18;15;18;16;18;17;18;17;19;16;19;15;19;14;19;13;19;12;19
1;3;8;18;11;16;10;16;10;17;9;17;9;18;10;18;11;18;12;18;13;18;14;18;15;18;16;18;17;18;17;19;16;19;15;19;14;19;13;19;12;19;11;19
1;3;8;18;10;16;10;17;9;17;9;18;10;18;11;18;12;18;13;18;14;18;15;18;16;18;17;18;17;19;16;19;15;19;14;19;13;19;12;19;11;19;10;19
1;3;8;18;10;17;9;17;9;18;10;18;11;18;12;18;13;18;14;18;15;18;16;18;17;18;17;19;16;19;15;19;14;19;13;19;12;19;11;19;10;19;9;19
1;3;8;18;9;17;9;18;10;18;11;18;12;18;13;18;14;18;15;18;16;18;17;18;17;19;16;19;15;19;14;19;13;19;12;19;11;19;10;19;9;19;8;19
1;0;4;1;9;18;9;18;10;18;11;18;12;18;13;18;14;18;15;18;16;18;17;18;17;19;16;19;15;19;14;19;13;19;12;19;11;19;10;19;9;19;8;19;8;18
1;0;4;1;9;18;10;18;11;18;12;18;13;18;14;18;15;18;16;18;17;18;17;19;16;19;15;19;14;19;13;19;12;19;11;19;10;19;9;19;8;19;8;18;8;17
1;0;4;1;10;18;11;18;12;18;13;18;14;18;15;18;16;18;17;18;17;19;16;19;15;19;14;19;13;19;12;19;11;19;10;19;9;19;8;19;8;18;8;17;8;16
1;3;4;1;11;18;12;18;13;18;14;18;15;18;16;18;17;18;17;19;16;19;15;19;14;19;13;19;12;19;11;19;10;19;9;19;8;19;8;18;8;17;8;16;7;16
1;3;4;1;12;18;13;18;14;18;15;18;16;18;17;18;17;19;16;19;15;19;14;19;13;19;12;19;11;19;10;19;9;19;8;19;8;18;8;17;8;16;7;16;6;16
1;3;4;1;13;18;14;18;15;18;16;18;17;18;17;19;16;19;15;19;14;19;13;19;12;19;11;19;10;19;9;19;8;19;8;18;8;17;8;16;7;16;6;16;5;16
1;3;4;1;14;18;15;18;16;18;17;18;17;19;16;19;15;19;14;19;13;19;12;19;11;19;10;19;9;19;8;19;8;18;8;17;8;16;7;16;6;16;5;16;4;16
1;0;4;1;15;18;16;18;17;18;17;19;16;19;15;19;14;19;13;19;12;19;11;19;10;19;9;19;8;19;8;18;8;17;8;16;7;16;6;16;5;16;4;16;4;15
1;0;4;1;16;18;17;18;17;19;16;19;15;19;14;19;13;19;12;19;11;19;10;19;9;19;8;19;8;18;8;17;8;16;7;16;6;16;5;16;4;16;4;15;4;14
1;0;4;1;17;18;17;19;16;19;15;19;14;19;13;19;12;19;11;19;10;19;9;19;8;19;8;18;8;17;8;16;7;16;6;16;5;16;4;16;4;15;4;14;4;13
1;0;4;1;17;19;16;19;15;19;14;19;13;19;12;19;11;19;10;19;9;19;8;19;8;18;8;17;8;16;7;16;6;16;5;16;4;16;4;15;4;14;4;13;4;12
1;0;4;1;16;19;15;19;14;19;13;19;12;19;11;19;10;19;9;19;8;19;8;18;8;17;8;16;7;16;6;16;5;16;4;16;4;15;4;14;4;13;4;12;4;11
1;0;4;1;15;19;14;19;13;19;12;19;11;19;10;19;9;19;8;19;8;18;8;17;8;16;7;16;6;16;5;16;4;16;4;15;4;14;4;13;4;12;4;11;4;10
1;0;4;1;14;19;13;19;12;19;11;19;10;19;9;19;8;19;8;18;8;17;8;16;7;16;6;16;5;16;4;16;4;15;4;14;4;13;4;12;4;11;4;10;4;9
1;0;4;1;13;19;12;19;11;19;10;19;9;19;8;19;8;18;8;17;8;16;7;16;6;16;5;16;4;16;4;15;4;14;4;13;4;12;4;11;4;10;4;9;4;8
1;0;4;1;12;19;11;19;10;19;9;19;8;19;8;18;8;17;8;16;7;16;6;16;5;16;4;16;4;15;4;14;4;13;4;12;4;11;4;10;4;9;4;8;4;7
1;0;4;1;11;19;10;19;9;19;8;19;8;18;8;17;8;16;7;16;6;16;5;16;4;16;4;15;4;14;4;13;4;12;4;11;4;10;4;9;4;8;4;7;4;6
1;0;4;1;10;19;9;19;8;19;8;18;8;17;8;16;7;16;6;16;5;16;4;16;4;15;4;14;4;13;4;12;4;11;4;10;4;9;4;8;4;7;4;6;4;5
1;0;4;1;9;19;8;19;8;18;8;17;8;16;7;16;6;16;5;16;4;16;4;15;4;14;4;13;4;12;4;11;4;10;4;9;4;8;4;7;4;6;4;5;4;4
1;0;4;1;8;19;8;18;8;17;8;16;7;16;6;16;5;16;4;16;4;15;4;14;4;13;4;12;4;11;4;10;4;9;4;8;4;7;4;6;4;5;4;4;4;3
1;0;4;1;8;18;8;17;8;16;7;16;6;16;5;16;4;16;4;15;4;14;4;13;4;12;4;11;4;10;4;9;4;8;4;7;4;6;4;5;4;4;4;3;4;2
1;0;13;17;8;17;8;17;8;16;7;16;6;16;5;16;4;16;4;15;4;14;4;13;4;12;4;11;4;10;4;9;4;8;4;7;4;6;4;5;4;4;4;3;4;2;4;1
1;1;13;17;8;17;8;16;7;16;6;16;5;16;4;16;4;15;4;14;4;13;4;12;4;11;4;10;4;9;4;8;4;7;4;6;4;5;4;4;4;3;4;2;4;1;5;1
1;1;13;17;8;16;7;16;6;16;5;16;4;16;4;15;4;14;4;13;4;12;4;11;4;10;4;9;4;8;4;7;4;6;4;5;4;4;4;3;4;2;4;1;5;1;6;1
1;1;13;17;7;16;6;16;5;16;4;16;4;15;4;14;4;13;4;12;4;11;4;10;4;9;4;8;4;7;4;6;4;5;4;4;4;3;4;2;4;1;5;1;6;1;7;1
1;1;13;17;6;16;5;16;4;16;4;15;4;14;4;13;4;12;4;11;4;10;4;9;4;8;4;7;4;6;4;5;4;4;4;3;4;2;4;1;5;1;6;1;7;1;8;1
1;1;13;17;5;16;4;16;4;15;4;14;4;13;4;12;4;11;4;10;4;9;4;8;4;7;4;6;4;5;4;4;4;3;4;2;4;1;5;1;6;1;7;1;8;1;9;1
1;1;13;17;4;16;4;15;4;14;4;13;4;12;4;11;4;10;4;9;4;8;4;7;4;6;4;5;4;4;4;3;4;2;4;1;5;1;6;1;7;1;8;1;9;1;10;1
1;1;13;17;4;15;4;14;4;13;4;12;4;11;4;10;4;9;4;8;4;7;4;6;4;5;4;4;4;3;4;2;4;1;5;1;6;1;7;1;8;1;9;1;10;1;11;1
1;1;13;17;4;14;4;13;4;12;4;11;4;10;4;9;4;8;4;7;4;6;4;5;4;4;4;3;4;2;4;1;5;1;6;1;7;1;8;1;9;1;10;1;11;1;12;1
1;1;13;17;4;13;4;12;4;11;4;10;4;9;4;8;4;7;4;6;4;5;4;4;4;3;4;2;4;1;5;1;6;1;7;1;8;1;9;1;10;1;11;1;12;1;13;1
1;2;13;17;4;12;4;11;4;10;4;9;4;8;4;7;4;6;4;5;4;4;4;3;4;2;4;1;5;1;6;1;7;1;8;1;9;1;10;1;11;1;12;1;13;1;13;2
1;2;13;17;4;11;4;10;4;9;4;8;4;7;4;6;4;5;4;4;4;3;4;2;4;1;5;1;6;1;7;1;8;1;9;1;10;1;11;1;12;1;13;1;13;2;13;3
1;2;13;17;4;10;4;9;4;8;4;7;4;6;4;5;4;4;4;3;4;2;4;1;5;1;6;1;7;1;8;1;9;1;10;1;11;1;12;1;13;1;13;2;13;3;13;4
1;2;13;17;4;9;4;8;4;7;4;6;4;5;4;4;4;3;4;2;4;1;5;1;6;1;7;1;8;1;9;1;10;1;11;1;12;1;13;1;13;2;13;3;13;4;13;5
1;2;13;17;4;8;4;7;4;6;4;5;4;4;4;3;4;2;4;1;5;1;6;1;7;1;8;1;9;1;10;1;11;1;12;1;13;1;13;2;13;3;13;4;13;5;13;6
1;2;13;17;4;7;4;6;4;5;4;4;4;3;4;2;4;1;5;1;6;1;7;1;8;1;9;1;10;1;11;1;12;1;13;1;13;2;13;3;13;4;13;5;13;6;13;7
1;2;13;17;4;6;4;5;4;4;4;3;4;2;4;1;5;1;6;1;7;1;8;1;9;1;10;1;11;1;12;1;13;1;13;2;13;3;13;4;13;5;13;6;13;7;13;8
1;2;13;17;4;5;4;4;4;3;4;2;4;1;5;1;6;1;7;1;8;1;9;1;10;1;11;1;12;1;13;1;13;2;13;3;13;4;13;5;13;6;13;7;13;8;13;9
1;2;13;17;4;4;4;3;4;2;4;1;5;1;6;1;7;1;8;1;9;1;10;1;11;1;12;1;13;1;13;2;13;3;13;4;13;5;13;6;13;7;13;8;13;9;13;10
1;2;13;17;4;3;4;2;4;1;5;1;6;1;7;1;8;1;9;1;10;1;11;1;12;1;13;1;13;2;13;3;13;4;13;5;13;6;13;7;13;8;13;9;13;10;13;11
1;2;13;17;4;2;4;1;5;1;6;1;7;1;8;1;9;1;10;1;11;1;12;1;13;1;13;2;13;3;13;4;13;5;13;6;13;7;13;8;13;9;13;10;13;11;13;12
1;2;13;17;4;1;5;1;6;1;7;1;8;1;9;1;10;1;11;1;12;1;13;1;13;2;13;3;13;4;13;5;13;6;13;7;13;8;13;9;13;10;13;11;13;12;13;13
1;2;13;17;5;1;6;1;7;1;8;1;9;1;10;1;11;1;12;1;13;1;13;2;13;3;13;4;13;5;13;6;13;7;13;8;13;9;13;10;13;11;13;12;13;13;13;14
1;2;13;17;6;1;7;1;8;1;9;1;10;1;11;1;12;1;13;1;13;2;13;3;13;4;13;5;13;6;13;7;13;8;13;9;13;10;13;11;13;12;13;13;13;14;13;15
1;2;13;17;7;1;8;1;9;1;10;1;11;1;12;1;13;1;13;2;13;3;13;4;13;5;13;6;13;7;13;8;13;9;13;10;13;11;13;12;13;13;13;14;13;15;13;16
1;2;7;18;8;1;8;1;9;1;10;1;11;1;12;1;13;1;13;2;13;3;13;4;13;5;13;6;13;7;13;8;13;9;13;10;13;11;13;12;13;13;13;14;13;15;13;16;13;17
1;2;7;18;8;1;9;1;10;1;11;1;12;1;13;1;13;2;13;3;13;4;13;5;13;6;13;7;13;8;13;9;13;10;13;11;13;12;13;13;13;14;13;15;13;16;13;17;13;18
1;3;7;18;9;1;10;1;11;1;12;1;13;1;13;2;13;3;13;4;13;5;13;6;13;7;13;8;13;9;13;10;13;11;13;12;13;13;13;14;13;15;13;16;13;17;13;18;12;18
1;3;7;18;10;1;11;1;12;1;13;1;13;2;13;3;13;4;13;5;13;6;13;7;13;8;13;9;13;10;13;11;13;12;13;13;13;14;13;15;13;16;13;17;13;18;12;18;11;18
1;3;7;18;11;1;12;1;13;1;13;2;13;3;13;4;13;5;13;6;13;7;13;8;13;9;13;10;13;11;13;12;13;13;13;14;13;15;13;16;13;17;13;18;12;18;11;18;10;18
1;3;7;18;12;1;13;1;13;2;13;3;13;4;13;5;13;6;13;7;13;8;13;9;13;10;13;11;13;12;13;13;13;14;13;15;13;16;13;17;13;18;12;18;11;18;10;18;9;18
1;3;7;18;13;1;13;2;13;3;13;4;13;5;13;6;13;7;13;8;13;9;13;10;13;11;13;12;13;13;13;14;13;15;13;16;13;17;13;18;12;18;11;18;10;18;9;18;8;18
1;3;10;4;13;2;13;2;13;3;13;4;13;5;13;6;13;7;13;8;13;9;13;10;13;11;13;12;13;13;13;14;13;15;13;16;13;17;13;18;12;18;11;18;10;18;9;18;8;18;7;18
1;0;10;4;13;2;13;3;13;4;13;5;13;6;13;7;13;8;13;9;13;10;13;11;13;12;13;13;13;14;13;15;13;16;13;17;13;18;12;18;11;18;10;18;9;18;8;18;7;18;7;17
1;0;10;4;13;3;13;4;13;5;13;6;13;7;13;8;13;9;13;10;13;11;13;12;13;13;13;14;13;15;13;16;13;17;13;18;12;18;11;18;10;18;9;18;8;18;7;18;7;17;7;16
1;0;10;4;13;4;13;5;13;6;13;7;13;8;13;9;13;10;13;11;13;12;13;13;13;14;13;15;13;16;13;17;13;18;12;18;11;18;10;18;9;18;8;18;7;18;7;17;7;16;7;15
1;0;10;4;13;5;13;6;13;7;13;8;13;9;13;10;13;11;13;12;13;13;13;14;13;15;13;16;13;17;13;18;12;18;11;18;10;18;9;18;8;18;7;18;7;17;7;16;7;15;7;14
1;0;10;4;13;6;13;7;13;8;13;9;13;10;13;11;13;12;13;13;13;14;13;15;13;16;13;17;13;18;12;18;11;18;10;18;9;18;8;18;7;18;7;17;7;16;7;15;7;14;7;13
1;1;10;4;13;7;13;8;13;9;13;10;13;11;13;12;13;13;13;14;13;15;13;16;13;17;13;18;12;18;11;18;10;18;9;18;8;18;7;18;7;17;7;16;7;15;7;14;7;13;8;13
1;1;10;4;13;8;13;9;13;10;13;11;13;12;13;13;13;14;13;15;13;16;13;17;13;18;12;18;11;18;10;18;9;18;8;18;7;18;7;17;7;16;7;15;7;14;7;13;8;13;9;13
1;1;10;4;13;9;13;10;13;11;13;12;13;13;13;14;13;15;13;16;13;17;13;18;12;18;11;18;10;18;9;18;8;18;7;18;7;17;7;16;7;15;7;14;7;13;8;13;9;13;10;13
1;0;10;4;13;10;13;11;13;12;13;13;13;14;13;15;13;16;13;17;13;18;12;18;11;18;10;18;9;18;8;18;7;18;7;17;7;16;7;15;7;14;7;13;8;13;9;13;10;13;10;12
1;0;10;4;13;11;13;12;13;13;13;14;13;15;13;16;13;17;13;18;12;18;11;18;10;18;9;18;8;18;7;18;7;17;7;16;7;15;7;14;7;13;8;13;9;13;10;13;10;12;10;11
1;0;10;4;13;12;13;13;13;14;13;15;13;16;13;17;13;18;12;18;11;18;10;18;9;18;8;18;7;18;7;17;7;16;7;15;7;14;7;13;8;13;9;13;10;13;10;12;10;11;10;10
1;0;10;4;13;13;13;14;13;15;13;16;13;17;13;18;12;18;11;18;10;18;9;18;8;18;7;18;7;17;7;16;7;15;7;14;7;13;8;13;9;13;10;13;10;12;10;11;10;10;10;9
1;0;10;4;13;14;13;15;13;16;13;17;13;18;12;18;11;18;10;18;9;18;8;18;7;18;7;17;7;16;7;15;7;14;7;13;8;13;9;13;10;13;10;12;10;11;10;10;10;9;10;8
1;0;10;4;13;15;13;16;13;17;13;18;12;18;11;18;10;18;9;18;8;18;7;18;7;17;7;16;7;15;7;14;7;13;8;13;9;13;10;13;10;12;10;11;10;10;10;9;10;8;10;7
1;0;10;4;13;16;13;17;13;18;12;18;11;18;10;18;9;18;8;18;7;18;7;17;7;16;7;15;7;14;7;13;8;13;9;13;10;13;10;12;10;11;10;10;10;9;10;8;10;7;10;6
1;0;10;4;13;17;13;18;12;18;11;18;10;18;9;18;8;18;7;18;7;17;7;16;7;15;7;14;7;13;8;13;9;13;10;13;10;12;10;11;10;10;10;9;10;8;10;7;10;6;10;5
1;0;6;8;13;18;13;18;12;18;11;18;10;18;9;18;8;18;7;18;7;17;7;16;7;15;7;14;7;13;8;13;9;13;10;13;10;12;10;11;10;10;10;9;10;8;10;7;10;6;10;5;10;4
1;3;6;8;13;18;12;18;11;18;10;18;9;18;8;18;7;18;7;17;7;16;7;15;7;14;7;13;8;13;9;13;10;13;10;12;10;11;10;10;10;9;10;8;10;7;10;6;10;5;10;4;9;4
1;3;6;8;12;18;11;18;10;18;9;18;8;18;7;18;7;17;7;16;7;15;7;14;7;13;8;13;9;13;10;13;10;12;10;11;10;10;10;9;10;8;10;7;10;6;10;5;10;4;9;4;8;4
1;3;6;8;11;18;10;18;9;18;8;18;7;18;7;17;7;16;7;15;7;14;7;13;8;13;9;13;10;13;10;12;10;11;10;10;10;9;10;8;10;7;10;6;10;5;10;4;9;4;8;4;7;4
1;3;6;8;10;18;9;18;8;18;7;18;7;17;7;16;7;15;7;14;7;13;8;13;9;13;10;13;10;12;10;11;10;10;10;9;10;8;10;7;10;6;10;5;10;4;9;4;8;4;7;4;6;4
1;2;6;8;9;18;8;18;7;18;7;17;7;16;7;15;7;14;7;13;8;13;9;13;10;13;10;12;10;11;10;10;10;9;10;8;10;7;10;6;10;5;10;4;9;4;8;4;7;4;6;4;6;5
1;2;6;8;8;18;7;18;7;17;7;16;7;15;7;14;7;13;8;13;9;13;10;13;10;12;10;11;10;10;10;9;10;8;10;7;10;6;10;5;10;4;9;4;8;4;7;4;6;4;6;5;6;6
1;2;6;8;7;18;7;17;7;16;7;15;7;14;7;13;8;13;9;13;10;13;10;12;10;11;10;10;10;9;10;8;10;7;10;6;10;5;10;4;9;4;8;4;7;4;6;4;6;5;6;6;6;7
1;2;1;16;7;17;7;17;7;16;7;15;7;14;7;13;8;13;9;13;10;13;10;12;10;11;10;10;10;9;10;8;10;7;10;6;10;5;10;4;9;4;8;4;7;4;6;4;6;5;6;6;6;7;6;8
1;2;1;16;7;17;7;16;7;15;7;14;7;13;8;13;9;13;10;13;10;12;10;11;10;10;10;9;10;8;10;7;10;6;10;5;10;4;9;4;8;4;7;4;6;4;6;5;6;6;6;7;6;8;6;9
1;2;1;16;7;16;7;15;7;14;7;13;8;13;9;13;10;13;10;12;10;11;10;10;10;9;10;8;10;7;10;6;10;5;10;4;9;4;8;4;7;4;6;4;6;5;6;6;6;7;6;8;6;9;6;10
1;2;1;16;7;15;7;14;7;13;8;13;9;13;10;13;10;12;10;11;10;10;10;9;10;8;10;7;10;6;10;5;10;4;9;4;8;4;7;4;6;4;6;5;6;6;6;7;6;8;6;9;6;10;6;11
1;2;1;16;7;14;7;13;8;13;9;13;10;13;10;12;10;11;10;10;10;9;10;8;10;7;10;6;10;5;10;4;9;4;8;4;7;4;6;4;6;5;6;6;6;7;6;8;6;9;6;10;6;11;6;12
1;2;1;16;7;13;8;13;9;13;10;13;10;12;10;11;10;10;10;9;10;8;10;7;10;6;10;5;10;4;9;4;8;4;7;4;6;4;6;5;6;6;6;7;6;8;6;9;6;10;6;11;6;12;6;13
1;2;1;16;8;13;9;13;10;13;10;12;10;11;10;10;10;9;10;8;10;7;10;6;10;5;10;4;9;4;8;4;7;4;6;4;6;5;6;6;6;7;6;8;6;9;6;10;6;11;6;12;6;13;6;14
1;2;1;16;9;13;10;13;10;12;10;11;10;10;10;9;10;8;10;7;10;6;10;5;10;4;9;4;8;4;7;4;6;4;6;5;6;6;6;7;6;8;6;9;6;10;6;11;6;12;6;13;6;14;6;15
1;2;1;16;10;13;10;12;10;11;10;10;10;9;10;8;10;7;10;6;10;5;10;4;9;4;8;4;7;4;6;4;6;5;6;6;6;7;6;8;6;9;6;10;6;11;6;12;6;13;6;14;6;15;6;16
1;3;1;16;10;12;10;11;10;10;10;9;10;8;10;7;10;6;10;5;10;4;9;4;8;4;7;4;6;4;6;5;6;6;6;7;6;8;6;9;6;10;6;11;6;12;6;13;6;14;6;15;6;16;5;16
1;3;1;16;10;11;10;10;10;9;10;8;10;7;10;6;10;5;10;4;9;4;8;4;7;4;6;4;6;5;6;6;6;7;6;8;6;9;6;10;6;11;6;12;6;13;6;14;6;15;6;16;5;16;4;16
1;3;1;16;10;10;10;9;10;8;10;7;10;6;10;5;10;4;9;4;8;4;7;4;6;4;6;5;6;6;6;7;6;8;6;9;6;10;6;11;6;12;6;13;6;14;6;15;6;16;5;16;4;16;3;16
1;3;1;16;10;9;10;8;10;7;10;6;10;5;10;4;9;4;8;4;7;4;6;4;6;5;6;6;6;7;6;8;6;9;6;10;6;11;6;12;6;13;6;14;6;15;6;16;5;16;4;16;3;16;2;16
1;3;8;18;10;8;10;8;10;7;10;6;10;5;10;4;9;4;8;4;7;4;6;4;6;5;6;6;6;7;6;8;6;9;6;10;6;11;6;12;6;13;6;14;6;15;6;16;5;16;4;16;3;16;2;16;1;16
1;2;8;18;10;8;10;7;10;6;10;5;10;4;9;4;8;4;7;4;6;4;6;5;6;6;6;7;6;8;6;9;6;10;6;11;6;12;6;13;6;14;6;15;6;16;5;16;4;16;3;16;2;16;1;16;1;17
1;2;8;18;10;7;10;6;10;5;10;4;9;4;8;4;7;4;6;4;6;5;6;6;6;7;6;8;6;9;6;10;6;11;6;12;6;13;6;14;6;15;6;16;5;16;4;16;3;16;2;16;1;16;1;17;1;18
1;1;8;18;10;6;10;5;10;4;9;4;8;4;7;4;6;4;6;5;6;6;6;7;6;8;6;9;6;10;6;11;6;12;6;13;6;14;6;15;6;16;5;16;4;16;3;16;2;16;1;16;1;17;1;18;2;18
1;1;8;18;10;5;10;4;9;4;8;4;7;4;6;4;6;5;6;6;6;7;6;8;6;9;6;10;6;11;6;12;6;13;6;14;6;15;6;16;5;16;4;16;3;16;2;16;1;16;1;17;1;18;2;18;3;18
1;1;8;18;10;4;9;4;8;4;7;4;6;4;6;5;6;6;6;7;6;8;6;9;6;10;6;11;6;12;6;13;6;14;6;15;6;16;5;16;4;16;3;16;2;16;1;16;1;17;1;18;2;18;3;18;4;18
1;1;8;18;9;4;8;4;7;4;6;4;6;5;6;6;6;7;6;8;6;9;6;10;6;11;6;12;6;13;6;14;6;15;6;16;5;16;4;16;3;16;2;16;1;16;1;17;1;18;2;18;3;18;4;18;5;18
1;1;8;18;8;4;7;4;6;4;6;5;6;6;6;7;6;8;6;9;6;10;6;11;6;12;6;13;6;14;6;15;6;16;5;16;4;16;3;16;2;16;1;16;1;17;1;18;2;18;3;18;4;18;5;18;6;18
1;1;8;18;7;4;6;4;6;5;6;6;6;7;6;8;6;9;6;10;6;11;6;12;6;13;6;14;6;15;6;16;5;16;4;16;3;16;2;16;1;16;1;17;1;18;2;18;3;18;4;18;5;18;6;18;7;18
1;1;7;10;6;4;6;4;6;5;6;6;6;7;6;8;6;9;6;10;6;11;6;12;6;13;6;14;6;15;6;16;5;16;4;16;3;16;2;16;1;16;1;17;1;18;2;18;3;18;4;18;5;18;6;18;7;18;8;18
1;0;7;10;6;4;6;5;6;6;6;7;6;8;6;9;6;10;6;11;6;12;6;13;6;14;6;15;6;16;5;16;4;16;3;16;2;16;1;16;1;17;1;18;2;18;3;18;4;18;5;18;6;18;7;18;8;18;8;17
1;3;7;10;6;5;6;6;6;7;6;8;6;9;6;10;6;11;6;12;6;13;6;14;6;15;6;16;5;16;4;16;3;16;2;16;1;16;1;17;1;18;2;18;3;18;4;18;5;18;6;18;7;18;8;18;8;17;7;17
1;0;7;10;6;6;6;7;6;8;6;9;6;10;6;11;6;12;6;13;6;14;6;15;6;16;5;16;4;16;3;16;2;16;1;16;1;17;1;18;2;18;3;18;4;18;5;18;6;18;7;18;8;18;8;17;7;17;7;16
1;0;7;10;6;7;6;8;6;9;6;10;6;11;6;12;6;13;6;14;6;15;6;16;5;16;4;16;3;16;2;16;1;16;1;17;1;18;2;18;3;18;4;18;5;18;6;18;7;18;8;18;8;17;7;17;7;16;7;15
1;0;7;10;6;8;6;9;6;10;6;11;6;12;6;13;6;14;6;15;6;16;5;16;4;16;3;16;2;16;1;16;1;17;1;18;2;18;3;18;4;18;5;18;6;18;7;18;8;18;8;17;7;17;7;16;7;15;7;14
1;0;7;10;6;9;6;10;6;11;6;12;6;13;6;14;6;15;6;16;5;16;4;16;3;16;2;16;1;16;1;17;1;18;2;18;3;18;4;18;5;18;6;18;7;18;8;18;8;17;7;17;7;16;7;15;7;14;7;13
1;0;7;10;6;10;6;11;6;12;6;13;6;14;6;15;6;16;5;16;4;16;3;16;2;16;1;16;1;17;1;18;2;18;3;18;4;18;5;18;6;18;7;18;8;18;8;17;7;17;7;16;7;15;7;14;7;13;7;12
1;0;7;10;6;11;6;12;6;13;6;14;6;15;6;16;5;16;4;16;3;16;2;16;1;16;1;17;1;18;2;18;3;18;4;18;5;18;6;18;7;18;8;18;8;17;7;17;7;16;7;15;7;14;7;13;7;12;7;11
1;0;15;14;6;12;6;12;6;13;6;14;6;15;6;16;5;16;4;16;3;16;2;16;1;16;1;17;1;18;2;18;3;18;4;18;5;18;6;18;7;18;8;18;8;17;7;17;7;16;7;15;7;14;7;13;7;12;7;11;7;10
1;1;15;14;6;12;6;13;6;14;6;15;6;16;5;16;4;16;3;16;2;16;1;16;1;17;1;18;2;18;3;18;4;18;5;18;6;18;7;18;8;18;8;17;7;17;7;16;7;15;7;14;7;13;7;12;7;11;7;10;8;10
1;1;15;14;6;13;6;14;6;15;6;16;5;16;4;16;3;16;2;16;1;16;1;17;1;18;2;18;3;18;4;18;5;18;6;18;7;18;8;18;8;17;7;17;7;16;7;15;7;14;7;13;7;12;7;11;7;10;8;10;9;10
1;2;15;14;6;14;6;15;6;16;5;16;4;16;3;16;2;16;1;16;1;17;1;18;2;18;3;18;4;18;5;18;6;18;7;18;8;18;8;17;7;17;7;16;7;15;7;14;7;13;7;12;7;11;7;10;8;10;9;10;9;11
1;2;15;14;6;15;6;16;5;16;4;16;3;16;2;16;1;16;1;17;1;18;2;18;3;18;4;18;5;18;6;18;7;18;8;18;8;17;7;17;7;16;7;15;7;14;7;13;7;12;7;11;7;10;8;10;9;10;9;11;9;12
1;2;15;14;6;16;5;16;4;16;3;16;2;16;1;16;1;17;1;18;2;18;3;18;4;18;5;18;6;18;7;18;8;18;8;17;7;17;7;16;7;15;7;14;7;13;7;12;7;11;7;10;8;10;9;10;9;11;9;12;9;13
1;2;15;14;5;16;4;16;3;16;2;16;1;16;1;17;1;18;2;18;3;18;4;18;5;18;6;18;7;18;8;18;8;17;7;17;7;16;7;15;7;14;7;13;7;12;7;11;7;10;8;10;9;10;9;11;9;12;9;13;9;14
1;1;15;14;4;16;3;16;2;16;1;16;1;17;1;18;2;18;3;18;4;18;5;18;6;18;7;18;8;18;8;17;7;17;7;16;7;15;7;14;7;13;7;12;7;11;7;10;8;10;9;10;9;11;9;12;9;13;9;14;10;14
1;1;15;14;3;16;2;16;1;16;1;17;1;18;2;18;3;18;4;18;5;18;6;18;7;18;8;18;8;17;7;17;7;16;7;15;7;14;7;13;7;12;7;11;7;10;8;10;9;10;9;11;9;12;9;13;9;14;10;14;11;14
1;1;15;14;2;16;1;16;1;17;1;18;2;18;3;18;4;18;5;18;6;18;7;18;8;18;8;17;7;17;7;16;7;15;7;14;7;13;7;12;7;11;7;10;8;10;9;10;9;11;9;12;9;13;9;14;10;14;11;14;12;14
1;1;15;14;1;16;1;17;1;18;2;18;3;18;4;18;5;18;6;18;7;18;8;18;8;17;7;17;7;16;7;15;7;14;7;13;7;12;7;11;7;10;8;10;9;10;9;11;9;12;9;13;9;14;10;14;11;14;12;14;13;14
1;1;15;14;1;17;1;18;2;18;3;18;4;18;5;18;6;18;7;18;8;18;8;17;7;17;7;16;7;15;7;14;7;13;7;12;7;11;7;10;8;10;9;10;9;11;9;12;9;13;9;14;10;14;11;14;12;14;13;14;14;14
1;1;13;1;1;18;1;18;2;18;3;18;4;18;5;18;6;18;7;18;8;18;8;17;7;17;7;16;7;15;7;14;7;13;7;12;7;11;7;10;8;10;9;10;9;11;9;12;9;13;9;14;10;14;11;14;12;14;13;14;14;14;15;14
1;0;13;1;1;18;2;18;3;18;4;18;5;18;6;18;7;18;8;18;8;17;7;17;7;16;7;15;7;14;7;13;7;12;7;11;7;10;8;10;9;10;9;11;9;12;9;13;9;14;10;14;11;14;12;14;13;14;14;14;15;14;15;13
1;0;13;1;2;18;3;18;4;18;5;18;6;18;7;18;8;18;8;17;7;17;7;16;7;15;7;14;7;13;7;12;7;11;7;10;8;10;9;10;9;11;9;12;9;13;9;14;10;14;11;14;12;14;13;14;14;14;15;14;15;13;15;12
1;0;13;1;3;18;4;18;5;18;6;18;7;18;8;18;8;17;7;17;7;16;7;15;7;14;7;13;7;12;7;11;7;10;8;10;9;10;9;11;9;12;9;13;9;14;10;14;11;14;12;14;13;14;14;14;15;14;15;13;15;12;15;11
1;0;13;1;4;18;5;18;6;18;7;18;8;18;8;17;7;17;7;16;7;15;7;14;7;13;7;12;7;11;7;10;8;10;9;10;9;11;9;12;9;13;9;14;10;14;11;14;12;14;13;14;14;14;15;14;15;13;15;12;15;11;15;10
1;0;13;1;5;18;6;18;7;18;8;18;8;17;7;17;7;16;7;15;7;14;7;13;7;12;7;11;7;10;8;10;9;10;9;11;9;12;9;13;9;14;10;14;11;14;12;14;13;14;14;14;15;14;15;13;15;12;15;11;15;10;15;9
1;3;13;1;6;18;7;18;8;18;8;17;7;17;7;16;7;15;7;14;7;13;7;12;7;11;7;10;8;10;9;10;9;11;9;12;9;13;9;14;10;14;11;14;12;14;13;14;14;14;15;14;15;13;15;12;15;11;15;10;15;9;14;9
1;3;13;1;7;18;8;18;8;17;7;17;7;16;7;15;7;14;7;13;7;12;7;11;7;10;8;10;9;10;9;11;9;12;9;13;9;14;10;14;11;14;12;14;13;14;14;14;15;14;15;13;15;12;15;11;15;10;15;9;14;9;13;9
1;0;13;1;8;18;8;17;7;17;7;16;7;15;7;14;7;13;7;12;7;11;7;10;8;10;9;10;9;11;9;12;9;13;9;14;10;14;11;14;12;14;13;14;14;14;15;14;15;13;15;12;15;11;15;10;15;9;14;9;13;9;13;8
1;0;13;1;8;17;7;17;7;16;7;15;7;14;7;13;7;12;7;11;7;10;8;10;9;10;9;11;9;12;9;13;9;14;10;14;11;14;12;14;13;14;14;14;15;14;15;13;15;12;15;11;15;10;15;9;14;9;13;9;13;8;13;7
1;0;13;1;7;17;7;16;7;15;7;14;7;13;7;12;7;11;7;10;8;10;9;10;9;11;9;12;9;13;9;14;10;14;11;14;12;14;13;14;14;14;15;14;15;13;15;12;15;11;15;10;15;9;14;9;13;9;13;8;13;7;13;6
1;0;13;1;7;16;7;15;7;14;7;13;7;12;7;11;7;10;8;10;9;10;9;11;9;12;9;13;9;14;10;14;11;14;12;14;13;14;14;14;15;14;15;13;15;12;15;11;15;10;15;9;14;9;13;9;13;8;13;7;13;6;13;5
1;0;13;1;7;15;7;14;7;13;7;12;7;11;7;10;8;10;9;10;9;11;9;12;9;13;9;14;10;14;11;14;12;14;13;14;14;14;15;14;15;13;15;12;15;11;15;10;15;9;14;9;13;9;13;8;13;7;13;6;13;5;13;4
1;0;13;1;7;14;7;13;7;12;7;11;7;10;8;10;9;10;9;11;9;12;9;13;9;14;10;14;11;14;12;14;13;14;14;14;15;14;15;13;15;12;15;11;15;10;15;9;14;9;13;9;13;8;13;7;13;6;13;5;13;4;13;3
1;0;13;1;7;13;7;12;7;11;7;10;8;10;9;10;9;11;9;12;9;13;9;14;10;14;11;14;12;14;13;14;14;14;15;14;15;13;15;12;15;11;15;10;15;9;14;9;13;9;13;8;13;7;13;6;13;5;13;4;13;3;13;2
1;0;2;5;7;12;7;12;7;11;7;10;8;10;9;10;9;11;9;12;9;13;9;14;10;14;11;14;12;14;13;14;14;14;15;14;15;13;15;12;15;11;15;10;15;9;14;9;13;9;13;8;13;7;13;6;13;5;13;4;13;3;13;2;13;1
1;3;2;5;7;12;7;11;7;10;8;10;9;10;9;11;9;12;9;13;9;14;10;14;11;14;12;14;13;14;14;14;15;14;15;13;15;12;15;11;15;10;15;9;14;9;13;9;13;8;13;7;13;6;13;5;13;4;13;3;13;2;13;1;12;1
1;2;2;5;7;11;7;10;8;10;9;10;9;11;9;12;9;13;9;14;10;14;11;14;12;14;13;14;14;14;15;14;15;13;15;12;15;11;15;10;15;9;14;9;13;9;13;8;13;7;13;6;13;5;13;4;13;3;13;2;13;1;12;1;12;2
1;2;2;5;7;10;8;10;9;10;9;11;9;12;9;13;9;14;10;14;11;14;12;14;13;14;14;14;15;14;15;13;15;12;15;11;15;10;15;9;14;9;13;9;13;8;13;7;13;6;13;5;13;4;13;3;13;2;13;1;12;1;12;2;12;3
1;2;2;5;8;10;9;10;9;11;9;12;9;13;9;14;10;14;11;14;12;14;13;14;14;14;15;14;15;13;15;12;15;11;15;10;15;9;14;9;13;9;13;8;13;7;13;6;13;5;13;4;13;3;13;2;13;1;12;1;12;2;12;3;12;4
1;2;2;5;9;10;9;11;9;12;9;13;9;14;10;14;11;14;12;14;13;14;14;14;15;14;15;13;15;12;15;11;15;10;15;9;14;9;13;9;13;8;13;7;13;6;13;5;13;4;13;3;13;2;13;1;12;1;12;2;12;3;12;4;12;5
1;3;2;5;9;11;9;12;9;13;9;14;10;14;11;14;12;14;13;14;14;14;15;14;15;13;15;12;15;11;15;10;15;9;14;9;13;9;13;8;13;7;13;6;13;5;13;4;13;3;13;2;13;1;12;1;12;2;12;3;12;4;12;5;11;5
1;3;2;5;9;12;9;13;9;14;10;14;11;14;12;14;13;14;14;14;15;14;15;13;15;12;15;11;15;10;15;9;14;9;13;9;13;8;13;7;13;6;13;5;13;4;13;3;13;2;13;1;12;1;12;2;12;3;12;4;12;5;11;5;10;5
1;3;2;5;9;13;9;14;10;14;11;14;12;14;13;14;14;14;15;14;15;13;15;12;15;11;15;10;15;9;14;9;13;9;13;8;13;7;13;6;13;5;13;4;13;3;13;2;13;1;12;1;12;2;12;3;12;4;12;5;11;5;10;5;9;5
1;3;2;5;9;14;10;14;11;14;12;14;13;14;14;14;15;14;15;13;15;12;15;11;15;10;15;9;14;9;13;9;13;8;13;7;13;6;13;5;13;4;13;3;13;2;13;1;12;1;12;2;12;3;12;4;12;5;11;5;10;5;9;5;8;5
1;3;2;5;10;14;11;14;12;14;13;14;14;14;15;14;15;13;15;12;15;11;15;10;15;9;14;9;13;9;13;8;13;7;13;6;13;5;13;4;13;3;13;2;13;1;12;1;12;2;12;3;12;4;12;5;11;5;10;5;9;5;8;5;7;5
1;3;2;5;11;14;12;14;13;14;14;14;15;14;15;13;15;12;15;11;15;10;15;9;14;9;13;9;13;8;13;7;13;6;13;5;13;4;13;3;13;2;13;1;12;1;12;2;12;3;12;4;12;5;11;5;10;5;9;5;8;5;7;5;6;5
1;3;2;5;12;14;13;14;14;14;15;14;15;13;15;12;15;11;15;10;15;9;14;9;13;9;13;8;13;7;13;6;13;5;13;4;13;3;13;2;13;1;12;1;12;2;12;3;12;4;12;5;11;5;10;5;9;5;8;5;7;5;6;5;5;5
1;3;2;5;13;14;14;14;15;14;15;13;15;12;15;11;15;10;15;9;14;9;13;9;13;8;13;7;13;6;13;5;13;4;13;3;13;2;13;1;12;1;12;2;12;3;12;4;12;5;11;5;10;5;9;5;8;5;7;5;6;5;5;5;4;5
1;3;2;5;14;14;15;14;15;13;15;12;15;11;15;10;15;9;14;9;13;9;13;8;13;7;13;6;13;5;13;4;13;3;13;2;13;1;12;1;12;2;12;3;12;4;12;5;11;5;10;5;9;5;8;5;7;5;6;5;5;5;4;5;3;5
1;3;6;0;15;14;15;14;15;13;15;12;15;11;15;10;15;9;14;9;13;9;13;8;13;7;13;6;13;5;13;4;13;3;13;2;13;1;12;1;12;2;12;3;12;4;12;5;11;5;10;5;9;5;8;5;7;5;6;5;5;5;4;5;3;5;2;5
1;0;6;0;15;14;15;13;15;12;15;11;15;10;15;9;14;9;13;9;13;8;13;7;13;6;13;5;13;4;13;3;13;2;13;1;12;1;12;2;12;3;12;4;12;5;11;5;10;5;9;5;8;5;7;5;6;5;5;5;4;5;3;5;2;5;2;4
1;0;6;0;15;13;15;12;15;11;15;10;15;9;14;9;13;9;13;8;13;7;13;6;13;5;13;4;13;3;13;2;13;1;12;1;12;2;12;3;12;4;12;5;11;5;10;5;9;5;8;5;7;5;6;5;5;5;4;5;3;5;2;5;2;4;2;3
1;0;6;0;15;12;15;11;15;10;15;9;14;9;13;9;13;8;13;7;13;6;13;5;13;4;13;3;13;2;13;1;12;1;12;2;12;3;12;4;12;5;11;5;10;5;9;5;8;5;7;5;6;5;5;5;4;5;3;5;2;5;2;4;2;3;2;2
1;0;6;0;15;11;15;10;15;9;14;9;13;9;13;8;13;7;13;6;13;5;13;4;13;3;13;2;13;1;12;1;12;2;12;3;12;4;12;5;11;5;10;5;9;5;8;5;7;5;6;5;5;5;4;5;3;5;2;5;2;4;2;3;2;2;2;1
1;0;6;0;15;10;15;9;14;9;13;9;13;8;13;7;13;6;13;5;13;4;13;3;13;2;13;1;12;1;12;2;12;3;12;4;12;5;11;5;10;5;9;5;8;5;7;5;6;5;5;5;4;5;3;5;2;5;2;4;2;3;2;2;2;1;2;0
1;1;6;0;15;9;14;9;13;9;13;8;13;7;13;6;13;5;13;4;13;3;13;2;13;1;12;1;12;2;12;3;12;4;12;5;11;5;10;5;9;5;8;5;7;5;6;5;5;5;4;5;3;5;2;5;2;4;2;3;2;2;2;1;2;0;3;0
1;1;6;0;14;9;13;9;13;8;13;7;13;6;13;5;13;4;13;3;13;2;13;1;12;1;12;2;12;3;12;4;12;5;11;5;10;5;9;5;8;5;7;5;6;5;5;5;4;5;3;5;2;5;2;4;2;3;2;2;2;1;2;0;3;0;4;0
1;1;6;0;13;9;13;8;13;7;13;6;13;5;13;4;13;3;13;2;13;1;12;1;12;2;12;3;12;4;12;5;11;5;10;5;9;5;8;5;7;5;6;5;5;5;4;5;3;5;2;5;2;4;2;3;2;2;2;1;2;0;3;0;4;0;5;0
1;1;2;11;13;8;13;8;13;7;13;6;13;5;13;4;13;3;13;2;13;1;12;1;12;2;12;3;12;4;12;5;11;5;10;5;9;5;8;5;7;5;6;5;5;5;4;5;3;5;2;5;2;4;2;3;2;2;2;1;2;0;3;0;4;0;5;0;6;0
1;1;2;11;13;8;13;7;13;6;13;5;13;4;13;3;13;2;13;1;12;1;12;2;12;3;12;4;12;5;11;5;10;5;9;5;8;5;7;5;6;5;5;5;4;5;3;5;2;5;2;4;2;3;2;2;2;1;2;0;3;0;4;0;5;0;6;0;7;0
1;1;2;11;13;7;13;6;13;5;13;4;13;3;13;2;13;1;12;1;12;2;12;3;12;4;12;5;11;5;10;5;9;5;8;5;7;5;6;5;5;5;4;5;3;5;2;5;2;4;2;3;2;2;2;1;2;0;3;0;4;0;5;0;6;0;7;0;8;0
1;1;2;11;13;6;13;5;13;4;13;3;13;2;13;1;12;1;12;2;12;3;12;4;12;5;11;5;10;5;9;5;8;5;7;5;6;5;5;5;4;5;3;5;2;5;2;4;2;3;2;2;2;1;2;0;3;0;4;0;5;0;6;0;7;0;8;0;9;0
1;1;2;11;13;5;13;4;13;3;13;2;13;1;12;1;12;2;12;3;12;4;12;5;11;5;10;5;9;5;8;5;7;5;6;5;5;5;4;5;3;5;2;5;2;4;2;3;2;2;2;1;2;0;3;0;4;0;5;0;6;0;7;0;8;0;9;0;10;0
1;1;2;11;13;4;13;3;13;2;13;1;12;1;12;2;12;3;12;4;12;5;11;5;10;5;9;5;8;5;7;5;6;5;5;5;4;5;3;5;2;5;2;4;2;3;2;2;2;1;2;0;3;0;4;0;5;0;6;0;7;0;8;0;9;0;10;0;11;0
1;1;2;11;13;3;13;2;13;1;12;1;12;2;12;3;12;4;12;5;11;5;10;5;9;5;8;5;7;5;6;5;5;5;4;5;3;5;2;5;2;4;2;3;2;2;2;1;2;0;3;0;4;0;5;0;6;0;7;0;8;0;9;0;10;0;11;0;12;0
1;1;2;11;13;2;13;1;12;1;12;2;12;3;12;4;12;5;11;5;10;5;9;5;8;5;7;5;6;5;5;5;4;5;3;5;2;5;2;4;2;3;2;2;2;1;2;0;3;0;4;0;5;0;6;0;7;0;8;0;9;0;10;0;11;0;12;0;13;0
1;1;2;11;13;1;12;1;12;2;12;3;12;4;12;5;11;5;10;5;9;5;8;5;7;5;6;5;5;5;4;5;3;5;2;5;2;4;2;3;2;2;2;1;2;0;3;0;4;0;5;0;6;0;7;0;8;0;9;0;10;0;11;0;12;0;13;0;14;0
1;2;2;11;12;1;12;2;12;3;12;4;12;5;11;5;10;5;9;5;8;5;7;5;6;5;5;5;4;5;3;5;2;5;2;4;2;3;2;2;2;1;2;0;3;0;4;0;5;0;6;0;7;0;8;0;9;0;10;0;11;0;12;0;13;0;14;0;14;1
1;2;2;11;12;2;12;3;12;4;12;5;11;5;10;5;9;5;8;5;7;5;6;5;5;5;4;5;3;5;2;5;2;4;2;3;2;2;2;1;2;0;3;0;4;0;5;0;6;0;7;0;8;0;9;0;10;0;11;0;12;0;13;0;14;0;14;1;14;2
1;3;2;11;12;3;12;4;12;5;11;5;10;5;9;5;8;5;7;5;6;5;5;5;4;5;3;5;2;5;2;4;2;3;2;2;2;1;2;0;3;0;4;0;5;0;6;0;7;0;8;0;9;0;10;0;11;0;12;0;13;0;14;0;14;1;14;2;13;2
1;3;2;11;12;4;12;5;11;5;10;5;9;5;8;5;7;5;6;5;5;5;4;5;3;5;2;5;2;4;2;3;2;2;2;1;2;0;3;0;4;0;5;0;6;0;7;0;8;0;9;0;10;0;11;0;12;0;13;0;14;0;14;1;14;2;13;2;12;2
1;3;2;11;12;5;11;5;10;5;9;5;8;5;7;5;6;5;5;5;4;5;3;5;2;5;2;4;2;3;2;2;2;1;2;0;3;0;4;0;5;0;6;0;7;0;8;0;9;0;10;0;11;0;12;0;13;0;14;0;14;1;14;2;13;2;12;2;11;2
1;3;2;11;11;5;10;5;9;5;8;5;7;5;6;5;5;5;4;5;3;5;2;5;2;4;2;3;2;2;2;1;2;0;3;0;4;0;5;0;6;0;7;0;8;0;9;0;10;0;11;0;12;0;13;0;14;0;14;1;14;2;13;2;12;2;11;2;10;2
1;3;2;11;10;5;9;5;8;5;7;5;6;5;5;5;4;5;3;5;2;5;2;4;2;3;2;2;2;1;2;0;3;0;4;0;5;0;6;0;7;0;8;0;9;0;10;0;11;0;12;0;13;0;14;0;14;1;14;2;13;2;12;2;11;2;10;2;9;2
1;3;2;11;9;5;8;5;7;5;6;5;5;5;4;5;3;5;2;5;2;4;2;3;2;2;2;1;2;0;3;0;4;0;5;0;6;0;7;0;8;0;9;0;10;0;11;0;12;0;13;0;14;0;14;1;14;2;13;2;12;2;11;2;10;2;9;2;8;2
1;3;2;11;8;5;7;5;6;5;5;5;4;5;3;5;2;5;2;4;2;3;2;2;2;1;2;0;3;0;4;0;5;0;6;0;7;0;8;0;9;0;10;0;11;0;12;0;13;0;14;0;14;1;14;2;13;2;12;2;11;2;10;2;9;2;8;2;7;2
1;3;2;11;7;5;6;5;5;5;4;5;3;5;2;5;2;4;2;3;2;2;2;1;2;0;3;0;4;0;5;0;6;0;7;0;8;0;9;0;10;0;11;0;12;0;13;0;14;0;14;1;14;2;13;2;12;2;11;2;10;2;9;2;8;2;7;2;6;2
1;3;2;11;6;5;5;5;4;5;3;5;2;5;2;4;2;3;2;2;2;1;2;0;3;0;4;0;5;0;6;0;7;0;8;0;9;0;10;0;11;0;12;0;13;0;14;0;14;1;14;2;13;2;12;2;11;2;10;2;9;2;8;2;7;2;6;2;5;2
1;3;2;11;5;5;4;5;3;5;2;5;2;4;2;3;2;2;2;1;2;0;3;0;4;0;5;0;6;0;7;0;8;0;9;0;10;0;11;0;12;0;13;0;14;0;14;1;14;2;13;2;12;2;11;2;10;2;9;2;8;2;7;2;6;2;5;2;4;2
1;0;2;11;4;5;3;5;2;5;2;4;2;3;2;2;2;1;2;0;3;0;4;0;5;0;6;0;7;0;8;0;9;0;10;0;11;0;12;0;13;0;14;0;14;1;14;2;13;2;12;2;11;2;10;2;9;2;8;2;7;2;6;2;5;2;4;2;4;1
1;1;2;11;3;5;2;5;2;4;2;3;2;2;2;1;2;0;3;0;4;0;5;0;6;0;7;0;8;0;9;0;10;0;11;0;12;0;13;0;14;0;14;1;14;2;13;2;12;2;11;2;10;2;9;2;8;2;7;2;6;2;5;2;4;2;4;1;5;1
1;1;2;11;2;5;2;4;2;3;2;2;2;1;2;0;3;0;4;0;5;0;6;0;7;0;8;0;9;0;10;0;11;0;12;0;13;0;14;0;14;1;14;2;13;2;12;2;11;2;10;2;9;2;8;2;7;2;6;2;5;2;4;2;4;1;5;1;6;1
1;1;2;11;2;4;2;3;2;2;2;1;2;0;3;0;4;0;5;0;6;0;7;0;8;0;9;0;10;0;11;0;12;0;13;0;14;0;14;1;14;2;13;2;12;2;11;2;10;2;9;2;8;2;7;2;6;2;5;2;4;2;4;1;5;1;6;1;7;1
1;1;2;11;2;3;2;2;2;1;2;0;3;0;4;0;5;0;6;0;7;0;8;0;9;0;10;0;11;0;12;0;13;0;14;0;14;1;14;2;13;2;12;2;11;2;10;2;9;2;8;2;7;2;6;2;5;2;4;2;4;1;5;1;6;1;7;1;8;1
