20
1;1;19;10;8;10;9;10;10;10
1;1;19;10;9;10;10;10;11;10
1;1;19;10;10;10;11;10;12;10
1;1;19;10;11;10;12;10;13;10
1;1;19;10;12;10;13;10;14;10
1;1;19;10;13;10;14;10;15;10
1;1;19;10;14;10;15;10;16;10
1;1;19;10;15;10;16;10;17;10
1;1;19;10;16;10;17;10;18;10
1;1;9;8;17;10;17;10;18;10;19;10
1;0;9;8;17;10;18;10;19;10;19;9
1;0;9;8;18;10;19;10;19;9;19;8
1;3;9;8;19;10;19;9;19;8;18;8
1;0;9;8;19;9;19;8;18;8;18;7
1;3;9;8;19;8;18;8;18;7;17;7
1;3;9;8;18;8;18;7;17;7;16;7
1;3;9;8;18;7;17;7;16;7;15;7
1;3;9;8;17;7;16;7;15;7;14;7
1;3;9;8;16;7;15;7;14;7;13;7
1;3;9;8;15;7;14;7;13;7;12;7
1;3;9;8;14;7;13;7;12;7;11;7
1;3;9;8;13;7;12;7;11;7;10;7
1;3;9;8;12;7;11;7;10;7;9;7
1;2;5;8;11;7;11;7;10;7;9;7;9;8
1;3;5;8;11;7;10;7;9;7;9;8;8;8
1;0;5;8;10;7;9;7;9;8;8;8;8;7
1;3;5;8;9;7;9;8;8;8;8;7;7;7
1;3;5;8;9;8;8;8;8;7;7;7;6;7
1;0;5;8;8;8;8;7;7;7;6;7;6;6
1;3;5;8;8;7;7;7;6;7;6;6;5;6
1;2;5;8;7;7;6;7;6;6;5;6;5;7
1;3;5;8;6;7;6;6;5;6;5;7;4;7
1;2;5;8;6;6;5;6;5;7;4;7;4;8
1;1;6;7;5;6;5;6;5;7;4;7;4;8;5;8
1;1;6;7;5;6;5;7;4;7;4;8;5;8;6;8
1;0;13;14;5;7;5;7;4;7;4;8;5;8;6;8;6;7
1;1;13;14;5;7;4;7;4;8;5;8;6;8;6;7;7;7
1;1;13;14;4;7;4;8;5;8;6;8;6;7;7;7;8;7
1;1;13;14;4;8;5;8;6;8;6;7;7;7;8;7;9;7
1;2;13;14;5;8;6;8;6;7;7;7;8;7;9;7;9;8
1;2;13;14;6;8;6;7;7;7;8;7;9;7;9;8;9;9
1;2;13;14;6;7;7;7;8;7;9;7;9;8;9;9;9;10
1;2;13;14;7;7;8;7;9;7;9;8;9;9;9;10;9;11
1;2;13;14;8;7;9;7;9;8;9;9;9;10;9;11;9;12
1;2;13;14;9;7;9;8;9;9;9;10;9;11;9;12;9;13
1;1;13;14;9;8;9;9;9;10;9;11;9;12;9;13;10;13
1;1;13;14;9;9;9;10;9;11;9;12;9;13;10;13;11;13
1;1;13;14;9;10;9;11;9;12;9;13;10;13;11;13;12;13
1;1;13;14;9;11;9;12;9;13;10;13;11;13;12;13;13;13
1;2;6;9;9;12;9;12;9;13;10;13;11;13;12;13;13;13;13;14
1;3;6;9;9;12;9;13;10;13;11;13;12;13;13;13;13;14;12;14
1;3;6;9;9;13;10;13;11;13;12;13;13;13;13;14;12;14;11;14
1;3;6;9;10;13;11;13;12;13;13;13;13;14;12;14;11;14;10;14
1;0;6;9;11;13;12;13;13;13;13;14;12;14;11;14;10;14;10;13
1;0;6;9;12;13;13;13;13;14;12;14;11;14;10;14;10;13;10;12
1;0;6;9;13;13;13;14;12;14;11;14;10;14;10;13;10;12;10;11
1;0;6;9;13;14;12;14;11;14;10;14;10;13;10;12;10;11;10;10
1;0;6;9;12;14;11;14;10;14;10;13;10;12;10;11;10;10;10;9
1;3;6;9;11;14;10;14;10;13;10;12;10;11;10;10;10;9;9;9
1;0;6;9;10;14;10;13;10;12;10;11;10;10;10;9;9;9;9;8
1;3;6;9;10;13;10;12;10;11;10;10;10;9;9;9;9;8;8;8
1;3;6;9;10;12;10;11;10;10;10;9;9;9;9;8;8;8;7;8
1;3;6;9;10;11;10;10;10;9;9;9;9;8;8;8;7;8;6;8
1;2;3;12;10;10;10;10;10;9;9;9;9;8;8;8;7;8;6;8;6;9
1;2;3;12;10;10;10;9;9;9;9;8;8;8;7;8;6;8;6;9;6;10
1;3;3;12;10;9;9;9;9;8;8;8;7;8;6;8;6;9;6;10;5;10
1;3;3;12;9;9;9;8;8;8;7;8;6;8;6;9;6;10;5;10;4;10
1;3;3;12;9;8;8;8;7;8;6;8;6;9;6;10;5;10;4;10;3;10
1;2;3;12;8;8;7;8;6;8;6;9;6;10;5;10;4;10;3;10;3;11
1;3;3;12;7;8;6;8;6;9;6;10;5;10;4;10;3;10;3;11;2;11
1;2;3;12;6;8;6;9;6;10;5;10;4;10;3;10;3;11;2;11;2;12
1;1;16;14;6;9;6;9;6;10;5;10;4;10;3;10;3;11;2;11;2;12;3;12
1;2;16;14;6;9;6;10;5;10;4;10;3;10;3;11;2;11;2;12;3;12;3;13
1;2;16;14;6;10;5;10;4;10;3;10;3;11;2;11;2;12;3;12;3;13;3;14
1;1;16;14;5;10;4;10;3;10;3;11;2;11;2;12;3;12;3;13;3;14;4;14
1;1;16;14;4;10;3;10;3;11;2;11;2;12;3;12;3;13;3;14;4;14;5;14
1;1;16;14;3;10;3;11;2;11;2;12;3;12;3;13;3;14;4;14;5;14;6;14
1;1;16;14;3;11;2;11;2;12;3;12;3;13;3;14;4;14;5;14;6;14;7;14
1;1;16;14;2;11;2;12;3;12;3;13;3;14;4;14;5;14;6;14;7;14;8;14
1;1;16;14;2;12;3;12;3;13;3;14;4;14;5;14;6;14;7;14;8;14;9;14
1;1;16;14;3;12;3;13;3;14;4;14;5;14;6;14;7;14;8;14;9;14;10;14
1;1;16;14;3;13;3;14;4;14;5;14;6;14;7;14;8;14;9;14;10;14;11;14
1;1;16;14;3;14;4;14;5;14;6;14;7;14;8;14;9;14;10;14;11;14;12;14
1;1;16;14;4;14;5;14;6;14;7;14;8;14;9;14;10;14;11;14;12;14;13;14
1;1;16;14;5;14;6;14;7;14;8;14;9;14;10;14;11;14;12;14;13;14;14;14
1;1;16;14;6;14;7;14;8;14;9;14;10;14;11;14;12;14;13;14;14;14;15;14
1;2;16;14;7;14;8;14;9;14;10;14;11;14;12;14;13;14;14;14;15;14;15;15
1;1;16;14;8;14;9;14;10;14;11;14;12;14;13;14;14;14;15;14;15;15;16;15
1;0;13;8;9;14;9;14;10;14;11;14;12;14;13;14;14;14;15;14;15;15;16;15;16;14
1;0;13;8;9;14;10;14;11;14;12;14;13;14;14;14;15;14;15;15;16;15;16;14;16;13
1;3;13;8;10;14;11;14;12;14;13;14;14;14;15;14;15;15;16;15;16;14;16;13;15;13
1;3;13;8;11;14;12;14;13;14;14;14;15;14;15;15;16;15;16;14;16;13;15;13;14;13
1;0;13;8;12;14;13;14;14;14;15;14;15;15;16;15;16;14;16;13;15;13;14;13;14;12
1;0;13;8;13;14;14;14;15;14;15;15;16;15;16;14;16;13;15;13;14;13;14;12;14;11
1;3;13;8;14;14;15;14;15;15;16;15;16;14;16;13;15;13;14;13;14;12;14;11;13;11
1;0;13;8;15;14;15;15;16;15;16;14;16;13;15;13;14;13;14;12;14;11;13;11;13;10
1;0;13;8;15;15;16;15;16;14;16;13;15;13;14;13;14;12;14;11;13;11;13;10;13;9
1;1;13;8;16;15;16;14;16;13;15;13;14;13;14;12;14;11;13;11;13;10;13;9;14;9
1;0;13;8;16;14;16;13;15;13;14;13;14;12;14;11;13;11;13;10;13;9;14;9;14;8
1;3;5;14;16;13;16;13;15;13;14;13;14;12;14;11;13;11;13;10;13;9;14;9;14;8;13;8
1;3;5;14;16;13;15;13;14;13;14;12;14;11;13;11;13;10;13;9;14;9;14;8;13;8;12;8
1;2;5;14;15;13;14;13;14;12;14;11;13;11;13;10;13;9;14;9;14;8;13;8;12;8;12;9
1;3;5;14;14;13;14;12;14;11;13;11;13;10;13;9;14;9;14;8;13;8;12;8;12;9;11;9
1;3;5;14;14;12;14;11;13;11;13;10;13;9;14;9;14;8;13;8;12;8;12;9;11;9;10;9
1;2;5;14;14;11;13;11;13;10;13;9;14;9;14;8;13;8;12;8;12;9;11;9;10;9;10;10
1;3;5;14;13;11;13;10;13;9;14;9;14;8;13;8;12;8;12;9;11;9;10;9;10;10;9;10
1;3;5;14;13;10;13;9;14;9;14;8;13;8;12;8;12;9;11;9;10;9;10;10;9;10;8;10
1;3;5;14;13;9;14;9;14;8;13;8;12;8;12;9;11;9;10;9;10;10;9;10;8;10;7;10
1;3;5;14;14;9;14;8;13;8;12;8;12;9;11;9;10;9;10;10;9;10;8;10;7;10;6;10
1;3;5;14;14;8;13;8;12;8;12;9;11;9;10;9;10;10;9;10;8;10;7;10;6;10;5;10
1;2;5;14;13;8;12;8;12;9;11;9;10;9;10;10;9;10;8;10;7;10;6;10;5;10;5;11
1;2;5;14;12;8;12;9;11;9;10;9;10;10;9;10;8;10;7;10;6;10;5;10;5;11;5;12
1;2;5;14;12;9;11;9;10;9;10;10;9;10;8;10;7;10;6;10;5;10;5;11;5;12;5;13
1;3;5;14;11;9;10;9;10;10;9;10;8;10;7;10;6;10;5;10;5;11;5;12;5;13;4;13
1;2;5;14;10;9;10;10;9;10;8;10;7;10;6;10;5;10;5;11;5;12;5;13;4;13;4;14
1;1;7;7;10;10;10;10;9;10;8;10;7;10;6;10;5;10;5;11;5;12;5;13;4;13;4;14;5;14
1;1;7;7;10;10;9;10;8;10;7;10;6;10;5;10;5;11;5;12;5;13;4;13;4;14;5;14;6;14
1;1;7;7;9;10;8;10;7;10;6;10;5;10;5;11;5;12;5;13;4;13;4;14;5;14;6;14;7;14
1;2;7;7;8;10;7;10;6;10;5;10;5;11;5;12;5;13;4;13;4;14;5;14;6;14;7;14;7;15
1;1;7;7;7;10;6;10;5;10;5;11;5;12;5;13;4;13;4;14;5;14;6;14;7;14;7;15;8;15
1;0;7;7;6;10;5;10;5;11;5;12;5;13;4;13;4;14;5;14;6;14;7;14;7;15;8;15;8;14
1;0;7;7;5;10;5;11;5;12;5;13;4;13;4;14;5;14;6;14;7;14;7;15;8;15;8;14;8;13
1;0;7;7;5;11;5;12;5;13;4;13;4;14;5;14;6;14;7;14;7;15;8;15;8;14;8;13;8;12
1;0;7;7;5;12;5;13;4;13;4;14;5;14;6;14;7;14;7;15;8;15;8;14;8;13;8;12;8;11
1;3;7;7;5;13;4;13;4;14;5;14;6;14;7;14;7;15;8;15;8;14;8;13;8;12;8;11;7;11
1;0;7;7;4;13;4;14;5;14;6;14;7;14;7;15;8;15;8;14;8;13;8;12;8;11;7;11;7;10
1;1;7;7;4;14;5;14;6;14;7;14;7;15;8;15;8;14;8;13;8;12;8;11;7;11;7;10;8;10
1;0;7;7;5;14;6;14;7;14;7;15;8;15;8;14;8;13;8;12;8;11;7;11;7;10;8;10;8;9
1;3;7;7;6;14;7;14;7;15;8;15;8;14;8;13;8;12;8;11;7;11;7;10;8;10;8;9;7;9
1;0;7;7;7;14;7;15;8;15;8;14;8;13;8;12;8;11;7;11;7;10;8;10;8;9;7;9;7;8
1;0;10;1;7;15;7;15;8;15;8;14;8;13;8;12;8;11;7;11;7;10;8;10;8;9;7;9;7;8;7;7
1;1;10;1;7;15;8;15;8;14;8;13;8;12;8;11;7;11;7;10;8;10;8;9;7;9;7;8;7;7;8;7
1;1;10;1;8;15;8;14;8;13;8;12;8;11;7;11;7;10;8;10;8;9;7;9;7;8;7;7;8;7;9;7
1;0;10;1;8;14;8;13;8;12;8;11;7;11;7;10;8;10;8;9;7;9;7;8;7;7;8;7;9;7;9;6
1;1;10;1;8;13;8;12;8;11;7;11;7;10;8;10;8;9;7;9;7;8;7;7;8;7;9;7;9;6;10;6
1;0;10;1;8;12;8;11;7;11;7;10;8;10;8;9;7;9;7;8;7;7;8;7;9;7;9;6;10;6;10;5
1;0;10;1;8;11;7;11;7;10;8;10;8;9;7;9;7;8;7;7;8;7;9;7;9;6;10;6;10;5;10;4
1;0;10;1;7;11;7;10;8;10;8;9;7;9;7;8;7;7;8;7;9;7;9;6;10;6;10;5;10;4;10;3
1;0;10;1;7;10;8;10;8;9;7;9;7;8;7;7;8;7;9;7;9;6;10;6;10;5;10;4;10;3;10;2
1;0;19;17;8;10;8;10;8;9;7;9;7;8;7;7;8;7;9;7;9;6;10;6;10;5;10;4;10;3;10;2;10;1
1;1;19;17;8;10;8;9;7;9;7;8;7;7;8;7;9;7;9;6;10;6;10;5;10;4;10;3;10;2;10;1;11;1
1;2;19;17;8;9;7;9;7;8;7;7;8;7;9;7;9;6;10;6;10;5;10;4;10;3;10;2;10;1;11;1;11;2
1;2;19;17;7;9;7;8;7;7;8;7;9;7;9;6;10;6;10;5;10;4;10;3;10;2;10;1;11;1;11;2;11;3
1;2;19;17;7;8;7;7;8;7;9;7;9;6;10;6;10;5;10;4;10;3;10;2;10;1;11;1;11;2;11;3;11;4
1;2;19;17;7;7;8;7;9;7;9;6;10;6;10;5;10;4;10;3;10;2;10;1;11;1;11;2;11;3;11;4;11;5
1;2;19;17;8;7;9;7;9;6;10;6;10;5;10;4;10;3;10;2;10;1;11;1;11;2;11;3;11;4;11;5;11;6
1;2;19;17;9;7;9;6;10;6;10;5;10;4;10;3;10;2;10;1;11;1;11;2;11;3;11;4;11;5;11;6;11;7
1;2;19;17;9;6;10;6;10;5;10;4;10;3;10;2;10;1;11;1;11;2;11;3;11;4;11;5;11;6;11;7;11;8
1;1;19;17;10;6;10;5;10;4;10;3;10;2;10;1;11;1;11;2;11;3;11;4;11;5;11;6;11;7;11;8;12;8
1;1;19;17;10;5;10;4;10;3;10;2;10;1;11;1;11;2;11;3;11;4;11;5;11;6;11;7;11;8;12;8;13;8
1;1;19;17;10;4;10;3;10;2;10;1;11;1;11;2;11;3;11;4;11;5;11;6;11;7;11;8;12;8;13;8;14;8
1;2;19;17;10;3;10;2;10;1;11;1;11;2;11;3;11;4;11;5;11;6;11;7;11;8;12;8;13;8;14;8;14;9
1;1;19;17;10;2;10;1;11;1;11;2;11;3;11;4;11;5;11;6;11;7;11;8;12;8;13;8;14;8;14;9;15;9
1;2;19;17;10;1;11;1;11;2;11;3;11;4;11;5;11;6;11;7;11;8;12;8;13;8;14;8;14;9;15;9;15;10
1;1;19;17;11;1;11;2;11;3;11;4;11;5;11;6;11;7;11;8;12;8;13;8;14;8;14;9;15;9;15;10;16;10
1;2;19;17;11;2;11;3;11;4;11;5;11;6;11;7;11;8;12;8;13;8;14;8;14;9;15;9;15;10;16;10;16;11
1;1;19;17;11;3;11;4;11;5;11;6;11;7;11;8;12;8;13;8;14;8;14;9;15;9;15;10;16;10;16;11;17;11
1;2;19;17;11;4;11;5;11;6;11;7;11;8;12;8;13;8;14;8;14;9;15;9;15;10;16;10;16;11;17;11;17;12
1;2;19;17;11;5;11;6;11;7;11;8;12;8;13;8;14;8;14;9;15;9;15;10;16;10;16;11;17;11;17;12;17;13
1;2;19;17;11;6;11;7;11;8;12;8;13;8;14;8;14;9;15;9;15;10;16;10;16;11;17;11;17;12;17;13;17;14
1;2;19;17;11;7;11;8;12;8;13;8;14;8;14;9;15;9;15;10;16;10;16;11;17;11;17;12;17;13;17;14;17;15
1;2;19;17;11;8;12;8;13;8;14;8;14;9;15;9;15;10;16;10;16;11;17;11;17;12;17;13;17;14;17;15;17;16
1;2;19;17;12;8;13;8;14;8;14;9;15;9;15;10;16;10;16;11;17;11;17;12;17;13;17;14;17;15;17;16;17;17
1;1;19;17;13;8;14;8;14;9;15;9;15;10;16;10;16;11;17;11;17;12;17;13;17;14;17;15;17;16;17;17;18;17
1;1;9;14;14;8;14;8;14;9;15;9;15;10;16;10;16;11;17;11;17;12;17;13;17;14;17;15;17;16;17;17;18;17;19;17
1;0;9;14;14;8;14;9;15;9;15;10;16;10;16;11;17;11;17;12;17;13;17;14;17;15;17;16;17;17;18;17;19;17;19;16
1;0;9;14;14;9;15;9;15;10;16;10;16;11;17;11;17;12;17;13;17;14;17;15;17;16;17;17;18;17;19;17;19;16;19;15
1;0;9;14;15;9;15;10;16;10;16;11;17;11;17;12;17;13;17;14;17;15;17;16;17;17;18;17;19;17;19;16;19;15;19;14
1;3;9;14;15;10;16;10;16;11;17;11;17;12;17;13;17;14;17;15;17;16;17;17;18;17;19;17;19;16;19;15;19;14;18;14
1;0;9;14;16;10;16;11;17;11;17;12;17;13;17;14;17;15;17;16;17;17;18;17;19;17;19;16;19;15;19;14;18;14;18;13
1;1;9;14;16;11;17;11;17;12;17;13;17;14;17;15;17;16;17;17;18;17;19;17;19;16;19;15;19;14;18;14;18;13;19;13
1;0;9;14;17;11;17;12;17;13;17;14;17;15;17;16;17;17;18;17;19;17;19;16;19;15;19;14;18;14;18;13;19;13;19;12
1;3;9;14;17;12;17;13;17;14;17;15;17;16;17;17;18;17;19;17;19;16;19;15;19;14;18;14;18;13;19;13;19;12;18;12
1;3;9;14;17;13;17;14;17;15;17;16;17;17;18;17;19;17;19;16;19;15;19;14;18;14;18;13;19;13;19;12;18;12;17;12
1;3;9;14;17;14;17;15;17;16;17;17;18;17;19;17;19;16;19;15;19;14;18;14;18;13;19;13;19;12;18;12;17;12;16;12
1;2;9;14;17;15;17;16;17;17;18;17;19;17;19;16;19;15;19;14;18;14;18;13;19;13;19;12;18;12;17;12;16;12;16;13
1;3;9;14;17;16;17;17;18;17;19;17;19;16;19;15;19;14;18;14;18;13;19;13;19;12;18;12;17;12;16;12;16;13;15;13
1;2;9;14;17;17;18;17;19;17;19;16;19;15;19;14;18;14;18;13;19;13;19;12;18;12;17;12;16;12;16;13;15;13;15;14
1;3;9;14;18;17;19;17;19;16;19;15;19;14;18;14;18;13;19;13;19;12;18;12;17;12;16;12;16;13;15;13;15;14;14;14
1;3;9;14;19;17;19;16;19;15;19;14;18;14;18;13;19;13;19;12;18;12;17;12;16;12;16;13;15;13;15;14;14;14;13;14
1;3;9;14;19;16;19;15;19;14;18;14;18;13;19;13;19;12;18;12;17;12;16;12;16;13;15;13;15;14;14;14;13;14;12;14
1;3;9;14;19;15;19;14;18;14;18;13;19;13;19;12;18;12;17;12;16;12;16;13;15;13;15;14;14;14;13;14;12;14;11;14
1;3;9;14;19;14;18;14;18;13;19;13;19;12;18;12;17;12;16;12;16;13;15;13;15;14;14;14;13;14;12;14;11;14;10;14
1;3;8;14;18;14;18;14;18;13;19;13;19;12;18;12;17;12;16;12;16;13;15;13;15;14;14;14;13;14;12;14;11;14;10;14;9;14
1;3;17;9;18;14;18;14;18;13;19;13;19;12;18;12;17;12;16;12;16;13;15;13;15;14;14;14;13;14;12;14;11;14;10;14;9;14;8;14
1;0;17;9;18;14;18;13;19;13;19;12;18;12;17;12;16;12;16;13;15;13;15;14;14;14;13;14;12;14;11;14;10;14;9;14;8;14;8;13
1;0;17;9;18;13;19;13;19;12;18;12;17;12;16;12;16;13;15;13;15;14;14;14;13;14;12;14;11;14;10;14;9;14;8;14;8;13;8;12
1;0;17;9;19;13;19;12;18;12;17;12;16;12;16;13;15;13;15;14;14;14;13;14;12;14;11;14;10;14;9;14;8;14;8;13;8;12;8;11
1;0;17;9;19;12;18;12;17;12;16;12;16;13;15;13;15;14;14;14;13;14;12;14;11;14;10;14;9;14;8;14;8;13;8;12;8;11;8;10
1;0;17;9;18;12;17;12;16;12;16;13;15;13;15;14;14;14;13;14;12;14;11;14;10;14;9;14;8;14;8;13;8;12;8;11;8;10;8;9
1;1;17;9;17;12;16;12;16;13;15;13;15;14;14;14;13;14;12;14;11;14;10;14;9;14;8;14;8;13;8;12;8;11;8;10;8;9;9;9
1;2;17;9;16;12;16;13;15;13;15;14;14;14;13;14;12;14;11;14;10;14;9;14;8;14;8;13;8;12;8;11;8;10;8;9;9;9;9;10
1;1;17;9;16;13;15;13;15;14;14;14;13;14;12;14;11;14;10;14;9;14;8;14;8;13;8;12;8;11;8;10;8;9;9;9;9;10;10;10
1;1;17;9;15;13;15;14;14;14;13;14;12;14;11;14;10;14;9;14;8;14;8;13;8;12;8;11;8;10;8;9;9;9;9;10;10;10;11;10
1;1;17;9;15;14;14;14;13;14;12;14;11;14;10;14;9;14;8;14;8;13;8;12;8;11;8;10;8;9;9;9;9;10;10;10;11;10;12;10
1;1;17;9;14;14;13;14;12;14;11;14;10;14;9;14;8;14;8;13;8;12;8;11;8;10;8;9;9;9;9;10;10;10;11;10;12;10;13;10
1;1;17;9;13;14;12;14;11;14;10;14;9;14;8;14;8;13;8;12;8;11;8;10;8;9;9;9;9;10;10;10;11;10;12;10;13;10;14;10
1;0;17;9;12;14;11;14;10;14;9;14;8;14;8;13;8;12;8;11;8;10;8;9;9;9;9;10;10;10;11;10;12;10;13;10;14;10;14;9
1;1;17;9;11;14;10;14;9;14;8;14;8;13;8;12;8;11;8;10;8;9;9;9;9;10;10;10;11;10;12;10;13;10;14;10;14;9;15;9
1;2;17;9;10;14;9;14;8;14;8;13;8;12;8;11;8;10;8;9;9;9;9;10;10;10;11;10;12;10;13;10;14;10;14;9;15;9;15;10
1;1;17;9;9;14;8;14;8;13;8;12;8;11;8;10;8;9;9;9;9;10;10;10;11;10;12;10;13;10;14;10;14;9;15;9;15;10;16;10
1;0;17;9;8;14;8;13;8;12;8;11;8;10;8;9;9;9;9;10;10;10;11;10;12;10;13;10;14;10;14;9;15;9;15;10;16;10;16;9
1;1;12;9;8;13;8;13;8;12;8;11;8;10;8;9;9;9;9;10;10;10;11;10;12;10;13;10;14;10;14;9;15;9;15;10;16;10;16;9;17;9
1;0;12;9;8;13;8;12;8;11;8;10;8;9;9;9;9;10;10;10;11;10;12;10;13;10;14;10;14;9;15;9;15;10;16;10;16;9;17;9;17;8
1;3;12;9;8;12;8;11;8;10;8;9;9;9;9;10;10;10;11;10;12;10;13;10;14;10;14;9;15;9;15;10;16;10;16;9;17;9;17;8;16;8
1;3;12;9;8;11;8;10;8;9;9;9;9;10;10;10;11;10;12;10;13;10;14;10;14;9;15;9;15;10;16;10;16;9;17;9;17;8;16;8;15;8
1;3;12;9;8;10;8;9;9;9;9;10;10;10;11;10;12;10;13;10;14;10;14;9;15;9;15;10;16;10;16;9;17;9;17;8;16;8;15;8;14;8
1;3;12;9;8;9;9;9;9;10;10;10;11;10;12;10;13;10;14;10;14;9;15;9;15;10;16;10;16;9;17;9;17;8;16;8;15;8;14;8;13;8
1;3;12;9;9;9;9;10;10;10;11;10;12;10;13;10;14;10;14;9;15;9;15;10;16;10;16;9;17;9;17;8;16;8;15;8;14;8;13;8;12;8
1;0;12;9;9;10;10;10;11;10;12;10;13;10;14;10;14;9;15;9;15;10;16;10;16;9;17;9;17;8;16;8;15;8;14;8;13;8;12;8;12;7
1;3;12;9;10;10;11;10;12;10;13;10;14;10;14;9;15;9;15;10;16;10;16;9;17;9;17;8;16;8;15;8;14;8;13;8;12;8;12;7;11;7
1;2;12;9;11;10;12;10;13;10;14;10;14;9;15;9;15;10;16;10;16;9;17;9;17;8;16;8;15;8;14;8;13;8;12;8;12;7;11;7;11;8
1;2;12;9;12;10;13;10;14;10;14;9;15;9;15;10;16;10;16;9;17;9;17;8;16;8;15;8;14;8;13;8;12;8;12;7;11;7;11;8;11;9
1;3;12;9;13;10;14;10;14;9;15;9;15;10;16;10;16;9;17;9;17;8;16;8;15;8;14;8;13;8;12;8;12;7;11;7;11;8;11;9;10;9
1;2;12;9;14;10;14;9;15;9;15;10;16;10;16;9;17;9;17;8;16;8;15;8;14;8;13;8;12;8;12;7;11;7;11;8;11;9;10;9;10;10
1;1;12;9;14;9;15;9;15;10;16;10;16;9;17;9;17;8;16;8;15;8;14;8;13;8;12;8;12;7;11;7;11;8;11;9;10;9;10;10;11;10
1;1;12;9;15;9;15;10;16;10;16;9;17;9;17;8;16;8;15;8;14;8;13;8;12;8;12;7;11;7;11;8;11;9;10;9;10;10;11;10;12;10
1;0;14;4;15;10;15;10;16;10;16;9;17;9;17;8;16;8;15;8;14;8;13;8;12;8;12;7;11;7;11;8;11;9;10;9;10;10;11;10;12;10;12;9
1;1;14;4;15;10;16;10;16;9;17;9;17;8;16;8;15;8;14;8;13;8;12;8;12;7;11;7;11;8;11;9;10;9;10;10;11;10;12;10;12;9;13;9
1;1;14;4;16;10;16;9;17;9;17;8;16;8;15;8;14;8;13;8;12;8;12;7;11;7;11;8;11;9;10;9;10;10;11;10;12;10;12;9;13;9;14;9
1;1;14;4;16;9;17;9;17;8;16;8;15;8;14;8;13;8;12;8;12;7;11;7;11;8;11;9;10;9;10;10;11;10;12;10;12;9;13;9;14;9;15;9
1;1;14;4;17;9;17;8;16;8;15;8;14;8;13;8;12;8;12;7;11;7;11;8;11;9;10;9;10;10;11;10;12;10;12;9;13;9;14;9;15;9;16;9
1;1;14;4;17;8;16;8;15;8;14;8;13;8;12;8;12;7;11;7;11;8;11;9;10;9;10;10;11;10;12;10;12;9;13;9;14;9;15;9;16;9;17;9
1;0;14;4;16;8;15;8;14;8;13;8;12;8;12;7;11;7;11;8;11;9;10;9;10;10;11;10;12;10;12;9;13;9;14;9;15;9;16;9;17;9;17;8
1;1;14;4;15;8;14;8;13;8;12;8;12;7;11;7;11;8;11;9;10;9;10;10;11;10;12;10;12;9;13;9;14;9;15;9;16;9;17;9;17;8;18;8
1;0;14;4;14;8;13;8;12;8;12;7;11;7;11;8;11;9;10;9;10;10;11;10;12;10;12;9;13;9;14;9;15;9;16;9;17;9;17;8;18;8;18;7
1;0;14;4;13;8;12;8;12;7;11;7;11;8;11;9;10;9;10;10;11;10;12;10;12;9;13;9;14;9;15;9;16;9;17;9;17;8;18;8;18;7;18;6
1;3;14;4;12;8;12;7;11;7;11;8;11;9;10;9;10;10;11;10;12;10;12;9;13;9;14;9;15;9;16;9;17;9;17;8;18;8;18;7;18;6;17;6
1;3;14;4;12;7;11;7;11;8;11;9;10;9;10;10;11;10;12;10;12;9;13;9;14;9;15;9;16;9;17;9;17;8;18;8;18;7;18;6;17;6;16;6
1;3;14;4;11;7;11;8;11;9;10;9;10;10;11;10;12;10;12;9;13;9;14;9;15;9;16;9;17;9;17;8;18;8;18;7;18;6;17;6;16;6;15;6
1;3;14;4;11;8;11;9;10;9;10;10;11;10;12;10;12;9;13;9;14;9;15;9;16;9;17;9;17;8;18;8;18;7;18;6;17;6;16;6;15;6;14;6
1;0;14;4;11;9;10;9;10;10;11;10;12;10;12;9;13;9;14;9;15;9;16;9;17;9;17;8;18;8;18;7;18;6;17;6;16;6;15;6;14;6;14;5
1;0;1;14;10;9;10;9;10;10;11;10;12;10;12;9;13;9;14;9;15;9;16;9;17;9;17;8;18;8;18;7;18;6;17;6;16;6;15;6;14;6;14;5;14;4
1;3;1;14;10;9;10;10;11;10;12;10;12;9;13;9;14;9;15;9;16;9;17;9;17;8;18;8;18;7;18;6;17;6;16;6;15;6;14;6;14;5;14;4;13;4
1;0;1;14;10;10;11;10;12;10;12;9;13;9;14;9;15;9;16;9;17;9;17;8;18;8;18;7;18;6;17;6;16;6;15;6;14;6;14;5;14;4;13;4;13;3
1;3;1;14;11;10;12;10;12;9;13;9;14;9;15;9;16;9;17;9;17;8;18;8;18;7;18;6;17;6;16;6;15;6;14;6;14;5;14;4;13;4;13;3;12;3
1;3;1;14;12;10;12;9;13;9;14;9;15;9;16;9;17;9;17;8;18;8;18;7;18;6;17;6;16;6;15;6;14;6;14;5;14;4;13;4;13;3;12;3;11;3
1;2;1;14;12;9;13;9;14;9;15;9;16;9;17;9;17;8;18;8;18;7;18;6;17;6;16;6;15;6;14;6;14;5;14;4;13;4;13;3;12;3;11;3;11;4
1;2;1;14;13;9;14;9;15;9;16;9;17;9;17;8;18;8;18;7;18;6;17;6;16;6;15;6;14;6;14;5;14;4;13;4;13;3;12;3;11;3;11;4;11;5
1;2;1;14;14;9;15;9;16;9;17;9;17;8;18;8;18;7;18;6;17;6;16;6;15;6;14;6;14;5;14;4;13;4;13;3;12;3;11;3;11;4;11;5;11;6
1;2;1;14;15;9;16;9;17;9;17;8;18;8;18;7;18;6;17;6;16;6;15;6;14;6;14;5;14;4;13;4;13;3;12;3;11;3;11;4;11;5;11;6;11;7
1;2;1;14;16;9;17;9;17;8;18;8;18;7;18;6;17;6;16;6;15;6;14;6;14;5;14;4;13;4;13;3;12;3;11;3;11;4;11;5;11;6;11;7;11;8
1;2;1;14;17;9;17;8;18;8;18;7;18;6;17;6;16;6;15;6;14;6;14;5;14;4;13;4;13;3;12;3;11;3;11;4;11;5;11;6;11;7;11;8;11;9
1;2;1;14;17;8;18;8;18;7;18;6;17;6;16;6;15;6;14;6;14;5;14;4;13;4;13;3;12;3;11;3;11;4;11;5;11;6;11;7;11;8;11;9;11;10
1;2;1;14;18;8;18;7;18;6;17;6;16;6;15;6;14;6;14;5;14;4;13;4;13;3;12;3;11;3;11;4;11;5;11;6;11;7;11;8;11;9;11;10;11;11
1;2;1;14;18;7;18;6;17;6;16;6;15;6;14;6;14;5;14;4;13;4;13;3;12;3;11;3;11;4;11;5;11;6;11;7;11;8;11;9;11;10;11;11;11;12
1;2;1;14;18;6;17;6;16;6;15;6;14;6;14;5;14;4;13;4;13;3;12;3;11;3;11;4;11;5;11;6;11;7;11;8;11;9;11;10;11;11;11;12;11;13
1;2;1;14;17;6;16;6;15;6;14;6;14;5;14;4;13;4;13;3;12;3;11;3;11;4;11;5;11;6;11;7;11;8;11;9;11;10;11;11;11;12;11;13;11;14
1;3;1;14;16;6;15;6;14;6;14;5;14;4;13;4;13;3;12;3;11;3;11;4;11;5;11;6;11;7;11;8;11;9;11;10;11;11;11;12;11;13;11;14;10;14
1;3;1;14;15;6;14;6;14;5;14;4;13;4;13;3;12;3;11;3;11;4;11;5;11;6;11;7;11;8;11;9;11;10;11;11;11;12;11;13;11;14;10;14;9;14
1;3;1;14;14;6;14;5;14;4;13;4;13;3;12;3;11;3;11;4;11;5;11;6;11;7;11;8;11;9;11;10;11;11;11;12;11;13;11;14;10;14;9;14;8;14
1;3;1;14;14;5;14;4;13;4;13;3;12;3;11;3;11;4;11;5;11;6;11;7;11;8;11;9;11;10;11;11;11;12;11;13;11;14;10;14;9;14;8;14;7;14
1;3;1;14;14;4;13;4;13;3;12;3;11;3;11;4;11;5;11;6;11;7;11;8;11;9;11;10;11;11;11;12;11;13;11;14;10;14;9;14;8;14;7;14;6;14
1;3;1;14;13;4;13;3;12;3;11;3;11;4;11;5;11;6;11;7;11;8;11;9;11;10;11;11;11;12;11;13;11;14;10;14;9;14;8;14;7;14;6;14;5;14
1;3;1;14;13;3;12;3;11;3;11;4;11;5;11;6;11;7;11;8;11;9;11;10;11;11;11;12;11;13;11;14;10;14;9;14;8;14;7;14;6;14;5;14;4;14
1;3;1;14;12;3;11;3;11;4;11;5;11;6;11;7;11;8;11;9;11;10;11;11;11;12;11;13;11;14;10;14;9;14;8;14;7;14;6;14;5;14;4;14;3;14
1;3;1;14;11;3;11;4;11;5;11;6;11;7;11;8;11;9;11;10;11;11;11;12;11;13;11;14;10;14;9;14;8;14;7;14;6;14;5;14;4;14;3;14;2;14
1;3;9;1;11;4;11;4;11;5;11;6;11;7;11;8;11;9;11;10;11;11;11;12;11;13;11;14;10;14;9;14;8;14;7;14;6;14;5;14;4;14;3;14;2;14;1;14
1;0;9;1;11;4;11;5;11;6;11;7;11;8;11;9;11;10;11;11;11;12;11;13;11;14;10;14;9;14;8;14;7;14;6;14;5;14;4;14;3;14;2;14;1;14;1;13
1;0;9;1;11;5;11;6;11;7;11;8;11;9;11;10;11;11;11;12;11;13;11;14;10;14;9;14;8;14;7;14;6;14;5;14;4;14;3;14;2;14;1;14;1;13;1;12
1;0;9;1;11;6;11;7;11;8;11;9;11;10;11;11;11;12;11;13;11;14;10;14;9;14;8;14;7;14;6;14;5;14;4;14;3;14;2;14;1;14;1;13;1;12;1;11
1;0;9;1;11;7;11;8;11;9;11;10;11;11;11;12;11;13;11;14;10;14;9;14;8;14;7;14;6;14;5;14;4;14;3;14;2;14;1;14;1;13;1;12;1;11;1;10
1;0;9;1;11;8;11;9;11;10;11;11;11;12;11;13;11;14;10;14;9;14;8;14;7;14;6;14;5;14;4;14;3;14;2;14;1;14;1;13;1;12;1;11;1;10;1;9
1;0;9;1;11;9;11;10;11;11;11;12;11;13;11;14;10;14;9;14;8;14;7;14;6;14;5;14;4;14;3;14;2;14;1;14;1;13;1;12;1;11;1;10;1;9;1;8
1;1;9;1;11;10;11;11;11;12;11;13;11;14;10;14;9;14;8;14;7;14;6;14;5;14;4;14;3;14;2;14;1;14;1;13;1;12;1;11;1;10;1;9;1;8;2;8
1;1;9;1;11;11;11;12;11;13;11;14;10;14;9;14;8;14;7;14;6;14;5;14;4;14;3;14;2;14;1;14;1;13;1;12;1;11;1;10;1;9;1;8;2;8;3;8
1;2;9;1;11;12;11;13;11;14;10;14;9;14;8;14;7;14;6;14;5;14;4;14;3;14;2;14;1;14;1;13;1;12;1;11;1;10;1;9;1;8;2;8;3;8;3;9
1;1;9;1;11;13;11;14;10;14;9;14;8;14;7;14;6;14;5;14;4;14;3;14;2;14;1;14;1;13;1;12;1;11;1;10;1;9;1;8;2;8;3;8;3;9;4;9
1;2;9;1;11;14;10;14;9;14;8;14;7;14;6;14;5;14;4;14;3;14;2;14;1;14;1;13;1;12;1;11;1;10;1;9;1;8;2;8;3;8;3;9;4;9;4;10
1;1;9;1;10;14;9;14;8;14;7;14;6;14;5;14;4;14;3;14;2;14;1;14;1;13;1;12;1;11;1;10;1;9;1;8;2;8;3;8;3;9;4;9;4;10;5;10
1;1;9;1;9;14;8;14;7;14;6;14;5;14;4;14;3;14;2;14;1;14;1;13;1;12;1;11;1;10;1;9;1;8;2;8;3;8;3;9;4;9;4;10;5;10;6;10
1;1;9;1;8;14;7;14;6;14;5;14;4;14;3;14;2;14;1;14;1;13;1;12;1;11;1;10;1;9;1;8;2;8;3;8;3;9;4;9;4;10;5;10;6;10;7;10
1;0;9;1;7;14;6;14;5;14;4;14;3;14;2;14;1;14;1;13;1;12;1;11;1;10;1;9;1;8;2;8;3;8;3;9;4;9;4;10;5;10;6;10;7;10;7;9
1;0;9;1;6;14;5;14;4;14;3;14;2;14;1;14;1;13;1;12;1;11;1;10;1;9;1;8;2;8;3;8;3;9;4;9;4;10;5;10;6;10;7;10;7;9;7;8
1;0;9;1;5;14;4;14;3;14;2;14;1;14;1;13;1;12;1;11;1;10;1;9;1;8;2;8;3;8;3;9;4;9;4;10;5;10;6;10;7;10;7;9;7;8;7;7
1;0;9;1;4;14;3;14;2;14;1;14;1;13;1;12;1;11;1;10;1;9;1;8;2;8;3;8;3;9;4;9;4;10;5;10;6;10;7;10;7;9;7;8;7;7;7;6
1;0;9;1;3;14;2;14;1;14;1;13;1;12;1;11;1;10;1;9;1;8;2;8;3;8;3;9;4;9;4;10;5;10;6;10;7;10;7;9;7;8;7;7;7;6;7;5
1;1;9;1;2;14;1;14;1;13;1;12;1;11;1;10;1;9;1;8;2;8;3;8;3;9;4;9;4;10;5;10;6;10;7;10;7;9;7;8;7;7;7;6;7;5;8;5
1;2;9;1;1;14;1;13;1;12;1;11;1;10;1;9;1;8;2;8;3;8;3;9;4;9;4;10;5;10;6;10;7;10;7;9;7;8;7;7;7;6;7;5;8;5;8;6
1;1;9;1;1;13;1;12;1;11;1;10;1;9;1;8;2;8;3;8;3;9;4;9;4;10;5;10;6;10;7;10;7;9;7;8;7;7;7;6;7;5;8;5;8;6;9;6
1;0;9;1;1;12;1;11;1;10;1;9;1;8;2;8;3;8;3;9;4;9;4;10;5;10;6;10;7;10;7;9;7;8;7;7;7;6;7;5;8;5;8;6;9;6;9;5
1;0;9;1;1;11;1;10;1;9;1;8;2;8;3;8;3;9;4;9;4;10;5;10;6;10;7;10;7;9;7;8;7;7;7;6;7;5;8;5;8;6;9;6;9;5;9;4
1;0;9;1;1;10;1;9;1;8;2;8;3;8;3;9;4;9;4;10;5;10;6;10;7;10;7;9;7;8;7;7;7;6;7;5;8;5;8;6;9;6;9;5;9;4;9;3
1;0;9;1;1;9;1;8;2;8;3;8;3;9;4;9;4;10;5;10;6;10;7;10;7;9;7;8;7;7;7;6;7;5;8;5;8;6;9;6;9;5;9;4;9;3;9;2
1;0;5;4;1;8;1;8;2;8;3;8;3;9;4;9;4;10;5;10;6;10;7;10;7;9;7;8;7;7;7;6;7;5;8;5;8;6;9;6;9;5;9;4;9;3;9;2;9;1
1;3;5;4;1;8;2;8;3;8;3;9;4;9;4;10;5;10;6;10;7;10;7;9;7;8;7;7;7;6;7;5;8;5;8;6;9;6;9;5;9;4;9;3;9;2;9;1;8;1
1;0;5;4;2;8;3;8;3;9;4;9;4;10;5;10;6;10;7;10;7;9;7;8;7;7;7;6;7;5;8;5;8;6;9;6;9;5;9;4;9;3;9;2;9;1;8;1;8;0
1;3;5;4;3;8;3;9;4;9;4;10;5;10;6;10;7;10;7;9;7;8;7;7;7;6;7;5;8;5;8;6;9;6;9;5;9;4;9;3;9;2;9;1;8;1;8;0;7;0
1;3;5;4;3;9;4;9;4;10;5;10;6;10;7;10;7;9;7;8;7;7;7;6;7;5;8;5;8;6;9;6;9;5;9;4;9;3;9;2;9;1;8;1;8;0;7;0;6;0
1;2;5;4;4;9;4;10;5;10;6;10;7;10;7;9;7;8;7;7;7;6;7;5;8;5;8;6;9;6;9;5;9;4;9;3;9;2;9;1;8;1;8;0;7;0;6;0;6;1
1;2;5;4;4;10;5;10;6;10;7;10;7;9;7;8;7;7;7;6;7;5;8;5;8;6;9;6;9;5;9;4;9;3;9;2;9;1;8;1;8;0;7;0;6;0;6;1;6;2
1;2;5;4;5;10;6;10;7;10;7;9;7;8;7;7;7;6;7;5;8;5;8;6;9;6;9;5;9;4;9;3;9;2;9;1;8;1;8;0;7;0;6;0;6;1;6;2;6;3
1;2;5;4;6;10;7;10;7;9;7;8;7;7;7;6;7;5;8;5;8;6;9;6;9;5;9;4;9;3;9;2;9;1;8;1;8;0;7;0;6;0;6;1;6;2;6;3;6;4
1;3;18;14;7;10;7;10;7;9;7;8;7;7;7;6;7;5;8;5;8;6;9;6;9;5;9;4;9;3;9;2;9;1;8;1;8;0;7;0;6;0;6;1;6;2;6;3;6;4;5;4
1;2;18;14;7;10;7;9;7;8;7;7;7;6;7;5;8;5;8;6;9;6;9;5;9;4;9;3;9;2;9;1;8;1;8;0;7;0;6;0;6;1;6;2;6;3;6;4;5;4;5;5
1;3;18;14;7;9;7;8;7;7;7;6;7;5;8;5;8;6;9;6;9;5;9;4;9;3;9;2;9;1;8;1;8;0;7;0;6;0;6;1;6;2;6;3;6;4;5;4;5;5;4;5
1;2;18;14;7;8;7;7;7;6;7;5;8;5;8;6;9;6;9;5;9;4;9;3;9;2;9;1;8;1;8;0;7;0;6;0;6;1;6;2;6;3;6;4;5;4;5;5;4;5;4;6
1;3;18;14;7;7;7;6;7;5;8;5;8;6;9;6;9;5;9;4;9;3;9;2;9;1;8;1;8;0;7;0;6;0;6;1;6;2;6;3;6;4;5;4;5;5;4;5;4;6;3;6
1;2;18;14;7;6;7;5;8;5;8;6;9;6;9;5;9;4;9;3;9;2;9;1;8;1;8;0;7;0;6;0;6;1;6;2;6;3;6;4;5;4;5;5;4;5;4;6;3;6;3;7
1;1;18;14;7;5;8;5;8;6;9;6;9;5;9;4;9;3;9;2;9;1;8;1;8;0;7;0;6;0;6;1;6;2;6;3;6;4;5;4;5;5;4;5;4;6;3;6;3;7;4;7
1;1;18;14;8;5;8;6;9;6;9;5;9;4;9;3;9;2;9;1;8;1;8;0;7;0;6;0;6;1;6;2;6;3;6;4;5;4;5;5;4;5;4;6;3;6;3;7;4;7;5;7
1;1;18;14;8;6;9;6;9;5;9;4;9;3;9;2;9;1;8;1;8;0;7;0;6;0;6;1;6;2;6;3;6;4;5;4;5;5;4;5;4;6;3;6;3;7;4;7;5;7;6;7
1;1;18;14;9;6;9;5;9;4;9;3;9;2;9;1;8;1;8;0;7;0;6;0;6;1;6;2;6;3;6;4;5;4;5;5;4;5;4;6;3;6;3;7;4;7;5;7;6;7;7;7
1;1;18;14;9;5;9;4;9;3;9;2;9;1;8;1;8;0;7;0;6;0;6;1;6;2;6;3;6;4;5;4;5;5;4;5;4;6;3;6;3;7;4;7;5;7;6;7;7;7;8;7
1;1;18;14;9;4;9;3;9;2;9;1;8;1;8;0;7;0;6;0;6;1;6;2;6;3;6;4;5;4;5;5;4;5;4;6;3;6;3;7;4;7;5;7;6;7;7;7;8;7;9;7
1;1;18;14;9;3;9;2;9;1;8;1;8;0;7;0;6;0;6;1;6;2;6;3;6;4;5;4;5;5;4;5;4;6;3;6;3;7;4;7;5;7;6;7;7;7;8;7;9;7;10;7
1;1;18;14;9;2;9;1;8;1;8;0;7;0;6;0;6;1;6;2;6;3;6;4;5;4;5;5;4;5;4;6;3;6;3;7;4;7;5;7;6;7;7;7;8;7;9;7;10;7;11;7
1;1;18;14;9;1;8;1;8;0;7;0;6;0;6;1;6;2;6;3;6;4;5;4;5;5;4;5;4;6;3;6;3;7;4;7;5;7;6;7;7;7;8;7;9;7;10;7;11;7;12;7
1;1;18;14;8;1;8;0;7;0;6;0;6;1;6;2;6;3;6;4;5;4;5;5;4;5;4;6;3;6;3;7;4;7;5;7;6;7;7;7;8;7;9;7;10;7;11;7;12;7;13;7
1;1;18;14;8;0;7;0;6;0;6;1;6;2;6;3;6;4;5;4;5;5;4;5;4;6;3;6;3;7;4;7;5;7;6;7;7;7;8;7;9;7;10;7;11;7;12;7;13;7;14;7
1;1;18;14;7;0;6;0;6;1;6;2;6;3;6;4;5;4;5;5;4;5;4;6;3;6;3;7;4;7;5;7;6;7;7;7;8;7;9;7;10;7;11;7;12;7;13;7;14;7;15;7
1;1;18;14;6;0;6;1;6;2;6;3;6;4;5;4;5;5;4;5;4;6;3;6;3;7;4;7;5;7;6;7;7;7;8;7;9;7;10;7;11;7;12;7;13;7;14;7;15;7;16;7
1;1;18;14;6;1;6;2;6;3;6;4;5;4;5;5;4;5;4;6;3;6;3;7;4;7;5;7;6;7;7;7;8;7;9;7;10;7;11;7;12;7;13;7;14;7;15;7;16;7;17;7
1;1;18;14;6;2;6;3;6;4;5;4;5;5;4;5;4;6;3;6;3;7;4;7;5;7;6;7;7;7;8;7;9;7;10;7;11;7;12;7;13;7;14;7;15;7;16;7;17;7;18;7
1;2;18;14;6;3;6;4;5;4;5;5;4;5;4;6;3;6;3;7;4;7;5;7;6;7;7;7;8;7;9;7;10;7;11;7;12;7;13;7;14;7;15;7;16;7;17;7;18;7;18;8
1;2;18;14;6;4;5;4;5;5;4;5;4;6;3;6;3;7;4;7;5;7;6;7;7;7;8;7;9;7;10;7;11;7;12;7;13;7;14;7;15;7;16;7;17;7;18;7;18;8;18;9
1;2;18;14;5;4;5;5;4;5;4;6;3;6;3;7;4;7;5;7;6;7;7;7;8;7;9;7;10;7;11;7;12;7;13;7;14;7;15;7;16;7;17;7;18;7;18;8;18;9;18;10
1;2;18;14;5;5;4;5;4;6;3;6;3;7;4;7;5;7;6;7;7;7;8;7;9;7;10;7;11;7;12;7;13;7;14;7;15;7;16;7;17;7;18;7;18;8;18;9;18;10;18;11
1;2;18;14;4;5;4;6;3;6;3;7;4;7;5;7;6;7;7;7;8;7;9;7;10;7;11;7;12;7;13;7;14;7;15;7;16;7;17;7;18;7;18;8;18;9;18;10;18;11;18;12
1;2;18;14;4;6;3;6;3;7;4;7;5;7;6;7;7;7;8;7;9;7;10;7;11;7;12;7;13;7;14;7;15;7;16;7;17;7;18;7;18;8;18;9;18;10;18;11;18;12;18;13
1;2;12;5;3;6;3;6;3;7;4;7;5;7;6;7;7;7;8;7;9;7;10;7;11;7;12;7;13;7;14;7;15;7;16;7;17;7;18;7;18;8;18;9;18;10;18;11;18;12;18;13;18;14
1;3;12;5;3;6;3;7;4;7;5;7;6;7;7;7;8;7;9;7;10;7;11;7;12;7;13;7;14;7;15;7;16;7;17;7;18;7;18;8;18;9;18;10;18;11;18;12;18;13;18;14;17;14
1;3;12;5;3;7;4;7;5;7;6;7;7;7;8;7;9;7;10;7;11;7;12;7;13;7;14;7;15;7;16;7;17;7;18;7;18;8;18;9;18;10;18;11;18;12;18;13;18;14;17;14;16;14
1;3;12;5;4;7;5;7;6;7;7;7;8;7;9;7;10;7;11;7;12;7;13;7;14;7;15;7;16;7;17;7;18;7;18;8;18;9;18;10;18;11;18;12;18;13;18;14;17;14;16;14;15;14
1;3;12;5;5;7;6;7;7;7;8;7;9;7;10;7;11;7;12;7;13;7;14;7;15;7;16;7;17;7;18;7;18;8;18;9;18;10;18;11;18;12;18;13;18;14;17;14;16;14;15;14;14;14
1;3;12;5;6;7;7;7;8;7;9;7;10;7;11;7;12;7;13;7;14;7;15;7;16;7;17;7;18;7;18;8;18;9;18;10;18;11;18;12;18;13;18;14;17;14;16;14;15;14;14;14;13;14
1;3;12;5;7;7;8;7;9;7;10;7;11;7;12;7;13;7;14;7;15;7;16;7;17;7;18;7;18;8;18;9;18;10;18;11;18;12;18;13;18;14;17;14;16;14;15;14;14;14;13;14;12;14
1;0;12;5;8;7;9;7;10;7;11;7;12;7;13;7;14;7;15;7;16;7;17;7;18;7;18;8;18;9;18;10;18;11;18;12;18;13;18;14;17;14;16;14;15;14;14;14;13;14;12;14;12;13
1;1;12;5;9;7;10;7;11;7;12;7;13;7;14;7;15;7;16;7;17;7;18;7;18;8;18;9;18;10;18;11;18;12;18;13;18;14;17;14;16;14;15;14;14;14;13;14;12;14;12;13;13;13
1;0;12;5;10;7;11;7;12;7;13;7;14;7;15;7;16;7;17;7;18;7;18;8;18;9;18;10;18;11;18;12;18;13;18;14;17;14;16;14;15;14;14;14;13;14;12;14;12;13;13;13;13;12
1;3;12;5;11;7;12;7;13;7;14;7;15;7;16;7;17;7;18;7;18;8;18;9;18;10;18;11;18;12;18;13;18;14;17;14;16;14;15;14;14;14;13;14;12;14;12;13;13;13;13;12;12;12
1;0;12;5;12;7;13;7;14;7;15;7;16;7;17;7;18;7;18;8;18;9;18;10;18;11;18;12;18;13;18;14;17;14;16;14;15;14;14;14;13;14;12;14;12;13;13;13;13;12;12;12;12;11
1;0;12;5;13;7;14;7;15;7;16;7;17;7;18;7;18;8;18;9;18;10;18;11;18;12;18;13;18;14;17;14;16;14;15;14;14;14;13;14;12;14;12;13;13;13;13;12;12;12;12;11;12;10
1;0;12;5;14;7;15;7;16;7;17;7;18;7;18;8;18;9;18;10;18;11;18;12;18;13;18;14;17;14;16;14;15;14;14;14;13;14;12;14;12;13;13;13;13;12;12;12;12;11;12;10;12;9
1;0;12;5;15;7;16;7;17;7;18;7;18;8;18;9;18;10;18;11;18;12;18;13;18;14;17;14;16;14;15;14;14;14;13;14;12;14;12;13;13;13;13;12;12;12;12;11;12;10;12;9;12;8
1;0;12;5;16;7;17;7;18;7;18;8;18;9;18;10;18;11;18;12;18;13;18;14;17;14;16;14;15;14;14;14;13;14;12;14;12;13;13;13;13;12;12;12;12;11;12;10;12;9;12;8;12;7
1;0;12;5;17;7;18;7;18;8;18;9;18;10;18;11;18;12;18;13;18;14;17;14;16;14;15;14;14;14;13;14;12;14;12;13;13;13;13;12;12;12;12;11;12;10;12;9;12;8;12;7;12;6
1;0;5;6;18;7;18;7;18;8;18;9;18;10;18;11;18;12;18;13;18;14;17;14;16;14;15;14;14;14;13;14;12;14;12;13;13;13;13;12;12;12;12;11;12;10;12;9;12;8;12;7;12;6;12;5
1;3;5;6;18;7;18;8;18;9;18;10;18;11;18;12;18;13;18;14;17;14;16;14;15;14;14;14;13;14;12;14;12;13;13;13;13;12;12;12;12;11;12;10;12;9;12;8;12;7;12;6;12;5;11;5
1;2;5;6;18;8;18;9;18;10;18;11;18;12;18;13;18;14;17;14;16;14;15;14;14;14;13;14;12;14;12;13;13;13;13;12;12;12;12;11;12;10;12;9;12;8;12;7;12;6;12;5;11;5;11;6
1;3;5;6;18;9;18;10;18;11;18;12;18;13;18;14;17;14;16;14;15;14;14;14;13;14;12;14;12;13;13;13;13;12;12;12;12;11;12;10;12;9;12;8;12;7;12;6;12;5;11;5;11;6;10;6
1;3;5;6;18;10;18;11;18;12;18;13;18;14;17;14;16;14;15;14;14;14;13;14;12;14;12;13;13;13;13;12;12;12;12;11;12;10;12;9;12;8;12;7;12;6;12;5;11;5;11;6;10;6;9;6
1;3;5;6;18;11;18;12;18;13;18;14;17;14;16;14;15;14;14;14;13;14;12;14;12;13;13;13;13;12;12;12;12;11;12;10;12;9;12;8;12;7;12;6;12;5;11;5;11;6;10;6;9;6;8;6
1;3;5;6;18;12;18;13;18;14;17;14;16;14;15;14;14;14;13;14;12;14;12;13;13;13;13;12;12;12;12;11;12;10;12;9;12;8;12;7;12;6;12;5;11;5;11;6;10;6;9;6;8;6;7;6
1;3;5;6;18;13;18;14;17;14;16;14;15;14;14;14;13;14;12;14;12;13;13;13;13;12;12;12;12;11;12;10;12;9;12;8;12;7;12;6;12;5;11;5;11;6;10;6;9;6;8;6;7;6;6;6
1;3;19;15;18;14;18;14;17;14;16;14;15;14;14;14;13;14;12;14;12;13;13;13;13;12;12;12;12;11;12;10;12;9;12;8;12;7;12;6;12;5;11;5;11;6;10;6;9;6;8;6;7;6;6;6;5;6
1;2;19;15;18;14;17;14;16;14;15;14;14;14;13;14;12;14;12;13;13;13;13;12;12;12;12;11;12;10;12;9;12;8;12;7;12;6;12;5;11;5;11;6;10;6;9;6;8;6;7;6;6;6;5;6;5;7
1;2;19;15;17;14;16;14;15;14;14;14;13;14;12;14;12;13;13;13;13;12;12;12;12;11;12;10;12;9;12;8;12;7;12;6;12;5;11;5;11;6;10;6;9;6;8;6;7;6;6;6;5;6;5;7;5;8
1;2;19;15;16;14;15;14;14;14;13;14;12;14;12;13;13;13;13;12;12;12;12;11;12;10;12;9;12;8;12;7;12;6;12;5;11;5;11;6;10;6;9;6;8;6;7;6;6;6;5;6;5;7;5;8;5;9
1;1;19;15;15;14;14;14;13;14;12;14;12;13;13;13;13;12;12;12;12;11;12;10;12;9;12;8;12;7;12;6;12;5;11;5;11;6;10;6;9;6;8;6;7;6;6;6;5;6;5;7;5;8;5;9;6;9
1;1;19;15;14;14;13;14;12;14;12;13;13;13;13;12;12;12;12;11;12;10;12;9;12;8;12;7;12;6;12;5;11;5;11;6;10;6;9;6;8;6;7;6;6;6;5;6;5;7;5;8;5;9;6;9;7;9
1;1;19;15;13;14;12;14;12;13;13;13;13;12;12;12;12;11;12;10;12;9;12;8;12;7;12;6;12;5;11;5;11;6;10;6;9;6;8;6;7;6;6;6;5;6;5;7;5;8;5;9;6;9;7;9;8;9
1;1;19;15;12;14;12;13;13;13;13;12;12;12;12;11;12;10;12;9;12;8;12;7;12;6;12;5;11;5;11;6;10;6;9;6;8;6;7;6;6;6;5;6;5;7;5;8;5;9;6;9;7;9;8;9;9;9
1;1;19;15;12;13;13;13;13;12;12;12;12;11;12;10;12;9;12;8;12;7;12;6;12;5;11;5;11;6;10;6;9;6;8;6;7;6;6;6;5;6;5;7;5;8;5;9;6;9;7;9;8;9;9;9;10;9
1;1;19;15;13;13;13;12;12;12;12;11;12;10;12;9;12;8;12;7;12;6;12;5;11;5;11;6;10;6;9;6;8;6;7;6;6;6;5;6;5;7;5;8;5;9;6;9;7;9;8;9;9;9;10;9;11;9
1;2;19;15;13;12;12;12;12;11;12;10;12;9;12;8;12;7;12;6;12;5;11;5;11;6;10;6;9;6;8;6;7;6;6;6;5;6;5;7;5;8;5;9;6;9;7;9;8;9;9;9;10;9;11;9;11;10
1;2;19;15;12;12;12;11;12;10;12;9;12;8;12;7;12;6;12;5;11;5;11;6;10;6;9;6;8;6;7;6;6;6;5;6;5;7;5;8;5;9;6;9;7;9;8;9;9;9;10;9;11;9;11;10;11;11
1;2;19;15;12;11;12;10;12;9;12;8;12;7;12;6;12;5;11;5;11;6;10;6;9;6;8;6;7;6;6;6;5;6;5;7;5;8;5;9;6;9;7;9;8;9;9;9;10;9;11;9;11;10;11;11;11;12
1;1;19;15;12;10;12;9;12;8;12;7;12;6;12;5;11;5;11;6;10;6;9;6;8;6;7;6;6;6;5;6;5;7;5;8;5;9;6;9;7;9;8;9;9;9;10;9;11;9;11;10;11;11;11;12;12;12
1;1;19;15;12;9;12;8;12;7;12;6;12;5;11;5;11;6;10;6;9;6;8;6;7;6;6;6;5;6;5;7;5;8;5;9;6;9;7;9;8;9;9;9;10;9;11;9;11;10;11;11;11;12;12;12;13;12
1;1;19;15;12;8;12;7;12;6;12;5;11;5;11;6;10;6;9;6;8;6;7;6;6;6;5;6;5;7;5;8;5;9;6;9;7;9;8;9;9;9;10;9;11;9;11;10;11;11;11;12;12;12;13;12;14;12
1;1;19;15;12;7;12;6;12;5;11;5;11;6;10;6;9;6;8;6;7;6;6;6;5;6;5;7;5;8;5;9;6;9;7;9;8;9;9;9;10;9;11;9;11;10;11;11;11;12;12;12;13;12;14;12;15;12
1;1;19;15;12;6;12;5;11;5;11;6;10;6;9;6;8;6;7;6;6;6;5;6;5;7;5;8;5;9;6;9;7;9;8;9;9;9;10;9;11;9;11;10;11;11;11;12;12;12;13;12;14;12;15;12;16;12
1;1;19;15;12;5;11;5;11;6;10;6;9;6;8;6;7;6;6;6;5;6;5;7;5;8;5;9;6;9;7;9;8;9;9;9;10;9;11;9;11;10;11;11;11;12;12;12;13;12;14;12;15;12;16;12;17;12
1;1;19;15;11;5;11;6;10;6;9;6;8;6;7;6;6;6;5;6;5;7;5;8;5;9;6;9;7;9;8;9;9;9;10;9;11;9;11;10;11;11;11;12;12;12;13;12;14;12;15;12;16;12;17;12;18;12
1;1;19;15;11;6;10;6;9;6;8;6;7;6;6;6;5;6;5;7;5;8;5;9;6;9;7;9;8;9;9;9;10;9;11;9;11;10;11;11;11;12;12;12;13;12;14;12;15;12;16;12;17;12;18;12;19;12
1;2;19;15;10;6;9;6;8;6;7;6;6;6;5;6;5;7;5;8;5;9;6;9;7;9;8;9;9;9;10;9;11;9;11;10;11;11;11;12;12;12;13;12;14;12;15;12;16;12;17;12;18;12;19;12;19;13
1;2;19;15;9;6;8;6;7;6;6;6;5;6;5;7;5;8;5;9;6;9;7;9;8;9;9;9;10;9;11;9;11;10;11;11;11;12;12;12;13;12;14;12;15;12;16;12;17;12;18;12;19;12;19;13;19;14
1;2;6;4;8;6;8;6;7;6;6;6;5;6;5;7;5;8;5;9;6;9;7;9;8;9;9;9;10;9;11;9;11;10;11;11;11;12;12;12;13;12;14;12;15;12;16;12;17;12;18;12;19;12;19;13;19;14;19;15
1;3;6;4;8;6;7;6;6;6;5;6;5;7;5;8;5;9;6;9;7;9;8;9;9;9;10;9;11;9;11;10;11;11;11;12;12;12;13;12;14;12;15;12;16;12;17;12;18;12;19;12;19;13;19;14;19;15;18;15
1;3;6;4;7;6;6;6;5;6;5;7;5;8;5;9;6;9;7;9;8;9;9;9;10;9;11;9;11;10;11;11;11;12;12;12;13;12;14;12;15;12;16;12;17;12;18;12;19;12;19;13;19;14;19;15;18;15;17;15
1;3;6;4;6;6;5;6;5;7;5;8;5;9;6;9;7;9;8;9;9;9;10;9;11;9;11;10;11;11;11;12;12;12;13;12;14;12;15;12;16;12;17;12;18;12;19;12;19;13;19;14;19;15;18;15;17;15;16;15
1;3;6;4;5;6;5;7;5;8;5;9;6;9;7;9;8;9;9;9;10;9;11;9;11;10;11;11;11;12;12;12;13;12;14;12;15;12;16;12;17;12;18;12;19;12;19;13;19;14;19;15;18;15;17;15;16;15;15;15
1;3;6;4;5;7;5;8;5;9;6;9;7;9;8;9;9;9;10;9;11;9;11;10;11;11;11;12;12;12;13;12;14;12;15;12;16;12;17;12;18;12;19;12;19;13;19;14;19;15;18;15;17;15;16;15;15;15;14;15
1;3;6;4;5;8;5;9;6;9;7;9;8;9;9;9;10;9;11;9;11;10;11;11;11;12;12;12;13;12;14;12;15;12;16;12;17;12;18;12;19;12;19;13;19;14;19;15;18;15;17;15;16;15;15;15;14;15;13;15
1;3;6;4;5;9;6;9;7;9;8;9;9;9;10;9;11;9;11;10;11;11;11;12;12;12;13;12;14;12;15;12;16;12;17;12;18;12;19;12;19;13;19;14;19;15;18;15;17;15;16;15;15;15;14;15;13;15;12;15
1;3;6;4;6;9;7;9;8;9;9;9;10;9;11;9;11;10;11;11;11;12;12;12;13;12;14;12;15;12;16;12;17;12;18;12;19;12;19;13;19;14;19;15;18;15;17;15;16;15;15;15;14;15;13;15;12;15;11;15
1;3;6;4;7;9;8;9;9;9;10;9;11;9;11;10;11;11;11;12;12;12;13;12;14;12;15;12;16;12;17;12;18;12;19;12;19;13;19;14;19;15;18;15;17;15;16;15;15;15;14;15;13;15;12;15;11;15;10;15
1;3;6;4;8;9;9;9;10;9;11;9;11;10;11;11;11;12;12;12;13;12;14;12;15;12;16;12;17;12;18;12;19;12;19;13;19;14;19;15;18;15;17;15;16;15;15;15;14;15;13;15;12;15;11;15;10;15;9;15
1;3;6;4;9;9;10;9;11;9;11;10;11;11;11;12;12;12;13;12;14;12;15;12;16;12;17;12;18;12;19;12;19;13;19;14;19;15;18;15;17;15;16;15;15;15;14;15;13;15;12;15;11;15;10;15;9;15;8;15
1;3;6;4;10;9;11;9;11;10;11;11;11;12;12;12;13;12;14;12;15;12;16;12;17;12;18;12;19;12;19;13;19;14;19;15;18;15;17;15;16;15;15;15;14;15;13;15;12;15;11;15;10;15;9;15;8;15;7;15
1;3;6;4;11;9;11;10;11;11;11;12;12;12;13;12;14;12;15;12;16;12;17;12;18;12;19;12;19;13;19;14;19;15;18;15;17;15;16;15;15;15;14;15;13;15;12;15;11;15;10;15;9;15;8;15;7;15;6;15
1;0;6;4;11;10;11;11;11;12;12;12;13;12;14;12;15;12;16;12;17;12;18;12;19;12;19;13;19;14;19;15;18;15;17;15;16;15;15;15;14;15;13;15;12;15;11;15;10;15;9;15;8;15;7;15;6;15;6;14
1;0;6;4;11;11;11;12;12;12;13;12;14;12;15;12;16;12;17;12;18;12;19;12;19;13;19;14;19;15;18;15;17;15;16;15;15;15;14;15;13;15;12;15;11;15;10;15;9;15;8;15;7;15;6;15;6;14;6;13
1;0;6;4;11;12;12;12;13;12;14;12;15;12;16;12;17;12;18;12;19;12;19;13;19;14;19;15;18;15;17;15;16;15;15;15;14;15;13;15;12;15;11;15;10;15;9;15;8;15;7;15;6;15;6;14;6;13;6;12
1;0;6;4;12;12;13;12;14;12;15;12;16;12;17;12;18;12;19;12;19;13;19;14;19;15;18;15;17;15;16;15;15;15;14;15;13;15;12;15;11;15;10;15;9;15;8;15;7;15;6;15;6;14;6;13;6;12;6;11
1;0;6;4;13;12;14;12;15;12;16;12;17;12;18;12;19;12;19;13;19;14;19;15;18;15;17;15;16;15;15;15;14;15;13;15;12;15;11;15;10;15;9;15;8;15;7;15;6;15;6;14;6;13;6;12;6;11;6;10
1;0;6;4;14;12;15;12;16;12;17;12;18;12;19;12;19;13;19;14;19;15;18;15;17;15;16;15;15;15;14;15;13;15;12;15;11;15;10;15;9;15;8;15;7;15;6;15;6;14;6;13;6;12;6;11;6;10;6;9
1;0;6;4;15;12;16;12;17;12;18;12;19;12;19;13;19;14;19;15;18;15;17;15;16;15;15;15;14;15;13;15;12;15;11;15;10;15;9;15;8;15;7;15;6;15;6;14;6;13;6;12;6;11;6;10;6;9;6;8
1;0;6;4;16;12;17;12;18;12;19;12;19;13;19;14;19;15;18;15;17;15;16;15;15;15;14;15;13;15;12;15;11;15;10;15;9;15;8;15;7;15;6;15;6;14;6;13;6;12;6;11;6;10;6;9;6;8;6;7
1;0;6;4;17;12;18;12;19;12;19;13;19;14;19;15;18;15;17;15;16;15;15;15;14;15;13;15;12;15;11;15;10;15;9;15;8;15;7;15;6;15;6;14;6;13;6;12;6;11;6;10;6;9;6;8;6;7;6;6
1;0;6;4;18;12;19;12;19;13;19;14;19;15;18;15;17;15;16;15;15;15;14;15;13;15;12;15;11;15;10;15;9;15;8;15;7;15;6;15;6;14;6;13;6;12;6;11;6;10;6;9;6;8;6;7;6;6;6;5
1;0;0;3;19;12;19;12;19;13;19;14;19;15;18;15;17;15;16;15;15;15;14;15;13;15;12;15;11;15;10;15;9;15;8;15;7;15;6;15;6;14;6;13;6;12;6;11;6;10;6;9;6;8;6;7;6;6;6;5;6;4
1;3;0;3;19;12;19;13;19;14;19;15;18;15;17;15;16;15;15;15;14;15;13;15;12;15;11;15;10;15;9;15;8;15;7;15;6;15;6;14;6;13;6;12;6;11;6;10;6;9;6;8;6;7;6;6;6;5;6;4;5;4
1;3;0;3;19;13;19;14;19;15;18;15;17;15;16;15;15;15;14;15;13;15;12;15;11;15;10;15;9;15;8;15;7;15;6;15;6;14;6;13;6;12;6;11;6;10;6;9;6;8;6;7;6;6;6;5;6;4;5;4;4;4
1;3;0;3;19;14;19;15;18;15;17;15;16;15;15;15;14;15;13;15;12;15;11;15;10;15;9;15;8;15;7;15;6;15;6;14;6;13;6;12;6;11;6;10;6;9;6;8;6;7;6;6;6;5;6;4;5;4;4;4;3;4
1;3;0;3;19;15;18;15;17;15;16;15;15;15;14;15;13;15;12;15;11;15;10;15;9;15;8;15;7;15;6;15;6;14;6;13;6;12;6;11;6;10;6;9;6;8;6;7;6;6;6;5;6;4;5;4;4;4;3;4;2;4
1;3;0;3;18;15;17;15;16;15;15;15;14;15;13;15;12;15;11;15;10;15;9;15;8;15;7;15;6;15;6;14;6;13;6;12;6;11;6;10;6;9;6;8;6;7;6;6;6;5;6;4;5;4;4;4;3;4;2;4;1;4
1;3;0;3;17;15;16;15;15;15;14;15;13;15;12;15;11;15;10;15;9;15;8;15;7;15;6;15;6;14;6;13;6;12;6;11;6;10;6;9;6;8;6;7;6;6;6;5;6;4;5;4;4;4;3;4;2;4;1;4;0;4
1;0;4;6;16;15;16;15;15;15;14;15;13;15;12;15;11;15;10;15;9;15;8;15;7;15;6;15;6;14;6;13;6;12;6;11;6;10;6;9;6;8;6;7;6;6;6;5;6;4;5;4;4;4;3;4;2;4;1;4;0;4;0;3
1;1;4;6;16;15;15;15;14;15;13;15;12;15;11;15;10;15;9;15;8;15;7;15;6;15;6;14;6;13;6;12;6;11;6;10;6;9;6;8;6;7;6;6;6;5;6;4;5;4;4;4;3;4;2;4;1;4;0;4;0;3;1;3
1;1;4;6;15;15;14;15;13;15;12;15;11;15;10;15;9;15;8;15;7;15;6;15;6;14;6;13;6;12;6;11;6;10;6;9;6;8;6;7;6;6;6;5;6;4;5;4;4;4;3;4;2;4;1;4;0;4;0;3;1;3;2;3
1;1;4;6;14;15;13;15;12;15;11;15;10;15;9;15;8;15;7;15;6;15;6;14;6;13;6;12;6;11;6;10;6;9;6;8;6;7;6;6;6;5;6;4;5;4;4;4;3;4;2;4;1;4;0;4;0;3;1;3;2;3;3;3
1;1;4;6;13;15;12;15;11;15;10;15;9;15;8;15;7;15;6;15;6;14;6;13;6;12;6;11;6;10;6;9;6;8;6;7;6;6;6;5;6;4;5;4;4;4;3;4;2;4;1;4;0;4;0;3;1;3;2;3;3;3;4;3
1;1;4;6;12;15;11;15;10;15;9;15;8;15;7;15;6;15;6;14;6;13;6;12;6;11;6;10;6;9;6;8;6;7;6;6;6;5;6;4;5;4;4;4;3;4;2;4;1;4;0;4;0;3;1;3;2;3;3;3;4;3;5;3
1;1;4;6;11;15;10;15;9;15;8;15;7;15;6;15;6;14;6;13;6;12;6;11;6;10;6;9;6;8;6;7;6;6;6;5;6;4;5;4;4;4;3;4;2;4;1;4;0;4;0;3;1;3;2;3;3;3;4;3;5;3;6;3
1;1;4;6;10;15;9;15;8;15;7;15;6;15;6;14;6;13;6;12;6;11;6;10;6;9;6;8;6;7;6;6;6;5;6;4;5;4;4;4;3;4;2;4;1;4;0;4;0;3;1;3;2;3;3;3;4;3;5;3;6;3;7;3
1;2;4;6;9;15;8;15;7;15;6;15;6;14;6;13;6;12;6;11;6;10;6;9;6;8;6;7;6;6;6;5;6;4;5;4;4;4;3;4;2;4;1;4;0;4;0;3;1;3;2;3;3;3;4;3;5;3;6;3;7;3;7;4
1;2;4;6;8;15;7;15;6;15;6;14;6;13;6;12;6;11;6;10;6;9;6;8;6;7;6;6;6;5;6;4;5;4;4;4;3;4;2;4;1;4;0;4;0;3;1;3;2;3;3;3;4;3;5;3;6;3;7;3;7;4;7;5
1;2;4;6;7;15;6;15;6;14;6;13;6;12;6;11;6;10;6;9;6;8;6;7;6;6;6;5;6;4;5;4;4;4;3;4;2;4;1;4;0;4;0;3;1;3;2;3;3;3;4;3;5;3;6;3;7;3;7;4;7;5;7;6
1;2;4;6;6;15;6;14;6;13;6;12;6;11;6;10;6;9;6;8;6;7;6;6;6;5;6;4;5;4;4;4;3;4;2;4;1;4;0;4;0;3;1;3;2;3;3;3;4;3;5;3;6;3;7;3;7;4;7;5;7;6;7;7
1;2;4;6;6;14;6;13;6;12;6;11;6;10;6;9;6;8;6;7;6;6;6;5;6;4;5;4;4;4;3;4;2;4;1;4;0;4;0;3;1;3;2;3;3;3;4;3;5;3;6;3;7;3;7;4;7;5;7;6;7;7;7;8
1;2;4;6;6;13;6;12;6;11;6;10;6;9;6;8;6;7;6;6;6;5;6;4;5;4;4;4;3;4;2;4;1;4;0;4;0;3;1;3;2;3;3;3;4;3;5;3;6;3;7;3;7;4;7;5;7;6;7;7;7;8;7;9
1;2;4;6;6;12;6;11;6;10;6;9;6;8;6;7;6;6;6;5;6;4;5;4;4;4;3;4;2;4;1;4;0;4;0;3;1;3;2;3;3;3;4;3;5;3;6;3;7;3;7;4;7;5;7;6;7;7;7;8;7;9;7;10
1;2;4;6;6;11;6;10;6;9;6;8;6;7;6;6;6;5;6;4;5;4;4;4;3;4;2;4;1;4;0;4;0;3;1;3;2;3;3;3;4;3;5;3;6;3;7;3;7;4;7;5;7;6;7;7;7;8;7;9;7;10;7;11
1;3;4;6;6;10;6;9;6;8;6;7;6;6;6;5;6;4;5;4;4;4;3;4;2;4;1;4;0;4;0;3;1;3;2;3;3;3;4;3;5;3;6;3;7;3;7;4;7;5;7;6;7;7;7;8;7;9;7;10;7;11;6;11
1;3;4;6;6;9;6;8;6;7;6;6;6;5;6;4;5;4;4;4;3;4;2;4;1;4;0;4;0;3;1;3;2;3;3;3;4;3;5;3;6;3;7;3;7;4;7;5;7;6;7;7;7;8;7;9;7;10;7;11;6;11;5;11
1;3;4;6;6;8;6;7;6;6;6;5;6;4;5;4;4;4;3;4;2;4;1;4;0;4;0;3;1;3;2;3;3;3;4;3;5;3;6;3;7;3;7;4;7;5;7;6;7;7;7;8;7;9;7;10;7;11;6;11;5;11;4;11
1;0;4;6;6;7;6;6;6;5;6;4;5;4;4;4;3;4;2;4;1;4;0;4;0;3;1;3;2;3;3;3;4;3;5;3;6;3;7;3;7;4;7;5;7;6;7;7;7;8;7;9;7;10;7;11;6;11;5;11;4;11;4;10
1;0;4;6;6;6;6;5;6;4;5;4;4;4;3;4;2;4;1;4;0;4;0;3;1;3;2;3;3;3;4;3;5;3;6;3;7;3;7;4;7;5;7;6;7;7;7;8;7;9;7;10;7;11;6;11;5;11;4;11;4;10;4;9
1;0;4;6;6;5;6;4;5;4;4;4;3;4;2;4;1;4;0;4;0;3;1;3;2;3;3;3;4;3;5;3;6;3;7;3;7;4;7;5;7;6;7;7;7;8;7;9;7;10;7;11;6;11;5;11;4;11;4;10;4;9;4;8
1;0;4;6;6;4;5;4;4;4;3;4;2;4;1;4;0;4;0;3;1;3;2;3;3;3;4;3;5;3;6;3;7;3;7;4;7;5;7;6;7;7;7;8;7;9;7;10;7;11;6;11;5;11;4;11;4;10;4;9;4;8;4;7
1;0;5;12;5;4;5;4;4;4;3;4;2;4;1;4;0;4;0;3;1;3;2;3;3;3;4;3;5;3;6;3;7;3;7;4;7;5;7;6;7;7;7;8;7;9;7;10;7;11;6;11;5;11;4;11;4;10;4;9;4;8;4;7;4;6
1;1;5;12;5;4;4;4;3;4;2;4;1;4;0;4;0;3;1;3;2;3;3;3;4;3;5;3;6;3;7;3;7;4;7;5;7;6;7;7;7;8;7;9;7;10;7;11;6;11;5;11;4;11;4;10;4;9;4;8;4;7;4;6;5;6
1;1;5;12;4;4;3;4;2;4;1;4;0;4;0;3;1;3;2;3;3;3;4;3;5;3;6;3;7;3;7;4;7;5;7;6;7;7;7;8;7;9;7;10;7;11;6;11;5;11;4;11;4;10;4;9;4;8;4;7;4;6;5;6;6;6
1;2;5;12;3;4;2;4;1;4;0;4;0;3;1;3;2;3;3;3;4;3;5;3;6;3;7;3;7;4;7;5;7;6;7;7;7;8;7;9;7;10;7;11;6;11;5;11;4;11;4;10;4;9;4;8;4;7;4;6;5;6;6;6;6;7
1;3;5;12;2;4;1;4;0;4;0;3;1;3;2;3;3;3;4;3;5;3;6;3;7;3;7;4;7;5;7;6;7;7;7;8;7;9;7;10;7;11;6;11;5;11;4;11;4;10;4;9;4;8;4;7;4;6;5;6;6;6;6;7;5;7
1;2;5;12;1;4;0;4;0;3;1;3;2;3;3;3;4;3;5;3;6;3;7;3;7;4;7;5;7;6;7;7;7;8;7;9;7;10;7;11;6;11;5;11;4;11;4;10;4;9;4;8;4;7;4;6;5;6;6;6;6;7;5;7;5;8
1;1;5;12;0;4;0;3;1;3;2;3;3;3;4;3;5;3;6;3;7;3;7;4;7;5;7;6;7;7;7;8;7;9;7;10;7;11;6;11;5;11;4;11;4;10;4;9;4;8;4;7;4;6;5;6;6;6;6;7;5;7;5;8;6;8
