20
1;1;17;12;8;10;9;10;10;10
1;2;17;12;9;10;10;10;10;11
1;2;17;12;10;10;10;11;10;12
1;1;17;12;10;11;10;12;11;12
1;1;17;12;10;12;11;12;12;12
1;1;17;12;11;12;12;12;13;12
1;1;17;12;12;12;13;12;14;12
1;1;17;12;13;12;14;12;15;12
1;1;17;12;14;12;15;12;16;12
1;1;10;6;15;12;15;12;16;12;17;12
1;0;10;6;15;12;16;12;17;12;17;11
1;0;10;6;16;12;17;12;17;11;17;10
1;0;10;6;17;12;17;11;17;10;17;9
1;0;10;6;17;11;17;10;17;9;17;8
1;0;10;6;17;10;17;9;17;8;17;7
1;0;10;6;17;9;17;8;17;7;17;6
1;3;10;6;17;8;17;7;17;6;16;6
1;3;10;6;17;7;17;6;16;6;15;6
1;3;10;6;17;6;16;6;15;6;14;6
1;3;10;6;16;6;15;6;14;6;13;6
1;3;10;6;15;6;14;6;13;6;12;6
1;3;10;6;14;6;13;6;12;6;11;6
1;3;10;19;13;6;13;6;12;6;11;6;10;6
1;2;10;19;13;6;12;6;11;6;10;6;10;7
1;2;10;19;12;6;11;6;10;6;10;7;10;8
1;2;10;19;11;6;10;6;10;7;10;8;10;9
1;2;10;19;10;6;10;7;10;8;10;9;10;10
1;2;10;19;10;7;10;8;10;9;10;10;10;11
1;2;10;19;10;8;10;9;10;10;10;11;10;12
1;2;10;19;10;9;10;10;10;11;10;12;10;13
1;2;10;19;10;10;10;11;10;12;10;13;10;14
1;2;10;19;10;11;10;12;10;13;10;14;10;15
1;2;10;19;10;12;10;13;10;14;10;15;10;16
1;2;10;19;10;13;10;14;10;15;10;16;10;17
1;2;10;19;10;14;10;15;10;16;10;17;10;18
1;2;1;7;10;15;10;15;10;16;10;17;10;18;10;19
1;3;1;7;10;15;10;16;10;17;10;18;10;19;9;19
1;0;1;7;10;16;10;17;10;18;10;19;9;19;9;18
1;0;1;7;10;17;10;18;10;19;9;19;9;18;9;17
1;0;1;7;10;18;10;19;9;19;9;18;9;17;9;16
1;0;1;7;10;19;9;19;9;18;9;17;9;16;9;15
1;0;1;7;9;19;9;18;9;17;9;16;9;15;9;14
1;0;1;7;9;18;9;17;9;16;9;15;9;14;9;13
1;0;1;7;9;17;9;16;9;15;9;14;9;13;9;12
1;0;1;7;9;16;9;15;9;14;9;13;9;12;9;11
1;0;1;7;9;15;9;14;9;13;9;12;9;11;9;10
1;0;1;7;9;14;9;13;9;12;9;11;9;10;9;9
1;0;1;7;9;13;9;12;9;11;9;10;9;9;9;8
1;0;1;7;9;12;9;11;9;10;9;9;9;8;9;7
1;3;1;7;9;11;9;10;9;9;9;8;9;7;8;7
1;3;1;7;9;10;9;9;9;8;9;7;8;7;7;7
1;3;1;7;9;9;9;8;9;7;8;7;7;7;6;7
1;3;1;7;9;8;9;7;8;7;7;7;6;7;5;7
1;3;1;7;9;7;8;7;7;7;6;7;5;7;4;7
1;3;1;7;8;7;7;7;6;7;5;7;4;7;3;7
1;3;1;7;7;7;6;7;5;7;4;7;3;7;2;7
1;3;15;12;6;7;6;7;5;7;4;7;3;7;2;7;1;7
1;2;15;12;6;7;5;7;4;7;3;7;2;7;1;7;1;8
1;2;15;12;5;7;4;7;3;7;2;7;1;7;1;8;1;9
1;2;15;12;4;7;3;7;2;7;1;7;1;8;1;9;1;10
1;2;15;12;3;7;2;7;1;7;1;8;1;9;1;10;1;11
1;2;15;12;2;7;1;7;1;8;1;9;1;10;1;11;1;12
1;1;15;12;1;7;1;8;1;9;1;10;1;11;1;12;2;12
1;1;15;12;1;8;1;9;1;10;1;11;1;12;2;12;3;12
1;1;15;12;1;9;1;10;1;11;1;12;2;12;3;12;4;12
1;1;15;12;1;10;1;11;1;12;2;12;3;12;4;12;5;12
1;1;15;12;1;11;1;12;2;12;3;12;4;12;5;12;6;12
1;1;15;12;1;12;2;12;3;12;4;12;5;12;6;12;7;12
1;1;15;12;2;12;3;12;4;12;5;12;6;12;7;12;8;12
1;1;15;12;3;12;4;12;5;12;6;12;7;12;8;12;9;12
1;1;15;12;4;12;5;12;6;12;7;12;8;12;9;12;10;12
1;1;15;12;5;12;6;12;7;12;8;12;9;12;10;12;11;12
1;1;15;12;6;12;7;12;8;12;9;12;10;12;11;12;12;12
1;1;15;12;7;12;8;12;9;12;10;12;11;12;12;12;13;12
1;1;15;12;8;12;9;12;10;12;11;12;12;12;13;12;14;12
1;1;17;18;9;12;9;12;10;12;11;12;12;12;13;12;14;12;15;12
1;1;17;18;9;12;10;12;11;12;12;12;13;12;14;12;15;12;16;12
1;1;17;18;10;12;11;12;12;12;13;12;14;12;15;12;16;12;17;12
1;2;17;18;11;12;12;12;13;12;14;12;15;12;16;12;17;12;17;13
1;2;17;18;12;12;13;12;14;12;15;12;16;12;17;12;17;13;17;14
1;2;17;18;13;12;14;12;15;12;16;12;17;12;17;13;17;14;17;15
1;2;17;18;14;12;15;12;16;12;17;12;17;13;17;14;17;15;17;16
1;2;17;18;15;12;16;12;17;12;17;13;17;14;17;15;17;16;17;17
1;2;4;5;16;12;16;12;17;12;17;13;17;14;17;15;17;16;17;17;17;18
1;3;4;5;16;12;17;12;17;13;17;14;17;15;17;16;17;17;17;18;16;18
1;3;4;5;17;12;17;13;17;14;17;15;17;16;17;17;17;18;16;18;15;18
1;0;4;5;17;13;17;14;17;15;17;16;17;17;17;18;16;18;15;18;15;17
1;0;4;5;17;14;17;15;17;16;17;17;17;18;16;18;15;18;15;17;15;16
1;0;4;5;17;15;17;16;17;17;17;18;16;18;15;18;15;17;15;16;15;15
1;0;4;5;17;16;17;17;17;18;16;18;15;18;15;17;15;16;15;15;15;14
1;0;4;5;17;17;17;18;16;18;15;18;15;17;15;16;15;15;15;14;15;13
1;3;4;5;17;18;16;18;15;18;15;17;15;16;15;15;15;14;15;13;14;13
1;3;4;5;16;18;15;18;15;17;15;16;15;15;15;14;15;13;14;13;13;13
1;0;4;5;15;18;15;17;15;16;15;15;15;14;15;13;14;13;13;13;13;12
1;0;4;5;15;17;15;16;15;15;15;14;15;13;14;13;13;13;13;12;13;11
1;0;4;5;15;16;15;15;15;14;15;13;14;13;13;13;13;12;13;11;13;10
1;0;4;5;15;15;15;14;15;13;14;13;13;13;13;12;13;11;13;10;13;9
1;0;4;5;15;14;15;13;14;13;13;13;13;12;13;11;13;10;13;9;13;8
1;0;4;5;15;13;14;13;13;13;13;12;13;11;13;10;13;9;13;8;13;7
1;0;4;5;14;13;13;13;13;12;13;11;13;10;13;9;13;8;13;7;13;6
1;0;4;5;13;13;13;12;13;11;13;10;13;9;13;8;13;7;13;6;13;5
1;3;4;5;13;12;13;11;13;10;13;9;13;8;13;7;13;6;13;5;12;5
1;3;4;5;13;11;13;10;13;9;13;8;13;7;13;6;13;5;12;5;11;5
1;3;4;5;13;10;13;9;13;8;13;7;13;6;13;5;12;5;11;5;10;5
1;3;4;5;13;9;13;8;13;7;13;6;13;5;12;5;11;5;10;5;9;5
1;3;4;5;13;8;13;7;13;6;13;5;12;5;11;5;10;5;9;5;8;5
1;3;4;5;13;7;13;6;13;5;12;5;11;5;10;5;9;5;8;5;7;5
1;3;4;5;13;6;13;5;12;5;11;5;10;5;9;5;8;5;7;5;6;5
1;3;4;5;13;5;12;5;11;5;10;5;9;5;8;5;7;5;6;5;5;5
1;3;12;3;12;5;12;5;11;5;10;5;9;5;8;5;7;5;6;5;5;5;4;5
1;0;12;3;12;5;11;5;10;5;9;5;8;5;7;5;6;5;5;5;4;5;4;4
1;1;12;3;11;5;10;5;9;5;8;5;7;5;6;5;5;5;4;5;4;4;5;4
1;1;12;3;10;5;9;5;8;5;7;5;6;5;5;5;4;5;4;4;5;4;6;4
1;1;12;3;9;5;8;5;7;5;6;5;5;5;4;5;4;4;5;4;6;4;7;4
1;1;12;3;8;5;7;5;6;5;5;5;4;5;4;4;5;4;6;4;7;4;8;4
1;1;12;3;7;5;6;5;5;5;4;5;4;4;5;4;6;4;7;4;8;4;9;4
1;0;12;3;6;5;5;5;4;5;4;4;5;4;6;4;7;4;8;4;9;4;9;3
1;1;12;3;5;5;4;5;4;4;5;4;6;4;7;4;8;4;9;4;9;3;10;3
1;1;12;3;4;5;4;4;5;4;6;4;7;4;8;4;9;4;9;3;10;3;11;3
1;1;14;13;4;4;4;4;5;4;6;4;7;4;8;4;9;4;9;3;10;3;11;3;12;3
1;1;14;13;4;4;5;4;6;4;7;4;8;4;9;4;9;3;10;3;11;3;12;3;13;3
1;1;14;13;5;4;6;4;7;4;8;4;9;4;9;3;10;3;11;3;12;3;13;3;14;3
1;2;14;13;6;4;7;4;8;4;9;4;9;3;10;3;11;3;12;3;13;3;14;3;14;4
1;2;14;13;7;4;8;4;9;4;9;3;10;3;11;3;12;3;13;3;14;3;14;4;14;5
1;2;14;13;8;4;9;4;9;3;10;3;11;3;12;3;13;3;14;3;14;4;14;5;14;6
1;2;14;13;9;4;9;3;10;3;11;3;12;3;13;3;14;3;14;4;14;5;14;6;14;7
1;2;14;13;9;3;10;3;11;3;12;3;13;3;14;3;14;4;14;5;14;6;14;7;14;8
1;2;14;13;10;3;11;3;12;3;13;3;14;3;14;4;14;5;14;6;14;7;14;8;14;9
1;2;14;13;11;3;12;3;13;3;14;3;14;4;14;5;14;6;14;7;14;8;14;9;14;10
1;2;14;13;12;3;13;3;14;3;14;4;14;5;14;6;14;7;14;8;14;9;14;10;14;11
1;2;14;13;13;3;14;3;14;4;14;5;14;6;14;7;14;8;14;9;14;10;14;11;14;12
1;2;6;10;14;3;14;3;14;4;14;5;14;6;14;7;14;8;14;9;14;10;14;11;14;12;14;13
1;3;6;10;14;3;14;4;14;5;14;6;14;7;14;8;14;9;14;10;14;11;14;12;14;13;13;13
1;0;6;10;14;4;14;5;14;6;14;7;14;8;14;9;14;10;14;11;14;12;14;13;13;13;13;12
1;0;6;10;14;5;14;6;14;7;14;8;14;9;14;10;14;11;14;12;14;13;13;13;13;12;13;11
1;0;6;10;14;6;14;7;14;8;14;9;14;10;14;11;14;12;14;13;13;13;13;12;13;11;13;10
1;3;6;10;14;7;14;8;14;9;14;10;14;11;14;12;14;13;13;13;13;12;13;11;13;10;12;10
1;3;6;10;14;8;14;9;14;10;14;11;14;12;14;13;13;13;13;12;13;11;13;10;12;10;11;10
1;3;6;10;14;9;14;10;14;11;14;12;14;13;13;13;13;12;13;11;13;10;12;10;11;10;10;10
1;3;6;10;14;10;14;11;14;12;14;13;13;13;13;12;13;11;13;10;12;10;11;10;10;10;9;10
1;3;6;10;14;11;14;12;14;13;13;13;13;12;13;11;13;10;12;10;11;10;10;10;9;10;8;10
1;3;6;10;14;12;14;13;13;13;13;12;13;11;13;10;12;10;11;10;10;10;9;10;8;10;7;10
1;3;3;18;14;13;14;13;13;13;13;12;13;11;13;10;12;10;11;10;10;10;9;10;8;10;7;10;6;10
1;3;3;18;14;13;13;13;13;12;13;11;13;10;12;10;11;10;10;10;9;10;8;10;7;10;6;10;5;10
1;3;3;18;13;13;13;12;13;11;13;10;12;10;11;10;10;10;9;10;8;10;7;10;6;10;5;10;4;10
1;3;3;18;13;12;13;11;13;10;12;10;11;10;10;10;9;10;8;10;7;10;6;10;5;10;4;10;3;10
1;2;3;18;13;11;13;10;12;10;11;10;10;10;9;10;8;10;7;10;6;10;5;10;4;10;3;10;3;11
1;2;3;18;13;10;12;10;11;10;10;10;9;10;8;10;7;10;6;10;5;10;4;10;3;10;3;11;3;12
1;2;3;18;12;10;11;10;10;10;9;10;8;10;7;10;6;10;5;10;4;10;3;10;3;11;3;12;3;13
1;2;3;18;11;10;10;10;9;10;8;10;7;10;6;10;5;10;4;10;3;10;3;11;3;12;3;13;3;14
1;2;3;18;10;10;9;10;8;10;7;10;6;10;5;10;4;10;3;10;3;11;3;12;3;13;3;14;3;15
1;2;3;18;9;10;8;10;7;10;6;10;5;10;4;10;3;10;3;11;3;12;3;13;3;14;3;15;3;16
1;2;3;18;8;10;7;10;6;10;5;10;4;10;3;10;3;11;3;12;3;13;3;14;3;15;3;16;3;17
1;2;6;11;7;10;7;10;6;10;5;10;4;10;3;10;3;11;3;12;3;13;3;14;3;15;3;16;3;17;3;18
1;1;6;11;7;10;6;10;5;10;4;10;3;10;3;11;3;12;3;13;3;14;3;15;3;16;3;17;3;18;4;18
1;1;6;11;6;10;5;10;4;10;3;10;3;11;3;12;3;13;3;14;3;15;3;16;3;17;3;18;4;18;5;18
1;1;6;11;5;10;4;10;3;10;3;11;3;12;3;13;3;14;3;15;3;16;3;17;3;18;4;18;5;18;6;18
1;0;6;11;4;10;3;10;3;11;3;12;3;13;3;14;3;15;3;16;3;17;3;18;4;18;5;18;6;18;6;17
1;0;6;11;3;10;3;11;3;12;3;13;3;14;3;15;3;16;3;17;3;18;4;18;5;18;6;18;6;17;6;16
1;0;6;11;3;11;3;12;3;13;3;14;3;15;3;16;3;17;3;18;4;18;5;18;6;18;6;17;6;16;6;15
1;0;6;11;3;12;3;13;3;14;3;15;3;16;3;17;3;18;4;18;5;18;6;18;6;17;6;16;6;15;6;14
1;0;6;11;3;13;3;14;3;15;3;16;3;17;3;18;4;18;5;18;6;18;6;17;6;16;6;15;6;14;6;13
1;0;6;11;3;14;3;15;3;16;3;17;3;18;4;18;5;18;6;18;6;17;6;16;6;15;6;14;6;13;6;12
1;0;5;13;3;15;3;15;3;16;3;17;3;18;4;18;5;18;6;18;6;17;6;16;6;15;6;14;6;13;6;12;6;11
1;3;5;13;3;15;3;16;3;17;3;18;4;18;5;18;6;18;6;17;6;16;6;15;6;14;6;13;6;12;6;11;5;11
1;2;5;13;3;16;3;17;3;18;4;18;5;18;6;18;6;17;6;16;6;15;6;14;6;13;6;12;6;11;5;11;5;12
1;2;10;19;3;17;3;17;3;18;4;18;5;18;6;18;6;17;6;16;6;15;6;14;6;13;6;12;6;11;5;11;5;12;5;13
1;2;10;19;3;17;3;18;4;18;5;18;6;18;6;17;6;16;6;15;6;14;6;13;6;12;6;11;5;11;5;12;5;13;5;14
1;2;10;19;3;18;4;18;5;18;6;18;6;17;6;16;6;15;6;14;6;13;6;12;6;11;5;11;5;12;5;13;5;14;5;15
1;2;10;19;4;18;5;18;6;18;6;17;6;16;6;15;6;14;6;13;6;12;6;11;5;11;5;12;5;13;5;14;5;15;5;16
1;2;10;19;5;18;6;18;6;17;6;16;6;15;6;14;6;13;6;12;6;11;5;11;5;12;5;13;5;14;5;15;5;16;5;17
1;2;10;19;6;18;6;17;6;16;6;15;6;14;6;13;6;12;6;11;5;11;5;12;5;13;5;14;5;15;5;16;5;17;5;18
1;2;10;19;6;17;6;16;6;15;6;14;6;13;6;12;6;11;5;11;5;12;5;13;5;14;5;15;5;16;5;17;5;18;5;19
1;1;10;19;6;16;6;15;6;14;6;13;6;12;6;11;5;11;5;12;5;13;5;14;5;15;5;16;5;17;5;18;5;19;6;19
1;1;10;19;6;15;6;14;6;13;6;12;6;11;5;11;5;12;5;13;5;14;5;15;5;16;5;17;5;18;5;19;6;19;7;19
1;1;10;19;6;14;6;13;6;12;6;11;5;11;5;12;5;13;5;14;5;15;5;16;5;17;5;18;5;19;6;19;7;19;8;19
1;1;10;19;6;13;6;12;6;11;5;11;5;12;5;13;5;14;5;15;5;16;5;17;5;18;5;19;6;19;7;19;8;19;9;19
1;1;18;2;6;12;6;12;6;11;5;11;5;12;5;13;5;14;5;15;5;16;5;17;5;18;5;19;6;19;7;19;8;19;9;19;10;19
1;0;18;2;6;12;6;11;5;11;5;12;5;13;5;14;5;15;5;16;5;17;5;18;5;19;6;19;7;19;8;19;9;19;10;19;10;18
1;0;18;2;6;11;5;11;5;12;5;13;5;14;5;15;5;16;5;17;5;18;5;19;6;19;7;19;8;19;9;19;10;19;10;18;10;17
1;0;18;2;5;11;5;12;5;13;5;14;5;15;5;16;5;17;5;18;5;19;6;19;7;19;8;19;9;19;10;19;10;18;10;17;10;16
1;0;18;2;5;12;5;13;5;14;5;15;5;16;5;17;5;18;5;19;6;19;7;19;8;19;9;19;10;19;10;18;10;17;10;16;10;15
1;0;18;2;5;13;5;14;5;15;5;16;5;17;5;18;5;19;6;19;7;19;8;19;9;19;10;19;10;18;10;17;10;16;10;15;10;14
1;1;18;2;5;14;5;15;5;16;5;17;5;18;5;19;6;19;7;19;8;19;9;19;10;19;10;18;10;17;10;16;10;15;10;14;11;14
1;0;18;2;5;15;5;16;5;17;5;18;5;19;6;19;7;19;8;19;9;19;10;19;10;18;10;17;10;16;10;15;10;14;11;14;11;13
1;1;18;2;5;16;5;17;5;18;5;19;6;19;7;19;8;19;9;19;10;19;10;18;10;17;10;16;10;15;10;14;11;14;11;13;12;13
1;1;18;2;5;17;5;18;5;19;6;19;7;19;8;19;9;19;10;19;10;18;10;17;10;16;10;15;10;14;11;14;11;13;12;13;13;13
1;1;18;2;5;18;5;19;6;19;7;19;8;19;9;19;10;19;10;18;10;17;10;16;10;15;10;14;11;14;11;13;12;13;13;13;14;13
1;1;18;2;5;19;6;19;7;19;8;19;9;19;10;19;10;18;10;17;10;16;10;15;10;14;11;14;11;13;12;13;13;13;14;13;15;13
1;1;18;2;6;19;7;19;8;19;9;19;10;19;10;18;10;17;10;16;10;15;10;14;11;14;11;13;12;13;13;13;14;13;15;13;16;13
1;1;18;2;7;19;8;19;9;19;10;19;10;18;10;17;10;16;10;15;10;14;11;14;11;13;12;13;13;13;14;13;15;13;16;13;17;13
1;0;18;2;8;19;9;19;10;19;10;18;10;17;10;16;10;15;10;14;11;14;11;13;12;13;13;13;14;13;15;13;16;13;17;13;17;12
1;1;18;2;9;19;10;19;10;18;10;17;10;16;10;15;10;14;11;14;11;13;12;13;13;13;14;13;15;13;16;13;17;13;17;12;18;12
1;0;18;2;10;19;10;18;10;17;10;16;10;15;10;14;11;14;11;13;12;13;13;13;14;13;15;13;16;13;17;13;17;12;18;12;18;11
1;0;18;2;10;18;10;17;10;16;10;15;10;14;11;14;11;13;12;13;13;13;14;13;15;13;16;13;17;13;17;12;18;12;18;11;18;10
1;0;18;2;10;17;10;16;10;15;10;14;11;14;11;13;12;13;13;13;14;13;15;13;16;13;17;13;17;12;18;12;18;11;18;10;18;9
1;0;18;2;10;16;10;15;10;14;11;14;11;13;12;13;13;13;14;13;15;13;16;13;17;13;17;12;18;12;18;11;18;10;18;9;18;8
1;0;18;2;10;15;10;14;11;14;11;13;12;13;13;13;14;13;15;13;16;13;17;13;17;12;18;12;18;11;18;10;18;9;18;8;18;7
1;0;18;2;10;14;11;14;11;13;12;13;13;13;14;13;15;13;16;13;17;13;17;12;18;12;18;11;18;10;18;9;18;8;18;7;18;6
1;0;18;2;11;14;11;13;12;13;13;13;14;13;15;13;16;13;17;13;17;12;18;12;18;11;18;10;18;9;18;8;18;7;18;6;18;5
1;0;18;2;11;13;12;13;13;13;14;13;15;13;16;13;17;13;17;12;18;12;18;11;18;10;18;9;18;8;18;7;18;6;18;5;18;4
1;0;18;2;12;13;13;13;14;13;15;13;16;13;17;13;17;12;18;12;18;11;18;10;18;9;18;8;18;7;18;6;18;5;18;4;18;3
1;0;1;12;13;13;13;13;14;13;15;13;16;13;17;13;17;12;18;12;18;11;18;10;18;9;18;8;18;7;18;6;18;5;18;4;18;3;18;2
1;3;1;12;13;13;14;13;15;13;16;13;17;13;17;12;18;12;18;11;18;10;18;9;18;8;18;7;18;6;18;5;18;4;18;3;18;2;17;2
1;3;1;12;14;13;15;13;16;13;17;13;17;12;18;12;18;11;18;10;18;9;18;8;18;7;18;6;18;5;18;4;18;3;18;2;17;2;16;2
1;3;1;12;15;13;16;13;17;13;17;12;18;12;18;11;18;10;18;9;18;8;18;7;18;6;18;5;18;4;18;3;18;2;17;2;16;2;15;2
1;3;1;12;16;13;17;13;17;12;18;12;18;11;18;10;18;9;18;8;18;7;18;6;18;5;18;4;18;3;18;2;17;2;16;2;15;2;14;2
1;3;1;12;17;13;17;12;18;12;18;11;18;10;18;9;18;8;18;7;18;6;18;5;18;4;18;3;18;2;17;2;16;2;15;2;14;2;13;2
1;3;1;12;17;12;18;12;18;11;18;10;18;9;18;8;18;7;18;6;18;5;18;4;18;3;18;2;17;2;16;2;15;2;14;2;13;2;12;2
1;3;1;12;18;12;18;11;18;10;18;9;18;8;18;7;18;6;18;5;18;4;18;3;18;2;17;2;16;2;15;2;14;2;13;2;12;2;11;2
1;3;1;12;18;11;18;10;18;9;18;8;18;7;18;6;18;5;18;4;18;3;18;2;17;2;16;2;15;2;14;2;13;2;12;2;11;2;10;2
1;3;1;12;18;10;18;9;18;8;18;7;18;6;18;5;18;4;18;3;18;2;17;2;16;2;15;2;14;2;13;2;12;2;11;2;10;2;9;2
1;3;1;12;18;9;18;8;18;7;18;6;18;5;18;4;18;3;18;2;17;2;16;2;15;2;14;2;13;2;12;2;11;2;10;2;9;2;8;2
1;2;1;12;18;8;18;7;18;6;18;5;18;4;18;3;18;2;17;2;16;2;15;2;14;2;13;2;12;2;11;2;10;2;9;2;8;2;8;3
1;2;1;12;18;7;18;6;18;5;18;4;18;3;18;2;17;2;16;2;15;2;14;2;13;2;12;2;11;2;10;2;9;2;8;2;8;3;8;4
1;2;1;12;18;6;18;5;18;4;18;3;18;2;17;2;16;2;15;2;14;2;13;2;12;2;11;2;10;2;9;2;8;2;8;3;8;4;8;5
1;3;1;12;18;5;18;4;18;3;18;2;17;2;16;2;15;2;14;2;13;2;12;2;11;2;10;2;9;2;8;2;8;3;8;4;8;5;7;5
1;3;1;12;18;4;18;3;18;2;17;2;16;2;15;2;14;2;13;2;12;2;11;2;10;2;9;2;8;2;8;3;8;4;8;5;7;5;6;5
1;3;1;12;18;3;18;2;17;2;16;2;15;2;14;2;13;2;12;2;11;2;10;2;9;2;8;2;8;3;8;4;8;5;7;5;6;5;5;5
1;3;1;12;18;2;17;2;16;2;15;2;14;2;13;2;12;2;11;2;10;2;9;2;8;2;8;3;8;4;8;5;7;5;6;5;5;5;4;5
1;3;1;12;17;2;16;2;15;2;14;2;13;2;12;2;11;2;10;2;9;2;8;2;8;3;8;4;8;5;7;5;6;5;5;5;4;5;3;5
1;3;1;12;16;2;15;2;14;2;13;2;12;2;11;2;10;2;9;2;8;2;8;3;8;4;8;5;7;5;6;5;5;5;4;5;3;5;2;5
1;3;1;12;15;2;14;2;13;2;12;2;11;2;10;2;9;2;8;2;8;3;8;4;8;5;7;5;6;5;5;5;4;5;3;5;2;5;1;5
1;2;1;12;14;2;13;2;12;2;11;2;10;2;9;2;8;2;8;3;8;4;8;5;7;5;6;5;5;5;4;5;3;5;2;5;1;5;1;6
1;2;1;12;13;2;12;2;11;2;10;2;9;2;8;2;8;3;8;4;8;5;7;5;6;5;5;5;4;5;3;5;2;5;1;5;1;6;1;7
1;2;1;12;12;2;11;2;10;2;9;2;8;2;8;3;8;4;8;5;7;5;6;5;5;5;4;5;3;5;2;5;1;5;1;6;1;7;1;8
1;2;1;12;11;2;10;2;9;2;8;2;8;3;8;4;8;5;7;5;6;5;5;5;4;5;3;5;2;5;1;5;1;6;1;7;1;8;1;9
1;2;1;12;10;2;9;2;8;2;8;3;8;4;8;5;7;5;6;5;5;5;4;5;3;5;2;5;1;5;1;6;1;7;1;8;1;9;1;10
1;2;1;12;9;2;8;2;8;3;8;4;8;5;7;5;6;5;5;5;4;5;3;5;2;5;1;5;1;6;1;7;1;8;1;9;1;10;1;11
1;2;14;1;8;2;8;2;8;3;8;4;8;5;7;5;6;5;5;5;4;5;3;5;2;5;1;5;1;6;1;7;1;8;1;9;1;10;1;11;1;12
1;1;14;1;8;2;8;3;8;4;8;5;7;5;6;5;5;5;4;5;3;5;2;5;1;5;1;6;1;7;1;8;1;9;1;10;1;11;1;12;2;12
1;1;14;1;8;3;8;4;8;5;7;5;6;5;5;5;4;5;3;5;2;5;1;5;1;6;1;7;1;8;1;9;1;10;1;11;1;12;2;12;3;12
1;1;14;1;8;4;8;5;7;5;6;5;5;5;4;5;3;5;2;5;1;5;1;6;1;7;1;8;1;9;1;10;1;11;1;12;2;12;3;12;4;12
1;1;14;1;8;5;7;5;6;5;5;5;4;5;3;5;2;5;1;5;1;6;1;7;1;8;1;9;1;10;1;11;1;12;2;12;3;12;4;12;5;12
1;1;14;1;7;5;6;5;5;5;4;5;3;5;2;5;1;5;1;6;1;7;1;8;1;9;1;10;1;11;1;12;2;12;3;12;4;12;5;12;6;12
1;1;14;1;6;5;5;5;4;5;3;5;2;5;1;5;1;6;1;7;1;8;1;9;1;10;1;11;1;12;2;12;3;12;4;12;5;12;6;12;7;12
1;1;14;1;5;5;4;5;3;5;2;5;1;5;1;6;1;7;1;8;1;9;1;10;1;11;1;12;2;12;3;12;4;12;5;12;6;12;7;12;8;12
1;1;14;1;4;5;3;5;2;5;1;5;1;6;1;7;1;8;1;9;1;10;1;11;1;12;2;12;3;12;4;12;5;12;6;12;7;12;8;12;9;12
1;1;14;1;3;5;2;5;1;5;1;6;1;7;1;8;1;9;1;10;1;11;1;12;2;12;3;12;4;12;5;12;6;12;7;12;8;12;9;12;10;12
1;1;14;1;2;5;1;5;1;6;1;7;1;8;1;9;1;10;1;11;1;12;2;12;3;12;4;12;5;12;6;12;7;12;8;12;9;12;10;12;11;12
1;1;14;1;1;5;1;6;1;7;1;8;1;9;1;10;1;11;1;12;2;12;3;12;4;12;5;12;6;12;7;12;8;12;9;12;10;12;11;12;12;12
1;1;14;1;1;6;1;7;1;8;1;9;1;10;1;11;1;12;2;12;3;12;4;12;5;12;6;12;7;12;8;12;9;12;10;12;11;12;12;12;13;12
1;1;14;1;1;7;1;8;1;9;1;10;1;11;1;12;2;12;3;12;4;12;5;12;6;12;7;12;8;12;9;12;10;12;11;12;12;12;13;12;14;12
1;0;14;1;1;8;1;9;1;10;1;11;1;12;2;12;3;12;4;12;5;12;6;12;7;12;8;12;9;12;10;12;11;12;12;12;13;12;14;12;14;11
1;0;14;1;1;9;1;10;1;11;1;12;2;12;3;12;4;12;5;12;6;12;7;12;8;12;9;12;10;12;11;12;12;12;13;12;14;12;14;11;14;10
1;0;14;1;1;10;1;11;1;12;2;12;3;12;4;12;5;12;6;12;7;12;8;12;9;12;10;12;11;12;12;12;13;12;14;12;14;11;14;10;14;9
1;0;14;1;1;11;1;12;2;12;3;12;4;12;5;12;6;12;7;12;8;12;9;12;10;12;11;12;12;12;13;12;14;12;14;11;14;10;14;9;14;8
1;0;14;1;1;12;2;12;3;12;4;12;5;12;6;12;7;12;8;12;9;12;10;12;11;12;12;12;13;12;14;12;14;11;14;10;14;9;14;8;14;7
1;0;14;1;2;12;3;12;4;12;5;12;6;12;7;12;8;12;9;12;10;12;11;12;12;12;13;12;14;12;14;11;14;10;14;9;14;8;14;7;14;6
1;0;14;1;3;12;4;12;5;12;6;12;7;12;8;12;9;12;10;12;11;12;12;12;13;12;14;12;14;11;14;10;14;9;14;8;14;7;14;6;14;5
1;0;14;1;4;12;5;12;6;12;7;12;8;12;9;12;10;12;11;12;12;12;13;12;14;12;14;11;14;10;14;9;14;8;14;7;14;6;14;5;14;4
1;0;14;1;5;12;6;12;7;12;8;12;9;12;10;12;11;12;12;12;13;12;14;12;14;11;14;10;14;9;14;8;14;7;14;6;14;5;14;4;14;3
1;0;14;1;6;12;7;12;8;12;9;12;10;12;11;12;12;12;13;12;14;12;14;11;14;10;14;9;14;8;14;7;14;6;14;5;14;4;14;3;14;2
1;0;3;2;7;12;7;12;8;12;9;12;10;12;11;12;12;12;13;12;14;12;14;11;14;10;14;9;14;8;14;7;14;6;14;5;14;4;14;3;14;2;14;1
1;3;3;2;7;12;8;12;9;12;10;12;11;12;12;12;13;12;14;12;14;11;14;10;14;9;14;8;14;7;14;6;14;5;14;4;14;3;14;2;14;1;13;1
1;3;3;2;8;12;9;12;10;12;11;12;12;12;13;12;14;12;14;11;14;10;14;9;14;8;14;7;14;6;14;5;14;4;14;3;14;2;14;1;13;1;12;1
1;3;3;2;9;12;10;12;11;12;12;12;13;12;14;12;14;11;14;10;14;9;14;8;14;7;14;6;14;5;14;4;14;3;14;2;14;1;13;1;12;1;11;1
1;3;3;2;10;12;11;12;12;12;13;12;14;12;14;11;14;10;14;9;14;8;14;7;14;6;14;5;14;4;14;3;14;2;14;1;13;1;12;1;11;1;10;1
1;3;3;2;11;12;12;12;13;12;14;12;14;11;14;10;14;9;14;8;14;7;14;6;14;5;14;4;14;3;14;2;14;1;13;1;12;1;11;1;10;1;9;1
1;3;3;2;12;12;13;12;14;12;14;11;14;10;14;9;14;8;14;7;14;6;14;5;14;4;14;3;14;2;14;1;13;1;12;1;11;1;10;1;9;1;8;1
1;3;3;2;13;12;14;12;14;11;14;10;14;9;14;8;14;7;14;6;14;5;14;4;14;3;14;2;14;1;13;1;12;1;11;1;10;1;9;1;8;1;7;1
1;3;3;2;14;12;14;11;14;10;14;9;14;8;14;7;14;6;14;5;14;4;14;3;14;2;14;1;13;1;12;1;11;1;10;1;9;1;8;1;7;1;6;1
1;3;3;2;14;11;14;10;14;9;14;8;14;7;14;6;14;5;14;4;14;3;14;2;14;1;13;1;12;1;11;1;10;1;9;1;8;1;7;1;6;1;5;1
1;3;3;2;14;10;14;9;14;8;14;7;14;6;14;5;14;4;14;3;14;2;14;1;13;1;12;1;11;1;10;1;9;1;8;1;7;1;6;1;5;1;4;1
1;3;3;2;14;9;14;8;14;7;14;6;14;5;14;4;14;3;14;2;14;1;13;1;12;1;11;1;10;1;9;1;8;1;7;1;6;1;5;1;4;1;3;1
1;2;16;14;14;8;14;8;14;7;14;6;14;5;14;4;14;3;14;2;14;1;13;1;12;1;11;1;10;1;9;1;8;1;7;1;6;1;5;1;4;1;3;1;3;2
1;2;16;14;14;8;14;7;14;6;14;5;14;4;14;3;14;2;14;1;13;1;12;1;11;1;10;1;9;1;8;1;7;1;6;1;5;1;4;1;3;1;3;2;3;3
1;2;16;14;14;7;14;6;14;5;14;4;14;3;14;2;14;1;13;1;12;1;11;1;10;1;9;1;8;1;7;1;6;1;5;1;4;1;3;1;3;2;3;3;3;4
1;2;16;14;14;6;14;5;14;4;14;3;14;2;14;1;13;1;12;1;11;1;10;1;9;1;8;1;7;1;6;1;5;1;4;1;3;1;3;2;3;3;3;4;3;5
1;2;16;14;14;5;14;4;14;3;14;2;14;1;13;1;12;1;11;1;10;1;9;1;8;1;7;1;6;1;5;1;4;1;3;1;3;2;3;3;3;4;3;5;3;6
1;2;16;14;14;4;14;3;14;2;14;1;13;1;12;1;11;1;10;1;9;1;8;1;7;1;6;1;5;1;4;1;3;1;3;2;3;3;3;4;3;5;3;6;3;7
1;2;16;14;14;3;14;2;14;1;13;1;12;1;11;1;10;1;9;1;8;1;7;1;6;1;5;1;4;1;3;1;3;2;3;3;3;4;3;5;3;6;3;7;3;8
1;2;16;14;14;2;14;1;13;1;12;1;11;1;10;1;9;1;8;1;7;1;6;1;5;1;4;1;3;1;3;2;3;3;3;4;3;5;3;6;3;7;3;8;3;9
1;2;16;14;14;1;13;1;12;1;11;1;10;1;9;1;8;1;7;1;6;1;5;1;4;1;3;1;3;2;3;3;3;4;3;5;3;6;3;7;3;8;3;9;3;10
1;2;16;14;13;1;12;1;11;1;10;1;9;1;8;1;7;1;6;1;5;1;4;1;3;1;3;2;3;3;3;4;3;5;3;6;3;7;3;8;3;9;3;10;3;11
1;2;16;14;12;1;11;1;10;1;9;1;8;1;7;1;6;1;5;1;4;1;3;1;3;2;3;3;3;4;3;5;3;6;3;7;3;8;3;9;3;10;3;11;3;12
1;2;16;14;11;1;10;1;9;1;8;1;7;1;6;1;5;1;4;1;3;1;3;2;3;3;3;4;3;5;3;6;3;7;3;8;3;9;3;10;3;11;3;12;3;13
1;2;16;14;10;1;9;1;8;1;7;1;6;1;5;1;4;1;3;1;3;2;3;3;3;4;3;5;3;6;3;7;3;8;3;9;3;10;3;11;3;12;3;13;3;14
1;1;16;14;9;1;8;1;7;1;6;1;5;1;4;1;3;1;3;2;3;3;3;4;3;5;3;6;3;7;3;8;3;9;3;10;3;11;3;12;3;13;3;14;4;14
1;1;16;14;8;1;7;1;6;1;5;1;4;1;3;1;3;2;3;3;3;4;3;5;3;6;3;7;3;8;3;9;3;10;3;11;3;12;3;13;3;14;4;14;5;14
1;1;16;14;7;1;6;1;5;1;4;1;3;1;3;2;3;3;3;4;3;5;3;6;3;7;3;8;3;9;3;10;3;11;3;12;3;13;3;14;4;14;5;14;6;14
1;1;16;14;6;1;5;1;4;1;3;1;3;2;3;3;3;4;3;5;3;6;3;7;3;8;3;9;3;10;3;11;3;12;3;13;3;14;4;14;5;14;6;14;7;14
1;1;16;14;5;1;4;1;3;1;3;2;3;3;3;4;3;5;3;6;3;7;3;8;3;9;3;10;3;11;3;12;3;13;3;14;4;14;5;14;6;14;7;14;8;14
1;1;16;14;4;1;3;1;3;2;3;3;3;4;3;5;3;6;3;7;3;8;3;9;3;10;3;11;3;12;3;13;3;14;4;14;5;14;6;14;7;14;8;14;9;14
1;1;16;14;3;1;3;2;3;3;3;4;3;5;3;6;3;7;3;8;3;9;3;10;3;11;3;12;3;13;3;14;4;14;5;14;6;14;7;14;8;14;9;14;10;14
1;1;16;14;3;2;3;3;3;4;3;5;3;6;3;7;3;8;3;9;3;10;3;11;3;12;3;13;3;14;4;14;5;14;6;14;7;14;8;14;9;14;10;14;11;14
1;1;16;14;3;3;3;4;3;5;3;6;3;7;3;8;3;9;3;10;3;11;3;12;3;13;3;14;4;14;5;14;6;14;7;14;8;14;9;14;10;14;11;14;12;14
1;1;16;14;3;4;3;5;3;6;3;7;3;8;3;9;3;10;3;11;3;12;3;13;3;14;4;14;5;14;6;14;7;14;8;14;9;14;10;14;11;14;12;14;13;14
1;1;16;14;3;5;3;6;3;7;3;8;3;9;3;10;3;11;3;12;3;13;3;14;4;14;5;14;6;14;7;14;8;14;9;14;10;14;11;14;12;14;13;14;14;14
1;1;16;14;3;6;3;7;3;8;3;9;3;10;3;11;3;12;3;13;3;14;4;14;5;14;6;14;7;14;8;14;9;14;10;14;11;14;12;14;13;14;14;14;15;14
1;1;16;7;3;7;3;7;3;8;3;9;3;10;3;11;3;12;3;13;3;14;4;14;5;14;6;14;7;14;8;14;9;14;10;14;11;14;12;14;13;14;14;14;15;14;16;14
1;0;16;7;3;7;3;8;3;9;3;10;3;11;3;12;3;13;3;14;4;14;5;14;6;14;7;14;8;14;9;14;10;14;11;14;12;14;13;14;14;14;15;14;16;14;16;13
1;0;16;7;3;8;3;9;3;10;3;11;3;12;3;13;3;14;4;14;5;14;6;14;7;14;8;14;9;14;10;14;11;14;12;14;13;14;14;14;15;14;16;14;16;13;16;12
1;0;16;7;3;9;3;10;3;11;3;12;3;13;3;14;4;14;5;14;6;14;7;14;8;14;9;14;10;14;11;14;12;14;13;14;14;14;15;14;16;14;16;13;16;12;16;11
1;0;16;7;3;10;3;11;3;12;3;13;3;14;4;14;5;14;6;14;7;14;8;14;9;14;10;14;11;14;12;14;13;14;14;14;15;14;16;14;16;13;16;12;16;11;16;10
1;0;16;7;3;11;3;12;3;13;3;14;4;14;5;14;6;14;7;14;8;14;9;14;10;14;11;14;12;14;13;14;14;14;15;14;16;14;16;13;16;12;16;11;16;10;16;9
1;0;16;7;3;12;3;13;3;14;4;14;5;14;6;14;7;14;8;14;9;14;10;14;11;14;12;14;13;14;14;14;15;14;16;14;16;13;16;12;16;11;16;10;16;9;16;8
1;0;16;2;3;13;3;13;3;14;4;14;5;14;6;14;7;14;8;14;9;14;10;14;11;14;12;14;13;14;14;14;15;14;16;14;16;13;16;12;16;11;16;10;16;9;16;8;16;7
1;0;16;2;3;13;3;14;4;14;5;14;6;14;7;14;8;14;9;14;10;14;11;14;12;14;13;14;14;14;15;14;16;14;16;13;16;12;16;11;16;10;16;9;16;8;16;7;16;6
1;0;16;2;3;14;4;14;5;14;6;14;7;14;8;14;9;14;10;14;11;14;12;14;13;14;14;14;15;14;16;14;16;13;16;12;16;11;16;10;16;9;16;8;16;7;16;6;16;5
1;0;16;2;4;14;5;14;6;14;7;14;8;14;9;14;10;14;11;14;12;14;13;14;14;14;15;14;16;14;16;13;16;12;16;11;16;10;16;9;16;8;16;7;16;6;16;5;16;4
1;0;16;2;5;14;6;14;7;14;8;14;9;14;10;14;11;14;12;14;13;14;14;14;15;14;16;14;16;13;16;12;16;11;16;10;16;9;16;8;16;7;16;6;16;5;16;4;16;3
1;0;1;9;6;14;6;14;7;14;8;14;9;14;10;14;11;14;12;14;13;14;14;14;15;14;16;14;16;13;16;12;16;11;16;10;16;9;16;8;16;7;16;6;16;5;16;4;16;3;16;2
1;3;1;9;6;14;7;14;8;14;9;14;10;14;11;14;12;14;13;14;14;14;15;14;16;14;16;13;16;12;16;11;16;10;16;9;16;8;16;7;16;6;16;5;16;4;16;3;16;2;15;2
1;3;1;9;7;14;8;14;9;14;10;14;11;14;12;14;13;14;14;14;15;14;16;14;16;13;16;12;16;11;16;10;16;9;16;8;16;7;16;6;16;5;16;4;16;3;16;2;15;2;14;2
1;3;1;9;8;14;9;14;10;14;11;14;12;14;13;14;14;14;15;14;16;14;16;13;16;12;16;11;16;10;16;9;16;8;16;7;16;6;16;5;16;4;16;3;16;2;15;2;14;2;13;2
1;3;1;9;9;14;10;14;11;14;12;14;13;14;14;14;15;14;16;14;16;13;16;12;16;11;16;10;16;9;16;8;16;7;16;6;16;5;16;4;16;3;16;2;15;2;14;2;13;2;12;2
1;3;1;9;10;14;11;14;12;14;13;14;14;14;15;14;16;14;16;13;16;12;16;11;16;10;16;9;16;8;16;7;16;6;16;5;16;4;16;3;16;2;15;2;14;2;13;2;12;2;11;2
1;3;1;9;11;14;12;14;13;14;14;14;15;14;16;14;16;13;16;12;16;11;16;10;16;9;16;8;16;7;16;6;16;5;16;4;16;3;16;2;15;2;14;2;13;2;12;2;11;2;10;2
1;3;1;9;12;14;13;14;14;14;15;14;16;14;16;13;16;12;16;11;16;10;16;9;16;8;16;7;16;6;16;5;16;4;16;3;16;2;15;2;14;2;13;2;12;2;11;2;10;2;9;2
1;3;1;9;13;14;14;14;15;14;16;14;16;13;16;12;16;11;16;10;16;9;16;8;16;7;16;6;16;5;16;4;16;3;16;2;15;2;14;2;13;2;12;2;11;2;10;2;9;2;8;2
1;3;1;9;14;14;15;14;16;14;16;13;16;12;16;11;16;10;16;9;16;8;16;7;16;6;16;5;16;4;16;3;16;2;15;2;14;2;13;2;12;2;11;2;10;2;9;2;8;2;7;2
1;3;1;9;15;14;16;14;16;13;16;12;16;11;16;10;16;9;16;8;16;7;16;6;16;5;16;4;16;3;16;2;15;2;14;2;13;2;12;2;11;2;10;2;9;2;8;2;7;2;6;2
1;3;1;9;16;14;16;13;16;12;16;11;16;10;16;9;16;8;16;7;16;6;16;5;16;4;16;3;16;2;15;2;14;2;13;2;12;2;11;2;10;2;9;2;8;2;7;2;6;2;5;2
1;3;1;9;16;13;16;12;16;11;16;10;16;9;16;8;16;7;16;6;16;5;16;4;16;3;16;2;15;2;14;2;13;2;12;2;11;2;10;2;9;2;8;2;7;2;6;2;5;2;4;2
1;3;1;9;16;12;16;11;16;10;16;9;16;8;16;7;16;6;16;5;16;4;16;3;16;2;15;2;14;2;13;2;12;2;11;2;10;2;9;2;8;2;7;2;6;2;5;2;4;2;3;2
1;3;1;9;16;11;16;10;16;9;16;8;16;7;16;6;16;5;16;4;16;3;16;2;15;2;14;2;13;2;12;2;11;2;10;2;9;2;8;2;7;2;6;2;5;2;4;2;3;2;2;2
1;3;1;9;16;10;16;9;16;8;16;7;16;6;16;5;16;4;16;3;16;2;15;2;14;2;13;2;12;2;11;2;10;2;9;2;8;2;7;2;6;2;5;2;4;2;3;2;2;2;1;2
1;2;1;9;16;9;16;8;16;7;16;6;16;5;16;4;16;3;16;2;15;2;14;2;13;2;12;2;11;2;10;2;9;2;8;2;7;2;6;2;5;2;4;2;3;2;2;2;1;2;1;3
1;2;1;9;16;8;16;7;16;6;16;5;16;4;16;3;16;2;15;2;14;2;13;2;12;2;11;2;10;2;9;2;8;2;7;2;6;2;5;2;4;2;3;2;2;2;1;2;1;3;1;4
1;2;1;9;16;7;16;6;16;5;16;4;16;3;16;2;15;2;14;2;13;2;12;2;11;2;10;2;9;2;8;2;7;2;6;2;5;2;4;2;3;2;2;2;1;2;1;3;1;4;1;5
1;2;1;9;16;6;16;5;16;4;16;3;16;2;15;2;14;2;13;2;12;2;11;2;10;2;9;2;8;2;7;2;6;2;5;2;4;2;3;2;2;2;1;2;1;3;1;4;1;5;1;6
1;2;1;9;16;5;16;4;16;3;16;2;15;2;14;2;13;2;12;2;11;2;10;2;9;2;8;2;7;2;6;2;5;2;4;2;3;2;2;2;1;2;1;3;1;4;1;5;1;6;1;7
1;2;1;9;16;4;16;3;16;2;15;2;14;2;13;2;12;2;11;2;10;2;9;2;8;2;7;2;6;2;5;2;4;2;3;2;2;2;1;2;1;3;1;4;1;5;1;6;1;7;1;8
1;2;10;6;16;3;16;3;16;2;15;2;14;2;13;2;12;2;11;2;10;2;9;2;8;2;7;2;6;2;5;2;4;2;3;2;2;2;1;2;1;3;1;4;1;5;1;6;1;7;1;8;1;9
1;1;10;6;16;3;16;2;15;2;14;2;13;2;12;2;11;2;10;2;9;2;8;2;7;2;6;2;5;2;4;2;3;2;2;2;1;2;1;3;1;4;1;5;1;6;1;7;1;8;1;9;2;9
1;0;10;6;16;2;15;2;14;2;13;2;12;2;11;2;10;2;9;2;8;2;7;2;6;2;5;2;4;2;3;2;2;2;1;2;1;3;1;4;1;5;1;6;1;7;1;8;1;9;2;9;2;8
1;0;10;6;15;2;14;2;13;2;12;2;11;2;10;2;9;2;8;2;7;2;6;2;5;2;4;2;3;2;2;2;1;2;1;3;1;4;1;5;1;6;1;7;1;8;1;9;2;9;2;8;2;7
1;0;10;6;14;2;13;2;12;2;11;2;10;2;9;2;8;2;7;2;6;2;5;2;4;2;3;2;2;2;1;2;1;3;1;4;1;5;1;6;1;7;1;8;1;9;2;9;2;8;2;7;2;6
1;1;10;6;13;2;12;2;11;2;10;2;9;2;8;2;7;2;6;2;5;2;4;2;3;2;2;2;1;2;1;3;1;4;1;5;1;6;1;7;1;8;1;9;2;9;2;8;2;7;2;6;3;6
1;1;10;6;12;2;11;2;10;2;9;2;8;2;7;2;6;2;5;2;4;2;3;2;2;2;1;2;1;3;1;4;1;5;1;6;1;7;1;8;1;9;2;9;2;8;2;7;2;6;3;6;4;6
1;1;10;6;11;2;10;2;9;2;8;2;7;2;6;2;5;2;4;2;3;2;2;2;1;2;1;3;1;4;1;5;1;6;1;7;1;8;1;9;2;9;2;8;2;7;2;6;3;6;4;6;5;6
1;1;10;6;10;2;9;2;8;2;7;2;6;2;5;2;4;2;3;2;2;2;1;2;1;3;1;4;1;5;1;6;1;7;1;8;1;9;2;9;2;8;2;7;2;6;3;6;4;6;5;6;6;6
1;1;10;6;9;2;8;2;7;2;6;2;5;2;4;2;3;2;2;2;1;2;1;3;1;4;1;5;1;6;1;7;1;8;1;9;2;9;2;8;2;7;2;6;3;6;4;6;5;6;6;6;7;6
1;1;10;6;8;2;7;2;6;2;5;2;4;2;3;2;2;2;1;2;1;3;1;4;1;5;1;6;1;7;1;8;1;9;2;9;2;8;2;7;2;6;3;6;4;6;5;6;6;6;7;6;8;6
1;1;10;6;7;2;6;2;5;2;4;2;3;2;2;2;1;2;1;3;1;4;1;5;1;6;1;7;1;8;1;9;2;9;2;8;2;7;2;6;3;6;4;6;5;6;6;6;7;6;8;6;9;6
1;0;10;6;6;2;5;2;4;2;3;2;2;2;1;2;1;3;1;4;1;5;1;6;1;7;1;8;1;9;2;9;2;8;2;7;2;6;3;6;4;6;5;6;6;6;7;6;8;6;9;6;9;5
1;1;10;6;5;2;4;2;3;2;2;2;1;2;1;3;1;4;1;5;1;6;1;7;1;8;1;9;2;9;2;8;2;7;2;6;3;6;4;6;5;6;6;6;7;6;8;6;9;6;9;5;10;5
1;2;2;18;4;2;4;2;3;2;2;2;1;2;1;3;1;4;1;5;1;6;1;7;1;8;1;9;2;9;2;8;2;7;2;6;3;6;4;6;5;6;6;6;7;6;8;6;9;6;9;5;10;5;10;6
1;2;2;18;4;2;3;2;2;2;1;2;1;3;1;4;1;5;1;6;1;7;1;8;1;9;2;9;2;8;2;7;2;6;3;6;4;6;5;6;6;6;7;6;8;6;9;6;9;5;10;5;10;6;10;7
1;3;2;18;3;2;2;2;1;2;1;3;1;4;1;5;1;6;1;7;1;8;1;9;2;9;2;8;2;7;2;6;3;6;4;6;5;6;6;6;7;6;8;6;9;6;9;5;10;5;10;6;10;7;9;7
1;3;2;18;2;2;1;2;1;3;1;4;1;5;1;6;1;7;1;8;1;9;2;9;2;8;2;7;2;6;3;6;4;6;5;6;6;6;7;6;8;6;9;6;9;5;10;5;10;6;10;7;9;7;8;7
1;3;2;18;1;2;1;3;1;4;1;5;1;6;1;7;1;8;1;9;2;9;2;8;2;7;2;6;3;6;4;6;5;6;6;6;7;6;8;6;9;6;9;5;10;5;10;6;10;7;9;7;8;7;7;7
1;3;2;18;1;3;1;4;1;5;1;6;1;7;1;8;1;9;2;9;2;8;2;7;2;6;3;6;4;6;5;6;6;6;7;6;8;6;9;6;9;5;10;5;10;6;10;7;9;7;8;7;7;7;6;7
1;3;2;18;1;4;1;5;1;6;1;7;1;8;1;9;2;9;2;8;2;7;2;6;3;6;4;6;5;6;6;6;7;6;8;6;9;6;9;5;10;5;10;6;10;7;9;7;8;7;7;7;6;7;5;7
1;2;2;18;1;5;1;6;1;7;1;8;1;9;2;9;2;8;2;7;2;6;3;6;4;6;5;6;6;6;7;6;8;6;9;6;9;5;10;5;10;6;10;7;9;7;8;7;7;7;6;7;5;7;5;8
1;2;2;18;1;6;1;7;1;8;1;9;2;9;2;8;2;7;2;6;3;6;4;6;5;6;6;6;7;6;8;6;9;6;9;5;10;5;10;6;10;7;9;7;8;7;7;7;6;7;5;7;5;8;5;9
1;2;2;18;1;7;1;8;1;9;2;9;2;8;2;7;2;6;3;6;4;6;5;6;6;6;7;6;8;6;9;6;9;5;10;5;10;6;10;7;9;7;8;7;7;7;6;7;5;7;5;8;5;9;5;10
1;3;2;18;1;8;1;9;2;9;2;8;2;7;2;6;3;6;4;6;5;6;6;6;7;6;8;6;9;6;9;5;10;5;10;6;10;7;9;7;8;7;7;7;6;7;5;7;5;8;5;9;5;10;4;10
1;3;2;18;1;9;2;9;2;8;2;7;2;6;3;6;4;6;5;6;6;6;7;6;8;6;9;6;9;5;10;5;10;6;10;7;9;7;8;7;7;7;6;7;5;7;5;8;5;9;5;10;4;10;3;10
1;3;2;18;2;9;2;8;2;7;2;6;3;6;4;6;5;6;6;6;7;6;8;6;9;6;9;5;10;5;10;6;10;7;9;7;8;7;7;7;6;7;5;7;5;8;5;9;5;10;4;10;3;10;2;10
1;2;2;18;2;8;2;7;2;6;3;6;4;6;5;6;6;6;7;6;8;6;9;6;9;5;10;5;10;6;10;7;9;7;8;7;7;7;6;7;5;7;5;8;5;9;5;10;4;10;3;10;2;10;2;11
1;2;2;18;2;7;2;6;3;6;4;6;5;6;6;6;7;6;8;6;9;6;9;5;10;5;10;6;10;7;9;7;8;7;7;7;6;7;5;7;5;8;5;9;5;10;4;10;3;10;2;10;2;11;2;12
1;2;2;18;2;6;3;6;4;6;5;6;6;6;7;6;8;6;9;6;9;5;10;5;10;6;10;7;9;7;8;7;7;7;6;7;5;7;5;8;5;9;5;10;4;10;3;10;2;10;2;11;2;12;2;13
1;2;2;18;3;6;4;6;5;6;6;6;7;6;8;6;9;6;9;5;10;5;10;6;10;7;9;7;8;7;7;7;6;7;5;7;5;8;5;9;5;10;4;10;3;10;2;10;2;11;2;12;2;13;2;14
1;2;2;18;4;6;5;6;6;6;7;6;8;6;9;6;9;5;10;5;10;6;10;7;9;7;8;7;7;7;6;7;5;7;5;8;5;9;5;10;4;10;3;10;2;10;2;11;2;12;2;13;2;14;2;15
1;2;2;18;5;6;6;6;7;6;8;6;9;6;9;5;10;5;10;6;10;7;9;7;8;7;7;7;6;7;5;7;5;8;5;9;5;10;4;10;3;10;2;10;2;11;2;12;2;13;2;14;2;15;2;16
1;2;2;18;6;6;7;6;8;6;9;6;9;5;10;5;10;6;10;7;9;7;8;7;7;7;6;7;5;7;5;8;5;9;5;10;4;10;3;10;2;10;2;11;2;12;2;13;2;14;2;15;2;16;2;17
1;2;17;17;7;6;7;6;8;6;9;6;9;5;10;5;10;6;10;7;9;7;8;7;7;7;6;7;5;7;5;8;5;9;5;10;4;10;3;10;2;10;2;11;2;12;2;13;2;14;2;15;2;16;2;17;2;18
1;1;17;17;7;6;8;6;9;6;9;5;10;5;10;6;10;7;9;7;8;7;7;7;6;7;5;7;5;8;5;9;5;10;4;10;3;10;2;10;2;11;2;12;2;13;2;14;2;15;2;16;2;17;2;18;3;18
1;1;17;17;8;6;9;6;9;5;10;5;10;6;10;7;9;7;8;7;7;7;6;7;5;7;5;8;5;9;5;10;4;10;3;10;2;10;2;11;2;12;2;13;2;14;2;15;2;16;2;17;2;18;3;18;4;18
1;1;17;17;9;6;9;5;10;5;10;6;10;7;9;7;8;7;7;7;6;7;5;7;5;8;5;9;5;10;4;10;3;10;2;10;2;11;2;12;2;13;2;14;2;15;2;16;2;17;2;18;3;18;4;18;5;18
1;1;17;17;9;5;10;5;10;6;10;7;9;7;8;7;7;7;6;7;5;7;5;8;5;9;5;10;4;10;3;10;2;10;2;11;2;12;2;13;2;14;2;15;2;16;2;17;2;18;3;18;4;18;5;18;6;18
1;1;17;17;10;5;10;6;10;7;9;7;8;7;7;7;6;7;5;7;5;8;5;9;5;10;4;10;3;10;2;10;2;11;2;12;2;13;2;14;2;15;2;16;2;17;2;18;3;18;4;18;5;18;6;18;7;18
1;1;17;17;10;6;10;7;9;7;8;7;7;7;6;7;5;7;5;8;5;9;5;10;4;10;3;10;2;10;2;11;2;12;2;13;2;14;2;15;2;16;2;17;2;18;3;18;4;18;5;18;6;18;7;18;8;18
1;1;17;17;10;7;9;7;8;7;7;7;6;7;5;7;5;8;5;9;5;10;4;10;3;10;2;10;2;11;2;12;2;13;2;14;2;15;2;16;2;17;2;18;3;18;4;18;5;18;6;18;7;18;8;18;9;18
1;1;17;17;9;7;8;7;7;7;6;7;5;7;5;8;5;9;5;10;4;10;3;10;2;10;2;11;2;12;2;13;2;14;2;15;2;16;2;17;2;18;3;18;4;18;5;18;6;18;7;18;8;18;9;18;10;18
1;1;17;17;8;7;7;7;6;7;5;7;5;8;5;9;5;10;4;10;3;10;2;10;2;11;2;12;2;13;2;14;2;15;2;16;2;17;2;18;3;18;4;18;5;18;6;18;7;18;8;18;9;18;10;18;11;18
1;1;17;17;7;7;6;7;5;7;5;8;5;9;5;10;4;10;3;10;2;10;2;11;2;12;2;13;2;14;2;15;2;16;2;17;2;18;3;18;4;18;5;18;6;18;7;18;8;18;9;18;10;18;11;18;12;18
1;1;17;17;6;7;5;7;5;8;5;9;5;10;4;10;3;10;2;10;2;11;2;12;2;13;2;14;2;15;2;16;2;17;2;18;3;18;4;18;5;18;6;18;7;18;8;18;9;18;10;18;11;18;12;18;13;18
1;1;17;17;5;7;5;8;5;9;5;10;4;10;3;10;2;10;2;11;2;12;2;13;2;14;2;15;2;16;2;17;2;18;3;18;4;18;5;18;6;18;7;18;8;18;9;18;10;18;11;18;12;18;13;18;14;18
1;1;17;17;5;8;5;9;5;10;4;10;3;10;2;10;2;11;2;12;2;13;2;14;2;15;2;16;2;17;2;18;3;18;4;18;5;18;6;18;7;18;8;18;9;18;10;18;11;18;12;18;13;18;14;18;15;18
1;1;17;17;5;9;5;10;4;10;3;10;2;10;2;11;2;12;2;13;2;14;2;15;2;16;2;17;2;18;3;18;4;18;5;18;6;18;7;18;8;18;9;18;10;18;11;18;12;18;13;18;14;18;15;18;16;18
1;1;17;17;5;10;4;10;3;10;2;10;2;11;2;12;2;13;2;14;2;15;2;16;2;17;2;18;3;18;4;18;5;18;6;18;7;18;8;18;9;18;10;18;11;18;12;18;13;18;14;18;15;18;16;18;17;18
1;0;1;1;4;10;4;10;3;10;2;10;2;11;2;12;2;13;2;14;2;15;2;16;2;17;2;18;3;18;4;18;5;18;6;18;7;18;8;18;9;18;10;18;11;18;12;18;13;18;14;18;15;18;16;18;17;18;17;17
1;0;1;1;4;10;3;10;2;10;2;11;2;12;2;13;2;14;2;15;2;16;2;17;2;18;3;18;4;18;5;18;6;18;7;18;8;18;9;18;10;18;11;18;12;18;13;18;14;18;15;18;16;18;17;18;17;17;17;16
1;0;1;1;3;10;2;10;2;11;2;12;2;13;2;14;2;15;2;16;2;17;2;18;3;18;4;18;5;18;6;18;7;18;8;18;9;18;10;18;11;18;12;18;13;18;14;18;15;18;16;18;17;18;17;17;17;16;17;15
1;0;1;1;2;10;2;11;2;12;2;13;2;14;2;15;2;16;2;17;2;18;3;18;4;18;5;18;6;18;7;18;8;18;9;18;10;18;11;18;12;18;13;18;14;18;15;18;16;18;17;18;17;17;17;16;17;15;17;14
1;0;1;1;2;11;2;12;2;13;2;14;2;15;2;16;2;17;2;18;3;18;4;18;5;18;6;18;7;18;8;18;9;18;10;18;11;18;12;18;13;18;14;18;15;18;16;18;17;18;17;17;17;16;17;15;17;14;17;13
1;0;1;1;2;12;2;13;2;14;2;15;2;16;2;17;2;18;3;18;4;18;5;18;6;18;7;18;8;18;9;18;10;18;11;18;12;18;13;18;14;18;15;18;16;18;17;18;17;17;17;16;17;15;17;14;17;13;17;12
1;0;1;1;2;13;2;14;2;15;2;16;2;17;2;18;3;18;4;18;5;18;6;18;7;18;8;18;9;18;10;18;11;18;12;18;13;18;14;18;15;18;16;18;17;18;17;17;17;16;17;15;17;14;17;13;17;12;17;11
1;0;1;1;2;14;2;15;2;16;2;17;2;18;3;18;4;18;5;18;6;18;7;18;8;18;9;18;10;18;11;18;12;18;13;18;14;18;15;18;16;18;17;18;17;17;17;16;17;15;17;14;17;13;17;12;17;11;17;10
1;0;1;1;2;15;2;16;2;17;2;18;3;18;4;18;5;18;6;18;7;18;8;18;9;18;10;18;11;18;12;18;13;18;14;18;15;18;16;18;17;18;17;17;17;16;17;15;17;14;17;13;17;12;17;11;17;10;17;9
1;0;1;1;2;16;2;17;2;18;3;18;4;18;5;18;6;18;7;18;8;18;9;18;10;18;11;18;12;18;13;18;14;18;15;18;16;18;17;18;17;17;17;16;17;15;17;14;17;13;17;12;17;11;17;10;17;9;17;8
1;0;1;1;2;17;2;18;3;18;4;18;5;18;6;18;7;18;8;18;9;18;10;18;11;18;12;18;13;18;14;18;15;18;16;18;17;18;17;17;17;16;17;15;17;14;17;13;17;12;17;11;17;10;17;9;17;8;17;7
1;0;1;1;2;18;3;18;4;18;5;18;6;18;7;18;8;18;9;18;10;18;11;18;12;18;13;18;14;18;15;18;16;18;17;18;17;17;17;16;17;15;17;14;17;13;17;12;17;11;17;10;17;9;17;8;17;7;17;6
1;0;1;1;3;18;4;18;5;18;6;18;7;18;8;18;9;18;10;18;11;18;12;18;13;18;14;18;15;18;16;18;17;18;17;17;17;16;17;15;17;14;17;13;17;12;17;11;17;10;17;9;17;8;17;7;17;6;17;5
1;0;1;1;4;18;5;18;6;18;7;18;8;18;9;18;10;18;11;18;12;18;13;18;14;18;15;18;16;18;17;18;17;17;17;16;17;15;17;14;17;13;17;12;17;11;17;10;17;9;17;8;17;7;17;6;17;5;17;4
1;0;1;1;5;18;6;18;7;18;8;18;9;18;10;18;11;18;12;18;13;18;14;18;15;18;16;18;17;18;17;17;17;16;17;15;17;14;17;13;17;12;17;11;17;10;17;9;17;8;17;7;17;6;17;5;17;4;17;3
1;0;1;1;6;18;7;18;8;18;9;18;10;18;11;18;12;18;13;18;14;18;15;18;16;18;17;18;17;17;17;16;17;15;17;14;17;13;17;12;17;11;17;10;17;9;17;8;17;7;17;6;17;5;17;4;17;3;17;2
1;0;1;1;7;18;8;18;9;18;10;18;11;18;12;18;13;18;14;18;15;18;16;18;17;18;17;17;17;16;17;15;17;14;17;13;17;12;17;11;17;10;17;9;17;8;17;7;17;6;17;5;17;4;17;3;17;2;17;1
1;3;1;1;8;18;9;18;10;18;11;18;12;18;13;18;14;18;15;18;16;18;17;18;17;17;17;16;17;15;17;14;17;13;17;12;17;11;17;10;17;9;17;8;17;7;17;6;17;5;17;4;17;3;17;2;17;1;16;1
1;3;1;1;9;18;10;18;11;18;12;18;13;18;14;18;15;18;16;18;17;18;17;17;17;16;17;15;17;14;17;13;17;12;17;11;17;10;17;9;17;8;17;7;17;6;17;5;17;4;17;3;17;2;17;1;16;1;15;1
1;3;1;1;10;18;11;18;12;18;13;18;14;18;15;18;16;18;17;18;17;17;17;16;17;15;17;14;17;13;17;12;17;11;17;10;17;9;17;8;17;7;17;6;17;5;17;4;17;3;17;2;17;1;16;1;15;1;14;1
1;3;1;1;11;18;12;18;13;18;14;18;15;18;16;18;17;18;17;17;17;16;17;15;17;14;17;13;17;12;17;11;17;10;17;9;17;8;17;7;17;6;17;5;17;4;17;3;17;2;17;1;16;1;15;1;14;1;13;1
1;3;1;1;12;18;13;18;14;18;15;18;16;18;17;18;17;17;17;16;17;15;17;14;17;13;17;12;17;11;17;10;17;9;17;8;17;7;17;6;17;5;17;4;17;3;17;2;17;1;16;1;15;1;14;1;13;1;12;1
1;3;1;1;13;18;14;18;15;18;16;18;17;18;17;17;17;16;17;15;17;14;17;13;17;12;17;11;17;10;17;9;17;8;17;7;17;6;17;5;17;4;17;3;17;2;17;1;16;1;15;1;14;1;13;1;12;1;11;1
1;3;1;1;14;18;15;18;16;18;17;18;17;17;17;16;17;15;17;14;17;13;17;12;17;11;17;10;17;9;17;8;17;7;17;6;17;5;17;4;17;3;17;2;17;1;16;1;15;1;14;1;13;1;12;1;11;1;10;1
1;3;1;1;15;18;16;18;17;18;17;17;17;16;17;15;17;14;17;13;17;12;17;11;17;10;17;9;17;8;17;7;17;6;17;5;17;4;17;3;17;2;17;1;16;1;15;1;14;1;13;1;12;1;11;1;10;1;9;1
1;3;1;1;16;18;17;18;17;17;17;16;17;15;17;14;17;13;17;12;17;11;17;10;17;9;17;8;17;7;17;6;17;5;17;4;17;3;17;2;17;1;16;1;15;1;14;1;13;1;12;1;11;1;10;1;9;1;8;1
1;3;1;1;17;18;17;17;17;16;17;15;17;14;17;13;17;12;17;11;17;10;17;9;17;8;17;7;17;6;17;5;17;4;17;3;17;2;17;1;16;1;15;1;14;1;13;1;12;1;11;1;10;1;9;1;8;1;7;1
1;3;1;1;17;17;17;16;17;15;17;14;17;13;17;12;17;11;17;10;17;9;17;8;17;7;17;6;17;5;17;4;17;3;17;2;17;1;16;1;15;1;14;1;13;1;12;1;11;1;10;1;9;1;8;1;7;1;6;1
1;3;1;1;17;16;17;15;17;14;17;13;17;12;17;11;17;10;17;9;17;8;17;7;17;6;17;5;17;4;17;3;17;2;17;1;16;1;15;1;14;1;13;1;12;1;11;1;10;1;9;1;8;1;7;1;6;1;5;1
1;3;1;1;17;15;17;14;17;13;17;12;17;11;17;10;17;9;17;8;17;7;17;6;17;5;17;4;17;3;17;2;17;1;16;1;15;1;14;1;13;1;12;1;11;1;10;1;9;1;8;1;7;1;6;1;5;1;4;1
1;3;1;1;17;14;17;13;17;12;17;11;17;10;17;9;17;8;17;7;17;6;17;5;17;4;17;3;17;2;17;1;16;1;15;1;14;1;13;1;12;1;11;1;10;1;9;1;8;1;7;1;6;1;5;1;4;1;3;1
1;3;1;1;17;13;17;12;17;11;17;10;17;9;17;8;17;7;17;6;17;5;17;4;17;3;17;2;17;1;16;1;15;1;14;1;13;1;12;1;11;1;10;1;9;1;8;1;7;1;6;1;5;1;4;1;3;1;2;1
1;3;2;6;17;12;17;12;17;11;17;10;17;9;17;8;17;7;17;6;17;5;17;4;17;3;17;2;17;1;16;1;15;1;14;1;13;1;12;1;11;1;10;1;9;1;8;1;7;1;6;1;5;1;4;1;3;1;2;1;1;1
1;2;2;6;17;12;17;11;17;10;17;9;17;8;17;7;17;6;17;5;17;4;17;3;17;2;17;1;16;1;15;1;14;1;13;1;12;1;11;1;10;1;9;1;8;1;7;1;6;1;5;1;4;1;3;1;2;1;1;1;1;2
1;2;2;6;17;11;17;10;17;9;17;8;17;7;17;6;17;5;17;4;17;3;17;2;17;1;16;1;15;1;14;1;13;1;12;1;11;1;10;1;9;1;8;1;7;1;6;1;5;1;4;1;3;1;2;1;1;1;1;2;1;3
1;2;2;6;17;10;17;9;17;8;17;7;17;6;17;5;17;4;17;3;17;2;17;1;16;1;15;1;14;1;13;1;12;1;11;1;10;1;9;1;8;1;7;1;6;1;5;1;4;1;3;1;2;1;1;1;1;2;1;3;1;4
1;2;2;6;17;9;17;8;17;7;17;6;17;5;17;4;17;3;17;2;17;1;16;1;15;1;14;1;13;1;12;1;11;1;10;1;9;1;8;1;7;1;6;1;5;1;4;1;3;1;2;1;1;1;1;2;1;3;1;4;1;5
1;2;2;6;17;8;17;7;17;6;17;5;17;4;17;3;17;2;17;1;16;1;15;1;14;1;13;1;12;1;11;1;10;1;9;1;8;1;7;1;6;1;5;1;4;1;3;1;2;1;1;1;1;2;1;3;1;4;1;5;1;6
1;1;14;16;17;7;17;7;17;6;17;5;17;4;17;3;17;2;17;1;16;1;15;1;14;1;13;1;12;1;11;1;10;1;9;1;8;1;7;1;6;1;5;1;4;1;3;1;2;1;1;1;1;2;1;3;1;4;1;5;1;6;2;6
1;2;14;16;17;7;17;6;17;5;17;4;17;3;17;2;17;1;16;1;15;1;14;1;13;1;12;1;11;1;10;1;9;1;8;1;7;1;6;1;5;1;4;1;3;1;2;1;1;1;1;2;1;3;1;4;1;5;1;6;2;6;2;7
1;2;14;16;17;6;17;5;17;4;17;3;17;2;17;1;16;1;15;1;14;1;13;1;12;1;11;1;10;1;9;1;8;1;7;1;6;1;5;1;4;1;3;1;2;1;1;1;1;2;1;3;1;4;1;5;1;6;2;6;2;7;2;8
1;2;14;16;17;5;17;4;17;3;17;2;17;1;16;1;15;1;14;1;13;1;12;1;11;1;10;1;9;1;8;1;7;1;6;1;5;1;4;1;3;1;2;1;1;1;1;2;1;3;1;4;1;5;1;6;2;6;2;7;2;8;2;9
1;2;14;16;17;4;17;3;17;2;17;1;16;1;15;1;14;1;13;1;12;1;11;1;10;1;9;1;8;1;7;1;6;1;5;1;4;1;3;1;2;1;1;1;1;2;1;3;1;4;1;5;1;6;2;6;2;7;2;8;2;9;2;10
1;2;14;16;17;3;17;2;17;1;16;1;15;1;14;1;13;1;12;1;11;1;10;1;9;1;8;1;7;1;6;1;5;1;4;1;3;1;2;1;1;1;1;2;1;3;1;4;1;5;1;6;2;6;2;7;2;8;2;9;2;10;2;11
1;2;14;16;17;2;17;1;16;1;15;1;14;1;13;1;12;1;11;1;10;1;9;1;8;1;7;1;6;1;5;1;4;1;3;1;2;1;1;1;1;2;1;3;1;4;1;5;1;6;2;6;2;7;2;8;2;9;2;10;2;11;2;12
1;2;14;16;17;1;16;1;15;1;14;1;13;1;12;1;11;1;10;1;9;1;8;1;7;1;6;1;5;1;4;1;3;1;2;1;1;1;1;2;1;3;1;4;1;5;1;6;2;6;2;7;2;8;2;9;2;10;2;11;2;12;2;13
1;2;14;16;16;1;15;1;14;1;13;1;12;1;11;1;10;1;9;1;8;1;7;1;6;1;5;1;4;1;3;1;2;1;1;1;1;2;1;3;1;4;1;5;1;6;2;6;2;7;2;8;2;9;2;10;2;11;2;12;2;13;2;14
1;2;14;16;15;1;14;1;13;1;12;1;11;1;10;1;9;1;8;1;7;1;6;1;5;1;4;1;3;1;2;1;1;1;1;2;1;3;1;4;1;5;1;6;2;6;2;7;2;8;2;9;2;10;2;11;2;12;2;13;2;14;2;15
1;2;14;16;14;1;13;1;12;1;11;1;10;1;9;1;8;1;7;1;6;1;5;1;4;1;3;1;2;1;1;1;1;2;1;3;1;4;1;5;1;6;2;6;2;7;2;8;2;9;2;10;2;11;2;12;2;13;2;14;2;15;2;16
1;1;14;16;13;1;12;1;11;1;10;1;9;1;8;1;7;1;6;1;5;1;4;1;3;1;2;1;1;1;1;2;1;3;1;4;1;5;1;6;2;6;2;7;2;8;2;9;2;10;2;11;2;12;2;13;2;14;2;15;2;16;3;16
1;1;14;16;12;1;11;1;10;1;9;1;8;1;7;1;6;1;5;1;4;1;3;1;2;1;1;1;1;2;1;3;1;4;1;5;1;6;2;6;2;7;2;8;2;9;2;10;2;11;2;12;2;13;2;14;2;15;2;16;3;16;4;16
1;1;14;16;11;1;10;1;9;1;8;1;7;1;6;1;5;1;4;1;3;1;2;1;1;1;1;2;1;3;1;4;1;5;1;6;2;6;2;7;2;8;2;9;2;10;2;11;2;12;2;13;2;14;2;15;2;16;3;16;4;16;5;16
1;1;14;16;10;1;9;1;8;1;7;1;6;1;5;1;4;1;3;1;2;1;1;1;1;2;1;3;1;4;1;5;1;6;2;6;2;7;2;8;2;9;2;10;2;11;2;12;2;13;2;14;2;15;2;16;3;16;4;16;5;16;6;16
1;1;14;16;9;1;8;1;7;1;6;1;5;1;4;1;3;1;2;1;1;1;1;2;1;3;1;4;1;5;1;6;2;6;2;7;2;8;2;9;2;10;2;11;2;12;2;13;2;14;2;15;2;16;3;16;4;16;5;16;6;16;7;16
1;1;14;16;8;1;7;1;6;1;5;1;4;1;3;1;2;1;1;1;1;2;1;3;1;4;1;5;1;6;2;6;2;7;2;8;2;9;2;10;2;11;2;12;2;13;2;14;2;15;2;16;3;16;4;16;5;16;6;16;7;16;8;16
1;1;14;16;7;1;6;1;5;1;4;1;3;1;2;1;1;1;1;2;1;3;1;4;1;5;1;6;2;6;2;7;2;8;2;9;2;10;2;11;2;12;2;13;2;14;2;15;2;16;3;16;4;16;5;16;6;16;7;16;8;16;9;16
1;1;14;16;6;1;5;1;4;1;3;1;2;1;1;1;1;2;1;3;1;4;1;5;1;6;2;6;2;7;2;8;2;9;2;10;2;11;2;12;2;13;2;14;2;15;2;16;3;16;4;16;5;16;6;16;7;16;8;16;9;16;10;16
1;1;14;16;5;1;4;1;3;1;2;1;1;1;1;2;1;3;1;4;1;5;1;6;2;6;2;7;2;8;2;9;2;10;2;11;2;12;2;13;2;14;2;15;2;16;3;16;4;16;5;16;6;16;7;16;8;16;9;16;10;16;11;16
1;1;14;16;4;1;3;1;2;1;1;1;1;2;1;3;1;4;1;5;1;6;2;6;2;7;2;8;2;9;2;10;2;11;2;12;2;13;2;14;2;15;2;16;3;16;4;16;5;16;6;16;7;16;8;16;9;16;10;16;11;16;12;16
1;1;14;16;3;1;2;1;1;1;1;2;1;3;1;4;1;5;1;6;2;6;2;7;2;8;2;9;2;10;2;11;2;12;2;13;2;14;2;15;2;16;3;16;4;16;5;16;6;16;7;16;8;16;9;16;10;16;11;16;12;16;13;16
1;1;15;12;2;1;2;1;1;1;1;2;1;3;1;4;1;5;1;6;2;6;2;7;2;8;2;9;2;10;2;11;2;12;2;13;2;14;2;15;2;16;3;16;4;16;5;16;6;16;7;16;8;16;9;16;10;16;11;16;12;16;13;16;14;16
1;1;15;12;2;1;1;1;1;2;1;3;1;4;1;5;1;6;2;6;2;7;2;8;2;9;2;10;2;11;2;12;2;13;2;14;2;15;2;16;3;16;4;16;5;16;6;16;7;16;8;16;9;16;10;16;11;16;12;16;13;16;14;16;15;16
1;0;15;12;1;1;1;2;1;3;1;4;1;5;1;6;2;6;2;7;2;8;2;9;2;10;2;11;2;12;2;13;2;14;2;15;2;16;3;16;4;16;5;16;6;16;7;16;8;16;9;16;10;16;11;16;12;16;13;16;14;16;15;16;15;15
1;0;15;12;1;2;1;3;1;4;1;5;1;6;2;6;2;7;2;8;2;9;2;10;2;11;2;12;2;13;2;14;2;15;2;16;3;16;4;16;5;16;6;16;7;16;8;16;9;16;10;16;11;16;12;16;13;16;14;16;15;16;15;15;15;14
1;0;15;12;1;3;1;4;1;5;1;6;2;6;2;7;2;8;2;9;2;10;2;11;2;12;2;13;2;14;2;15;2;16;3;16;4;16;5;16;6;16;7;16;8;16;9;16;10;16;11;16;12;16;13;16;14;16;15;16;15;15;15;14;15;13
1;0;10;17;1;4;1;4;1;5;1;6;2;6;2;7;2;8;2;9;2;10;2;11;2;12;2;13;2;14;2;15;2;16;3;16;4;16;5;16;6;16;7;16;8;16;9;16;10;16;11;16;12;16;13;16;14;16;15;16;15;15;15;14;15;13;15;12
1;1;10;17;1;4;1;5;1;6;2;6;2;7;2;8;2;9;2;10;2;11;2;12;2;13;2;14;2;15;2;16;3;16;4;16;5;16;6;16;7;16;8;16;9;16;10;16;11;16;12;16;13;16;14;16;15;16;15;15;15;14;15;13;15;12;16;12
1;2;10;17;1;5;1;6;2;6;2;7;2;8;2;9;2;10;2;11;2;12;2;13;2;14;2;15;2;16;3;16;4;16;5;16;6;16;7;16;8;16;9;16;10;16;11;16;12;16;13;16;14;16;15;16;15;15;15;14;15;13;15;12;16;12;16;13
1;2;10;17;1;6;2;6;2;7;2;8;2;9;2;10;2;11;2;12;2;13;2;14;2;15;2;16;3;16;4;16;5;16;6;16;7;16;8;16;9;16;10;16;11;16;12;16;13;16;14;16;15;16;15;15;15;14;15;13;15;12;16;12;16;13;16;14
1;2;10;17;2;6;2;7;2;8;2;9;2;10;2;11;2;12;2;13;2;14;2;15;2;16;3;16;4;16;5;16;6;16;7;16;8;16;9;16;10;16;11;16;12;16;13;16;14;16;15;16;15;15;15;14;15;13;15;12;16;12;16;13;16;14;16;15
1;2;10;17;2;7;2;8;2;9;2;10;2;11;2;12;2;13;2;14;2;15;2;16;3;16;4;16;5;16;6;16;7;16;8;16;9;16;10;16;11;16;12;16;13;16;14;16;15;16;15;15;15;14;15;13;15;12;16;12;16;13;16;14;16;15;16;16
1;2;10;17;2;8;2;9;2;10;2;11;2;12;2;13;2;14;2;15;2;16;3;16;4;16;5;16;6;16;7;16;8;16;9;16;10;16;11;16;12;16;13;16;14;16;15;16;15;15;15;14;15;13;15;12;16;12;16;13;16;14;16;15;16;16;16;17
1;3;10;17;2;9;2;10;2;11;2;12;2;13;2;14;2;15;2;16;3;16;4;16;5;16;6;16;7;16;8;16;9;16;10;16;11;16;12;16;13;16;14;16;15;16;15;15;15;14;15;13;15;12;16;12;16;13;16;14;16;15;16;16;16;17;15;17
1;3;10;17;2;10;2;11;2;12;2;13;2;14;2;15;2;16;3;16;4;16;5;16;6;16;7;16;8;16;9;16;10;16;11;16;12;16;13;16;14;16;15;16;15;15;15;14;15;13;15;12;16;12;16;13;16;14;16;15;16;16;16;17;15;17;14;17
1;3;10;17;2;11;2;12;2;13;2;14;2;15;2;16;3;16;4;16;5;16;6;16;7;16;8;16;9;16;10;16;11;16;12;16;13;16;14;16;15;16;15;15;15;14;15;13;15;12;16;12;16;13;16;14;16;15;16;16;16;17;15;17;14;17;13;17
1;3;10;17;2;12;2;13;2;14;2;15;2;16;3;16;4;16;5;16;6;16;7;16;8;16;9;16;10;16;11;16;12;16;13;16;14;16;15;16;15;15;15;14;15;13;15;12;16;12;16;13;16;14;16;15;16;16;16;17;15;17;14;17;13;17;12;17
1;3;10;17;2;13;2;14;2;15;2;16;3;16;4;16;5;16;6;16;7;16;8;16;9;16;10;16;11;16;12;16;13;16;14;16;15;16;15;15;15;14;15;13;15;12;16;12;16;13;16;14;16;15;16;16;16;17;15;17;14;17;13;17;12;17;11;17
1;3;13;11;2;14;2;14;2;15;2;16;3;16;4;16;5;16;6;16;7;16;8;16;9;16;10;16;11;16;12;16;13;16;14;16;15;16;15;15;15;14;15;13;15;12;16;12;16;13;16;14;16;15;16;16;16;17;15;17;14;17;13;17;12;17;11;17;10;17
1;3;13;11;2;14;2;15;2;16;3;16;4;16;5;16;6;16;7;16;8;16;9;16;10;16;11;16;12;16;13;16;14;16;15;16;15;15;15;14;15;13;15;12;16;12;16;13;16;14;16;15;16;16;16;17;15;17;14;17;13;17;12;17;11;17;10;17;9;17
1;3;13;11;2;15;2;16;3;16;4;16;5;16;6;16;7;16;8;16;9;16;10;16;11;16;12;16;13;16;14;16;15;16;15;15;15;14;15;13;15;12;16;12;16;13;16;14;16;15;16;16;16;17;15;17;14;17;13;17;12;17;11;17;10;17;9;17;8;17
1;2;13;11;2;16;3;16;4;16;5;16;6;16;7;16;8;16;9;16;10;16;11;16;12;16;13;16;14;16;15;16;15;15;15;14;15;13;15;12;16;12;16;13;16;14;16;15;16;16;16;17;15;17;14;17;13;17;12;17;11;17;10;17;9;17;8;17;8;18
1;1;13;11;3;16;4;16;5;16;6;16;7;16;8;16;9;16;10;16;11;16;12;16;13;16;14;16;15;16;15;15;15;14;15;13;15;12;16;12;16;13;16;14;16;15;16;16;16;17;15;17;14;17;13;17;12;17;11;17;10;17;9;17;8;17;8;18;9;18
1;2;13;11;4;16;5;16;6;16;7;16;8;16;9;16;10;16;11;16;12;16;13;16;14;16;15;16;15;15;15;14;15;13;15;12;16;12;16;13;16;14;16;15;16;16;16;17;15;17;14;17;13;17;12;17;11;17;10;17;9;17;8;17;8;18;9;18;9;19
1;1;13;11;5;16;6;16;7;16;8;16;9;16;10;16;11;16;12;16;13;16;14;16;15;16;15;15;15;14;15;13;15;12;16;12;16;13;16;14;16;15;16;16;16;17;15;17;14;17;13;17;12;17;11;17;10;17;9;17;8;17;8;18;9;18;9;19;10;19
1;1;13;11;6;16;7;16;8;16;9;16;10;16;11;16;12;16;13;16;14;16;15;16;15;15;15;14;15;13;15;12;16;12;16;13;16;14;16;15;16;16;16;17;15;17;14;17;13;17;12;17;11;17;10;17;9;17;8;17;8;18;9;18;9;19;10;19;11;19
1;1;13;11;7;16;8;16;9;16;10;16;11;16;12;16;13;16;14;16;15;16;15;15;15;14;15;13;15;12;16;12;16;13;16;14;16;15;16;16;16;17;15;17;14;17;13;17;12;17;11;17;10;17;9;17;8;17;8;18;9;18;9;19;10;19;11;19;12;19
1;1;13;11;8;16;9;16;10;16;11;16;12;16;13;16;14;16;15;16;15;15;15;14;15;13;15;12;16;12;16;13;16;14;16;15;16;16;16;17;15;17;14;17;13;17;12;17;11;17;10;17;9;17;8;17;8;18;9;18;9;19;10;19;11;19;12;19;13;19
1;1;13;11;9;16;10;16;11;16;12;16;13;16;14;16;15;16;15;15;15;14;15;13;15;12;16;12;16;13;16;14;16;15;16;16;16;17;15;17;14;17;13;17;12;17;11;17;10;17;9;17;8;17;8;18;9;18;9;19;10;19;11;19;12;19;13;19;14;19
1;1;13;11;10;16;11;16;12;16;13;16;14;16;15;16;15;15;15;14;15;13;15;12;16;12;16;13;16;14;16;15;16;16;16;17;15;17;14;17;13;17;12;17;11;17;10;17;9;17;8;17;8;18;9;18;9;19;10;19;11;19;12;19;13;19;14;19;15;19
1;0;13;11;11;16;12;16;13;16;14;16;15;16;15;15;15;14;15;13;15;12;16;12;16;13;16;14;16;15;16;16;16;17;15;17;14;17;13;17;12;17;11;17;10;17;9;17;8;17;8;18;9;18;9;19;10;19;11;19;12;19;13;19;14;19;15;19;15;18
1;1;13;11;12;16;13;16;14;16;15;16;15;15;15;14;15;13;15;12;16;12;16;13;16;14;16;15;16;16;16;17;15;17;14;17;13;17;12;17;11;17;10;17;9;17;8;17;8;18;9;18;9;19;10;19;11;19;12;19;13;19;14;19;15;19;15;18;16;18
1;1;13;11;13;16;14;16;15;16;15;15;15;14;15;13;15;12;16;12;16;13;16;14;16;15;16;16;16;17;15;17;14;17;13;17;12;17;11;17;10;17;9;17;8;17;8;18;9;18;9;19;10;19;11;19;12;19;13;19;14;19;15;19;15;18;16;18;17;18
1;0;13;11;14;16;15;16;15;15;15;14;15;13;15;12;16;12;16;13;16;14;16;15;16;16;16;17;15;17;14;17;13;17;12;17;11;17;10;17;9;17;8;17;8;18;9;18;9;19;10;19;11;19;12;19;13;19;14;19;15;19;15;18;16;18;17;18;17;17
1;0;13;11;15;16;15;15;15;14;15;13;15;12;16;12;16;13;16;14;16;15;16;16;16;17;15;17;14;17;13;17;12;17;11;17;10;17;9;17;8;17;8;18;9;18;9;19;10;19;11;19;12;19;13;19;14;19;15;19;15;18;16;18;17;18;17;17;17;16
1;0;13;11;15;15;15;14;15;13;15;12;16;12;16;13;16;14;16;15;16;16;16;17;15;17;14;17;13;17;12;17;11;17;10;17;9;17;8;17;8;18;9;18;9;19;10;19;11;19;12;19;13;19;14;19;15;19;15;18;16;18;17;18;17;17;17;16;17;15
1;0;13;11;15;14;15;13;15;12;16;12;16;13;16;14;16;15;16;16;16;17;15;17;14;17;13;17;12;17;11;17;10;17;9;17;8;17;8;18;9;18;9;19;10;19;11;19;12;19;13;19;14;19;15;19;15;18;16;18;17;18;17;17;17;16;17;15;17;14
1;0;13;11;15;13;15;12;16;12;16;13;16;14;16;15;16;16;16;17;15;17;14;17;13;17;12;17;11;17;10;17;9;17;8;17;8;18;9;18;9;19;10;19;11;19;12;19;13;19;14;19;15;19;15;18;16;18;17;18;17;17;17;16;17;15;17;14;17;13
1;0;13;11;15;12;16;12;16;13;16;14;16;15;16;16;16;17;15;17;14;17;13;17;12;17;11;17;10;17;9;17;8;17;8;18;9;18;9;19;10;19;11;19;12;19;13;19;14;19;15;19;15;18;16;18;17;18;17;17;17;16;17;15;17;14;17;13;17;12
1;1;13;11;16;12;16;13;16;14;16;15;16;16;16;17;15;17;14;17;13;17;12;17;11;17;10;17;9;17;8;17;8;18;9;18;9;19;10;19;11;19;12;19;13;19;14;19;15;19;15;18;16;18;17;18;17;17;17;16;17;15;17;14;17;13;17;12;18;12
1;0;13;11;16;13;16;14;16;15;16;16;16;17;15;17;14;17;13;17;12;17;11;17;10;17;9;17;8;17;8;18;9;18;9;19;10;19;11;19;12;19;13;19;14;19;15;19;15;18;16;18;17;18;17;17;17;16;17;15;17;14;17;13;17;12;18;12;18;11
1;3;13;11;16;14;16;15;16;16;16;17;15;17;14;17;13;17;12;17;11;17;10;17;9;17;8;17;8;18;9;18;9;19;10;19;11;19;12;19;13;19;14;19;15;19;15;18;16;18;17;18;17;17;17;16;17;15;17;14;17;13;17;12;18;12;18;11;17;11
1;3;13;11;16;15;16;16;16;17;15;17;14;17;13;17;12;17;11;17;10;17;9;17;8;17;8;18;9;18;9;19;10;19;11;19;12;19;13;19;14;19;15;19;15;18;16;18;17;18;17;17;17;16;17;15;17;14;17;13;17;12;18;12;18;11;17;11;16;11
1;3;13;11;16;16;16;17;15;17;14;17;13;17;12;17;11;17;10;17;9;17;8;17;8;18;9;18;9;19;10;19;11;19;12;19;13;19;14;19;15;19;15;18;16;18;17;18;17;17;17;16;17;15;17;14;17;13;17;12;18;12;18;11;17;11;16;11;15;11
1;3;13;11;16;17;15;17;14;17;13;17;12;17;11;17;10;17;9;17;8;17;8;18;9;18;9;19;10;19;11;19;12;19;13;19;14;19;15;19;15;18;16;18;17;18;17;17;17;16;17;15;17;14;17;13;17;12;18;12;18;11;17;11;16;11;15;11;14;11
1;2;13;11;15;17;14;17;13;17;12;17;11;17;10;17;9;17;8;17;8;18;9;18;9;19;10;19;11;19;12;19;13;19;14;19;15;19;15;18;16;18;17;18;17;17;17;16;17;15;17;14;17;13;17;12;18;12;18;11;17;11;16;11;15;11;14;11;14;12
1;3;13;11;14;17;13;17;12;17;11;17;10;17;9;17;8;17;8;18;9;18;9;19;10;19;11;19;12;19;13;19;14;19;15;19;15;18;16;18;17;18;17;17;17;16;17;15;17;14;17;13;17;12;18;12;18;11;17;11;16;11;15;11;14;11;14;12;13;12
1;0;5;3;13;17;13;17;12;17;11;17;10;17;9;17;8;17;8;18;9;18;9;19;10;19;11;19;12;19;13;19;14;19;15;19;15;18;16;18;17;18;17;17;17;16;17;15;17;14;17;13;17;12;18;12;18;11;17;11;16;11;15;11;14;11;14;12;13;12;13;11
1;0;5;3;13;17;12;17;11;17;10;17;9;17;8;17;8;18;9;18;9;19;10;19;11;19;12;19;13;19;14;19;15;19;15;18;16;18;17;18;17;17;17;16;17;15;17;14;17;13;17;12;18;12;18;11;17;11;16;11;15;11;14;11;14;12;13;12;13;11;13;10
1;0;5;3;12;17;11;17;10;17;9;17;8;17;8;18;9;18;9;19;10;19;11;19;12;19;13;19;14;19;15;19;15;18;16;18;17;18;17;17;17;16;17;15;17;14;17;13;17;12;18;12;18;11;17;11;16;11;15;11;14;11;14;12;13;12;13;11;13;10;13;9
1;0;5;3;11;17;10;17;9;17;8;17;8;18;9;18;9;19;10;19;11;19;12;19;13;19;14;19;15;19;15;18;16;18;17;18;17;17;17;16;17;15;17;14;17;13;17;12;18;12;18;11;17;11;16;11;15;11;14;11;14;12;13;12;13;11;13;10;13;9;13;8
1;0;5;3;10;17;9;17;8;17;8;18;9;18;9;19;10;19;11;19;12;19;13;19;14;19;15;19;15;18;16;18;17;18;17;17;17;16;17;15;17;14;17;13;17;12;18;12;18;11;17;11;16;11;15;11;14;11;14;12;13;12;13;11;13;10;13;9;13;8;13;7
1;0;5;3;9;17;8;17;8;18;9;18;9;19;10;19;11;19;12;19;13;19;14;19;15;19;15;18;16;18;17;18;17;17;17;16;17;15;17;14;17;13;17;12;18;12;18;11;17;11;16;11;15;11;14;11;14;12;13;12;13;11;13;10;13;9;13;8;13;7;13;6
1;0;5;3;8;17;8;18;9;18;9;19;10;19;11;19;12;19;13;19;14;19;15;19;15;18;16;18;17;18;17;17;17;16;17;15;17;14;17;13;17;12;18;12;18;11;17;11;16;11;15;11;14;11;14;12;13;12;13;11;13;10;13;9;13;8;13;7;13;6;13;5
1;0;5;3;8;18;9;18;9;19;10;19;11;19;12;19;13;19;14;19;15;19;15;18;16;18;17;18;17;17;17;16;17;15;17;14;17;13;17;12;18;12;18;11;17;11;16;11;15;11;14;11;14;12;13;12;13;11;13;10;13;9;13;8;13;7;13;6;13;5;13;4
1;0;5;3;9;18;9;19;10;19;11;19;12;19;13;19;14;19;15;19;15;18;16;18;17;18;17;17;17;16;17;15;17;14;17;13;17;12;18;12;18;11;17;11;16;11;15;11;14;11;14;12;13;12;13;11;13;10;13;9;13;8;13;7;13;6;13;5;13;4;13;3
1;3;5;3;9;19;10;19;11;19;12;19;13;19;14;19;15;19;15;18;16;18;17;18;17;17;17;16;17;15;17;14;17;13;17;12;18;12;18;11;17;11;16;11;15;11;14;11;14;12;13;12;13;11;13;10;13;9;13;8;13;7;13;6;13;5;13;4;13;3;12;3
1;3;5;3;10;19;11;19;12;19;13;19;14;19;15;19;15;18;16;18;17;18;17;17;17;16;17;15;17;14;17;13;17;12;18;12;18;11;17;11;16;11;15;11;14;11;14;12;13;12;13;11;13;10;13;9;13;8;13;7;13;6;13;5;13;4;13;3;12;3;11;3
1;3;5;3;11;19;12;19;13;19;14;19;15;19;15;18;16;18;17;18;17;17;17;16;17;15;17;14;17;13;17;12;18;12;18;11;17;11;16;11;15;11;14;11;14;12;13;12;13;11;13;10;13;9;13;8;13;7;13;6;13;5;13;4;13;3;12;3;11;3;10;3
1;3;5;3;12;19;13;19;14;19;15;19;15;18;16;18;17;18;17;17;17;16;17;15;17;14;17;13;17;12;18;12;18;11;17;11;16;11;15;11;14;11;14;12;13;12;13;11;13;10;13;9;13;8;13;7;13;6;13;5;13;4;13;3;12;3;11;3;10;3;9;3
1;3;5;3;13;19;14;19;15;19;15;18;16;18;17;18;17;17;17;16;17;15;17;14;17;13;17;12;18;12;18;11;17;11;16;11;15;11;14;11;14;12;13;12;13;11;13;10;13;9;13;8;13;7;13;6;13;5;13;4;13;3;12;3;11;3;10;3;9;3;8;3
1;3;5;3;14;19;15;19;15;18;16;18;17;18;17;17;17;16;17;15;17;14;17;13;17;12;18;12;18;11;17;11;16;11;15;11;14;11;14;12;13;12;13;11;13;10;13;9;13;8;13;7;13;6;13;5;13;4;13;3;12;3;11;3;10;3;9;3;8;3;7;3
1;3;5;3;15;19;15;18;16;18;17;18;17;17;17;16;17;15;17;14;17;13;17;12;18;12;18;11;17;11;16;11;15;11;14;11;14;12;13;12;13;11;13;10;13;9;13;8;13;7;13;6;13;5;13;4;13;3;12;3;11;3;10;3;9;3;8;3;7;3;6;3
1;3;6;5;15;18;15;18;16;18;17;18;17;17;17;16;17;15;17;14;17;13;17;12;18;12;18;11;17;11;16;11;15;11;14;11;14;12;13;12;13;11;13;10;13;9;13;8;13;7;13;6;13;5;13;4;13;3;12;3;11;3;10;3;9;3;8;3;7;3;6;3;5;3
1;2;6;5;15;18;16;18;17;18;17;17;17;16;17;15;17;14;17;13;17;12;18;12;18;11;17;11;16;11;15;11;14;11;14;12;13;12;13;11;13;10;13;9;13;8;13;7;13;6;13;5;13;4;13;3;12;3;11;3;10;3;9;3;8;3;7;3;6;3;5;3;5;4
1;2;6;5;16;18;17;18;17;17;17;16;17;15;17;14;17;13;17;12;18;12;18;11;17;11;16;11;15;11;14;11;14;12;13;12;13;11;13;10;13;9;13;8;13;7;13;6;13;5;13;4;13;3;12;3;11;3;10;3;9;3;8;3;7;3;6;3;5;3;5;4;5;5
1;1;18;1;17;18;17;18;17;17;17;16;17;15;17;14;17;13;17;12;18;12;18;11;17;11;16;11;15;11;14;11;14;12;13;12;13;11;13;10;13;9;13;8;13;7;13;6;13;5;13;4;13;3;12;3;11;3;10;3;9;3;8;3;7;3;6;3;5;3;5;4;5;5;6;5
1;1;18;1;17;18;17;17;17;16;17;15;17;14;17;13;17;12;18;12;18;11;17;11;16;11;15;11;14;11;14;12;13;12;13;11;13;10;13;9;13;8;13;7;13;6;13;5;13;4;13;3;12;3;11;3;10;3;9;3;8;3;7;3;6;3;5;3;5;4;5;5;6;5;7;5
1;1;18;1;17;17;17;16;17;15;17;14;17;13;17;12;18;12;18;11;17;11;16;11;15;11;14;11;14;12;13;12;13;11;13;10;13;9;13;8;13;7;13;6;13;5;13;4;13;3;12;3;11;3;10;3;9;3;8;3;7;3;6;3;5;3;5;4;5;5;6;5;7;5;8;5
1;1;18;1;17;16;17;15;17;14;17;13;17;12;18;12;18;11;17;11;16;11;15;11;14;11;14;12;13;12;13;11;13;10;13;9;13;8;13;7;13;6;13;5;13;4;13;3;12;3;11;3;10;3;9;3;8;3;7;3;6;3;5;3;5;4;5;5;6;5;7;5;8;5;9;5
1;2;18;1;17;15;17;14;17;13;17;12;18;12;18;11;17;11;16;11;15;11;14;11;14;12;13;12;13;11;13;10;13;9;13;8;13;7;13;6;13;5;13;4;13;3;12;3;11;3;10;3;9;3;8;3;7;3;6;3;5;3;5;4;5;5;6;5;7;5;8;5;9;5;9;6
1;2;18;1;17;14;17;13;17;12;18;12;18;11;17;11;16;11;15;11;14;11;14;12;13;12;13;11;13;10;13;9;13;8;13;7;13;6;13;5;13;4;13;3;12;3;11;3;10;3;9;3;8;3;7;3;6;3;5;3;5;4;5;5;6;5;7;5;8;5;9;5;9;6;9;7
1;1;18;1;17;13;17;12;18;12;18;11;17;11;16;11;15;11;14;11;14;12;13;12;13;11;13;10;13;9;13;8;13;7;13;6;13;5;13;4;13;3;12;3;11;3;10;3;9;3;8;3;7;3;6;3;5;3;5;4;5;5;6;5;7;5;8;5;9;5;9;6;9;7;10;7
1;2;18;1;17;12;18;12;18;11;17;11;16;11;15;11;14;11;14;12;13;12;13;11;13;10;13;9;13;8;13;7;13;6;13;5;13;4;13;3;12;3;11;3;10;3;9;3;8;3;7;3;6;3;5;3;5;4;5;5;6;5;7;5;8;5;9;5;9;6;9;7;10;7;10;8
1;1;18;1;18;12;18;11;17;11;16;11;15;11;14;11;14;12;13;12;13;11;13;10;13;9;13;8;13;7;13;6;13;5;13;4;13;3;12;3;11;3;10;3;9;3;8;3;7;3;6;3;5;3;5;4;5;5;6;5;7;5;8;5;9;5;9;6;9;7;10;7;10;8;11;8
1;2;18;1;18;11;17;11;16;11;15;11;14;11;14;12;13;12;13;11;13;10;13;9;13;8;13;7;13;6;13;5;13;4;13;3;12;3;11;3;10;3;9;3;8;3;7;3;6;3;5;3;5;4;5;5;6;5;7;5;8;5;9;5;9;6;9;7;10;7;10;8;11;8;11;9
1;1;18;1;17;11;16;11;15;11;14;11;14;12;13;12;13;11;13;10;13;9;13;8;13;7;13;6;13;5;13;4;13;3;12;3;11;3;10;3;9;3;8;3;7;3;6;3;5;3;5;4;5;5;6;5;7;5;8;5;9;5;9;6;9;7;10;7;10;8;11;8;11;9;12;9
1;0;18;1;16;11;15;11;14;11;14;12;13;12;13;11;13;10;13;9;13;8;13;7;13;6;13;5;13;4;13;3;12;3;11;3;10;3;9;3;8;3;7;3;6;3;5;3;5;4;5;5;6;5;7;5;8;5;9;5;9;6;9;7;10;7;10;8;11;8;11;9;12;9;12;8
1;0;18;1;15;11;14;11;14;12;13;12;13;11;13;10;13;9;13;8;13;7;13;6;13;5;13;4;13;3;12;3;11;3;10;3;9;3;8;3;7;3;6;3;5;3;5;4;5;5;6;5;7;5;8;5;9;5;9;6;9;7;10;7;10;8;11;8;11;9;12;9;12;8;12;7
1;0;18;1;14;11;14;12;13;12;13;11;13;10;13;9;13;8;13;7;13;6;13;5;13;4;13;3;12;3;11;3;10;3;9;3;8;3;7;3;6;3;5;3;5;4;5;5;6;5;7;5;8;5;9;5;9;6;9;7;10;7;10;8;11;8;11;9;12;9;12;8;12;7;12;6
1;0;18;1;14;12;13;12;13;11;13;10;13;9;13;8;13;7;13;6;13;5;13;4;13;3;12;3;11;3;10;3;9;3;8;3;7;3;6;3;5;3;5;4;5;5;6;5;7;5;8;5;9;5;9;6;9;7;10;7;10;8;11;8;11;9;12;9;12;8;12;7;12;6;12;5
1;0;18;1;13;12;13;11;13;10;13;9;13;8;13;7;13;6;13;5;13;4;13;3;12;3;11;3;10;3;9;3;8;3;7;3;6;3;5;3;5;4;5;5;6;5;7;5;8;5;9;5;9;6;9;7;10;7;10;8;11;8;11;9;12;9;12;8;12;7;12;6;12;5;12;4
1;3;18;1;13;11;13;10;13;9;13;8;13;7;13;6;13;5;13;4;13;3;12;3;11;3;10;3;9;3;8;3;7;3;6;3;5;3;5;4;5;5;6;5;7;5;8;5;9;5;9;6;9;7;10;7;10;8;11;8;11;9;12;9;12;8;12;7;12;6;12;5;12;4;11;4
1;2;18;1;13;10;13;9;13;8;13;7;13;6;13;5;13;4;13;3;12;3;11;3;10;3;9;3;8;3;7;3;6;3;5;3;5;4;5;5;6;5;7;5;8;5;9;5;9;6;9;7;10;7;10;8;11;8;11;9;12;9;12;8;12;7;12;6;12;5;12;4;11;4;11;5
1;3;18;1;13;9;13;8;13;7;13;6;13;5;13;4;13;3;12;3;11;3;10;3;9;3;8;3;7;3;6;3;5;3;5;4;5;5;6;5;7;5;8;5;9;5;9;6;9;7;10;7;10;8;11;8;11;9;12;9;12;8;12;7;12;6;12;5;12;4;11;4;11;5;10;5
1;2;18;1;13;8;13;7;13;6;13;5;13;4;13;3;12;3;11;3;10;3;9;3;8;3;7;3;6;3;5;3;5;4;5;5;6;5;7;5;8;5;9;5;9;6;9;7;10;7;10;8;11;8;11;9;12;9;12;8;12;7;12;6;12;5;12;4;11;4;11;5;10;5;10;6
1;1;18;1;13;7;13;6;13;5;13;4;13;3;12;3;11;3;10;3;9;3;8;3;7;3;6;3;5;3;5;4;5;5;6;5;7;5;8;5;9;5;9;6;9;7;10;7;10;8;11;8;11;9;12;9;12;8;12;7;12;6;12;5;12;4;11;4;11;5;10;5;10;6;11;6
