20
1;1;19;18;8;10;9;10;10;10
1;2;19;18;9;10;10;10;10;11
1;2;19;18;10;10;10;11;10;12
1;1;19;18;10;11;10;12;11;12
1;1;19;18;10;12;11;12;12;12
1;1;19;18;11;12;12;12;13;12
1;1;19;18;12;12;13;12;14;12
1;1;19;18;13;12;14;12;15;12
1;1;19;18;14;12;15;12;16;12
1;1;19;18;15;12;16;12;17;12
1;1;19;18;16;12;17;12;18;12
1;1;19;18;17;12;18;12;19;12
1;2;19;18;18;12;19;12;19;13
1;2;19;18;19;12;19;13;19;14
1;2;19;18;19;13;19;14;19;15
1;2;19;18;19;14;19;15;19;16
1;2;19;18;19;15;19;16;19;17
1;2;5;16;19;16;19;16;19;17;19;18
1;3;5;16;19;16;19;17;19;18;18;18
1;0;5;16;19;17;19;18;18;18;18;17
1;0;5;16;19;18;18;18;18;17;18;16
1;3;5;16;18;18;18;17;18;16;17;16
1;3;5;16;18;17;18;16;17;16;16;16
1;3;5;16;18;16;17;16;16;16;15;16
1;3;5;16;17;16;16;16;15;16;14;16
1;3;5;16;16;16;15;16;14;16;13;16
1;3;5;16;15;16;14;16;13;16;12;16
1;3;5;16;14;16;13;16;12;16;11;16
1;3;5;16;13;16;12;16;11;16;10;16
1;3;5;16;12;16;11;16;10;16;9;16
1;3;5;16;11;16;10;16;9;16;8;16
1;3;5;16;10;16;9;16;8;16;7;16
1;3;5;16;9;16;8;16;7;16;6;16
1;3;14;17;8;16;8;16;7;16;6;16;5;16
1;2;14;17;8;16;7;16;6;16;5;16;5;17
1;1;14;17;7;16;6;16;5;16;5;17;6;17
1;1;14;17;6;16;5;16;5;17;6;17;7;17
1;1;14;17;5;16;5;17;6;17;7;17;8;17
1;1;14;17;5;17;6;17;7;17;8;17;9;17
1;1;14;17;6;17;7;17;8;17;9;17;10;17
1;1;14;17;7;17;8;17;9;17;10;17;11;17
1;1;14;17;8;17;9;17;10;17;11;17;12;17
1;1;14;17;9;17;10;17;11;17;12;17;13;17
1;1;16;11;10;17;10;17;11;17;12;17;13;17;14;17
1;1;16;11;10;17;11;17;12;17;13;17;14;17;15;17
1;1;16;11;11;17;12;17;13;17;14;17;15;17;16;17
1;0;16;11;12;17;13;17;14;17;15;17;16;17;16;16
1;0;16;11;13;17;14;17;15;17;16;17;16;16;16;15
1;0;16;11;14;17;15;17;16;17;16;16;16;15;16;14
1;0;16;11;15;17;16;17;16;16;16;15;16;14;16;13
1;0;16;11;16;17;16;16;16;15;16;14;16;13;16;12
1;0;13;3;16;16;16;16;16;15;16;14;16;13;16;12;16;11
1;0;13;3;16;16;16;15;16;14;16;13;16;12;16;11;16;10
1;0;13;3;16;15;16;14;16;13;16;12;16;11;16;10;16;9
1;0;13;3;16;14;16;13;16;12;16;11;16;10;16;9;16;8
1;0;13;3;16;13;16;12;16;11;16;10;16;9;16;8;16;7
1;0;13;3;16;12;16;11;16;10;16;9;16;8;16;7;16;6
1;0;13;3;16;11;16;10;16;9;16;8;16;7;16;6;16;5
1;0;13;3;16;10;16;9;16;8;16;7;16;6;16;5;16;4
1;0;13;3;16;9;16;8;16;7;16;6;16;5;16;4;16;3
1;3;13;3;16;8;16;7;16;6;16;5;16;4;16;3;15;3
1;3;13;3;16;7;16;6;16;5;16;4;16;3;15;3;14;3
1;3;17;6;16;6;16;6;16;5;16;4;16;3;15;3;14;3;13;3
1;2;17;6;16;6;16;5;16;4;16;3;15;3;14;3;13;3;13;4
1;2;17;6;16;5;16;4;16;3;15;3;14;3;13;3;13;4;13;5
1;2;17;6;16;4;16;3;15;3;14;3;13;3;13;4;13;5;13;6
1;1;17;6;16;3;15;3;14;3;13;3;13;4;13;5;13;6;14;6
1;1;17;6;15;3;14;3;13;3;13;4;13;5;13;6;14;6;15;6
1;1;17;6;14;3;13;3;13;4;13;5;13;6;14;6;15;6;16;6
1;1;9;16;13;3;13;3;13;4;13;5;13;6;14;6;15;6;16;6;17;6
1;2;9;16;13;3;13;4;13;5;13;6;14;6;15;6;16;6;17;6;17;7
1;2;9;16;13;4;13;5;13;6;14;6;15;6;16;6;17;6;17;7;17;8
1;2;9;16;13;5;13;6;14;6;15;6;16;6;17;6;17;7;17;8;17;9
1;2;9;16;13;6;14;6;15;6;16;6;17;6;17;7;17;8;17;9;17;10
1;2;9;16;14;6;15;6;16;6;17;6;17;7;17;8;17;9;17;10;17;11
1;2;9;16;15;6;16;6;17;6;17;7;17;8;17;9;17;10;17;11;17;12
1;2;9;16;16;6;17;6;17;7;17;8;17;9;17;10;17;11;17;12;17;13
1;2;9;16;17;6;17;7;17;8;17;9;17;10;17;11;17;12;17;13;17;14
1;2;9;16;17;7;17;8;17;9;17;10;17;11;17;12;17;13;17;14;17;15
1;2;9;16;17;8;17;9;17;10;17;11;17;12;17;13;17;14;17;15;17;16
1;3;9;16;17;9;17;10;17;11;17;12;17;13;17;14;17;15;17;16;16;16
1;3;9;16;17;10;17;11;17;12;17;13;17;14;17;15;17;16;16;16;15;16
1;3;9;16;17;11;17;12;17;13;17;14;17;15;17;16;16;16;15;16;14;16
1;3;9;16;17;12;17;13;17;14;17;15;17;16;16;16;15;16;14;16;13;16
1;3;9;16;17;13;17;14;17;15;17;16;16;16;15;16;14;16;13;16;12;16
1;3;9;16;17;14;17;15;17;16;16;16;15;16;14;16;13;16;12;16;11;16
1;3;9;16;17;15;17;16;16;16;15;16;14;16;13;16;12;16;11;16;10;16
1;3;2;7;17;16;17;16;16;16;15;16;14;16;13;16;12;16;11;16;10;16;9;16
1;3;2;7;17;16;16;16;15;16;14;16;13;16;12;16;11;16;10;16;9;16;8;16
1;3;2;7;16;16;15;16;14;16;13;16;12;16;11;16;10;16;9;16;8;16;7;16
1;3;2;7;15;16;14;16;13;16;12;16;11;16;10;16;9;16;8;16;7;16;6;16
1;3;2;7;14;16;13;16;12;16;11;16;10;16;9;16;8;16;7;16;6;16;5;16
1;3;2;7;13;16;12;16;11;16;10;16;9;16;8;16;7;16;6;16;5;16;4;16
1;3;2;7;12;16;11;16;10;16;9;16;8;16;7;16;6;16;5;16;4;16;3;16
1;3;2;7;11;16;10;16;9;16;8;16;7;16;6;16;5;16;4;16;3;16;2;16
1;0;2;7;10;16;9;16;8;16;7;16;6;16;5;16;4;16;3;16;2;16;2;15
1;0;2;7;9;16;8;16;7;16;6;16;5;16;4;16;3;16;2;16;2;15;2;14
1;0;2;7;8;16;7;16;6;16;5;16;4;16;3;16;2;16;2;15;2;14;2;13
1;0;2;7;7;16;6;16;5;16;4;16;3;16;2;16;2;15;2;14;2;13;2;12
1;0;2;7;6;16;5;16;4;16;3;16;2;16;2;15;2;14;2;13;2;12;2;11
1;0;2;7;5;16;4;16;3;16;2;16;2;15;2;14;2;13;2;12;2;11;2;10
1;0;2;7;4;16;3;16;2;16;2;15;2;14;2;13;2;12;2;11;2;10;2;9
1;0;2;7;3;16;2;16;2;15;2;14;2;13;2;12;2;11;2;10;2;9;2;8
1;0;19;14;2;16;2;16;2;15;2;14;2;13;2;12;2;11;2;10;2;9;2;8;2;7
1;1;19;14;2;16;2;15;2;14;2;13;2;12;2;11;2;10;2;9;2;8;2;7;3;7
1;2;19;14;2;15;2;14;2;13;2;12;2;11;2;10;2;9;2;8;2;7;3;7;3;8
1;2;19;14;2;14;2;13;2;12;2;11;2;10;2;9;2;8;2;7;3;7;3;8;3;9
1;2;19;14;2;13;2;12;2;11;2;10;2;9;2;8;2;7;3;7;3;8;3;9;3;10
1;2;19;14;2;12;2;11;2;10;2;9;2;8;2;7;3;7;3;8;3;9;3;10;3;11
1;2;19;14;2;11;2;10;2;9;2;8;2;7;3;7;3;8;3;9;3;10;3;11;3;12
1;2;19;14;2;10;2;9;2;8;2;7;3;7;3;8;3;9;3;10;3;11;3;12;3;13
1;2;19;14;2;9;2;8;2;7;3;7;3;8;3;9;3;10;3;11;3;12;3;13;3;14
1;1;19;14;2;8;2;7;3;7;3;8;3;9;3;10;3;11;3;12;3;13;3;14;4;14
1;1;19;14;2;7;3;7;3;8;3;9;3;10;3;11;3;12;3;13;3;14;4;14;5;14
1;1;19;14;3;7;3;8;3;9;3;10;3;11;3;12;3;13;3;14;4;14;5;14;6;14
1;1;19;14;3;8;3;9;3;10;3;11;3;12;3;13;3;14;4;14;5;14;6;14;7;14
1;1;19;14;3;9;3;10;3;11;3;12;3;13;3;14;4;14;5;14;6;14;7;14;8;14
1;1;19;14;3;10;3;11;3;12;3;13;3;14;4;14;5;14;6;14;7;14;8;14;9;14
1;1;19;14;3;11;3;12;3;13;3;14;4;14;5;14;6;14;7;14;8;14;9;14;10;14
1;1;19;14;3;12;3;13;3;14;4;14;5;14;6;14;7;14;8;14;9;14;10;14;11;14
1;1;19;14;3;13;3;14;4;14;5;14;6;14;7;14;8;14;9;14;10;14;11;14;12;14
1;1;19;14;3;14;4;14;5;14;6;14;7;14;8;14;9;14;10;14;11;14;12;14;13;14
1;1;19;14;4;14;5;14;6;14;7;14;8;14;9;14;10;14;11;14;12;14;13;14;14;14
1;1;19;14;5;14;6;14;7;14;8;14;9;14;10;14;11;14;12;14;13;14;14;14;15;14
1;1;19;14;6;14;7;14;8;14;9;14;10;14;11;14;12;14;13;14;14;14;15;14;16;14
1;1;19;14;7;14;8;14;9;14;10;14;11;14;12;14;13;14;14;14;15;14;16;14;17;14
1;1;19;14;8;14;9;14;10;14;11;14;12;14;13;14;14;14;15;14;16;14;17;14;18;14
1;1;14;3;9;14;9;14;10;14;11;14;12;14;13;14;14;14;15;14;16;14;17;14;18;14;19;14
1;0;14;3;9;14;10;14;11;14;12;14;13;14;14;14;15;14;16;14;17;14;18;14;19;14;19;13
1;3;14;3;10;14;11;14;12;14;13;14;14;14;15;14;16;14;17;14;18;14;19;14;19;13;18;13
1;3;14;3;11;14;12;14;13;14;14;14;15;14;16;14;17;14;18;14;19;14;19;13;18;13;17;13
1;3;14;3;12;14;13;14;14;14;15;14;16;14;17;14;18;14;19;14;19;13;18;13;17;13;16;13
1;3;14;3;13;14;14;14;15;14;16;14;17;14;18;14;19;14;19;13;18;13;17;13;16;13;15;13
1;3;14;3;14;14;15;14;16;14;17;14;18;14;19;14;19;13;18;13;17;13;16;13;15;13;14;13
1;0;14;3;15;14;16;14;17;14;18;14;19;14;19;13;18;13;17;13;16;13;15;13;14;13;14;12
1;0;14;3;16;14;17;14;18;14;19;14;19;13;18;13;17;13;16;13;15;13;14;13;14;12;14;11
1;0;14;3;17;14;18;14;19;14;19;13;18;13;17;13;16;13;15;13;14;13;14;12;14;11;14;10
1;0;14;3;18;14;19;14;19;13;18;13;17;13;16;13;15;13;14;13;14;12;14;11;14;10;14;9
1;0;14;3;19;14;19;13;18;13;17;13;16;13;15;13;14;13;14;12;14;11;14;10;14;9;14;8
1;0;14;3;19;13;18;13;17;13;16;13;15;13;14;13;14;12;14;11;14;10;14;9;14;8;14;7
1;0;14;3;18;13;17;13;16;13;15;13;14;13;14;12;14;11;14;10;14;9;14;8;14;7;14;6
1;0;14;3;17;13;16;13;15;13;14;13;14;12;14;11;14;10;14;9;14;8;14;7;14;6;14;5
1;0;14;3;16;13;15;13;14;13;14;12;14;11;14;10;14;9;14;8;14;7;14;6;14;5;14;4
1;0;6;11;15;13;15;13;14;13;14;12;14;11;14;10;14;9;14;8;14;7;14;6;14;5;14;4;14;3
1;3;6;11;15;13;14;13;14;12;14;11;14;10;14;9;14;8;14;7;14;6;14;5;14;4;14;3;13;3
1;3;6;11;14;13;14;12;14;11;14;10;14;9;14;8;14;7;14;6;14;5;14;4;14;3;13;3;12;3
1;3;6;11;14;12;14;11;14;10;14;9;14;8;14;7;14;6;14;5;14;4;14;3;13;3;12;3;11;3
1;3;6;11;14;11;14;10;14;9;14;8;14;7;14;6;14;5;14;4;14;3;13;3;12;3;11;3;10;3
1;3;6;11;14;10;14;9;14;8;14;7;14;6;14;5;14;4;14;3;13;3;12;3;11;3;10;3;9;3
1;3;6;11;14;9;14;8;14;7;14;6;14;5;14;4;14;3;13;3;12;3;11;3;10;3;9;3;8;3
1;3;6;11;14;8;14;7;14;6;14;5;14;4;14;3;13;3;12;3;11;3;10;3;9;3;8;3;7;3
1;3;6;11;14;7;14;6;14;5;14;4;14;3;13;3;12;3;11;3;10;3;9;3;8;3;7;3;6;3
1;2;6;11;14;6;14;5;14;4;14;3;13;3;12;3;11;3;10;3;9;3;8;3;7;3;6;3;6;4
1;2;6;11;14;5;14;4;14;3;13;3;12;3;11;3;10;3;9;3;8;3;7;3;6;3;6;4;6;5
1;2;6;11;14;4;14;3;13;3;12;3;11;3;10;3;9;3;8;3;7;3;6;3;6;4;6;5;6;6
1;2;6;11;14;3;13;3;12;3;11;3;10;3;9;3;8;3;7;3;6;3;6;4;6;5;6;6;6;7
1;2;6;11;13;3;12;3;11;3;10;3;9;3;8;3;7;3;6;3;6;4;6;5;6;6;6;7;6;8
1;2;6;11;12;3;11;3;10;3;9;3;8;3;7;3;6;3;6;4;6;5;6;6;6;7;6;8;6;9
1;2;6;11;11;3;10;3;9;3;8;3;7;3;6;3;6;4;6;5;6;6;6;7;6;8;6;9;6;10
1;2;3;13;10;3;10;3;9;3;8;3;7;3;6;3;6;4;6;5;6;6;6;7;6;8;6;9;6;10;6;11
1;2;3;13;10;3;9;3;8;3;7;3;6;3;6;4;6;5;6;6;6;7;6;8;6;9;6;10;6;11;6;12
1;2;3;13;9;3;8;3;7;3;6;3;6;4;6;5;6;6;6;7;6;8;6;9;6;10;6;11;6;12;6;13
1;3;3;13;8;3;7;3;6;3;6;4;6;5;6;6;6;7;6;8;6;9;6;10;6;11;6;12;6;13;5;13
1;3;3;13;7;3;6;3;6;4;6;5;6;6;6;7;6;8;6;9;6;10;6;11;6;12;6;13;5;13;4;13
1;3;10;18;6;3;6;3;6;4;6;5;6;6;6;7;6;8;6;9;6;10;6;11;6;12;6;13;5;13;4;13;3;13
1;2;10;18;6;3;6;4;6;5;6;6;6;7;6;8;6;9;6;10;6;11;6;12;6;13;5;13;4;13;3;13;3;14
1;2;10;18;6;4;6;5;6;6;6;7;6;8;6;9;6;10;6;11;6;12;6;13;5;13;4;13;3;13;3;14;3;15
1;2;10;18;6;5;6;6;6;7;6;8;6;9;6;10;6;11;6;12;6;13;5;13;4;13;3;13;3;14;3;15;3;16
1;2;10;18;6;6;6;7;6;8;6;9;6;10;6;11;6;12;6;13;5;13;4;13;3;13;3;14;3;15;3;16;3;17
1;2;10;18;6;7;6;8;6;9;6;10;6;11;6;12;6;13;5;13;4;13;3;13;3;14;3;15;3;16;3;17;3;18
1;1;10;18;6;8;6;9;6;10;6;11;6;12;6;13;5;13;4;13;3;13;3;14;3;15;3;16;3;17;3;18;4;18
1;1;10;18;6;9;6;10;6;11;6;12;6;13;5;13;4;13;3;13;3;14;3;15;3;16;3;17;3;18;4;18;5;18
1;1;10;18;6;10;6;11;6;12;6;13;5;13;4;13;3;13;3;14;3;15;3;16;3;17;3;18;4;18;5;18;6;18
1;1;10;18;6;11;6;12;6;13;5;13;4;13;3;13;3;14;3;15;3;16;3;17;3;18;4;18;5;18;6;18;7;18
1;1;10;18;6;12;6;13;5;13;4;13;3;13;3;14;3;15;3;16;3;17;3;18;4;18;5;18;6;18;7;18;8;18
1;1;10;18;6;13;5;13;4;13;3;13;3;14;3;15;3;16;3;17;3;18;4;18;5;18;6;18;7;18;8;18;9;18
1;1;15;8;5;13;5;13;4;13;3;13;3;14;3;15;3;16;3;17;3;18;4;18;5;18;6;18;7;18;8;18;9;18;10;18
1;1;15;8;5;13;4;13;3;13;3;14;3;15;3;16;3;17;3;18;4;18;5;18;6;18;7;18;8;18;9;18;10;18;11;18
1;1;15;8;4;13;3;13;3;14;3;15;3;16;3;17;3;18;4;18;5;18;6;18;7;18;8;18;9;18;10;18;11;18;12;18
1;1;15;8;3;13;3;14;3;15;3;16;3;17;3;18;4;18;5;18;6;18;7;18;8;18;9;18;10;18;11;18;12;18;13;18
1;1;15;8;3;14;3;15;3;16;3;17;3;18;4;18;5;18;6;18;7;18;8;18;9;18;10;18;11;18;12;18;13;18;14;18
1;1;15;8;3;15;3;16;3;17;3;18;4;18;5;18;6;18;7;18;8;18;9;18;10;18;11;18;12;18;13;18;14;18;15;18
1;0;15;8;3;16;3;17;3;18;4;18;5;18;6;18;7;18;8;18;9;18;10;18;11;18;12;18;13;18;14;18;15;18;15;17
1;0;15;8;3;17;3;18;4;18;5;18;6;18;7;18;8;18;9;18;10;18;11;18;12;18;13;18;14;18;15;18;15;17;15;16
1;0;15;8;3;18;4;18;5;18;6;18;7;18;8;18;9;18;10;18;11;18;12;18;13;18;14;18;15;18;15;17;15;16;15;15
1;0;15;8;4;18;5;18;6;18;7;18;8;18;9;18;10;18;11;18;12;18;13;18;14;18;15;18;15;17;15;16;15;15;15;14
1;0;15;8;5;18;6;18;7;18;8;18;9;18;10;18;11;18;12;18;13;18;14;18;15;18;15;17;15;16;15;15;15;14;15;13
1;0;15;8;6;18;7;18;8;18;9;18;10;18;11;18;12;18;13;18;14;18;15;18;15;17;15;16;15;15;15;14;15;13;15;12
1;0;15;8;7;18;8;18;9;18;10;18;11;18;12;18;13;18;14;18;15;18;15;17;15;16;15;15;15;14;15;13;15;12;15;11
1;0;15;8;8;18;9;18;10;18;11;18;12;18;13;18;14;18;15;18;15;17;15;16;15;15;15;14;15;13;15;12;15;11;15;10
1;0;15;8;9;18;10;18;11;18;12;18;13;18;14;18;15;18;15;17;15;16;15;15;15;14;15;13;15;12;15;11;15;10;15;9
1;0;16;15;10;18;10;18;11;18;12;18;13;18;14;18;15;18;15;17;15;16;15;15;15;14;15;13;15;12;15;11;15;10;15;9;15;8
1;1;16;15;10;18;11;18;12;18;13;18;14;18;15;18;15;17;15;16;15;15;15;14;15;13;15;12;15;11;15;10;15;9;15;8;16;8
1;2;16;15;11;18;12;18;13;18;14;18;15;18;15;17;15;16;15;15;15;14;15;13;15;12;15;11;15;10;15;9;15;8;16;8;16;9
1;2;16;15;12;18;13;18;14;18;15;18;15;17;15;16;15;15;15;14;15;13;15;12;15;11;15;10;15;9;15;8;16;8;16;9;16;10
1;2;16;15;13;18;14;18;15;18;15;17;15;16;15;15;15;14;15;13;15;12;15;11;15;10;15;9;15;8;16;8;16;9;16;10;16;11
1;2;16;15;14;18;15;18;15;17;15;16;15;15;15;14;15;13;15;12;15;11;15;10;15;9;15;8;16;8;16;9;16;10;16;11;16;12
1;2;16;15;15;18;15;17;15;16;15;15;15;14;15;13;15;12;15;11;15;10;15;9;15;8;16;8;16;9;16;10;16;11;16;12;16;13
1;2;16;15;15;17;15;16;15;15;15;14;15;13;15;12;15;11;15;10;15;9;15;8;16;8;16;9;16;10;16;11;16;12;16;13;16;14
1;2;17;2;15;16;15;16;15;15;15;14;15;13;15;12;15;11;15;10;15;9;15;8;16;8;16;9;16;10;16;11;16;12;16;13;16;14;16;15
1;2;17;2;15;16;15;15;15;14;15;13;15;12;15;11;15;10;15;9;15;8;16;8;16;9;16;10;16;11;16;12;16;13;16;14;16;15;16;16
1;2;17;2;15;15;15;14;15;13;15;12;15;11;15;10;15;9;15;8;16;8;16;9;16;10;16;11;16;12;16;13;16;14;16;15;16;16;16;17
1;1;17;2;15;14;15;13;15;12;15;11;15;10;15;9;15;8;16;8;16;9;16;10;16;11;16;12;16;13;16;14;16;15;16;16;16;17;17;17
1;0;17;2;15;13;15;12;15;11;15;10;15;9;15;8;16;8;16;9;16;10;16;11;16;12;16;13;16;14;16;15;16;16;16;17;17;17;17;16
1;0;17;2;15;12;15;11;15;10;15;9;15;8;16;8;16;9;16;10;16;11;16;12;16;13;16;14;16;15;16;16;16;17;17;17;17;16;17;15
1;0;17;2;15;11;15;10;15;9;15;8;16;8;16;9;16;10;16;11;16;12;16;13;16;14;16;15;16;16;16;17;17;17;17;16;17;15;17;14
1;0;17;2;15;10;15;9;15;8;16;8;16;9;16;10;16;11;16;12;16;13;16;14;16;15;16;16;16;17;17;17;17;16;17;15;17;14;17;13
1;0;17;2;15;9;15;8;16;8;16;9;16;10;16;11;16;12;16;13;16;14;16;15;16;16;16;17;17;17;17;16;17;15;17;14;17;13;17;12
1;0;17;2;15;8;16;8;16;9;16;10;16;11;16;12;16;13;16;14;16;15;16;16;16;17;17;17;17;16;17;15;17;14;17;13;17;12;17;11
1;0;17;2;16;8;16;9;16;10;16;11;16;12;16;13;16;14;16;15;16;16;16;17;17;17;17;16;17;15;17;14;17;13;17;12;17;11;17;10
1;0;17;2;16;9;16;10;16;11;16;12;16;13;16;14;16;15;16;16;16;17;17;17;17;16;17;15;17;14;17;13;17;12;17;11;17;10;17;9
1;0;17;2;16;10;16;11;16;12;16;13;16;14;16;15;16;16;16;17;17;17;17;16;17;15;17;14;17;13;17;12;17;11;17;10;17;9;17;8
1;0;17;2;16;11;16;12;16;13;16;14;16;15;16;16;16;17;17;17;17;16;17;15;17;14;17;13;17;12;17;11;17;10;17;9;17;8;17;7
1;0;17;2;16;12;16;13;16;14;16;15;16;16;16;17;17;17;17;16;17;15;17;14;17;13;17;12;17;11;17;10;17;9;17;8;17;7;17;6
1;0;17;2;16;13;16;14;16;15;16;16;16;17;17;17;17;16;17;15;17;14;17;13;17;12;17;11;17;10;17;9;17;8;17;7;17;6;17;5
1;0;17;2;16;14;16;15;16;16;16;17;17;17;17;16;17;15;17;14;17;13;17;12;17;11;17;10;17;9;17;8;17;7;17;6;17;5;17;4
1;0;17;2;16;15;16;16;16;17;17;17;17;16;17;15;17;14;17;13;17;12;17;11;17;10;17;9;17;8;17;7;17;6;17;5;17;4;17;3
1;0;9;16;16;16;16;16;16;17;17;17;17;16;17;15;17;14;17;13;17;12;17;11;17;10;17;9;17;8;17;7;17;6;17;5;17;4;17;3;17;2
1;3;9;16;16;16;16;17;17;17;17;16;17;15;17;14;17;13;17;12;17;11;17;10;17;9;17;8;17;7;17;6;17;5;17;4;17;3;17;2;16;2
1;3;9;16;16;17;17;17;17;16;17;15;17;14;17;13;17;12;17;11;17;10;17;9;17;8;17;7;17;6;17;5;17;4;17;3;17;2;16;2;15;2
1;3;9;16;17;17;17;16;17;15;17;14;17;13;17;12;17;11;17;10;17;9;17;8;17;7;17;6;17;5;17;4;17;3;17;2;16;2;15;2;14;2
1;3;9;16;17;16;17;15;17;14;17;13;17;12;17;11;17;10;17;9;17;8;17;7;17;6;17;5;17;4;17;3;17;2;16;2;15;2;14;2;13;2
1;3;9;16;17;15;17;14;17;13;17;12;17;11;17;10;17;9;17;8;17;7;17;6;17;5;17;4;17;3;17;2;16;2;15;2;14;2;13;2;12;2
1;3;9;16;17;14;17;13;17;12;17;11;17;10;17;9;17;8;17;7;17;6;17;5;17;4;17;3;17;2;16;2;15;2;14;2;13;2;12;2;11;2
1;3;9;16;17;13;17;12;17;11;17;10;17;9;17;8;17;7;17;6;17;5;17;4;17;3;17;2;16;2;15;2;14;2;13;2;12;2;11;2;10;2
1;3;9;16;17;12;17;11;17;10;17;9;17;8;17;7;17;6;17;5;17;4;17;3;17;2;16;2;15;2;14;2;13;2;12;2;11;2;10;2;9;2
1;2;9;16;17;11;17;10;17;9;17;8;17;7;17;6;17;5;17;4;17;3;17;2;16;2;15;2;14;2;13;2;12;2;11;2;10;2;9;2;9;3
1;2;9;16;17;10;17;9;17;8;17;7;17;6;17;5;17;4;17;3;17;2;16;2;15;2;14;2;13;2;12;2;11;2;10;2;9;2;9;3;9;4
1;2;9;16;17;9;17;8;17;7;17;6;17;5;17;4;17;3;17;2;16;2;15;2;14;2;13;2;12;2;11;2;10;2;9;2;9;3;9;4;9;5
1;2;9;16;17;8;17;7;17;6;17;5;17;4;17;3;17;2;16;2;15;2;14;2;13;2;12;2;11;2;10;2;9;2;9;3;9;4;9;5;9;6
1;2;9;16;17;7;17;6;17;5;17;4;17;3;17;2;16;2;15;2;14;2;13;2;12;2;11;2;10;2;9;2;9;3;9;4;9;5;9;6;9;7
1;2;9;16;17;6;17;5;17;4;17;3;17;2;16;2;15;2;14;2;13;2;12;2;11;2;10;2;9;2;9;3;9;4;9;5;9;6;9;7;9;8
1;2;9;16;17;5;17;4;17;3;17;2;16;2;15;2;14;2;13;2;12;2;11;2;10;2;9;2;9;3;9;4;9;5;9;6;9;7;9;8;9;9
1;2;9;16;17;4;17;3;17;2;16;2;15;2;14;2;13;2;12;2;11;2;10;2;9;2;9;3;9;4;9;5;9;6;9;7;9;8;9;9;9;10
1;2;9;16;17;3;17;2;16;2;15;2;14;2;13;2;12;2;11;2;10;2;9;2;9;3;9;4;9;5;9;6;9;7;9;8;9;9;9;10;9;11
1;2;9;16;17;2;16;2;15;2;14;2;13;2;12;2;11;2;10;2;9;2;9;3;9;4;9;5;9;6;9;7;9;8;9;9;9;10;9;11;9;12
1;2;9;16;16;2;15;2;14;2;13;2;12;2;11;2;10;2;9;2;9;3;9;4;9;5;9;6;9;7;9;8;9;9;9;10;9;11;9;12;9;13
1;2;9;16;15;2;14;2;13;2;12;2;11;2;10;2;9;2;9;3;9;4;9;5;9;6;9;7;9;8;9;9;9;10;9;11;9;12;9;13;9;14
1;2;9;16;14;2;13;2;12;2;11;2;10;2;9;2;9;3;9;4;9;5;9;6;9;7;9;8;9;9;9;10;9;11;9;12;9;13;9;14;9;15
1;2;9;1;13;2;13;2;12;2;11;2;10;2;9;2;9;3;9;4;9;5;9;6;9;7;9;8;9;9;9;10;9;11;9;12;9;13;9;14;9;15;9;16
1;3;9;1;13;2;12;2;11;2;10;2;9;2;9;3;9;4;9;5;9;6;9;7;9;8;9;9;9;10;9;11;9;12;9;13;9;14;9;15;9;16;8;16
1;0;9;1;12;2;11;2;10;2;9;2;9;3;9;4;9;5;9;6;9;7;9;8;9;9;9;10;9;11;9;12;9;13;9;14;9;15;9;16;8;16;8;15
1;0;9;1;11;2;10;2;9;2;9;3;9;4;9;5;9;6;9;7;9;8;9;9;9;10;9;11;9;12;9;13;9;14;9;15;9;16;8;16;8;15;8;14
1;0;9;1;10;2;9;2;9;3;9;4;9;5;9;6;9;7;9;8;9;9;9;10;9;11;9;12;9;13;9;14;9;15;9;16;8;16;8;15;8;14;8;13
1;0;9;1;9;2;9;3;9;4;9;5;9;6;9;7;9;8;9;9;9;10;9;11;9;12;9;13;9;14;9;15;9;16;8;16;8;15;8;14;8;13;8;12
1;0;9;1;9;3;9;4;9;5;9;6;9;7;9;8;9;9;9;10;9;11;9;12;9;13;9;14;9;15;9;16;8;16;8;15;8;14;8;13;8;12;8;11
1;0;9;1;9;4;9;5;9;6;9;7;9;8;9;9;9;10;9;11;9;12;9;13;9;14;9;15;9;16;8;16;8;15;8;14;8;13;8;12;8;11;8;10
1;0;9;1;9;5;9;6;9;7;9;8;9;9;9;10;9;11;9;12;9;13;9;14;9;15;9;16;8;16;8;15;8;14;8;13;8;12;8;11;8;10;8;9
1;0;9;1;9;6;9;7;9;8;9;9;9;10;9;11;9;12;9;13;9;14;9;15;9;16;8;16;8;15;8;14;8;13;8;12;8;11;8;10;8;9;8;8
1;0;9;1;9;7;9;8;9;9;9;10;9;11;9;12;9;13;9;14;9;15;9;16;8;16;8;15;8;14;8;13;8;12;8;11;8;10;8;9;8;8;8;7
1;1;9;1;9;8;9;9;9;10;9;11;9;12;9;13;9;14;9;15;9;16;8;16;8;15;8;14;8;13;8;12;8;11;8;10;8;9;8;8;8;7;9;7
1;0;9;1;9;9;9;10;9;11;9;12;9;13;9;14;9;15;9;16;8;16;8;15;8;14;8;13;8;12;8;11;8;10;8;9;8;8;8;7;9;7;9;6
1;0;9;1;9;10;9;11;9;12;9;13;9;14;9;15;9;16;8;16;8;15;8;14;8;13;8;12;8;11;8;10;8;9;8;8;8;7;9;7;9;6;9;5
1;0;9;1;9;11;9;12;9;13;9;14;9;15;9;16;8;16;8;15;8;14;8;13;8;12;8;11;8;10;8;9;8;8;8;7;9;7;9;6;9;5;9;4
1;0;9;1;9;12;9;13;9;14;9;15;9;16;8;16;8;15;8;14;8;13;8;12;8;11;8;10;8;9;8;8;8;7;9;7;9;6;9;5;9;4;9;3
1;0;9;1;9;13;9;14;9;15;9;16;8;16;8;15;8;14;8;13;8;12;8;11;8;10;8;9;8;8;8;7;9;7;9;6;9;5;9;4;9;3;9;2
1;0;13;9;9;14;9;14;9;15;9;16;8;16;8;15;8;14;8;13;8;12;8;11;8;10;8;9;8;8;8;7;9;7;9;6;9;5;9;4;9;3;9;2;9;1
1;1;13;9;9;14;9;15;9;16;8;16;8;15;8;14;8;13;8;12;8;11;8;10;8;9;8;8;8;7;9;7;9;6;9;5;9;4;9;3;9;2;9;1;10;1
1;1;13;9;9;15;9;16;8;16;8;15;8;14;8;13;8;12;8;11;8;10;8;9;8;8;8;7;9;7;9;6;9;5;9;4;9;3;9;2;9;1;10;1;11;1
1;1;13;9;9;16;8;16;8;15;8;14;8;13;8;12;8;11;8;10;8;9;8;8;8;7;9;7;9;6;9;5;9;4;9;3;9;2;9;1;10;1;11;1;12;1
1;1;13;9;8;16;8;15;8;14;8;13;8;12;8;11;8;10;8;9;8;8;8;7;9;7;9;6;9;5;9;4;9;3;9;2;9;1;10;1;11;1;12;1;13;1
1;2;13;9;8;15;8;14;8;13;8;12;8;11;8;10;8;9;8;8;8;7;9;7;9;6;9;5;9;4;9;3;9;2;9;1;10;1;11;1;12;1;13;1;13;2
1;2;13;9;8;14;8;13;8;12;8;11;8;10;8;9;8;8;8;7;9;7;9;6;9;5;9;4;9;3;9;2;9;1;10;1;11;1;12;1;13;1;13;2;13;3
1;2;13;9;8;13;8;12;8;11;8;10;8;9;8;8;8;7;9;7;9;6;9;5;9;4;9;3;9;2;9;1;10;1;11;1;12;1;13;1;13;2;13;3;13;4
1;2;13;9;8;12;8;11;8;10;8;9;8;8;8;7;9;7;9;6;9;5;9;4;9;3;9;2;9;1;10;1;11;1;12;1;13;1;13;2;13;3;13;4;13;5
1;2;13;9;8;11;8;10;8;9;8;8;8;7;9;7;9;6;9;5;9;4;9;3;9;2;9;1;10;1;11;1;12;1;13;1;13;2;13;3;13;4;13;5;13;6
1;2;13;9;8;10;8;9;8;8;8;7;9;7;9;6;9;5;9;4;9;3;9;2;9;1;10;1;11;1;12;1;13;1;13;2;13;3;13;4;13;5;13;6;13;7
1;2;13;9;8;9;8;8;8;7;9;7;9;6;9;5;9;4;9;3;9;2;9;1;10;1;11;1;12;1;13;1;13;2;13;3;13;4;13;5;13;6;13;7;13;8
1;2;4;2;8;8;8;8;8;7;9;7;9;6;9;5;9;4;9;3;9;2;9;1;10;1;11;1;12;1;13;1;13;2;13;3;13;4;13;5;13;6;13;7;13;8;13;9
1;3;4;2;8;8;8;7;9;7;9;6;9;5;9;4;9;3;9;2;9;1;10;1;11;1;12;1;13;1;13;2;13;3;13;4;13;5;13;6;13;7;13;8;13;9;12;9
1;0;4;2;8;7;9;7;9;6;9;5;9;4;9;3;9;2;9;1;10;1;11;1;12;1;13;1;13;2;13;3;13;4;13;5;13;6;13;7;13;8;13;9;12;9;12;8
1;0;4;2;9;7;9;6;9;5;9;4;9;3;9;2;9;1;10;1;11;1;12;1;13;1;13;2;13;3;13;4;13;5;13;6;13;7;13;8;13;9;12;9;12;8;12;7
1;0;4;2;9;6;9;5;9;4;9;3;9;2;9;1;10;1;11;1;12;1;13;1;13;2;13;3;13;4;13;5;13;6;13;7;13;8;13;9;12;9;12;8;12;7;12;6
1;0;4;2;9;5;9;4;9;3;9;2;9;1;10;1;11;1;12;1;13;1;13;2;13;3;13;4;13;5;13;6;13;7;13;8;13;9;12;9;12;8;12;7;12;6;12;5
1;0;4;2;9;4;9;3;9;2;9;1;10;1;11;1;12;1;13;1;13;2;13;3;13;4;13;5;13;6;13;7;13;8;13;9;12;9;12;8;12;7;12;6;12;5;12;4
1;0;4;2;9;3;9;2;9;1;10;1;11;1;12;1;13;1;13;2;13;3;13;4;13;5;13;6;13;7;13;8;13;9;12;9;12;8;12;7;12;6;12;5;12;4;12;3
1;0;4;2;9;2;9;1;10;1;11;1;12;1;13;1;13;2;13;3;13;4;13;5;13;6;13;7;13;8;13;9;12;9;12;8;12;7;12;6;12;5;12;4;12;3;12;2
1;3;4;2;9;1;10;1;11;1;12;1;13;1;13;2;13;3;13;4;13;5;13;6;13;7;13;8;13;9;12;9;12;8;12;7;12;6;12;5;12;4;12;3;12;2;11;2
1;3;4;2;10;1;11;1;12;1;13;1;13;2;13;3;13;4;13;5;13;6;13;7;13;8;13;9;12;9;12;8;12;7;12;6;12;5;12;4;12;3;12;2;11;2;10;2
1;3;4;2;11;1;12;1;13;1;13;2;13;3;13;4;13;5;13;6;13;7;13;8;13;9;12;9;12;8;12;7;12;6;12;5;12;4;12;3;12;2;11;2;10;2;9;2
1;3;4;2;12;1;13;1;13;2;13;3;13;4;13;5;13;6;13;7;13;8;13;9;12;9;12;8;12;7;12;6;12;5;12;4;12;3;12;2;11;2;10;2;9;2;8;2
1;3;4;2;13;1;13;2;13;3;13;4;13;5;13;6;13;7;13;8;13;9;12;9;12;8;12;7;12;6;12;5;12;4;12;3;12;2;11;2;10;2;9;2;8;2;7;2
1;3;4;2;13;2;13;3;13;4;13;5;13;6;13;7;13;8;13;9;12;9;12;8;12;7;12;6;12;5;12;4;12;3;12;2;11;2;10;2;9;2;8;2;7;2;6;2
1;3;4;2;13;3;13;4;13;5;13;6;13;7;13;8;13;9;12;9;12;8;12;7;12;6;12;5;12;4;12;3;12;2;11;2;10;2;9;2;8;2;7;2;6;2;5;2
1;3;16;19;13;4;13;4;13;5;13;6;13;7;13;8;13;9;12;9;12;8;12;7;12;6;12;5;12;4;12;3;12;2;11;2;10;2;9;2;8;2;7;2;6;2;5;2;4;2
1;2;16;19;13;4;13;5;13;6;13;7;13;8;13;9;12;9;12;8;12;7;12;6;12;5;12;4;12;3;12;2;11;2;10;2;9;2;8;2;7;2;6;2;5;2;4;2;4;3
1;2;16;19;13;5;13;6;13;7;13;8;13;9;12;9;12;8;12;7;12;6;12;5;12;4;12;3;12;2;11;2;10;2;9;2;8;2;7;2;6;2;5;2;4;2;4;3;4;4
1;2;16;19;13;6;13;7;13;8;13;9;12;9;12;8;12;7;12;6;12;5;12;4;12;3;12;2;11;2;10;2;9;2;8;2;7;2;6;2;5;2;4;2;4;3;4;4;4;5
1;2;16;19;13;7;13;8;13;9;12;9;12;8;12;7;12;6;12;5;12;4;12;3;12;2;11;2;10;2;9;2;8;2;7;2;6;2;5;2;4;2;4;3;4;4;4;5;4;6
1;2;16;19;13;8;13;9;12;9;12;8;12;7;12;6;12;5;12;4;12;3;12;2;11;2;10;2;9;2;8;2;7;2;6;2;5;2;4;2;4;3;4;4;4;5;4;6;4;7
1;2;16;19;13;9;12;9;12;8;12;7;12;6;12;5;12;4;12;3;12;2;11;2;10;2;9;2;8;2;7;2;6;2;5;2;4;2;4;3;4;4;4;5;4;6;4;7;4;8
1;2;16;19;12;9;12;8;12;7;12;6;12;5;12;4;12;3;12;2;11;2;10;2;9;2;8;2;7;2;6;2;5;2;4;2;4;3;4;4;4;5;4;6;4;7;4;8;4;9
1;2;16;19;12;8;12;7;12;6;12;5;12;4;12;3;12;2;11;2;10;2;9;2;8;2;7;2;6;2;5;2;4;2;4;3;4;4;4;5;4;6;4;7;4;8;4;9;4;10
1;2;16;19;12;7;12;6;12;5;12;4;12;3;12;2;11;2;10;2;9;2;8;2;7;2;6;2;5;2;4;2;4;3;4;4;4;5;4;6;4;7;4;8;4;9;4;10;4;11
1;2;16;19;12;6;12;5;12;4;12;3;12;2;11;2;10;2;9;2;8;2;7;2;6;2;5;2;4;2;4;3;4;4;4;5;4;6;4;7;4;8;4;9;4;10;4;11;4;12
1;2;16;19;12;5;12;4;12;3;12;2;11;2;10;2;9;2;8;2;7;2;6;2;5;2;4;2;4;3;4;4;4;5;4;6;4;7;4;8;4;9;4;10;4;11;4;12;4;13
1;1;16;19;12;4;12;3;12;2;11;2;10;2;9;2;8;2;7;2;6;2;5;2;4;2;4;3;4;4;4;5;4;6;4;7;4;8;4;9;4;10;4;11;4;12;4;13;5;13
1;1;16;19;12;3;12;2;11;2;10;2;9;2;8;2;7;2;6;2;5;2;4;2;4;3;4;4;4;5;4;6;4;7;4;8;4;9;4;10;4;11;4;12;4;13;5;13;6;13
1;1;16;19;12;2;11;2;10;2;9;2;8;2;7;2;6;2;5;2;4;2;4;3;4;4;4;5;4;6;4;7;4;8;4;9;4;10;4;11;4;12;4;13;5;13;6;13;7;13
1;1;16;19;11;2;10;2;9;2;8;2;7;2;6;2;5;2;4;2;4;3;4;4;4;5;4;6;4;7;4;8;4;9;4;10;4;11;4;12;4;13;5;13;6;13;7;13;8;13
1;1;16;19;10;2;9;2;8;2;7;2;6;2;5;2;4;2;4;3;4;4;4;5;4;6;4;7;4;8;4;9;4;10;4;11;4;12;4;13;5;13;6;13;7;13;8;13;9;13
1;1;16;19;9;2;8;2;7;2;6;2;5;2;4;2;4;3;4;4;4;5;4;6;4;7;4;8;4;9;4;10;4;11;4;12;4;13;5;13;6;13;7;13;8;13;9;13;10;13
1;1;16;19;8;2;7;2;6;2;5;2;4;2;4;3;4;4;4;5;4;6;4;7;4;8;4;9;4;10;4;11;4;12;4;13;5;13;6;13;7;13;8;13;9;13;10;13;11;13
1;1;16;19;7;2;6;2;5;2;4;2;4;3;4;4;4;5;4;6;4;7;4;8;4;9;4;10;4;11;4;12;4;13;5;13;6;13;7;13;8;13;9;13;10;13;11;13;12;13
1;1;16;19;6;2;5;2;4;2;4;3;4;4;4;5;4;6;4;7;4;8;4;9;4;10;4;11;4;12;4;13;5;13;6;13;7;13;8;13;9;13;10;13;11;13;12;13;13;13
1;1;16;19;5;2;4;2;4;3;4;4;4;5;4;6;4;7;4;8;4;9;4;10;4;11;4;12;4;13;5;13;6;13;7;13;8;13;9;13;10;13;11;13;12;13;13;13;14;13
1;1;16;19;4;2;4;3;4;4;4;5;4;6;4;7;4;8;4;9;4;10;4;11;4;12;4;13;5;13;6;13;7;13;8;13;9;13;10;13;11;13;12;13;13;13;14;13;15;13
1;1;16;19;4;3;4;4;4;5;4;6;4;7;4;8;4;9;4;10;4;11;4;12;4;13;5;13;6;13;7;13;8;13;9;13;10;13;11;13;12;13;13;13;14;13;15;13;16;13
1;2;16;19;4;4;4;5;4;6;4;7;4;8;4;9;4;10;4;11;4;12;4;13;5;13;6;13;7;13;8;13;9;13;10;13;11;13;12;13;13;13;14;13;15;13;16;13;16;14
1;2;16;19;4;5;4;6;4;7;4;8;4;9;4;10;4;11;4;12;4;13;5;13;6;13;7;13;8;13;9;13;10;13;11;13;12;13;13;13;14;13;15;13;16;13;16;14;16;15
1;2;16;19;4;6;4;7;4;8;4;9;4;10;4;11;4;12;4;13;5;13;6;13;7;13;8;13;9;13;10;13;11;13;12;13;13;13;14;13;15;13;16;13;16;14;16;15;16;16
1;2;16;19;4;7;4;8;4;9;4;10;4;11;4;12;4;13;5;13;6;13;7;13;8;13;9;13;10;13;11;13;12;13;13;13;14;13;15;13;16;13;16;14;16;15;16;16;16;17
1;2;16;19;4;8;4;9;4;10;4;11;4;12;4;13;5;13;6;13;7;13;8;13;9;13;10;13;11;13;12;13;13;13;14;13;15;13;16;13;16;14;16;15;16;16;16;17;16;18
1;2;5;17;4;9;4;9;4;10;4;11;4;12;4;13;5;13;6;13;7;13;8;13;9;13;10;13;11;13;12;13;13;13;14;13;15;13;16;13;16;14;16;15;16;16;16;17;16;18;16;19
1;3;5;17;4;9;4;10;4;11;4;12;4;13;5;13;6;13;7;13;8;13;9;13;10;13;11;13;12;13;13;13;14;13;15;13;16;13;16;14;16;15;16;16;16;17;16;18;16;19;15;19
1;3;5;17;4;10;4;11;4;12;4;13;5;13;6;13;7;13;8;13;9;13;10;13;11;13;12;13;13;13;14;13;15;13;16;13;16;14;16;15;16;16;16;17;16;18;16;19;15;19;14;19
1;3;5;17;4;11;4;12;4;13;5;13;6;13;7;13;8;13;9;13;10;13;11;13;12;13;13;13;14;13;15;13;16;13;16;14;16;15;16;16;16;17;16;18;16;19;15;19;14;19;13;19
1;3;5;17;4;12;4;13;5;13;6;13;7;13;8;13;9;13;10;13;11;13;12;13;13;13;14;13;15;13;16;13;16;14;16;15;16;16;16;17;16;18;16;19;15;19;14;19;13;19;12;19
1;3;5;17;4;13;5;13;6;13;7;13;8;13;9;13;10;13;11;13;12;13;13;13;14;13;15;13;16;13;16;14;16;15;16;16;16;17;16;18;16;19;15;19;14;19;13;19;12;19;11;19
1;3;5;17;5;13;6;13;7;13;8;13;9;13;10;13;11;13;12;13;13;13;14;13;15;13;16;13;16;14;16;15;16;16;16;17;16;18;16;19;15;19;14;19;13;19;12;19;11;19;10;19
1;3;5;17;6;13;7;13;8;13;9;13;10;13;11;13;12;13;13;13;14;13;15;13;16;13;16;14;16;15;16;16;16;17;16;18;16;19;15;19;14;19;13;19;12;19;11;19;10;19;9;19
1;3;5;17;7;13;8;13;9;13;10;13;11;13;12;13;13;13;14;13;15;13;16;13;16;14;16;15;16;16;16;17;16;18;16;19;15;19;14;19;13;19;12;19;11;19;10;19;9;19;8;19
1;3;5;17;8;13;9;13;10;13;11;13;12;13;13;13;14;13;15;13;16;13;16;14;16;15;16;16;16;17;16;18;16;19;15;19;14;19;13;19;12;19;11;19;10;19;9;19;8;19;7;19
1;3;5;17;9;13;10;13;11;13;12;13;13;13;14;13;15;13;16;13;16;14;16;15;16;16;16;17;16;18;16;19;15;19;14;19;13;19;12;19;11;19;10;19;9;19;8;19;7;19;6;19
1;3;5;17;10;13;11;13;12;13;13;13;14;13;15;13;16;13;16;14;16;15;16;16;16;17;16;18;16;19;15;19;14;19;13;19;12;19;11;19;10;19;9;19;8;19;7;19;6;19;5;19
1;0;5;17;11;13;12;13;13;13;14;13;15;13;16;13;16;14;16;15;16;16;16;17;16;18;16;19;15;19;14;19;13;19;12;19;11;19;10;19;9;19;8;19;7;19;6;19;5;19;5;18
1;0;10;1;12;13;12;13;13;13;14;13;15;13;16;13;16;14;16;15;16;16;16;17;16;18;16;19;15;19;14;19;13;19;12;19;11;19;10;19;9;19;8;19;7;19;6;19;5;19;5;18;5;17
1;0;10;1;12;13;13;13;14;13;15;13;16;13;16;14;16;15;16;16;16;17;16;18;16;19;15;19;14;19;13;19;12;19;11;19;10;19;9;19;8;19;7;19;6;19;5;19;5;18;5;17;5;16
1;1;10;1;13;13;14;13;15;13;16;13;16;14;16;15;16;16;16;17;16;18;16;19;15;19;14;19;13;19;12;19;11;19;10;19;9;19;8;19;7;19;6;19;5;19;5;18;5;17;5;16;6;16
1;1;10;1;14;13;15;13;16;13;16;14;16;15;16;16;16;17;16;18;16;19;15;19;14;19;13;19;12;19;11;19;10;19;9;19;8;19;7;19;6;19;5;19;5;18;5;17;5;16;6;16;7;16
1;1;10;1;15;13;16;13;16;14;16;15;16;16;16;17;16;18;16;19;15;19;14;19;13;19;12;19;11;19;10;19;9;19;8;19;7;19;6;19;5;19;5;18;5;17;5;16;6;16;7;16;8;16
1;1;10;1;16;13;16;14;16;15;16;16;16;17;16;18;16;19;15;19;14;19;13;19;12;19;11;19;10;19;9;19;8;19;7;19;6;19;5;19;5;18;5;17;5;16;6;16;7;16;8;16;9;16
1;1;10;1;16;14;16;15;16;16;16;17;16;18;16;19;15;19;14;19;13;19;12;19;11;19;10;19;9;19;8;19;7;19;6;19;5;19;5;18;5;17;5;16;6;16;7;16;8;16;9;16;10;16
1;0;10;1;16;15;16;16;16;17;16;18;16;19;15;19;14;19;13;19;12;19;11;19;10;19;9;19;8;19;7;19;6;19;5;19;5;18;5;17;5;16;6;16;7;16;8;16;9;16;10;16;10;15
1;0;10;1;16;16;16;17;16;18;16;19;15;19;14;19;13;19;12;19;11;19;10;19;9;19;8;19;7;19;6;19;5;19;5;18;5;17;5;16;6;16;7;16;8;16;9;16;10;16;10;15;10;14
1;0;10;1;16;17;16;18;16;19;15;19;14;19;13;19;12;19;11;19;10;19;9;19;8;19;7;19;6;19;5;19;5;18;5;17;5;16;6;16;7;16;8;16;9;16;10;16;10;15;10;14;10;13
1;0;10;1;16;18;16;19;15;19;14;19;13;19;12;19;11;19;10;19;9;19;8;19;7;19;6;19;5;19;5;18;5;17;5;16;6;16;7;16;8;16;9;16;10;16;10;15;10;14;10;13;10;12
1;0;10;1;16;19;15;19;14;19;13;19;12;19;11;19;10;19;9;19;8;19;7;19;6;19;5;19;5;18;5;17;5;16;6;16;7;16;8;16;9;16;10;16;10;15;10;14;10;13;10;12;10;11
1;0;10;1;15;19;14;19;13;19;12;19;11;19;10;19;9;19;8;19;7;19;6;19;5;19;5;18;5;17;5;16;6;16;7;16;8;16;9;16;10;16;10;15;10;14;10;13;10;12;10;11;10;10
1;0;10;1;14;19;13;19;12;19;11;19;10;19;9;19;8;19;7;19;6;19;5;19;5;18;5;17;5;16;6;16;7;16;8;16;9;16;10;16;10;15;10;14;10;13;10;12;10;11;10;10;10;9
1;0;10;1;13;19;12;19;11;19;10;19;9;19;8;19;7;19;6;19;5;19;5;18;5;17;5;16;6;16;7;16;8;16;9;16;10;16;10;15;10;14;10;13;10;12;10;11;10;10;10;9;10;8
1;0;10;1;12;19;11;19;10;19;9;19;8;19;7;19;6;19;5;19;5;18;5;17;5;16;6;16;7;16;8;16;9;16;10;16;10;15;10;14;10;13;10;12;10;11;10;10;10;9;10;8;10;7
1;0;10;1;11;19;10;19;9;19;8;19;7;19;6;19;5;19;5;18;5;17;5;16;6;16;7;16;8;16;9;16;10;16;10;15;10;14;10;13;10;12;10;11;10;10;10;9;10;8;10;7;10;6
1;0;10;1;10;19;9;19;8;19;7;19;6;19;5;19;5;18;5;17;5;16;6;16;7;16;8;16;9;16;10;16;10;15;10;14;10;13;10;12;10;11;10;10;10;9;10;8;10;7;10;6;10;5
1;0;10;1;9;19;8;19;7;19;6;19;5;19;5;18;5;17;5;16;6;16;7;16;8;16;9;16;10;16;10;15;10;14;10;13;10;12;10;11;10;10;10;9;10;8;10;7;10;6;10;5;10;4
1;0;10;1;8;19;7;19;6;19;5;19;5;18;5;17;5;16;6;16;7;16;8;16;9;16;10;16;10;15;10;14;10;13;10;12;10;11;10;10;10;9;10;8;10;7;10;6;10;5;10;4;10;3
1;0;10;1;7;19;6;19;5;19;5;18;5;17;5;16;6;16;7;16;8;16;9;16;10;16;10;15;10;14;10;13;10;12;10;11;10;10;10;9;10;8;10;7;10;6;10;5;10;4;10;3;10;2
1;0;12;11;6;19;6;19;5;19;5;18;5;17;5;16;6;16;7;16;8;16;9;16;10;16;10;15;10;14;10;13;10;12;10;11;10;10;10;9;10;8;10;7;10;6;10;5;10;4;10;3;10;2;10;1
1;1;12;11;6;19;5;19;5;18;5;17;5;16;6;16;7;16;8;16;9;16;10;16;10;15;10;14;10;13;10;12;10;11;10;10;10;9;10;8;10;7;10;6;10;5;10;4;10;3;10;2;10;1;11;1
1;1;12;11;5;19;5;18;5;17;5;16;6;16;7;16;8;16;9;16;10;16;10;15;10;14;10;13;10;12;10;11;10;10;10;9;10;8;10;7;10;6;10;5;10;4;10;3;10;2;10;1;11;1;12;1
1;2;12;11;5;18;5;17;5;16;6;16;7;16;8;16;9;16;10;16;10;15;10;14;10;13;10;12;10;11;10;10;10;9;10;8;10;7;10;6;10;5;10;4;10;3;10;2;10;1;11;1;12;1;12;2
1;2;12;11;5;17;5;16;6;16;7;16;8;16;9;16;10;16;10;15;10;14;10;13;10;12;10;11;10;10;10;9;10;8;10;7;10;6;10;5;10;4;10;3;10;2;10;1;11;1;12;1;12;2;12;3
1;2;12;11;5;16;6;16;7;16;8;16;9;16;10;16;10;15;10;14;10;13;10;12;10;11;10;10;10;9;10;8;10;7;10;6;10;5;10;4;10;3;10;2;10;1;11;1;12;1;12;2;12;3;12;4
1;2;12;11;6;16;7;16;8;16;9;16;10;16;10;15;10;14;10;13;10;12;10;11;10;10;10;9;10;8;10;7;10;6;10;5;10;4;10;3;10;2;10;1;11;1;12;1;12;2;12;3;12;4;12;5
1;2;12;11;7;16;8;16;9;16;10;16;10;15;10;14;10;13;10;12;10;11;10;10;10;9;10;8;10;7;10;6;10;5;10;4;10;3;10;2;10;1;11;1;12;1;12;2;12;3;12;4;12;5;12;6
1;2;12;11;8;16;9;16;10;16;10;15;10;14;10;13;10;12;10;11;10;10;10;9;10;8;10;7;10;6;10;5;10;4;10;3;10;2;10;1;11;1;12;1;12;2;12;3;12;4;12;5;12;6;12;7
1;2;12;11;9;16;10;16;10;15;10;14;10;13;10;12;10;11;10;10;10;9;10;8;10;7;10;6;10;5;10;4;10;3;10;2;10;1;11;1;12;1;12;2;12;3;12;4;12;5;12;6;12;7;12;8
1;2;12;11;10;16;10;15;10;14;10;13;10;12;10;11;10;10;10;9;10;8;10;7;10;6;10;5;10;4;10;3;10;2;10;1;11;1;12;1;12;2;12;3;12;4;12;5;12;6;12;7;12;8;12;9
1;2;12;11;10;15;10;14;10;13;10;12;10;11;10;10;10;9;10;8;10;7;10;6;10;5;10;4;10;3;10;2;10;1;11;1;12;1;12;2;12;3;12;4;12;5;12;6;12;7;12;8;12;9;12;10
1;2;1;19;10;14;10;14;10;13;10;12;10;11;10;10;10;9;10;8;10;7;10;6;10;5;10;4;10;3;10;2;10;1;11;1;12;1;12;2;12;3;12;4;12;5;12;6;12;7;12;8;12;9;12;10;12;11
1;2;1;19;10;14;10;13;10;12;10;11;10;10;10;9;10;8;10;7;10;6;10;5;10;4;10;3;10;2;10;1;11;1;12;1;12;2;12;3;12;4;12;5;12;6;12;7;12;8;12;9;12;10;12;11;12;12
1;3;1;19;10;13;10;12;10;11;10;10;10;9;10;8;10;7;10;6;10;5;10;4;10;3;10;2;10;1;11;1;12;1;12;2;12;3;12;4;12;5;12;6;12;7;12;8;12;9;12;10;12;11;12;12;11;12
1;0;1;19;10;12;10;11;10;10;10;9;10;8;10;7;10;6;10;5;10;4;10;3;10;2;10;1;11;1;12;1;12;2;12;3;12;4;12;5;12;6;12;7;12;8;12;9;12;10;12;11;12;12;11;12;11;11
1;0;1;19;10;11;10;10;10;9;10;8;10;7;10;6;10;5;10;4;10;3;10;2;10;1;11;1;12;1;12;2;12;3;12;4;12;5;12;6;12;7;12;8;12;9;12;10;12;11;12;12;11;12;11;11;11;10
1;0;1;19;10;10;10;9;10;8;10;7;10;6;10;5;10;4;10;3;10;2;10;1;11;1;12;1;12;2;12;3;12;4;12;5;12;6;12;7;12;8;12;9;12;10;12;11;12;12;11;12;11;11;11;10;11;9
1;0;1;19;10;9;10;8;10;7;10;6;10;5;10;4;10;3;10;2;10;1;11;1;12;1;12;2;12;3;12;4;12;5;12;6;12;7;12;8;12;9;12;10;12;11;12;12;11;12;11;11;11;10;11;9;11;8
1;0;1;19;10;8;10;7;10;6;10;5;10;4;10;3;10;2;10;1;11;1;12;1;12;2;12;3;12;4;12;5;12;6;12;7;12;8;12;9;12;10;12;11;12;12;11;12;11;11;11;10;11;9;11;8;11;7
