20
1;1;18;14;8;10;9;10;10;10
1;2;18;14;9;10;10;10;10;11
1;3;18;14;10;10;10;11;9;11
1;2;18;14;10;11;9;11;9;12
1;1;18;14;9;11;9;12;10;12
1;2;18;14;9;12;10;12;10;13
1;1;18;14;10;12;10;13;11;13
1;2;18;14;10;13;11;13;11;14
1;1;18;14;11;13;11;14;12;14
1;1;18;14;11;14;12;14;13;14
1;1;18;14;12;14;13;14;14;14
1;1;18;14;13;14;14;14;15;14
1;1;18;14;14;14;15;14;16;14
1;1;18;14;15;14;16;14;17;14
1;1;7;0;16;14;16;14;17;14;18;14
1;0;7;0;16;14;17;14;18;14;18;13
1;0;7;0;17;14;18;14;18;13;18;12
1;0;7;0;18;14;18;13;18;12;18;11
1;0;7;0;18;13;18;12;18;11;18;10
1;0;7;0;18;12;18;11;18;10;18;9
1;0;7;0;18;11;18;10;18;9;18;8
1;0;7;0;18;10;18;9;18;8;18;7
1;0;7;0;18;9;18;8;18;7;18;6
1;0;7;0;18;8;18;7;18;6;18;5
1;0;7;0;18;7;18;6;18;5;18;4
1;0;7;0;18;6;18;5;18;4;18;3
1;0;7;0;18;5;18;4;18;3;18;2
1;0;7;0;18;4;18;3;18;2;18;1
1;0;7;0;18;3;18;2;18;1;18;0
1;3;7;0;18;2;18;1;18;0;17;0
1;3;7;0;18;1;18;0;17;0;16;0
1;3;7;0;18;0;17;0;16;0;15;0
1;3;7;0;17;0;16;0;15;0;14;0
1;3;7;0;16;0;15;0;14;0;13;0
1;3;7;0;15;0;14;0;13;0;12;0
1;3;7;0;14;0;13;0;12;0;11;0
1;3;7;0;13;0;12;0;11;0;10;0
1;3;7;0;12;0;11;0;10;0;9;0
1;3;7;0;11;0;10;0;9;0;8;0
1;3;19;5;10;0;10;0;9;0;8;0;7;0
1;2;19;5;10;0;9;0;8;0;7;0;7;1
1;2;19;5;9;0;8;0;7;0;7;1;7;2
1;2;19;5;8;0;7;0;7;1;7;2;7;3
1;2;19;5;7;0;7;1;7;2;7;3;7;4
1;2;19;5;7;1;7;2;7;3;7;4;7;5
1;1;19;5;7;2;7;3;7;4;7;5;8;5
1;1;19;5;7;3;7;4;7;5;8;5;9;5
1;1;19;5;7;4;7;5;8;5;9;5;10;5
1;1;19;5;7;5;8;5;9;5;10;5;11;5
1;1;19;5;8;5;9;5;10;5;11;5;12;5
1;1;19;5;9;5;10;5;11;5;12;5;13;5
1;1;19;5;10;5;11;5;12;5;13;5;14;5
1;1;19;5;11;5;12;5;13;5;14;5;15;5
1;1;19;5;12;5;13;5;14;5;15;5;16;5
1;1;19;5;13;5;14;5;15;5;16;5;17;5
1;1;19;5;14;5;15;5;16;5;17;5;18;5
1;1;4;14;15;5;15;5;16;5;17;5;18;5;19;5
1;2;4;14;15;5;16;5;17;5;18;5;19;5;19;6
1;2;4;14;16;5;17;5;18;5;19;5;19;6;19;7
1;2;4;14;17;5;18;5;19;5;19;6;19;7;19;8
1;2;4;14;18;5;19;5;19;6;19;7;19;8;19;9
1;2;4;14;19;5;19;6;19;7;19;8;19;9;19;10
1;2;4;14;19;6;19;7;19;8;19;9;19;10;19;11
1;2;4;14;19;7;19;8;19;9;19;10;19;11;19;12
1;2;4;14;19;8;19;9;19;10;19;11;19;12;19;13
1;2;4;14;19;9;19;10;19;11;19;12;19;13;19;14
1;3;4;14;19;10;19;11;19;12;19;13;19;14;18;14
1;3;4;14;19;11;19;12;19;13;19;14;18;14;17;14
1;3;4;14;19;12;19;13;19;14;18;14;17;14;16;14
1;3;4;14;19;13;19;14;18;14;17;14;16;14;15;14
1;3;4;14;19;14;18;14;17;14;16;14;15;14;14;14
1;3;4;14;18;14;17;14;16;14;15;14;14;14;13;14
1;3;4;14;17;14;16;14;15;14;14;14;13;14;12;14
1;3;4;14;16;14;15;14;14;14;13;14;12;14;11;14
1;3;4;14;15;14;14;14;13;14;12;14;11;14;10;14
1;3;4;14;14;14;13;14;12;14;11;14;10;14;9;14
1;3;4;14;13;14;12;14;11;14;10;14;9;14;8;14
1;3;4;14;12;14;11;14;10;14;9;14;8;14;7;14
1;3;4;14;11;14;10;14;9;14;8;14;7;14;6;14
1;3;4;14;10;14;9;14;8;14;7;14;6;14;5;14
1;3;4;12;9;14;9;14;8;14;7;14;6;14;5;14;4;14
1;0;4;12;9;14;8;14;7;14;6;14;5;14;4;14;4;13
1;0;6;12;8;14;8;14;7;14;6;14;5;14;4;14;4;13;4;12
1;1;6;12;8;14;7;14;6;14;5;14;4;14;4;13;4;12;5;12
1;1;15;7;7;14;7;14;6;14;5;14;4;14;4;13;4;12;5;12;6;12
1;1;15;7;7;14;6;14;5;14;4;14;4;13;4;12;5;12;6;12;7;12
1;1;15;7;6;14;5;14;4;14;4;13;4;12;5;12;6;12;7;12;8;12
1;1;15;7;5;14;4;14;4;13;4;12;5;12;6;12;7;12;8;12;9;12
1;1;15;7;4;14;4;13;4;12;5;12;6;12;7;12;8;12;9;12;10;12
1;1;15;7;4;13;4;12;5;12;6;12;7;12;8;12;9;12;10;12;11;12
1;1;15;7;4;12;5;12;6;12;7;12;8;12;9;12;10;12;11;12;12;12
1;1;15;7;5;12;6;12;7;12;8;12;9;12;10;12;11;12;12;12;13;12
1;1;15;7;6;12;7;12;8;12;9;12;10;12;11;12;12;12;13;12;14;12
1;1;15;7;7;12;8;12;9;12;10;12;11;12;12;12;13;12;14;12;15;12
1;0;15;7;8;12;9;12;10;12;11;12;12;12;13;12;14;12;15;12;15;11
1;0;15;7;9;12;10;12;11;12;12;12;13;12;14;12;15;12;15;11;15;10
1;0;15;7;10;12;11;12;12;12;13;12;14;12;15;12;15;11;15;10;15;9
1;0;15;7;11;12;12;12;13;12;14;12;15;12;15;11;15;10;15;9;15;8
1;0;10;17;12;12;12;12;13;12;14;12;15;12;15;11;15;10;15;9;15;8;15;7
1;3;10;17;12;12;13;12;14;12;15;12;15;11;15;10;15;9;15;8;15;7;14;7
1;3;10;17;13;12;14;12;15;12;15;11;15;10;15;9;15;8;15;7;14;7;13;7
1;3;10;17;14;12;15;12;15;11;15;10;15;9;15;8;15;7;14;7;13;7;12;7
1;3;10;17;15;12;15;11;15;10;15;9;15;8;15;7;14;7;13;7;12;7;11;7
1;3;10;17;15;11;15;10;15;9;15;8;15;7;14;7;13;7;12;7;11;7;10;7
1;2;10;17;15;10;15;9;15;8;15;7;14;7;13;7;12;7;11;7;10;7;10;8
1;2;10;17;15;9;15;8;15;7;14;7;13;7;12;7;11;7;10;7;10;8;10;9
1;2;10;17;15;8;15;7;14;7;13;7;12;7;11;7;10;7;10;8;10;9;10;10
1;2;10;17;15;7;14;7;13;7;12;7;11;7;10;7;10;8;10;9;10;10;10;11
1;2;10;17;14;7;13;7;12;7;11;7;10;7;10;8;10;9;10;10;10;11;10;12
1;2;10;17;13;7;12;7;11;7;10;7;10;8;10;9;10;10;10;11;10;12;10;13
1;2;10;17;12;7;11;7;10;7;10;8;10;9;10;10;10;11;10;12;10;13;10;14
1;2;10;17;11;7;10;7;10;8;10;9;10;10;10;11;10;12;10;13;10;14;10;15
1;2;10;17;10;7;10;8;10;9;10;10;10;11;10;12;10;13;10;14;10;15;10;16
1;2;9;12;10;8;10;8;10;9;10;10;10;11;10;12;10;13;10;14;10;15;10;16;10;17
1;3;9;12;10;8;10;9;10;10;10;11;10;12;10;13;10;14;10;15;10;16;10;17;9;17
1;0;9;12;10;9;10;10;10;11;10;12;10;13;10;14;10;15;10;16;10;17;9;17;9;16
1;0;9;12;10;10;10;11;10;12;10;13;10;14;10;15;10;16;10;17;9;17;9;16;9;15
1;0;9;12;10;11;10;12;10;13;10;14;10;15;10;16;10;17;9;17;9;16;9;15;9;14
1;0;9;12;10;12;10;13;10;14;10;15;10;16;10;17;9;17;9;16;9;15;9;14;9;13
1;0;6;2;10;13;10;13;10;14;10;15;10;16;10;17;9;17;9;16;9;15;9;14;9;13;9;12
1;3;6;2;10;13;10;14;10;15;10;16;10;17;9;17;9;16;9;15;9;14;9;13;9;12;8;12
1;3;6;2;10;14;10;15;10;16;10;17;9;17;9;16;9;15;9;14;9;13;9;12;8;12;7;12
1;3;6;2;10;15;10;16;10;17;9;17;9;16;9;15;9;14;9;13;9;12;8;12;7;12;6;12
1;0;6;2;10;16;10;17;9;17;9;16;9;15;9;14;9;13;9;12;8;12;7;12;6;12;6;11
1;0;6;2;10;17;9;17;9;16;9;15;9;14;9;13;9;12;8;12;7;12;6;12;6;11;6;10
1;0;6;2;9;17;9;16;9;15;9;14;9;13;9;12;8;12;7;12;6;12;6;11;6;10;6;9
1;0;6;2;9;16;9;15;9;14;9;13;9;12;8;12;7;12;6;12;6;11;6;10;6;9;6;8
1;0;6;2;9;15;9;14;9;13;9;12;8;12;7;12;6;12;6;11;6;10;6;9;6;8;6;7
1;0;6;2;9;14;9;13;9;12;8;12;7;12;6;12;6;11;6;10;6;9;6;8;6;7;6;6
1;0;6;2;9;13;9;12;8;12;7;12;6;12;6;11;6;10;6;9;6;8;6;7;6;6;6;5
1;0;6;2;9;12;8;12;7;12;6;12;6;11;6;10;6;9;6;8;6;7;6;6;6;5;6;4
1;0;6;2;8;12;7;12;6;12;6;11;6;10;6;9;6;8;6;7;6;6;6;5;6;4;6;3
1;0;14;2;7;12;7;12;6;12;6;11;6;10;6;9;6;8;6;7;6;6;6;5;6;4;6;3;6;2
1;1;14;2;7;12;6;12;6;11;6;10;6;9;6;8;6;7;6;6;6;5;6;4;6;3;6;2;7;2
1;1;14;2;6;12;6;11;6;10;6;9;6;8;6;7;6;6;6;5;6;4;6;3;6;2;7;2;8;2
1;1;14;2;6;11;6;10;6;9;6;8;6;7;6;6;6;5;6;4;6;3;6;2;7;2;8;2;9;2
1;1;14;2;6;10;6;9;6;8;6;7;6;6;6;5;6;4;6;3;6;2;7;2;8;2;9;2;10;2
1;1;14;2;6;9;6;8;6;7;6;6;6;5;6;4;6;3;6;2;7;2;8;2;9;2;10;2;11;2
1;1;14;2;6;8;6;7;6;6;6;5;6;4;6;3;6;2;7;2;8;2;9;2;10;2;11;2;12;2
1;1;14;2;6;7;6;6;6;5;6;4;6;3;6;2;7;2;8;2;9;2;10;2;11;2;12;2;13;2
1;1;17;12;6;6;6;6;6;5;6;4;6;3;6;2;7;2;8;2;9;2;10;2;11;2;12;2;13;2;14;2
1;1;17;12;6;6;6;5;6;4;6;3;6;2;7;2;8;2;9;2;10;2;11;2;12;2;13;2;14;2;15;2
1;1;17;12;6;5;6;4;6;3;6;2;7;2;8;2;9;2;10;2;11;2;12;2;13;2;14;2;15;2;16;2
1;1;17;12;6;4;6;3;6;2;7;2;8;2;9;2;10;2;11;2;12;2;13;2;14;2;15;2;16;2;17;2
1;2;17;12;6;3;6;2;7;2;8;2;9;2;10;2;11;2;12;2;13;2;14;2;15;2;16;2;17;2;17;3
1;2;17;12;6;2;7;2;8;2;9;2;10;2;11;2;12;2;13;2;14;2;15;2;16;2;17;2;17;3;17;4
1;2;17;12;7;2;8;2;9;2;10;2;11;2;12;2;13;2;14;2;15;2;16;2;17;2;17;3;17;4;17;5
1;2;17;12;8;2;9;2;10;2;11;2;12;2;13;2;14;2;15;2;16;2;17;2;17;3;17;4;17;5;17;6
1;2;17;12;9;2;10;2;11;2;12;2;13;2;14;2;15;2;16;2;17;2;17;3;17;4;17;5;17;6;17;7
1;2;17;12;10;2;11;2;12;2;13;2;14;2;15;2;16;2;17;2;17;3;17;4;17;5;17;6;17;7;17;8
1;2;17;12;11;2;12;2;13;2;14;2;15;2;16;2;17;2;17;3;17;4;17;5;17;6;17;7;17;8;17;9
1;2;17;12;12;2;13;2;14;2;15;2;16;2;17;2;17;3;17;4;17;5;17;6;17;7;17;8;17;9;17;10
1;2;17;12;13;2;14;2;15;2;16;2;17;2;17;3;17;4;17;5;17;6;17;7;17;8;17;9;17;10;17;11
1;2;11;11;14;2;14;2;15;2;16;2;17;2;17;3;17;4;17;5;17;6;17;7;17;8;17;9;17;10;17;11;17;12
1;3;11;11;14;2;15;2;16;2;17;2;17;3;17;4;17;5;17;6;17;7;17;8;17;9;17;10;17;11;17;12;16;12
1;0;11;11;15;2;16;2;17;2;17;3;17;4;17;5;17;6;17;7;17;8;17;9;17;10;17;11;17;12;16;12;16;11
1;3;11;11;16;2;17;2;17;3;17;4;17;5;17;6;17;7;17;8;17;9;17;10;17;11;17;12;16;12;16;11;15;11
1;3;11;11;17;2;17;3;17;4;17;5;17;6;17;7;17;8;17;9;17;10;17;11;17;12;16;12;16;11;15;11;14;11
1;3;11;11;17;3;17;4;17;5;17;6;17;7;17;8;17;9;17;10;17;11;17;12;16;12;16;11;15;11;14;11;13;11
1;3;11;11;17;4;17;5;17;6;17;7;17;8;17;9;17;10;17;11;17;12;16;12;16;11;15;11;14;11;13;11;12;11
1;3;10;1;17;5;17;5;17;6;17;7;17;8;17;9;17;10;17;11;17;12;16;12;16;11;15;11;14;11;13;11;12;11;11;11
1;3;10;1;17;5;17;6;17;7;17;8;17;9;17;10;17;11;17;12;16;12;16;11;15;11;14;11;13;11;12;11;11;11;10;11
1;0;10;1;17;6;17;7;17;8;17;9;17;10;17;11;17;12;16;12;16;11;15;11;14;11;13;11;12;11;11;11;10;11;10;10
1;0;10;1;17;7;17;8;17;9;17;10;17;11;17;12;16;12;16;11;15;11;14;11;13;11;12;11;11;11;10;11;10;10;10;9
1;0;10;1;17;8;17;9;17;10;17;11;17;12;16;12;16;11;15;11;14;11;13;11;12;11;11;11;10;11;10;10;10;9;10;8
1;0;10;1;17;9;17;10;17;11;17;12;16;12;16;11;15;11;14;11;13;11;12;11;11;11;10;11;10;10;10;9;10;8;10;7
1;0;10;1;17;10;17;11;17;12;16;12;16;11;15;11;14;11;13;11;12;11;11;11;10;11;10;10;10;9;10;8;10;7;10;6
1;0;10;1;17;11;17;12;16;12;16;11;15;11;14;11;13;11;12;11;11;11;10;11;10;10;10;9;10;8;10;7;10;6;10;5
1;0;10;1;17;12;16;12;16;11;15;11;14;11;13;11;12;11;11;11;10;11;10;10;10;9;10;8;10;7;10;6;10;5;10;4
1;0;10;1;16;12;16;11;15;11;14;11;13;11;12;11;11;11;10;11;10;10;10;9;10;8;10;7;10;6;10;5;10;4;10;3
1;0;10;1;16;11;15;11;14;11;13;11;12;11;11;11;10;11;10;10;10;9;10;8;10;7;10;6;10;5;10;4;10;3;10;2
1;0;17;10;15;11;15;11;14;11;13;11;12;11;11;11;10;11;10;10;10;9;10;8;10;7;10;6;10;5;10;4;10;3;10;2;10;1
1;1;17;10;15;11;14;11;13;11;12;11;11;11;10;11;10;10;10;9;10;8;10;7;10;6;10;5;10;4;10;3;10;2;10;1;11;1
1;1;17;10;14;11;13;11;12;11;11;11;10;11;10;10;10;9;10;8;10;7;10;6;10;5;10;4;10;3;10;2;10;1;11;1;12;1
1;1;17;10;13;11;12;11;11;11;10;11;10;10;10;9;10;8;10;7;10;6;10;5;10;4;10;3;10;2;10;1;11;1;12;1;13;1
1;1;17;10;12;11;11;11;10;11;10;10;10;9;10;8;10;7;10;6;10;5;10;4;10;3;10;2;10;1;11;1;12;1;13;1;14;1
1;1;17;10;11;11;10;11;10;10;10;9;10;8;10;7;10;6;10;5;10;4;10;3;10;2;10;1;11;1;12;1;13;1;14;1;15;1
1;1;17;10;10;11;10;10;10;9;10;8;10;7;10;6;10;5;10;4;10;3;10;2;10;1;11;1;12;1;13;1;14;1;15;1;16;1
1;1;17;10;10;10;10;9;10;8;10;7;10;6;10;5;10;4;10;3;10;2;10;1;11;1;12;1;13;1;14;1;15;1;16;1;17;1
1;2;17;10;10;9;10;8;10;7;10;6;10;5;10;4;10;3;10;2;10;1;11;1;12;1;13;1;14;1;15;1;16;1;17;1;17;2
1;2;17;10;10;8;10;7;10;6;10;5;10;4;10;3;10;2;10;1;11;1;12;1;13;1;14;1;15;1;16;1;17;1;17;2;17;3
1;2;17;10;10;7;10;6;10;5;10;4;10;3;10;2;10;1;11;1;12;1;13;1;14;1;15;1;16;1;17;1;17;2;17;3;17;4
1;2;17;10;10;6;10;5;10;4;10;3;10;2;10;1;11;1;12;1;13;1;14;1;15;1;16;1;17;1;17;2;17;3;17;4;17;5
1;2;17;10;10;5;10;4;10;3;10;2;10;1;11;1;12;1;13;1;14;1;15;1;16;1;17;1;17;2;17;3;17;4;17;5;17;6
1;2;17;10;10;4;10;3;10;2;10;1;11;1;12;1;13;1;14;1;15;1;16;1;17;1;17;2;17;3;17;4;17;5;17;6;17;7
1;2;17;10;10;3;10;2;10;1;11;1;12;1;13;1;14;1;15;1;16;1;17;1;17;2;17;3;17;4;17;5;17;6;17;7;17;8
1;2;17;10;10;2;10;1;11;1;12;1;13;1;14;1;15;1;16;1;17;1;17;2;17;3;17;4;17;5;17;6;17;7;17;8;17;9
1;2;3;7;10;1;10;1;11;1;12;1;13;1;14;1;15;1;16;1;17;1;17;2;17;3;17;4;17;5;17;6;17;7;17;8;17;9;17;10
1;3;3;7;10;1;11;1;12;1;13;1;14;1;15;1;16;1;17;1;17;2;17;3;17;4;17;5;17;6;17;7;17;8;17;9;17;10;16;10
1;0;3;7;11;1;12;1;13;1;14;1;15;1;16;1;17;1;17;2;17;3;17;4;17;5;17;6;17;7;17;8;17;9;17;10;16;10;16;9
1;0;3;7;12;1;13;1;14;1;15;1;16;1;17;1;17;2;17;3;17;4;17;5;17;6;17;7;17;8;17;9;17;10;16;10;16;9;16;8
1;0;3;7;13;1;14;1;15;1;16;1;17;1;17;2;17;3;17;4;17;5;17;6;17;7;17;8;17;9;17;10;16;10;16;9;16;8;16;7
1;3;3;7;14;1;15;1;16;1;17;1;17;2;17;3;17;4;17;5;17;6;17;7;17;8;17;9;17;10;16;10;16;9;16;8;16;7;15;7
1;3;3;7;15;1;16;1;17;1;17;2;17;3;17;4;17;5;17;6;17;7;17;8;17;9;17;10;16;10;16;9;16;8;16;7;15;7;14;7
1;3;3;7;16;1;17;1;17;2;17;3;17;4;17;5;17;6;17;7;17;8;17;9;17;10;16;10;16;9;16;8;16;7;15;7;14;7;13;7
1;3;3;7;17;1;17;2;17;3;17;4;17;5;17;6;17;7;17;8;17;9;17;10;16;10;16;9;16;8;16;7;15;7;14;7;13;7;12;7
1;3;3;7;17;2;17;3;17;4;17;5;17;6;17;7;17;8;17;9;17;10;16;10;16;9;16;8;16;7;15;7;14;7;13;7;12;7;11;7
1;3;3;7;17;3;17;4;17;5;17;6;17;7;17;8;17;9;17;10;16;10;16;9;16;8;16;7;15;7;14;7;13;7;12;7;11;7;10;7
1;3;3;7;17;4;17;5;17;6;17;7;17;8;17;9;17;10;16;10;16;9;16;8;16;7;15;7;14;7;13;7;12;7;11;7;10;7;9;7
1;3;3;7;17;5;17;6;17;7;17;8;17;9;17;10;16;10;16;9;16;8;16;7;15;7;14;7;13;7;12;7;11;7;10;7;9;7;8;7
1;3;3;7;17;6;17;7;17;8;17;9;17;10;16;10;16;9;16;8;16;7;15;7;14;7;13;7;12;7;11;7;10;7;9;7;8;7;7;7
1;3;3;7;17;7;17;8;17;9;17;10;16;10;16;9;16;8;16;7;15;7;14;7;13;7;12;7;11;7;10;7;9;7;8;7;7;7;6;7
1;3;3;7;17;8;17;9;17;10;16;10;16;9;16;8;16;7;15;7;14;7;13;7;12;7;11;7;10;7;9;7;8;7;7;7;6;7;5;7
1;3;3;7;17;9;17;10;16;10;16;9;16;8;16;7;15;7;14;7;13;7;12;7;11;7;10;7;9;7;8;7;7;7;6;7;5;7;4;7
1;3;7;13;17;10;17;10;16;10;16;9;16;8;16;7;15;7;14;7;13;7;12;7;11;7;10;7;9;7;8;7;7;7;6;7;5;7;4;7;3;7
1;2;7;13;17;10;16;10;16;9;16;8;16;7;15;7;14;7;13;7;12;7;11;7;10;7;9;7;8;7;7;7;6;7;5;7;4;7;3;7;3;8
1;2;7;13;16;10;16;9;16;8;16;7;15;7;14;7;13;7;12;7;11;7;10;7;9;7;8;7;7;7;6;7;5;7;4;7;3;7;3;8;3;9
1;2;7;13;16;9;16;8;16;7;15;7;14;7;13;7;12;7;11;7;10;7;9;7;8;7;7;7;6;7;5;7;4;7;3;7;3;8;3;9;3;10
1;2;7;13;16;8;16;7;15;7;14;7;13;7;12;7;11;7;10;7;9;7;8;7;7;7;6;7;5;7;4;7;3;7;3;8;3;9;3;10;3;11
1;2;7;13;16;7;15;7;14;7;13;7;12;7;11;7;10;7;9;7;8;7;7;7;6;7;5;7;4;7;3;7;3;8;3;9;3;10;3;11;3;12
1;2;7;13;15;7;14;7;13;7;12;7;11;7;10;7;9;7;8;7;7;7;6;7;5;7;4;7;3;7;3;8;3;9;3;10;3;11;3;12;3;13
1;1;7;13;14;7;13;7;12;7;11;7;10;7;9;7;8;7;7;7;6;7;5;7;4;7;3;7;3;8;3;9;3;10;3;11;3;12;3;13;4;13
1;1;7;13;13;7;12;7;11;7;10;7;9;7;8;7;7;7;6;7;5;7;4;7;3;7;3;8;3;9;3;10;3;11;3;12;3;13;4;13;5;13
1;1;7;13;12;7;11;7;10;7;9;7;8;7;7;7;6;7;5;7;4;7;3;7;3;8;3;9;3;10;3;11;3;12;3;13;4;13;5;13;6;13
1;1;17;1;11;7;11;7;10;7;9;7;8;7;7;7;6;7;5;7;4;7;3;7;3;8;3;9;3;10;3;11;3;12;3;13;4;13;5;13;6;13;7;13
1;1;17;1;11;7;10;7;9;7;8;7;7;7;6;7;5;7;4;7;3;7;3;8;3;9;3;10;3;11;3;12;3;13;4;13;5;13;6;13;7;13;8;13
1;1;17;1;10;7;9;7;8;7;7;7;6;7;5;7;4;7;3;7;3;8;3;9;3;10;3;11;3;12;3;13;4;13;5;13;6;13;7;13;8;13;9;13
1;1;17;1;9;7;8;7;7;7;6;7;5;7;4;7;3;7;3;8;3;9;3;10;3;11;3;12;3;13;4;13;5;13;6;13;7;13;8;13;9;13;10;13
1;1;17;1;8;7;7;7;6;7;5;7;4;7;3;7;3;8;3;9;3;10;3;11;3;12;3;13;4;13;5;13;6;13;7;13;8;13;9;13;10;13;11;13
1;1;17;1;7;7;6;7;5;7;4;7;3;7;3;8;3;9;3;10;3;11;3;12;3;13;4;13;5;13;6;13;7;13;8;13;9;13;10;13;11;13;12;13
1;0;17;1;6;7;5;7;4;7;3;7;3;8;3;9;3;10;3;11;3;12;3;13;4;13;5;13;6;13;7;13;8;13;9;13;10;13;11;13;12;13;12;12
1;0;17;1;5;7;4;7;3;7;3;8;3;9;3;10;3;11;3;12;3;13;4;13;5;13;6;13;7;13;8;13;9;13;10;13;11;13;12;13;12;12;12;11
1;0;17;1;4;7;3;7;3;8;3;9;3;10;3;11;3;12;3;13;4;13;5;13;6;13;7;13;8;13;9;13;10;13;11;13;12;13;12;12;12;11;12;10
1;0;17;1;3;7;3;8;3;9;3;10;3;11;3;12;3;13;4;13;5;13;6;13;7;13;8;13;9;13;10;13;11;13;12;13;12;12;12;11;12;10;12;9
1;0;17;1;3;8;3;9;3;10;3;11;3;12;3;13;4;13;5;13;6;13;7;13;8;13;9;13;10;13;11;13;12;13;12;12;12;11;12;10;12;9;12;8
1;0;17;1;3;9;3;10;3;11;3;12;3;13;4;13;5;13;6;13;7;13;8;13;9;13;10;13;11;13;12;13;12;12;12;11;12;10;12;9;12;8;12;7
1;0;17;1;3;10;3;11;3;12;3;13;4;13;5;13;6;13;7;13;8;13;9;13;10;13;11;13;12;13;12;12;12;11;12;10;12;9;12;8;12;7;12;6
1;0;17;1;3;11;3;12;3;13;4;13;5;13;6;13;7;13;8;13;9;13;10;13;11;13;12;13;12;12;12;11;12;10;12;9;12;8;12;7;12;6;12;5
1;0;17;1;3;12;3;13;4;13;5;13;6;13;7;13;8;13;9;13;10;13;11;13;12;13;12;12;12;11;12;10;12;9;12;8;12;7;12;6;12;5;12;4
1;0;17;1;3;13;4;13;5;13;6;13;7;13;8;13;9;13;10;13;11;13;12;13;12;12;12;11;12;10;12;9;12;8;12;7;12;6;12;5;12;4;12;3
1;0;17;1;4;13;5;13;6;13;7;13;8;13;9;13;10;13;11;13;12;13;12;12;12;11;12;10;12;9;12;8;12;7;12;6;12;5;12;4;12;3;12;2
1;0;17;1;5;13;6;13;7;13;8;13;9;13;10;13;11;13;12;13;12;12;12;11;12;10;12;9;12;8;12;7;12;6;12;5;12;4;12;3;12;2;12;1
1;1;17;1;6;13;7;13;8;13;9;13;10;13;11;13;12;13;12;12;12;11;12;10;12;9;12;8;12;7;12;6;12;5;12;4;12;3;12;2;12;1;13;1
1;1;17;1;7;13;8;13;9;13;10;13;11;13;12;13;12;12;12;11;12;10;12;9;12;8;12;7;12;6;12;5;12;4;12;3;12;2;12;1;13;1;14;1
1;1;17;1;8;13;9;13;10;13;11;13;12;13;12;12;12;11;12;10;12;9;12;8;12;7;12;6;12;5;12;4;12;3;12;2;12;1;13;1;14;1;15;1
1;1;17;1;9;13;10;13;11;13;12;13;12;12;12;11;12;10;12;9;12;8;12;7;12;6;12;5;12;4;12;3;12;2;12;1;13;1;14;1;15;1;16;1
1;1;2;19;10;13;10;13;11;13;12;13;12;12;12;11;12;10;12;9;12;8;12;7;12;6;12;5;12;4;12;3;12;2;12;1;13;1;14;1;15;1;16;1;17;1
1;2;2;19;10;13;11;13;12;13;12;12;12;11;12;10;12;9;12;8;12;7;12;6;12;5;12;4;12;3;12;2;12;1;13;1;14;1;15;1;16;1;17;1;17;2
1;2;2;19;11;13;12;13;12;12;12;11;12;10;12;9;12;8;12;7;12;6;12;5;12;4;12;3;12;2;12;1;13;1;14;1;15;1;16;1;17;1;17;2;17;3
1;2;2;19;12;13;12;12;12;11;12;10;12;9;12;8;12;7;12;6;12;5;12;4;12;3;12;2;12;1;13;1;14;1;15;1;16;1;17;1;17;2;17;3;17;4
1;2;2;19;12;12;12;11;12;10;12;9;12;8;12;7;12;6;12;5;12;4;12;3;12;2;12;1;13;1;14;1;15;1;16;1;17;1;17;2;17;3;17;4;17;5
1;2;2;19;12;11;12;10;12;9;12;8;12;7;12;6;12;5;12;4;12;3;12;2;12;1;13;1;14;1;15;1;16;1;17;1;17;2;17;3;17;4;17;5;17;6
1;2;2;19;12;10;12;9;12;8;12;7;12;6;12;5;12;4;12;3;12;2;12;1;13;1;14;1;15;1;16;1;17;1;17;2;17;3;17;4;17;5;17;6;17;7
1;2;2;19;12;9;12;8;12;7;12;6;12;5;12;4;12;3;12;2;12;1;13;1;14;1;15;1;16;1;17;1;17;2;17;3;17;4;17;5;17;6;17;7;17;8
1;2;2;19;12;8;12;7;12;6;12;5;12;4;12;3;12;2;12;1;13;1;14;1;15;1;16;1;17;1;17;2;17;3;17;4;17;5;17;6;17;7;17;8;17;9
1;3;2;19;12;7;12;6;12;5;12;4;12;3;12;2;12;1;13;1;14;1;15;1;16;1;17;1;17;2;17;3;17;4;17;5;17;6;17;7;17;8;17;9;16;9
1;3;2;19;12;6;12;5;12;4;12;3;12;2;12;1;13;1;14;1;15;1;16;1;17;1;17;2;17;3;17;4;17;5;17;6;17;7;17;8;17;9;16;9;15;9
1;3;2;19;12;5;12;4;12;3;12;2;12;1;13;1;14;1;15;1;16;1;17;1;17;2;17;3;17;4;17;5;17;6;17;7;17;8;17;9;16;9;15;9;14;9
1;3;2;19;12;4;12;3;12;2;12;1;13;1;14;1;15;1;16;1;17;1;17;2;17;3;17;4;17;5;17;6;17;7;17;8;17;9;16;9;15;9;14;9;13;9
1;3;2;19;12;3;12;2;12;1;13;1;14;1;15;1;16;1;17;1;17;2;17;3;17;4;17;5;17;6;17;7;17;8;17;9;16;9;15;9;14;9;13;9;12;9
1;3;2;19;12;2;12;1;13;1;14;1;15;1;16;1;17;1;17;2;17;3;17;4;17;5;17;6;17;7;17;8;17;9;16;9;15;9;14;9;13;9;12;9;11;9
1;2;2;19;12;1;13;1;14;1;15;1;16;1;17;1;17;2;17;3;17;4;17;5;17;6;17;7;17;8;17;9;16;9;15;9;14;9;13;9;12;9;11;9;11;10
1;2;2;19;13;1;14;1;15;1;16;1;17;1;17;2;17;3;17;4;17;5;17;6;17;7;17;8;17;9;16;9;15;9;14;9;13;9;12;9;11;9;11;10;11;11
1;2;2;19;14;1;15;1;16;1;17;1;17;2;17;3;17;4;17;5;17;6;17;7;17;8;17;9;16;9;15;9;14;9;13;9;12;9;11;9;11;10;11;11;11;12
1;3;2;19;15;1;16;1;17;1;17;2;17;3;17;4;17;5;17;6;17;7;17;8;17;9;16;9;15;9;14;9;13;9;12;9;11;9;11;10;11;11;11;12;10;12
1;0;2;19;16;1;17;1;17;2;17;3;17;4;17;5;17;6;17;7;17;8;17;9;16;9;15;9;14;9;13;9;12;9;11;9;11;10;11;11;11;12;10;12;10;11
1;0;2;19;17;1;17;2;17;3;17;4;17;5;17;6;17;7;17;8;17;9;16;9;15;9;14;9;13;9;12;9;11;9;11;10;11;11;11;12;10;12;10;11;10;10
1;0;2;19;17;2;17;3;17;4;17;5;17;6;17;7;17;8;17;9;16;9;15;9;14;9;13;9;12;9;11;9;11;10;11;11;11;12;10;12;10;11;10;10;10;9
1;0;2;19;17;3;17;4;17;5;17;6;17;7;17;8;17;9;16;9;15;9;14;9;13;9;12;9;11;9;11;10;11;11;11;12;10;12;10;11;10;10;10;9;10;8
1;1;2;19;17;4;17;5;17;6;17;7;17;8;17;9;16;9;15;9;14;9;13;9;12;9;11;9;11;10;11;11;11;12;10;12;10;11;10;10;10;9;10;8;11;8
1;0;2;19;17;5;17;6;17;7;17;8;17;9;16;9;15;9;14;9;13;9;12;9;11;9;11;10;11;11;11;12;10;12;10;11;10;10;10;9;10;8;11;8;11;7
1;3;2;19;17;6;17;7;17;8;17;9;16;9;15;9;14;9;13;9;12;9;11;9;11;10;11;11;11;12;10;12;10;11;10;10;10;9;10;8;11;8;11;7;10;7
1;3;2;19;17;7;17;8;17;9;16;9;15;9;14;9;13;9;12;9;11;9;11;10;11;11;11;12;10;12;10;11;10;10;10;9;10;8;11;8;11;7;10;7;9;7
1;2;2;19;17;8;17;9;16;9;15;9;14;9;13;9;12;9;11;9;11;10;11;11;11;12;10;12;10;11;10;10;10;9;10;8;11;8;11;7;10;7;9;7;9;8
1;2;2;19;17;9;16;9;15;9;14;9;13;9;12;9;11;9;11;10;11;11;11;12;10;12;10;11;10;10;10;9;10;8;11;8;11;7;10;7;9;7;9;8;9;9
1;2;2;19;16;9;15;9;14;9;13;9;12;9;11;9;11;10;11;11;11;12;10;12;10;11;10;10;10;9;10;8;11;8;11;7;10;7;9;7;9;8;9;9;9;10
1;2;2;19;15;9;14;9;13;9;12;9;11;9;11;10;11;11;11;12;10;12;10;11;10;10;10;9;10;8;11;8;11;7;10;7;9;7;9;8;9;9;9;10;9;11
1;2;2;19;14;9;13;9;12;9;11;9;11;10;11;11;11;12;10;12;10;11;10;10;10;9;10;8;11;8;11;7;10;7;9;7;9;8;9;9;9;10;9;11;9;12
1;2;2;19;13;9;12;9;11;9;11;10;11;11;11;12;10;12;10;11;10;10;10;9;10;8;11;8;11;7;10;7;9;7;9;8;9;9;9;10;9;11;9;12;9;13
1;3;2;19;12;9;11;9;11;10;11;11;11;12;10;12;10;11;10;10;10;9;10;8;11;8;11;7;10;7;9;7;9;8;9;9;9;10;9;11;9;12;9;13;8;13
1;0;2;19;11;9;11;10;11;11;11;12;10;12;10;11;10;10;10;9;10;8;11;8;11;7;10;7;9;7;9;8;9;9;9;10;9;11;9;12;9;13;8;13;8;12
1;0;2;19;11;10;11;11;11;12;10;12;10;11;10;10;10;9;10;8;11;8;11;7;10;7;9;7;9;8;9;9;9;10;9;11;9;12;9;13;8;13;8;12;8;11
1;0;2;19;11;11;11;12;10;12;10;11;10;10;10;9;10;8;11;8;11;7;10;7;9;7;9;8;9;9;9;10;9;11;9;12;9;13;8;13;8;12;8;11;8;10
1;0;2;19;11;12;10;12;10;11;10;10;10;9;10;8;11;8;11;7;10;7;9;7;9;8;9;9;9;10;9;11;9;12;9;13;8;13;8;12;8;11;8;10;8;9
1;0;2;19;10;12;10;11;10;10;10;9;10;8;11;8;11;7;10;7;9;7;9;8;9;9;9;10;9;11;9;12;9;13;8;13;8;12;8;11;8;10;8;9;8;8
1;0;2;19;10;11;10;10;10;9;10;8;11;8;11;7;10;7;9;7;9;8;9;9;9;10;9;11;9;12;9;13;8;13;8;12;8;11;8;10;8;9;8;8;8;7
1;3;2;19;10;10;10;9;10;8;11;8;11;7;10;7;9;7;9;8;9;9;9;10;9;11;9;12;9;13;8;13;8;12;8;11;8;10;8;9;8;8;8;7;7;7
1;2;2;19;10;9;10;8;11;8;11;7;10;7;9;7;9;8;9;9;9;10;9;11;9;12;9;13;8;13;8;12;8;11;8;10;8;9;8;8;8;7;7;7;7;8
1;2;2;19;10;8;11;8;11;7;10;7;9;7;9;8;9;9;9;10;9;11;9;12;9;13;8;13;8;12;8;11;8;10;8;9;8;8;8;7;7;7;7;8;7;9
1;2;2;19;11;8;11;7;10;7;9;7;9;8;9;9;9;10;9;11;9;12;9;13;8;13;8;12;8;11;8;10;8;9;8;8;8;7;7;7;7;8;7;9;7;10
1;2;2;19;11;7;10;7;9;7;9;8;9;9;9;10;9;11;9;12;9;13;8;13;8;12;8;11;8;10;8;9;8;8;8;7;7;7;7;8;7;9;7;10;7;11
1;2;2;19;10;7;9;7;9;8;9;9;9;10;9;11;9;12;9;13;8;13;8;12;8;11;8;10;8;9;8;8;8;7;7;7;7;8;7;9;7;10;7;11;7;12
1;2;2;19;9;7;9;8;9;9;9;10;9;11;9;12;9;13;8;13;8;12;8;11;8;10;8;9;8;8;8;7;7;7;7;8;7;9;7;10;7;11;7;12;7;13
1;2;2;19;9;8;9;9;9;10;9;11;9;12;9;13;8;13;8;12;8;11;8;10;8;9;8;8;8;7;7;7;7;8;7;9;7;10;7;11;7;12;7;13;7;14
1;3;2;19;9;9;9;10;9;11;9;12;9;13;8;13;8;12;8;11;8;10;8;9;8;8;8;7;7;7;7;8;7;9;7;10;7;11;7;12;7;13;7;14;6;14
1;0;2;19;9;10;9;11;9;12;9;13;8;13;8;12;8;11;8;10;8;9;8;8;8;7;7;7;7;8;7;9;7;10;7;11;7;12;7;13;7;14;6;14;6;13
1;0;2;19;9;11;9;12;9;13;8;13;8;12;8;11;8;10;8;9;8;8;8;7;7;7;7;8;7;9;7;10;7;11;7;12;7;13;7;14;6;14;6;13;6;12
1;0;2;19;9;12;9;13;8;13;8;12;8;11;8;10;8;9;8;8;8;7;7;7;7;8;7;9;7;10;7;11;7;12;7;13;7;14;6;14;6;13;6;12;6;11
1;0;2;19;9;13;8;13;8;12;8;11;8;10;8;9;8;8;8;7;7;7;7;8;7;9;7;10;7;11;7;12;7;13;7;14;6;14;6;13;6;12;6;11;6;10
1;0;2;19;8;13;8;12;8;11;8;10;8;9;8;8;8;7;7;7;7;8;7;9;7;10;7;11;7;12;7;13;7;14;6;14;6;13;6;12;6;11;6;10;6;9
1;0;2;19;8;12;8;11;8;10;8;9;8;8;8;7;7;7;7;8;7;9;7;10;7;11;7;12;7;13;7;14;6;14;6;13;6;12;6;11;6;10;6;9;6;8
1;0;2;19;8;11;8;10;8;9;8;8;8;7;7;7;7;8;7;9;7;10;7;11;7;12;7;13;7;14;6;14;6;13;6;12;6;11;6;10;6;9;6;8;6;7
1;0;2;19;8;10;8;9;8;8;8;7;7;7;7;8;7;9;7;10;7;11;7;12;7;13;7;14;6;14;6;13;6;12;6;11;6;10;6;9;6;8;6;7;6;6
1;3;2;19;8;9;8;8;8;7;7;7;7;8;7;9;7;10;7;11;7;12;7;13;7;14;6;14;6;13;6;12;6;11;6;10;6;9;6;8;6;7;6;6;5;6
1;2;2;19;8;8;8;7;7;7;7;8;7;9;7;10;7;11;7;12;7;13;7;14;6;14;6;13;6;12;6;11;6;10;6;9;6;8;6;7;6;6;5;6;5;7
1;2;2;19;8;7;7;7;7;8;7;9;7;10;7;11;7;12;7;13;7;14;6;14;6;13;6;12;6;11;6;10;6;9;6;8;6;7;6;6;5;6;5;7;5;8
1;2;2;19;7;7;7;8;7;9;7;10;7;11;7;12;7;13;7;14;6;14;6;13;6;12;6;11;6;10;6;9;6;8;6;7;6;6;5;6;5;7;5;8;5;9
1;2;2;19;7;8;7;9;7;10;7;11;7;12;7;13;7;14;6;14;6;13;6;12;6;11;6;10;6;9;6;8;6;7;6;6;5;6;5;7;5;8;5;9;5;10
1;2;2;19;7;9;7;10;7;11;7;12;7;13;7;14;6;14;6;13;6;12;6;11;6;10;6;9;6;8;6;7;6;6;5;6;5;7;5;8;5;9;5;10;5;11
1;2;2;19;7;10;7;11;7;12;7;13;7;14;6;14;6;13;6;12;6;11;6;10;6;9;6;8;6;7;6;6;5;6;5;7;5;8;5;9;5;10;5;11;5;12
1;2;2;19;7;11;7;12;7;13;7;14;6;14;6;13;6;12;6;11;6;10;6;9;6;8;6;7;6;6;5;6;5;7;5;8;5;9;5;10;5;11;5;12;5;13
1;2;2;19;7;12;7;13;7;14;6;14;6;13;6;12;6;11;6;10;6;9;6;8;6;7;6;6;5;6;5;7;5;8;5;9;5;10;5;11;5;12;5;13;5;14
1;2;2;19;7;13;7;14;6;14;6;13;6;12;6;11;6;10;6;9;6;8;6;7;6;6;5;6;5;7;5;8;5;9;5;10;5;11;5;12;5;13;5;14;5;15
1;3;2;19;7;14;6;14;6;13;6;12;6;11;6;10;6;9;6;8;6;7;6;6;5;6;5;7;5;8;5;9;5;10;5;11;5;12;5;13;5;14;5;15;4;15
1;0;2;19;6;14;6;13;6;12;6;11;6;10;6;9;6;8;6;7;6;6;5;6;5;7;5;8;5;9;5;10;5;11;5;12;5;13;5;14;5;15;4;15;4;14
1;0;2;19;6;13;6;12;6;11;6;10;6;9;6;8;6;7;6;6;5;6;5;7;5;8;5;9;5;10;5;11;5;12;5;13;5;14;5;15;4;15;4;14;4;13
1;0;2;19;6;12;6;11;6;10;6;9;6;8;6;7;6;6;5;6;5;7;5;8;5;9;5;10;5;11;5;12;5;13;5;14;5;15;4;15;4;14;4;13;4;12
1;0;2;19;6;11;6;10;6;9;6;8;6;7;6;6;5;6;5;7;5;8;5;9;5;10;5;11;5;12;5;13;5;14;5;15;4;15;4;14;4;13;4;12;4;11
1;0;2;19;6;10;6;9;6;8;6;7;6;6;5;6;5;7;5;8;5;9;5;10;5;11;5;12;5;13;5;14;5;15;4;15;4;14;4;13;4;12;4;11;4;10
1;0;2;19;6;9;6;8;6;7;6;6;5;6;5;7;5;8;5;9;5;10;5;11;5;12;5;13;5;14;5;15;4;15;4;14;4;13;4;12;4;11;4;10;4;9
1;0;2;19;6;8;6;7;6;6;5;6;5;7;5;8;5;9;5;10;5;11;5;12;5;13;5;14;5;15;4;15;4;14;4;13;4;12;4;11;4;10;4;9;4;8
1;0;2;19;6;7;6;6;5;6;5;7;5;8;5;9;5;10;5;11;5;12;5;13;5;14;5;15;4;15;4;14;4;13;4;12;4;11;4;10;4;9;4;8;4;7
1;0;2;19;6;6;5;6;5;7;5;8;5;9;5;10;5;11;5;12;5;13;5;14;5;15;4;15;4;14;4;13;4;12;4;11;4;10;4;9;4;8;4;7;4;6
1;0;2;19;5;6;5;7;5;8;5;9;5;10;5;11;5;12;5;13;5;14;5;15;4;15;4;14;4;13;4;12;4;11;4;10;4;9;4;8;4;7;4;6;4;5
1;3;2;19;5;7;5;8;5;9;5;10;5;11;5;12;5;13;5;14;5;15;4;15;4;14;4;13;4;12;4;11;4;10;4;9;4;8;4;7;4;6;4;5;3;5
1;2;2;19;5;8;5;9;5;10;5;11;5;12;5;13;5;14;5;15;4;15;4;14;4;13;4;12;4;11;4;10;4;9;4;8;4;7;4;6;4;5;3;5;3;6
1;2;2;19;5;9;5;10;5;11;5;12;5;13;5;14;5;15;4;15;4;14;4;13;4;12;4;11;4;10;4;9;4;8;4;7;4;6;4;5;3;5;3;6;3;7
1;2;2;19;5;10;5;11;5;12;5;13;5;14;5;15;4;15;4;14;4;13;4;12;4;11;4;10;4;9;4;8;4;7;4;6;4;5;3;5;3;6;3;7;3;8
1;2;2;19;5;11;5;12;5;13;5;14;5;15;4;15;4;14;4;13;4;12;4;11;4;10;4;9;4;8;4;7;4;6;4;5;3;5;3;6;3;7;3;8;3;9
1;2;2;19;5;12;5;13;5;14;5;15;4;15;4;14;4;13;4;12;4;11;4;10;4;9;4;8;4;7;4;6;4;5;3;5;3;6;3;7;3;8;3;9;3;10
1;2;2;19;5;13;5;14;5;15;4;15;4;14;4;13;4;12;4;11;4;10;4;9;4;8;4;7;4;6;4;5;3;5;3;6;3;7;3;8;3;9;3;10;3;11
1;2;2;19;5;14;5;15;4;15;4;14;4;13;4;12;4;11;4;10;4;9;4;8;4;7;4;6;4;5;3;5;3;6;3;7;3;8;3;9;3;10;3;11;3;12
1;2;2;19;5;15;4;15;4;14;4;13;4;12;4;11;4;10;4;9;4;8;4;7;4;6;4;5;3;5;3;6;3;7;3;8;3;9;3;10;3;11;3;12;3;13
1;2;2;19;4;15;4;14;4;13;4;12;4;11;4;10;4;9;4;8;4;7;4;6;4;5;3;5;3;6;3;7;3;8;3;9;3;10;3;11;3;12;3;13;3;14
1;2;2;19;4;14;4;13;4;12;4;11;4;10;4;9;4;8;4;7;4;6;4;5;3;5;3;6;3;7;3;8;3;9;3;10;3;11;3;12;3;13;3;14;3;15
1;3;2;19;4;13;4;12;4;11;4;10;4;9;4;8;4;7;4;6;4;5;3;5;3;6;3;7;3;8;3;9;3;10;3;11;3;12;3;13;3;14;3;15;2;15
1;0;2;19;4;12;4;11;4;10;4;9;4;8;4;7;4;6;4;5;3;5;3;6;3;7;3;8;3;9;3;10;3;11;3;12;3;13;3;14;3;15;2;15;2;14
1;0;2;19;4;11;4;10;4;9;4;8;4;7;4;6;4;5;3;5;3;6;3;7;3;8;3;9;3;10;3;11;3;12;3;13;3;14;3;15;2;15;2;14;2;13
1;0;2;19;4;10;4;9;4;8;4;7;4;6;4;5;3;5;3;6;3;7;3;8;3;9;3;10;3;11;3;12;3;13;3;14;3;15;2;15;2;14;2;13;2;12
1;0;2;19;4;9;4;8;4;7;4;6;4;5;3;5;3;6;3;7;3;8;3;9;3;10;3;11;3;12;3;13;3;14;3;15;2;15;2;14;2;13;2;12;2;11
1;0;2;19;4;8;4;7;4;6;4;5;3;5;3;6;3;7;3;8;3;9;3;10;3;11;3;12;3;13;3;14;3;15;2;15;2;14;2;13;2;12;2;11;2;10
1;0;2;19;4;7;4;6;4;5;3;5;3;6;3;7;3;8;3;9;3;10;3;11;3;12;3;13;3;14;3;15;2;15;2;14;2;13;2;12;2;11;2;10;2;9
1;0;2;19;4;6;4;5;3;5;3;6;3;7;3;8;3;9;3;10;3;11;3;12;3;13;3;14;3;15;2;15;2;14;2;13;2;12;2;11;2;10;2;9;2;8
1;0;2;19;4;5;3;5;3;6;3;7;3;8;3;9;3;10;3;11;3;12;3;13;3;14;3;15;2;15;2;14;2;13;2;12;2;11;2;10;2;9;2;8;2;7
1;0;2;19;3;5;3;6;3;7;3;8;3;9;3;10;3;11;3;12;3;13;3;14;3;15;2;15;2;14;2;13;2;12;2;11;2;10;2;9;2;8;2;7;2;6
1;0;2;19;3;6;3;7;3;8;3;9;3;10;3;11;3;12;3;13;3;14;3;15;2;15;2;14;2;13;2;12;2;11;2;10;2;9;2;8;2;7;2;6;2;5
1;1;2;19;3;7;3;8;3;9;3;10;3;11;3;12;3;13;3;14;3;15;2;15;2;14;2;13;2;12;2;11;2;10;2;9;2;8;2;7;2;6;2;5;3;5
1;1;2;19;3;8;3;9;3;10;3;11;3;12;3;13;3;14;3;15;2;15;2;14;2;13;2;12;2;11;2;10;2;9;2;8;2;7;2;6;2;5;3;5;4;5
1;2;2;19;3;9;3;10;3;11;3;12;3;13;3;14;3;15;2;15;2;14;2;13;2;12;2;11;2;10;2;9;2;8;2;7;2;6;2;5;3;5;4;5;4;6
1;2;2;19;3;10;3;11;3;12;3;13;3;14;3;15;2;15;2;14;2;13;2;12;2;11;2;10;2;9;2;8;2;7;2;6;2;5;3;5;4;5;4;6;4;7
1;2;2;19;3;11;3;12;3;13;3;14;3;15;2;15;2;14;2;13;2;12;2;11;2;10;2;9;2;8;2;7;2;6;2;5;3;5;4;5;4;6;4;7;4;8
1;2;2;19;3;12;3;13;3;14;3;15;2;15;2;14;2;13;2;12;2;11;2;10;2;9;2;8;2;7;2;6;2;5;3;5;4;5;4;6;4;7;4;8;4;9
1;2;2;19;3;13;3;14;3;15;2;15;2;14;2;13;2;12;2;11;2;10;2;9;2;8;2;7;2;6;2;5;3;5;4;5;4;6;4;7;4;8;4;9;4;10
1;2;2;19;3;14;3;15;2;15;2;14;2;13;2;12;2;11;2;10;2;9;2;8;2;7;2;6;2;5;3;5;4;5;4;6;4;7;4;8;4;9;4;10;4;11
1;2;2;19;3;15;2;15;2;14;2;13;2;12;2;11;2;10;2;9;2;8;2;7;2;6;2;5;3;5;4;5;4;6;4;7;4;8;4;9;4;10;4;11;4;12
1;2;2;19;2;15;2;14;2;13;2;12;2;11;2;10;2;9;2;8;2;7;2;6;2;5;3;5;4;5;4;6;4;7;4;8;4;9;4;10;4;11;4;12;4;13
1;2;2;19;2;14;2;13;2;12;2;11;2;10;2;9;2;8;2;7;2;6;2;5;3;5;4;5;4;6;4;7;4;8;4;9;4;10;4;11;4;12;4;13;4;14
1;3;2;19;2;13;2;12;2;11;2;10;2;9;2;8;2;7;2;6;2;5;3;5;4;5;4;6;4;7;4;8;4;9;4;10;4;11;4;12;4;13;4;14;3;14
1;3;2;19;2;12;2;11;2;10;2;9;2;8;2;7;2;6;2;5;3;5;4;5;4;6;4;7;4;8;4;9;4;10;4;11;4;12;4;13;4;14;3;14;2;14
1;2;2;19;2;11;2;10;2;9;2;8;2;7;2;6;2;5;3;5;4;5;4;6;4;7;4;8;4;9;4;10;4;11;4;12;4;13;4;14;3;14;2;14;2;15
1;2;2;19;2;10;2;9;2;8;2;7;2;6;2;5;3;5;4;5;4;6;4;7;4;8;4;9;4;10;4;11;4;12;4;13;4;14;3;14;2;14;2;15;2;16
1;2;2;19;2;9;2;8;2;7;2;6;2;5;3;5;4;5;4;6;4;7;4;8;4;9;4;10;4;11;4;12;4;13;4;14;3;14;2;14;2;15;2;16;2;17
1;2;2;19;2;8;2;7;2;6;2;5;3;5;4;5;4;6;4;7;4;8;4;9;4;10;4;11;4;12;4;13;4;14;3;14;2;14;2;15;2;16;2;17;2;18
1;2;4;4;2;7;2;7;2;6;2;5;3;5;4;5;4;6;4;7;4;8;4;9;4;10;4;11;4;12;4;13;4;14;3;14;2;14;2;15;2;16;2;17;2;18;2;19
1;1;4;4;2;7;2;6;2;5;3;5;4;5;4;6;4;7;4;8;4;9;4;10;4;11;4;12;4;13;4;14;3;14;2;14;2;15;2;16;2;17;2;18;2;19;3;19
1;1;4;4;2;6;2;5;3;5;4;5;4;6;4;7;4;8;4;9;4;10;4;11;4;12;4;13;4;14;3;14;2;14;2;15;2;16;2;17;2;18;2;19;3;19;4;19
1;1;4;4;2;5;3;5;4;5;4;6;4;7;4;8;4;9;4;10;4;11;4;12;4;13;4;14;3;14;2;14;2;15;2;16;2;17;2;18;2;19;3;19;4;19;5;19
1;0;4;4;3;5;4;5;4;6;4;7;4;8;4;9;4;10;4;11;4;12;4;13;4;14;3;14;2;14;2;15;2;16;2;17;2;18;2;19;3;19;4;19;5;19;5;18
1;0;4;4;4;5;4;6;4;7;4;8;4;9;4;10;4;11;4;12;4;13;4;14;3;14;2;14;2;15;2;16;2;17;2;18;2;19;3;19;4;19;5;19;5;18;5;17
1;0;4;4;4;6;4;7;4;8;4;9;4;10;4;11;4;12;4;13;4;14;3;14;2;14;2;15;2;16;2;17;2;18;2;19;3;19;4;19;5;19;5;18;5;17;5;16
1;0;4;4;4;7;4;8;4;9;4;10;4;11;4;12;4;13;4;14;3;14;2;14;2;15;2;16;2;17;2;18;2;19;3;19;4;19;5;19;5;18;5;17;5;16;5;15
1;0;4;4;4;8;4;9;4;10;4;11;4;12;4;13;4;14;3;14;2;14;2;15;2;16;2;17;2;18;2;19;3;19;4;19;5;19;5;18;5;17;5;16;5;15;5;14
1;0;4;4;4;9;4;10;4;11;4;12;4;13;4;14;3;14;2;14;2;15;2;16;2;17;2;18;2;19;3;19;4;19;5;19;5;18;5;17;5;16;5;15;5;14;5;13
1;0;4;4;4;10;4;11;4;12;4;13;4;14;3;14;2;14;2;15;2;16;2;17;2;18;2;19;3;19;4;19;5;19;5;18;5;17;5;16;5;15;5;14;5;13;5;12
1;0;4;4;4;11;4;12;4;13;4;14;3;14;2;14;2;15;2;16;2;17;2;18;2;19;3;19;4;19;5;19;5;18;5;17;5;16;5;15;5;14;5;13;5;12;5;11
1;0;4;4;4;12;4;13;4;14;3;14;2;14;2;15;2;16;2;17;2;18;2;19;3;19;4;19;5;19;5;18;5;17;5;16;5;15;5;14;5;13;5;12;5;11;5;10
1;3;4;4;4;13;4;14;3;14;2;14;2;15;2;16;2;17;2;18;2;19;3;19;4;19;5;19;5;18;5;17;5;16;5;15;5;14;5;13;5;12;5;11;5;10;4;10
1;0;4;4;4;14;3;14;2;14;2;15;2;16;2;17;2;18;2;19;3;19;4;19;5;19;5;18;5;17;5;16;5;15;5;14;5;13;5;12;5;11;5;10;4;10;4;9
1;0;4;4;3;14;2;14;2;15;2;16;2;17;2;18;2;19;3;19;4;19;5;19;5;18;5;17;5;16;5;15;5;14;5;13;5;12;5;11;5;10;4;10;4;9;4;8
1;0;4;4;2;14;2;15;2;16;2;17;2;18;2;19;3;19;4;19;5;19;5;18;5;17;5;16;5;15;5;14;5;13;5;12;5;11;5;10;4;10;4;9;4;8;4;7
1;0;4;4;2;15;2;16;2;17;2;18;2;19;3;19;4;19;5;19;5;18;5;17;5;16;5;15;5;14;5;13;5;12;5;11;5;10;4;10;4;9;4;8;4;7;4;6
1;0;4;4;2;16;2;17;2;18;2;19;3;19;4;19;5;19;5;18;5;17;5;16;5;15;5;14;5;13;5;12;5;11;5;10;4;10;4;9;4;8;4;7;4;6;4;5
1;0;0;10;2;17;2;17;2;18;2;19;3;19;4;19;5;19;5;18;5;17;5;16;5;15;5;14;5;13;5;12;5;11;5;10;4;10;4;9;4;8;4;7;4;6;4;5;4;4
1;3;0;10;2;17;2;18;2;19;3;19;4;19;5;19;5;18;5;17;5;16;5;15;5;14;5;13;5;12;5;11;5;10;4;10;4;9;4;8;4;7;4;6;4;5;4;4;3;4
1;2;0;10;2;18;2;19;3;19;4;19;5;19;5;18;5;17;5;16;5;15;5;14;5;13;5;12;5;11;5;10;4;10;4;9;4;8;4;7;4;6;4;5;4;4;3;4;3;5
1;2;0;10;2;19;3;19;4;19;5;19;5;18;5;17;5;16;5;15;5;14;5;13;5;12;5;11;5;10;4;10;4;9;4;8;4;7;4;6;4;5;4;4;3;4;3;5;3;6
1;2;0;10;3;19;4;19;5;19;5;18;5;17;5;16;5;15;5;14;5;13;5;12;5;11;5;10;4;10;4;9;4;8;4;7;4;6;4;5;4;4;3;4;3;5;3;6;3;7
1;2;0;10;4;19;5;19;5;18;5;17;5;16;5;15;5;14;5;13;5;12;5;11;5;10;4;10;4;9;4;8;4;7;4;6;4;5;4;4;3;4;3;5;3;6;3;7;3;8
1;2;0;10;5;19;5;18;5;17;5;16;5;15;5;14;5;13;5;12;5;11;5;10;4;10;4;9;4;8;4;7;4;6;4;5;4;4;3;4;3;5;3;6;3;7;3;8;3;9
1;2;0;10;5;18;5;17;5;16;5;15;5;14;5;13;5;12;5;11;5;10;4;10;4;9;4;8;4;7;4;6;4;5;4;4;3;4;3;5;3;6;3;7;3;8;3;9;3;10
1;2;0;10;5;17;5;16;5;15;5;14;5;13;5;12;5;11;5;10;4;10;4;9;4;8;4;7;4;6;4;5;4;4;3;4;3;5;3;6;3;7;3;8;3;9;3;10;3;11
1;3;0;10;5;16;5;15;5;14;5;13;5;12;5;11;5;10;4;10;4;9;4;8;4;7;4;6;4;5;4;4;3;4;3;5;3;6;3;7;3;8;3;9;3;10;3;11;2;11
1;3;0;10;5;15;5;14;5;13;5;12;5;11;5;10;4;10;4;9;4;8;4;7;4;6;4;5;4;4;3;4;3;5;3;6;3;7;3;8;3;9;3;10;3;11;2;11;1;11
1;3;0;10;5;14;5;13;5;12;5;11;5;10;4;10;4;9;4;8;4;7;4;6;4;5;4;4;3;4;3;5;3;6;3;7;3;8;3;9;3;10;3;11;2;11;1;11;0;11
1;0;10;17;5;13;5;13;5;12;5;11;5;10;4;10;4;9;4;8;4;7;4;6;4;5;4;4;3;4;3;5;3;6;3;7;3;8;3;9;3;10;3;11;2;11;1;11;0;11;0;10
1;0;10;17;5;13;5;12;5;11;5;10;4;10;4;9;4;8;4;7;4;6;4;5;4;4;3;4;3;5;3;6;3;7;3;8;3;9;3;10;3;11;2;11;1;11;0;11;0;10;0;9
1;0;10;17;5;12;5;11;5;10;4;10;4;9;4;8;4;7;4;6;4;5;4;4;3;4;3;5;3;6;3;7;3;8;3;9;3;10;3;11;2;11;1;11;0;11;0;10;0;9;0;8
1;0;10;17;5;11;5;10;4;10;4;9;4;8;4;7;4;6;4;5;4;4;3;4;3;5;3;6;3;7;3;8;3;9;3;10;3;11;2;11;1;11;0;11;0;10;0;9;0;8;0;7
1;0;10;17;5;10;4;10;4;9;4;8;4;7;4;6;4;5;4;4;3;4;3;5;3;6;3;7;3;8;3;9;3;10;3;11;2;11;1;11;0;11;0;10;0;9;0;8;0;7;0;6
1;0;10;17;4;10;4;9;4;8;4;7;4;6;4;5;4;4;3;4;3;5;3;6;3;7;3;8;3;9;3;10;3;11;2;11;1;11;0;11;0;10;0;9;0;8;0;7;0;6;0;5
1;0;10;17;4;9;4;8;4;7;4;6;4;5;4;4;3;4;3;5;3;6;3;7;3;8;3;9;3;10;3;11;2;11;1;11;0;11;0;10;0;9;0;8;0;7;0;6;0;5;0;4
1;0;10;17;4;8;4;7;4;6;4;5;4;4;3;4;3;5;3;6;3;7;3;8;3;9;3;10;3;11;2;11;1;11;0;11;0;10;0;9;0;8;0;7;0;6;0;5;0;4;0;3
1;1;10;17;4;7;4;6;4;5;4;4;3;4;3;5;3;6;3;7;3;8;3;9;3;10;3;11;2;11;1;11;0;11;0;10;0;9;0;8;0;7;0;6;0;5;0;4;0;3;1;3
1;2;10;17;4;6;4;5;4;4;3;4;3;5;3;6;3;7;3;8;3;9;3;10;3;11;2;11;1;11;0;11;0;10;0;9;0;8;0;7;0;6;0;5;0;4;0;3;1;3;1;4
1;2;10;17;4;5;4;4;3;4;3;5;3;6;3;7;3;8;3;9;3;10;3;11;2;11;1;11;0;11;0;10;0;9;0;8;0;7;0;6;0;5;0;4;0;3;1;3;1;4;1;5
1;2;10;17;4;4;3;4;3;5;3;6;3;7;3;8;3;9;3;10;3;11;2;11;1;11;0;11;0;10;0;9;0;8;0;7;0;6;0;5;0;4;0;3;1;3;1;4;1;5;1;6
1;2;10;17;3;4;3;5;3;6;3;7;3;8;3;9;3;10;3;11;2;11;1;11;0;11;0;10;0;9;0;8;0;7;0;6;0;5;0;4;0;3;1;3;1;4;1;5;1;6;1;7
1;2;10;17;3;5;3;6;3;7;3;8;3;9;3;10;3;11;2;11;1;11;0;11;0;10;0;9;0;8;0;7;0;6;0;5;0;4;0;3;1;3;1;4;1;5;1;6;1;7;1;8
1;2;10;17;3;6;3;7;3;8;3;9;3;10;3;11;2;11;1;11;0;11;0;10;0;9;0;8;0;7;0;6;0;5;0;4;0;3;1;3;1;4;1;5;1;6;1;7;1;8;1;9
1;2;10;17;3;7;3;8;3;9;3;10;3;11;2;11;1;11;0;11;0;10;0;9;0;8;0;7;0;6;0;5;0;4;0;3;1;3;1;4;1;5;1;6;1;7;1;8;1;9;1;10
1;1;10;17;3;8;3;9;3;10;3;11;2;11;1;11;0;11;0;10;0;9;0;8;0;7;0;6;0;5;0;4;0;3;1;3;1;4;1;5;1;6;1;7;1;8;1;9;1;10;2;10
1;0;10;17;3;9;3;10;3;11;2;11;1;11;0;11;0;10;0;9;0;8;0;7;0;6;0;5;0;4;0;3;1;3;1;4;1;5;1;6;1;7;1;8;1;9;1;10;2;10;2;9
1;0;10;17;3;10;3;11;2;11;1;11;0;11;0;10;0;9;0;8;0;7;0;6;0;5;0;4;0;3;1;3;1;4;1;5;1;6;1;7;1;8;1;9;1;10;2;10;2;9;2;8
1;1;10;17;3;11;2;11;1;11;0;11;0;10;0;9;0;8;0;7;0;6;0;5;0;4;0;3;1;3;1;4;1;5;1;6;1;7;1;8;1;9;1;10;2;10;2;9;2;8;3;8
1;1;10;17;2;11;1;11;0;11;0;10;0;9;0;8;0;7;0;6;0;5;0;4;0;3;1;3;1;4;1;5;1;6;1;7;1;8;1;9;1;10;2;10;2;9;2;8;3;8;4;8
1;1;10;17;1;11;0;11;0;10;0;9;0;8;0;7;0;6;0;5;0;4;0;3;1;3;1;4;1;5;1;6;1;7;1;8;1;9;1;10;2;10;2;9;2;8;3;8;4;8;5;8
1;1;10;17;0;11;0;10;0;9;0;8;0;7;0;6;0;5;0;4;0;3;1;3;1;4;1;5;1;6;1;7;1;8;1;9;1;10;2;10;2;9;2;8;3;8;4;8;5;8;6;8
1;1;10;17;0;10;0;9;0;8;0;7;0;6;0;5;0;4;0;3;1;3;1;4;1;5;1;6;1;7;1;8;1;9;1;10;2;10;2;9;2;8;3;8;4;8;5;8;6;8;7;8
1;1;10;17;0;9;0;8;0;7;0;6;0;5;0;4;0;3;1;3;1;4;1;5;1;6;1;7;1;8;1;9;1;10;2;10;2;9;2;8;3;8;4;8;5;8;6;8;7;8;8;8
1;1;10;17;0;8;0;7;0;6;0;5;0;4;0;3;1;3;1;4;1;5;1;6;1;7;1;8;1;9;1;10;2;10;2;9;2;8;3;8;4;8;5;8;6;8;7;8;8;8;9;8
1;1;10;17;0;7;0;6;0;5;0;4;0;3;1;3;1;4;1;5;1;6;1;7;1;8;1;9;1;10;2;10;2;9;2;8;3;8;4;8;5;8;6;8;7;8;8;8;9;8;10;8
1;2;10;17;0;6;0;5;0;4;0;3;1;3;1;4;1;5;1;6;1;7;1;8;1;9;1;10;2;10;2;9;2;8;3;8;4;8;5;8;6;8;7;8;8;8;9;8;10;8;10;9
1;2;10;17;0;5;0;4;0;3;1;3;1;4;1;5;1;6;1;7;1;8;1;9;1;10;2;10;2;9;2;8;3;8;4;8;5;8;6;8;7;8;8;8;9;8;10;8;10;9;10;10
1;2;10;17;0;4;0;3;1;3;1;4;1;5;1;6;1;7;1;8;1;9;1;10;2;10;2;9;2;8;3;8;4;8;5;8;6;8;7;8;8;8;9;8;10;8;10;9;10;10;10;11
1;2;10;17;0;3;1;3;1;4;1;5;1;6;1;7;1;8;1;9;1;10;2;10;2;9;2;8;3;8;4;8;5;8;6;8;7;8;8;8;9;8;10;8;10;9;10;10;10;11;10;12
1;2;10;17;1;3;1;4;1;5;1;6;1;7;1;8;1;9;1;10;2;10;2;9;2;8;3;8;4;8;5;8;6;8;7;8;8;8;9;8;10;8;10;9;10;10;10;11;10;12;10;13
1;2;10;17;1;4;1;5;1;6;1;7;1;8;1;9;1;10;2;10;2;9;2;8;3;8;4;8;5;8;6;8;7;8;8;8;9;8;10;8;10;9;10;10;10;11;10;12;10;13;10;14
1;2;10;17;1;5;1;6;1;7;1;8;1;9;1;10;2;10;2;9;2;8;3;8;4;8;5;8;6;8;7;8;8;8;9;8;10;8;10;9;10;10;10;11;10;12;10;13;10;14;10;15
1;2;10;17;1;6;1;7;1;8;1;9;1;10;2;10;2;9;2;8;3;8;4;8;5;8;6;8;7;8;8;8;9;8;10;8;10;9;10;10;10;11;10;12;10;13;10;14;10;15;10;16
1;2;14;1;1;7;1;7;1;8;1;9;1;10;2;10;2;9;2;8;3;8;4;8;5;8;6;8;7;8;8;8;9;8;10;8;10;9;10;10;10;11;10;12;10;13;10;14;10;15;10;16;10;17
1;1;14;1;1;7;1;8;1;9;1;10;2;10;2;9;2;8;3;8;4;8;5;8;6;8;7;8;8;8;9;8;10;8;10;9;10;10;10;11;10;12;10;13;10;14;10;15;10;16;10;17;11;17
1;0;14;1;1;8;1;9;1;10;2;10;2;9;2;8;3;8;4;8;5;8;6;8;7;8;8;8;9;8;10;8;10;9;10;10;10;11;10;12;10;13;10;14;10;15;10;16;10;17;11;17;11;16
1;0;14;1;1;9;1;10;2;10;2;9;2;8;3;8;4;8;5;8;6;8;7;8;8;8;9;8;10;8;10;9;10;10;10;11;10;12;10;13;10;14;10;15;10;16;10;17;11;17;11;16;11;15
1;0;14;1;1;10;2;10;2;9;2;8;3;8;4;8;5;8;6;8;7;8;8;8;9;8;10;8;10;9;10;10;10;11;10;12;10;13;10;14;10;15;10;16;10;17;11;17;11;16;11;15;11;14
1;0;14;1;2;10;2;9;2;8;3;8;4;8;5;8;6;8;7;8;8;8;9;8;10;8;10;9;10;10;10;11;10;12;10;13;10;14;10;15;10;16;10;17;11;17;11;16;11;15;11;14;11;13
1;0;14;1;2;9;2;8;3;8;4;8;5;8;6;8;7;8;8;8;9;8;10;8;10;9;10;10;10;11;10;12;10;13;10;14;10;15;10;16;10;17;11;17;11;16;11;15;11;14;11;13;11;12
1;0;14;1;2;8;3;8;4;8;5;8;6;8;7;8;8;8;9;8;10;8;10;9;10;10;10;11;10;12;10;13;10;14;10;15;10;16;10;17;11;17;11;16;11;15;11;14;11;13;11;12;11;11
1;0;14;1;3;8;4;8;5;8;6;8;7;8;8;8;9;8;10;8;10;9;10;10;10;11;10;12;10;13;10;14;10;15;10;16;10;17;11;17;11;16;11;15;11;14;11;13;11;12;11;11;11;10
1;0;14;1;4;8;5;8;6;8;7;8;8;8;9;8;10;8;10;9;10;10;10;11;10;12;10;13;10;14;10;15;10;16;10;17;11;17;11;16;11;15;11;14;11;13;11;12;11;11;11;10;11;9
1;0;14;1;5;8;6;8;7;8;8;8;9;8;10;8;10;9;10;10;10;11;10;12;10;13;10;14;10;15;10;16;10;17;11;17;11;16;11;15;11;14;11;13;11;12;11;11;11;10;11;9;11;8
1;0;14;1;6;8;7;8;8;8;9;8;10;8;10;9;10;10;10;11;10;12;10;13;10;14;10;15;10;16;10;17;11;17;11;16;11;15;11;14;11;13;11;12;11;11;11;10;11;9;11;8;11;7
1;1;14;1;7;8;8;8;9;8;10;8;10;9;10;10;10;11;10;12;10;13;10;14;10;15;10;16;10;17;11;17;11;16;11;15;11;14;11;13;11;12;11;11;11;10;11;9;11;8;11;7;12;7
1;2;14;1;8;8;9;8;10;8;10;9;10;10;10;11;10;12;10;13;10;14;10;15;10;16;10;17;11;17;11;16;11;15;11;14;11;13;11;12;11;11;11;10;11;9;11;8;11;7;12;7;12;8
1;2;14;1;9;8;10;8;10;9;10;10;10;11;10;12;10;13;10;14;10;15;10;16;10;17;11;17;11;16;11;15;11;14;11;13;11;12;11;11;11;10;11;9;11;8;11;7;12;7;12;8;12;9
1;2;14;1;10;8;10;9;10;10;10;11;10;12;10;13;10;14;10;15;10;16;10;17;11;17;11;16;11;15;11;14;11;13;11;12;11;11;11;10;11;9;11;8;11;7;12;7;12;8;12;9;12;10
1;2;14;1;10;9;10;10;10;11;10;12;10;13;10;14;10;15;10;16;10;17;11;17;11;16;11;15;11;14;11;13;11;12;11;11;11;10;11;9;11;8;11;7;12;7;12;8;12;9;12;10;12;11
1;2;14;1;10;10;10;11;10;12;10;13;10;14;10;15;10;16;10;17;11;17;11;16;11;15;11;14;11;13;11;12;11;11;11;10;11;9;11;8;11;7;12;7;12;8;12;9;12;10;12;11;12;12
1;2;14;1;10;11;10;12;10;13;10;14;10;15;10;16;10;17;11;17;11;16;11;15;11;14;11;13;11;12;11;11;11;10;11;9;11;8;11;7;12;7;12;8;12;9;12;10;12;11;12;12;12;13
1;2;14;1;10;12;10;13;10;14;10;15;10;16;10;17;11;17;11;16;11;15;11;14;11;13;11;12;11;11;11;10;11;9;11;8;11;7;12;7;12;8;12;9;12;10;12;11;12;12;12;13;12;14
1;1;14;1;10;13;10;14;10;15;10;16;10;17;11;17;11;16;11;15;11;14;11;13;11;12;11;11;11;10;11;9;11;8;11;7;12;7;12;8;12;9;12;10;12;11;12;12;12;13;12;14;13;14
1;1;14;1;10;14;10;15;10;16;10;17;11;17;11;16;11;15;11;14;11;13;11;12;11;11;11;10;11;9;11;8;11;7;12;7;12;8;12;9;12;10;12;11;12;12;12;13;12;14;13;14;14;14
1;0;14;1;10;15;10;16;10;17;11;17;11;16;11;15;11;14;11;13;11;12;11;11;11;10;11;9;11;8;11;7;12;7;12;8;12;9;12;10;12;11;12;12;12;13;12;14;13;14;14;14;14;13
1;0;14;1;10;16;10;17;11;17;11;16;11;15;11;14;11;13;11;12;11;11;11;10;11;9;11;8;11;7;12;7;12;8;12;9;12;10;12;11;12;12;12;13;12;14;13;14;14;14;14;13;14;12
1;0;14;1;10;17;11;17;11;16;11;15;11;14;11;13;11;12;11;11;11;10;11;9;11;8;11;7;12;7;12;8;12;9;12;10;12;11;12;12;12;13;12;14;13;14;14;14;14;13;14;12;14;11
1;0;14;1;11;17;11;16;11;15;11;14;11;13;11;12;11;11;11;10;11;9;11;8;11;7;12;7;12;8;12;9;12;10;12;11;12;12;12;13;12;14;13;14;14;14;14;13;14;12;14;11;14;10
1;0;14;1;11;16;11;15;11;14;11;13;11;12;11;11;11;10;11;9;11;8;11;7;12;7;12;8;12;9;12;10;12;11;12;12;12;13;12;14;13;14;14;14;14;13;14;12;14;11;14;10;14;9
1;0;14;1;11;15;11;14;11;13;11;12;11;11;11;10;11;9;11;8;11;7;12;7;12;8;12;9;12;10;12;11;12;12;12;13;12;14;13;14;14;14;14;13;14;12;14;11;14;10;14;9;14;8
1;0;14;1;11;14;11;13;11;12;11;11;11;10;11;9;11;8;11;7;12;7;12;8;12;9;12;10;12;11;12;12;12;13;12;14;13;14;14;14;14;13;14;12;14;11;14;10;14;9;14;8;14;7
1;0;14;1;11;13;11;12;11;11;11;10;11;9;11;8;11;7;12;7;12;8;12;9;12;10;12;11;12;12;12;13;12;14;13;14;14;14;14;13;14;12;14;11;14;10;14;9;14;8;14;7;14;6
1;0;14;1;11;12;11;11;11;10;11;9;11;8;11;7;12;7;12;8;12;9;12;10;12;11;12;12;12;13;12;14;13;14;14;14;14;13;14;12;14;11;14;10;14;9;14;8;14;7;14;6;14;5
1;0;14;1;11;11;11;10;11;9;11;8;11;7;12;7;12;8;12;9;12;10;12;11;12;12;12;13;12;14;13;14;14;14;14;13;14;12;14;11;14;10;14;9;14;8;14;7;14;6;14;5;14;4
1;0;14;1;11;10;11;9;11;8;11;7;12;7;12;8;12;9;12;10;12;11;12;12;12;13;12;14;13;14;14;14;14;13;14;12;14;11;14;10;14;9;14;8;14;7;14;6;14;5;14;4;14;3
1;0;14;1;11;9;11;8;11;7;12;7;12;8;12;9;12;10;12;11;12;12;12;13;12;14;13;14;14;14;14;13;14;12;14;11;14;10;14;9;14;8;14;7;14;6;14;5;14;4;14;3;14;2
1;0;5;18;11;8;11;8;11;7;12;7;12;8;12;9;12;10;12;11;12;12;12;13;12;14;13;14;14;14;14;13;14;12;14;11;14;10;14;9;14;8;14;7;14;6;14;5;14;4;14;3;14;2;14;1
1;3;5;18;11;8;11;7;12;7;12;8;12;9;12;10;12;11;12;12;12;13;12;14;13;14;14;14;14;13;14;12;14;11;14;10;14;9;14;8;14;7;14;6;14;5;14;4;14;3;14;2;14;1;13;1
1;3;5;18;11;7;12;7;12;8;12;9;12;10;12;11;12;12;12;13;12;14;13;14;14;14;14;13;14;12;14;11;14;10;14;9;14;8;14;7;14;6;14;5;14;4;14;3;14;2;14;1;13;1;12;1
1;3;5;18;12;7;12;8;12;9;12;10;12;11;12;12;12;13;12;14;13;14;14;14;14;13;14;12;14;11;14;10;14;9;14;8;14;7;14;6;14;5;14;4;14;3;14;2;14;1;13;1;12;1;11;1
1;3;5;18;12;8;12;9;12;10;12;11;12;12;12;13;12;14;13;14;14;14;14;13;14;12;14;11;14;10;14;9;14;8;14;7;14;6;14;5;14;4;14;3;14;2;14;1;13;1;12;1;11;1;10;1
1;3;5;18;12;9;12;10;12;11;12;12;12;13;12;14;13;14;14;14;14;13;14;12;14;11;14;10;14;9;14;8;14;7;14;6;14;5;14;4;14;3;14;2;14;1;13;1;12;1;11;1;10;1;9;1
1;3;5;18;12;10;12;11;12;12;12;13;12;14;13;14;14;14;14;13;14;12;14;11;14;10;14;9;14;8;14;7;14;6;14;5;14;4;14;3;14;2;14;1;13;1;12;1;11;1;10;1;9;1;8;1
1;3;5;18;12;11;12;12;12;13;12;14;13;14;14;14;14;13;14;12;14;11;14;10;14;9;14;8;14;7;14;6;14;5;14;4;14;3;14;2;14;1;13;1;12;1;11;1;10;1;9;1;8;1;7;1
1;3;5;18;12;12;12;13;12;14;13;14;14;14;14;13;14;12;14;11;14;10;14;9;14;8;14;7;14;6;14;5;14;4;14;3;14;2;14;1;13;1;12;1;11;1;10;1;9;1;8;1;7;1;6;1
1;3;5;18;12;13;12;14;13;14;14;14;14;13;14;12;14;11;14;10;14;9;14;8;14;7;14;6;14;5;14;4;14;3;14;2;14;1;13;1;12;1;11;1;10;1;9;1;8;1;7;1;6;1;5;1
1;2;5;18;12;14;13;14;14;14;14;13;14;12;14;11;14;10;14;9;14;8;14;7;14;6;14;5;14;4;14;3;14;2;14;1;13;1;12;1;11;1;10;1;9;1;8;1;7;1;6;1;5;1;5;2
1;2;5;18;13;14;14;14;14;13;14;12;14;11;14;10;14;9;14;8;14;7;14;6;14;5;14;4;14;3;14;2;14;1;13;1;12;1;11;1;10;1;9;1;8;1;7;1;6;1;5;1;5;2;5;3
1;2;5;18;14;14;14;13;14;12;14;11;14;10;14;9;14;8;14;7;14;6;14;5;14;4;14;3;14;2;14;1;13;1;12;1;11;1;10;1;9;1;8;1;7;1;6;1;5;1;5;2;5;3;5;4
1;2;5;18;14;13;14;12;14;11;14;10;14;9;14;8;14;7;14;6;14;5;14;4;14;3;14;2;14;1;13;1;12;1;11;1;10;1;9;1;8;1;7;1;6;1;5;1;5;2;5;3;5;4;5;5
1;2;5;18;14;12;14;11;14;10;14;9;14;8;14;7;14;6;14;5;14;4;14;3;14;2;14;1;13;1;12;1;11;1;10;1;9;1;8;1;7;1;6;1;5;1;5;2;5;3;5;4;5;5;5;6
1;2;5;18;14;11;14;10;14;9;14;8;14;7;14;6;14;5;14;4;14;3;14;2;14;1;13;1;12;1;11;1;10;1;9;1;8;1;7;1;6;1;5;1;5;2;5;3;5;4;5;5;5;6;5;7
1;2;5;18;14;10;14;9;14;8;14;7;14;6;14;5;14;4;14;3;14;2;14;1;13;1;12;1;11;1;10;1;9;1;8;1;7;1;6;1;5;1;5;2;5;3;5;4;5;5;5;6;5;7;5;8
1;2;5;18;14;9;14;8;14;7;14;6;14;5;14;4;14;3;14;2;14;1;13;1;12;1;11;1;10;1;9;1;8;1;7;1;6;1;5;1;5;2;5;3;5;4;5;5;5;6;5;7;5;8;5;9
1;2;5;18;14;8;14;7;14;6;14;5;14;4;14;3;14;2;14;1;13;1;12;1;11;1;10;1;9;1;8;1;7;1;6;1;5;1;5;2;5;3;5;4;5;5;5;6;5;7;5;8;5;9;5;10
1;2;5;18;14;7;14;6;14;5;14;4;14;3;14;2;14;1;13;1;12;1;11;1;10;1;9;1;8;1;7;1;6;1;5;1;5;2;5;3;5;4;5;5;5;6;5;7;5;8;5;9;5;10;5;11
1;2;5;18;14;6;14;5;14;4;14;3;14;2;14;1;13;1;12;1;11;1;10;1;9;1;8;1;7;1;6;1;5;1;5;2;5;3;5;4;5;5;5;6;5;7;5;8;5;9;5;10;5;11;5;12
1;2;5;18;14;5;14;4;14;3;14;2;14;1;13;1;12;1;11;1;10;1;9;1;8;1;7;1;6;1;5;1;5;2;5;3;5;4;5;5;5;6;5;7;5;8;5;9;5;10;5;11;5;12;5;13
1;2;5;18;14;4;14;3;14;2;14;1;13;1;12;1;11;1;10;1;9;1;8;1;7;1;6;1;5;1;5;2;5;3;5;4;5;5;5;6;5;7;5;8;5;9;5;10;5;11;5;12;5;13;5;14
1;2;5;18;14;3;14;2;14;1;13;1;12;1;11;1;10;1;9;1;8;1;7;1;6;1;5;1;5;2;5;3;5;4;5;5;5;6;5;7;5;8;5;9;5;10;5;11;5;12;5;13;5;14;5;15
1;2;5;18;14;2;14;1;13;1;12;1;11;1;10;1;9;1;8;1;7;1;6;1;5;1;5;2;5;3;5;4;5;5;5;6;5;7;5;8;5;9;5;10;5;11;5;12;5;13;5;14;5;15;5;16
1;2;5;18;14;1;13;1;12;1;11;1;10;1;9;1;8;1;7;1;6;1;5;1;5;2;5;3;5;4;5;5;5;6;5;7;5;8;5;9;5;10;5;11;5;12;5;13;5;14;5;15;5;16;5;17
1;2;8;9;13;1;13;1;12;1;11;1;10;1;9;1;8;1;7;1;6;1;5;1;5;2;5;3;5;4;5;5;5;6;5;7;5;8;5;9;5;10;5;11;5;12;5;13;5;14;5;15;5;16;5;17;5;18
1;1;8;9;13;1;12;1;11;1;10;1;9;1;8;1;7;1;6;1;5;1;5;2;5;3;5;4;5;5;5;6;5;7;5;8;5;9;5;10;5;11;5;12;5;13;5;14;5;15;5;16;5;17;5;18;6;18
1;1;8;9;12;1;11;1;10;1;9;1;8;1;7;1;6;1;5;1;5;2;5;3;5;4;5;5;5;6;5;7;5;8;5;9;5;10;5;11;5;12;5;13;5;14;5;15;5;16;5;17;5;18;6;18;7;18
1;1;8;9;11;1;10;1;9;1;8;1;7;1;6;1;5;1;5;2;5;3;5;4;5;5;5;6;5;7;5;8;5;9;5;10;5;11;5;12;5;13;5;14;5;15;5;16;5;17;5;18;6;18;7;18;8;18
1;0;8;9;10;1;9;1;8;1;7;1;6;1;5;1;5;2;5;3;5;4;5;5;5;6;5;7;5;8;5;9;5;10;5;11;5;12;5;13;5;14;5;15;5;16;5;17;5;18;6;18;7;18;8;18;8;17
1;0;8;9;9;1;8;1;7;1;6;1;5;1;5;2;5;3;5;4;5;5;5;6;5;7;5;8;5;9;5;10;5;11;5;12;5;13;5;14;5;15;5;16;5;17;5;18;6;18;7;18;8;18;8;17;8;16
1;0;8;9;8;1;7;1;6;1;5;1;5;2;5;3;5;4;5;5;5;6;5;7;5;8;5;9;5;10;5;11;5;12;5;13;5;14;5;15;5;16;5;17;5;18;6;18;7;18;8;18;8;17;8;16;8;15
1;0;8;9;7;1;6;1;5;1;5;2;5;3;5;4;5;5;5;6;5;7;5;8;5;9;5;10;5;11;5;12;5;13;5;14;5;15;5;16;5;17;5;18;6;18;7;18;8;18;8;17;8;16;8;15;8;14
1;0;8;9;6;1;5;1;5;2;5;3;5;4;5;5;5;6;5;7;5;8;5;9;5;10;5;11;5;12;5;13;5;14;5;15;5;16;5;17;5;18;6;18;7;18;8;18;8;17;8;16;8;15;8;14;8;13
1;0;8;9;5;1;5;2;5;3;5;4;5;5;5;6;5;7;5;8;5;9;5;10;5;11;5;12;5;13;5;14;5;15;5;16;5;17;5;18;6;18;7;18;8;18;8;17;8;16;8;15;8;14;8;13;8;12
1;0;8;9;5;2;5;3;5;4;5;5;5;6;5;7;5;8;5;9;5;10;5;11;5;12;5;13;5;14;5;15;5;16;5;17;5;18;6;18;7;18;8;18;8;17;8;16;8;15;8;14;8;13;8;12;8;11
1;0;8;9;5;3;5;4;5;5;5;6;5;7;5;8;5;9;5;10;5;11;5;12;5;13;5;14;5;15;5;16;5;17;5;18;6;18;7;18;8;18;8;17;8;16;8;15;8;14;8;13;8;12;8;11;8;10
1;0;0;10;5;4;5;4;5;5;5;6;5;7;5;8;5;9;5;10;5;11;5;12;5;13;5;14;5;15;5;16;5;17;5;18;6;18;7;18;8;18;8;17;8;16;8;15;8;14;8;13;8;12;8;11;8;10;8;9
1;0;0;10;5;4;5;5;5;6;5;7;5;8;5;9;5;10;5;11;5;12;5;13;5;14;5;15;5;16;5;17;5;18;6;18;7;18;8;18;8;17;8;16;8;15;8;14;8;13;8;12;8;11;8;10;8;9;8;8
1;1;0;10;5;5;5;6;5;7;5;8;5;9;5;10;5;11;5;12;5;13;5;14;5;15;5;16;5;17;5;18;6;18;7;18;8;18;8;17;8;16;8;15;8;14;8;13;8;12;8;11;8;10;8;9;8;8;9;8
1;2;0;10;5;6;5;7;5;8;5;9;5;10;5;11;5;12;5;13;5;14;5;15;5;16;5;17;5;18;6;18;7;18;8;18;8;17;8;16;8;15;8;14;8;13;8;12;8;11;8;10;8;9;8;8;9;8;9;9
1;2;0;10;5;7;5;8;5;9;5;10;5;11;5;12;5;13;5;14;5;15;5;16;5;17;5;18;6;18;7;18;8;18;8;17;8;16;8;15;8;14;8;13;8;12;8;11;8;10;8;9;8;8;9;8;9;9;9;10
1;2;0;10;5;8;5;9;5;10;5;11;5;12;5;13;5;14;5;15;5;16;5;17;5;18;6;18;7;18;8;18;8;17;8;16;8;15;8;14;8;13;8;12;8;11;8;10;8;9;8;8;9;8;9;9;9;10;9;11
1;2;0;10;5;9;5;10;5;11;5;12;5;13;5;14;5;15;5;16;5;17;5;18;6;18;7;18;8;18;8;17;8;16;8;15;8;14;8;13;8;12;8;11;8;10;8;9;8;8;9;8;9;9;9;10;9;11;9;12
1;2;0;10;5;10;5;11;5;12;5;13;5;14;5;15;5;16;5;17;5;18;6;18;7;18;8;18;8;17;8;16;8;15;8;14;8;13;8;12;8;11;8;10;8;9;8;8;9;8;9;9;9;10;9;11;9;12;9;13
1;2;0;10;5;11;5;12;5;13;5;14;5;15;5;16;5;17;5;18;6;18;7;18;8;18;8;17;8;16;8;15;8;14;8;13;8;12;8;11;8;10;8;9;8;8;9;8;9;9;9;10;9;11;9;12;9;13;9;14
1;1;0;10;5;12;5;13;5;14;5;15;5;16;5;17;5;18;6;18;7;18;8;18;8;17;8;16;8;15;8;14;8;13;8;12;8;11;8;10;8;9;8;8;9;8;9;9;9;10;9;11;9;12;9;13;9;14;10;14
1;0;0;10;5;13;5;14;5;15;5;16;5;17;5;18;6;18;7;18;8;18;8;17;8;16;8;15;8;14;8;13;8;12;8;11;8;10;8;9;8;8;9;8;9;9;9;10;9;11;9;12;9;13;9;14;10;14;10;13
1;0;0;10;5;14;5;15;5;16;5;17;5;18;6;18;7;18;8;18;8;17;8;16;8;15;8;14;8;13;8;12;8;11;8;10;8;9;8;8;9;8;9;9;9;10;9;11;9;12;9;13;9;14;10;14;10;13;10;12
1;0;0;10;5;15;5;16;5;17;5;18;6;18;7;18;8;18;8;17;8;16;8;15;8;14;8;13;8;12;8;11;8;10;8;9;8;8;9;8;9;9;9;10;9;11;9;12;9;13;9;14;10;14;10;13;10;12;10;11
1;0;0;10;5;16;5;17;5;18;6;18;7;18;8;18;8;17;8;16;8;15;8;14;8;13;8;12;8;11;8;10;8;9;8;8;9;8;9;9;9;10;9;11;9;12;9;13;9;14;10;14;10;13;10;12;10;11;10;10
1;0;0;10;5;17;5;18;6;18;7;18;8;18;8;17;8;16;8;15;8;14;8;13;8;12;8;11;8;10;8;9;8;8;9;8;9;9;9;10;9;11;9;12;9;13;9;14;10;14;10;13;10;12;10;11;10;10;10;9
1;0;0;10;5;18;6;18;7;18;8;18;8;17;8;16;8;15;8;14;8;13;8;12;8;11;8;10;8;9;8;8;9;8;9;9;9;10;9;11;9;12;9;13;9;14;10;14;10;13;10;12;10;11;10;10;10;9;10;8
1;1;0;10;6;18;7;18;8;18;8;17;8;16;8;15;8;14;8;13;8;12;8;11;8;10;8;9;8;8;9;8;9;9;9;10;9;11;9;12;9;13;9;14;10;14;10;13;10;12;10;11;10;10;10;9;10;8;11;8
1;2;0;10;7;18;8;18;8;17;8;16;8;15;8;14;8;13;8;12;8;11;8;10;8;9;8;8;9;8;9;9;9;10;9;11;9;12;9;13;9;14;10;14;10;13;10;12;10;11;10;10;10;9;10;8;11;8;11;9
1;2;0;10;8;18;8;17;8;16;8;15;8;14;8;13;8;12;8;11;8;10;8;9;8;8;9;8;9;9;9;10;9;11;9;12;9;13;9;14;10;14;10;13;10;12;10;11;10;10;10;9;10;8;11;8;11;9;11;10
1;2;0;10;8;17;8;16;8;15;8;14;8;13;8;12;8;11;8;10;8;9;8;8;9;8;9;9;9;10;9;11;9;12;9;13;9;14;10;14;10;13;10;12;10;11;10;10;10;9;10;8;11;8;11;9;11;10;11;11
1;2;0;10;8;16;8;15;8;14;8;13;8;12;8;11;8;10;8;9;8;8;9;8;9;9;9;10;9;11;9;12;9;13;9;14;10;14;10;13;10;12;10;11;10;10;10;9;10;8;11;8;11;9;11;10;11;11;11;12
1;2;0;10;8;15;8;14;8;13;8;12;8;11;8;10;8;9;8;8;9;8;9;9;9;10;9;11;9;12;9;13;9;14;10;14;10;13;10;12;10;11;10;10;10;9;10;8;11;8;11;9;11;10;11;11;11;12;11;13
1;2;0;10;8;14;8;13;8;12;8;11;8;10;8;9;8;8;9;8;9;9;9;10;9;11;9;12;9;13;9;14;10;14;10;13;10;12;10;11;10;10;10;9;10;8;11;8;11;9;11;10;11;11;11;12;11;13;11;14
1;1;0;10;8;13;8;12;8;11;8;10;8;9;8;8;9;8;9;9;9;10;9;11;9;12;9;13;9;14;10;14;10;13;10;12;10;11;10;10;10;9;10;8;11;8;11;9;11;10;11;11;11;12;11;13;11;14;12;14
1;0;0;10;8;12;8;11;8;10;8;9;8;8;9;8;9;9;9;10;9;11;9;12;9;13;9;14;10;14;10;13;10;12;10;11;10;10;10;9;10;8;11;8;11;9;11;10;11;11;11;12;11;13;11;14;12;14;12;13
1;0;0;10;8;11;8;10;8;9;8;8;9;8;9;9;9;10;9;11;9;12;9;13;9;14;10;14;10;13;10;12;10;11;10;10;10;9;10;8;11;8;11;9;11;10;11;11;11;12;11;13;11;14;12;14;12;13;12;12
1;0;0;10;8;10;8;9;8;8;9;8;9;9;9;10;9;11;9;12;9;13;9;14;10;14;10;13;10;12;10;11;10;10;10;9;10;8;11;8;11;9;11;10;11;11;11;12;11;13;11;14;12;14;12;13;12;12;12;11
1;0;0;10;8;9;8;8;9;8;9;9;9;10;9;11;9;12;9;13;9;14;10;14;10;13;10;12;10;11;10;10;10;9;10;8;11;8;11;9;11;10;11;11;11;12;11;13;11;14;12;14;12;13;12;12;12;11;12;10
1;0;0;10;8;8;9;8;9;9;9;10;9;11;9;12;9;13;9;14;10;14;10;13;10;12;10;11;10;10;10;9;10;8;11;8;11;9;11;10;11;11;11;12;11;13;11;14;12;14;12;13;12;12;12;11;12;10;12;9
1;0;0;10;9;8;9;9;9;10;9;11;9;12;9;13;9;14;10;14;10;13;10;12;10;11;10;10;10;9;10;8;11;8;11;9;11;10;11;11;11;12;11;13;11;14;12;14;12;13;12;12;12;11;12;10;12;9;12;8
1;1;0;10;9;9;9;10;9;11;9;12;9;13;9;14;10;14;10;13;10;12;10;11;10;10;10;9;10;8;11;8;11;9;11;10;11;11;11;12;11;13;11;14;12;14;12;13;12;12;12;11;12;10;12;9;12;8;13;8
1;2;0;10;9;10;9;11;9;12;9;13;9;14;10;14;10;13;10;12;10;11;10;10;10;9;10;8;11;8;11;9;11;10;11;11;11;12;11;13;11;14;12;14;12;13;12;12;12;11;12;10;12;9;12;8;13;8;13;9
1;2;0;10;9;11;9;12;9;13;9;14;10;14;10;13;10;12;10;11;10;10;10;9;10;8;11;8;11;9;11;10;11;11;11;12;11;13;11;14;12;14;12;13;12;12;12;11;12;10;12;9;12;8;13;8;13;9;13;10
1;2;0;10;9;12;9;13;9;14;10;14;10;13;10;12;10;11;10;10;10;9;10;8;11;8;11;9;11;10;11;11;11;12;11;13;11;14;12;14;12;13;12;12;12;11;12;10;12;9;12;8;13;8;13;9;13;10;13;11
1;2;0;10;9;13;9;14;10;14;10;13;10;12;10;11;10;10;10;9;10;8;11;8;11;9;11;10;11;11;11;12;11;13;11;14;12;14;12;13;12;12;12;11;12;10;12;9;12;8;13;8;13;9;13;10;13;11;13;12
1;2;0;10;9;14;10;14;10;13;10;12;10;11;10;10;10;9;10;8;11;8;11;9;11;10;11;11;11;12;11;13;11;14;12;14;12;13;12;12;12;11;12;10;12;9;12;8;13;8;13;9;13;10;13;11;13;12;13;13
1;2;0;10;10;14;10;13;10;12;10;11;10;10;10;9;10;8;11;8;11;9;11;10;11;11;11;12;11;13;11;14;12;14;12;13;12;12;12;11;12;10;12;9;12;8;13;8;13;9;13;10;13;11;13;12;13;13;13;14
1;1;0;10;10;13;10;12;10;11;10;10;10;9;10;8;11;8;11;9;11;10;11;11;11;12;11;13;11;14;12;14;12;13;12;12;12;11;12;10;12;9;12;8;13;8;13;9;13;10;13;11;13;12;13;13;13;14;14;14
1;0;0;10;10;12;10;11;10;10;10;9;10;8;11;8;11;9;11;10;11;11;11;12;11;13;11;14;12;14;12;13;12;12;12;11;12;10;12;9;12;8;13;8;13;9;13;10;13;11;13;12;13;13;13;14;14;14;14;13
1;0;0;10;10;11;10;10;10;9;10;8;11;8;11;9;11;10;11;11;11;12;11;13;11;14;12;14;12;13;12;12;12;11;12;10;12;9;12;8;13;8;13;9;13;10;13;11;13;12;13;13;13;14;14;14;14;13;14;12
1;0;0;10;10;10;10;9;10;8;11;8;11;9;11;10;11;11;11;12;11;13;11;14;12;14;12;13;12;12;12;11;12;10;12;9;12;8;13;8;13;9;13;10;13;11;13;12;13;13;13;14;14;14;14;13;14;12;14;11
1;0;0;10;10;9;10;8;11;8;11;9;11;10;11;11;11;12;11;13;11;14;12;14;12;13;12;12;12;11;12;10;12;9;12;8;13;8;13;9;13;10;13;11;13;12;13;13;13;14;14;14;14;13;14;12;14;11;14;10
1;0;0;10;10;8;11;8;11;9;11;10;11;11;11;12;11;13;11;14;12;14;12;13;12;12;12;11;12;10;12;9;12;8;13;8;13;9;13;10;13;11;13;12;13;13;13;14;14;14;14;13;14;12;14;11;14;10;14;9
1;0;0;10;11;8;11;9;11;10;11;11;11;12;11;13;11;14;12;14;12;13;12;12;12;11;12;10;12;9;12;8;13;8;13;9;13;10;13;11;13;12;13;13;13;14;14;14;14;13;14;12;14;11;14;10;14;9;14;8
1;0;0;10;11;9;11;10;11;11;11;12;11;13;11;14;12;14;12;13;12;12;12;11;12;10;12;9;12;8;13;8;13;9;13;10;13;11;13;12;13;13;13;14;14;14;14;13;14;12;14;11;14;10;14;9;14;8;14;7
1;3;0;10;11;10;11;11;11;12;11;13;11;14;12;14;12;13;12;12;12;11;12;10;12;9;12;8;13;8;13;9;13;10;13;11;13;12;13;13;13;14;14;14;14;13;14;12;14;11;14;10;14;9;14;8;14;7;13;7
1;3;0;10;11;11;11;12;11;13;11;14;12;14;12;13;12;12;12;11;12;10;12;9;12;8;13;8;13;9;13;10;13;11;13;12;13;13;13;14;14;14;14;13;14;12;14;11;14;10;14;9;14;8;14;7;13;7;12;7
1;3;0;10;11;12;11;13;11;14;12;14;12;13;12;12;12;11;12;10;12;9;12;8;13;8;13;9;13;10;13;11;13;12;13;13;13;14;14;14;14;13;14;12;14;11;14;10;14;9;14;8;14;7;13;7;12;7;11;7
1;3;0;10;11;13;11;14;12;14;12;13;12;12;12;11;12;10;12;9;12;8;13;8;13;9;13;10;13;11;13;12;13;13;13;14;14;14;14;13;14;12;14;11;14;10;14;9;14;8;14;7;13;7;12;7;11;7;10;7
1;2;0;10;11;14;12;14;12;13;12;12;12;11;12;10;12;9;12;8;13;8;13;9;13;10;13;11;13;12;13;13;13;14;14;14;14;13;14;12;14;11;14;10;14;9;14;8;14;7;13;7;12;7;11;7;10;7;10;8
1;2;0;10;12;14;12;13;12;12;12;11;12;10;12;9;12;8;13;8;13;9;13;10;13;11;13;12;13;13;13;14;14;14;14;13;14;12;14;11;14;10;14;9;14;8;14;7;13;7;12;7;11;7;10;7;10;8;10;9
1;2;0;10;12;13;12;12;12;11;12;10;12;9;12;8;13;8;13;9;13;10;13;11;13;12;13;13;13;14;14;14;14;13;14;12;14;11;14;10;14;9;14;8;14;7;13;7;12;7;11;7;10;7;10;8;10;9;10;10
1;3;0;10;12;12;12;11;12;10;12;9;12;8;13;8;13;9;13;10;13;11;13;12;13;13;13;14;14;14;14;13;14;12;14;11;14;10;14;9;14;8;14;7;13;7;12;7;11;7;10;7;10;8;10;9;10;10;9;10
1;3;0;10;12;11;12;10;12;9;12;8;13;8;13;9;13;10;13;11;13;12;13;13;13;14;14;14;14;13;14;12;14;11;14;10;14;9;14;8;14;7;13;7;12;7;11;7;10;7;10;8;10;9;10;10;9;10;8;10
1;3;0;10;12;10;12;9;12;8;13;8;13;9;13;10;13;11;13;12;13;13;13;14;14;14;14;13;14;12;14;11;14;10;14;9;14;8;14;7;13;7;12;7;11;7;10;7;10;8;10;9;10;10;9;10;8;10;7;10
1;3;0;10;12;9;12;8;13;8;13;9;13;10;13;11;13;12;13;13;13;14;14;14;14;13;14;12;14;11;14;10;14;9;14;8;14;7;13;7;12;7;11;7;10;7;10;8;10;9;10;10;9;10;8;10;7;10;6;10
1;3;0;10;12;8;13;8;13;9;13;10;13;11;13;12;13;13;13;14;14;14;14;13;14;12;14;11;14;10;14;9;14;8;14;7;13;7;12;7;11;7;10;7;10;8;10;9;10;10;9;10;8;10;7;10;6;10;5;10
1;3;0;10;13;8;13;9;13;10;13;11;13;12;13;13;13;14;14;14;14;13;14;12;14;11;14;10;14;9;14;8;14;7;13;7;12;7;11;7;10;7;10;8;10;9;10;10;9;10;8;10;7;10;6;10;5;10;4;10
1;3;0;10;13;9;13;10;13;11;13;12;13;13;13;14;14;14;14;13;14;12;14;11;14;10;14;9;14;8;14;7;13;7;12;7;11;7;10;7;10;8;10;9;10;10;9;10;8;10;7;10;6;10;5;10;4;10;3;10
1;3;0;10;13;10;13;11;13;12;13;13;13;14;14;14;14;13;14;12;14;11;14;10;14;9;14;8;14;7;13;7;12;7;11;7;10;7;10;8;10;9;10;10;9;10;8;10;7;10;6;10;5;10;4;10;3;10;2;10
1;3;0;10;13;11;13;12;13;13;13;14;14;14;14;13;14;12;14;11;14;10;14;9;14;8;14;7;13;7;12;7;11;7;10;7;10;8;10;9;10;10;9;10;8;10;7;10;6;10;5;10;4;10;3;10;2;10;1;10
1;3;19;14;13;12;13;12;13;13;13;14;14;14;14;13;14;12;14;11;14;10;14;9;14;8;14;7;13;7;12;7;11;7;10;7;10;8;10;9;10;10;9;10;8;10;7;10;6;10;5;10;4;10;3;10;2;10;1;10;0;10
1;2;19;14;13;12;13;13;13;14;14;14;14;13;14;12;14;11;14;10;14;9;14;8;14;7;13;7;12;7;11;7;10;7;10;8;10;9;10;10;9;10;8;10;7;10;6;10;5;10;4;10;3;10;2;10;1;10;0;10;0;11
1;2;19;14;13;13;13;14;14;14;14;13;14;12;14;11;14;10;14;9;14;8;14;7;13;7;12;7;11;7;10;7;10;8;10;9;10;10;9;10;8;10;7;10;6;10;5;10;4;10;3;10;2;10;1;10;0;10;0;11;0;12
1;2;19;14;13;14;14;14;14;13;14;12;14;11;14;10;14;9;14;8;14;7;13;7;12;7;11;7;10;7;10;8;10;9;10;10;9;10;8;10;7;10;6;10;5;10;4;10;3;10;2;10;1;10;0;10;0;11;0;12;0;13
1;2;19;14;14;14;14;13;14;12;14;11;14;10;14;9;14;8;14;7;13;7;12;7;11;7;10;7;10;8;10;9;10;10;9;10;8;10;7;10;6;10;5;10;4;10;3;10;2;10;1;10;0;10;0;11;0;12;0;13;0;14
1;1;19;14;14;13;14;12;14;11;14;10;14;9;14;8;14;7;13;7;12;7;11;7;10;7;10;8;10;9;10;10;9;10;8;10;7;10;6;10;5;10;4;10;3;10;2;10;1;10;0;10;0;11;0;12;0;13;0;14;1;14
1;1;19;14;14;12;14;11;14;10;14;9;14;8;14;7;13;7;12;7;11;7;10;7;10;8;10;9;10;10;9;10;8;10;7;10;6;10;5;10;4;10;3;10;2;10;1;10;0;10;0;11;0;12;0;13;0;14;1;14;2;14
1;1;19;14;14;11;14;10;14;9;14;8;14;7;13;7;12;7;11;7;10;7;10;8;10;9;10;10;9;10;8;10;7;10;6;10;5;10;4;10;3;10;2;10;1;10;0;10;0;11;0;12;0;13;0;14;1;14;2;14;3;14
1;1;19;14;14;10;14;9;14;8;14;7;13;7;12;7;11;7;10;7;10;8;10;9;10;10;9;10;8;10;7;10;6;10;5;10;4;10;3;10;2;10;1;10;0;10;0;11;0;12;0;13;0;14;1;14;2;14;3;14;4;14
1;1;19;14;14;9;14;8;14;7;13;7;12;7;11;7;10;7;10;8;10;9;10;10;9;10;8;10;7;10;6;10;5;10;4;10;3;10;2;10;1;10;0;10;0;11;0;12;0;13;0;14;1;14;2;14;3;14;4;14;5;14
1;1;19;14;14;8;14;7;13;7;12;7;11;7;10;7;10;8;10;9;10;10;9;10;8;10;7;10;6;10;5;10;4;10;3;10;2;10;1;10;0;10;0;11;0;12;0;13;0;14;1;14;2;14;3;14;4;14;5;14;6;14
1;1;19;14;14;7;13;7;12;7;11;7;10;7;10;8;10;9;10;10;9;10;8;10;7;10;6;10;5;10;4;10;3;10;2;10;1;10;0;10;0;11;0;12;0;13;0;14;1;14;2;14;3;14;4;14;5;14;6;14;7;14
1;1;19;14;13;7;12;7;11;7;10;7;10;8;10;9;10;10;9;10;8;10;7;10;6;10;5;10;4;10;3;10;2;10;1;10;0;10;0;11;0;12;0;13;0;14;1;14;2;14;3;14;4;14;5;14;6;14;7;14;8;14
1;1;19;14;12;7;11;7;10;7;10;8;10;9;10;10;9;10;8;10;7;10;6;10;5;10;4;10;3;10;2;10;1;10;0;10;0;11;0;12;0;13;0;14;1;14;2;14;3;14;4;14;5;14;6;14;7;14;8;14;9;14
1;1;19;14;11;7;10;7;10;8;10;9;10;10;9;10;8;10;7;10;6;10;5;10;4;10;3;10;2;10;1;10;0;10;0;11;0;12;0;13;0;14;1;14;2;14;3;14;4;14;5;14;6;14;7;14;8;14;9;14;10;14
1;1;19;14;10;7;10;8;10;9;10;10;9;10;8;10;7;10;6;10;5;10;4;10;3;10;2;10;1;10;0;10;0;11;0;12;0;13;0;14;1;14;2;14;3;14;4;14;5;14;6;14;7;14;8;14;9;14;10;14;11;14
1;1;19;14;10;8;10;9;10;10;9;10;8;10;7;10;6;10;5;10;4;10;3;10;2;10;1;10;0;10;0;11;0;12;0;13;0;14;1;14;2;14;3;14;4;14;5;14;6;14;7;14;8;14;9;14;10;14;11;14;12;14
1;1;19;14;10;9;10;10;9;10;8;10;7;10;6;10;5;10;4;10;3;10;2;10;1;10;0;10;0;11;0;12;0;13;0;14;1;14;2;14;3;14;4;14;5;14;6;14;7;14;8;14;9;14;10;14;11;14;12;14;13;14
1;1;19;14;10;10;9;10;8;10;7;10;6;10;5;10;4;10;3;10;2;10;1;10;0;10;0;11;0;12;0;13;0;14;1;14;2;14;3;14;4;14;5;14;6;14;7;14;8;14;9;14;10;14;11;14;12;14;13;14;14;14
1;1;19;14;9;10;8;10;7;10;6;10;5;10;4;10;3;10;2;10;1;10;0;10;0;11;0;12;0;13;0;14;1;14;2;14;3;14;4;14;5;14;6;14;7;14;8;14;9;14;10;14;11;14;12;14;13;14;14;14;15;14
1;1;19;14;8;10;7;10;6;10;5;10;4;10;3;10;2;10;1;10;0;10;0;11;0;12;0;13;0;14;1;14;2;14;3;14;4;14;5;14;6;14;7;14;8;14;9;14;10;14;11;14;12;14;13;14;14;14;15;14;16;14
1;1;19;14;7;10;6;10;5;10;4;10;3;10;2;10;1;10;0;10;0;11;0;12;0;13;0;14;1;14;2;14;3;14;4;14;5;14;6;14;7;14;8;14;9;14;10;14;11;14;12;14;13;14;14;14;15;14;16;14;17;14
1;1;19;14;6;10;5;10;4;10;3;10;2;10;1;10;0;10;0;11;0;12;0;13;0;14;1;14;2;14;3;14;4;14;5;14;6;14;7;14;8;14;9;14;10;14;11;14;12;14;13;14;14;14;15;14;16;14;17;14;18;14
1;1;19;7;5;10;5;10;4;10;3;10;2;10;1;10;0;10;0;11;0;12;0;13;0;14;1;14;2;14;3;14;4;14;5;14;6;14;7;14;8;14;9;14;10;14;11;14;12;14;13;14;14;14;15;14;16;14;17;14;18;14;19;14
1;0;19;7;5;10;4;10;3;10;2;10;1;10;0;10;0;11;0;12;0;13;0;14;1;14;2;14;3;14;4;14;5;14;6;14;7;14;8;14;9;14;10;14;11;14;12;14;13;14;14;14;15;14;16;14;17;14;18;14;19;14;19;13
1;0;19;7;4;10;3;10;2;10;1;10;0;10;0;11;0;12;0;13;0;14;1;14;2;14;3;14;4;14;5;14;6;14;7;14;8;14;9;14;10;14;11;14;12;14;13;14;14;14;15;14;16;14;17;14;18;14;19;14;19;13;19;12
1;0;19;7;3;10;2;10;1;10;0;10;0;11;0;12;0;13;0;14;1;14;2;14;3;14;4;14;5;14;6;14;7;14;8;14;9;14;10;14;11;14;12;14;13;14;14;14;15;14;16;14;17;14;18;14;19;14;19;13;19;12;19;11
1;0;19;7;2;10;1;10;0;10;0;11;0;12;0;13;0;14;1;14;2;14;3;14;4;14;5;14;6;14;7;14;8;14;9;14;10;14;11;14;12;14;13;14;14;14;15;14;16;14;17;14;18;14;19;14;19;13;19;12;19;11;19;10
1;0;19;7;1;10;0;10;0;11;0;12;0;13;0;14;1;14;2;14;3;14;4;14;5;14;6;14;7;14;8;14;9;14;10;14;11;14;12;14;13;14;14;14;15;14;16;14;17;14;18;14;19;14;19;13;19;12;19;11;19;10;19;9
1;0;19;7;0;10;0;11;0;12;0;13;0;14;1;14;2;14;3;14;4;14;5;14;6;14;7;14;8;14;9;14;10;14;11;14;12;14;13;14;14;14;15;14;16;14;17;14;18;14;19;14;19;13;19;12;19;11;19;10;19;9;19;8
1;0;11;17;0;11;0;11;0;12;0;13;0;14;1;14;2;14;3;14;4;14;5;14;6;14;7;14;8;14;9;14;10;14;11;14;12;14;13;14;14;14;15;14;16;14;17;14;18;14;19;14;19;13;19;12;19;11;19;10;19;9;19;8;19;7
1;3;11;17;0;11;0;12;0;13;0;14;1;14;2;14;3;14;4;14;5;14;6;14;7;14;8;14;9;14;10;14;11;14;12;14;13;14;14;14;15;14;16;14;17;14;18;14;19;14;19;13;19;12;19;11;19;10;19;9;19;8;19;7;18;7
1;3;11;17;0;12;0;13;0;14;1;14;2;14;3;14;4;14;5;14;6;14;7;14;8;14;9;14;10;14;11;14;12;14;13;14;14;14;15;14;16;14;17;14;18;14;19;14;19;13;19;12;19;11;19;10;19;9;19;8;19;7;18;7;17;7
1;3;11;17;0;13;0;14;1;14;2;14;3;14;4;14;5;14;6;14;7;14;8;14;9;14;10;14;11;14;12;14;13;14;14;14;15;14;16;14;17;14;18;14;19;14;19;13;19;12;19;11;19;10;19;9;19;8;19;7;18;7;17;7;16;7
1;3;11;17;0;14;1;14;2;14;3;14;4;14;5;14;6;14;7;14;8;14;9;14;10;14;11;14;12;14;13;14;14;14;15;14;16;14;17;14;18;14;19;14;19;13;19;12;19;11;19;10;19;9;19;8;19;7;18;7;17;7;16;7;15;7
1;3;11;17;1;14;2;14;3;14;4;14;5;14;6;14;7;14;8;14;9;14;10;14;11;14;12;14;13;14;14;14;15;14;16;14;17;14;18;14;19;14;19;13;19;12;19;11;19;10;19;9;19;8;19;7;18;7;17;7;16;7;15;7;14;7
1;3;11;17;2;14;3;14;4;14;5;14;6;14;7;14;8;14;9;14;10;14;11;14;12;14;13;14;14;14;15;14;16;14;17;14;18;14;19;14;19;13;19;12;19;11;19;10;19;9;19;8;19;7;18;7;17;7;16;7;15;7;14;7;13;7
1;3;11;17;3;14;4;14;5;14;6;14;7;14;8;14;9;14;10;14;11;14;12;14;13;14;14;14;15;14;16;14;17;14;18;14;19;14;19;13;19;12;19;11;19;10;19;9;19;8;19;7;18;7;17;7;16;7;15;7;14;7;13;7;12;7
1;3;11;17;4;14;5;14;6;14;7;14;8;14;9;14;10;14;11;14;12;14;13;14;14;14;15;14;16;14;17;14;18;14;19;14;19;13;19;12;19;11;19;10;19;9;19;8;19;7;18;7;17;7;16;7;15;7;14;7;13;7;12;7;11;7
1;2;11;17;5;14;6;14;7;14;8;14;9;14;10;14;11;14;12;14;13;14;14;14;15;14;16;14;17;14;18;14;19;14;19;13;19;12;19;11;19;10;19;9;19;8;19;7;18;7;17;7;16;7;15;7;14;7;13;7;12;7;11;7;11;8
1;3;11;17;6;14;7;14;8;14;9;14;10;14;11;14;12;14;13;14;14;14;15;14;16;14;17;14;18;14;19;14;19;13;19;12;19;11;19;10;19;9;19;8;19;7;18;7;17;7;16;7;15;7;14;7;13;7;12;7;11;7;11;8;10;8
1;2;11;17;7;14;8;14;9;14;10;14;11;14;12;14;13;14;14;14;15;14;16;14;17;14;18;14;19;14;19;13;19;12;19;11;19;10;19;9;19;8;19;7;18;7;17;7;16;7;15;7;14;7;13;7;12;7;11;7;11;8;10;8;10;9
1;1;11;17;8;14;9;14;10;14;11;14;12;14;13;14;14;14;15;14;16;14;17;14;18;14;19;14;19;13;19;12;19;11;19;10;19;9;19;8;19;7;18;7;17;7;16;7;15;7;14;7;13;7;12;7;11;7;11;8;10;8;10;9;11;9
1;2;11;17;9;14;10;14;11;14;12;14;13;14;14;14;15;14;16;14;17;14;18;14;19;14;19;13;19;12;19;11;19;10;19;9;19;8;19;7;18;7;17;7;16;7;15;7;14;7;13;7;12;7;11;7;11;8;10;8;10;9;11;9;11;10
1;2;11;17;10;14;11;14;12;14;13;14;14;14;15;14;16;14;17;14;18;14;19;14;19;13;19;12;19;11;19;10;19;9;19;8;19;7;18;7;17;7;16;7;15;7;14;7;13;7;12;7;11;7;11;8;10;8;10;9;11;9;11;10;11;11
1;2;11;17;11;14;12;14;13;14;14;14;15;14;16;14;17;14;18;14;19;14;19;13;19;12;19;11;19;10;19;9;19;8;19;7;18;7;17;7;16;7;15;7;14;7;13;7;12;7;11;7;11;8;10;8;10;9;11;9;11;10;11;11;11;12
1;2;11;17;12;14;13;14;14;14;15;14;16;14;17;14;18;14;19;14;19;13;19;12;19;11;19;10;19;9;19;8;19;7;18;7;17;7;16;7;15;7;14;7;13;7;12;7;11;7;11;8;10;8;10;9;11;9;11;10;11;11;11;12;11;13
1;2;11;17;13;14;14;14;15;14;16;14;17;14;18;14;19;14;19;13;19;12;19;11;19;10;19;9;19;8;19;7;18;7;17;7;16;7;15;7;14;7;13;7;12;7;11;7;11;8;10;8;10;9;11;9;11;10;11;11;11;12;11;13;11;14
1;2;11;17;14;14;15;14;16;14;17;14;18;14;19;14;19;13;19;12;19;11;19;10;19;9;19;8;19;7;18;7;17;7;16;7;15;7;14;7;13;7;12;7;11;7;11;8;10;8;10;9;11;9;11;10;11;11;11;12;11;13;11;14;11;15
1;2;11;17;15;14;16;14;17;14;18;14;19;14;19;13;19;12;19;11;19;10;19;9;19;8;19;7;18;7;17;7;16;7;15;7;14;7;13;7;12;7;11;7;11;8;10;8;10;9;11;9;11;10;11;11;11;12;11;13;11;14;11;15;11;16
1;2;15;19;16;14;16;14;17;14;18;14;19;14;19;13;19;12;19;11;19;10;19;9;19;8;19;7;18;7;17;7;16;7;15;7;14;7;13;7;12;7;11;7;11;8;10;8;10;9;11;9;11;10;11;11;11;12;11;13;11;14;11;15;11;16;11;17
1;1;15;19;16;14;17;14;18;14;19;14;19;13;19;12;19;11;19;10;19;9;19;8;19;7;18;7;17;7;16;7;15;7;14;7;13;7;12;7;11;7;11;8;10;8;10;9;11;9;11;10;11;11;11;12;11;13;11;14;11;15;11;16;11;17;12;17
1;1;15;19;17;14;18;14;19;14;19;13;19;12;19;11;19;10;19;9;19;8;19;7;18;7;17;7;16;7;15;7;14;7;13;7;12;7;11;7;11;8;10;8;10;9;11;9;11;10;11;11;11;12;11;13;11;14;11;15;11;16;11;17;12;17;13;17
1;1;15;19;18;14;19;14;19;13;19;12;19;11;19;10;19;9;19;8;19;7;18;7;17;7;16;7;15;7;14;7;13;7;12;7;11;7;11;8;10;8;10;9;11;9;11;10;11;11;11;12;11;13;11;14;11;15;11;16;11;17;12;17;13;17;14;17
1;1;15;19;19;14;19;13;19;12;19;11;19;10;19;9;19;8;19;7;18;7;17;7;16;7;15;7;14;7;13;7;12;7;11;7;11;8;10;8;10;9;11;9;11;10;11;11;11;12;11;13;11;14;11;15;11;16;11;17;12;17;13;17;14;17;15;17
1;2;15;19;19;13;19;12;19;11;19;10;19;9;19;8;19;7;18;7;17;7;16;7;15;7;14;7;13;7;12;7;11;7;11;8;10;8;10;9;11;9;11;10;11;11;11;12;11;13;11;14;11;15;11;16;11;17;12;17;13;17;14;17;15;17;15;18
1;2;19;0;19;12;19;12;19;11;19;10;19;9;19;8;19;7;18;7;17;7;16;7;15;7;14;7;13;7;12;7;11;7;11;8;10;8;10;9;11;9;11;10;11;11;11;12;11;13;11;14;11;15;11;16;11;17;12;17;13;17;14;17;15;17;15;18;15;19
1;1;19;0;19;12;19;11;19;10;19;9;19;8;19;7;18;7;17;7;16;7;15;7;14;7;13;7;12;7;11;7;11;8;10;8;10;9;11;9;11;10;11;11;11;12;11;13;11;14;11;15;11;16;11;17;12;17;13;17;14;17;15;17;15;18;15;19;16;19
1;0;19;0;19;11;19;10;19;9;19;8;19;7;18;7;17;7;16;7;15;7;14;7;13;7;12;7;11;7;11;8;10;8;10;9;11;9;11;10;11;11;11;12;11;13;11;14;11;15;11;16;11;17;12;17;13;17;14;17;15;17;15;18;15;19;16;19;16;18
1;0;19;0;19;10;19;9;19;8;19;7;18;7;17;7;16;7;15;7;14;7;13;7;12;7;11;7;11;8;10;8;10;9;11;9;11;10;11;11;11;12;11;13;11;14;11;15;11;16;11;17;12;17;13;17;14;17;15;17;15;18;15;19;16;19;16;18;16;17
1;0;19;0;19;9;19;8;19;7;18;7;17;7;16;7;15;7;14;7;13;7;12;7;11;7;11;8;10;8;10;9;11;9;11;10;11;11;11;12;11;13;11;14;11;15;11;16;11;17;12;17;13;17;14;17;15;17;15;18;15;19;16;19;16;18;16;17;16;16
1;0;19;0;19;8;19;7;18;7;17;7;16;7;15;7;14;7;13;7;12;7;11;7;11;8;10;8;10;9;11;9;11;10;11;11;11;12;11;13;11;14;11;15;11;16;11;17;12;17;13;17;14;17;15;17;15;18;15;19;16;19;16;18;16;17;16;16;16;15
1;0;19;0;19;7;18;7;17;7;16;7;15;7;14;7;13;7;12;7;11;7;11;8;10;8;10;9;11;9;11;10;11;11;11;12;11;13;11;14;11;15;11;16;11;17;12;17;13;17;14;17;15;17;15;18;15;19;16;19;16;18;16;17;16;16;16;15;16;14
1;0;19;0;18;7;17;7;16;7;15;7;14;7;13;7;12;7;11;7;11;8;10;8;10;9;11;9;11;10;11;11;11;12;11;13;11;14;11;15;11;16;11;17;12;17;13;17;14;17;15;17;15;18;15;19;16;19;16;18;16;17;16;16;16;15;16;14;16;13
1;0;19;0;17;7;16;7;15;7;14;7;13;7;12;7;11;7;11;8;10;8;10;9;11;9;11;10;11;11;11;12;11;13;11;14;11;15;11;16;11;17;12;17;13;17;14;17;15;17;15;18;15;19;16;19;16;18;16;17;16;16;16;15;16;14;16;13;16;12
1;0;19;0;16;7;15;7;14;7;13;7;12;7;11;7;11;8;10;8;10;9;11;9;11;10;11;11;11;12;11;13;11;14;11;15;11;16;11;17;12;17;13;17;14;17;15;17;15;18;15;19;16;19;16;18;16;17;16;16;16;15;16;14;16;13;16;12;16;11
1;0;19;0;15;7;14;7;13;7;12;7;11;7;11;8;10;8;10;9;11;9;11;10;11;11;11;12;11;13;11;14;11;15;11;16;11;17;12;17;13;17;14;17;15;17;15;18;15;19;16;19;16;18;16;17;16;16;16;15;16;14;16;13;16;12;16;11;16;10
1;0;19;0;14;7;13;7;12;7;11;7;11;8;10;8;10;9;11;9;11;10;11;11;11;12;11;13;11;14;11;15;11;16;11;17;12;17;13;17;14;17;15;17;15;18;15;19;16;19;16;18;16;17;16;16;16;15;16;14;16;13;16;12;16;11;16;10;16;9
1;0;19;0;13;7;12;7;11;7;11;8;10;8;10;9;11;9;11;10;11;11;11;12;11;13;11;14;11;15;11;16;11;17;12;17;13;17;14;17;15;17;15;18;15;19;16;19;16;18;16;17;16;16;16;15;16;14;16;13;16;12;16;11;16;10;16;9;16;8
1;0;19;0;12;7;11;7;11;8;10;8;10;9;11;9;11;10;11;11;11;12;11;13;11;14;11;15;11;16;11;17;12;17;13;17;14;17;15;17;15;18;15;19;16;19;16;18;16;17;16;16;16;15;16;14;16;13;16;12;16;11;16;10;16;9;16;8;16;7
1;0;19;0;11;7;11;8;10;8;10;9;11;9;11;10;11;11;11;12;11;13;11;14;11;15;11;16;11;17;12;17;13;17;14;17;15;17;15;18;15;19;16;19;16;18;16;17;16;16;16;15;16;14;16;13;16;12;16;11;16;10;16;9;16;8;16;7;16;6
1;1;19;0;11;8;10;8;10;9;11;9;11;10;11;11;11;12;11;13;11;14;11;15;11;16;11;17;12;17;13;17;14;17;15;17;15;18;15;19;16;19;16;18;16;17;16;16;16;15;16;14;16;13;16;12;16;11;16;10;16;9;16;8;16;7;16;6;17;6
1;2;19;0;10;8;10;9;11;9;11;10;11;11;11;12;11;13;11;14;11;15;11;16;11;17;12;17;13;17;14;17;15;17;15;18;15;19;16;19;16;18;16;17;16;16;16;15;16;14;16;13;16;12;16;11;16;10;16;9;16;8;16;7;16;6;17;6;17;7
1;2;19;0;10;9;11;9;11;10;11;11;11;12;11;13;11;14;11;15;11;16;11;17;12;17;13;17;14;17;15;17;15;18;15;19;16;19;16;18;16;17;16;16;16;15;16;14;16;13;16;12;16;11;16;10;16;9;16;8;16;7;16;6;17;6;17;7;17;8
1;2;19;0;11;9;11;10;11;11;11;12;11;13;11;14;11;15;11;16;11;17;12;17;13;17;14;17;15;17;15;18;15;19;16;19;16;18;16;17;16;16;16;15;16;14;16;13;16;12;16;11;16;10;16;9;16;8;16;7;16;6;17;6;17;7;17;8;17;9
1;2;19;0;11;10;11;11;11;12;11;13;11;14;11;15;11;16;11;17;12;17;13;17;14;17;15;17;15;18;15;19;16;19;16;18;16;17;16;16;16;15;16;14;16;13;16;12;16;11;16;10;16;9;16;8;16;7;16;6;17;6;17;7;17;8;17;9;17;10
1;2;19;0;11;11;11;12;11;13;11;14;11;15;11;16;11;17;12;17;13;17;14;17;15;17;15;18;15;19;16;19;16;18;16;17;16;16;16;15;16;14;16;13;16;12;16;11;16;10;16;9;16;8;16;7;16;6;17;6;17;7;17;8;17;9;17;10;17;11
1;2;19;0;11;12;11;13;11;14;11;15;11;16;11;17;12;17;13;17;14;17;15;17;15;18;15;19;16;19;16;18;16;17;16;16;16;15;16;14;16;13;16;12;16;11;16;10;16;9;16;8;16;7;16;6;17;6;17;7;17;8;17;9;17;10;17;11;17;12
1;2;19;0;11;13;11;14;11;15;11;16;11;17;12;17;13;17;14;17;15;17;15;18;15;19;16;19;16;18;16;17;16;16;16;15;16;14;16;13;16;12;16;11;16;10;16;9;16;8;16;7;16;6;17;6;17;7;17;8;17;9;17;10;17;11;17;12;17;13
1;2;19;0;11;14;11;15;11;16;11;17;12;17;13;17;14;17;15;17;15;18;15;19;16;19;16;18;16;17;16;16;16;15;16;14;16;13;16;12;16;11;16;10;16;9;16;8;16;7;16;6;17;6;17;7;17;8;17;9;17;10;17;11;17;12;17;13;17;14
1;2;19;0;11;15;11;16;11;17;12;17;13;17;14;17;15;17;15;18;15;19;16;19;16;18;16;17;16;16;16;15;16;14;16;13;16;12;16;11;16;10;16;9;16;8;16;7;16;6;17;6;17;7;17;8;17;9;17;10;17;11;17;12;17;13;17;14;17;15
1;2;19;0;11;16;11;17;12;17;13;17;14;17;15;17;15;18;15;19;16;19;16;18;16;17;16;16;16;15;16;14;16;13;16;12;16;11;16;10;16;9;16;8;16;7;16;6;17;6;17;7;17;8;17;9;17;10;17;11;17;12;17;13;17;14;17;15;17;16
1;2;19;0;11;17;12;17;13;17;14;17;15;17;15;18;15;19;16;19;16;18;16;17;16;16;16;15;16;14;16;13;16;12;16;11;16;10;16;9;16;8;16;7;16;6;17;6;17;7;17;8;17;9;17;10;17;11;17;12;17;13;17;14;17;15;17;16;17;17
1;2;19;0;12;17;13;17;14;17;15;17;15;18;15;19;16;19;16;18;16;17;16;16;16;15;16;14;16;13;16;12;16;11;16;10;16;9;16;8;16;7;16;6;17;6;17;7;17;8;17;9;17;10;17;11;17;12;17;13;17;14;17;15;17;16;17;17;17;18
1;2;19;0;13;17;14;17;15;17;15;18;15;19;16;19;16;18;16;17;16;16;16;15;16;14;16;13;16;12;16;11;16;10;16;9;16;8;16;7;16;6;17;6;17;7;17;8;17;9;17;10;17;11;17;12;17;13;17;14;17;15;17;16;17;17;17;18;17;19
1;1;19;0;14;17;15;17;15;18;15;19;16;19;16;18;16;17;16;16;16;15;16;14;16;13;16;12;16;11;16;10;16;9;16;8;16;7;16;6;17;6;17;7;17;8;17;9;17;10;17;11;17;12;17;13;17;14;17;15;17;16;17;17;17;18;17;19;18;19
1;0;19;0;15;17;15;18;15;19;16;19;16;18;16;17;16;16;16;15;16;14;16;13;16;12;16;11;16;10;16;9;16;8;16;7;16;6;17;6;17;7;17;8;17;9;17;10;17;11;17;12;17;13;17;14;17;15;17;16;17;17;17;18;17;19;18;19;18;18
1;0;19;0;15;18;15;19;16;19;16;18;16;17;16;16;16;15;16;14;16;13;16;12;16;11;16;10;16;9;16;8;16;7;16;6;17;6;17;7;17;8;17;9;17;10;17;11;17;12;17;13;17;14;17;15;17;16;17;17;17;18;17;19;18;19;18;18;18;17
1;0;19;0;15;19;16;19;16;18;16;17;16;16;16;15;16;14;16;13;16;12;16;11;16;10;16;9;16;8;16;7;16;6;17;6;17;7;17;8;17;9;17;10;17;11;17;12;17;13;17;14;17;15;17;16;17;17;17;18;17;19;18;19;18;18;18;17;18;16
1;0;19;0;16;19;16;18;16;17;16;16;16;15;16;14;16;13;16;12;16;11;16;10;16;9;16;8;16;7;16;6;17;6;17;7;17;8;17;9;17;10;17;11;17;12;17;13;17;14;17;15;17;16;17;17;17;18;17;19;18;19;18;18;18;17;18;16;18;15
1;0;19;0;16;18;16;17;16;16;16;15;16;14;16;13;16;12;16;11;16;10;16;9;16;8;16;7;16;6;17;6;17;7;17;8;17;9;17;10;17;11;17;12;17;13;17;14;17;15;17;16;17;17;17;18;17;19;18;19;18;18;18;17;18;16;18;15;18;14
1;0;19;0;16;17;16;16;16;15;16;14;16;13;16;12;16;11;16;10;16;9;16;8;16;7;16;6;17;6;17;7;17;8;17;9;17;10;17;11;17;12;17;13;17;14;17;15;17;16;17;17;17;18;17;19;18;19;18;18;18;17;18;16;18;15;18;14;18;13
1;0;19;0;16;16;16;15;16;14;16;13;16;12;16;11;16;10;16;9;16;8;16;7;16;6;17;6;17;7;17;8;17;9;17;10;17;11;17;12;17;13;17;14;17;15;17;16;17;17;17;18;17;19;18;19;18;18;18;17;18;16;18;15;18;14;18;13;18;12
1;0;19;0;16;15;16;14;16;13;16;12;16;11;16;10;16;9;16;8;16;7;16;6;17;6;17;7;17;8;17;9;17;10;17;11;17;12;17;13;17;14;17;15;17;16;17;17;17;18;17;19;18;19;18;18;18;17;18;16;18;15;18;14;18;13;18;12;18;11
1;0;19;0;16;14;16;13;16;12;16;11;16;10;16;9;16;8;16;7;16;6;17;6;17;7;17;8;17;9;17;10;17;11;17;12;17;13;17;14;17;15;17;16;17;17;17;18;17;19;18;19;18;18;18;17;18;16;18;15;18;14;18;13;18;12;18;11;18;10
1;0;19;0;16;13;16;12;16;11;16;10;16;9;16;8;16;7;16;6;17;6;17;7;17;8;17;9;17;10;17;11;17;12;17;13;17;14;17;15;17;16;17;17;17;18;17;19;18;19;18;18;18;17;18;16;18;15;18;14;18;13;18;12;18;11;18;10;18;9
1;0;19;0;16;12;16;11;16;10;16;9;16;8;16;7;16;6;17;6;17;7;17;8;17;9;17;10;17;11;17;12;17;13;17;14;17;15;17;16;17;17;17;18;17;19;18;19;18;18;18;17;18;16;18;15;18;14;18;13;18;12;18;11;18;10;18;9;18;8
1;0;19;0;16;11;16;10;16;9;16;8;16;7;16;6;17;6;17;7;17;8;17;9;17;10;17;11;17;12;17;13;17;14;17;15;17;16;17;17;17;18;17;19;18;19;18;18;18;17;18;16;18;15;18;14;18;13;18;12;18;11;18;10;18;9;18;8;18;7
1;0;19;0;16;10;16;9;16;8;16;7;16;6;17;6;17;7;17;8;17;9;17;10;17;11;17;12;17;13;17;14;17;15;17;16;17;17;17;18;17;19;18;19;18;18;18;17;18;16;18;15;18;14;18;13;18;12;18;11;18;10;18;9;18;8;18;7;18;6
1;0;19;0;16;9;16;8;16;7;16;6;17;6;17;7;17;8;17;9;17;10;17;11;17;12;17;13;17;14;17;15;17;16;17;17;17;18;17;19;18;19;18;18;18;17;18;16;18;15;18;14;18;13;18;12;18;11;18;10;18;9;18;8;18;7;18;6;18;5
1;1;19;0;16;8;16;7;16;6;17;6;17;7;17;8;17;9;17;10;17;11;17;12;17;13;17;14;17;15;17;16;17;17;17;18;17;19;18;19;18;18;18;17;18;16;18;15;18;14;18;13;18;12;18;11;18;10;18;9;18;8;18;7;18;6;18;5;19;5
1;2;19;0;16;7;16;6;17;6;17;7;17;8;17;9;17;10;17;11;17;12;17;13;17;14;17;15;17;16;17;17;17;18;17;19;18;19;18;18;18;17;18;16;18;15;18;14;18;13;18;12;18;11;18;10;18;9;18;8;18;7;18;6;18;5;19;5;19;6
1;2;19;0;16;6;17;6;17;7;17;8;17;9;17;10;17;11;17;12;17;13;17;14;17;15;17;16;17;17;17;18;17;19;18;19;18;18;18;17;18;16;18;15;18;14;18;13;18;12;18;11;18;10;18;9;18;8;18;7;18;6;18;5;19;5;19;6;19;7
1;2;19;0;17;6;17;7;17;8;17;9;17;10;17;11;17;12;17;13;17;14;17;15;17;16;17;17;17;18;17;19;18;19;18;18;18;17;18;16;18;15;18;14;18;13;18;12;18;11;18;10;18;9;18;8;18;7;18;6;18;5;19;5;19;6;19;7;19;8
1;2;19;0;17;7;17;8;17;9;17;10;17;11;17;12;17;13;17;14;17;15;17;16;17;17;17;18;17;19;18;19;18;18;18;17;18;16;18;15;18;14;18;13;18;12;18;11;18;10;18;9;18;8;18;7;18;6;18;5;19;5;19;6;19;7;19;8;19;9
1;2;19;0;17;8;17;9;17;10;17;11;17;12;17;13;17;14;17;15;17;16;17;17;17;18;17;19;18;19;18;18;18;17;18;16;18;15;18;14;18;13;18;12;18;11;18;10;18;9;18;8;18;7;18;6;18;5;19;5;19;6;19;7;19;8;19;9;19;10
1;2;19;0;17;9;17;10;17;11;17;12;17;13;17;14;17;15;17;16;17;17;17;18;17;19;18;19;18;18;18;17;18;16;18;15;18;14;18;13;18;12;18;11;18;10;18;9;18;8;18;7;18;6;18;5;19;5;19;6;19;7;19;8;19;9;19;10;19;11
1;2;19;0;17;10;17;11;17;12;17;13;17;14;17;15;17;16;17;17;17;18;17;19;18;19;18;18;18;17;18;16;18;15;18;14;18;13;18;12;18;11;18;10;18;9;18;8;18;7;18;6;18;5;19;5;19;6;19;7;19;8;19;9;19;10;19;11;19;12
1;2;19;0;17;11;17;12;17;13;17;14;17;15;17;16;17;17;17;18;17;19;18;19;18;18;18;17;18;16;18;15;18;14;18;13;18;12;18;11;18;10;18;9;18;8;18;7;18;6;18;5;19;5;19;6;19;7;19;8;19;9;19;10;19;11;19;12;19;13
1;2;19;0;17;12;17;13;17;14;17;15;17;16;17;17;17;18;17;19;18;19;18;18;18;17;18;16;18;15;18;14;18;13;18;12;18;11;18;10;18;9;18;8;18;7;18;6;18;5;19;5;19;6;19;7;19;8;19;9;19;10;19;11;19;12;19;13;19;14
