20
1;1;9;9;8;10;9;10;10;10
1;0;9;9;9;10;10;10;10;9
1;3;11;18;10;10;10;10;10;9;9;9
1;2;11;18;10;10;10;9;9;9;9;10
1;1;11;18;10;9;9;9;9;10;10;10
1;1;11;18;9;9;9;10;10;10;11;10
1;2;11;18;9;10;10;10;11;10;11;11
1;2;11;18;10;10;11;10;11;11;11;12
1;2;11;18;11;10;11;11;11;12;11;13
1;2;11;18;11;11;11;12;11;13;11;14
1;2;11;18;11;12;11;13;11;14;11;15
1;2;11;18;11;13;11;14;11;15;11;16
1;2;11;18;11;14;11;15;11;16;11;17
1;2;17;0;11;15;11;15;11;16;11;17;11;18
1;1;17;0;11;15;11;16;11;17;11;18;12;18
1;1;17;0;11;16;11;17;11;18;12;18;13;18
1;1;17;0;11;17;11;18;12;18;13;18;14;18
1;1;17;0;11;18;12;18;13;18;14;18;15;18
1;1;17;0;12;18;13;18;14;18;15;18;16;18
1;1;17;0;13;18;14;18;15;18;16;18;17;18
1;0;17;0;14;18;15;18;16;18;17;18;17;17
1;0;17;0;15;18;16;18;17;18;17;17;17;16
1;0;17;0;16;18;17;18;17;17;17;16;17;15
1;0;17;0;17;18;17;17;17;16;17;15;17;14
1;0;17;0;17;17;17;16;17;15;17;14;17;13
1;0;17;0;17;16;17;15;17;14;17;13;17;12
1;0;17;0;17;15;17;14;17;13;17;12;17;11
1;0;17;0;17;14;17;13;17;12;17;11;17;10
1;0;17;0;17;13;17;12;17;11;17;10;17;9
1;0;17;0;17;12;17;11;17;10;17;9;17;8
1;0;17;0;17;11;17;10;17;9;17;8;17;7
1;0;17;0;17;10;17;9;17;8;17;7;17;6
1;0;17;0;17;9;17;8;17;7;17;6;17;5
1;0;17;0;17;8;17;7;17;6;17;5;17;4
1;0;17;0;17;7;17;6;17;5;17;4;17;3
1;0;17;0;17;6;17;5;17;4;17;3;17;2
1;0;17;0;17;5;17;4;17;3;17;2;17;1
1;0;8;13;17;4;17;4;17;3;17;2;17;1;17;0
1;3;8;13;17;4;17;3;17;2;17;1;17;0;16;0
1;3;8;13;17;3;17;2;17;1;17;0;16;0;15;0
1;3;8;13;17;2;17;1;17;0;16;0;15;0;14;0
1;3;8;13;17;1;17;0;16;0;15;0;14;0;13;0
1;3;8;13;17;0;16;0;15;0;14;0;13;0;12;0
1;3;8;13;16;0;15;0;14;0;13;0;12;0;11;0
1;3;8;13;15;0;14;0;13;0;12;0;11;0;10;0
1;3;8;13;14;0;13;0;12;0;11;0;10;0;9;0
1;3;8;13;13;0;12;0;11;0;10;0;9;0;8;0
1;2;8;13;12;0;11;0;10;0;9;0;8;0;8;1
1;2;8;13;11;0;10;0;9;0;8;0;8;1;8;2
1;2;8;13;10;0;9;0;8;0;8;1;8;2;8;3
1;2;8;13;9;0;8;0;8;1;8;2;8;3;8;4
1;2;8;13;8;0;8;1;8;2;8;3;8;4;8;5
1;2;8;13;8;1;8;2;8;3;8;4;8;5;8;6
1;2;8;13;8;2;8;3;8;4;8;5;8;6;8;7
1;2;8;13;8;3;8;4;8;5;8;6;8;7;8;8
1;2;8;13;8;4;8;5;8;6;8;7;8;8;8;9
1;2;8;13;8;5;8;6;8;7;8;8;8;9;8;10
1;2;8;13;8;6;8;7;8;8;8;9;8;10;8;11
1;2;8;13;8;7;8;8;8;9;8;10;8;11;8;12
1;2;3;0;8;8;8;8;8;9;8;10;8;11;8;12;8;13
1;3;3;0;8;8;8;9;8;10;8;11;8;12;8;13;7;13
1;0;3;0;8;9;8;10;8;11;8;12;8;13;7;13;7;12
1;0;3;0;8;10;8;11;8;12;8;13;7;13;7;12;7;11
1;0;3;0;8;11;8;12;8;13;7;13;7;12;7;11;7;10
1;3;3;0;8;12;8;13;7;13;7;12;7;11;7;10;6;10
1;3;3;0;8;13;7;13;7;12;7;11;7;10;6;10;5;10
1;3;3;0;7;13;7;12;7;11;7;10;6;10;5;10;4;10
1;3;3;0;7;12;7;11;7;10;6;10;5;10;4;10;3;10
1;0;3;0;7;11;7;10;6;10;5;10;4;10;3;10;3;9
1;0;3;0;7;10;6;10;5;10;4;10;3;10;3;9;3;8
1;0;3;0;6;10;5;10;4;10;3;10;3;9;3;8;3;7
1;0;3;0;5;10;4;10;3;10;3;9;3;8;3;7;3;6
1;0;3;0;4;10;3;10;3;9;3;8;3;7;3;6;3;5
1;0;3;0;3;10;3;9;3;8;3;7;3;6;3;5;3;4
1;0;3;0;3;9;3;8;3;7;3;6;3;5;3;4;3;3
1;0;3;0;3;8;3;7;3;6;3;5;3;4;3;3;3;2
1;0;3;0;3;7;3;6;3;5;3;4;3;3;3;2;3;1
1;0;4;14;3;6;3;6;3;5;3;4;3;3;3;2;3;1;3;0
1;1;4;14;3;6;3;5;3;4;3;3;3;2;3;1;3;0;4;0
1;2;4;14;3;5;3;4;3;3;3;2;3;1;3;0;4;0;4;1
1;2;4;14;3;4;3;3;3;2;3;1;3;0;4;0;4;1;4;2
1;2;4;14;3;3;3;2;3;1;3;0;4;0;4;1;4;2;4;3
1;2;4;14;3;2;3;1;3;0;4;0;4;1;4;2;4;3;4;4
1;2;4;14;3;1;3;0;4;0;4;1;4;2;4;3;4;4;4;5
1;2;4;14;3;0;4;0;4;1;4;2;4;3;4;4;4;5;4;6
1;2;4;14;4;0;4;1;4;2;4;3;4;4;4;5;4;6;4;7
1;2;4;14;4;1;4;2;4;3;4;4;4;5;4;6;4;7;4;8
1;2;4;14;4;2;4;3;4;4;4;5;4;6;4;7;4;8;4;9
1;2;4;14;4;3;4;4;4;5;4;6;4;7;4;8;4;9;4;10
1;2;4;14;4;4;4;5;4;6;4;7;4;8;4;9;4;10;4;11
1;2;4;14;4;5;4;6;4;7;4;8;4;9;4;10;4;11;4;12
1;2;4;14;4;6;4;7;4;8;4;9;4;10;4;11;4;12;4;13
1;2;8;8;4;7;4;7;4;8;4;9;4;10;4;11;4;12;4;13;4;14
1;1;8;8;4;7;4;8;4;9;4;10;4;11;4;12;4;13;4;14;5;14
1;1;8;8;4;8;4;9;4;10;4;11;4;12;4;13;4;14;5;14;6;14
1;1;8;8;4;9;4;10;4;11;4;12;4;13;4;14;5;14;6;14;7;14
1;1;8;8;4;10;4;11;4;12;4;13;4;14;5;14;6;14;7;14;8;14
1;0;8;8;4;11;4;12;4;13;4;14;5;14;6;14;7;14;8;14;8;13
1;0;8;8;4;12;4;13;4;14;5;14;6;14;7;14;8;14;8;13;8;12
1;0;8;8;4;13;4;14;5;14;6;14;7;14;8;14;8;13;8;12;8;11
1;0;8;8;4;14;5;14;6;14;7;14;8;14;8;13;8;12;8;11;8;10
1;0;8;8;5;14;6;14;7;14;8;14;8;13;8;12;8;11;8;10;8;9
1;0;7;9;6;14;6;14;7;14;8;14;8;13;8;12;8;11;8;10;8;9;8;8
1;3;7;9;6;14;7;14;8;14;8;13;8;12;8;11;8;10;8;9;8;8;7;8
1;2;1;13;7;14;7;14;8;14;8;13;8;12;8;11;8;10;8;9;8;8;7;8;7;9
1;2;1;13;7;14;8;14;8;13;8;12;8;11;8;10;8;9;8;8;7;8;7;9;7;10
1;2;1;13;8;14;8;13;8;12;8;11;8;10;8;9;8;8;7;8;7;9;7;10;7;11
1;2;1;13;8;13;8;12;8;11;8;10;8;9;8;8;7;8;7;9;7;10;7;11;7;12
1;2;1;13;8;12;8;11;8;10;8;9;8;8;7;8;7;9;7;10;7;11;7;12;7;13
1;3;1;13;8;11;8;10;8;9;8;8;7;8;7;9;7;10;7;11;7;12;7;13;6;13
1;3;1;13;8;10;8;9;8;8;7;8;7;9;7;10;7;11;7;12;7;13;6;13;5;13
1;3;1;13;8;9;8;8;7;8;7;9;7;10;7;11;7;12;7;13;6;13;5;13;4;13
1;3;1;13;8;8;7;8;7;9;7;10;7;11;7;12;7;13;6;13;5;13;4;13;3;13
1;3;1;13;7;8;7;9;7;10;7;11;7;12;7;13;6;13;5;13;4;13;3;13;2;13
1;3;5;6;7;9;7;9;7;10;7;11;7;12;7;13;6;13;5;13;4;13;3;13;2;13;1;13
1;0;5;6;7;9;7;10;7;11;7;12;7;13;6;13;5;13;4;13;3;13;2;13;1;13;1;12
1;1;5;6;7;10;7;11;7;12;7;13;6;13;5;13;4;13;3;13;2;13;1;13;1;12;2;12
1;1;5;6;7;11;7;12;7;13;6;13;5;13;4;13;3;13;2;13;1;13;1;12;2;12;3;12
1;1;5;6;7;12;7;13;6;13;5;13;4;13;3;13;2;13;1;13;1;12;2;12;3;12;4;12
1;1;5;6;7;13;6;13;5;13;4;13;3;13;2;13;1;13;1;12;2;12;3;12;4;12;5;12
1;0;5;6;6;13;5;13;4;13;3;13;2;13;1;13;1;12;2;12;3;12;4;12;5;12;5;11
1;0;5;6;5;13;4;13;3;13;2;13;1;13;1;12;2;12;3;12;4;12;5;12;5;11;5;10
1;0;5;6;4;13;3;13;2;13;1;13;1;12;2;12;3;12;4;12;5;12;5;11;5;10;5;9
1;0;5;6;3;13;2;13;1;13;1;12;2;12;3;12;4;12;5;12;5;11;5;10;5;9;5;8
1;0;5;6;2;13;1;13;1;12;2;12;3;12;4;12;5;12;5;11;5;10;5;9;5;8;5;7
1;0;4;17;1;13;1;13;1;12;2;12;3;12;4;12;5;12;5;11;5;10;5;9;5;8;5;7;5;6
1;3;4;17;1;13;1;12;2;12;3;12;4;12;5;12;5;11;5;10;5;9;5;8;5;7;5;6;4;6
1;2;4;17;1;12;2;12;3;12;4;12;5;12;5;11;5;10;5;9;5;8;5;7;5;6;4;6;4;7
1;2;4;17;2;12;3;12;4;12;5;12;5;11;5;10;5;9;5;8;5;7;5;6;4;6;4;7;4;8
1;2;4;17;3;12;4;12;5;12;5;11;5;10;5;9;5;8;5;7;5;6;4;6;4;7;4;8;4;9
1;2;4;17;4;12;5;12;5;11;5;10;5;9;5;8;5;7;5;6;4;6;4;7;4;8;4;9;4;10
1;2;4;17;5;12;5;11;5;10;5;9;5;8;5;7;5;6;4;6;4;7;4;8;4;9;4;10;4;11
1;2;4;17;5;11;5;10;5;9;5;8;5;7;5;6;4;6;4;7;4;8;4;9;4;10;4;11;4;12
1;2;4;17;5;10;5;9;5;8;5;7;5;6;4;6;4;7;4;8;4;9;4;10;4;11;4;12;4;13
1;2;4;17;5;9;5;8;5;7;5;6;4;6;4;7;4;8;4;9;4;10;4;11;4;12;4;13;4;14
1;2;4;17;5;8;5;7;5;6;4;6;4;7;4;8;4;9;4;10;4;11;4;12;4;13;4;14;4;15
1;2;4;17;5;7;5;6;4;6;4;7;4;8;4;9;4;10;4;11;4;12;4;13;4;14;4;15;4;16
1;2;0;19;5;6;5;6;4;6;4;7;4;8;4;9;4;10;4;11;4;12;4;13;4;14;4;15;4;16;4;17
1;2;0;19;5;6;4;6;4;7;4;8;4;9;4;10;4;11;4;12;4;13;4;14;4;15;4;16;4;17;4;18
1;2;0;19;4;6;4;7;4;8;4;9;4;10;4;11;4;12;4;13;4;14;4;15;4;16;4;17;4;18;4;19
1;3;0;19;4;7;4;8;4;9;4;10;4;11;4;12;4;13;4;14;4;15;4;16;4;17;4;18;4;19;3;19
1;3;0;19;4;8;4;9;4;10;4;11;4;12;4;13;4;14;4;15;4;16;4;17;4;18;4;19;3;19;2;19
1;3;0;19;4;9;4;10;4;11;4;12;4;13;4;14;4;15;4;16;4;17;4;18;4;19;3;19;2;19;1;19
1;0;0;19;4;10;4;11;4;12;4;13;4;14;4;15;4;16;4;17;4;18;4;19;3;19;2;19;1;19;1;18
1;0;0;19;4;11;4;12;4;13;4;14;4;15;4;16;4;17;4;18;4;19;3;19;2;19;1;19;1;18;1;17
1;0;0;19;4;12;4;13;4;14;4;15;4;16;4;17;4;18;4;19;3;19;2;19;1;19;1;18;1;17;1;16
1;0;0;19;4;13;4;14;4;15;4;16;4;17;4;18;4;19;3;19;2;19;1;19;1;18;1;17;1;16;1;15
1;0;0;19;4;14;4;15;4;16;4;17;4;18;4;19;3;19;2;19;1;19;1;18;1;17;1;16;1;15;1;14
1;0;0;19;4;15;4;16;4;17;4;18;4;19;3;19;2;19;1;19;1;18;1;17;1;16;1;15;1;14;1;13
1;3;0;19;4;16;4;17;4;18;4;19;3;19;2;19;1;19;1;18;1;17;1;16;1;15;1;14;1;13;0;13
1;2;0;19;4;17;4;18;4;19;3;19;2;19;1;19;1;18;1;17;1;16;1;15;1;14;1;13;0;13;0;14
1;2;0;19;4;18;4;19;3;19;2;19;1;19;1;18;1;17;1;16;1;15;1;14;1;13;0;13;0;14;0;15
1;2;0;19;4;19;3;19;2;19;1;19;1;18;1;17;1;16;1;15;1;14;1;13;0;13;0;14;0;15;0;16
1;2;0;19;3;19;2;19;1;19;1;18;1;17;1;16;1;15;1;14;1;13;0;13;0;14;0;15;0;16;0;17
1;2;0;19;2;19;1;19;1;18;1;17;1;16;1;15;1;14;1;13;0;13;0;14;0;15;0;16;0;17;0;18
1;2;19;18;1;19;1;19;1;18;1;17;1;16;1;15;1;14;1;13;0;13;0;14;0;15;0;16;0;17;0;18;0;19
