20
1;1;9;5;8;10;9;10;10;10
1;0;9;5;9;10;10;10;10;9
1;3;9;5;10;10;10;9;9;9
1;0;9;5;10;9;9;9;9;8
1;0;9;5;9;9;9;8;9;7
1;0;9;5;9;8;9;7;9;6
1;0;15;14;9;7;9;7;9;6;9;5
1;1;15;14;9;7;9;6;9;5;10;5
1;1;15;14;9;6;9;5;10;5;11;5
1;1;15;14;9;5;10;5;11;5;12;5
1;1;15;14;10;5;11;5;12;5;13;5
1;1;15;14;11;5;12;5;13;5;14;5
1;1;15;14;12;5;13;5;14;5;15;5
1;2;15;14;13;5;14;5;15;5;15;6
1;2;15;14;14;5;15;5;15;6;15;7
1;2;15;14;15;5;15;6;15;7;15;8
1;2;15;14;15;6;15;7;15;8;15;9
1;2;15;14;15;7;15;8;15;9;15;10
1;2;15;14;15;8;15;9;15;10;15;11
1;2;15;14;15;9;15;10;15;11;15;12
1;2;15;14;15;10;15;11;15;12;15;13
1;2;13;19;15;11;15;11;15;12;15;13;15;14
1;3;13;19;15;11;15;12;15;13;15;14;14;14
1;3;13;19;15;12;15;13;15;14;14;14;13;14
1;2;13;19;15;13;15;14;14;14;13;14;13;15
1;2;13;19;15;14;14;14;13;14;13;15;13;16
1;2;13;19;14;14;13;14;13;15;13;16;13;17
1;2;13;19;13;14;13;15;13;16;13;17;13;18
1;2;19;19;13;15;13;15;13;16;13;17;13;18;13;19
1;1;19;19;13;15;13;16;13;17;13;18;13;19;14;19
1;1;19;19;13;16;13;17;13;18;13;19;14;19;15;19
1;1;19;19;13;17;13;18;13;19;14;19;15;19;16;19
1;1;19;19;13;18;13;19;14;19;15;19;16;19;17;19
1;1;19;19;13;19;14;19;15;19;16;19;17;19;18;19
1;0;19;19;14;19;15;19;16;19;17;19;18;19;18;18
1;0;19;19;15;19;16;19;17;19;18;19;18;18;18;17
1;0;19;19;16;19;17;19;18;19;18;18;18;17;18;16
1;0;19;19;17;19;18;19;18;18;18;17;18;16;18;15
1;1;19;19;18;19;18;18;18;17;18;16;18;15;19;15
1;2;19;19;18;18;18;17;18;16;18;15;19;15;19;16
1;2;19;19;18;17;18;16;18;15;19;15;19;16;19;17
1;2;19;19;18;16;18;15;19;15;19;16;19;17;19;18
1;2;14;10;18;15;18;15;19;15;19;16;19;17;19;18;19;19
1;3;14;10;18;15;19;15;19;16;19;17;19;18;19;19;18;19
1;3;14;10;19;15;19;16;19;17;19;18;19;19;18;19;17;19
1;3;14;10;19;16;19;17;19;18;19;19;18;19;17;19;16;19
1;3;14;10;19;17;19;18;19;19;18;19;17;19;16;19;15;19
1;3;14;10;19;18;19;19;18;19;17;19;16;19;15;19;14;19
1;0;14;10;19;19;18;19;17;19;16;19;15;19;14;19;14;18
1;0;14;10;18;19;17;19;16;19;15;19;14;19;14;18;14;17
1;0;14;10;17;19;16;19;15;19;14;19;14;18;14;17;14;16
1;0;14;10;16;19;15;19;14;19;14;18;14;17;14;16;14;15
1;0;14;10;15;19;14;19;14;18;14;17;14;16;14;15;14;14
1;0;14;10;14;19;14;18;14;17;14;16;14;15;14;14;14;13
1;0;14;10;14;18;14;17;14;16;14;15;14;14;14;13;14;12
1;0;14;10;14;17;14;16;14;15;14;14;14;13;14;12;14;11
1;0;2;3;14;16;14;16;14;15;14;14;14;13;14;12;14;11;14;10
1;0;2;3;14;16;14;15;14;14;14;13;14;12;14;11;14;10;14;9
1;0;2;3;14;15;14;14;14;13;14;12;14;11;14;10;14;9;14;8
1;0;2;3;14;14;14;13;14;12;14;11;14;10;14;9;14;8;14;7
1;0;2;3;14;13;14;12;14;11;14;10;14;9;14;8;14;7;14;6
1;0;2;3;14;12;14;11;14;10;14;9;14;8;14;7;14;6;14;5
1;0;2;3;14;11;14;10;14;9;14;8;14;7;14;6;14;5;14;4
1;0;2;3;14;10;14;9;14;8;14;7;14;6;14;5;14;4;14;3
1;3;2;3;14;9;14;8;14;7;14;6;14;5;14;4;14;3;13;3
1;3;2;3;14;8;14;7;14;6;14;5;14;4;14;3;13;3;12;3
1;3;2;3;14;7;14;6;14;5;14;4;14;3;13;3;12;3;11;3
1;3;2;3;14;6;14;5;14;4;14;3;13;3;12;3;11;3;10;3
1;3;2;3;14;5;14;4;14;3;13;3;12;3;11;3;10;3;9;3
1;3;2;3;14;4;14;3;13;3;12;3;11;3;10;3;9;3;8;3
1;3;2;3;14;3;13;3;12;3;11;3;10;3;9;3;8;3;7;3
1;3;2;3;13;3;12;3;11;3;10;3;9;3;8;3;7;3;6;3
1;3;2;3;12;3;11;3;10;3;9;3;8;3;7;3;6;3;5;3
1;3;2;3;11;3;10;3;9;3;8;3;7;3;6;3;5;3;4;3
1;3;2;3;10;3;9;3;8;3;7;3;6;3;5;3;4;3;3;3
1;3;2;5;9;3;9;3;8;3;7;3;6;3;5;3;4;3;3;3;2;3
1;2;2;5;9;3;8;3;7;3;6;3;5;3;4;3;3;3;2;3;2;4
1;2;7;4;8;3;8;3;7;3;6;3;5;3;4;3;3;3;2;3;2;4;2;5
1;1;7;4;8;3;7;3;6;3;5;3;4;3;3;3;2;3;2;4;2;5;3;5
1;0;7;4;7;3;6;3;5;3;4;3;3;3;2;3;2;4;2;5;3;5;3;4
1;1;7;4;6;3;5;3;4;3;3;3;2;3;2;4;2;5;3;5;3;4;4;4
1;1;7;4;5;3;4;3;3;3;2;3;2;4;2;5;3;5;3;4;4;4;5;4
1;1;7;4;4;3;3;3;2;3;2;4;2;5;3;5;3;4;4;4;5;4;6;4
1;1;9;5;3;3;3;3;2;3;2;4;2;5;3;5;3;4;4;4;5;4;6;4;7;4
1;2;9;5;3;3;2;3;2;4;2;5;3;5;3;4;4;4;5;4;6;4;7;4;7;5
1;1;9;5;2;3;2;4;2;5;3;5;3;4;4;4;5;4;6;4;7;4;7;5;8;5
1;1;14;10;2;4;2;4;2;5;3;5;3;4;4;4;5;4;6;4;7;4;7;5;8;5;9;5
1;1;14;10;2;4;2;5;3;5;3;4;4;4;5;4;6;4;7;4;7;5;8;5;9;5;10;5
1;1;14;10;2;5;3;5;3;4;4;4;5;4;6;4;7;4;7;5;8;5;9;5;10;5;11;5
1;1;14;10;3;5;3;4;4;4;5;4;6;4;7;4;7;5;8;5;9;5;10;5;11;5;12;5
1;1;14;10;3;4;4;4;5;4;6;4;7;4;7;5;8;5;9;5;10;5;11;5;12;5;13;5
1;1;14;10;4;4;5;4;6;4;7;4;7;5;8;5;9;5;10;5;11;5;12;5;13;5;14;5
1;2;14;10;5;4;6;4;7;4;7;5;8;5;9;5;10;5;11;5;12;5;13;5;14;5;14;6
1;2;14;10;6;4;7;4;7;5;8;5;9;5;10;5;11;5;12;5;13;5;14;5;14;6;14;7
1;2;14;10;7;4;7;5;8;5;9;5;10;5;11;5;12;5;13;5;14;5;14;6;14;7;14;8
1;2;14;10;7;5;8;5;9;5;10;5;11;5;12;5;13;5;14;5;14;6;14;7;14;8;14;9
1;2;8;3;8;5;8;5;9;5;10;5;11;5;12;5;13;5;14;5;14;6;14;7;14;8;14;9;14;10
1;3;8;3;8;5;9;5;10;5;11;5;12;5;13;5;14;5;14;6;14;7;14;8;14;9;14;10;13;10
1;3;8;3;9;5;10;5;11;5;12;5;13;5;14;5;14;6;14;7;14;8;14;9;14;10;13;10;12;10
1;3;8;3;10;5;11;5;12;5;13;5;14;5;14;6;14;7;14;8;14;9;14;10;13;10;12;10;11;10
1;3;8;3;11;5;12;5;13;5;14;5;14;6;14;7;14;8;14;9;14;10;13;10;12;10;11;10;10;10
1;3;8;3;12;5;13;5;14;5;14;6;14;7;14;8;14;9;14;10;13;10;12;10;11;10;10;10;9;10
1;3;8;3;13;5;14;5;14;6;14;7;14;8;14;9;14;10;13;10;12;10;11;10;10;10;9;10;8;10
1;0;8;3;14;5;14;6;14;7;14;8;14;9;14;10;13;10;12;10;11;10;10;10;9;10;8;10;8;9
1;0;8;3;14;6;14;7;14;8;14;9;14;10;13;10;12;10;11;10;10;10;9;10;8;10;8;9;8;8
1;0;8;3;14;7;14;8;14;9;14;10;13;10;12;10;11;10;10;10;9;10;8;10;8;9;8;8;8;7
1;0;8;3;14;8;14;9;14;10;13;10;12;10;11;10;10;10;9;10;8;10;8;9;8;8;8;7;8;6
1;0;8;3;14;9;14;10;13;10;12;10;11;10;10;10;9;10;8;10;8;9;8;8;8;7;8;6;8;5
1;0;8;3;14;10;13;10;12;10;11;10;10;10;9;10;8;10;8;9;8;8;8;7;8;6;8;5;8;4
1;0;19;1;13;10;13;10;12;10;11;10;10;10;9;10;8;10;8;9;8;8;8;7;8;6;8;5;8;4;8;3
1;0;19;1;13;10;12;10;11;10;10;10;9;10;8;10;8;9;8;8;8;7;8;6;8;5;8;4;8;3;8;2
1;0;19;1;12;10;11;10;10;10;9;10;8;10;8;9;8;8;8;7;8;6;8;5;8;4;8;3;8;2;8;1
1;1;19;1;11;10;10;10;9;10;8;10;8;9;8;8;8;7;8;6;8;5;8;4;8;3;8;2;8;1;9;1
1;1;19;1;10;10;9;10;8;10;8;9;8;8;8;7;8;6;8;5;8;4;8;3;8;2;8;1;9;1;10;1
1;1;19;1;9;10;8;10;8;9;8;8;8;7;8;6;8;5;8;4;8;3;8;2;8;1;9;1;10;1;11;1
1;1;19;1;8;10;8;9;8;8;8;7;8;6;8;5;8;4;8;3;8;2;8;1;9;1;10;1;11;1;12;1
1;1;19;1;8;9;8;8;8;7;8;6;8;5;8;4;8;3;8;2;8;1;9;1;10;1;11;1;12;1;13;1
1;1;19;1;8;8;8;7;8;6;8;5;8;4;8;3;8;2;8;1;9;1;10;1;11;1;12;1;13;1;14;1
1;1;19;1;8;7;8;6;8;5;8;4;8;3;8;2;8;1;9;1;10;1;11;1;12;1;13;1;14;1;15;1
1;1;19;1;8;6;8;5;8;4;8;3;8;2;8;1;9;1;10;1;11;1;12;1;13;1;14;1;15;1;16;1
1;1;19;1;8;5;8;4;8;3;8;2;8;1;9;1;10;1;11;1;12;1;13;1;14;1;15;1;16;1;17;1
1;1;19;1;8;4;8;3;8;2;8;1;9;1;10;1;11;1;12;1;13;1;14;1;15;1;16;1;17;1;18;1
1;1;13;9;8;3;8;3;8;2;8;1;9;1;10;1;11;1;12;1;13;1;14;1;15;1;16;1;17;1;18;1;19;1
1;2;13;9;8;3;8;2;8;1;9;1;10;1;11;1;12;1;13;1;14;1;15;1;16;1;17;1;18;1;19;1;19;2
1;3;13;9;8;2;8;1;9;1;10;1;11;1;12;1;13;1;14;1;15;1;16;1;17;1;18;1;19;1;19;2;18;2
1;3;13;9;8;1;9;1;10;1;11;1;12;1;13;1;14;1;15;1;16;1;17;1;18;1;19;1;19;2;18;2;17;2
1;3;13;9;9;1;10;1;11;1;12;1;13;1;14;1;15;1;16;1;17;1;18;1;19;1;19;2;18;2;17;2;16;2
1;3;13;9;10;1;11;1;12;1;13;1;14;1;15;1;16;1;17;1;18;1;19;1;19;2;18;2;17;2;16;2;15;2
1;3;13;9;11;1;12;1;13;1;14;1;15;1;16;1;17;1;18;1;19;1;19;2;18;2;17;2;16;2;15;2;14;2
1;3;13;9;12;1;13;1;14;1;15;1;16;1;17;1;18;1;19;1;19;2;18;2;17;2;16;2;15;2;14;2;13;2
1;2;13;9;13;1;14;1;15;1;16;1;17;1;18;1;19;1;19;2;18;2;17;2;16;2;15;2;14;2;13;2;13;3
1;2;13;9;14;1;15;1;16;1;17;1;18;1;19;1;19;2;18;2;17;2;16;2;15;2;14;2;13;2;13;3;13;4
1;2;13;9;15;1;16;1;17;1;18;1;19;1;19;2;18;2;17;2;16;2;15;2;14;2;13;2;13;3;13;4;13;5
1;2;13;9;16;1;17;1;18;1;19;1;19;2;18;2;17;2;16;2;15;2;14;2;13;2;13;3;13;4;13;5;13;6
1;2;13;9;17;1;18;1;19;1;19;2;18;2;17;2;16;2;15;2;14;2;13;2;13;3;13;4;13;5;13;6;13;7
1;2;13;9;18;1;19;1;19;2;18;2;17;2;16;2;15;2;14;2;13;2;13;3;13;4;13;5;13;6;13;7;13;8
1;2;12;2;19;1;19;1;19;2;18;2;17;2;16;2;15;2;14;2;13;2;13;3;13;4;13;5;13;6;13;7;13;8;13;9
1;3;12;2;19;1;19;2;18;2;17;2;16;2;15;2;14;2;13;2;13;3;13;4;13;5;13;6;13;7;13;8;13;9;12;9
1;0;12;2;19;2;18;2;17;2;16;2;15;2;14;2;13;2;13;3;13;4;13;5;13;6;13;7;13;8;13;9;12;9;12;8
1;0;12;2;18;2;17;2;16;2;15;2;14;2;13;2;13;3;13;4;13;5;13;6;13;7;13;8;13;9;12;9;12;8;12;7
1;0;12;2;17;2;16;2;15;2;14;2;13;2;13;3;13;4;13;5;13;6;13;7;13;8;13;9;12;9;12;8;12;7;12;6
1;0;12;2;16;2;15;2;14;2;13;2;13;3;13;4;13;5;13;6;13;7;13;8;13;9;12;9;12;8;12;7;12;6;12;5
1;0;12;2;15;2;14;2;13;2;13;3;13;4;13;5;13;6;13;7;13;8;13;9;12;9;12;8;12;7;12;6;12;5;12;4
1;0;12;2;14;2;13;2;13;3;13;4;13;5;13;6;13;7;13;8;13;9;12;9;12;8;12;7;12;6;12;5;12;4;12;3
1;0;3;19;13;2;13;2;13;3;13;4;13;5;13;6;13;7;13;8;13;9;12;9;12;8;12;7;12;6;12;5;12;4;12;3;12;2
1;3;3;19;13;2;13;3;13;4;13;5;13;6;13;7;13;8;13;9;12;9;12;8;12;7;12;6;12;5;12;4;12;3;12;2;11;2
1;3;3;19;13;3;13;4;13;5;13;6;13;7;13;8;13;9;12;9;12;8;12;7;12;6;12;5;12;4;12;3;12;2;11;2;10;2
1;3;3;19;13;4;13;5;13;6;13;7;13;8;13;9;12;9;12;8;12;7;12;6;12;5;12;4;12;3;12;2;11;2;10;2;9;2
1;3;3;19;13;5;13;6;13;7;13;8;13;9;12;9;12;8;12;7;12;6;12;5;12;4;12;3;12;2;11;2;10;2;9;2;8;2
1;3;3;19;13;6;13;7;13;8;13;9;12;9;12;8;12;7;12;6;12;5;12;4;12;3;12;2;11;2;10;2;9;2;8;2;7;2
1;3;3;19;13;7;13;8;13;9;12;9;12;8;12;7;12;6;12;5;12;4;12;3;12;2;11;2;10;2;9;2;8;2;7;2;6;2
1;3;3;19;13;8;13;9;12;9;12;8;12;7;12;6;12;5;12;4;12;3;12;2;11;2;10;2;9;2;8;2;7;2;6;2;5;2
1;3;3;19;13;9;12;9;12;8;12;7;12;6;12;5;12;4;12;3;12;2;11;2;10;2;9;2;8;2;7;2;6;2;5;2;4;2
1;3;3;19;12;9;12;8;12;7;12;6;12;5;12;4;12;3;12;2;11;2;10;2;9;2;8;2;7;2;6;2;5;2;4;2;3;2
1;2;3;19;12;8;12;7;12;6;12;5;12;4;12;3;12;2;11;2;10;2;9;2;8;2;7;2;6;2;5;2;4;2;3;2;3;3
1;2;3;19;12;7;12;6;12;5;12;4;12;3;12;2;11;2;10;2;9;2;8;2;7;2;6;2;5;2;4;2;3;2;3;3;3;4
1;2;3;19;12;6;12;5;12;4;12;3;12;2;11;2;10;2;9;2;8;2;7;2;6;2;5;2;4;2;3;2;3;3;3;4;3;5
1;2;3;19;12;5;12;4;12;3;12;2;11;2;10;2;9;2;8;2;7;2;6;2;5;2;4;2;3;2;3;3;3;4;3;5;3;6
1;2;3;19;12;4;12;3;12;2;11;2;10;2;9;2;8;2;7;2;6;2;5;2;4;2;3;2;3;3;3;4;3;5;3;6;3;7
1;2;3;19;12;3;12;2;11;2;10;2;9;2;8;2;7;2;6;2;5;2;4;2;3;2;3;3;3;4;3;5;3;6;3;7;3;8
1;2;3;19;12;2;11;2;10;2;9;2;8;2;7;2;6;2;5;2;4;2;3;2;3;3;3;4;3;5;3;6;3;7;3;8;3;9
1;2;3;19;11;2;10;2;9;2;8;2;7;2;6;2;5;2;4;2;3;2;3;3;3;4;3;5;3;6;3;7;3;8;3;9;3;10
1;2;3;19;10;2;9;2;8;2;7;2;6;2;5;2;4;2;3;2;3;3;3;4;3;5;3;6;3;7;3;8;3;9;3;10;3;11
1;2;3;19;9;2;8;2;7;2;6;2;5;2;4;2;3;2;3;3;3;4;3;5;3;6;3;7;3;8;3;9;3;10;3;11;3;12
1;2;3;19;8;2;7;2;6;2;5;2;4;2;3;2;3;3;3;4;3;5;3;6;3;7;3;8;3;9;3;10;3;11;3;12;3;13
1;2;3;19;7;2;6;2;5;2;4;2;3;2;3;3;3;4;3;5;3;6;3;7;3;8;3;9;3;10;3;11;3;12;3;13;3;14
1;2;3;19;6;2;5;2;4;2;3;2;3;3;3;4;3;5;3;6;3;7;3;8;3;9;3;10;3;11;3;12;3;13;3;14;3;15
1;2;3;19;5;2;4;2;3;2;3;3;3;4;3;5;3;6;3;7;3;8;3;9;3;10;3;11;3;12;3;13;3;14;3;15;3;16
1;2;3;19;4;2;3;2;3;3;3;4;3;5;3;6;3;7;3;8;3;9;3;10;3;11;3;12;3;13;3;14;3;15;3;16;3;17
1;2;3;19;3;2;3;3;3;4;3;5;3;6;3;7;3;8;3;9;3;10;3;11;3;12;3;13;3;14;3;15;3;16;3;17;3;18
1;2;6;11;3;3;3;3;3;4;3;5;3;6;3;7;3;8;3;9;3;10;3;11;3;12;3;13;3;14;3;15;3;16;3;17;3;18;3;19
1;1;6;11;3;3;3;4;3;5;3;6;3;7;3;8;3;9;3;10;3;11;3;12;3;13;3;14;3;15;3;16;3;17;3;18;3;19;4;19
1;1;6;11;3;4;3;5;3;6;3;7;3;8;3;9;3;10;3;11;3;12;3;13;3;14;3;15;3;16;3;17;3;18;3;19;4;19;5;19
1;1;6;11;3;5;3;6;3;7;3;8;3;9;3;10;3;11;3;12;3;13;3;14;3;15;3;16;3;17;3;18;3;19;4;19;5;19;6;19
1;0;6;11;3;6;3;7;3;8;3;9;3;10;3;11;3;12;3;13;3;14;3;15;3;16;3;17;3;18;3;19;4;19;5;19;6;19;6;18
1;0;6;11;3;7;3;8;3;9;3;10;3;11;3;12;3;13;3;14;3;15;3;16;3;17;3;18;3;19;4;19;5;19;6;19;6;18;6;17
1;0;6;11;3;8;3;9;3;10;3;11;3;12;3;13;3;14;3;15;3;16;3;17;3;18;3;19;4;19;5;19;6;19;6;18;6;17;6;16
1;0;6;11;3;9;3;10;3;11;3;12;3;13;3;14;3;15;3;16;3;17;3;18;3;19;4;19;5;19;6;19;6;18;6;17;6;16;6;15
1;0;6;11;3;10;3;11;3;12;3;13;3;14;3;15;3;16;3;17;3;18;3;19;4;19;5;19;6;19;6;18;6;17;6;16;6;15;6;14
1;0;6;11;3;11;3;12;3;13;3;14;3;15;3;16;3;17;3;18;3;19;4;19;5;19;6;19;6;18;6;17;6;16;6;15;6;14;6;13
1;0;6;11;3;12;3;13;3;14;3;15;3;16;3;17;3;18;3;19;4;19;5;19;6;19;6;18;6;17;6;16;6;15;6;14;6;13;6;12
1;0;7;19;3;13;3;13;3;14;3;15;3;16;3;17;3;18;3;19;4;19;5;19;6;19;6;18;6;17;6;16;6;15;6;14;6;13;6;12;6;11
1;1;7;19;3;13;3;14;3;15;3;16;3;17;3;18;3;19;4;19;5;19;6;19;6;18;6;17;6;16;6;15;6;14;6;13;6;12;6;11;7;11
1;2;7;19;3;14;3;15;3;16;3;17;3;18;3;19;4;19;5;19;6;19;6;18;6;17;6;16;6;15;6;14;6;13;6;12;6;11;7;11;7;12
1;2;7;19;3;15;3;16;3;17;3;18;3;19;4;19;5;19;6;19;6;18;6;17;6;16;6;15;6;14;6;13;6;12;6;11;7;11;7;12;7;13
1;2;7;19;3;16;3;17;3;18;3;19;4;19;5;19;6;19;6;18;6;17;6;16;6;15;6;14;6;13;6;12;6;11;7;11;7;12;7;13;7;14
1;2;7;19;3;17;3;18;3;19;4;19;5;19;6;19;6;18;6;17;6;16;6;15;6;14;6;13;6;12;6;11;7;11;7;12;7;13;7;14;7;15
1;2;7;19;3;18;3;19;4;19;5;19;6;19;6;18;6;17;6;16;6;15;6;14;6;13;6;12;6;11;7;11;7;12;7;13;7;14;7;15;7;16
1;2;7;19;3;19;4;19;5;19;6;19;6;18;6;17;6;16;6;15;6;14;6;13;6;12;6;11;7;11;7;12;7;13;7;14;7;15;7;16;7;17
1;2;7;19;4;19;5;19;6;19;6;18;6;17;6;16;6;15;6;14;6;13;6;12;6;11;7;11;7;12;7;13;7;14;7;15;7;16;7;17;7;18
1;1;7;19;5;19;6;19;6;18;6;17;6;16;6;15;6;14;6;13;6;12;6;11;7;11;7;12;7;13;7;14;7;15;7;16;7;17;7;18;8;18
1;1;7;19;6;19;6;18;6;17;6;16;6;15;6;14;6;13;6;12;6;11;7;11;7;12;7;13;7;14;7;15;7;16;7;17;7;18;8;18;9;18
1;1;7;19;6;18;6;17;6;16;6;15;6;14;6;13;6;12;6;11;7;11;7;12;7;13;7;14;7;15;7;16;7;17;7;18;8;18;9;18;10;18
1;2;7;19;6;17;6;16;6;15;6;14;6;13;6;12;6;11;7;11;7;12;7;13;7;14;7;15;7;16;7;17;7;18;8;18;9;18;10;18;10;19
1;3;7;19;6;16;6;15;6;14;6;13;6;12;6;11;7;11;7;12;7;13;7;14;7;15;7;16;7;17;7;18;8;18;9;18;10;18;10;19;9;19
1;3;7;19;6;15;6;14;6;13;6;12;6;11;7;11;7;12;7;13;7;14;7;15;7;16;7;17;7;18;8;18;9;18;10;18;10;19;9;19;8;19
1;3;1;2;6;14;6;14;6;13;6;12;6;11;7;11;7;12;7;13;7;14;7;15;7;16;7;17;7;18;8;18;9;18;10;18;10;19;9;19;8;19;7;19
1;3;1;2;6;14;6;13;6;12;6;11;7;11;7;12;7;13;7;14;7;15;7;16;7;17;7;18;8;18;9;18;10;18;10;19;9;19;8;19;7;19;6;19
1;3;1;2;6;13;6;12;6;11;7;11;7;12;7;13;7;14;7;15;7;16;7;17;7;18;8;18;9;18;10;18;10;19;9;19;8;19;7;19;6;19;5;19
1;3;1;2;6;12;6;11;7;11;7;12;7;13;7;14;7;15;7;16;7;17;7;18;8;18;9;18;10;18;10;19;9;19;8;19;7;19;6;19;5;19;4;19
1;3;1;2;6;11;7;11;7;12;7;13;7;14;7;15;7;16;7;17;7;18;8;18;9;18;10;18;10;19;9;19;8;19;7;19;6;19;5;19;4;19;3;19
1;3;1;2;7;11;7;12;7;13;7;14;7;15;7;16;7;17;7;18;8;18;9;18;10;18;10;19;9;19;8;19;7;19;6;19;5;19;4;19;3;19;2;19
1;3;1;2;7;12;7;13;7;14;7;15;7;16;7;17;7;18;8;18;9;18;10;18;10;19;9;19;8;19;7;19;6;19;5;19;4;19;3;19;2;19;1;19
1;0;1;2;7;13;7;14;7;15;7;16;7;17;7;18;8;18;9;18;10;18;10;19;9;19;8;19;7;19;6;19;5;19;4;19;3;19;2;19;1;19;1;18
1;0;1;2;7;14;7;15;7;16;7;17;7;18;8;18;9;18;10;18;10;19;9;19;8;19;7;19;6;19;5;19;4;19;3;19;2;19;1;19;1;18;1;17
1;0;1;2;7;15;7;16;7;17;7;18;8;18;9;18;10;18;10;19;9;19;8;19;7;19;6;19;5;19;4;19;3;19;2;19;1;19;1;18;1;17;1;16
1;0;1;2;7;16;7;17;7;18;8;18;9;18;10;18;10;19;9;19;8;19;7;19;6;19;5;19;4;19;3;19;2;19;1;19;1;18;1;17;1;16;1;15
1;0;1;2;7;17;7;18;8;18;9;18;10;18;10;19;9;19;8;19;7;19;6;19;5;19;4;19;3;19;2;19;1;19;1;18;1;17;1;16;1;15;1;14
1;0;1;2;7;18;8;18;9;18;10;18;10;19;9;19;8;19;7;19;6;19;5;19;4;19;3;19;2;19;1;19;1;18;1;17;1;16;1;15;1;14;1;13
1;0;1;2;8;18;9;18;10;18;10;19;9;19;8;19;7;19;6;19;5;19;4;19;3;19;2;19;1;19;1;18;1;17;1;16;1;15;1;14;1;13;1;12
1;0;1;2;9;18;10;18;10;19;9;19;8;19;7;19;6;19;5;19;4;19;3;19;2;19;1;19;1;18;1;17;1;16;1;15;1;14;1;13;1;12;1;11
1;0;1;2;10;18;10;19;9;19;8;19;7;19;6;19;5;19;4;19;3;19;2;19;1;19;1;18;1;17;1;16;1;15;1;14;1;13;1;12;1;11;1;10
1;0;1;2;10;19;9;19;8;19;7;19;6;19;5;19;4;19;3;19;2;19;1;19;1;18;1;17;1;16;1;15;1;14;1;13;1;12;1;11;1;10;1;9
1;0;1;2;9;19;8;19;7;19;6;19;5;19;4;19;3;19;2;19;1;19;1;18;1;17;1;16;1;15;1;14;1;13;1;12;1;11;1;10;1;9;1;8
1;0;1;2;8;19;7;19;6;19;5;19;4;19;3;19;2;19;1;19;1;18;1;17;1;16;1;15;1;14;1;13;1;12;1;11;1;10;1;9;1;8;1;7
1;0;1;2;7;19;6;19;5;19;4;19;3;19;2;19;1;19;1;18;1;17;1;16;1;15;1;14;1;13;1;12;1;11;1;10;1;9;1;8;1;7;1;6
1;0;1;2;6;19;5;19;4;19;3;19;2;19;1;19;1;18;1;17;1;16;1;15;1;14;1;13;1;12;1;11;1;10;1;9;1;8;1;7;1;6;1;5
1;0;1;2;5;19;4;19;3;19;2;19;1;19;1;18;1;17;1;16;1;15;1;14;1;13;1;12;1;11;1;10;1;9;1;8;1;7;1;6;1;5;1;4
1;0;1;2;4;19;3;19;2;19;1;19;1;18;1;17;1;16;1;15;1;14;1;13;1;12;1;11;1;10;1;9;1;8;1;7;1;6;1;5;1;4;1;3
1;0;6;0;3;19;3;19;2;19;1;19;1;18;1;17;1;16;1;15;1;14;1;13;1;12;1;11;1;10;1;9;1;8;1;7;1;6;1;5;1;4;1;3;1;2
1;0;6;0;3;19;2;19;1;19;1;18;1;17;1;16;1;15;1;14;1;13;1;12;1;11;1;10;1;9;1;8;1;7;1;6;1;5;1;4;1;3;1;2;1;1
1;0;6;0;2;19;1;19;1;18;1;17;1;16;1;15;1;14;1;13;1;12;1;11;1;10;1;9;1;8;1;7;1;6;1;5;1;4;1;3;1;2;1;1;1;0
1;1;6;0;1;19;1;18;1;17;1;16;1;15;1;14;1;13;1;12;1;11;1;10;1;9;1;8;1;7;1;6;1;5;1;4;1;3;1;2;1;1;1;0;2;0
1;2;6;0;1;18;1;17;1;16;1;15;1;14;1;13;1;12;1;11;1;10;1;9;1;8;1;7;1;6;1;5;1;4;1;3;1;2;1;1;1;0;2;0;2;1
1;1;6;0;1;17;1;16;1;15;1;14;1;13;1;12;1;11;1;10;1;9;1;8;1;7;1;6;1;5;1;4;1;3;1;2;1;1;1;0;2;0;2;1;3;1
1;0;6;0;1;16;1;15;1;14;1;13;1;12;1;11;1;10;1;9;1;8;1;7;1;6;1;5;1;4;1;3;1;2;1;1;1;0;2;0;2;1;3;1;3;0
1;1;6;0;1;15;1;14;1;13;1;12;1;11;1;10;1;9;1;8;1;7;1;6;1;5;1;4;1;3;1;2;1;1;1;0;2;0;2;1;3;1;3;0;4;0
1;2;6;0;1;14;1;13;1;12;1;11;1;10;1;9;1;8;1;7;1;6;1;5;1;4;1;3;1;2;1;1;1;0;2;0;2;1;3;1;3;0;4;0;4;1
1;1;6;0;1;13;1;12;1;11;1;10;1;9;1;8;1;7;1;6;1;5;1;4;1;3;1;2;1;1;1;0;2;0;2;1;3;1;3;0;4;0;4;1;5;1
1;0;6;0;1;12;1;11;1;10;1;9;1;8;1;7;1;6;1;5;1;4;1;3;1;2;1;1;1;0;2;0;2;1;3;1;3;0;4;0;4;1;5;1;5;0
1;1;7;11;1;11;1;11;1;10;1;9;1;8;1;7;1;6;1;5;1;4;1;3;1;2;1;1;1;0;2;0;2;1;3;1;3;0;4;0;4;1;5;1;5;0;6;0
1;1;7;11;1;11;1;10;1;9;1;8;1;7;1;6;1;5;1;4;1;3;1;2;1;1;1;0;2;0;2;1;3;1;3;0;4;0;4;1;5;1;5;0;6;0;7;0
1;2;7;11;1;10;1;9;1;8;1;7;1;6;1;5;1;4;1;3;1;2;1;1;1;0;2;0;2;1;3;1;3;0;4;0;4;1;5;1;5;0;6;0;7;0;7;1
1;2;7;11;1;9;1;8;1;7;1;6;1;5;1;4;1;3;1;2;1;1;1;0;2;0;2;1;3;1;3;0;4;0;4;1;5;1;5;0;6;0;7;0;7;1;7;2
1;2;7;11;1;8;1;7;1;6;1;5;1;4;1;3;1;2;1;1;1;0;2;0;2;1;3;1;3;0;4;0;4;1;5;1;5;0;6;0;7;0;7;1;7;2;7;3
1;2;7;11;1;7;1;6;1;5;1;4;1;3;1;2;1;1;1;0;2;0;2;1;3;1;3;0;4;0;4;1;5;1;5;0;6;0;7;0;7;1;7;2;7;3;7;4
1;2;7;11;1;6;1;5;1;4;1;3;1;2;1;1;1;0;2;0;2;1;3;1;3;0;4;0;4;1;5;1;5;0;6;0;7;0;7;1;7;2;7;3;7;4;7;5
1;2;7;11;1;5;1;4;1;3;1;2;1;1;1;0;2;0;2;1;3;1;3;0;4;0;4;1;5;1;5;0;6;0;7;0;7;1;7;2;7;3;7;4;7;5;7;6
1;2;7;11;1;4;1;3;1;2;1;1;1;0;2;0;2;1;3;1;3;0;4;0;4;1;5;1;5;0;6;0;7;0;7;1;7;2;7;3;7;4;7;5;7;6;7;7
1;2;7;11;1;3;1;2;1;1;1;0;2;0;2;1;3;1;3;0;4;0;4;1;5;1;5;0;6;0;7;0;7;1;7;2;7;3;7;4;7;5;7;6;7;7;7;8
1;2;7;11;1;2;1;1;1;0;2;0;2;1;3;1;3;0;4;0;4;1;5;1;5;0;6;0;7;0;7;1;7;2;7;3;7;4;7;5;7;6;7;7;7;8;7;9
1;2;7;11;1;1;1;0;2;0;2;1;3;1;3;0;4;0;4;1;5;1;5;0;6;0;7;0;7;1;7;2;7;3;7;4;7;5;7;6;7;7;7;8;7;9;7;10
1;2;11;7;1;0;1;0;2;0;2;1;3;1;3;0;4;0;4;1;5;1;5;0;6;0;7;0;7;1;7;2;7;3;7;4;7;5;7;6;7;7;7;8;7;9;7;10;7;11
1;1;11;7;1;0;2;0;2;1;3;1;3;0;4;0;4;1;5;1;5;0;6;0;7;0;7;1;7;2;7;3;7;4;7;5;7;6;7;7;7;8;7;9;7;10;7;11;8;11
1;1;11;7;2;0;2;1;3;1;3;0;4;0;4;1;5;1;5;0;6;0;7;0;7;1;7;2;7;3;7;4;7;5;7;6;7;7;7;8;7;9;7;10;7;11;8;11;9;11
1;1;11;7;2;1;3;1;3;0;4;0;4;1;5;1;5;0;6;0;7;0;7;1;7;2;7;3;7;4;7;5;7;6;7;7;7;8;7;9;7;10;7;11;8;11;9;11;10;11
1;1;11;7;3;1;3;0;4;0;4;1;5;1;5;0;6;0;7;0;7;1;7;2;7;3;7;4;7;5;7;6;7;7;7;8;7;9;7;10;7;11;8;11;9;11;10;11;11;11
1;0;11;7;3;0;4;0;4;1;5;1;5;0;6;0;7;0;7;1;7;2;7;3;7;4;7;5;7;6;7;7;7;8;7;9;7;10;7;11;8;11;9;11;10;11;11;11;11;10
1;0;11;7;4;0;4;1;5;1;5;0;6;0;7;0;7;1;7;2;7;3;7;4;7;5;7;6;7;7;7;8;7;9;7;10;7;11;8;11;9;11;10;11;11;11;11;10;11;9
1;0;11;7;4;1;5;1;5;0;6;0;7;0;7;1;7;2;7;3;7;4;7;5;7;6;7;7;7;8;7;9;7;10;7;11;8;11;9;11;10;11;11;11;11;10;11;9;11;8
1;3;11;7;5;1;5;0;6;0;7;0;7;1;7;2;7;3;7;4;7;5;7;6;7;7;7;8;7;9;7;10;7;11;8;11;9;11;10;11;11;11;11;10;11;9;11;8;10;8
1;0;11;7;5;0;6;0;7;0;7;1;7;2;7;3;7;4;7;5;7;6;7;7;7;8;7;9;7;10;7;11;8;11;9;11;10;11;11;11;11;10;11;9;11;8;10;8;10;7
1;1;14;11;6;0;6;0;7;0;7;1;7;2;7;3;7;4;7;5;7;6;7;7;7;8;7;9;7;10;7;11;8;11;9;11;10;11;11;11;11;10;11;9;11;8;10;8;10;7;11;7
1;1;14;11;6;0;7;0;7;1;7;2;7;3;7;4;7;5;7;6;7;7;7;8;7;9;7;10;7;11;8;11;9;11;10;11;11;11;11;10;11;9;11;8;10;8;10;7;11;7;12;7
1;1;14;11;7;0;7;1;7;2;7;3;7;4;7;5;7;6;7;7;7;8;7;9;7;10;7;11;8;11;9;11;10;11;11;11;11;10;11;9;11;8;10;8;10;7;11;7;12;7;13;7
1;1;14;11;7;1;7;2;7;3;7;4;7;5;7;6;7;7;7;8;7;9;7;10;7;11;8;11;9;11;10;11;11;11;11;10;11;9;11;8;10;8;10;7;11;7;12;7;13;7;14;7
1;2;14;11;7;2;7;3;7;4;7;5;7;6;7;7;7;8;7;9;7;10;7;11;8;11;9;11;10;11;11;11;11;10;11;9;11;8;10;8;10;7;11;7;12;7;13;7;14;7;14;8
1;2;14;11;7;3;7;4;7;5;7;6;7;7;7;8;7;9;7;10;7;11;8;11;9;11;10;11;11;11;11;10;11;9;11;8;10;8;10;7;11;7;12;7;13;7;14;7;14;8;14;9
1;2;14;11;7;4;7;5;7;6;7;7;7;8;7;9;7;10;7;11;8;11;9;11;10;11;11;11;11;10;11;9;11;8;10;8;10;7;11;7;12;7;13;7;14;7;14;8;14;9;14;10
1;2;1;8;7;5;7;5;7;6;7;7;7;8;7;9;7;10;7;11;8;11;9;11;10;11;11;11;11;10;11;9;11;8;10;8;10;7;11;7;12;7;13;7;14;7;14;8;14;9;14;10;14;11
1;2;1;8;7;5;7;6;7;7;7;8;7;9;7;10;7;11;8;11;9;11;10;11;11;11;11;10;11;9;11;8;10;8;10;7;11;7;12;7;13;7;14;7;14;8;14;9;14;10;14;11;14;12
1;3;1;8;7;6;7;7;7;8;7;9;7;10;7;11;8;11;9;11;10;11;11;11;11;10;11;9;11;8;10;8;10;7;11;7;12;7;13;7;14;7;14;8;14;9;14;10;14;11;14;12;13;12
1;3;1;8;7;7;7;8;7;9;7;10;7;11;8;11;9;11;10;11;11;11;11;10;11;9;11;8;10;8;10;7;11;7;12;7;13;7;14;7;14;8;14;9;14;10;14;11;14;12;13;12;12;12
1;3;1;8;7;8;7;9;7;10;7;11;8;11;9;11;10;11;11;11;11;10;11;9;11;8;10;8;10;7;11;7;12;7;13;7;14;7;14;8;14;9;14;10;14;11;14;12;13;12;12;12;11;12
1;3;1;8;7;9;7;10;7;11;8;11;9;11;10;11;11;11;11;10;11;9;11;8;10;8;10;7;11;7;12;7;13;7;14;7;14;8;14;9;14;10;14;11;14;12;13;12;12;12;11;12;10;12
1;3;1;8;7;10;7;11;8;11;9;11;10;11;11;11;11;10;11;9;11;8;10;8;10;7;11;7;12;7;13;7;14;7;14;8;14;9;14;10;14;11;14;12;13;12;12;12;11;12;10;12;9;12
1;3;1;8;7;11;8;11;9;11;10;11;11;11;11;10;11;9;11;8;10;8;10;7;11;7;12;7;13;7;14;7;14;8;14;9;14;10;14;11;14;12;13;12;12;12;11;12;10;12;9;12;8;12
1;3;1;8;8;11;9;11;10;11;11;11;11;10;11;9;11;8;10;8;10;7;11;7;12;7;13;7;14;7;14;8;14;9;14;10;14;11;14;12;13;12;12;12;11;12;10;12;9;12;8;12;7;12
1;0;1;8;9;11;10;11;11;11;11;10;11;9;11;8;10;8;10;7;11;7;12;7;13;7;14;7;14;8;14;9;14;10;14;11;14;12;13;12;12;12;11;12;10;12;9;12;8;12;7;12;7;11
1;0;1;8;10;11;11;11;11;10;11;9;11;8;10;8;10;7;11;7;12;7;13;7;14;7;14;8;14;9;14;10;14;11;14;12;13;12;12;12;11;12;10;12;9;12;8;12;7;12;7;11;7;10
1;0;1;8;11;11;11;10;11;9;11;8;10;8;10;7;11;7;12;7;13;7;14;7;14;8;14;9;14;10;14;11;14;12;13;12;12;12;11;12;10;12;9;12;8;12;7;12;7;11;7;10;7;9
1;0;1;8;11;10;11;9;11;8;10;8;10;7;11;7;12;7;13;7;14;7;14;8;14;9;14;10;14;11;14;12;13;12;12;12;11;12;10;12;9;12;8;12;7;12;7;11;7;10;7;9;7;8
1;3;1;8;11;9;11;8;10;8;10;7;11;7;12;7;13;7;14;7;14;8;14;9;14;10;14;11;14;12;13;12;12;12;11;12;10;12;9;12;8;12;7;12;7;11;7;10;7;9;7;8;6;8
1;3;1;8;11;8;10;8;10;7;11;7;12;7;13;7;14;7;14;8;14;9;14;10;14;11;14;12;13;12;12;12;11;12;10;12;9;12;8;12;7;12;7;11;7;10;7;9;7;8;6;8;5;8
1;3;1;8;10;8;10;7;11;7;12;7;13;7;14;7;14;8;14;9;14;10;14;11;14;12;13;12;12;12;11;12;10;12;9;12;8;12;7;12;7;11;7;10;7;9;7;8;6;8;5;8;4;8
1;3;1;8;10;7;11;7;12;7;13;7;14;7;14;8;14;9;14;10;14;11;14;12;13;12;12;12;11;12;10;12;9;12;8;12;7;12;7;11;7;10;7;9;7;8;6;8;5;8;4;8;3;8
1;3;1;8;11;7;12;7;13;7;14;7;14;8;14;9;14;10;14;11;14;12;13;12;12;12;11;12;10;12;9;12;8;12;7;12;7;11;7;10;7;9;7;8;6;8;5;8;4;8;3;8;2;8
1;0;1;8;12;7;13;7;14;7;14;8;14;9;14;10;14;11;14;12;13;12;12;12;11;12;10;12;9;12;8;12;7;12;7;11;7;10;7;9;7;8;6;8;5;8;4;8;3;8;2;8;2;7
1;3;1;8;13;7;14;7;14;8;14;9;14;10;14;11;14;12;13;12;12;12;11;12;10;12;9;12;8;12;7;12;7;11;7;10;7;9;7;8;6;8;5;8;4;8;3;8;2;8;2;7;1;7
1;2;3;2;14;7;14;7;14;8;14;9;14;10;14;11;14;12;13;12;12;12;11;12;10;12;9;12;8;12;7;12;7;11;7;10;7;9;7;8;6;8;5;8;4;8;3;8;2;8;2;7;1;7;1;8
1;3;3;2;14;7;14;8;14;9;14;10;14;11;14;12;13;12;12;12;11;12;10;12;9;12;8;12;7;12;7;11;7;10;7;9;7;8;6;8;5;8;4;8;3;8;2;8;2;7;1;7;1;8;0;8
1;0;3;2;14;8;14;9;14;10;14;11;14;12;13;12;12;12;11;12;10;12;9;12;8;12;7;12;7;11;7;10;7;9;7;8;6;8;5;8;4;8;3;8;2;8;2;7;1;7;1;8;0;8;0;7
1;0;3;2;14;9;14;10;14;11;14;12;13;12;12;12;11;12;10;12;9;12;8;12;7;12;7;11;7;10;7;9;7;8;6;8;5;8;4;8;3;8;2;8;2;7;1;7;1;8;0;8;0;7;0;6
1;0;3;2;14;10;14;11;14;12;13;12;12;12;11;12;10;12;9;12;8;12;7;12;7;11;7;10;7;9;7;8;6;8;5;8;4;8;3;8;2;8;2;7;1;7;1;8;0;8;0;7;0;6;0;5
1;0;3;2;14;11;14;12;13;12;12;12;11;12;10;12;9;12;8;12;7;12;7;11;7;10;7;9;7;8;6;8;5;8;4;8;3;8;2;8;2;7;1;7;1;8;0;8;0;7;0;6;0;5;0;4
1;0;3;2;14;12;13;12;12;12;11;12;10;12;9;12;8;12;7;12;7;11;7;10;7;9;7;8;6;8;5;8;4;8;3;8;2;8;2;7;1;7;1;8;0;8;0;7;0;6;0;5;0;4;0;3
1;0;3;2;13;12;12;12;11;12;10;12;9;12;8;12;7;12;7;11;7;10;7;9;7;8;6;8;5;8;4;8;3;8;2;8;2;7;1;7;1;8;0;8;0;7;0;6;0;5;0;4;0;3;0;2
1;1;3;2;12;12;11;12;10;12;9;12;8;12;7;12;7;11;7;10;7;9;7;8;6;8;5;8;4;8;3;8;2;8;2;7;1;7;1;8;0;8;0;7;0;6;0;5;0;4;0;3;0;2;1;2
1;1;3;2;11;12;10;12;9;12;8;12;7;12;7;11;7;10;7;9;7;8;6;8;5;8;4;8;3;8;2;8;2;7;1;7;1;8;0;8;0;7;0;6;0;5;0;4;0;3;0;2;1;2;2;2
1;1;10;11;10;12;10;12;9;12;8;12;7;12;7;11;7;10;7;9;7;8;6;8;5;8;4;8;3;8;2;8;2;7;1;7;1;8;0;8;0;7;0;6;0;5;0;4;0;3;0;2;1;2;2;2;3;2
1;1;10;11;10;12;9;12;8;12;7;12;7;11;7;10;7;9;7;8;6;8;5;8;4;8;3;8;2;8;2;7;1;7;1;8;0;8;0;7;0;6;0;5;0;4;0;3;0;2;1;2;2;2;3;2;4;2
1;1;10;11;9;12;8;12;7;12;7;11;7;10;7;9;7;8;6;8;5;8;4;8;3;8;2;8;2;7;1;7;1;8;0;8;0;7;0;6;0;5;0;4;0;3;0;2;1;2;2;2;3;2;4;2;5;2
1;1;10;11;8;12;7;12;7;11;7;10;7;9;7;8;6;8;5;8;4;8;3;8;2;8;2;7;1;7;1;8;0;8;0;7;0;6;0;5;0;4;0;3;0;2;1;2;2;2;3;2;4;2;5;2;6;2
1;1;10;11;7;12;7;11;7;10;7;9;7;8;6;8;5;8;4;8;3;8;2;8;2;7;1;7;1;8;0;8;0;7;0;6;0;5;0;4;0;3;0;2;1;2;2;2;3;2;4;2;5;2;6;2;7;2
1;1;10;11;7;11;7;10;7;9;7;8;6;8;5;8;4;8;3;8;2;8;2;7;1;7;1;8;0;8;0;7;0;6;0;5;0;4;0;3;0;2;1;2;2;2;3;2;4;2;5;2;6;2;7;2;8;2
1;1;10;11;7;10;7;9;7;8;6;8;5;8;4;8;3;8;2;8;2;7;1;7;1;8;0;8;0;7;0;6;0;5;0;4;0;3;0;2;1;2;2;2;3;2;4;2;5;2;6;2;7;2;8;2;9;2
1;1;10;11;7;9;7;8;6;8;5;8;4;8;3;8;2;8;2;7;1;7;1;8;0;8;0;7;0;6;0;5;0;4;0;3;0;2;1;2;2;2;3;2;4;2;5;2;6;2;7;2;8;2;9;2;10;2
1;2;10;11;7;8;6;8;5;8;4;8;3;8;2;8;2;7;1;7;1;8;0;8;0;7;0;6;0;5;0;4;0;3;0;2;1;2;2;2;3;2;4;2;5;2;6;2;7;2;8;2;9;2;10;2;10;3
1;2;10;11;6;8;5;8;4;8;3;8;2;8;2;7;1;7;1;8;0;8;0;7;0;6;0;5;0;4;0;3;0;2;1;2;2;2;3;2;4;2;5;2;6;2;7;2;8;2;9;2;10;2;10;3;10;4
1;2;10;11;5;8;4;8;3;8;2;8;2;7;1;7;1;8;0;8;0;7;0;6;0;5;0;4;0;3;0;2;1;2;2;2;3;2;4;2;5;2;6;2;7;2;8;2;9;2;10;2;10;3;10;4;10;5
1;2;10;11;4;8;3;8;2;8;2;7;1;7;1;8;0;8;0;7;0;6;0;5;0;4;0;3;0;2;1;2;2;2;3;2;4;2;5;2;6;2;7;2;8;2;9;2;10;2;10;3;10;4;10;5;10;6
1;2;10;11;3;8;2;8;2;7;1;7;1;8;0;8;0;7;0;6;0;5;0;4;0;3;0;2;1;2;2;2;3;2;4;2;5;2;6;2;7;2;8;2;9;2;10;2;10;3;10;4;10;5;10;6;10;7
1;2;10;11;2;8;2;7;1;7;1;8;0;8;0;7;0;6;0;5;0;4;0;3;0;2;1;2;2;2;3;2;4;2;5;2;6;2;7;2;8;2;9;2;10;2;10;3;10;4;10;5;10;6;10;7;10;8
1;2;10;11;2;7;1;7;1;8;0;8;0;7;0;6;0;5;0;4;0;3;0;2;1;2;2;2;3;2;4;2;5;2;6;2;7;2;8;2;9;2;10;2;10;3;10;4;10;5;10;6;10;7;10;8;10;9
1;2;10;11;1;7;1;8;0;8;0;7;0;6;0;5;0;4;0;3;0;2;1;2;2;2;3;2;4;2;5;2;6;2;7;2;8;2;9;2;10;2;10;3;10;4;10;5;10;6;10;7;10;8;10;9;10;10
1;2;12;12;1;8;1;8;0;8;0;7;0;6;0;5;0;4;0;3;0;2;1;2;2;2;3;2;4;2;5;2;6;2;7;2;8;2;9;2;10;2;10;3;10;4;10;5;10;6;10;7;10;8;10;9;10;10;10;11
1;1;12;12;1;8;0;8;0;7;0;6;0;5;0;4;0;3;0;2;1;2;2;2;3;2;4;2;5;2;6;2;7;2;8;2;9;2;10;2;10;3;10;4;10;5;10;6;10;7;10;8;10;9;10;10;10;11;11;11
1;1;12;12;0;8;0;7;0;6;0;5;0;4;0;3;0;2;1;2;2;2;3;2;4;2;5;2;6;2;7;2;8;2;9;2;10;2;10;3;10;4;10;5;10;6;10;7;10;8;10;9;10;10;10;11;11;11;12;11
1;2;3;1;0;7;0;7;0;6;0;5;0;4;0;3;0;2;1;2;2;2;3;2;4;2;5;2;6;2;7;2;8;2;9;2;10;2;10;3;10;4;10;5;10;6;10;7;10;8;10;9;10;10;10;11;11;11;12;11;12;12
1;3;3;1;0;7;0;6;0;5;0;4;0;3;0;2;1;2;2;2;3;2;4;2;5;2;6;2;7;2;8;2;9;2;10;2;10;3;10;4;10;5;10;6;10;7;10;8;10;9;10;10;10;11;11;11;12;11;12;12;11;12
1;3;3;1;0;6;0;5;0;4;0;3;0;2;1;2;2;2;3;2;4;2;5;2;6;2;7;2;8;2;9;2;10;2;10;3;10;4;10;5;10;6;10;7;10;8;10;9;10;10;10;11;11;11;12;11;12;12;11;12;10;12
1;3;3;1;0;5;0;4;0;3;0;2;1;2;2;2;3;2;4;2;5;2;6;2;7;2;8;2;9;2;10;2;10;3;10;4;10;5;10;6;10;7;10;8;10;9;10;10;10;11;11;11;12;11;12;12;11;12;10;12;9;12
1;0;3;1;0;4;0;3;0;2;1;2;2;2;3;2;4;2;5;2;6;2;7;2;8;2;9;2;10;2;10;3;10;4;10;5;10;6;10;7;10;8;10;9;10;10;10;11;11;11;12;11;12;12;11;12;10;12;9;12;9;11
1;0;3;1;0;3;0;2;1;2;2;2;3;2;4;2;5;2;6;2;7;2;8;2;9;2;10;2;10;3;10;4;10;5;10;6;10;7;10;8;10;9;10;10;10;11;11;11;12;11;12;12;11;12;10;12;9;12;9;11;9;10
1;0;3;1;0;2;1;2;2;2;3;2;4;2;5;2;6;2;7;2;8;2;9;2;10;2;10;3;10;4;10;5;10;6;10;7;10;8;10;9;10;10;10;11;11;11;12;11;12;12;11;12;10;12;9;12;9;11;9;10;9;9
1;0;3;1;1;2;2;2;3;2;4;2;5;2;6;2;7;2;8;2;9;2;10;2;10;3;10;4;10;5;10;6;10;7;10;8;10;9;10;10;10;11;11;11;12;11;12;12;11;12;10;12;9;12;9;11;9;10;9;9;9;8
1;0;3;1;2;2;3;2;4;2;5;2;6;2;7;2;8;2;9;2;10;2;10;3;10;4;10;5;10;6;10;7;10;8;10;9;10;10;10;11;11;11;12;11;12;12;11;12;10;12;9;12;9;11;9;10;9;9;9;8;9;7
1;0;3;1;3;2;4;2;5;2;6;2;7;2;8;2;9;2;10;2;10;3;10;4;10;5;10;6;10;7;10;8;10;9;10;10;10;11;11;11;12;11;12;12;11;12;10;12;9;12;9;11;9;10;9;9;9;8;9;7;9;6
1;0;3;1;4;2;5;2;6;2;7;2;8;2;9;2;10;2;10;3;10;4;10;5;10;6;10;7;10;8;10;9;10;10;10;11;11;11;12;11;12;12;11;12;10;12;9;12;9;11;9;10;9;9;9;8;9;7;9;6;9;5
1;0;3;1;5;2;6;2;7;2;8;2;9;2;10;2;10;3;10;4;10;5;10;6;10;7;10;8;10;9;10;10;10;11;11;11;12;11;12;12;11;12;10;12;9;12;9;11;9;10;9;9;9;8;9;7;9;6;9;5;9;4
1;0;3;1;6;2;7;2;8;2;9;2;10;2;10;3;10;4;10;5;10;6;10;7;10;8;10;9;10;10;10;11;11;11;12;11;12;12;11;12;10;12;9;12;9;11;9;10;9;9;9;8;9;7;9;6;9;5;9;4;9;3
1;3;3;1;7;2;8;2;9;2;10;2;10;3;10;4;10;5;10;6;10;7;10;8;10;9;10;10;10;11;11;11;12;11;12;12;11;12;10;12;9;12;9;11;9;10;9;9;9;8;9;7;9;6;9;5;9;4;9;3;8;3
1;3;3;1;8;2;9;2;10;2;10;3;10;4;10;5;10;6;10;7;10;8;10;9;10;10;10;11;11;11;12;11;12;12;11;12;10;12;9;12;9;11;9;10;9;9;9;8;9;7;9;6;9;5;9;4;9;3;8;3;7;3
1;0;3;1;9;2;10;2;10;3;10;4;10;5;10;6;10;7;10;8;10;9;10;10;10;11;11;11;12;11;12;12;11;12;10;12;9;12;9;11;9;10;9;9;9;8;9;7;9;6;9;5;9;4;9;3;8;3;7;3;7;2
1;0;3;1;10;2;10;3;10;4;10;5;10;6;10;7;10;8;10;9;10;10;10;11;11;11;12;11;12;12;11;12;10;12;9;12;9;11;9;10;9;9;9;8;9;7;9;6;9;5;9;4;9;3;8;3;7;3;7;2;7;1
1;3;3;1;10;3;10;4;10;5;10;6;10;7;10;8;10;9;10;10;10;11;11;11;12;11;12;12;11;12;10;12;9;12;9;11;9;10;9;9;9;8;9;7;9;6;9;5;9;4;9;3;8;3;7;3;7;2;7;1;6;1
1;3;3;1;10;4;10;5;10;6;10;7;10;8;10;9;10;10;10;11;11;11;12;11;12;12;11;12;10;12;9;12;9;11;9;10;9;9;9;8;9;7;9;6;9;5;9;4;9;3;8;3;7;3;7;2;7;1;6;1;5;1
1;3;3;1;10;5;10;6;10;7;10;8;10;9;10;10;10;11;11;11;12;11;12;12;11;12;10;12;9;12;9;11;9;10;9;9;9;8;9;7;9;6;9;5;9;4;9;3;8;3;7;3;7;2;7;1;6;1;5;1;4;1
1;3;17;9;10;6;10;6;10;7;10;8;10;9;10;10;10;11;11;11;12;11;12;12;11;12;10;12;9;12;9;11;9;10;9;9;9;8;9;7;9;6;9;5;9;4;9;3;8;3;7;3;7;2;7;1;6;1;5;1;4;1;3;1
1;2;17;9;10;6;10;7;10;8;10;9;10;10;10;11;11;11;12;11;12;12;11;12;10;12;9;12;9;11;9;10;9;9;9;8;9;7;9;6;9;5;9;4;9;3;8;3;7;3;7;2;7;1;6;1;5;1;4;1;3;1;3;2
1;2;17;9;10;7;10;8;10;9;10;10;10;11;11;11;12;11;12;12;11;12;10;12;9;12;9;11;9;10;9;9;9;8;9;7;9;6;9;5;9;4;9;3;8;3;7;3;7;2;7;1;6;1;5;1;4;1;3;1;3;2;3;3
1;2;17;9;10;8;10;9;10;10;10;11;11;11;12;11;12;12;11;12;10;12;9;12;9;11;9;10;9;9;9;8;9;7;9;6;9;5;9;4;9;3;8;3;7;3;7;2;7;1;6;1;5;1;4;1;3;1;3;2;3;3;3;4
1;2;17;9;10;9;10;10;10;11;11;11;12;11;12;12;11;12;10;12;9;12;9;11;9;10;9;9;9;8;9;7;9;6;9;5;9;4;9;3;8;3;7;3;7;2;7;1;6;1;5;1;4;1;3;1;3;2;3;3;3;4;3;5
1;2;17;9;10;10;10;11;11;11;12;11;12;12;11;12;10;12;9;12;9;11;9;10;9;9;9;8;9;7;9;6;9;5;9;4;9;3;8;3;7;3;7;2;7;1;6;1;5;1;4;1;3;1;3;2;3;3;3;4;3;5;3;6
1;2;17;9;10;11;11;11;12;11;12;12;11;12;10;12;9;12;9;11;9;10;9;9;9;8;9;7;9;6;9;5;9;4;9;3;8;3;7;3;7;2;7;1;6;1;5;1;4;1;3;1;3;2;3;3;3;4;3;5;3;6;3;7
1;2;17;9;11;11;12;11;12;12;11;12;10;12;9;12;9;11;9;10;9;9;9;8;9;7;9;6;9;5;9;4;9;3;8;3;7;3;7;2;7;1;6;1;5;1;4;1;3;1;3;2;3;3;3;4;3;5;3;6;3;7;3;8
1;2;17;9;12;11;12;12;11;12;10;12;9;12;9;11;9;10;9;9;9;8;9;7;9;6;9;5;9;4;9;3;8;3;7;3;7;2;7;1;6;1;5;1;4;1;3;1;3;2;3;3;3;4;3;5;3;6;3;7;3;8;3;9
1;1;17;9;12;12;11;12;10;12;9;12;9;11;9;10;9;9;9;8;9;7;9;6;9;5;9;4;9;3;8;3;7;3;7;2;7;1;6;1;5;1;4;1;3;1;3;2;3;3;3;4;3;5;3;6;3;7;3;8;3;9;4;9
1;1;17;9;11;12;10;12;9;12;9;11;9;10;9;9;9;8;9;7;9;6;9;5;9;4;9;3;8;3;7;3;7;2;7;1;6;1;5;1;4;1;3;1;3;2;3;3;3;4;3;5;3;6;3;7;3;8;3;9;4;9;5;9
1;1;17;9;10;12;9;12;9;11;9;10;9;9;9;8;9;7;9;6;9;5;9;4;9;3;8;3;7;3;7;2;7;1;6;1;5;1;4;1;3;1;3;2;3;3;3;4;3;5;3;6;3;7;3;8;3;9;4;9;5;9;6;9
1;1;17;9;9;12;9;11;9;10;9;9;9;8;9;7;9;6;9;5;9;4;9;3;8;3;7;3;7;2;7;1;6;1;5;1;4;1;3;1;3;2;3;3;3;4;3;5;3;6;3;7;3;8;3;9;4;9;5;9;6;9;7;9
1;1;17;9;9;11;9;10;9;9;9;8;9;7;9;6;9;5;9;4;9;3;8;3;7;3;7;2;7;1;6;1;5;1;4;1;3;1;3;2;3;3;3;4;3;5;3;6;3;7;3;8;3;9;4;9;5;9;6;9;7;9;8;9
1;2;17;9;9;10;9;9;9;8;9;7;9;6;9;5;9;4;9;3;8;3;7;3;7;2;7;1;6;1;5;1;4;1;3;1;3;2;3;3;3;4;3;5;3;6;3;7;3;8;3;9;4;9;5;9;6;9;7;9;8;9;8;10
1;1;17;9;9;9;9;8;9;7;9;6;9;5;9;4;9;3;8;3;7;3;7;2;7;1;6;1;5;1;4;1;3;1;3;2;3;3;3;4;3;5;3;6;3;7;3;8;3;9;4;9;5;9;6;9;7;9;8;9;8;10;9;10
1;0;17;9;9;8;9;7;9;6;9;5;9;4;9;3;8;3;7;3;7;2;7;1;6;1;5;1;4;1;3;1;3;2;3;3;3;4;3;5;3;6;3;7;3;8;3;9;4;9;5;9;6;9;7;9;8;9;8;10;9;10;9;9
1;1;17;9;9;7;9;6;9;5;9;4;9;3;8;3;7;3;7;2;7;1;6;1;5;1;4;1;3;1;3;2;3;3;3;4;3;5;3;6;3;7;3;8;3;9;4;9;5;9;6;9;7;9;8;9;8;10;9;10;9;9;10;9
1;1;17;9;9;6;9;5;9;4;9;3;8;3;7;3;7;2;7;1;6;1;5;1;4;1;3;1;3;2;3;3;3;4;3;5;3;6;3;7;3;8;3;9;4;9;5;9;6;9;7;9;8;9;8;10;9;10;9;9;10;9;11;9
1;1;17;9;9;5;9;4;9;3;8;3;7;3;7;2;7;1;6;1;5;1;4;1;3;1;3;2;3;3;3;4;3;5;3;6;3;7;3;8;3;9;4;9;5;9;6;9;7;9;8;9;8;10;9;10;9;9;10;9;11;9;12;9
1;1;17;9;9;4;9;3;8;3;7;3;7;2;7;1;6;1;5;1;4;1;3;1;3;2;3;3;3;4;3;5;3;6;3;7;3;8;3;9;4;9;5;9;6;9;7;9;8;9;8;10;9;10;9;9;10;9;11;9;12;9;13;9
1;1;17;9;9;3;8;3;7;3;7;2;7;1;6;1;5;1;4;1;3;1;3;2;3;3;3;4;3;5;3;6;3;7;3;8;3;9;4;9;5;9;6;9;7;9;8;9;8;10;9;10;9;9;10;9;11;9;12;9;13;9;14;9
1;1;17;9;8;3;7;3;7;2;7;1;6;1;5;1;4;1;3;1;3;2;3;3;3;4;3;5;3;6;3;7;3;8;3;9;4;9;5;9;6;9;7;9;8;9;8;10;9;10;9;9;10;9;11;9;12;9;13;9;14;9;15;9
1;1;17;9;7;3;7;2;7;1;6;1;5;1;4;1;3;1;3;2;3;3;3;4;3;5;3;6;3;7;3;8;3;9;4;9;5;9;6;9;7;9;8;9;8;10;9;10;9;9;10;9;11;9;12;9;13;9;14;9;15;9;16;9
1;2;17;9;7;2;7;1;6;1;5;1;4;1;3;1;3;2;3;3;3;4;3;5;3;6;3;7;3;8;3;9;4;9;5;9;6;9;7;9;8;9;8;10;9;10;9;9;10;9;11;9;12;9;13;9;14;9;15;9;16;9;16;10
1;1;17;9;7;1;6;1;5;1;4;1;3;1;3;2;3;3;3;4;3;5;3;6;3;7;3;8;3;9;4;9;5;9;6;9;7;9;8;9;8;10;9;10;9;9;10;9;11;9;12;9;13;9;14;9;15;9;16;9;16;10;17;10
1;0;13;1;6;1;6;1;5;1;4;1;3;1;3;2;3;3;3;4;3;5;3;6;3;7;3;8;3;9;4;9;5;9;6;9;7;9;8;9;8;10;9;10;9;9;10;9;11;9;12;9;13;9;14;9;15;9;16;9;16;10;17;10;17;9
1;0;13;1;6;1;5;1;4;1;3;1;3;2;3;3;3;4;3;5;3;6;3;7;3;8;3;9;4;9;5;9;6;9;7;9;8;9;8;10;9;10;9;9;10;9;11;9;12;9;13;9;14;9;15;9;16;9;16;10;17;10;17;9;17;8
1;0;13;1;5;1;4;1;3;1;3;2;3;3;3;4;3;5;3;6;3;7;3;8;3;9;4;9;5;9;6;9;7;9;8;9;8;10;9;10;9;9;10;9;11;9;12;9;13;9;14;9;15;9;16;9;16;10;17;10;17;9;17;8;17;7
1;0;13;1;4;1;3;1;3;2;3;3;3;4;3;5;3;6;3;7;3;8;3;9;4;9;5;9;6;9;7;9;8;9;8;10;9;10;9;9;10;9;11;9;12;9;13;9;14;9;15;9;16;9;16;10;17;10;17;9;17;8;17;7;17;6
1;0;13;1;3;1;3;2;3;3;3;4;3;5;3;6;3;7;3;8;3;9;4;9;5;9;6;9;7;9;8;9;8;10;9;10;9;9;10;9;11;9;12;9;13;9;14;9;15;9;16;9;16;10;17;10;17;9;17;8;17;7;17;6;17;5
1;0;13;1;3;2;3;3;3;4;3;5;3;6;3;7;3;8;3;9;4;9;5;9;6;9;7;9;8;9;8;10;9;10;9;9;10;9;11;9;12;9;13;9;14;9;15;9;16;9;16;10;17;10;17;9;17;8;17;7;17;6;17;5;17;4
1;0;13;1;3;3;3;4;3;5;3;6;3;7;3;8;3;9;4;9;5;9;6;9;7;9;8;9;8;10;9;10;9;9;10;9;11;9;12;9;13;9;14;9;15;9;16;9;16;10;17;10;17;9;17;8;17;7;17;6;17;5;17;4;17;3
1;0;13;1;3;4;3;5;3;6;3;7;3;8;3;9;4;9;5;9;6;9;7;9;8;9;8;10;9;10;9;9;10;9;11;9;12;9;13;9;14;9;15;9;16;9;16;10;17;10;17;9;17;8;17;7;17;6;17;5;17;4;17;3;17;2
1;0;13;1;3;5;3;6;3;7;3;8;3;9;4;9;5;9;6;9;7;9;8;9;8;10;9;10;9;9;10;9;11;9;12;9;13;9;14;9;15;9;16;9;16;10;17;10;17;9;17;8;17;7;17;6;17;5;17;4;17;3;17;2;17;1
1;3;13;1;3;6;3;7;3;8;3;9;4;9;5;9;6;9;7;9;8;9;8;10;9;10;9;9;10;9;11;9;12;9;13;9;14;9;15;9;16;9;16;10;17;10;17;9;17;8;17;7;17;6;17;5;17;4;17;3;17;2;17;1;16;1
1;3;13;1;3;7;3;8;3;9;4;9;5;9;6;9;7;9;8;9;8;10;9;10;9;9;10;9;11;9;12;9;13;9;14;9;15;9;16;9;16;10;17;10;17;9;17;8;17;7;17;6;17;5;17;4;17;3;17;2;17;1;16;1;15;1
1;3;13;1;3;8;3;9;4;9;5;9;6;9;7;9;8;9;8;10;9;10;9;9;10;9;11;9;12;9;13;9;14;9;15;9;16;9;16;10;17;10;17;9;17;8;17;7;17;6;17;5;17;4;17;3;17;2;17;1;16;1;15;1;14;1
1;3;16;14;3;9;3;9;4;9;5;9;6;9;7;9;8;9;8;10;9;10;9;9;10;9;11;9;12;9;13;9;14;9;15;9;16;9;16;10;17;10;17;9;17;8;17;7;17;6;17;5;17;4;17;3;17;2;17;1;16;1;15;1;14;1;13;1
1;2;16;14;3;9;4;9;5;9;6;9;7;9;8;9;8;10;9;10;9;9;10;9;11;9;12;9;13;9;14;9;15;9;16;9;16;10;17;10;17;9;17;8;17;7;17;6;17;5;17;4;17;3;17;2;17;1;16;1;15;1;14;1;13;1;13;2
1;1;16;14;4;9;5;9;6;9;7;9;8;9;8;10;9;10;9;9;10;9;11;9;12;9;13;9;14;9;15;9;16;9;16;10;17;10;17;9;17;8;17;7;17;6;17;5;17;4;17;3;17;2;17;1;16;1;15;1;14;1;13;1;13;2;14;2
1;1;16;14;5;9;6;9;7;9;8;9;8;10;9;10;9;9;10;9;11;9;12;9;13;9;14;9;15;9;16;9;16;10;17;10;17;9;17;8;17;7;17;6;17;5;17;4;17;3;17;2;17;1;16;1;15;1;14;1;13;1;13;2;14;2;15;2
1;1;16;14;6;9;7;9;8;9;8;10;9;10;9;9;10;9;11;9;12;9;13;9;14;9;15;9;16;9;16;10;17;10;17;9;17;8;17;7;17;6;17;5;17;4;17;3;17;2;17;1;16;1;15;1;14;1;13;1;13;2;14;2;15;2;16;2
1;2;16;14;7;9;8;9;8;10;9;10;9;9;10;9;11;9;12;9;13;9;14;9;15;9;16;9;16;10;17;10;17;9;17;8;17;7;17;6;17;5;17;4;17;3;17;2;17;1;16;1;15;1;14;1;13;1;13;2;14;2;15;2;16;2;16;3
1;2;16;14;8;9;8;10;9;10;9;9;10;9;11;9;12;9;13;9;14;9;15;9;16;9;16;10;17;10;17;9;17;8;17;7;17;6;17;5;17;4;17;3;17;2;17;1;16;1;15;1;14;1;13;1;13;2;14;2;15;2;16;2;16;3;16;4
1;2;16;14;8;10;9;10;9;9;10;9;11;9;12;9;13;9;14;9;15;9;16;9;16;10;17;10;17;9;17;8;17;7;17;6;17;5;17;4;17;3;17;2;17;1;16;1;15;1;14;1;13;1;13;2;14;2;15;2;16;2;16;3;16;4;16;5
1;3;16;14;9;10;9;9;10;9;11;9;12;9;13;9;14;9;15;9;16;9;16;10;17;10;17;9;17;8;17;7;17;6;17;5;17;4;17;3;17;2;17;1;16;1;15;1;14;1;13;1;13;2;14;2;15;2;16;2;16;3;16;4;16;5;15;5
1;2;16;14;9;9;10;9;11;9;12;9;13;9;14;9;15;9;16;9;16;10;17;10;17;9;17;8;17;7;17;6;17;5;17;4;17;3;17;2;17;1;16;1;15;1;14;1;13;1;13;2;14;2;15;2;16;2;16;3;16;4;16;5;15;5;15;6
1;1;16;14;10;9;11;9;12;9;13;9;14;9;15;9;16;9;16;10;17;10;17;9;17;8;17;7;17;6;17;5;17;4;17;3;17;2;17;1;16;1;15;1;14;1;13;1;13;2;14;2;15;2;16;2;16;3;16;4;16;5;15;5;15;6;16;6
1;2;16;14;11;9;12;9;13;9;14;9;15;9;16;9;16;10;17;10;17;9;17;8;17;7;17;6;17;5;17;4;17;3;17;2;17;1;16;1;15;1;14;1;13;1;13;2;14;2;15;2;16;2;16;3;16;4;16;5;15;5;15;6;16;6;16;7
1;2;16;14;12;9;13;9;14;9;15;9;16;9;16;10;17;10;17;9;17;8;17;7;17;6;17;5;17;4;17;3;17;2;17;1;16;1;15;1;14;1;13;1;13;2;14;2;15;2;16;2;16;3;16;4;16;5;15;5;15;6;16;6;16;7;16;8
1;3;16;14;13;9;14;9;15;9;16;9;16;10;17;10;17;9;17;8;17;7;17;6;17;5;17;4;17;3;17;2;17;1;16;1;15;1;14;1;13;1;13;2;14;2;15;2;16;2;16;3;16;4;16;5;15;5;15;6;16;6;16;7;16;8;15;8
1;3;16;14;14;9;15;9;16;9;16;10;17;10;17;9;17;8;17;7;17;6;17;5;17;4;17;3;17;2;17;1;16;1;15;1;14;1;13;1;13;2;14;2;15;2;16;2;16;3;16;4;16;5;15;5;15;6;16;6;16;7;16;8;15;8;14;8
1;2;16;14;15;9;16;9;16;10;17;10;17;9;17;8;17;7;17;6;17;5;17;4;17;3;17;2;17;1;16;1;15;1;14;1;13;1;13;2;14;2;15;2;16;2;16;3;16;4;16;5;15;5;15;6;16;6;16;7;16;8;15;8;14;8;14;9
1;1;16;14;16;9;16;10;17;10;17;9;17;8;17;7;17;6;17;5;17;4;17;3;17;2;17;1;16;1;15;1;14;1;13;1;13;2;14;2;15;2;16;2;16;3;16;4;16;5;15;5;15;6;16;6;16;7;16;8;15;8;14;8;14;9;15;9
1;1;16;14;16;10;17;10;17;9;17;8;17;7;17;6;17;5;17;4;17;3;17;2;17;1;16;1;15;1;14;1;13;1;13;2;14;2;15;2;16;2;16;3;16;4;16;5;15;5;15;6;16;6;16;7;16;8;15;8;14;8;14;9;15;9;16;9
1;2;16;14;17;10;17;9;17;8;17;7;17;6;17;5;17;4;17;3;17;2;17;1;16;1;15;1;14;1;13;1;13;2;14;2;15;2;16;2;16;3;16;4;16;5;15;5;15;6;16;6;16;7;16;8;15;8;14;8;14;9;15;9;16;9;16;10
1;2;16;14;17;9;17;8;17;7;17;6;17;5;17;4;17;3;17;2;17;1;16;1;15;1;14;1;13;1;13;2;14;2;15;2;16;2;16;3;16;4;16;5;15;5;15;6;16;6;16;7;16;8;15;8;14;8;14;9;15;9;16;9;16;10;16;11
1;2;16;14;17;8;17;7;17;6;17;5;17;4;17;3;17;2;17;1;16;1;15;1;14;1;13;1;13;2;14;2;15;2;16;2;16;3;16;4;16;5;15;5;15;6;16;6;16;7;16;8;15;8;14;8;14;9;15;9;16;9;16;10;16;11;16;12
1;2;16;14;17;7;17;6;17;5;17;4;17;3;17;2;17;1;16;1;15;1;14;1;13;1;13;2;14;2;15;2;16;2;16;3;16;4;16;5;15;5;15;6;16;6;16;7;16;8;15;8;14;8;14;9;15;9;16;9;16;10;16;11;16;12;16;13
1;2;12;14;17;6;17;6;17;5;17;4;17;3;17;2;17;1;16;1;15;1;14;1;13;1;13;2;14;2;15;2;16;2;16;3;16;4;16;5;15;5;15;6;16;6;16;7;16;8;15;8;14;8;14;9;15;9;16;9;16;10;16;11;16;12;16;13;16;14
1;3;12;14;17;6;17;5;17;4;17;3;17;2;17;1;16;1;15;1;14;1;13;1;13;2;14;2;15;2;16;2;16;3;16;4;16;5;15;5;15;6;16;6;16;7;16;8;15;8;14;8;14;9;15;9;16;9;16;10;16;11;16;12;16;13;16;14;15;14
1;3;12;14;17;5;17;4;17;3;17;2;17;1;16;1;15;1;14;1;13;1;13;2;14;2;15;2;16;2;16;3;16;4;16;5;15;5;15;6;16;6;16;7;16;8;15;8;14;8;14;9;15;9;16;9;16;10;16;11;16;12;16;13;16;14;15;14;14;14
1;3;12;14;17;4;17;3;17;2;17;1;16;1;15;1;14;1;13;1;13;2;14;2;15;2;16;2;16;3;16;4;16;5;15;5;15;6;16;6;16;7;16;8;15;8;14;8;14;9;15;9;16;9;16;10;16;11;16;12;16;13;16;14;15;14;14;14;13;14
1;3;5;11;17;3;17;3;17;2;17;1;16;1;15;1;14;1;13;1;13;2;14;2;15;2;16;2;16;3;16;4;16;5;15;5;15;6;16;6;16;7;16;8;15;8;14;8;14;9;15;9;16;9;16;10;16;11;16;12;16;13;16;14;15;14;14;14;13;14;12;14
1;0;5;11;17;3;17;2;17;1;16;1;15;1;14;1;13;1;13;2;14;2;15;2;16;2;16;3;16;4;16;5;15;5;15;6;16;6;16;7;16;8;15;8;14;8;14;9;15;9;16;9;16;10;16;11;16;12;16;13;16;14;15;14;14;14;13;14;12;14;12;13
1;0;5;11;17;2;17;1;16;1;15;1;14;1;13;1;13;2;14;2;15;2;16;2;16;3;16;4;16;5;15;5;15;6;16;6;16;7;16;8;15;8;14;8;14;9;15;9;16;9;16;10;16;11;16;12;16;13;16;14;15;14;14;14;13;14;12;14;12;13;12;12
1;0;5;11;17;1;16;1;15;1;14;1;13;1;13;2;14;2;15;2;16;2;16;3;16;4;16;5;15;5;15;6;16;6;16;7;16;8;15;8;14;8;14;9;15;9;16;9;16;10;16;11;16;12;16;13;16;14;15;14;14;14;13;14;12;14;12;13;12;12;12;11
1;3;5;11;16;1;15;1;14;1;13;1;13;2;14;2;15;2;16;2;16;3;16;4;16;5;15;5;15;6;16;6;16;7;16;8;15;8;14;8;14;9;15;9;16;9;16;10;16;11;16;12;16;13;16;14;15;14;14;14;13;14;12;14;12;13;12;12;12;11;11;11
1;3;5;11;15;1;14;1;13;1;13;2;14;2;15;2;16;2;16;3;16;4;16;5;15;5;15;6;16;6;16;7;16;8;15;8;14;8;14;9;15;9;16;9;16;10;16;11;16;12;16;13;16;14;15;14;14;14;13;14;12;14;12;13;12;12;12;11;11;11;10;11
1;3;5;11;14;1;13;1;13;2;14;2;15;2;16;2;16;3;16;4;16;5;15;5;15;6;16;6;16;7;16;8;15;8;14;8;14;9;15;9;16;9;16;10;16;11;16;12;16;13;16;14;15;14;14;14;13;14;12;14;12;13;12;12;12;11;11;11;10;11;9;11
1;3;5;11;13;1;13;2;14;2;15;2;16;2;16;3;16;4;16;5;15;5;15;6;16;6;16;7;16;8;15;8;14;8;14;9;15;9;16;9;16;10;16;11;16;12;16;13;16;14;15;14;14;14;13;14;12;14;12;13;12;12;12;11;11;11;10;11;9;11;8;11
1;3;5;11;13;2;14;2;15;2;16;2;16;3;16;4;16;5;15;5;15;6;16;6;16;7;16;8;15;8;14;8;14;9;15;9;16;9;16;10;16;11;16;12;16;13;16;14;15;14;14;14;13;14;12;14;12;13;12;12;12;11;11;11;10;11;9;11;8;11;7;11
1;3;5;11;14;2;15;2;16;2;16;3;16;4;16;5;15;5;15;6;16;6;16;7;16;8;15;8;14;8;14;9;15;9;16;9;16;10;16;11;16;12;16;13;16;14;15;14;14;14;13;14;12;14;12;13;12;12;12;11;11;11;10;11;9;11;8;11;7;11;6;11
1;3;15;10;15;2;15;2;16;2;16;3;16;4;16;5;15;5;15;6;16;6;16;7;16;8;15;8;14;8;14;9;15;9;16;9;16;10;16;11;16;12;16;13;16;14;15;14;14;14;13;14;12;14;12;13;12;12;12;11;11;11;10;11;9;11;8;11;7;11;6;11;5;11
1;0;15;10;15;2;16;2;16;3;16;4;16;5;15;5;15;6;16;6;16;7;16;8;15;8;14;8;14;9;15;9;16;9;16;10;16;11;16;12;16;13;16;14;15;14;14;14;13;14;12;14;12;13;12;12;12;11;11;11;10;11;9;11;8;11;7;11;6;11;5;11;5;10
1;1;15;10;16;2;16;3;16;4;16;5;15;5;15;6;16;6;16;7;16;8;15;8;14;8;14;9;15;9;16;9;16;10;16;11;16;12;16;13;16;14;15;14;14;14;13;14;12;14;12;13;12;12;12;11;11;11;10;11;9;11;8;11;7;11;6;11;5;11;5;10;6;10
1;1;15;10;16;3;16;4;16;5;15;5;15;6;16;6;16;7;16;8;15;8;14;8;14;9;15;9;16;9;16;10;16;11;16;12;16;13;16;14;15;14;14;14;13;14;12;14;12;13;12;12;12;11;11;11;10;11;9;11;8;11;7;11;6;11;5;11;5;10;6;10;7;10
1;1;15;10;16;4;16;5;15;5;15;6;16;6;16;7;16;8;15;8;14;8;14;9;15;9;16;9;16;10;16;11;16;12;16;13;16;14;15;14;14;14;13;14;12;14;12;13;12;12;12;11;11;11;10;11;9;11;8;11;7;11;6;11;5;11;5;10;6;10;7;10;8;10
1;1;15;10;16;5;15;5;15;6;16;6;16;7;16;8;15;8;14;8;14;9;15;9;16;9;16;10;16;11;16;12;16;13;16;14;15;14;14;14;13;14;12;14;12;13;12;12;12;11;11;11;10;11;9;11;8;11;7;11;6;11;5;11;5;10;6;10;7;10;8;10;9;10
1;1;15;10;15;5;15;6;16;6;16;7;16;8;15;8;14;8;14;9;15;9;16;9;16;10;16;11;16;12;16;13;16;14;15;14;14;14;13;14;12;14;12;13;12;12;12;11;11;11;10;11;9;11;8;11;7;11;6;11;5;11;5;10;6;10;7;10;8;10;9;10;10;10
1;1;15;10;15;6;16;6;16;7;16;8;15;8;14;8;14;9;15;9;16;9;16;10;16;11;16;12;16;13;16;14;15;14;14;14;13;14;12;14;12;13;12;12;12;11;11;11;10;11;9;11;8;11;7;11;6;11;5;11;5;10;6;10;7;10;8;10;9;10;10;10;11;10
1;1;15;10;16;6;16;7;16;8;15;8;14;8;14;9;15;9;16;9;16;10;16;11;16;12;16;13;16;14;15;14;14;14;13;14;12;14;12;13;12;12;12;11;11;11;10;11;9;11;8;11;7;11;6;11;5;11;5;10;6;10;7;10;8;10;9;10;10;10;11;10;12;10
1;1;15;10;16;7;16;8;15;8;14;8;14;9;15;9;16;9;16;10;16;11;16;12;16;13;16;14;15;14;14;14;13;14;12;14;12;13;12;12;12;11;11;11;10;11;9;11;8;11;7;11;6;11;5;11;5;10;6;10;7;10;8;10;9;10;10;10;11;10;12;10;13;10
1;1;15;10;16;8;15;8;14;8;14;9;15;9;16;9;16;10;16;11;16;12;16;13;16;14;15;14;14;14;13;14;12;14;12;13;12;12;12;11;11;11;10;11;9;11;8;11;7;11;6;11;5;11;5;10;6;10;7;10;8;10;9;10;10;10;11;10;12;10;13;10;14;10
1;1;19;7;15;8;15;8;14;8;14;9;15;9;16;9;16;10;16;11;16;12;16;13;16;14;15;14;14;14;13;14;12;14;12;13;12;12;12;11;11;11;10;11;9;11;8;11;7;11;6;11;5;11;5;10;6;10;7;10;8;10;9;10;10;10;11;10;12;10;13;10;14;10;15;10
1;2;19;7;15;8;14;8;14;9;15;9;16;9;16;10;16;11;16;12;16;13;16;14;15;14;14;14;13;14;12;14;12;13;12;12;12;11;11;11;10;11;9;11;8;11;7;11;6;11;5;11;5;10;6;10;7;10;8;10;9;10;10;10;11;10;12;10;13;10;14;10;15;10;15;11
1;3;19;7;14;8;14;9;15;9;16;9;16;10;16;11;16;12;16;13;16;14;15;14;14;14;13;14;12;14;12;13;12;12;12;11;11;11;10;11;9;11;8;11;7;11;6;11;5;11;5;10;6;10;7;10;8;10;9;10;10;10;11;10;12;10;13;10;14;10;15;10;15;11;14;11
1;3;19;7;14;9;15;9;16;9;16;10;16;11;16;12;16;13;16;14;15;14;14;14;13;14;12;14;12;13;12;12;12;11;11;11;10;11;9;11;8;11;7;11;6;11;5;11;5;10;6;10;7;10;8;10;9;10;10;10;11;10;12;10;13;10;14;10;15;10;15;11;14;11;13;11
1;2;19;7;15;9;16;9;16;10;16;11;16;12;16;13;16;14;15;14;14;14;13;14;12;14;12;13;12;12;12;11;11;11;10;11;9;11;8;11;7;11;6;11;5;11;5;10;6;10;7;10;8;10;9;10;10;10;11;10;12;10;13;10;14;10;15;10;15;11;14;11;13;11;13;12
1;1;19;7;16;9;16;10;16;11;16;12;16;13;16;14;15;14;14;14;13;14;12;14;12;13;12;12;12;11;11;11;10;11;9;11;8;11;7;11;6;11;5;11;5;10;6;10;7;10;8;10;9;10;10;10;11;10;12;10;13;10;14;10;15;10;15;11;14;11;13;11;13;12;14;12
1;2;19;7;16;10;16;11;16;12;16;13;16;14;15;14;14;14;13;14;12;14;12;13;12;12;12;11;11;11;10;11;9;11;8;11;7;11;6;11;5;11;5;10;6;10;7;10;8;10;9;10;10;10;11;10;12;10;13;10;14;10;15;10;15;11;14;11;13;11;13;12;14;12;14;13
1;1;19;7;16;11;16;12;16;13;16;14;15;14;14;14;13;14;12;14;12;13;12;12;12;11;11;11;10;11;9;11;8;11;7;11;6;11;5;11;5;10;6;10;7;10;8;10;9;10;10;10;11;10;12;10;13;10;14;10;15;10;15;11;14;11;13;11;13;12;14;12;14;13;15;13
1;0;19;7;16;12;16;13;16;14;15;14;14;14;13;14;12;14;12;13;12;12;12;11;11;11;10;11;9;11;8;11;7;11;6;11;5;11;5;10;6;10;7;10;8;10;9;10;10;10;11;10;12;10;13;10;14;10;15;10;15;11;14;11;13;11;13;12;14;12;14;13;15;13;15;12
1;1;19;7;16;13;16;14;15;14;14;14;13;14;12;14;12;13;12;12;12;11;11;11;10;11;9;11;8;11;7;11;6;11;5;11;5;10;6;10;7;10;8;10;9;10;10;10;11;10;12;10;13;10;14;10;15;10;15;11;14;11;13;11;13;12;14;12;14;13;15;13;15;12;16;12
1;1;19;7;16;14;15;14;14;14;13;14;12;14;12;13;12;12;12;11;11;11;10;11;9;11;8;11;7;11;6;11;5;11;5;10;6;10;7;10;8;10;9;10;10;10;11;10;12;10;13;10;14;10;15;10;15;11;14;11;13;11;13;12;14;12;14;13;15;13;15;12;16;12;17;12
1;1;19;7;15;14;14;14;13;14;12;14;12;13;12;12;12;11;11;11;10;11;9;11;8;11;7;11;6;11;5;11;5;10;6;10;7;10;8;10;9;10;10;10;11;10;12;10;13;10;14;10;15;10;15;11;14;11;13;11;13;12;14;12;14;13;15;13;15;12;16;12;17;12;18;12
1;1;19;7;14;14;13;14;12;14;12;13;12;12;12;11;11;11;10;11;9;11;8;11;7;11;6;11;5;11;5;10;6;10;7;10;8;10;9;10;10;10;11;10;12;10;13;10;14;10;15;10;15;11;14;11;13;11;13;12;14;12;14;13;15;13;15;12;16;12;17;12;18;12;19;12
1;0;19;7;13;14;12;14;12;13;12;12;12;11;11;11;10;11;9;11;8;11;7;11;6;11;5;11;5;10;6;10;7;10;8;10;9;10;10;10;11;10;12;10;13;10;14;10;15;10;15;11;14;11;13;11;13;12;14;12;14;13;15;13;15;12;16;12;17;12;18;12;19;12;19;11
1;0;19;7;12;14;12;13;12;12;12;11;11;11;10;11;9;11;8;11;7;11;6;11;5;11;5;10;6;10;7;10;8;10;9;10;10;10;11;10;12;10;13;10;14;10;15;10;15;11;14;11;13;11;13;12;14;12;14;13;15;13;15;12;16;12;17;12;18;12;19;12;19;11;19;10
1;0;19;7;12;13;12;12;12;11;11;11;10;11;9;11;8;11;7;11;6;11;5;11;5;10;6;10;7;10;8;10;9;10;10;10;11;10;12;10;13;10;14;10;15;10;15;11;14;11;13;11;13;12;14;12;14;13;15;13;15;12;16;12;17;12;18;12;19;12;19;11;19;10;19;9
1;0;19;7;12;12;12;11;11;11;10;11;9;11;8;11;7;11;6;11;5;11;5;10;6;10;7;10;8;10;9;10;10;10;11;10;12;10;13;10;14;10;15;10;15;11;14;11;13;11;13;12;14;12;14;13;15;13;15;12;16;12;17;12;18;12;19;12;19;11;19;10;19;9;19;8
1;0;17;0;12;11;12;11;11;11;10;11;9;11;8;11;7;11;6;11;5;11;5;10;6;10;7;10;8;10;9;10;10;10;11;10;12;10;13;10;14;10;15;10;15;11;14;11;13;11;13;12;14;12;14;13;15;13;15;12;16;12;17;12;18;12;19;12;19;11;19;10;19;9;19;8;19;7
1;0;17;0;12;11;11;11;10;11;9;11;8;11;7;11;6;11;5;11;5;10;6;10;7;10;8;10;9;10;10;10;11;10;12;10;13;10;14;10;15;10;15;11;14;11;13;11;13;12;14;12;14;13;15;13;15;12;16;12;17;12;18;12;19;12;19;11;19;10;19;9;19;8;19;7;19;6
1;0;17;0;11;11;10;11;9;11;8;11;7;11;6;11;5;11;5;10;6;10;7;10;8;10;9;10;10;10;11;10;12;10;13;10;14;10;15;10;15;11;14;11;13;11;13;12;14;12;14;13;15;13;15;12;16;12;17;12;18;12;19;12;19;11;19;10;19;9;19;8;19;7;19;6;19;5
1;0;17;0;10;11;9;11;8;11;7;11;6;11;5;11;5;10;6;10;7;10;8;10;9;10;10;10;11;10;12;10;13;10;14;10;15;10;15;11;14;11;13;11;13;12;14;12;14;13;15;13;15;12;16;12;17;12;18;12;19;12;19;11;19;10;19;9;19;8;19;7;19;6;19;5;19;4
1;0;17;0;9;11;8;11;7;11;6;11;5;11;5;10;6;10;7;10;8;10;9;10;10;10;11;10;12;10;13;10;14;10;15;10;15;11;14;11;13;11;13;12;14;12;14;13;15;13;15;12;16;12;17;12;18;12;19;12;19;11;19;10;19;9;19;8;19;7;19;6;19;5;19;4;19;3
1;0;17;0;8;11;7;11;6;11;5;11;5;10;6;10;7;10;8;10;9;10;10;10;11;10;12;10;13;10;14;10;15;10;15;11;14;11;13;11;13;12;14;12;14;13;15;13;15;12;16;12;17;12;18;12;19;12;19;11;19;10;19;9;19;8;19;7;19;6;19;5;19;4;19;3;19;2
1;0;17;0;7;11;6;11;5;11;5;10;6;10;7;10;8;10;9;10;10;10;11;10;12;10;13;10;14;10;15;10;15;11;14;11;13;11;13;12;14;12;14;13;15;13;15;12;16;12;17;12;18;12;19;12;19;11;19;10;19;9;19;8;19;7;19;6;19;5;19;4;19;3;19;2;19;1
1;0;17;0;6;11;5;11;5;10;6;10;7;10;8;10;9;10;10;10;11;10;12;10;13;10;14;10;15;10;15;11;14;11;13;11;13;12;14;12;14;13;15;13;15;12;16;12;17;12;18;12;19;12;19;11;19;10;19;9;19;8;19;7;19;6;19;5;19;4;19;3;19;2;19;1;19;0
1;3;17;0;5;11;5;10;6;10;7;10;8;10;9;10;10;10;11;10;12;10;13;10;14;10;15;10;15;11;14;11;13;11;13;12;14;12;14;13;15;13;15;12;16;12;17;12;18;12;19;12;19;11;19;10;19;9;19;8;19;7;19;6;19;5;19;4;19;3;19;2;19;1;19;0;18;0
1;3;8;1;5;10;5;10;6;10;7;10;8;10;9;10;10;10;11;10;12;10;13;10;14;10;15;10;15;11;14;11;13;11;13;12;14;12;14;13;15;13;15;12;16;12;17;12;18;12;19;12;19;11;19;10;19;9;19;8;19;7;19;6;19;5;19;4;19;3;19;2;19;1;19;0;18;0;17;0
1;2;8;1;5;10;6;10;7;10;8;10;9;10;10;10;11;10;12;10;13;10;14;10;15;10;15;11;14;11;13;11;13;12;14;12;14;13;15;13;15;12;16;12;17;12;18;12;19;12;19;11;19;10;19;9;19;8;19;7;19;6;19;5;19;4;19;3;19;2;19;1;19;0;18;0;17;0;17;1
1;3;8;1;6;10;7;10;8;10;9;10;10;10;11;10;12;10;13;10;14;10;15;10;15;11;14;11;13;11;13;12;14;12;14;13;15;13;15;12;16;12;17;12;18;12;19;12;19;11;19;10;19;9;19;8;19;7;19;6;19;5;19;4;19;3;19;2;19;1;19;0;18;0;17;0;17;1;16;1
1;3;8;1;7;10;8;10;9;10;10;10;11;10;12;10;13;10;14;10;15;10;15;11;14;11;13;11;13;12;14;12;14;13;15;13;15;12;16;12;17;12;18;12;19;12;19;11;19;10;19;9;19;8;19;7;19;6;19;5;19;4;19;3;19;2;19;1;19;0;18;0;17;0;17;1;16;1;15;1
1;3;8;1;8;10;9;10;10;10;11;10;12;10;13;10;14;10;15;10;15;11;14;11;13;11;13;12;14;12;14;13;15;13;15;12;16;12;17;12;18;12;19;12;19;11;19;10;19;9;19;8;19;7;19;6;19;5;19;4;19;3;19;2;19;1;19;0;18;0;17;0;17;1;16;1;15;1;14;1
1;3;8;1;9;10;10;10;11;10;12;10;13;10;14;10;15;10;15;11;14;11;13;11;13;12;14;12;14;13;15;13;15;12;16;12;17;12;18;12;19;12;19;11;19;10;19;9;19;8;19;7;19;6;19;5;19;4;19;3;19;2;19;1;19;0;18;0;17;0;17;1;16;1;15;1;14;1;13;1
1;3;8;1;10;10;11;10;12;10;13;10;14;10;15;10;15;11;14;11;13;11;13;12;14;12;14;13;15;13;15;12;16;12;17;12;18;12;19;12;19;11;19;10;19;9;19;8;19;7;19;6;19;5;19;4;19;3;19;2;19;1;19;0;18;0;17;0;17;1;16;1;15;1;14;1;13;1;12;1
1;3;8;1;11;10;12;10;13;10;14;10;15;10;15;11;14;11;13;11;13;12;14;12;14;13;15;13;15;12;16;12;17;12;18;12;19;12;19;11;19;10;19;9;19;8;19;7;19;6;19;5;19;4;19;3;19;2;19;1;19;0;18;0;17;0;17;1;16;1;15;1;14;1;13;1;12;1;11;1
1;3;8;1;12;10;13;10;14;10;15;10;15;11;14;11;13;11;13;12;14;12;14;13;15;13;15;12;16;12;17;12;18;12;19;12;19;11;19;10;19;9;19;8;19;7;19;6;19;5;19;4;19;3;19;2;19;1;19;0;18;0;17;0;17;1;16;1;15;1;14;1;13;1;12;1;11;1;10;1
1;3;8;1;13;10;14;10;15;10;15;11;14;11;13;11;13;12;14;12;14;13;15;13;15;12;16;12;17;12;18;12;19;12;19;11;19;10;19;9;19;8;19;7;19;6;19;5;19;4;19;3;19;2;19;1;19;0;18;0;17;0;17;1;16;1;15;1;14;1;13;1;12;1;11;1;10;1;9;1
1;3;3;16;14;10;14;10;15;10;15;11;14;11;13;11;13;12;14;12;14;13;15;13;15;12;16;12;17;12;18;12;19;12;19;11;19;10;19;9;19;8;19;7;19;6;19;5;19;4;19;3;19;2;19;1;19;0;18;0;17;0;17;1;16;1;15;1;14;1;13;1;12;1;11;1;10;1;9;1;8;1
1;3;3;16;14;10;15;10;15;11;14;11;13;11;13;12;14;12;14;13;15;13;15;12;16;12;17;12;18;12;19;12;19;11;19;10;19;9;19;8;19;7;19;6;19;5;19;4;19;3;19;2;19;1;19;0;18;0;17;0;17;1;16;1;15;1;14;1;13;1;12;1;11;1;10;1;9;1;8;1;7;1
1;3;3;16;15;10;15;11;14;11;13;11;13;12;14;12;14;13;15;13;15;12;16;12;17;12;18;12;19;12;19;11;19;10;19;9;19;8;19;7;19;6;19;5;19;4;19;3;19;2;19;1;19;0;18;0;17;0;17;1;16;1;15;1;14;1;13;1;12;1;11;1;10;1;9;1;8;1;7;1;6;1
1;3;3;16;15;11;14;11;13;11;13;12;14;12;14;13;15;13;15;12;16;12;17;12;18;12;19;12;19;11;19;10;19;9;19;8;19;7;19;6;19;5;19;4;19;3;19;2;19;1;19;0;18;0;17;0;17;1;16;1;15;1;14;1;13;1;12;1;11;1;10;1;9;1;8;1;7;1;6;1;5;1
1;3;3;16;14;11;13;11;13;12;14;12;14;13;15;13;15;12;16;12;17;12;18;12;19;12;19;11;19;10;19;9;19;8;19;7;19;6;19;5;19;4;19;3;19;2;19;1;19;0;18;0;17;0;17;1;16;1;15;1;14;1;13;1;12;1;11;1;10;1;9;1;8;1;7;1;6;1;5;1;4;1
1;3;3;16;13;11;13;12;14;12;14;13;15;13;15;12;16;12;17;12;18;12;19;12;19;11;19;10;19;9;19;8;19;7;19;6;19;5;19;4;19;3;19;2;19;1;19;0;18;0;17;0;17;1;16;1;15;1;14;1;13;1;12;1;11;1;10;1;9;1;8;1;7;1;6;1;5;1;4;1;3;1
1;2;3;16;13;12;14;12;14;13;15;13;15;12;16;12;17;12;18;12;19;12;19;11;19;10;19;9;19;8;19;7;19;6;19;5;19;4;19;3;19;2;19;1;19;0;18;0;17;0;17;1;16;1;15;1;14;1;13;1;12;1;11;1;10;1;9;1;8;1;7;1;6;1;5;1;4;1;3;1;3;2
1;2;3;16;14;12;14;13;15;13;15;12;16;12;17;12;18;12;19;12;19;11;19;10;19;9;19;8;19;7;19;6;19;5;19;4;19;3;19;2;19;1;19;0;18;0;17;0;17;1;16;1;15;1;14;1;13;1;12;1;11;1;10;1;9;1;8;1;7;1;6;1;5;1;4;1;3;1;3;2;3;3
1;2;3;16;14;13;15;13;15;12;16;12;17;12;18;12;19;12;19;11;19;10;19;9;19;8;19;7;19;6;19;5;19;4;19;3;19;2;19;1;19;0;18;0;17;0;17;1;16;1;15;1;14;1;13;1;12;1;11;1;10;1;9;1;8;1;7;1;6;1;5;1;4;1;3;1;3;2;3;3;3;4
1;2;3;16;15;13;15;12;16;12;17;12;18;12;19;12;19;11;19;10;19;9;19;8;19;7;19;6;19;5;19;4;19;3;19;2;19;1;19;0;18;0;17;0;17;1;16;1;15;1;14;1;13;1;12;1;11;1;10;1;9;1;8;1;7;1;6;1;5;1;4;1;3;1;3;2;3;3;3;4;3;5
1;2;3;16;15;12;16;12;17;12;18;12;19;12;19;11;19;10;19;9;19;8;19;7;19;6;19;5;19;4;19;3;19;2;19;1;19;0;18;0;17;0;17;1;16;1;15;1;14;1;13;1;12;1;11;1;10;1;9;1;8;1;7;1;6;1;5;1;4;1;3;1;3;2;3;3;3;4;3;5;3;6
1;2;3;16;16;12;17;12;18;12;19;12;19;11;19;10;19;9;19;8;19;7;19;6;19;5;19;4;19;3;19;2;19;1;19;0;18;0;17;0;17;1;16;1;15;1;14;1;13;1;12;1;11;1;10;1;9;1;8;1;7;1;6;1;5;1;4;1;3;1;3;2;3;3;3;4;3;5;3;6;3;7
1;2;3;16;17;12;18;12;19;12;19;11;19;10;19;9;19;8;19;7;19;6;19;5;19;4;19;3;19;2;19;1;19;0;18;0;17;0;17;1;16;1;15;1;14;1;13;1;12;1;11;1;10;1;9;1;8;1;7;1;6;1;5;1;4;1;3;1;3;2;3;3;3;4;3;5;3;6;3;7;3;8
1;2;3;16;18;12;19;12;19;11;19;10;19;9;19;8;19;7;19;6;19;5;19;4;19;3;19;2;19;1;19;0;18;0;17;0;17;1;16;1;15;1;14;1;13;1;12;1;11;1;10;1;9;1;8;1;7;1;6;1;5;1;4;1;3;1;3;2;3;3;3;4;3;5;3;6;3;7;3;8;3;9
1;2;3;16;19;12;19;11;19;10;19;9;19;8;19;7;19;6;19;5;19;4;19;3;19;2;19;1;19;0;18;0;17;0;17;1;16;1;15;1;14;1;13;1;12;1;11;1;10;1;9;1;8;1;7;1;6;1;5;1;4;1;3;1;3;2;3;3;3;4;3;5;3;6;3;7;3;8;3;9;3;10
1;2;3;16;19;11;19;10;19;9;19;8;19;7;19;6;19;5;19;4;19;3;19;2;19;1;19;0;18;0;17;0;17;1;16;1;15;1;14;1;13;1;12;1;11;1;10;1;9;1;8;1;7;1;6;1;5;1;4;1;3;1;3;2;3;3;3;4;3;5;3;6;3;7;3;8;3;9;3;10;3;11
1;2;3;16;19;10;19;9;19;8;19;7;19;6;19;5;19;4;19;3;19;2;19;1;19;0;18;0;17;0;17;1;16;1;15;1;14;1;13;1;12;1;11;1;10;1;9;1;8;1;7;1;6;1;5;1;4;1;3;1;3;2;3;3;3;4;3;5;3;6;3;7;3;8;3;9;3;10;3;11;3;12
1;2;3;16;19;9;19;8;19;7;19;6;19;5;19;4;19;3;19;2;19;1;19;0;18;0;17;0;17;1;16;1;15;1;14;1;13;1;12;1;11;1;10;1;9;1;8;1;7;1;6;1;5;1;4;1;3;1;3;2;3;3;3;4;3;5;3;6;3;7;3;8;3;9;3;10;3;11;3;12;3;13
1;2;3;16;19;8;19;7;19;6;19;5;19;4;19;3;19;2;19;1;19;0;18;0;17;0;17;1;16;1;15;1;14;1;13;1;12;1;11;1;10;1;9;1;8;1;7;1;6;1;5;1;4;1;3;1;3;2;3;3;3;4;3;5;3;6;3;7;3;8;3;9;3;10;3;11;3;12;3;13;3;14
1;2;3;16;19;7;19;6;19;5;19;4;19;3;19;2;19;1;19;0;18;0;17;0;17;1;16;1;15;1;14;1;13;1;12;1;11;1;10;1;9;1;8;1;7;1;6;1;5;1;4;1;3;1;3;2;3;3;3;4;3;5;3;6;3;7;3;8;3;9;3;10;3;11;3;12;3;13;3;14;3;15
1;2;16;14;19;6;19;6;19;5;19;4;19;3;19;2;19;1;19;0;18;0;17;0;17;1;16;1;15;1;14;1;13;1;12;1;11;1;10;1;9;1;8;1;7;1;6;1;5;1;4;1;3;1;3;2;3;3;3;4;3;5;3;6;3;7;3;8;3;9;3;10;3;11;3;12;3;13;3;14;3;15;3;16
1;1;16;14;19;6;19;5;19;4;19;3;19;2;19;1;19;0;18;0;17;0;17;1;16;1;15;1;14;1;13;1;12;1;11;1;10;1;9;1;8;1;7;1;6;1;5;1;4;1;3;1;3;2;3;3;3;4;3;5;3;6;3;7;3;8;3;9;3;10;3;11;3;12;3;13;3;14;3;15;3;16;4;16
1;0;16;14;19;5;19;4;19;3;19;2;19;1;19;0;18;0;17;0;17;1;16;1;15;1;14;1;13;1;12;1;11;1;10;1;9;1;8;1;7;1;6;1;5;1;4;1;3;1;3;2;3;3;3;4;3;5;3;6;3;7;3;8;3;9;3;10;3;11;3;12;3;13;3;14;3;15;3;16;4;16;4;15
1;0;16;14;19;4;19;3;19;2;19;1;19;0;18;0;17;0;17;1;16;1;15;1;14;1;13;1;12;1;11;1;10;1;9;1;8;1;7;1;6;1;5;1;4;1;3;1;3;2;3;3;3;4;3;5;3;6;3;7;3;8;3;9;3;10;3;11;3;12;3;13;3;14;3;15;3;16;4;16;4;15;4;14
1;1;16;14;19;3;19;2;19;1;19;0;18;0;17;0;17;1;16;1;15;1;14;1;13;1;12;1;11;1;10;1;9;1;8;1;7;1;6;1;5;1;4;1;3;1;3;2;3;3;3;4;3;5;3;6;3;7;3;8;3;9;3;10;3;11;3;12;3;13;3;14;3;15;3;16;4;16;4;15;4;14;5;14
1;1;16;14;19;2;19;1;19;0;18;0;17;0;17;1;16;1;15;1;14;1;13;1;12;1;11;1;10;1;9;1;8;1;7;1;6;1;5;1;4;1;3;1;3;2;3;3;3;4;3;5;3;6;3;7;3;8;3;9;3;10;3;11;3;12;3;13;3;14;3;15;3;16;4;16;4;15;4;14;5;14;6;14
1;1;16;14;19;1;19;0;18;0;17;0;17;1;16;1;15;1;14;1;13;1;12;1;11;1;10;1;9;1;8;1;7;1;6;1;5;1;4;1;3;1;3;2;3;3;3;4;3;5;3;6;3;7;3;8;3;9;3;10;3;11;3;12;3;13;3;14;3;15;3;16;4;16;4;15;4;14;5;14;6;14;7;14
1;1;16;14;19;0;18;0;17;0;17;1;16;1;15;1;14;1;13;1;12;1;11;1;10;1;9;1;8;1;7;1;6;1;5;1;4;1;3;1;3;2;3;3;3;4;3;5;3;6;3;7;3;8;3;9;3;10;3;11;3;12;3;13;3;14;3;15;3;16;4;16;4;15;4;14;5;14;6;14;7;14;8;14
1;1;16;14;18;0;17;0;17;1;16;1;15;1;14;1;13;1;12;1;11;1;10;1;9;1;8;1;7;1;6;1;5;1;4;1;3;1;3;2;3;3;3;4;3;5;3;6;3;7;3;8;3;9;3;10;3;11;3;12;3;13;3;14;3;15;3;16;4;16;4;15;4;14;5;14;6;14;7;14;8;14;9;14
1;1;16;14;17;0;17;1;16;1;15;1;14;1;13;1;12;1;11;1;10;1;9;1;8;1;7;1;6;1;5;1;4;1;3;1;3;2;3;3;3;4;3;5;3;6;3;7;3;8;3;9;3;10;3;11;3;12;3;13;3;14;3;15;3;16;4;16;4;15;4;14;5;14;6;14;7;14;8;14;9;14;10;14
1;1;16;14;17;1;16;1;15;1;14;1;13;1;12;1;11;1;10;1;9;1;8;1;7;1;6;1;5;1;4;1;3;1;3;2;3;3;3;4;3;5;3;6;3;7;3;8;3;9;3;10;3;11;3;12;3;13;3;14;3;15;3;16;4;16;4;15;4;14;5;14;6;14;7;14;8;14;9;14;10;14;11;14
1;1;16;14;16;1;15;1;14;1;13;1;12;1;11;1;10;1;9;1;8;1;7;1;6;1;5;1;4;1;3;1;3;2;3;3;3;4;3;5;3;6;3;7;3;8;3;9;3;10;3;11;3;12;3;13;3;14;3;15;3;16;4;16;4;15;4;14;5;14;6;14;7;14;8;14;9;14;10;14;11;14;12;14
1;1;16;14;15;1;14;1;13;1;12;1;11;1;10;1;9;1;8;1;7;1;6;1;5;1;4;1;3;1;3;2;3;3;3;4;3;5;3;6;3;7;3;8;3;9;3;10;3;11;3;12;3;13;3;14;3;15;3;16;4;16;4;15;4;14;5;14;6;14;7;14;8;14;9;14;10;14;11;14;12;14;13;14
1;1;16;14;14;1;13;1;12;1;11;1;10;1;9;1;8;1;7;1;6;1;5;1;4;1;3;1;3;2;3;3;3;4;3;5;3;6;3;7;3;8;3;9;3;10;3;11;3;12;3;13;3;14;3;15;3;16;4;16;4;15;4;14;5;14;6;14;7;14;8;14;9;14;10;14;11;14;12;14;13;14;14;14
1;1;16;14;13;1;12;1;11;1;10;1;9;1;8;1;7;1;6;1;5;1;4;1;3;1;3;2;3;3;3;4;3;5;3;6;3;7;3;8;3;9;3;10;3;11;3;12;3;13;3;14;3;15;3;16;4;16;4;15;4;14;5;14;6;14;7;14;8;14;9;14;10;14;11;14;12;14;13;14;14;14;15;14
1;1;6;16;12;1;12;1;11;1;10;1;9;1;8;1;7;1;6;1;5;1;4;1;3;1;3;2;3;3;3;4;3;5;3;6;3;7;3;8;3;9;3;10;3;11;3;12;3;13;3;14;3;15;3;16;4;16;4;15;4;14;5;14;6;14;7;14;8;14;9;14;10;14;11;14;12;14;13;14;14;14;15;14;16;14
1;2;6;16;12;1;11;1;10;1;9;1;8;1;7;1;6;1;5;1;4;1;3;1;3;2;3;3;3;4;3;5;3;6;3;7;3;8;3;9;3;10;3;11;3;12;3;13;3;14;3;15;3;16;4;16;4;15;4;14;5;14;6;14;7;14;8;14;9;14;10;14;11;14;12;14;13;14;14;14;15;14;16;14;16;15
1;2;6;16;11;1;10;1;9;1;8;1;7;1;6;1;5;1;4;1;3;1;3;2;3;3;3;4;3;5;3;6;3;7;3;8;3;9;3;10;3;11;3;12;3;13;3;14;3;15;3;16;4;16;4;15;4;14;5;14;6;14;7;14;8;14;9;14;10;14;11;14;12;14;13;14;14;14;15;14;16;14;16;15;16;16
1;3;6;16;10;1;9;1;8;1;7;1;6;1;5;1;4;1;3;1;3;2;3;3;3;4;3;5;3;6;3;7;3;8;3;9;3;10;3;11;3;12;3;13;3;14;3;15;3;16;4;16;4;15;4;14;5;14;6;14;7;14;8;14;9;14;10;14;11;14;12;14;13;14;14;14;15;14;16;14;16;15;16;16;15;16
1;3;6;16;9;1;8;1;7;1;6;1;5;1;4;1;3;1;3;2;3;3;3;4;3;5;3;6;3;7;3;8;3;9;3;10;3;11;3;12;3;13;3;14;3;15;3;16;4;16;4;15;4;14;5;14;6;14;7;14;8;14;9;14;10;14;11;14;12;14;13;14;14;14;15;14;16;14;16;15;16;16;15;16;14;16
1;3;6;16;8;1;7;1;6;1;5;1;4;1;3;1;3;2;3;3;3;4;3;5;3;6;3;7;3;8;3;9;3;10;3;11;3;12;3;13;3;14;3;15;3;16;4;16;4;15;4;14;5;14;6;14;7;14;8;14;9;14;10;14;11;14;12;14;13;14;14;14;15;14;16;14;16;15;16;16;15;16;14;16;13;16
1;3;6;16;7;1;6;1;5;1;4;1;3;1;3;2;3;3;3;4;3;5;3;6;3;7;3;8;3;9;3;10;3;11;3;12;3;13;3;14;3;15;3;16;4;16;4;15;4;14;5;14;6;14;7;14;8;14;9;14;10;14;11;14;12;14;13;14;14;14;15;14;16;14;16;15;16;16;15;16;14;16;13;16;12;16
1;3;6;16;6;1;5;1;4;1;3;1;3;2;3;3;3;4;3;5;3;6;3;7;3;8;3;9;3;10;3;11;3;12;3;13;3;14;3;15;3;16;4;16;4;15;4;14;5;14;6;14;7;14;8;14;9;14;10;14;11;14;12;14;13;14;14;14;15;14;16;14;16;15;16;16;15;16;14;16;13;16;12;16;11;16
1;3;6;16;5;1;4;1;3;1;3;2;3;3;3;4;3;5;3;6;3;7;3;8;3;9;3;10;3;11;3;12;3;13;3;14;3;15;3;16;4;16;4;15;4;14;5;14;6;14;7;14;8;14;9;14;10;14;11;14;12;14;13;14;14;14;15;14;16;14;16;15;16;16;15;16;14;16;13;16;12;16;11;16;10;16
1;3;6;16;4;1;3;1;3;2;3;3;3;4;3;5;3;6;3;7;3;8;3;9;3;10;3;11;3;12;3;13;3;14;3;15;3;16;4;16;4;15;4;14;5;14;6;14;7;14;8;14;9;14;10;14;11;14;12;14;13;14;14;14;15;14;16;14;16;15;16;16;15;16;14;16;13;16;12;16;11;16;10;16;9;16
1;3;6;16;3;1;3;2;3;3;3;4;3;5;3;6;3;7;3;8;3;9;3;10;3;11;3;12;3;13;3;14;3;15;3;16;4;16;4;15;4;14;5;14;6;14;7;14;8;14;9;14;10;14;11;14;12;14;13;14;14;14;15;14;16;14;16;15;16;16;15;16;14;16;13;16;12;16;11;16;10;16;9;16;8;16
1;3;6;16;3;2;3;3;3;4;3;5;3;6;3;7;3;8;3;9;3;10;3;11;3;12;3;13;3;14;3;15;3;16;4;16;4;15;4;14;5;14;6;14;7;14;8;14;9;14;10;14;11;14;12;14;13;14;14;14;15;14;16;14;16;15;16;16;15;16;14;16;13;16;12;16;11;16;10;16;9;16;8;16;7;16
1;3;5;10;3;3;3;3;3;4;3;5;3;6;3;7;3;8;3;9;3;10;3;11;3;12;3;13;3;14;3;15;3;16;4;16;4;15;4;14;5;14;6;14;7;14;8;14;9;14;10;14;11;14;12;14;13;14;14;14;15;14;16;14;16;15;16;16;15;16;14;16;13;16;12;16;11;16;10;16;9;16;8;16;7;16;6;16
1;3;5;10;3;3;3;4;3;5;3;6;3;7;3;8;3;9;3;10;3;11;3;12;3;13;3;14;3;15;3;16;4;16;4;15;4;14;5;14;6;14;7;14;8;14;9;14;10;14;11;14;12;14;13;14;14;14;15;14;16;14;16;15;16;16;15;16;14;16;13;16;12;16;11;16;10;16;9;16;8;16;7;16;6;16;5;16
1;2;5;10;3;4;3;5;3;6;3;7;3;8;3;9;3;10;3;11;3;12;3;13;3;14;3;15;3;16;4;16;4;15;4;14;5;14;6;14;7;14;8;14;9;14;10;14;11;14;12;14;13;14;14;14;15;14;16;14;16;15;16;16;15;16;14;16;13;16;12;16;11;16;10;16;9;16;8;16;7;16;6;16;5;16;5;17
1;3;5;10;3;5;3;6;3;7;3;8;3;9;3;10;3;11;3;12;3;13;3;14;3;15;3;16;4;16;4;15;4;14;5;14;6;14;7;14;8;14;9;14;10;14;11;14;12;14;13;14;14;14;15;14;16;14;16;15;16;16;15;16;14;16;13;16;12;16;11;16;10;16;9;16;8;16;7;16;6;16;5;16;5;17;4;17
1;3;5;10;3;6;3;7;3;8;3;9;3;10;3;11;3;12;3;13;3;14;3;15;3;16;4;16;4;15;4;14;5;14;6;14;7;14;8;14;9;14;10;14;11;14;12;14;13;14;14;14;15;14;16;14;16;15;16;16;15;16;14;16;13;16;12;16;11;16;10;16;9;16;8;16;7;16;6;16;5;16;5;17;4;17;3;17
1;3;5;10;3;7;3;8;3;9;3;10;3;11;3;12;3;13;3;14;3;15;3;16;4;16;4;15;4;14;5;14;6;14;7;14;8;14;9;14;10;14;11;14;12;14;13;14;14;14;15;14;16;14;16;15;16;16;15;16;14;16;13;16;12;16;11;16;10;16;9;16;8;16;7;16;6;16;5;16;5;17;4;17;3;17;2;17
1;0;5;10;3;8;3;9;3;10;3;11;3;12;3;13;3;14;3;15;3;16;4;16;4;15;4;14;5;14;6;14;7;14;8;14;9;14;10;14;11;14;12;14;13;14;14;14;15;14;16;14;16;15;16;16;15;16;14;16;13;16;12;16;11;16;10;16;9;16;8;16;7;16;6;16;5;16;5;17;4;17;3;17;2;17;2;16
1;0;5;10;3;9;3;10;3;11;3;12;3;13;3;14;3;15;3;16;4;16;4;15;4;14;5;14;6;14;7;14;8;14;9;14;10;14;11;14;12;14;13;14;14;14;15;14;16;14;16;15;16;16;15;16;14;16;13;16;12;16;11;16;10;16;9;16;8;16;7;16;6;16;5;16;5;17;4;17;3;17;2;17;2;16;2;15
1;0;5;10;3;10;3;11;3;12;3;13;3;14;3;15;3;16;4;16;4;15;4;14;5;14;6;14;7;14;8;14;9;14;10;14;11;14;12;14;13;14;14;14;15;14;16;14;16;15;16;16;15;16;14;16;13;16;12;16;11;16;10;16;9;16;8;16;7;16;6;16;5;16;5;17;4;17;3;17;2;17;2;16;2;15;2;14
1;0;5;10;3;11;3;12;3;13;3;14;3;15;3;16;4;16;4;15;4;14;5;14;6;14;7;14;8;14;9;14;10;14;11;14;12;14;13;14;14;14;15;14;16;14;16;15;16;16;15;16;14;16;13;16;12;16;11;16;10;16;9;16;8;16;7;16;6;16;5;16;5;17;4;17;3;17;2;17;2;16;2;15;2;14;2;13
1;0;5;10;3;12;3;13;3;14;3;15;3;16;4;16;4;15;4;14;5;14;6;14;7;14;8;14;9;14;10;14;11;14;12;14;13;14;14;14;15;14;16;14;16;15;16;16;15;16;14;16;13;16;12;16;11;16;10;16;9;16;8;16;7;16;6;16;5;16;5;17;4;17;3;17;2;17;2;16;2;15;2;14;2;13;2;12
1;0;5;10;3;13;3;14;3;15;3;16;4;16;4;15;4;14;5;14;6;14;7;14;8;14;9;14;10;14;11;14;12;14;13;14;14;14;15;14;16;14;16;15;16;16;15;16;14;16;13;16;12;16;11;16;10;16;9;16;8;16;7;16;6;16;5;16;5;17;4;17;3;17;2;17;2;16;2;15;2;14;2;13;2;12;2;11
1;3;5;10;3;14;3;15;3;16;4;16;4;15;4;14;5;14;6;14;7;14;8;14;9;14;10;14;11;14;12;14;13;14;14;14;15;14;16;14;16;15;16;16;15;16;14;16;13;16;12;16;11;16;10;16;9;16;8;16;7;16;6;16;5;16;5;17;4;17;3;17;2;17;2;16;2;15;2;14;2;13;2;12;2;11;1;11
1;0;5;10;3;15;3;16;4;16;4;15;4;14;5;14;6;14;7;14;8;14;9;14;10;14;11;14;12;14;13;14;14;14;15;14;16;14;16;15;16;16;15;16;14;16;13;16;12;16;11;16;10;16;9;16;8;16;7;16;6;16;5;16;5;17;4;17;3;17;2;17;2;16;2;15;2;14;2;13;2;12;2;11;1;11;1;10
1;1;5;10;3;16;4;16;4;15;4;14;5;14;6;14;7;14;8;14;9;14;10;14;11;14;12;14;13;14;14;14;15;14;16;14;16;15;16;16;15;16;14;16;13;16;12;16;11;16;10;16;9;16;8;16;7;16;6;16;5;16;5;17;4;17;3;17;2;17;2;16;2;15;2;14;2;13;2;12;2;11;1;11;1;10;2;10
1;1;5;10;4;16;4;15;4;14;5;14;6;14;7;14;8;14;9;14;10;14;11;14;12;14;13;14;14;14;15;14;16;14;16;15;16;16;15;16;14;16;13;16;12;16;11;16;10;16;9;16;8;16;7;16;6;16;5;16;5;17;4;17;3;17;2;17;2;16;2;15;2;14;2;13;2;12;2;11;1;11;1;10;2;10;3;10
1;1;5;10;4;15;4;14;5;14;6;14;7;14;8;14;9;14;10;14;11;14;12;14;13;14;14;14;15;14;16;14;16;15;16;16;15;16;14;16;13;16;12;16;11;16;10;16;9;16;8;16;7;16;6;16;5;16;5;17;4;17;3;17;2;17;2;16;2;15;2;14;2;13;2;12;2;11;1;11;1;10;2;10;3;10;4;10
1;1;14;7;4;14;4;14;5;14;6;14;7;14;8;14;9;14;10;14;11;14;12;14;13;14;14;14;15;14;16;14;16;15;16;16;15;16;14;16;13;16;12;16;11;16;10;16;9;16;8;16;7;16;6;16;5;16;5;17;4;17;3;17;2;17;2;16;2;15;2;14;2;13;2;12;2;11;1;11;1;10;2;10;3;10;4;10;5;10
1;0;14;7;4;14;5;14;6;14;7;14;8;14;9;14;10;14;11;14;12;14;13;14;14;14;15;14;16;14;16;15;16;16;15;16;14;16;13;16;12;16;11;16;10;16;9;16;8;16;7;16;6;16;5;16;5;17;4;17;3;17;2;17;2;16;2;15;2;14;2;13;2;12;2;11;1;11;1;10;2;10;3;10;4;10;5;10;5;9
1;0;14;7;5;14;6;14;7;14;8;14;9;14;10;14;11;14;12;14;13;14;14;14;15;14;16;14;16;15;16;16;15;16;14;16;13;16;12;16;11;16;10;16;9;16;8;16;7;16;6;16;5;16;5;17;4;17;3;17;2;17;2;16;2;15;2;14;2;13;2;12;2;11;1;11;1;10;2;10;3;10;4;10;5;10;5;9;5;8
1;0;14;7;6;14;7;14;8;14;9;14;10;14;11;14;12;14;13;14;14;14;15;14;16;14;16;15;16;16;15;16;14;16;13;16;12;16;11;16;10;16;9;16;8;16;7;16;6;16;5;16;5;17;4;17;3;17;2;17;2;16;2;15;2;14;2;13;2;12;2;11;1;11;1;10;2;10;3;10;4;10;5;10;5;9;5;8;5;7
1;1;14;7;7;14;8;14;9;14;10;14;11;14;12;14;13;14;14;14;15;14;16;14;16;15;16;16;15;16;14;16;13;16;12;16;11;16;10;16;9;16;8;16;7;16;6;16;5;16;5;17;4;17;3;17;2;17;2;16;2;15;2;14;2;13;2;12;2;11;1;11;1;10;2;10;3;10;4;10;5;10;5;9;5;8;5;7;6;7
1;1;14;7;8;14;9;14;10;14;11;14;12;14;13;14;14;14;15;14;16;14;16;15;16;16;15;16;14;16;13;16;12;16;11;16;10;16;9;16;8;16;7;16;6;16;5;16;5;17;4;17;3;17;2;17;2;16;2;15;2;14;2;13;2;12;2;11;1;11;1;10;2;10;3;10;4;10;5;10;5;9;5;8;5;7;6;7;7;7
1;1;14;7;9;14;10;14;11;14;12;14;13;14;14;14;15;14;16;14;16;15;16;16;15;16;14;16;13;16;12;16;11;16;10;16;9;16;8;16;7;16;6;16;5;16;5;17;4;17;3;17;2;17;2;16;2;15;2;14;2;13;2;12;2;11;1;11;1;10;2;10;3;10;4;10;5;10;5;9;5;8;5;7;6;7;7;7;8;7
1;1;14;7;10;14;11;14;12;14;13;14;14;14;15;14;16;14;16;15;16;16;15;16;14;16;13;16;12;16;11;16;10;16;9;16;8;16;7;16;6;16;5;16;5;17;4;17;3;17;2;17;2;16;2;15;2;14;2;13;2;12;2;11;1;11;1;10;2;10;3;10;4;10;5;10;5;9;5;8;5;7;6;7;7;7;8;7;9;7
1;1;14;7;11;14;12;14;13;14;14;14;15;14;16;14;16;15;16;16;15;16;14;16;13;16;12;16;11;16;10;16;9;16;8;16;7;16;6;16;5;16;5;17;4;17;3;17;2;17;2;16;2;15;2;14;2;13;2;12;2;11;1;11;1;10;2;10;3;10;4;10;5;10;5;9;5;8;5;7;6;7;7;7;8;7;9;7;10;7
1;1;14;7;12;14;13;14;14;14;15;14;16;14;16;15;16;16;15;16;14;16;13;16;12;16;11;16;10;16;9;16;8;16;7;16;6;16;5;16;5;17;4;17;3;17;2;17;2;16;2;15;2;14;2;13;2;12;2;11;1;11;1;10;2;10;3;10;4;10;5;10;5;9;5;8;5;7;6;7;7;7;8;7;9;7;10;7;11;7
1;1;14;7;13;14;14;14;15;14;16;14;16;15;16;16;15;16;14;16;13;16;12;16;11;16;10;16;9;16;8;16;7;16;6;16;5;16;5;17;4;17;3;17;2;17;2;16;2;15;2;14;2;13;2;12;2;11;1;11;1;10;2;10;3;10;4;10;5;10;5;9;5;8;5;7;6;7;7;7;8;7;9;7;10;7;11;7;12;7
1;1;14;7;14;14;15;14;16;14;16;15;16;16;15;16;14;16;13;16;12;16;11;16;10;16;9;16;8;16;7;16;6;16;5;16;5;17;4;17;3;17;2;17;2;16;2;15;2;14;2;13;2;12;2;11;1;11;1;10;2;10;3;10;4;10;5;10;5;9;5;8;5;7;6;7;7;7;8;7;9;7;10;7;11;7;12;7;13;7
1;1;15;4;15;14;15;14;16;14;16;15;16;16;15;16;14;16;13;16;12;16;11;16;10;16;9;16;8;16;7;16;6;16;5;16;5;17;4;17;3;17;2;17;2;16;2;15;2;14;2;13;2;12;2;11;1;11;1;10;2;10;3;10;4;10;5;10;5;9;5;8;5;7;6;7;7;7;8;7;9;7;10;7;11;7;12;7;13;7;14;7
1;1;15;4;15;14;16;14;16;15;16;16;15;16;14;16;13;16;12;16;11;16;10;16;9;16;8;16;7;16;6;16;5;16;5;17;4;17;3;17;2;17;2;16;2;15;2;14;2;13;2;12;2;11;1;11;1;10;2;10;3;10;4;10;5;10;5;9;5;8;5;7;6;7;7;7;8;7;9;7;10;7;11;7;12;7;13;7;14;7;15;7
1;0;15;4;16;14;16;15;16;16;15;16;14;16;13;16;12;16;11;16;10;16;9;16;8;16;7;16;6;16;5;16;5;17;4;17;3;17;2;17;2;16;2;15;2;14;2;13;2;12;2;11;1;11;1;10;2;10;3;10;4;10;5;10;5;9;5;8;5;7;6;7;7;7;8;7;9;7;10;7;11;7;12;7;13;7;14;7;15;7;15;6
1;0;15;4;16;15;16;16;15;16;14;16;13;16;12;16;11;16;10;16;9;16;8;16;7;16;6;16;5;16;5;17;4;17;3;17;2;17;2;16;2;15;2;14;2;13;2;12;2;11;1;11;1;10;2;10;3;10;4;10;5;10;5;9;5;8;5;7;6;7;7;7;8;7;9;7;10;7;11;7;12;7;13;7;14;7;15;7;15;6;15;5
1;0;3;11;16;16;16;16;15;16;14;16;13;16;12;16;11;16;10;16;9;16;8;16;7;16;6;16;5;16;5;17;4;17;3;17;2;17;2;16;2;15;2;14;2;13;2;12;2;11;1;11;1;10;2;10;3;10;4;10;5;10;5;9;5;8;5;7;6;7;7;7;8;7;9;7;10;7;11;7;12;7;13;7;14;7;15;7;15;6;15;5;15;4
1;1;3;11;16;16;15;16;14;16;13;16;12;16;11;16;10;16;9;16;8;16;7;16;6;16;5;16;5;17;4;17;3;17;2;17;2;16;2;15;2;14;2;13;2;12;2;11;1;11;1;10;2;10;3;10;4;10;5;10;5;9;5;8;5;7;6;7;7;7;8;7;9;7;10;7;11;7;12;7;13;7;14;7;15;7;15;6;15;5;15;4;16;4
1;2;3;11;15;16;14;16;13;16;12;16;11;16;10;16;9;16;8;16;7;16;6;16;5;16;5;17;4;17;3;17;2;17;2;16;2;15;2;14;2;13;2;12;2;11;1;11;1;10;2;10;3;10;4;10;5;10;5;9;5;8;5;7;6;7;7;7;8;7;9;7;10;7;11;7;12;7;13;7;14;7;15;7;15;6;15;5;15;4;16;4;16;5
1;2;3;11;14;16;13;16;12;16;11;16;10;16;9;16;8;16;7;16;6;16;5;16;5;17;4;17;3;17;2;17;2;16;2;15;2;14;2;13;2;12;2;11;1;11;1;10;2;10;3;10;4;10;5;10;5;9;5;8;5;7;6;7;7;7;8;7;9;7;10;7;11;7;12;7;13;7;14;7;15;7;15;6;15;5;15;4;16;4;16;5;16;6
1;2;3;11;13;16;12;16;11;16;10;16;9;16;8;16;7;16;6;16;5;16;5;17;4;17;3;17;2;17;2;16;2;15;2;14;2;13;2;12;2;11;1;11;1;10;2;10;3;10;4;10;5;10;5;9;5;8;5;7;6;7;7;7;8;7;9;7;10;7;11;7;12;7;13;7;14;7;15;7;15;6;15;5;15;4;16;4;16;5;16;6;16;7
1;2;3;11;12;16;11;16;10;16;9;16;8;16;7;16;6;16;5;16;5;17;4;17;3;17;2;17;2;16;2;15;2;14;2;13;2;12;2;11;1;11;1;10;2;10;3;10;4;10;5;10;5;9;5;8;5;7;6;7;7;7;8;7;9;7;10;7;11;7;12;7;13;7;14;7;15;7;15;6;15;5;15;4;16;4;16;5;16;6;16;7;16;8
1;3;3;11;11;16;10;16;9;16;8;16;7;16;6;16;5;16;5;17;4;17;3;17;2;17;2;16;2;15;2;14;2;13;2;12;2;11;1;11;1;10;2;10;3;10;4;10;5;10;5;9;5;8;5;7;6;7;7;7;8;7;9;7;10;7;11;7;12;7;13;7;14;7;15;7;15;6;15;5;15;4;16;4;16;5;16;6;16;7;16;8;15;8
1;3;3;11;10;16;9;16;8;16;7;16;6;16;5;16;5;17;4;17;3;17;2;17;2;16;2;15;2;14;2;13;2;12;2;11;1;11;1;10;2;10;3;10;4;10;5;10;5;9;5;8;5;7;6;7;7;7;8;7;9;7;10;7;11;7;12;7;13;7;14;7;15;7;15;6;15;5;15;4;16;4;16;5;16;6;16;7;16;8;15;8;14;8
1;3;3;11;9;16;8;16;7;16;6;16;5;16;5;17;4;17;3;17;2;17;2;16;2;15;2;14;2;13;2;12;2;11;1;11;1;10;2;10;3;10;4;10;5;10;5;9;5;8;5;7;6;7;7;7;8;7;9;7;10;7;11;7;12;7;13;7;14;7;15;7;15;6;15;5;15;4;16;4;16;5;16;6;16;7;16;8;15;8;14;8;13;8
1;3;3;11;8;16;7;16;6;16;5;16;5;17;4;17;3;17;2;17;2;16;2;15;2;14;2;13;2;12;2;11;1;11;1;10;2;10;3;10;4;10;5;10;5;9;5;8;5;7;6;7;7;7;8;7;9;7;10;7;11;7;12;7;13;7;14;7;15;7;15;6;15;5;15;4;16;4;16;5;16;6;16;7;16;8;15;8;14;8;13;8;12;8
1;3;3;11;7;16;6;16;5;16;5;17;4;17;3;17;2;17;2;16;2;15;2;14;2;13;2;12;2;11;1;11;1;10;2;10;3;10;4;10;5;10;5;9;5;8;5;7;6;7;7;7;8;7;9;7;10;7;11;7;12;7;13;7;14;7;15;7;15;6;15;5;15;4;16;4;16;5;16;6;16;7;16;8;15;8;14;8;13;8;12;8;11;8
1;3;3;11;6;16;5;16;5;17;4;17;3;17;2;17;2;16;2;15;2;14;2;13;2;12;2;11;1;11;1;10;2;10;3;10;4;10;5;10;5;9;5;8;5;7;6;7;7;7;8;7;9;7;10;7;11;7;12;7;13;7;14;7;15;7;15;6;15;5;15;4;16;4;16;5;16;6;16;7;16;8;15;8;14;8;13;8;12;8;11;8;10;8
1;3;3;11;5;16;5;17;4;17;3;17;2;17;2;16;2;15;2;14;2;13;2;12;2;11;1;11;1;10;2;10;3;10;4;10;5;10;5;9;5;8;5;7;6;7;7;7;8;7;9;7;10;7;11;7;12;7;13;7;14;7;15;7;15;6;15;5;15;4;16;4;16;5;16;6;16;7;16;8;15;8;14;8;13;8;12;8;11;8;10;8;9;8
1;3;3;11;5;17;4;17;3;17;2;17;2;16;2;15;2;14;2;13;2;12;2;11;1;11;1;10;2;10;3;10;4;10;5;10;5;9;5;8;5;7;6;7;7;7;8;7;9;7;10;7;11;7;12;7;13;7;14;7;15;7;15;6;15;5;15;4;16;4;16;5;16;6;16;7;16;8;15;8;14;8;13;8;12;8;11;8;10;8;9;8;8;8
1;3;3;11;4;17;3;17;2;17;2;16;2;15;2;14;2;13;2;12;2;11;1;11;1;10;2;10;3;10;4;10;5;10;5;9;5;8;5;7;6;7;7;7;8;7;9;7;10;7;11;7;12;7;13;7;14;7;15;7;15;6;15;5;15;4;16;4;16;5;16;6;16;7;16;8;15;8;14;8;13;8;12;8;11;8;10;8;9;8;8;8;7;8
1;3;3;11;3;17;2;17;2;16;2;15;2;14;2;13;2;12;2;11;1;11;1;10;2;10;3;10;4;10;5;10;5;9;5;8;5;7;6;7;7;7;8;7;9;7;10;7;11;7;12;7;13;7;14;7;15;7;15;6;15;5;15;4;16;4;16;5;16;6;16;7;16;8;15;8;14;8;13;8;12;8;11;8;10;8;9;8;8;8;7;8;6;8
1;2;3;11;2;17;2;16;2;15;2;14;2;13;2;12;2;11;1;11;1;10;2;10;3;10;4;10;5;10;5;9;5;8;5;7;6;7;7;7;8;7;9;7;10;7;11;7;12;7;13;7;14;7;15;7;15;6;15;5;15;4;16;4;16;5;16;6;16;7;16;8;15;8;14;8;13;8;12;8;11;8;10;8;9;8;8;8;7;8;6;8;6;9
1;2;3;11;2;16;2;15;2;14;2;13;2;12;2;11;1;11;1;10;2;10;3;10;4;10;5;10;5;9;5;8;5;7;6;7;7;7;8;7;9;7;10;7;11;7;12;7;13;7;14;7;15;7;15;6;15;5;15;4;16;4;16;5;16;6;16;7;16;8;15;8;14;8;13;8;12;8;11;8;10;8;9;8;8;8;7;8;6;8;6;9;6;10
1;2;3;11;2;15;2;14;2;13;2;12;2;11;1;11;1;10;2;10;3;10;4;10;5;10;5;9;5;8;5;7;6;7;7;7;8;7;9;7;10;7;11;7;12;7;13;7;14;7;15;7;15;6;15;5;15;4;16;4;16;5;16;6;16;7;16;8;15;8;14;8;13;8;12;8;11;8;10;8;9;8;8;8;7;8;6;8;6;9;6;10;6;11
1;2;3;11;2;14;2;13;2;12;2;11;1;11;1;10;2;10;3;10;4;10;5;10;5;9;5;8;5;7;6;7;7;7;8;7;9;7;10;7;11;7;12;7;13;7;14;7;15;7;15;6;15;5;15;4;16;4;16;5;16;6;16;7;16;8;15;8;14;8;13;8;12;8;11;8;10;8;9;8;8;8;7;8;6;8;6;9;6;10;6;11;6;12
1;3;3;11;2;13;2;12;2;11;1;11;1;10;2;10;3;10;4;10;5;10;5;9;5;8;5;7;6;7;7;7;8;7;9;7;10;7;11;7;12;7;13;7;14;7;15;7;15;6;15;5;15;4;16;4;16;5;16;6;16;7;16;8;15;8;14;8;13;8;12;8;11;8;10;8;9;8;8;8;7;8;6;8;6;9;6;10;6;11;6;12;5;12
1;0;3;11;2;12;2;11;1;11;1;10;2;10;3;10;4;10;5;10;5;9;5;8;5;7;6;7;7;7;8;7;9;7;10;7;11;7;12;7;13;7;14;7;15;7;15;6;15;5;15;4;16;4;16;5;16;6;16;7;16;8;15;8;14;8;13;8;12;8;11;8;10;8;9;8;8;8;7;8;6;8;6;9;6;10;6;11;6;12;5;12;5;11
1;3;3;11;2;11;1;11;1;10;2;10;3;10;4;10;5;10;5;9;5;8;5;7;6;7;7;7;8;7;9;7;10;7;11;7;12;7;13;7;14;7;15;7;15;6;15;5;15;4;16;4;16;5;16;6;16;7;16;8;15;8;14;8;13;8;12;8;11;8;10;8;9;8;8;8;7;8;6;8;6;9;6;10;6;11;6;12;5;12;5;11;4;11
1;3;18;5;1;11;1;11;1;10;2;10;3;10;4;10;5;10;5;9;5;8;5;7;6;7;7;7;8;7;9;7;10;7;11;7;12;7;13;7;14;7;15;7;15;6;15;5;15;4;16;4;16;5;16;6;16;7;16;8;15;8;14;8;13;8;12;8;11;8;10;8;9;8;8;8;7;8;6;8;6;9;6;10;6;11;6;12;5;12;5;11;4;11;3;11
1;3;18;5;1;11;1;10;2;10;3;10;4;10;5;10;5;9;5;8;5;7;6;7;7;7;8;7;9;7;10;7;11;7;12;7;13;7;14;7;15;7;15;6;15;5;15;4;16;4;16;5;16;6;16;7;16;8;15;8;14;8;13;8;12;8;11;8;10;8;9;8;8;8;7;8;6;8;6;9;6;10;6;11;6;12;5;12;5;11;4;11;3;11;2;11
1;3;18;5;1;10;2;10;3;10;4;10;5;10;5;9;5;8;5;7;6;7;7;7;8;7;9;7;10;7;11;7;12;7;13;7;14;7;15;7;15;6;15;5;15;4;16;4;16;5;16;6;16;7;16;8;15;8;14;8;13;8;12;8;11;8;10;8;9;8;8;8;7;8;6;8;6;9;6;10;6;11;6;12;5;12;5;11;4;11;3;11;2;11;1;11
1;3;18;5;2;10;3;10;4;10;5;10;5;9;5;8;5;7;6;7;7;7;8;7;9;7;10;7;11;7;12;7;13;7;14;7;15;7;15;6;15;5;15;4;16;4;16;5;16;6;16;7;16;8;15;8;14;8;13;8;12;8;11;8;10;8;9;8;8;8;7;8;6;8;6;9;6;10;6;11;6;12;5;12;5;11;4;11;3;11;2;11;1;11;0;11
1;0;18;5;3;10;4;10;5;10;5;9;5;8;5;7;6;7;7;7;8;7;9;7;10;7;11;7;12;7;13;7;14;7;15;7;15;6;15;5;15;4;16;4;16;5;16;6;16;7;16;8;15;8;14;8;13;8;12;8;11;8;10;8;9;8;8;8;7;8;6;8;6;9;6;10;6;11;6;12;5;12;5;11;4;11;3;11;2;11;1;11;0;11;0;10
1;0;18;5;4;10;5;10;5;9;5;8;5;7;6;7;7;7;8;7;9;7;10;7;11;7;12;7;13;7;14;7;15;7;15;6;15;5;15;4;16;4;16;5;16;6;16;7;16;8;15;8;14;8;13;8;12;8;11;8;10;8;9;8;8;8;7;8;6;8;6;9;6;10;6;11;6;12;5;12;5;11;4;11;3;11;2;11;1;11;0;11;0;10;0;9
1;0;18;5;5;10;5;9;5;8;5;7;6;7;7;7;8;7;9;7;10;7;11;7;12;7;13;7;14;7;15;7;15;6;15;5;15;4;16;4;16;5;16;6;16;7;16;8;15;8;14;8;13;8;12;8;11;8;10;8;9;8;8;8;7;8;6;8;6;9;6;10;6;11;6;12;5;12;5;11;4;11;3;11;2;11;1;11;0;11;0;10;0;9;0;8
1;0;18;5;5;9;5;8;5;7;6;7;7;7;8;7;9;7;10;7;11;7;12;7;13;7;14;7;15;7;15;6;15;5;15;4;16;4;16;5;16;6;16;7;16;8;15;8;14;8;13;8;12;8;11;8;10;8;9;8;8;8;7;8;6;8;6;9;6;10;6;11;6;12;5;12;5;11;4;11;3;11;2;11;1;11;0;11;0;10;0;9;0;8;0;7
1;0;18;5;5;8;5;7;6;7;7;7;8;7;9;7;10;7;11;7;12;7;13;7;14;7;15;7;15;6;15;5;15;4;16;4;16;5;16;6;16;7;16;8;15;8;14;8;13;8;12;8;11;8;10;8;9;8;8;8;7;8;6;8;6;9;6;10;6;11;6;12;5;12;5;11;4;11;3;11;2;11;1;11;0;11;0;10;0;9;0;8;0;7;0;6
1;0;18;5;5;7;6;7;7;7;8;7;9;7;10;7;11;7;12;7;13;7;14;7;15;7;15;6;15;5;15;4;16;4;16;5;16;6;16;7;16;8;15;8;14;8;13;8;12;8;11;8;10;8;9;8;8;8;7;8;6;8;6;9;6;10;6;11;6;12;5;12;5;11;4;11;3;11;2;11;1;11;0;11;0;10;0;9;0;8;0;7;0;6;0;5
1;1;18;5;6;7;7;7;8;7;9;7;10;7;11;7;12;7;13;7;14;7;15;7;15;6;15;5;15;4;16;4;16;5;16;6;16;7;16;8;15;8;14;8;13;8;12;8;11;8;10;8;9;8;8;8;7;8;6;8;6;9;6;10;6;11;6;12;5;12;5;11;4;11;3;11;2;11;1;11;0;11;0;10;0;9;0;8;0;7;0;6;0;5;1;5
1;1;18;5;7;7;8;7;9;7;10;7;11;7;12;7;13;7;14;7;15;7;15;6;15;5;15;4;16;4;16;5;16;6;16;7;16;8;15;8;14;8;13;8;12;8;11;8;10;8;9;8;8;8;7;8;6;8;6;9;6;10;6;11;6;12;5;12;5;11;4;11;3;11;2;11;1;11;0;11;0;10;0;9;0;8;0;7;0;6;0;5;1;5;2;5
1;1;18;5;8;7;9;7;10;7;11;7;12;7;13;7;14;7;15;7;15;6;15;5;15;4;16;4;16;5;16;6;16;7;16;8;15;8;14;8;13;8;12;8;11;8;10;8;9;8;8;8;7;8;6;8;6;9;6;10;6;11;6;12;5;12;5;11;4;11;3;11;2;11;1;11;0;11;0;10;0;9;0;8;0;7;0;6;0;5;1;5;2;5;3;5
1;1;18;5;9;7;10;7;11;7;12;7;13;7;14;7;15;7;15;6;15;5;15;4;16;4;16;5;16;6;16;7;16;8;15;8;14;8;13;8;12;8;11;8;10;8;9;8;8;8;7;8;6;8;6;9;6;10;6;11;6;12;5;12;5;11;4;11;3;11;2;11;1;11;0;11;0;10;0;9;0;8;0;7;0;6;0;5;1;5;2;5;3;5;4;5
1;1;18;5;10;7;11;7;12;7;13;7;14;7;15;7;15;6;15;5;15;4;16;4;16;5;16;6;16;7;16;8;15;8;14;8;13;8;12;8;11;8;10;8;9;8;8;8;7;8;6;8;6;9;6;10;6;11;6;12;5;12;5;11;4;11;3;11;2;11;1;11;0;11;0;10;0;9;0;8;0;7;0;6;0;5;1;5;2;5;3;5;4;5;5;5
1;1;18;5;11;7;12;7;13;7;14;7;15;7;15;6;15;5;15;4;16;4;16;5;16;6;16;7;16;8;15;8;14;8;13;8;12;8;11;8;10;8;9;8;8;8;7;8;6;8;6;9;6;10;6;11;6;12;5;12;5;11;4;11;3;11;2;11;1;11;0;11;0;10;0;9;0;8;0;7;0;6;0;5;1;5;2;5;3;5;4;5;5;5;6;5
1;1;18;5;12;7;13;7;14;7;15;7;15;6;15;5;15;4;16;4;16;5;16;6;16;7;16;8;15;8;14;8;13;8;12;8;11;8;10;8;9;8;8;8;7;8;6;8;6;9;6;10;6;11;6;12;5;12;5;11;4;11;3;11;2;11;1;11;0;11;0;10;0;9;0;8;0;7;0;6;0;5;1;5;2;5;3;5;4;5;5;5;6;5;7;5
1;1;18;5;13;7;14;7;15;7;15;6;15;5;15;4;16;4;16;5;16;6;16;7;16;8;15;8;14;8;13;8;12;8;11;8;10;8;9;8;8;8;7;8;6;8;6;9;6;10;6;11;6;12;5;12;5;11;4;11;3;11;2;11;1;11;0;11;0;10;0;9;0;8;0;7;0;6;0;5;1;5;2;5;3;5;4;5;5;5;6;5;7;5;8;5
1;1;18;5;14;7;15;7;15;6;15;5;15;4;16;4;16;5;16;6;16;7;16;8;15;8;14;8;13;8;12;8;11;8;10;8;9;8;8;8;7;8;6;8;6;9;6;10;6;11;6;12;5;12;5;11;4;11;3;11;2;11;1;11;0;11;0;10;0;9;0;8;0;7;0;6;0;5;1;5;2;5;3;5;4;5;5;5;6;5;7;5;8;5;9;5
1;1;18;5;15;7;15;6;15;5;15;4;16;4;16;5;16;6;16;7;16;8;15;8;14;8;13;8;12;8;11;8;10;8;9;8;8;8;7;8;6;8;6;9;6;10;6;11;6;12;5;12;5;11;4;11;3;11;2;11;1;11;0;11;0;10;0;9;0;8;0;7;0;6;0;5;1;5;2;5;3;5;4;5;5;5;6;5;7;5;8;5;9;5;10;5
1;1;18;5;15;6;15;5;15;4;16;4;16;5;16;6;16;7;16;8;15;8;14;8;13;8;12;8;11;8;10;8;9;8;8;8;7;8;6;8;6;9;6;10;6;11;6;12;5;12;5;11;4;11;3;11;2;11;1;11;0;11;0;10;0;9;0;8;0;7;0;6;0;5;1;5;2;5;3;5;4;5;5;5;6;5;7;5;8;5;9;5;10;5;11;5
1;1;18;5;15;5;15;4;16;4;16;5;16;6;16;7;16;8;15;8;14;8;13;8;12;8;11;8;10;8;9;8;8;8;7;8;6;8;6;9;6;10;6;11;6;12;5;12;5;11;4;11;3;11;2;11;1;11;0;11;0;10;0;9;0;8;0;7;0;6;0;5;1;5;2;5;3;5;4;5;5;5;6;5;7;5;8;5;9;5;10;5;11;5;12;5
1;1;18;5;15;4;16;4;16;5;16;6;16;7;16;8;15;8;14;8;13;8;12;8;11;8;10;8;9;8;8;8;7;8;6;8;6;9;6;10;6;11;6;12;5;12;5;11;4;11;3;11;2;11;1;11;0;11;0;10;0;9;0;8;0;7;0;6;0;5;1;5;2;5;3;5;4;5;5;5;6;5;7;5;8;5;9;5;10;5;11;5;12;5;13;5
1;1;18;5;16;4;16;5;16;6;16;7;16;8;15;8;14;8;13;8;12;8;11;8;10;8;9;8;8;8;7;8;6;8;6;9;6;10;6;11;6;12;5;12;5;11;4;11;3;11;2;11;1;11;0;11;0;10;0;9;0;8;0;7;0;6;0;5;1;5;2;5;3;5;4;5;5;5;6;5;7;5;8;5;9;5;10;5;11;5;12;5;13;5;14;5
1;1;18;5;16;5;16;6;16;7;16;8;15;8;14;8;13;8;12;8;11;8;10;8;9;8;8;8;7;8;6;8;6;9;6;10;6;11;6;12;5;12;5;11;4;11;3;11;2;11;1;11;0;11;0;10;0;9;0;8;0;7;0;6;0;5;1;5;2;5;3;5;4;5;5;5;6;5;7;5;8;5;9;5;10;5;11;5;12;5;13;5;14;5;15;5
1;1;18;5;16;6;16;7;16;8;15;8;14;8;13;8;12;8;11;8;10;8;9;8;8;8;7;8;6;8;6;9;6;10;6;11;6;12;5;12;5;11;4;11;3;11;2;11;1;11;0;11;0;10;0;9;0;8;0;7;0;6;0;5;1;5;2;5;3;5;4;5;5;5;6;5;7;5;8;5;9;5;10;5;11;5;12;5;13;5;14;5;15;5;16;5
1;1;18;5;16;7;16;8;15;8;14;8;13;8;12;8;11;8;10;8;9;8;8;8;7;8;6;8;6;9;6;10;6;11;6;12;5;12;5;11;4;11;3;11;2;11;1;11;0;11;0;10;0;9;0;8;0;7;0;6;0;5;1;5;2;5;3;5;4;5;5;5;6;5;7;5;8;5;9;5;10;5;11;5;12;5;13;5;14;5;15;5;16;5;17;5
1;1;5;3;16;8;16;8;15;8;14;8;13;8;12;8;11;8;10;8;9;8;8;8;7;8;6;8;6;9;6;10;6;11;6;12;5;12;5;11;4;11;3;11;2;11;1;11;0;11;0;10;0;9;0;8;0;7;0;6;0;5;1;5;2;5;3;5;4;5;5;5;6;5;7;5;8;5;9;5;10;5;11;5;12;5;13;5;14;5;15;5;16;5;17;5;18;5
1;0;5;3;16;8;15;8;14;8;13;8;12;8;11;8;10;8;9;8;8;8;7;8;6;8;6;9;6;10;6;11;6;12;5;12;5;11;4;11;3;11;2;11;1;11;0;11;0;10;0;9;0;8;0;7;0;6;0;5;1;5;2;5;3;5;4;5;5;5;6;5;7;5;8;5;9;5;10;5;11;5;12;5;13;5;14;5;15;5;16;5;17;5;18;5;18;4
1;0;5;3;15;8;14;8;13;8;12;8;11;8;10;8;9;8;8;8;7;8;6;8;6;9;6;10;6;11;6;12;5;12;5;11;4;11;3;11;2;11;1;11;0;11;0;10;0;9;0;8;0;7;0;6;0;5;1;5;2;5;3;5;4;5;5;5;6;5;7;5;8;5;9;5;10;5;11;5;12;5;13;5;14;5;15;5;16;5;17;5;18;5;18;4;18;3
1;3;5;3;14;8;13;8;12;8;11;8;10;8;9;8;8;8;7;8;6;8;6;9;6;10;6;11;6;12;5;12;5;11;4;11;3;11;2;11;1;11;0;11;0;10;0;9;0;8;0;7;0;6;0;5;1;5;2;5;3;5;4;5;5;5;6;5;7;5;8;5;9;5;10;5;11;5;12;5;13;5;14;5;15;5;16;5;17;5;18;5;18;4;18;3;17;3
1;3;5;3;13;8;12;8;11;8;10;8;9;8;8;8;7;8;6;8;6;9;6;10;6;11;6;12;5;12;5;11;4;11;3;11;2;11;1;11;0;11;0;10;0;9;0;8;0;7;0;6;0;5;1;5;2;5;3;5;4;5;5;5;6;5;7;5;8;5;9;5;10;5;11;5;12;5;13;5;14;5;15;5;16;5;17;5;18;5;18;4;18;3;17;3;16;3
1;3;5;3;12;8;11;8;10;8;9;8;8;8;7;8;6;8;6;9;6;10;6;11;6;12;5;12;5;11;4;11;3;11;2;11;1;11;0;11;0;10;0;9;0;8;0;7;0;6;0;5;1;5;2;5;3;5;4;5;5;5;6;5;7;5;8;5;9;5;10;5;11;5;12;5;13;5;14;5;15;5;16;5;17;5;18;5;18;4;18;3;17;3;16;3;15;3
1;3;5;3;11;8;10;8;9;8;8;8;7;8;6;8;6;9;6;10;6;11;6;12;5;12;5;11;4;11;3;11;2;11;1;11;0;11;0;10;0;9;0;8;0;7;0;6;0;5;1;5;2;5;3;5;4;5;5;5;6;5;7;5;8;5;9;5;10;5;11;5;12;5;13;5;14;5;15;5;16;5;17;5;18;5;18;4;18;3;17;3;16;3;15;3;14;3
1;3;5;3;10;8;9;8;8;8;7;8;6;8;6;9;6;10;6;11;6;12;5;12;5;11;4;11;3;11;2;11;1;11;0;11;0;10;0;9;0;8;0;7;0;6;0;5;1;5;2;5;3;5;4;5;5;5;6;5;7;5;8;5;9;5;10;5;11;5;12;5;13;5;14;5;15;5;16;5;17;5;18;5;18;4;18;3;17;3;16;3;15;3;14;3;13;3
1;3;5;3;9;8;8;8;7;8;6;8;6;9;6;10;6;11;6;12;5;12;5;11;4;11;3;11;2;11;1;11;0;11;0;10;0;9;0;8;0;7;0;6;0;5;1;5;2;5;3;5;4;5;5;5;6;5;7;5;8;5;9;5;10;5;11;5;12;5;13;5;14;5;15;5;16;5;17;5;18;5;18;4;18;3;17;3;16;3;15;3;14;3;13;3;12;3
1;3;5;3;8;8;7;8;6;8;6;9;6;10;6;11;6;12;5;12;5;11;4;11;3;11;2;11;1;11;0;11;0;10;0;9;0;8;0;7;0;6;0;5;1;5;2;5;3;5;4;5;5;5;6;5;7;5;8;5;9;5;10;5;11;5;12;5;13;5;14;5;15;5;16;5;17;5;18;5;18;4;18;3;17;3;16;3;15;3;14;3;13;3;12;3;11;3
1;3;5;3;7;8;6;8;6;9;6;10;6;11;6;12;5;12;5;11;4;11;3;11;2;11;1;11;0;11;0;10;0;9;0;8;0;7;0;6;0;5;1;5;2;5;3;5;4;5;5;5;6;5;7;5;8;5;9;5;10;5;11;5;12;5;13;5;14;5;15;5;16;5;17;5;18;5;18;4;18;3;17;3;16;3;15;3;14;3;13;3;12;3;11;3;10;3
1;3;5;3;6;8;6;9;6;10;6;11;6;12;5;12;5;11;4;11;3;11;2;11;1;11;0;11;0;10;0;9;0;8;0;7;0;6;0;5;1;5;2;5;3;5;4;5;5;5;6;5;7;5;8;5;9;5;10;5;11;5;12;5;13;5;14;5;15;5;16;5;17;5;18;5;18;4;18;3;17;3;16;3;15;3;14;3;13;3;12;3;11;3;10;3;9;3
1;3;5;3;6;9;6;10;6;11;6;12;5;12;5;11;4;11;3;11;2;11;1;11;0;11;0;10;0;9;0;8;0;7;0;6;0;5;1;5;2;5;3;5;4;5;5;5;6;5;7;5;8;5;9;5;10;5;11;5;12;5;13;5;14;5;15;5;16;5;17;5;18;5;18;4;18;3;17;3;16;3;15;3;14;3;13;3;12;3;11;3;10;3;9;3;8;3
1;3;5;3;6;10;6;11;6;12;5;12;5;11;4;11;3;11;2;11;1;11;0;11;0;10;0;9;0;8;0;7;0;6;0;5;1;5;2;5;3;5;4;5;5;5;6;5;7;5;8;5;9;5;10;5;11;5;12;5;13;5;14;5;15;5;16;5;17;5;18;5;18;4;18;3;17;3;16;3;15;3;14;3;13;3;12;3;11;3;10;3;9;3;8;3;7;3
1;3;5;3;6;11;6;12;5;12;5;11;4;11;3;11;2;11;1;11;0;11;0;10;0;9;0;8;0;7;0;6;0;5;1;5;2;5;3;5;4;5;5;5;6;5;7;5;8;5;9;5;10;5;11;5;12;5;13;5;14;5;15;5;16;5;17;5;18;5;18;4;18;3;17;3;16;3;15;3;14;3;13;3;12;3;11;3;10;3;9;3;8;3;7;3;6;3
1;3;1;17;6;12;6;12;5;12;5;11;4;11;3;11;2;11;1;11;0;11;0;10;0;9;0;8;0;7;0;6;0;5;1;5;2;5;3;5;4;5;5;5;6;5;7;5;8;5;9;5;10;5;11;5;12;5;13;5;14;5;15;5;16;5;17;5;18;5;18;4;18;3;17;3;16;3;15;3;14;3;13;3;12;3;11;3;10;3;9;3;8;3;7;3;6;3;5;3
1;0;1;17;6;12;5;12;5;11;4;11;3;11;2;11;1;11;0;11;0;10;0;9;0;8;0;7;0;6;0;5;1;5;2;5;3;5;4;5;5;5;6;5;7;5;8;5;9;5;10;5;11;5;12;5;13;5;14;5;15;5;16;5;17;5;18;5;18;4;18;3;17;3;16;3;15;3;14;3;13;3;12;3;11;3;10;3;9;3;8;3;7;3;6;3;5;3;5;2
1;3;1;17;5;12;5;11;4;11;3;11;2;11;1;11;0;11;0;10;0;9;0;8;0;7;0;6;0;5;1;5;2;5;3;5;4;5;5;5;6;5;7;5;8;5;9;5;10;5;11;5;12;5;13;5;14;5;15;5;16;5;17;5;18;5;18;4;18;3;17;3;16;3;15;3;14;3;13;3;12;3;11;3;10;3;9;3;8;3;7;3;6;3;5;3;5;2;4;2
1;3;1;17;5;11;4;11;3;11;2;11;1;11;0;11;0;10;0;9;0;8;0;7;0;6;0;5;1;5;2;5;3;5;4;5;5;5;6;5;7;5;8;5;9;5;10;5;11;5;12;5;13;5;14;5;15;5;16;5;17;5;18;5;18;4;18;3;17;3;16;3;15;3;14;3;13;3;12;3;11;3;10;3;9;3;8;3;7;3;6;3;5;3;5;2;4;2;3;2
1;3;1;17;4;11;3;11;2;11;1;11;0;11;0;10;0;9;0;8;0;7;0;6;0;5;1;5;2;5;3;5;4;5;5;5;6;5;7;5;8;5;9;5;10;5;11;5;12;5;13;5;14;5;15;5;16;5;17;5;18;5;18;4;18;3;17;3;16;3;15;3;14;3;13;3;12;3;11;3;10;3;9;3;8;3;7;3;6;3;5;3;5;2;4;2;3;2;2;2
1;3;1;17;3;11;2;11;1;11;0;11;0;10;0;9;0;8;0;7;0;6;0;5;1;5;2;5;3;5;4;5;5;5;6;5;7;5;8;5;9;5;10;5;11;5;12;5;13;5;14;5;15;5;16;5;17;5;18;5;18;4;18;3;17;3;16;3;15;3;14;3;13;3;12;3;11;3;10;3;9;3;8;3;7;3;6;3;5;3;5;2;4;2;3;2;2;2;1;2
1;0;1;17;2;11;1;11;0;11;0;10;0;9;0;8;0;7;0;6;0;5;1;5;2;5;3;5;4;5;5;5;6;5;7;5;8;5;9;5;10;5;11;5;12;5;13;5;14;5;15;5;16;5;17;5;18;5;18;4;18;3;17;3;16;3;15;3;14;3;13;3;12;3;11;3;10;3;9;3;8;3;7;3;6;3;5;3;5;2;4;2;3;2;2;2;1;2;1;1
1;1;1;17;1;11;0;11;0;10;0;9;0;8;0;7;0;6;0;5;1;5;2;5;3;5;4;5;5;5;6;5;7;5;8;5;9;5;10;5;11;5;12;5;13;5;14;5;15;5;16;5;17;5;18;5;18;4;18;3;17;3;16;3;15;3;14;3;13;3;12;3;11;3;10;3;9;3;8;3;7;3;6;3;5;3;5;2;4;2;3;2;2;2;1;2;1;1;2;1
1;1;1;17;0;11;0;10;0;9;0;8;0;7;0;6;0;5;1;5;2;5;3;5;4;5;5;5;6;5;7;5;8;5;9;5;10;5;11;5;12;5;13;5;14;5;15;5;16;5;17;5;18;5;18;4;18;3;17;3;16;3;15;3;14;3;13;3;12;3;11;3;10;3;9;3;8;3;7;3;6;3;5;3;5;2;4;2;3;2;2;2;1;2;1;1;2;1;3;1
1;1;1;17;0;10;0;9;0;8;0;7;0;6;0;5;1;5;2;5;3;5;4;5;5;5;6;5;7;5;8;5;9;5;10;5;11;5;12;5;13;5;14;5;15;5;16;5;17;5;18;5;18;4;18;3;17;3;16;3;15;3;14;3;13;3;12;3;11;3;10;3;9;3;8;3;7;3;6;3;5;3;5;2;4;2;3;2;2;2;1;2;1;1;2;1;3;1;4;1
1;1;1;17;0;9;0;8;0;7;0;6;0;5;1;5;2;5;3;5;4;5;5;5;6;5;7;5;8;5;9;5;10;5;11;5;12;5;13;5;14;5;15;5;16;5;17;5;18;5;18;4;18;3;17;3;16;3;15;3;14;3;13;3;12;3;11;3;10;3;9;3;8;3;7;3;6;3;5;3;5;2;4;2;3;2;2;2;1;2;1;1;2;1;3;1;4;1;5;1
1;1;1;17;0;8;0;7;0;6;0;5;1;5;2;5;3;5;4;5;5;5;6;5;7;5;8;5;9;5;10;5;11;5;12;5;13;5;14;5;15;5;16;5;17;5;18;5;18;4;18;3;17;3;16;3;15;3;14;3;13;3;12;3;11;3;10;3;9;3;8;3;7;3;6;3;5;3;5;2;4;2;3;2;2;2;1;2;1;1;2;1;3;1;4;1;5;1;6;1
1;1;1;17;0;7;0;6;0;5;1;5;2;5;3;5;4;5;5;5;6;5;7;5;8;5;9;5;10;5;11;5;12;5;13;5;14;5;15;5;16;5;17;5;18;5;18;4;18;3;17;3;16;3;15;3;14;3;13;3;12;3;11;3;10;3;9;3;8;3;7;3;6;3;5;3;5;2;4;2;3;2;2;2;1;2;1;1;2;1;3;1;4;1;5;1;6;1;7;1
1;1;1;17;0;6;0;5;1;5;2;5;3;5;4;5;5;5;6;5;7;5;8;5;9;5;10;5;11;5;12;5;13;5;14;5;15;5;16;5;17;5;18;5;18;4;18;3;17;3;16;3;15;3;14;3;13;3;12;3;11;3;10;3;9;3;8;3;7;3;6;3;5;3;5;2;4;2;3;2;2;2;1;2;1;1;2;1;3;1;4;1;5;1;6;1;7;1;8;1
1;1;1;17;0;5;1;5;2;5;3;5;4;5;5;5;6;5;7;5;8;5;9;5;10;5;11;5;12;5;13;5;14;5;15;5;16;5;17;5;18;5;18;4;18;3;17;3;16;3;15;3;14;3;13;3;12;3;11;3;10;3;9;3;8;3;7;3;6;3;5;3;5;2;4;2;3;2;2;2;1;2;1;1;2;1;3;1;4;1;5;1;6;1;7;1;8;1;9;1
1;1;1;17;1;5;2;5;3;5;4;5;5;5;6;5;7;5;8;5;9;5;10;5;11;5;12;5;13;5;14;5;15;5;16;5;17;5;18;5;18;4;18;3;17;3;16;3;15;3;14;3;13;3;12;3;11;3;10;3;9;3;8;3;7;3;6;3;5;3;5;2;4;2;3;2;2;2;1;2;1;1;2;1;3;1;4;1;5;1;6;1;7;1;8;1;9;1;10;1
1;1;1;17;2;5;3;5;4;5;5;5;6;5;7;5;8;5;9;5;10;5;11;5;12;5;13;5;14;5;15;5;16;5;17;5;18;5;18;4;18;3;17;3;16;3;15;3;14;3;13;3;12;3;11;3;10;3;9;3;8;3;7;3;6;3;5;3;5;2;4;2;3;2;2;2;1;2;1;1;2;1;3;1;4;1;5;1;6;1;7;1;8;1;9;1;10;1;11;1
1;1;1;17;3;5;4;5;5;5;6;5;7;5;8;5;9;5;10;5;11;5;12;5;13;5;14;5;15;5;16;5;17;5;18;5;18;4;18;3;17;3;16;3;15;3;14;3;13;3;12;3;11;3;10;3;9;3;8;3;7;3;6;3;5;3;5;2;4;2;3;2;2;2;1;2;1;1;2;1;3;1;4;1;5;1;6;1;7;1;8;1;9;1;10;1;11;1;12;1
1;1;1;17;4;5;5;5;6;5;7;5;8;5;9;5;10;5;11;5;12;5;13;5;14;5;15;5;16;5;17;5;18;5;18;4;18;3;17;3;16;3;15;3;14;3;13;3;12;3;11;3;10;3;9;3;8;3;7;3;6;3;5;3;5;2;4;2;3;2;2;2;1;2;1;1;2;1;3;1;4;1;5;1;6;1;7;1;8;1;9;1;10;1;11;1;12;1;13;1
1;1;1;17;5;5;6;5;7;5;8;5;9;5;10;5;11;5;12;5;13;5;14;5;15;5;16;5;17;5;18;5;18;4;18;3;17;3;16;3;15;3;14;3;13;3;12;3;11;3;10;3;9;3;8;3;7;3;6;3;5;3;5;2;4;2;3;2;2;2;1;2;1;1;2;1;3;1;4;1;5;1;6;1;7;1;8;1;9;1;10;1;11;1;12;1;13;1;14;1
1;1;1;17;6;5;7;5;8;5;9;5;10;5;11;5;12;5;13;5;14;5;15;5;16;5;17;5;18;5;18;4;18;3;17;3;16;3;15;3;14;3;13;3;12;3;11;3;10;3;9;3;8;3;7;3;6;3;5;3;5;2;4;2;3;2;2;2;1;2;1;1;2;1;3;1;4;1;5;1;6;1;7;1;8;1;9;1;10;1;11;1;12;1;13;1;14;1;15;1
1;1;1;17;7;5;8;5;9;5;10;5;11;5;12;5;13;5;14;5;15;5;16;5;17;5;18;5;18;4;18;3;17;3;16;3;15;3;14;3;13;3;12;3;11;3;10;3;9;3;8;3;7;3;6;3;5;3;5;2;4;2;3;2;2;2;1;2;1;1;2;1;3;1;4;1;5;1;6;1;7;1;8;1;9;1;10;1;11;1;12;1;13;1;14;1;15;1;16;1
1;1;1;17;8;5;9;5;10;5;11;5;12;5;13;5;14;5;15;5;16;5;17;5;18;5;18;4;18;3;17;3;16;3;15;3;14;3;13;3;12;3;11;3;10;3;9;3;8;3;7;3;6;3;5;3;5;2;4;2;3;2;2;2;1;2;1;1;2;1;3;1;4;1;5;1;6;1;7;1;8;1;9;1;10;1;11;1;12;1;13;1;14;1;15;1;16;1;17;1
1;1;1;17;9;5;10;5;11;5;12;5;13;5;14;5;15;5;16;5;17;5;18;5;18;4;18;3;17;3;16;3;15;3;14;3;13;3;12;3;11;3;10;3;9;3;8;3;7;3;6;3;5;3;5;2;4;2;3;2;2;2;1;2;1;1;2;1;3;1;4;1;5;1;6;1;7;1;8;1;9;1;10;1;11;1;12;1;13;1;14;1;15;1;16;1;17;1;18;1
1;1;1;17;10;5;11;5;12;5;13;5;14;5;15;5;16;5;17;5;18;5;18;4;18;3;17;3;16;3;15;3;14;3;13;3;12;3;11;3;10;3;9;3;8;3;7;3;6;3;5;3;5;2;4;2;3;2;2;2;1;2;1;1;2;1;3;1;4;1;5;1;6;1;7;1;8;1;9;1;10;1;11;1;12;1;13;1;14;1;15;1;16;1;17;1;18;1;19;1
1;2;1;17;11;5;12;5;13;5;14;5;15;5;16;5;17;5;18;5;18;4;18;3;17;3;16;3;15;3;14;3;13;3;12;3;11;3;10;3;9;3;8;3;7;3;6;3;5;3;5;2;4;2;3;2;2;2;1;2;1;1;2;1;3;1;4;1;5;1;6;1;7;1;8;1;9;1;10;1;11;1;12;1;13;1;14;1;15;1;16;1;17;1;18;1;19;1;19;2
1;3;1;17;12;5;13;5;14;5;15;5;16;5;17;5;18;5;18;4;18;3;17;3;16;3;15;3;14;3;13;3;12;3;11;3;10;3;9;3;8;3;7;3;6;3;5;3;5;2;4;2;3;2;2;2;1;2;1;1;2;1;3;1;4;1;5;1;6;1;7;1;8;1;9;1;10;1;11;1;12;1;13;1;14;1;15;1;16;1;17;1;18;1;19;1;19;2;18;2
1;3;1;17;13;5;14;5;15;5;16;5;17;5;18;5;18;4;18;3;17;3;16;3;15;3;14;3;13;3;12;3;11;3;10;3;9;3;8;3;7;3;6;3;5;3;5;2;4;2;3;2;2;2;1;2;1;1;2;1;3;1;4;1;5;1;6;1;7;1;8;1;9;1;10;1;11;1;12;1;13;1;14;1;15;1;16;1;17;1;18;1;19;1;19;2;18;2;17;2
1;3;1;17;14;5;15;5;16;5;17;5;18;5;18;4;18;3;17;3;16;3;15;3;14;3;13;3;12;3;11;3;10;3;9;3;8;3;7;3;6;3;5;3;5;2;4;2;3;2;2;2;1;2;1;1;2;1;3;1;4;1;5;1;6;1;7;1;8;1;9;1;10;1;11;1;12;1;13;1;14;1;15;1;16;1;17;1;18;1;19;1;19;2;18;2;17;2;16;2
1;3;1;17;15;5;16;5;17;5;18;5;18;4;18;3;17;3;16;3;15;3;14;3;13;3;12;3;11;3;10;3;9;3;8;3;7;3;6;3;5;3;5;2;4;2;3;2;2;2;1;2;1;1;2;1;3;1;4;1;5;1;6;1;7;1;8;1;9;1;10;1;11;1;12;1;13;1;14;1;15;1;16;1;17;1;18;1;19;1;19;2;18;2;17;2;16;2;15;2
1;3;1;17;16;5;17;5;18;5;18;4;18;3;17;3;16;3;15;3;14;3;13;3;12;3;11;3;10;3;9;3;8;3;7;3;6;3;5;3;5;2;4;2;3;2;2;2;1;2;1;1;2;1;3;1;4;1;5;1;6;1;7;1;8;1;9;1;10;1;11;1;12;1;13;1;14;1;15;1;16;1;17;1;18;1;19;1;19;2;18;2;17;2;16;2;15;2;14;2
1;3;1;17;17;5;18;5;18;4;18;3;17;3;16;3;15;3;14;3;13;3;12;3;11;3;10;3;9;3;8;3;7;3;6;3;5;3;5;2;4;2;3;2;2;2;1;2;1;1;2;1;3;1;4;1;5;1;6;1;7;1;8;1;9;1;10;1;11;1;12;1;13;1;14;1;15;1;16;1;17;1;18;1;19;1;19;2;18;2;17;2;16;2;15;2;14;2;13;2
1;3;1;17;18;5;18;4;18;3;17;3;16;3;15;3;14;3;13;3;12;3;11;3;10;3;9;3;8;3;7;3;6;3;5;3;5;2;4;2;3;2;2;2;1;2;1;1;2;1;3;1;4;1;5;1;6;1;7;1;8;1;9;1;10;1;11;1;12;1;13;1;14;1;15;1;16;1;17;1;18;1;19;1;19;2;18;2;17;2;16;2;15;2;14;2;13;2;12;2
1;3;1;17;18;4;18;3;17;3;16;3;15;3;14;3;13;3;12;3;11;3;10;3;9;3;8;3;7;3;6;3;5;3;5;2;4;2;3;2;2;2;1;2;1;1;2;1;3;1;4;1;5;1;6;1;7;1;8;1;9;1;10;1;11;1;12;1;13;1;14;1;15;1;16;1;17;1;18;1;19;1;19;2;18;2;17;2;16;2;15;2;14;2;13;2;12;2;11;2
