20
1;1;18;19;8;10;9;10;10;10
1;2;18;19;9;10;10;10;10;11
1;1;18;19;10;10;10;11;11;11
1;2;18;19;10;11;11;11;11;12
1;1;18;19;11;11;11;12;12;12
1;2;18;19;11;12;12;12;12;13
1;1;18;19;12;12;12;13;13;13
1;2;18;19;12;13;13;13;13;14
1;1;18;19;13;13;13;14;14;14
1;2;18;19;13;14;14;14;14;15
1;2;18;19;14;14;14;15;14;16
1;2;18;19;14;15;14;16;14;17
1;2;18;19;14;16;14;17;14;18
1;3;18;19;14;17;14;18;13;18
1;2;18;19;14;18;13;18;13;19
1;1;18;19;13;18;13;19;14;19
1;1;18;19;13;19;14;19;15;19
1;1;18;19;14;19;15;19;16;19
1;1;18;19;15;19;16;19;17;19
1;1;17;0;16;19;16;19;17;19;18;19
1;0;17;0;16;19;17;19;18;19;18;18
1;3;17;0;17;19;18;19;18;18;17;18
1;0;17;0;18;19;18;18;17;18;17;17
1;0;17;0;18;18;17;18;17;17;17;16
1;0;17;0;17;18;17;17;17;16;17;15
1;0;17;0;17;17;17;16;17;15;17;14
1;0;17;0;17;16;17;15;17;14;17;13
1;0;17;0;17;15;17;14;17;13;17;12
1;0;17;0;17;14;17;13;17;12;17;11
1;0;17;0;17;13;17;12;17;11;17;10
1;0;17;0;17;12;17;11;17;10;17;9
1;0;17;0;17;11;17;10;17;9;17;8
1;0;17;0;17;10;17;9;17;8;17;7
1;0;17;0;17;9;17;8;17;7;17;6
1;0;17;0;17;8;17;7;17;6;17;5
1;0;17;0;17;7;17;6;17;5;17;4
1;0;17;0;17;6;17;5;17;4;17;3
1;0;17;0;17;5;17;4;17;3;17;2
1;0;17;0;17;4;17;3;17;2;17;1
1;0;13;3;17;3;17;3;17;2;17;1;17;0
1;3;13;3;17;3;17;2;17;1;17;0;16;0
1;3;13;3;17;2;17;1;17;0;16;0;15;0
1;3;13;3;17;1;17;0;16;0;15;0;14;0
1;3;13;3;17;0;16;0;15;0;14;0;13;0
1;2;13;3;16;0;15;0;14;0;13;0;13;1
1;2;13;3;15;0;14;0;13;0;13;1;13;2
1;2;12;15;14;0;14;0;13;0;13;1;13;2;13;3
1;3;12;15;14;0;13;0;13;1;13;2;13;3;12;3
1;2;12;15;13;0;13;1;13;2;13;3;12;3;12;4
1;2;12;15;13;1;13;2;13;3;12;3;12;4;12;5
1;2;12;15;13;2;13;3;12;3;12;4;12;5;12;6
1;2;12;15;13;3;12;3;12;4;12;5;12;6;12;7
1;2;12;15;12;3;12;4;12;5;12;6;12;7;12;8
1;2;12;15;12;4;12;5;12;6;12;7;12;8;12;9
1;2;12;15;12;5;12;6;12;7;12;8;12;9;12;10
1;2;12;15;12;6;12;7;12;8;12;9;12;10;12;11
1;2;12;15;12;7;12;8;12;9;12;10;12;11;12;12
1;2;12;15;12;8;12;9;12;10;12;11;12;12;12;13
1;2;12;15;12;9;12;10;12;11;12;12;12;13;12;14
1;2;19;13;12;10;12;10;12;11;12;12;12;13;12;14;12;15
1;1;19;13;12;10;12;11;12;12;12;13;12;14;12;15;13;15
1;0;19;13;12;11;12;12;12;13;12;14;12;15;13;15;13;14
1;0;19;13;12;12;12;13;12;14;12;15;13;15;13;14;13;13
1;1;19;13;12;13;12;14;12;15;13;15;13;14;13;13;14;13
1;1;19;13;12;14;12;15;13;15;13;14;13;13;14;13;15;13
1;1;19;13;12;15;13;15;13;14;13;13;14;13;15;13;16;13
1;1;19;13;13;15;13;14;13;13;14;13;15;13;16;13;17;13
1;1;19;13;13;14;13;13;14;13;15;13;16;13;17;13;18;13
1;1;8;10;13;13;13;13;14;13;15;13;16;13;17;13;18;13;19;13
1;0;8;10;13;13;14;13;15;13;16;13;17;13;18;13;19;13;19;12
1;0;8;10;14;13;15;13;16;13;17;13;18;13;19;13;19;12;19;11
1;0;8;10;15;13;16;13;17;13;18;13;19;13;19;12;19;11;19;10
1;3;8;10;16;13;17;13;18;13;19;13;19;12;19;11;19;10;18;10
1;3;8;10;17;13;18;13;19;13;19;12;19;11;19;10;18;10;17;10
1;3;8;10;18;13;19;13;19;12;19;11;19;10;18;10;17;10;16;10
1;3;8;10;19;13;19;12;19;11;19;10;18;10;17;10;16;10;15;10
1;3;8;10;19;12;19;11;19;10;18;10;17;10;16;10;15;10;14;10
1;3;8;10;19;11;19;10;18;10;17;10;16;10;15;10;14;10;13;10
1;3;8;10;19;10;18;10;17;10;16;10;15;10;14;10;13;10;12;10
1;3;8;10;18;10;17;10;16;10;15;10;14;10;13;10;12;10;11;10
1;3;8;10;17;10;16;10;15;10;14;10;13;10;12;10;11;10;10;10
1;3;8;10;16;10;15;10;14;10;13;10;12;10;11;10;10;10;9;10
1;3;17;7;15;10;15;10;14;10;13;10;12;10;11;10;10;10;9;10;8;10
1;0;17;7;15;10;14;10;13;10;12;10;11;10;10;10;9;10;8;10;8;9
1;0;17;7;14;10;13;10;12;10;11;10;10;10;9;10;8;10;8;9;8;8
1;0;17;7;13;10;12;10;11;10;10;10;9;10;8;10;8;9;8;8;8;7
1;1;17;7;12;10;11;10;10;10;9;10;8;10;8;9;8;8;8;7;9;7
1;1;17;7;11;10;10;10;9;10;8;10;8;9;8;8;8;7;9;7;10;7
1;1;17;7;10;10;9;10;8;10;8;9;8;8;8;7;9;7;10;7;11;7
1;1;17;7;9;10;8;10;8;9;8;8;8;7;9;7;10;7;11;7;12;7
1;1;17;7;8;10;8;9;8;8;8;7;9;7;10;7;11;7;12;7;13;7
1;1;17;7;8;9;8;8;8;7;9;7;10;7;11;7;12;7;13;7;14;7
1;1;17;7;8;8;8;7;9;7;10;7;11;7;12;7;13;7;14;7;15;7
1;1;17;7;8;7;9;7;10;7;11;7;12;7;13;7;14;7;15;7;16;7
1;1;4;12;9;7;9;7;10;7;11;7;12;7;13;7;14;7;15;7;16;7;17;7
1;2;4;12;9;7;10;7;11;7;12;7;13;7;14;7;15;7;16;7;17;7;17;8
1;3;4;12;10;7;11;7;12;7;13;7;14;7;15;7;16;7;17;7;17;8;16;8
1;3;4;12;11;7;12;7;13;7;14;7;15;7;16;7;17;7;17;8;16;8;15;8
1;3;4;12;12;7;13;7;14;7;15;7;16;7;17;7;17;8;16;8;15;8;14;8
1;3;4;12;13;7;14;7;15;7;16;7;17;7;17;8;16;8;15;8;14;8;13;8
1;3;4;12;14;7;15;7;16;7;17;7;17;8;16;8;15;8;14;8;13;8;12;8
1;2;4;12;15;7;16;7;17;7;17;8;16;8;15;8;14;8;13;8;12;8;12;9
1;2;4;12;16;7;17;7;17;8;16;8;15;8;14;8;13;8;12;8;12;9;12;10
1;2;4;12;17;7;17;8;16;8;15;8;14;8;13;8;12;8;12;9;12;10;12;11
1;2;4;12;17;8;16;8;15;8;14;8;13;8;12;8;12;9;12;10;12;11;12;12
1;3;4;12;16;8;15;8;14;8;13;8;12;8;12;9;12;10;12;11;12;12;11;12
1;3;4;12;15;8;14;8;13;8;12;8;12;9;12;10;12;11;12;12;11;12;10;12
1;3;4;12;14;8;13;8;12;8;12;9;12;10;12;11;12;12;11;12;10;12;9;12
1;3;4;12;13;8;12;8;12;9;12;10;12;11;12;12;11;12;10;12;9;12;8;12
1;3;4;12;12;8;12;9;12;10;12;11;12;12;11;12;10;12;9;12;8;12;7;12
1;3;4;12;12;9;12;10;12;11;12;12;11;12;10;12;9;12;8;12;7;12;6;12
1;3;4;12;12;10;12;11;12;12;11;12;10;12;9;12;8;12;7;12;6;12;5;12
1;3;7;8;12;11;12;11;12;12;11;12;10;12;9;12;8;12;7;12;6;12;5;12;4;12
1;0;7;8;12;11;12;12;11;12;10;12;9;12;8;12;7;12;6;12;5;12;4;12;4;11
1;1;7;8;12;12;11;12;10;12;9;12;8;12;7;12;6;12;5;12;4;12;4;11;5;11
1;1;7;8;11;12;10;12;9;12;8;12;7;12;6;12;5;12;4;12;4;11;5;11;6;11
1;1;7;8;10;12;9;12;8;12;7;12;6;12;5;12;4;12;4;11;5;11;6;11;7;11
1;0;7;8;9;12;8;12;7;12;6;12;5;12;4;12;4;11;5;11;6;11;7;11;7;10
1;0;7;8;8;12;7;12;6;12;5;12;4;12;4;11;5;11;6;11;7;11;7;10;7;9
1;0;9;9;7;12;7;12;6;12;5;12;4;12;4;11;5;11;6;11;7;11;7;10;7;9;7;8
1;0;9;9;7;12;6;12;5;12;4;12;4;11;5;11;6;11;7;11;7;10;7;9;7;8;7;7
1;0;9;9;6;12;5;12;4;12;4;11;5;11;6;11;7;11;7;10;7;9;7;8;7;7;7;6
1;0;9;9;5;12;4;12;4;11;5;11;6;11;7;11;7;10;7;9;7;8;7;7;7;6;7;5
1;0;9;9;4;12;4;11;5;11;6;11;7;11;7;10;7;9;7;8;7;7;7;6;7;5;7;4
1;1;9;9;4;11;5;11;6;11;7;11;7;10;7;9;7;8;7;7;7;6;7;5;7;4;8;4
1;1;9;9;5;11;6;11;7;11;7;10;7;9;7;8;7;7;7;6;7;5;7;4;8;4;9;4
1;1;9;9;6;11;7;11;7;10;7;9;7;8;7;7;7;6;7;5;7;4;8;4;9;4;10;4
1;1;9;9;7;11;7;10;7;9;7;8;7;7;7;6;7;5;7;4;8;4;9;4;10;4;11;4
1;2;9;9;7;10;7;9;7;8;7;7;7;6;7;5;7;4;8;4;9;4;10;4;11;4;11;5
1;3;9;9;7;9;7;8;7;7;7;6;7;5;7;4;8;4;9;4;10;4;11;4;11;5;10;5
1;3;9;9;7;8;7;7;7;6;7;5;7;4;8;4;9;4;10;4;11;4;11;5;10;5;9;5
1;2;9;9;7;7;7;6;7;5;7;4;8;4;9;4;10;4;11;4;11;5;10;5;9;5;9;6
1;2;9;9;7;6;7;5;7;4;8;4;9;4;10;4;11;4;11;5;10;5;9;5;9;6;9;7
1;2;9;9;7;5;7;4;8;4;9;4;10;4;11;4;11;5;10;5;9;5;9;6;9;7;9;8
1;2;8;5;7;4;7;4;8;4;9;4;10;4;11;4;11;5;10;5;9;5;9;6;9;7;9;8;9;9
1;2;8;5;7;4;8;4;9;4;10;4;11;4;11;5;10;5;9;5;9;6;9;7;9;8;9;9;9;10
1;2;8;5;8;4;9;4;10;4;11;4;11;5;10;5;9;5;9;6;9;7;9;8;9;9;9;10;9;11
1;3;8;5;9;4;10;4;11;4;11;5;10;5;9;5;9;6;9;7;9;8;9;9;9;10;9;11;8;11
1;0;8;5;10;4;11;4;11;5;10;5;9;5;9;6;9;7;9;8;9;9;9;10;9;11;8;11;8;10
1;0;8;5;11;4;11;5;10;5;9;5;9;6;9;7;9;8;9;9;9;10;9;11;8;11;8;10;8;9
1;0;8;5;11;5;10;5;9;5;9;6;9;7;9;8;9;9;9;10;9;11;8;11;8;10;8;9;8;8
1;0;8;5;10;5;9;5;9;6;9;7;9;8;9;9;9;10;9;11;8;11;8;10;8;9;8;8;8;7
1;0;8;5;9;5;9;6;9;7;9;8;9;9;9;10;9;11;8;11;8;10;8;9;8;8;8;7;8;6
1;0;13;17;9;6;9;6;9;7;9;8;9;9;9;10;9;11;8;11;8;10;8;9;8;8;8;7;8;6;8;5
1;1;13;17;9;6;9;7;9;8;9;9;9;10;9;11;8;11;8;10;8;9;8;8;8;7;8;6;8;5;9;5
1;1;13;17;9;7;9;8;9;9;9;10;9;11;8;11;8;10;8;9;8;8;8;7;8;6;8;5;9;5;10;5
1;2;13;17;9;8;9;9;9;10;9;11;8;11;8;10;8;9;8;8;8;7;8;6;8;5;9;5;10;5;10;6
1;2;13;17;9;9;9;10;9;11;8;11;8;10;8;9;8;8;8;7;8;6;8;5;9;5;10;5;10;6;10;7
1;2;13;17;9;10;9;11;8;11;8;10;8;9;8;8;8;7;8;6;8;5;9;5;10;5;10;6;10;7;10;8
1;2;13;17;9;11;8;11;8;10;8;9;8;8;8;7;8;6;8;5;9;5;10;5;10;6;10;7;10;8;10;9
1;2;13;17;8;11;8;10;8;9;8;8;8;7;8;6;8;5;9;5;10;5;10;6;10;7;10;8;10;9;10;10
1;2;13;17;8;10;8;9;8;8;8;7;8;6;8;5;9;5;10;5;10;6;10;7;10;8;10;9;10;10;10;11
1;1;13;17;8;9;8;8;8;7;8;6;8;5;9;5;10;5;10;6;10;7;10;8;10;9;10;10;10;11;11;11
1;1;13;17;8;8;8;7;8;6;8;5;9;5;10;5;10;6;10;7;10;8;10;9;10;10;10;11;11;11;12;11
1;1;13;17;8;7;8;6;8;5;9;5;10;5;10;6;10;7;10;8;10;9;10;10;10;11;11;11;12;11;13;11
1;2;13;17;8;6;8;5;9;5;10;5;10;6;10;7;10;8;10;9;10;10;10;11;11;11;12;11;13;11;13;12
1;2;13;17;8;5;9;5;10;5;10;6;10;7;10;8;10;9;10;10;10;11;11;11;12;11;13;11;13;12;13;13
1;2;13;17;9;5;10;5;10;6;10;7;10;8;10;9;10;10;10;11;11;11;12;11;13;11;13;12;13;13;13;14
1;2;13;17;10;5;10;6;10;7;10;8;10;9;10;10;10;11;11;11;12;11;13;11;13;12;13;13;13;14;13;15
1;2;13;17;10;6;10;7;10;8;10;9;10;10;10;11;11;11;12;11;13;11;13;12;13;13;13;14;13;15;13;16
1;2;6;9;10;7;10;7;10;8;10;9;10;10;10;11;11;11;12;11;13;11;13;12;13;13;13;14;13;15;13;16;13;17
1;3;6;9;10;7;10;8;10;9;10;10;10;11;11;11;12;11;13;11;13;12;13;13;13;14;13;15;13;16;13;17;12;17
1;0;6;9;10;8;10;9;10;10;10;11;11;11;12;11;13;11;13;12;13;13;13;14;13;15;13;16;13;17;12;17;12;16
1;0;6;9;10;9;10;10;10;11;11;11;12;11;13;11;13;12;13;13;13;14;13;15;13;16;13;17;12;17;12;16;12;15
1;0;6;9;10;10;10;11;11;11;12;11;13;11;13;12;13;13;13;14;13;15;13;16;13;17;12;17;12;16;12;15;12;14
1;0;6;9;10;11;11;11;12;11;13;11;13;12;13;13;13;14;13;15;13;16;13;17;12;17;12;16;12;15;12;14;12;13
1;0;6;9;11;11;12;11;13;11;13;12;13;13;13;14;13;15;13;16;13;17;12;17;12;16;12;15;12;14;12;13;12;12
1;3;6;9;12;11;13;11;13;12;13;13;13;14;13;15;13;16;13;17;12;17;12;16;12;15;12;14;12;13;12;12;11;12
1;0;6;9;13;11;13;12;13;13;13;14;13;15;13;16;13;17;12;17;12;16;12;15;12;14;12;13;12;12;11;12;11;11
1;0;6;9;13;12;13;13;13;14;13;15;13;16;13;17;12;17;12;16;12;15;12;14;12;13;12;12;11;12;11;11;11;10
1;0;6;9;13;13;13;14;13;15;13;16;13;17;12;17;12;16;12;15;12;14;12;13;12;12;11;12;11;11;11;10;11;9
1;3;6;9;13;14;13;15;13;16;13;17;12;17;12;16;12;15;12;14;12;13;12;12;11;12;11;11;11;10;11;9;10;9
1;3;6;9;13;15;13;16;13;17;12;17;12;16;12;15;12;14;12;13;12;12;11;12;11;11;11;10;11;9;10;9;9;9
1;3;6;9;13;16;13;17;12;17;12;16;12;15;12;14;12;13;12;12;11;12;11;11;11;10;11;9;10;9;9;9;8;9
1;3;6;9;13;17;12;17;12;16;12;15;12;14;12;13;12;12;11;12;11;11;11;10;11;9;10;9;9;9;8;9;7;9
1;3;11;13;12;17;12;17;12;16;12;15;12;14;12;13;12;12;11;12;11;11;11;10;11;9;10;9;9;9;8;9;7;9;6;9
1;2;11;13;12;17;12;16;12;15;12;14;12;13;12;12;11;12;11;11;11;10;11;9;10;9;9;9;8;9;7;9;6;9;6;10
1;2;11;13;12;16;12;15;12;14;12;13;12;12;11;12;11;11;11;10;11;9;10;9;9;9;8;9;7;9;6;9;6;10;6;11
1;2;11;13;12;15;12;14;12;13;12;12;11;12;11;11;11;10;11;9;10;9;9;9;8;9;7;9;6;9;6;10;6;11;6;12
1;2;11;13;12;14;12;13;12;12;11;12;11;11;11;10;11;9;10;9;9;9;8;9;7;9;6;9;6;10;6;11;6;12;6;13
1;1;11;13;12;13;12;12;11;12;11;11;11;10;11;9;10;9;9;9;8;9;7;9;6;9;6;10;6;11;6;12;6;13;7;13
1;1;11;13;12;12;11;12;11;11;11;10;11;9;10;9;9;9;8;9;7;9;6;9;6;10;6;11;6;12;6;13;7;13;8;13
1;1;11;13;11;12;11;11;11;10;11;9;10;9;9;9;8;9;7;9;6;9;6;10;6;11;6;12;6;13;7;13;8;13;9;13
1;1;11;13;11;11;11;10;11;9;10;9;9;9;8;9;7;9;6;9;6;10;6;11;6;12;6;13;7;13;8;13;9;13;10;13
1;1;0;17;11;10;11;10;11;9;10;9;9;9;8;9;7;9;6;9;6;10;6;11;6;12;6;13;7;13;8;13;9;13;10;13;11;13
1;2;0;17;11;10;11;9;10;9;9;9;8;9;7;9;6;9;6;10;6;11;6;12;6;13;7;13;8;13;9;13;10;13;11;13;11;14
1;3;0;17;11;9;10;9;9;9;8;9;7;9;6;9;6;10;6;11;6;12;6;13;7;13;8;13;9;13;10;13;11;13;11;14;10;14
1;3;0;17;10;9;9;9;8;9;7;9;6;9;6;10;6;11;6;12;6;13;7;13;8;13;9;13;10;13;11;13;11;14;10;14;9;14
1;3;0;17;9;9;8;9;7;9;6;9;6;10;6;11;6;12;6;13;7;13;8;13;9;13;10;13;11;13;11;14;10;14;9;14;8;14
1;3;0;17;8;9;7;9;6;9;6;10;6;11;6;12;6;13;7;13;8;13;9;13;10;13;11;13;11;14;10;14;9;14;8;14;7;14
1;3;0;17;7;9;6;9;6;10;6;11;6;12;6;13;7;13;8;13;9;13;10;13;11;13;11;14;10;14;9;14;8;14;7;14;6;14
1;3;0;17;6;9;6;10;6;11;6;12;6;13;7;13;8;13;9;13;10;13;11;13;11;14;10;14;9;14;8;14;7;14;6;14;5;14
1;2;0;17;6;10;6;11;6;12;6;13;7;13;8;13;9;13;10;13;11;13;11;14;10;14;9;14;8;14;7;14;6;14;5;14;5;15
1;2;0;17;6;11;6;12;6;13;7;13;8;13;9;13;10;13;11;13;11;14;10;14;9;14;8;14;7;14;6;14;5;14;5;15;5;16
1;2;0;17;6;12;6;13;7;13;8;13;9;13;10;13;11;13;11;14;10;14;9;14;8;14;7;14;6;14;5;14;5;15;5;16;5;17
1;3;0;17;6;13;7;13;8;13;9;13;10;13;11;13;11;14;10;14;9;14;8;14;7;14;6;14;5;14;5;15;5;16;5;17;4;17
1;3;0;17;7;13;8;13;9;13;10;13;11;13;11;14;10;14;9;14;8;14;7;14;6;14;5;14;5;15;5;16;5;17;4;17;3;17
1;3;0;17;8;13;9;13;10;13;11;13;11;14;10;14;9;14;8;14;7;14;6;14;5;14;5;15;5;16;5;17;4;17;3;17;2;17
1;3;0;17;9;13;10;13;11;13;11;14;10;14;9;14;8;14;7;14;6;14;5;14;5;15;5;16;5;17;4;17;3;17;2;17;1;17
1;3;17;9;10;13;10;13;11;13;11;14;10;14;9;14;8;14;7;14;6;14;5;14;5;15;5;16;5;17;4;17;3;17;2;17;1;17;0;17
1;2;17;9;10;13;11;13;11;14;10;14;9;14;8;14;7;14;6;14;5;14;5;15;5;16;5;17;4;17;3;17;2;17;1;17;0;17;0;18
1;1;17;9;11;13;11;14;10;14;9;14;8;14;7;14;6;14;5;14;5;15;5;16;5;17;4;17;3;17;2;17;1;17;0;17;0;18;1;18
1;1;17;9;11;14;10;14;9;14;8;14;7;14;6;14;5;14;5;15;5;16;5;17;4;17;3;17;2;17;1;17;0;17;0;18;1;18;2;18
1;1;17;9;10;14;9;14;8;14;7;14;6;14;5;14;5;15;5;16;5;17;4;17;3;17;2;17;1;17;0;17;0;18;1;18;2;18;3;18
1;1;17;9;9;14;8;14;7;14;6;14;5;14;5;15;5;16;5;17;4;17;3;17;2;17;1;17;0;17;0;18;1;18;2;18;3;18;4;18
1;1;17;9;8;14;7;14;6;14;5;14;5;15;5;16;5;17;4;17;3;17;2;17;1;17;0;17;0;18;1;18;2;18;3;18;4;18;5;18
1;1;17;9;7;14;6;14;5;14;5;15;5;16;5;17;4;17;3;17;2;17;1;17;0;17;0;18;1;18;2;18;3;18;4;18;5;18;6;18
1;1;17;9;6;14;5;14;5;15;5;16;5;17;4;17;3;17;2;17;1;17;0;17;0;18;1;18;2;18;3;18;4;18;5;18;6;18;7;18
1;1;17;9;5;14;5;15;5;16;5;17;4;17;3;17;2;17;1;17;0;17;0;18;1;18;2;18;3;18;4;18;5;18;6;18;7;18;8;18
1;1;17;9;5;15;5;16;5;17;4;17;3;17;2;17;1;17;0;17;0;18;1;18;2;18;3;18;4;18;5;18;6;18;7;18;8;18;9;18
1;1;17;9;5;16;5;17;4;17;3;17;2;17;1;17;0;17;0;18;1;18;2;18;3;18;4;18;5;18;6;18;7;18;8;18;9;18;10;18
1;1;17;9;5;17;4;17;3;17;2;17;1;17;0;17;0;18;1;18;2;18;3;18;4;18;5;18;6;18;7;18;8;18;9;18;10;18;11;18
1;1;17;9;4;17;3;17;2;17;1;17;0;17;0;18;1;18;2;18;3;18;4;18;5;18;6;18;7;18;8;18;9;18;10;18;11;18;12;18
1;1;17;9;3;17;2;17;1;17;0;17;0;18;1;18;2;18;3;18;4;18;5;18;6;18;7;18;8;18;9;18;10;18;11;18;12;18;13;18
1;1;17;9;2;17;1;17;0;17;0;18;1;18;2;18;3;18;4;18;5;18;6;18;7;18;8;18;9;18;10;18;11;18;12;18;13;18;14;18
1;1;17;9;1;17;0;17;0;18;1;18;2;18;3;18;4;18;5;18;6;18;7;18;8;18;9;18;10;18;11;18;12;18;13;18;14;18;15;18
1;1;17;9;0;17;0;18;1;18;2;18;3;18;4;18;5;18;6;18;7;18;8;18;9;18;10;18;11;18;12;18;13;18;14;18;15;18;16;18
1;1;17;9;0;18;1;18;2;18;3;18;4;18;5;18;6;18;7;18;8;18;9;18;10;18;11;18;12;18;13;18;14;18;15;18;16;18;17;18
1;0;17;9;1;18;2;18;3;18;4;18;5;18;6;18;7;18;8;18;9;18;10;18;11;18;12;18;13;18;14;18;15;18;16;18;17;18;17;17
1;0;17;9;2;18;3;18;4;18;5;18;6;18;7;18;8;18;9;18;10;18;11;18;12;18;13;18;14;18;15;18;16;18;17;18;17;17;17;16
1;0;17;9;3;18;4;18;5;18;6;18;7;18;8;18;9;18;10;18;11;18;12;18;13;18;14;18;15;18;16;18;17;18;17;17;17;16;17;15
1;0;17;9;4;18;5;18;6;18;7;18;8;18;9;18;10;18;11;18;12;18;13;18;14;18;15;18;16;18;17;18;17;17;17;16;17;15;17;14
1;0;17;9;5;18;6;18;7;18;8;18;9;18;10;18;11;18;12;18;13;18;14;18;15;18;16;18;17;18;17;17;17;16;17;15;17;14;17;13
1;0;17;9;6;18;7;18;8;18;9;18;10;18;11;18;12;18;13;18;14;18;15;18;16;18;17;18;17;17;17;16;17;15;17;14;17;13;17;12
1;0;17;9;7;18;8;18;9;18;10;18;11;18;12;18;13;18;14;18;15;18;16;18;17;18;17;17;17;16;17;15;17;14;17;13;17;12;17;11
1;0;17;9;8;18;9;18;10;18;11;18;12;18;13;18;14;18;15;18;16;18;17;18;17;17;17;16;17;15;17;14;17;13;17;12;17;11;17;10
1;0;9;4;9;18;9;18;10;18;11;18;12;18;13;18;14;18;15;18;16;18;17;18;17;17;17;16;17;15;17;14;17;13;17;12;17;11;17;10;17;9
1;0;9;4;9;18;10;18;11;18;12;18;13;18;14;18;15;18;16;18;17;18;17;17;17;16;17;15;17;14;17;13;17;12;17;11;17;10;17;9;17;8
1;0;9;4;10;18;11;18;12;18;13;18;14;18;15;18;16;18;17;18;17;17;17;16;17;15;17;14;17;13;17;12;17;11;17;10;17;9;17;8;17;7
1;0;9;4;11;18;12;18;13;18;14;18;15;18;16;18;17;18;17;17;17;16;17;15;17;14;17;13;17;12;17;11;17;10;17;9;17;8;17;7;17;6
1;0;9;4;12;18;13;18;14;18;15;18;16;18;17;18;17;17;17;16;17;15;17;14;17;13;17;12;17;11;17;10;17;9;17;8;17;7;17;6;17;5
1;0;9;4;13;18;14;18;15;18;16;18;17;18;17;17;17;16;17;15;17;14;17;13;17;12;17;11;17;10;17;9;17;8;17;7;17;6;17;5;17;4
1;3;9;4;14;18;15;18;16;18;17;18;17;17;17;16;17;15;17;14;17;13;17;12;17;11;17;10;17;9;17;8;17;7;17;6;17;5;17;4;16;4
1;3;9;4;15;18;16;18;17;18;17;17;17;16;17;15;17;14;17;13;17;12;17;11;17;10;17;9;17;8;17;7;17;6;17;5;17;4;16;4;15;4
1;3;9;4;16;18;17;18;17;17;17;16;17;15;17;14;17;13;17;12;17;11;17;10;17;9;17;8;17;7;17;6;17;5;17;4;16;4;15;4;14;4
1;3;9;4;17;18;17;17;17;16;17;15;17;14;17;13;17;12;17;11;17;10;17;9;17;8;17;7;17;6;17;5;17;4;16;4;15;4;14;4;13;4
1;3;9;4;17;17;17;16;17;15;17;14;17;13;17;12;17;11;17;10;17;9;17;8;17;7;17;6;17;5;17;4;16;4;15;4;14;4;13;4;12;4
1;3;9;4;17;16;17;15;17;14;17;13;17;12;17;11;17;10;17;9;17;8;17;7;17;6;17;5;17;4;16;4;15;4;14;4;13;4;12;4;11;4
1;3;9;4;17;15;17;14;17;13;17;12;17;11;17;10;17;9;17;8;17;7;17;6;17;5;17;4;16;4;15;4;14;4;13;4;12;4;11;4;10;4
1;3;2;1;17;14;17;14;17;13;17;12;17;11;17;10;17;9;17;8;17;7;17;6;17;5;17;4;16;4;15;4;14;4;13;4;12;4;11;4;10;4;9;4
1;0;2;1;17;14;17;13;17;12;17;11;17;10;17;9;17;8;17;7;17;6;17;5;17;4;16;4;15;4;14;4;13;4;12;4;11;4;10;4;9;4;9;3
1;0;2;1;17;13;17;12;17;11;17;10;17;9;17;8;17;7;17;6;17;5;17;4;16;4;15;4;14;4;13;4;12;4;11;4;10;4;9;4;9;3;9;2
1;0;2;1;17;12;17;11;17;10;17;9;17;8;17;7;17;6;17;5;17;4;16;4;15;4;14;4;13;4;12;4;11;4;10;4;9;4;9;3;9;2;9;1
1;3;2;1;17;11;17;10;17;9;17;8;17;7;17;6;17;5;17;4;16;4;15;4;14;4;13;4;12;4;11;4;10;4;9;4;9;3;9;2;9;1;8;1
1;3;2;1;17;10;17;9;17;8;17;7;17;6;17;5;17;4;16;4;15;4;14;4;13;4;12;4;11;4;10;4;9;4;9;3;9;2;9;1;8;1;7;1
1;3;2;1;17;9;17;8;17;7;17;6;17;5;17;4;16;4;15;4;14;4;13;4;12;4;11;4;10;4;9;4;9;3;9;2;9;1;8;1;7;1;6;1
1;3;2;1;17;8;17;7;17;6;17;5;17;4;16;4;15;4;14;4;13;4;12;4;11;4;10;4;9;4;9;3;9;2;9;1;8;1;7;1;6;1;5;1
1;3;2;1;17;7;17;6;17;5;17;4;16;4;15;4;14;4;13;4;12;4;11;4;10;4;9;4;9;3;9;2;9;1;8;1;7;1;6;1;5;1;4;1
1;3;2;1;17;6;17;5;17;4;16;4;15;4;14;4;13;4;12;4;11;4;10;4;9;4;9;3;9;2;9;1;8;1;7;1;6;1;5;1;4;1;3;1
1;3;2;11;17;5;17;5;17;4;16;4;15;4;14;4;13;4;12;4;11;4;10;4;9;4;9;3;9;2;9;1;8;1;7;1;6;1;5;1;4;1;3;1;2;1
1;2;2;11;17;5;17;4;16;4;15;4;14;4;13;4;12;4;11;4;10;4;9;4;9;3;9;2;9;1;8;1;7;1;6;1;5;1;4;1;3;1;2;1;2;2
1;2;2;11;17;4;16;4;15;4;14;4;13;4;12;4;11;4;10;4;9;4;9;3;9;2;9;1;8;1;7;1;6;1;5;1;4;1;3;1;2;1;2;2;2;3
1;2;2;11;16;4;15;4;14;4;13;4;12;4;11;4;10;4;9;4;9;3;9;2;9;1;8;1;7;1;6;1;5;1;4;1;3;1;2;1;2;2;2;3;2;4
1;2;2;11;15;4;14;4;13;4;12;4;11;4;10;4;9;4;9;3;9;2;9;1;8;1;7;1;6;1;5;1;4;1;3;1;2;1;2;2;2;3;2;4;2;5
1;2;2;11;14;4;13;4;12;4;11;4;10;4;9;4;9;3;9;2;9;1;8;1;7;1;6;1;5;1;4;1;3;1;2;1;2;2;2;3;2;4;2;5;2;6
1;2;2;11;13;4;12;4;11;4;10;4;9;4;9;3;9;2;9;1;8;1;7;1;6;1;5;1;4;1;3;1;2;1;2;2;2;3;2;4;2;5;2;6;2;7
1;2;2;11;12;4;11;4;10;4;9;4;9;3;9;2;9;1;8;1;7;1;6;1;5;1;4;1;3;1;2;1;2;2;2;3;2;4;2;5;2;6;2;7;2;8
1;2;2;11;11;4;10;4;9;4;9;3;9;2;9;1;8;1;7;1;6;1;5;1;4;1;3;1;2;1;2;2;2;3;2;4;2;5;2;6;2;7;2;8;2;9
1;2;2;11;10;4;9;4;9;3;9;2;9;1;8;1;7;1;6;1;5;1;4;1;3;1;2;1;2;2;2;3;2;4;2;5;2;6;2;7;2;8;2;9;2;10
1;2;3;11;9;4;9;4;9;3;9;2;9;1;8;1;7;1;6;1;5;1;4;1;3;1;2;1;2;2;2;3;2;4;2;5;2;6;2;7;2;8;2;9;2;10;2;11
1;1;0;5;9;4;9;4;9;3;9;2;9;1;8;1;7;1;6;1;5;1;4;1;3;1;2;1;2;2;2;3;2;4;2;5;2;6;2;7;2;8;2;9;2;10;2;11;3;11
1;2;0;5;9;4;9;3;9;2;9;1;8;1;7;1;6;1;5;1;4;1;3;1;2;1;2;2;2;3;2;4;2;5;2;6;2;7;2;8;2;9;2;10;2;11;3;11;3;12
1;3;0;5;9;3;9;2;9;1;8;1;7;1;6;1;5;1;4;1;3;1;2;1;2;2;2;3;2;4;2;5;2;6;2;7;2;8;2;9;2;10;2;11;3;11;3;12;2;12
1;3;0;5;9;2;9;1;8;1;7;1;6;1;5;1;4;1;3;1;2;1;2;2;2;3;2;4;2;5;2;6;2;7;2;8;2;9;2;10;2;11;3;11;3;12;2;12;1;12
1;3;0;5;9;1;8;1;7;1;6;1;5;1;4;1;3;1;2;1;2;2;2;3;2;4;2;5;2;6;2;7;2;8;2;9;2;10;2;11;3;11;3;12;2;12;1;12;0;12
1;0;0;5;8;1;7;1;6;1;5;1;4;1;3;1;2;1;2;2;2;3;2;4;2;5;2;6;2;7;2;8;2;9;2;10;2;11;3;11;3;12;2;12;1;12;0;12;0;11
1;0;0;5;7;1;6;1;5;1;4;1;3;1;2;1;2;2;2;3;2;4;2;5;2;6;2;7;2;8;2;9;2;10;2;11;3;11;3;12;2;12;1;12;0;12;0;11;0;10
1;0;0;5;6;1;5;1;4;1;3;1;2;1;2;2;2;3;2;4;2;5;2;6;2;7;2;8;2;9;2;10;2;11;3;11;3;12;2;12;1;12;0;12;0;11;0;10;0;9
1;0;0;5;5;1;4;1;3;1;2;1;2;2;2;3;2;4;2;5;2;6;2;7;2;8;2;9;2;10;2;11;3;11;3;12;2;12;1;12;0;12;0;11;0;10;0;9;0;8
1;0;0;5;4;1;3;1;2;1;2;2;2;3;2;4;2;5;2;6;2;7;2;8;2;9;2;10;2;11;3;11;3;12;2;12;1;12;0;12;0;11;0;10;0;9;0;8;0;7
1;0;0;5;3;1;2;1;2;2;2;3;2;4;2;5;2;6;2;7;2;8;2;9;2;10;2;11;3;11;3;12;2;12;1;12;0;12;0;11;0;10;0;9;0;8;0;7;0;6
1;0;12;11;2;1;2;1;2;2;2;3;2;4;2;5;2;6;2;7;2;8;2;9;2;10;2;11;3;11;3;12;2;12;1;12;0;12;0;11;0;10;0;9;0;8;0;7;0;6;0;5
1;1;12;11;2;1;2;2;2;3;2;4;2;5;2;6;2;7;2;8;2;9;2;10;2;11;3;11;3;12;2;12;1;12;0;12;0;11;0;10;0;9;0;8;0;7;0;6;0;5;1;5
1;2;12;11;2;2;2;3;2;4;2;5;2;6;2;7;2;8;2;9;2;10;2;11;3;11;3;12;2;12;1;12;0;12;0;11;0;10;0;9;0;8;0;7;0;6;0;5;1;5;1;6
