20
1;1;16;3;8;10;9;10;10;10
1;1;16;3;9;10;10;10;11;10
1;1;16;3;10;10;11;10;12;10
1;1;16;3;11;10;12;10;13;10
1;1;16;3;12;10;13;10;14;10
1;1;16;3;13;10;14;10;15;10
1;1;16;3;14;10;15;10;16;10
1;0;16;3;15;10;16;10;16;9
1;0;16;3;16;10;16;9;16;8
1;0;16;3;16;9;16;8;16;7
1;0;16;3;16;8;16;7;16;6
1;0;16;3;16;7;16;6;16;5
1;0;16;3;16;6;16;5;16;4
1;0;11;11;16;5;16;5;16;4;16;3
1;3;11;11;16;5;16;4;16;3;15;3
1;3;11;11;16;4;16;3;15;3;14;3
1;3;11;11;16;3;15;3;14;3;13;3
1;3;11;11;15;3;14;3;13;3;12;3
1;3;11;11;14;3;13;3;12;3;11;3
1;2;11;11;13;3;12;3;11;3;11;4
1;2;11;11;12;3;11;3;11;4;11;5
1;2;11;11;11;3;11;4;11;5;11;6
1;2;11;11;11;4;11;5;11;6;11;7
1;2;11;11;11;5;11;6;11;7;11;8
1;2;11;11;11;6;11;7;11;8;11;9
1;2;11;11;11;7;11;8;11;9;11;10
1;2;10;4;11;8;11;8;11;9;11;10;11;11
1;3;10;4;11;8;11;9;11;10;11;11;10;11
1;0;10;4;11;9;11;10;11;11;10;11;10;10
1;0;10;4;11;10;11;11;10;11;10;10;10;9
1;0;10;4;11;11;10;11;10;10;10;9;10;8
1;0;10;4;10;11;10;10;10;9;10;8;10;7
1;0;10;4;10;10;10;9;10;8;10;7;10;6
1;0;10;4;10;9;10;8;10;7;10;6;10;5
1;0;14;8;10;8;10;8;10;7;10;6;10;5;10;4
1;1;14;8;10;8;10;7;10;6;10;5;10;4;11;4
1;2;14;8;10;7;10;6;10;5;10;4;11;4;11;5
1;2;14;8;10;6;10;5;10;4;11;4;11;5;11;6
1;2;14;8;10;5;10;4;11;4;11;5;11;6;11;7
1;2;14;8;10;4;11;4;11;5;11;6;11;7;11;8
1;1;14;8;11;4;11;5;11;6;11;7;11;8;12;8
1;1;14;8;11;5;11;6;11;7;11;8;12;8;13;8
1;1;2;9;11;6;11;6;11;7;11;8;12;8;13;8;14;8
1;2;2;9;11;6;11;7;11;8;12;8;13;8;14;8;14;9
1;3;2;9;11;7;11;8;12;8;13;8;14;8;14;9;13;9
1;3;2;9;11;8;12;8;13;8;14;8;14;9;13;9;12;9
1;3;2;9;12;8;13;8;14;8;14;9;13;9;12;9;11;9
1;3;2;9;13;8;14;8;14;9;13;9;12;9;11;9;10;9
1;3;2;9;14;8;14;9;13;9;12;9;11;9;10;9;9;9
1;3;2;9;14;9;13;9;12;9;11;9;10;9;9;9;8;9
1;3;2;9;13;9;12;9;11;9;10;9;9;9;8;9;7;9
1;3;2;9;12;9;11;9;10;9;9;9;8;9;7;9;6;9
1;3;2;9;11;9;10;9;9;9;8;9;7;9;6;9;5;9
1;3;2;9;10;9;9;9;8;9;7;9;6;9;5;9;4;9
1;3;2;9;9;9;8;9;7;9;6;9;5;9;4;9;3;9
1;3;16;3;8;9;8;9;7;9;6;9;5;9;4;9;3;9;2;9
1;0;16;3;8;9;7;9;6;9;5;9;4;9;3;9;2;9;2;8
1;1;16;3;7;9;6;9;5;9;4;9;3;9;2;9;2;8;3;8
1;1;16;3;6;9;5;9;4;9;3;9;2;9;2;8;3;8;4;8
1;1;16;3;5;9;4;9;3;9;2;9;2;8;3;8;4;8;5;8
1;1;16;3;4;9;3;9;2;9;2;8;3;8;4;8;5;8;6;8
1;1;16;3;3;9;2;9;2;8;3;8;4;8;5;8;6;8;7;8
1;0;16;3;2;9;2;8;3;8;4;8;5;8;6;8;7;8;7;7
1;0;16;3;2;8;3;8;4;8;5;8;6;8;7;8;7;7;7;6
1;0;16;3;3;8;4;8;5;8;6;8;7;8;7;7;7;6;7;5
1;0;16;3;4;8;5;8;6;8;7;8;7;7;7;6;7;5;7;4
1;0;16;3;5;8;6;8;7;8;7;7;7;6;7;5;7;4;7;3
1;1;16;3;6;8;7;8;7;7;7;6;7;5;7;4;7;3;8;3
1;1;16;3;7;8;7;7;7;6;7;5;7;4;7;3;8;3;9;3
1;1;16;3;7;7;7;6;7;5;7;4;7;3;8;3;9;3;10;3
1;1;16;3;7;6;7;5;7;4;7;3;8;3;9;3;10;3;11;3
1;1;16;3;7;5;7;4;7;3;8;3;9;3;10;3;11;3;12;3
1;1;16;3;7;4;7;3;8;3;9;3;10;3;11;3;12;3;13;3
1;1;16;3;7;3;8;3;9;3;10;3;11;3;12;3;13;3;14;3
1;1;16;3;8;3;9;3;10;3;11;3;12;3;13;3;14;3;15;3
1;1;6;10;9;3;9;3;10;3;11;3;12;3;13;3;14;3;15;3;16;3
1;2;6;10;9;3;10;3;11;3;12;3;13;3;14;3;15;3;16;3;16;4
1;2;6;10;10;3;11;3;12;3;13;3;14;3;15;3;16;3;16;4;16;5
1;2;6;10;11;3;12;3;13;3;14;3;15;3;16;3;16;4;16;5;16;6
1;2;6;10;12;3;13;3;14;3;15;3;16;3;16;4;16;5;16;6;16;7
1;2;6;10;13;3;14;3;15;3;16;3;16;4;16;5;16;6;16;7;16;8
1;2;6;10;14;3;15;3;16;3;16;4;16;5;16;6;16;7;16;8;16;9
1;2;6;10;15;3;16;3;16;4;16;5;16;6;16;7;16;8;16;9;16;10
1;3;6;10;16;3;16;4;16;5;16;6;16;7;16;8;16;9;16;10;15;10
1;3;6;10;16;4;16;5;16;6;16;7;16;8;16;9;16;10;15;10;14;10
1;3;6;10;16;5;16;6;16;7;16;8;16;9;16;10;15;10;14;10;13;10
1;3;6;10;16;6;16;7;16;8;16;9;16;10;15;10;14;10;13;10;12;10
1;3;6;10;16;7;16;8;16;9;16;10;15;10;14;10;13;10;12;10;11;10
1;3;6;10;16;8;16;9;16;10;15;10;14;10;13;10;12;10;11;10;10;10
1;3;6;10;16;9;16;10;15;10;14;10;13;10;12;10;11;10;10;10;9;10
1;3;6;10;16;10;15;10;14;10;13;10;12;10;11;10;10;10;9;10;8;10
1;3;6;10;15;10;14;10;13;10;12;10;11;10;10;10;9;10;8;10;7;10
1;3;15;3;14;10;14;10;13;10;12;10;11;10;10;10;9;10;8;10;7;10;6;10
1;0;15;3;14;10;13;10;12;10;11;10;10;10;9;10;8;10;7;10;6;10;6;9
1;1;15;3;13;10;12;10;11;10;10;10;9;10;8;10;7;10;6;10;6;9;7;9
1;1;15;3;12;10;11;10;10;10;9;10;8;10;7;10;6;10;6;9;7;9;8;9
1;1;15;3;11;10;10;10;9;10;8;10;7;10;6;10;6;9;7;9;8;9;9;9
1;1;15;3;10;10;9;10;8;10;7;10;6;10;6;9;7;9;8;9;9;9;10;9
1;1;15;3;9;10;8;10;7;10;6;10;6;9;7;9;8;9;9;9;10;9;11;9
1;1;15;3;8;10;7;10;6;10;6;9;7;9;8;9;9;9;10;9;11;9;12;9
1;1;15;3;7;10;6;10;6;9;7;9;8;9;9;9;10;9;11;9;12;9;13;9
1;1;15;3;6;10;6;9;7;9;8;9;9;9;10;9;11;9;12;9;13;9;14;9
1;1;15;3;6;9;7;9;8;9;9;9;10;9;11;9;12;9;13;9;14;9;15;9
1;0;15;3;7;9;8;9;9;9;10;9;11;9;12;9;13;9;14;9;15;9;15;8
1;0;15;3;8;9;9;9;10;9;11;9;12;9;13;9;14;9;15;9;15;8;15;7
1;0;15;3;9;9;10;9;11;9;12;9;13;9;14;9;15;9;15;8;15;7;15;6
1;0;15;3;10;9;11;9;12;9;13;9;14;9;15;9;15;8;15;7;15;6;15;5
1;0;15;3;11;9;12;9;13;9;14;9;15;9;15;8;15;7;15;6;15;5;15;4
1;0;15;19;12;9;12;9;13;9;14;9;15;9;15;8;15;7;15;6;15;5;15;4;15;3
1;3;15;19;12;9;13;9;14;9;15;9;15;8;15;7;15;6;15;5;15;4;15;3;14;3
1;3;15;19;13;9;14;9;15;9;15;8;15;7;15;6;15;5;15;4;15;3;14;3;13;3
1;3;15;19;14;9;15;9;15;8;15;7;15;6;15;5;15;4;15;3;14;3;13;3;12;3
1;2;15;19;15;9;15;8;15;7;15;6;15;5;15;4;15;3;14;3;13;3;12;3;12;4
1;2;15;19;15;8;15;7;15;6;15;5;15;4;15;3;14;3;13;3;12;3;12;4;12;5
1;2;15;19;15;7;15;6;15;5;15;4;15;3;14;3;13;3;12;3;12;4;12;5;12;6
1;2;15;19;15;6;15;5;15;4;15;3;14;3;13;3;12;3;12;4;12;5;12;6;12;7
1;1;15;19;15;5;15;4;15;3;14;3;13;3;12;3;12;4;12;5;12;6;12;7;13;7
1;1;15;19;15;4;15;3;14;3;13;3;12;3;12;4;12;5;12;6;12;7;13;7;14;7
1;1;15;19;15;3;14;3;13;3;12;3;12;4;12;5;12;6;12;7;13;7;14;7;15;7
1;2;15;19;14;3;13;3;12;3;12;4;12;5;12;6;12;7;13;7;14;7;15;7;15;8
1;2;15;19;13;3;12;3;12;4;12;5;12;6;12;7;13;7;14;7;15;7;15;8;15;9
1;2;15;19;12;3;12;4;12;5;12;6;12;7;13;7;14;7;15;7;15;8;15;9;15;10
1;2;15;19;12;4;12;5;12;6;12;7;13;7;14;7;15;7;15;8;15;9;15;10;15;11
1;2;15;19;12;5;12;6;12;7;13;7;14;7;15;7;15;8;15;9;15;10;15;11;15;12
1;2;15;19;12;6;12;7;13;7;14;7;15;7;15;8;15;9;15;10;15;11;15;12;15;13
1;2;15;19;12;7;13;7;14;7;15;7;15;8;15;9;15;10;15;11;15;12;15;13;15;14
1;2;15;19;13;7;14;7;15;7;15;8;15;9;15;10;15;11;15;12;15;13;15;14;15;15
1;2;15;19;14;7;15;7;15;8;15;9;15;10;15;11;15;12;15;13;15;14;15;15;15;16
1;2;15;19;15;7;15;8;15;9;15;10;15;11;15;12;15;13;15;14;15;15;15;16;15;17
1;2;15;19;15;8;15;9;15;10;15;11;15;12;15;13;15;14;15;15;15;16;15;17;15;18
1;2;11;18;15;9;15;9;15;10;15;11;15;12;15;13;15;14;15;15;15;16;15;17;15;18;15;19
1;3;11;18;15;9;15;10;15;11;15;12;15;13;15;14;15;15;15;16;15;17;15;18;15;19;14;19
1;0;11;18;15;10;15;11;15;12;15;13;15;14;15;15;15;16;15;17;15;18;15;19;14;19;14;18
1;3;11;18;15;11;15;12;15;13;15;14;15;15;15;16;15;17;15;18;15;19;14;19;14;18;13;18
1;3;11;18;15;12;15;13;15;14;15;15;15;16;15;17;15;18;15;19;14;19;14;18;13;18;12;18
1;3;6;9;15;13;15;13;15;14;15;15;15;16;15;17;15;18;15;19;14;19;14;18;13;18;12;18;11;18
1;3;6;9;15;13;15;14;15;15;15;16;15;17;15;18;15;19;14;19;14;18;13;18;12;18;11;18;10;18
1;3;6;9;15;14;15;15;15;16;15;17;15;18;15;19;14;19;14;18;13;18;12;18;11;18;10;18;9;18
1;3;6;9;15;15;15;16;15;17;15;18;15;19;14;19;14;18;13;18;12;18;11;18;10;18;9;18;8;18
1;3;6;9;15;16;15;17;15;18;15;19;14;19;14;18;13;18;12;18;11;18;10;18;9;18;8;18;7;18
1;3;6;9;15;17;15;18;15;19;14;19;14;18;13;18;12;18;11;18;10;18;9;18;8;18;7;18;6;18
1;0;6;9;15;18;15;19;14;19;14;18;13;18;12;18;11;18;10;18;9;18;8;18;7;18;6;18;6;17
1;0;6;9;15;19;14;19;14;18;13;18;12;18;11;18;10;18;9;18;8;18;7;18;6;18;6;17;6;16
1;0;6;9;14;19;14;18;13;18;12;18;11;18;10;18;9;18;8;18;7;18;6;18;6;17;6;16;6;15
1;0;6;9;14;18;13;18;12;18;11;18;10;18;9;18;8;18;7;18;6;18;6;17;6;16;6;15;6;14
1;0;6;9;13;18;12;18;11;18;10;18;9;18;8;18;7;18;6;18;6;17;6;16;6;15;6;14;6;13
1;0;6;9;12;18;11;18;10;18;9;18;8;18;7;18;6;18;6;17;6;16;6;15;6;14;6;13;6;12
1;0;6;9;11;18;10;18;9;18;8;18;7;18;6;18;6;17;6;16;6;15;6;14;6;13;6;12;6;11
1;0;6;9;10;18;9;18;8;18;7;18;6;18;6;17;6;16;6;15;6;14;6;13;6;12;6;11;6;10
1;0;6;6;9;18;9;18;8;18;7;18;6;18;6;17;6;16;6;15;6;14;6;13;6;12;6;11;6;10;6;9
1;0;6;6;9;18;8;18;7;18;6;18;6;17;6;16;6;15;6;14;6;13;6;12;6;11;6;10;6;9;6;8
1;0;6;6;8;18;7;18;6;18;6;17;6;16;6;15;6;14;6;13;6;12;6;11;6;10;6;9;6;8;6;7
1;0;3;5;7;18;7;18;6;18;6;17;6;16;6;15;6;14;6;13;6;12;6;11;6;10;6;9;6;8;6;7;6;6
1;0;3;5;7;18;6;18;6;17;6;16;6;15;6;14;6;13;6;12;6;11;6;10;6;9;6;8;6;7;6;6;6;5
1;3;3;5;6;18;6;17;6;16;6;15;6;14;6;13;6;12;6;11;6;10;6;9;6;8;6;7;6;6;6;5;5;5
1;3;3;5;6;17;6;16;6;15;6;14;6;13;6;12;6;11;6;10;6;9;6;8;6;7;6;6;6;5;5;5;4;5
1;3;10;6;6;16;6;16;6;15;6;14;6;13;6;12;6;11;6;10;6;9;6;8;6;7;6;6;6;5;5;5;4;5;3;5
1;2;10;6;6;16;6;15;6;14;6;13;6;12;6;11;6;10;6;9;6;8;6;7;6;6;6;5;5;5;4;5;3;5;3;6
1;2;10;6;6;15;6;14;6;13;6;12;6;11;6;10;6;9;6;8;6;7;6;6;6;5;5;5;4;5;3;5;3;6;3;7
1;2;10;6;6;14;6;13;6;12;6;11;6;10;6;9;6;8;6;7;6;6;6;5;5;5;4;5;3;5;3;6;3;7;3;8
1;2;10;6;6;13;6;12;6;11;6;10;6;9;6;8;6;7;6;6;6;5;5;5;4;5;3;5;3;6;3;7;3;8;3;9
1;2;10;6;6;12;6;11;6;10;6;9;6;8;6;7;6;6;6;5;5;5;4;5;3;5;3;6;3;7;3;8;3;9;3;10
1;1;10;6;6;11;6;10;6;9;6;8;6;7;6;6;6;5;5;5;4;5;3;5;3;6;3;7;3;8;3;9;3;10;4;10
1;0;10;6;6;10;6;9;6;8;6;7;6;6;6;5;5;5;4;5;3;5;3;6;3;7;3;8;3;9;3;10;4;10;4;9
1;0;10;6;6;9;6;8;6;7;6;6;6;5;5;5;4;5;3;5;3;6;3;7;3;8;3;9;3;10;4;10;4;9;4;8
1;0;10;6;6;8;6;7;6;6;6;5;5;5;4;5;3;5;3;6;3;7;3;8;3;9;3;10;4;10;4;9;4;8;4;7
1;0;10;6;6;7;6;6;6;5;5;5;4;5;3;5;3;6;3;7;3;8;3;9;3;10;4;10;4;9;4;8;4;7;4;6
1;1;10;6;6;6;6;5;5;5;4;5;3;5;3;6;3;7;3;8;3;9;3;10;4;10;4;9;4;8;4;7;4;6;5;6
1;1;10;6;6;5;5;5;4;5;3;5;3;6;3;7;3;8;3;9;3;10;4;10;4;9;4;8;4;7;4;6;5;6;6;6
1;1;10;6;5;5;4;5;3;5;3;6;3;7;3;8;3;9;3;10;4;10;4;9;4;8;4;7;4;6;5;6;6;6;7;6
1;1;10;6;4;5;3;5;3;6;3;7;3;8;3;9;3;10;4;10;4;9;4;8;4;7;4;6;5;6;6;6;7;6;8;6
1;1;10;6;3;5;3;6;3;7;3;8;3;9;3;10;4;10;4;9;4;8;4;7;4;6;5;6;6;6;7;6;8;6;9;6
1;1;0;16;3;6;3;6;3;7;3;8;3;9;3;10;4;10;4;9;4;8;4;7;4;6;5;6;6;6;7;6;8;6;9;6;10;6
1;2;0;16;3;6;3;7;3;8;3;9;3;10;4;10;4;9;4;8;4;7;4;6;5;6;6;6;7;6;8;6;9;6;10;6;10;7
1;2;0;16;3;7;3;8;3;9;3;10;4;10;4;9;4;8;4;7;4;6;5;6;6;6;7;6;8;6;9;6;10;6;10;7;10;8
1;2;0;16;3;8;3;9;3;10;4;10;4;9;4;8;4;7;4;6;5;6;6;6;7;6;8;6;9;6;10;6;10;7;10;8;10;9
1;2;0;16;3;9;3;10;4;10;4;9;4;8;4;7;4;6;5;6;6;6;7;6;8;6;9;6;10;6;10;7;10;8;10;9;10;10
1;2;0;16;3;10;4;10;4;9;4;8;4;7;4;6;5;6;6;6;7;6;8;6;9;6;10;6;10;7;10;8;10;9;10;10;10;11
1;3;0;16;4;10;4;9;4;8;4;7;4;6;5;6;6;6;7;6;8;6;9;6;10;6;10;7;10;8;10;9;10;10;10;11;9;11
1;3;0;16;4;9;4;8;4;7;4;6;5;6;6;6;7;6;8;6;9;6;10;6;10;7;10;8;10;9;10;10;10;11;9;11;8;11
1;3;0;16;4;8;4;7;4;6;5;6;6;6;7;6;8;6;9;6;10;6;10;7;10;8;10;9;10;10;10;11;9;11;8;11;7;11
1;3;0;16;4;7;4;6;5;6;6;6;7;6;8;6;9;6;10;6;10;7;10;8;10;9;10;10;10;11;9;11;8;11;7;11;6;11
1;3;0;16;4;6;5;6;6;6;7;6;8;6;9;6;10;6;10;7;10;8;10;9;10;10;10;11;9;11;8;11;7;11;6;11;5;11
1;3;0;16;5;6;6;6;7;6;8;6;9;6;10;6;10;7;10;8;10;9;10;10;10;11;9;11;8;11;7;11;6;11;5;11;4;11
1;3;0;16;6;6;7;6;8;6;9;6;10;6;10;7;10;8;10;9;10;10;10;11;9;11;8;11;7;11;6;11;5;11;4;11;3;11
1;3;0;16;7;6;8;6;9;6;10;6;10;7;10;8;10;9;10;10;10;11;9;11;8;11;7;11;6;11;5;11;4;11;3;11;2;11
1;3;0;16;8;6;9;6;10;6;10;7;10;8;10;9;10;10;10;11;9;11;8;11;7;11;6;11;5;11;4;11;3;11;2;11;1;11
1;3;0;16;9;6;10;6;10;7;10;8;10;9;10;10;10;11;9;11;8;11;7;11;6;11;5;11;4;11;3;11;2;11;1;11;0;11
1;2;0;16;10;6;10;7;10;8;10;9;10;10;10;11;9;11;8;11;7;11;6;11;5;11;4;11;3;11;2;11;1;11;0;11;0;12
1;2;0;16;10;7;10;8;10;9;10;10;10;11;9;11;8;11;7;11;6;11;5;11;4;11;3;11;2;11;1;11;0;11;0;12;0;13
1;2;0;16;10;8;10;9;10;10;10;11;9;11;8;11;7;11;6;11;5;11;4;11;3;11;2;11;1;11;0;11;0;12;0;13;0;14
1;2;0;16;10;9;10;10;10;11;9;11;8;11;7;11;6;11;5;11;4;11;3;11;2;11;1;11;0;11;0;12;0;13;0;14;0;15
1;2;19;11;10;10;10;10;10;11;9;11;8;11;7;11;6;11;5;11;4;11;3;11;2;11;1;11;0;11;0;12;0;13;0;14;0;15;0;16
1;1;19;11;10;10;10;11;9;11;8;11;7;11;6;11;5;11;4;11;3;11;2;11;1;11;0;11;0;12;0;13;0;14;0;15;0;16;1;16
1;1;19;11;10;11;9;11;8;11;7;11;6;11;5;11;4;11;3;11;2;11;1;11;0;11;0;12;0;13;0;14;0;15;0;16;1;16;2;16
1;1;19;11;9;11;8;11;7;11;6;11;5;11;4;11;3;11;2;11;1;11;0;11;0;12;0;13;0;14;0;15;0;16;1;16;2;16;3;16
1;1;19;11;8;11;7;11;6;11;5;11;4;11;3;11;2;11;1;11;0;11;0;12;0;13;0;14;0;15;0;16;1;16;2;16;3;16;4;16
1;1;19;11;7;11;6;11;5;11;4;11;3;11;2;11;1;11;0;11;0;12;0;13;0;14;0;15;0;16;1;16;2;16;3;16;4;16;5;16
1;1;19;11;6;11;5;11;4;11;3;11;2;11;1;11;0;11;0;12;0;13;0;14;0;15;0;16;1;16;2;16;3;16;4;16;5;16;6;16
1;1;19;11;5;11;4;11;3;11;2;11;1;11;0;11;0;12;0;13;0;14;0;15;0;16;1;16;2;16;3;16;4;16;5;16;6;16;7;16
1;0;19;11;4;11;3;11;2;11;1;11;0;11;0;12;0;13;0;14;0;15;0;16;1;16;2;16;3;16;4;16;5;16;6;16;7;16;7;15
1;0;19;11;3;11;2;11;1;11;0;11;0;12;0;13;0;14;0;15;0;16;1;16;2;16;3;16;4;16;5;16;6;16;7;16;7;15;7;14
1;0;19;11;2;11;1;11;0;11;0;12;0;13;0;14;0;15;0;16;1;16;2;16;3;16;4;16;5;16;6;16;7;16;7;15;7;14;7;13
1;0;19;11;1;11;0;11;0;12;0;13;0;14;0;15;0;16;1;16;2;16;3;16;4;16;5;16;6;16;7;16;7;15;7;14;7;13;7;12
1;0;19;11;0;11;0;12;0;13;0;14;0;15;0;16;1;16;2;16;3;16;4;16;5;16;6;16;7;16;7;15;7;14;7;13;7;12;7;11
1;1;19;11;0;12;0;13;0;14;0;15;0;16;1;16;2;16;3;16;4;16;5;16;6;16;7;16;7;15;7;14;7;13;7;12;7;11;8;11
1;1;19;11;0;13;0;14;0;15;0;16;1;16;2;16;3;16;4;16;5;16;6;16;7;16;7;15;7;14;7;13;7;12;7;11;8;11;9;11
1;1;19;11;0;14;0;15;0;16;1;16;2;16;3;16;4;16;5;16;6;16;7;16;7;15;7;14;7;13;7;12;7;11;8;11;9;11;10;11
1;1;19;11;0;15;0;16;1;16;2;16;3;16;4;16;5;16;6;16;7;16;7;15;7;14;7;13;7;12;7;11;8;11;9;11;10;11;11;11
1;1;19;11;0;16;1;16;2;16;3;16;4;16;5;16;6;16;7;16;7;15;7;14;7;13;7;12;7;11;8;11;9;11;10;11;11;11;12;11
1;1;19;11;1;16;2;16;3;16;4;16;5;16;6;16;7;16;7;15;7;14;7;13;7;12;7;11;8;11;9;11;10;11;11;11;12;11;13;11
1;1;19;11;2;16;3;16;4;16;5;16;6;16;7;16;7;15;7;14;7;13;7;12;7;11;8;11;9;11;10;11;11;11;12;11;13;11;14;11
1;1;19;11;3;16;4;16;5;16;6;16;7;16;7;15;7;14;7;13;7;12;7;11;8;11;9;11;10;11;11;11;12;11;13;11;14;11;15;11
1;1;19;11;4;16;5;16;6;16;7;16;7;15;7;14;7;13;7;12;7;11;8;11;9;11;10;11;11;11;12;11;13;11;14;11;15;11;16;11
1;1;19;11;5;16;6;16;7;16;7;15;7;14;7;13;7;12;7;11;8;11;9;11;10;11;11;11;12;11;13;11;14;11;15;11;16;11;17;11
1;1;19;11;6;16;7;16;7;15;7;14;7;13;7;12;7;11;8;11;9;11;10;11;11;11;12;11;13;11;14;11;15;11;16;11;17;11;18;11
1;1;9;7;7;16;7;16;7;15;7;14;7;13;7;12;7;11;8;11;9;11;10;11;11;11;12;11;13;11;14;11;15;11;16;11;17;11;18;11;19;11
1;0;9;7;7;16;7;15;7;14;7;13;7;12;7;11;8;11;9;11;10;11;11;11;12;11;13;11;14;11;15;11;16;11;17;11;18;11;19;11;19;10
1;3;9;7;7;15;7;14;7;13;7;12;7;11;8;11;9;11;10;11;11;11;12;11;13;11;14;11;15;11;16;11;17;11;18;11;19;11;19;10;18;10
1;3;9;7;7;14;7;13;7;12;7;11;8;11;9;11;10;11;11;11;12;11;13;11;14;11;15;11;16;11;17;11;18;11;19;11;19;10;18;10;17;10
1;3;9;7;7;13;7;12;7;11;8;11;9;11;10;11;11;11;12;11;13;11;14;11;15;11;16;11;17;11;18;11;19;11;19;10;18;10;17;10;16;10
1;3;9;7;7;12;7;11;8;11;9;11;10;11;11;11;12;11;13;11;14;11;15;11;16;11;17;11;18;11;19;11;19;10;18;10;17;10;16;10;15;10
1;3;9;7;7;11;8;11;9;11;10;11;11;11;12;11;13;11;14;11;15;11;16;11;17;11;18;11;19;11;19;10;18;10;17;10;16;10;15;10;14;10
1;3;9;7;8;11;9;11;10;11;11;11;12;11;13;11;14;11;15;11;16;11;17;11;18;11;19;11;19;10;18;10;17;10;16;10;15;10;14;10;13;10
1;3;9;7;9;11;10;11;11;11;12;11;13;11;14;11;15;11;16;11;17;11;18;11;19;11;19;10;18;10;17;10;16;10;15;10;14;10;13;10;12;10
1;3;9;7;10;11;11;11;12;11;13;11;14;11;15;11;16;11;17;11;18;11;19;11;19;10;18;10;17;10;16;10;15;10;14;10;13;10;12;10;11;10
1;3;9;7;11;11;12;11;13;11;14;11;15;11;16;11;17;11;18;11;19;11;19;10;18;10;17;10;16;10;15;10;14;10;13;10;12;10;11;10;10;10
1;3;9;7;12;11;13;11;14;11;15;11;16;11;17;11;18;11;19;11;19;10;18;10;17;10;16;10;15;10;14;10;13;10;12;10;11;10;10;10;9;10
1;0;9;7;13;11;14;11;15;11;16;11;17;11;18;11;19;11;19;10;18;10;17;10;16;10;15;10;14;10;13;10;12;10;11;10;10;10;9;10;9;9
1;0;9;7;14;11;15;11;16;11;17;11;18;11;19;11;19;10;18;10;17;10;16;10;15;10;14;10;13;10;12;10;11;10;10;10;9;10;9;9;9;8
1;0;8;7;15;11;15;11;16;11;17;11;18;11;19;11;19;10;18;10;17;10;16;10;15;10;14;10;13;10;12;10;11;10;10;10;9;10;9;9;9;8;9;7
1;3;14;11;15;11;15;11;16;11;17;11;18;11;19;11;19;10;18;10;17;10;16;10;15;10;14;10;13;10;12;10;11;10;10;10;9;10;9;9;9;8;9;7;8;7
1;2;14;11;15;11;16;11;17;11;18;11;19;11;19;10;18;10;17;10;16;10;15;10;14;10;13;10;12;10;11;10;10;10;9;10;9;9;9;8;9;7;8;7;8;8
1;2;14;11;16;11;17;11;18;11;19;11;19;10;18;10;17;10;16;10;15;10;14;10;13;10;12;10;11;10;10;10;9;10;9;9;9;8;9;7;8;7;8;8;8;9
1;2;14;11;17;11;18;11;19;11;19;10;18;10;17;10;16;10;15;10;14;10;13;10;12;10;11;10;10;10;9;10;9;9;9;8;9;7;8;7;8;8;8;9;8;10
1;2;14;11;18;11;19;11;19;10;18;10;17;10;16;10;15;10;14;10;13;10;12;10;11;10;10;10;9;10;9;9;9;8;9;7;8;7;8;8;8;9;8;10;8;11
1;1;14;11;19;11;19;10;18;10;17;10;16;10;15;10;14;10;13;10;12;10;11;10;10;10;9;10;9;9;9;8;9;7;8;7;8;8;8;9;8;10;8;11;9;11
1;1;14;11;19;10;18;10;17;10;16;10;15;10;14;10;13;10;12;10;11;10;10;10;9;10;9;9;9;8;9;7;8;7;8;8;8;9;8;10;8;11;9;11;10;11
1;1;14;11;18;10;17;10;16;10;15;10;14;10;13;10;12;10;11;10;10;10;9;10;9;9;9;8;9;7;8;7;8;8;8;9;8;10;8;11;9;11;10;11;11;11
1;1;14;11;17;10;16;10;15;10;14;10;13;10;12;10;11;10;10;10;9;10;9;9;9;8;9;7;8;7;8;8;8;9;8;10;8;11;9;11;10;11;11;11;12;11
1;1;14;11;16;10;15;10;14;10;13;10;12;10;11;10;10;10;9;10;9;9;9;8;9;7;8;7;8;8;8;9;8;10;8;11;9;11;10;11;11;11;12;11;13;11
1;1;6;8;15;10;15;10;14;10;13;10;12;10;11;10;10;10;9;10;9;9;9;8;9;7;8;7;8;8;8;9;8;10;8;11;9;11;10;11;11;11;12;11;13;11;14;11
1;2;6;8;15;10;14;10;13;10;12;10;11;10;10;10;9;10;9;9;9;8;9;7;8;7;8;8;8;9;8;10;8;11;9;11;10;11;11;11;12;11;13;11;14;11;14;12
1;3;6;8;14;10;13;10;12;10;11;10;10;10;9;10;9;9;9;8;9;7;8;7;8;8;8;9;8;10;8;11;9;11;10;11;11;11;12;11;13;11;14;11;14;12;13;12
1;3;6;8;13;10;12;10;11;10;10;10;9;10;9;9;9;8;9;7;8;7;8;8;8;9;8;10;8;11;9;11;10;11;11;11;12;11;13;11;14;11;14;12;13;12;12;12
1;3;6;8;12;10;11;10;10;10;9;10;9;9;9;8;9;7;8;7;8;8;8;9;8;10;8;11;9;11;10;11;11;11;12;11;13;11;14;11;14;12;13;12;12;12;11;12
1;3;6;8;11;10;10;10;9;10;9;9;9;8;9;7;8;7;8;8;8;9;8;10;8;11;9;11;10;11;11;11;12;11;13;11;14;11;14;12;13;12;12;12;11;12;10;12
1;3;6;8;10;10;9;10;9;9;9;8;9;7;8;7;8;8;8;9;8;10;8;11;9;11;10;11;11;11;12;11;13;11;14;11;14;12;13;12;12;12;11;12;10;12;9;12
1;3;6;8;9;10;9;9;9;8;9;7;8;7;8;8;8;9;8;10;8;11;9;11;10;11;11;11;12;11;13;11;14;11;14;12;13;12;12;12;11;12;10;12;9;12;8;12
1;3;6;8;9;9;9;8;9;7;8;7;8;8;8;9;8;10;8;11;9;11;10;11;11;11;12;11;13;11;14;11;14;12;13;12;12;12;11;12;10;12;9;12;8;12;7;12
1;3;6;8;9;8;9;7;8;7;8;8;8;9;8;10;8;11;9;11;10;11;11;11;12;11;13;11;14;11;14;12;13;12;12;12;11;12;10;12;9;12;8;12;7;12;6;12
1;0;6;8;9;7;8;7;8;8;8;9;8;10;8;11;9;11;10;11;11;11;12;11;13;11;14;11;14;12;13;12;12;12;11;12;10;12;9;12;8;12;7;12;6;12;6;11
1;0;6;8;8;7;8;8;8;9;8;10;8;11;9;11;10;11;11;11;12;11;13;11;14;11;14;12;13;12;12;12;11;12;10;12;9;12;8;12;7;12;6;12;6;11;6;10
1;0;6;8;8;8;8;9;8;10;8;11;9;11;10;11;11;11;12;11;13;11;14;11;14;12;13;12;12;12;11;12;10;12;9;12;8;12;7;12;6;12;6;11;6;10;6;9
1;0;10;18;8;9;8;9;8;10;8;11;9;11;10;11;11;11;12;11;13;11;14;11;14;12;13;12;12;12;11;12;10;12;9;12;8;12;7;12;6;12;6;11;6;10;6;9;6;8
1;1;10;18;8;9;8;10;8;11;9;11;10;11;11;11;12;11;13;11;14;11;14;12;13;12;12;12;11;12;10;12;9;12;8;12;7;12;6;12;6;11;6;10;6;9;6;8;7;8
1;1;10;18;8;10;8;11;9;11;10;11;11;11;12;11;13;11;14;11;14;12;13;12;12;12;11;12;10;12;9;12;8;12;7;12;6;12;6;11;6;10;6;9;6;8;7;8;8;8
1;1;10;18;8;11;9;11;10;11;11;11;12;11;13;11;14;11;14;12;13;12;12;12;11;12;10;12;9;12;8;12;7;12;6;12;6;11;6;10;6;9;6;8;7;8;8;8;9;8
1;1;10;18;9;11;10;11;11;11;12;11;13;11;14;11;14;12;13;12;12;12;11;12;10;12;9;12;8;12;7;12;6;12;6;11;6;10;6;9;6;8;7;8;8;8;9;8;10;8
1;1;10;18;10;11;11;11;12;11;13;11;14;11;14;12;13;12;12;12;11;12;10;12;9;12;8;12;7;12;6;12;6;11;6;10;6;9;6;8;7;8;8;8;9;8;10;8;11;8
1;1;10;18;11;11;12;11;13;11;14;11;14;12;13;12;12;12;11;12;10;12;9;12;8;12;7;12;6;12;6;11;6;10;6;9;6;8;7;8;8;8;9;8;10;8;11;8;12;8
1;2;10;18;12;11;13;11;14;11;14;12;13;12;12;12;11;12;10;12;9;12;8;12;7;12;6;12;6;11;6;10;6;9;6;8;7;8;8;8;9;8;10;8;11;8;12;8;12;9
1;3;10;18;13;11;14;11;14;12;13;12;12;12;11;12;10;12;9;12;8;12;7;12;6;12;6;11;6;10;6;9;6;8;7;8;8;8;9;8;10;8;11;8;12;8;12;9;11;9
1;3;10;18;14;11;14;12;13;12;12;12;11;12;10;12;9;12;8;12;7;12;6;12;6;11;6;10;6;9;6;8;7;8;8;8;9;8;10;8;11;8;12;8;12;9;11;9;10;9
1;2;10;18;14;12;13;12;12;12;11;12;10;12;9;12;8;12;7;12;6;12;6;11;6;10;6;9;6;8;7;8;8;8;9;8;10;8;11;8;12;8;12;9;11;9;10;9;10;10
1;2;10;18;13;12;12;12;11;12;10;12;9;12;8;12;7;12;6;12;6;11;6;10;6;9;6;8;7;8;8;8;9;8;10;8;11;8;12;8;12;9;11;9;10;9;10;10;10;11
1;1;10;18;12;12;11;12;10;12;9;12;8;12;7;12;6;12;6;11;6;10;6;9;6;8;7;8;8;8;9;8;10;8;11;8;12;8;12;9;11;9;10;9;10;10;10;11;11;11
1;1;10;18;11;12;10;12;9;12;8;12;7;12;6;12;6;11;6;10;6;9;6;8;7;8;8;8;9;8;10;8;11;8;12;8;12;9;11;9;10;9;10;10;10;11;11;11;12;11
1;2;10;18;10;12;9;12;8;12;7;12;6;12;6;11;6;10;6;9;6;8;7;8;8;8;9;8;10;8;11;8;12;8;12;9;11;9;10;9;10;10;10;11;11;11;12;11;12;12
1;2;10;18;9;12;8;12;7;12;6;12;6;11;6;10;6;9;6;8;7;8;8;8;9;8;10;8;11;8;12;8;12;9;11;9;10;9;10;10;10;11;11;11;12;11;12;12;12;13
1;3;10;18;8;12;7;12;6;12;6;11;6;10;6;9;6;8;7;8;8;8;9;8;10;8;11;8;12;8;12;9;11;9;10;9;10;10;10;11;11;11;12;11;12;12;12;13;11;13
1;3;10;18;7;12;6;12;6;11;6;10;6;9;6;8;7;8;8;8;9;8;10;8;11;8;12;8;12;9;11;9;10;9;10;10;10;11;11;11;12;11;12;12;12;13;11;13;10;13
1;2;10;18;6;12;6;11;6;10;6;9;6;8;7;8;8;8;9;8;10;8;11;8;12;8;12;9;11;9;10;9;10;10;10;11;11;11;12;11;12;12;12;13;11;13;10;13;10;14
1;2;10;18;6;11;6;10;6;9;6;8;7;8;8;8;9;8;10;8;11;8;12;8;12;9;11;9;10;9;10;10;10;11;11;11;12;11;12;12;12;13;11;13;10;13;10;14;10;15
1;2;10;18;6;10;6;9;6;8;7;8;8;8;9;8;10;8;11;8;12;8;12;9;11;9;10;9;10;10;10;11;11;11;12;11;12;12;12;13;11;13;10;13;10;14;10;15;10;16
1;2;10;18;6;9;6;8;7;8;8;8;9;8;10;8;11;8;12;8;12;9;11;9;10;9;10;10;10;11;11;11;12;11;12;12;12;13;11;13;10;13;10;14;10;15;10;16;10;17
1;2;1;13;6;8;6;8;7;8;8;8;9;8;10;8;11;8;12;8;12;9;11;9;10;9;10;10;10;11;11;11;12;11;12;12;12;13;11;13;10;13;10;14;10;15;10;16;10;17;10;18
1;3;1;13;6;8;7;8;8;8;9;8;10;8;11;8;12;8;12;9;11;9;10;9;10;10;10;11;11;11;12;11;12;12;12;13;11;13;10;13;10;14;10;15;10;16;10;17;10;18;9;18
1;3;1;13;7;8;8;8;9;8;10;8;11;8;12;8;12;9;11;9;10;9;10;10;10;11;11;11;12;11;12;12;12;13;11;13;10;13;10;14;10;15;10;16;10;17;10;18;9;18;8;18
1;3;1;13;8;8;9;8;10;8;11;8;12;8;12;9;11;9;10;9;10;10;10;11;11;11;12;11;12;12;12;13;11;13;10;13;10;14;10;15;10;16;10;17;10;18;9;18;8;18;7;18
1;0;1;13;9;8;10;8;11;8;12;8;12;9;11;9;10;9;10;10;10;11;11;11;12;11;12;12;12;13;11;13;10;13;10;14;10;15;10;16;10;17;10;18;9;18;8;18;7;18;7;17
1;0;1;13;10;8;11;8;12;8;12;9;11;9;10;9;10;10;10;11;11;11;12;11;12;12;12;13;11;13;10;13;10;14;10;15;10;16;10;17;10;18;9;18;8;18;7;18;7;17;7;16
1;0;1;13;11;8;12;8;12;9;11;9;10;9;10;10;10;11;11;11;12;11;12;12;12;13;11;13;10;13;10;14;10;15;10;16;10;17;10;18;9;18;8;18;7;18;7;17;7;16;7;15
1;0;1;13;12;8;12;9;11;9;10;9;10;10;10;11;11;11;12;11;12;12;12;13;11;13;10;13;10;14;10;15;10;16;10;17;10;18;9;18;8;18;7;18;7;17;7;16;7;15;7;14
1;0;1;13;12;9;11;9;10;9;10;10;10;11;11;11;12;11;12;12;12;13;11;13;10;13;10;14;10;15;10;16;10;17;10;18;9;18;8;18;7;18;7;17;7;16;7;15;7;14;7;13
1;3;1;13;11;9;10;9;10;10;10;11;11;11;12;11;12;12;12;13;11;13;10;13;10;14;10;15;10;16;10;17;10;18;9;18;8;18;7;18;7;17;7;16;7;15;7;14;7;13;6;13
1;3;1;13;10;9;10;10;10;11;11;11;12;11;12;12;12;13;11;13;10;13;10;14;10;15;10;16;10;17;10;18;9;18;8;18;7;18;7;17;7;16;7;15;7;14;7;13;6;13;5;13
1;3;1;13;10;10;10;11;11;11;12;11;12;12;12;13;11;13;10;13;10;14;10;15;10;16;10;17;10;18;9;18;8;18;7;18;7;17;7;16;7;15;7;14;7;13;6;13;5;13;4;13
1;3;1;13;10;11;11;11;12;11;12;12;12;13;11;13;10;13;10;14;10;15;10;16;10;17;10;18;9;18;8;18;7;18;7;17;7;16;7;15;7;14;7;13;6;13;5;13;4;13;3;13
1;3;1;13;11;11;12;11;12;12;12;13;11;13;10;13;10;14;10;15;10;16;10;17;10;18;9;18;8;18;7;18;7;17;7;16;7;15;7;14;7;13;6;13;5;13;4;13;3;13;2;13
1;3;11;14;12;11;12;11;12;12;12;13;11;13;10;13;10;14;10;15;10;16;10;17;10;18;9;18;8;18;7;18;7;17;7;16;7;15;7;14;7;13;6;13;5;13;4;13;3;13;2;13;1;13
1;2;11;14;12;11;12;12;12;13;11;13;10;13;10;14;10;15;10;16;10;17;10;18;9;18;8;18;7;18;7;17;7;16;7;15;7;14;7;13;6;13;5;13;4;13;3;13;2;13;1;13;1;14
1;1;11;14;12;12;12;13;11;13;10;13;10;14;10;15;10;16;10;17;10;18;9;18;8;18;7;18;7;17;7;16;7;15;7;14;7;13;6;13;5;13;4;13;3;13;2;13;1;13;1;14;2;14
1;1;11;14;12;13;11;13;10;13;10;14;10;15;10;16;10;17;10;18;9;18;8;18;7;18;7;17;7;16;7;15;7;14;7;13;6;13;5;13;4;13;3;13;2;13;1;13;1;14;2;14;3;14
1;1;11;14;11;13;10;13;10;14;10;15;10;16;10;17;10;18;9;18;8;18;7;18;7;17;7;16;7;15;7;14;7;13;6;13;5;13;4;13;3;13;2;13;1;13;1;14;2;14;3;14;4;14
1;1;11;14;10;13;10;14;10;15;10;16;10;17;10;18;9;18;8;18;7;18;7;17;7;16;7;15;7;14;7;13;6;13;5;13;4;13;3;13;2;13;1;13;1;14;2;14;3;14;4;14;5;14
1;1;11;14;10;14;10;15;10;16;10;17;10;18;9;18;8;18;7;18;7;17;7;16;7;15;7;14;7;13;6;13;5;13;4;13;3;13;2;13;1;13;1;14;2;14;3;14;4;14;5;14;6;14
1;2;11;14;10;15;10;16;10;17;10;18;9;18;8;18;7;18;7;17;7;16;7;15;7;14;7;13;6;13;5;13;4;13;3;13;2;13;1;13;1;14;2;14;3;14;4;14;5;14;6;14;6;15
1;3;11;14;10;16;10;17;10;18;9;18;8;18;7;18;7;17;7;16;7;15;7;14;7;13;6;13;5;13;4;13;3;13;2;13;1;13;1;14;2;14;3;14;4;14;5;14;6;14;6;15;5;15
1;3;11;14;10;17;10;18;9;18;8;18;7;18;7;17;7;16;7;15;7;14;7;13;6;13;5;13;4;13;3;13;2;13;1;13;1;14;2;14;3;14;4;14;5;14;6;14;6;15;5;15;4;15
1;3;11;14;10;18;9;18;8;18;7;18;7;17;7;16;7;15;7;14;7;13;6;13;5;13;4;13;3;13;2;13;1;13;1;14;2;14;3;14;4;14;5;14;6;14;6;15;5;15;4;15;3;15
1;2;11;14;9;18;8;18;7;18;7;17;7;16;7;15;7;14;7;13;6;13;5;13;4;13;3;13;2;13;1;13;1;14;2;14;3;14;4;14;5;14;6;14;6;15;5;15;4;15;3;15;3;16
1;1;11;14;8;18;7;18;7;17;7;16;7;15;7;14;7;13;6;13;5;13;4;13;3;13;2;13;1;13;1;14;2;14;3;14;4;14;5;14;6;14;6;15;5;15;4;15;3;15;3;16;4;16
1;1;11;14;7;18;7;17;7;16;7;15;7;14;7;13;6;13;5;13;4;13;3;13;2;13;1;13;1;14;2;14;3;14;4;14;5;14;6;14;6;15;5;15;4;15;3;15;3;16;4;16;5;16
1;1;11;14;7;17;7;16;7;15;7;14;7;13;6;13;5;13;4;13;3;13;2;13;1;13;1;14;2;14;3;14;4;14;5;14;6;14;6;15;5;15;4;15;3;15;3;16;4;16;5;16;6;16
1;2;11;14;7;16;7;15;7;14;7;13;6;13;5;13;4;13;3;13;2;13;1;13;1;14;2;14;3;14;4;14;5;14;6;14;6;15;5;15;4;15;3;15;3;16;4;16;5;16;6;16;6;17
1;1;11;14;7;15;7;14;7;13;6;13;5;13;4;13;3;13;2;13;1;13;1;14;2;14;3;14;4;14;5;14;6;14;6;15;5;15;4;15;3;15;3;16;4;16;5;16;6;16;6;17;7;17
1;1;11;14;7;14;7;13;6;13;5;13;4;13;3;13;2;13;1;13;1;14;2;14;3;14;4;14;5;14;6;14;6;15;5;15;4;15;3;15;3;16;4;16;5;16;6;16;6;17;7;17;8;17
1;1;11;14;7;13;6;13;5;13;4;13;3;13;2;13;1;13;1;14;2;14;3;14;4;14;5;14;6;14;6;15;5;15;4;15;3;15;3;16;4;16;5;16;6;16;6;17;7;17;8;17;9;17
1;1;11;14;6;13;5;13;4;13;3;13;2;13;1;13;1;14;2;14;3;14;4;14;5;14;6;14;6;15;5;15;4;15;3;15;3;16;4;16;5;16;6;16;6;17;7;17;8;17;9;17;10;17
1;1;11;14;5;13;4;13;3;13;2;13;1;13;1;14;2;14;3;14;4;14;5;14;6;14;6;15;5;15;4;15;3;15;3;16;4;16;5;16;6;16;6;17;7;17;8;17;9;17;10;17;11;17
1;0;11;14;4;13;3;13;2;13;1;13;1;14;2;14;3;14;4;14;5;14;6;14;6;15;5;15;4;15;3;15;3;16;4;16;5;16;6;16;6;17;7;17;8;17;9;17;10;17;11;17;11;16
1;0;11;14;3;13;2;13;1;13;1;14;2;14;3;14;4;14;5;14;6;14;6;15;5;15;4;15;3;15;3;16;4;16;5;16;6;16;6;17;7;17;8;17;9;17;10;17;11;17;11;16;11;15
1;0;7;3;2;13;2;13;1;13;1;14;2;14;3;14;4;14;5;14;6;14;6;15;5;15;4;15;3;15;3;16;4;16;5;16;6;16;6;17;7;17;8;17;9;17;10;17;11;17;11;16;11;15;11;14
1;0;7;3;2;13;1;13;1;14;2;14;3;14;4;14;5;14;6;14;6;15;5;15;4;15;3;15;3;16;4;16;5;16;6;16;6;17;7;17;8;17;9;17;10;17;11;17;11;16;11;15;11;14;11;13
1;3;7;3;1;13;1;14;2;14;3;14;4;14;5;14;6;14;6;15;5;15;4;15;3;15;3;16;4;16;5;16;6;16;6;17;7;17;8;17;9;17;10;17;11;17;11;16;11;15;11;14;11;13;10;13
1;3;7;3;1;14;2;14;3;14;4;14;5;14;6;14;6;15;5;15;4;15;3;15;3;16;4;16;5;16;6;16;6;17;7;17;8;17;9;17;10;17;11;17;11;16;11;15;11;14;11;13;10;13;9;13
1;3;7;3;2;14;3;14;4;14;5;14;6;14;6;15;5;15;4;15;3;15;3;16;4;16;5;16;6;16;6;17;7;17;8;17;9;17;10;17;11;17;11;16;11;15;11;14;11;13;10;13;9;13;8;13
1;3;7;3;3;14;4;14;5;14;6;14;6;15;5;15;4;15;3;15;3;16;4;16;5;16;6;16;6;17;7;17;8;17;9;17;10;17;11;17;11;16;11;15;11;14;11;13;10;13;9;13;8;13;7;13
1;0;7;3;4;14;5;14;6;14;6;15;5;15;4;15;3;15;3;16;4;16;5;16;6;16;6;17;7;17;8;17;9;17;10;17;11;17;11;16;11;15;11;14;11;13;10;13;9;13;8;13;7;13;7;12
1;0;7;3;5;14;6;14;6;15;5;15;4;15;3;15;3;16;4;16;5;16;6;16;6;17;7;17;8;17;9;17;10;17;11;17;11;16;11;15;11;14;11;13;10;13;9;13;8;13;7;13;7;12;7;11
1;0;7;3;6;14;6;15;5;15;4;15;3;15;3;16;4;16;5;16;6;16;6;17;7;17;8;17;9;17;10;17;11;17;11;16;11;15;11;14;11;13;10;13;9;13;8;13;7;13;7;12;7;11;7;10
1;0;7;3;6;15;5;15;4;15;3;15;3;16;4;16;5;16;6;16;6;17;7;17;8;17;9;17;10;17;11;17;11;16;11;15;11;14;11;13;10;13;9;13;8;13;7;13;7;12;7;11;7;10;7;9
1;0;7;3;5;15;4;15;3;15;3;16;4;16;5;16;6;16;6;17;7;17;8;17;9;17;10;17;11;17;11;16;11;15;11;14;11;13;10;13;9;13;8;13;7;13;7;12;7;11;7;10;7;9;7;8
1;0;7;3;4;15;3;15;3;16;4;16;5;16;6;16;6;17;7;17;8;17;9;17;10;17;11;17;11;16;11;15;11;14;11;13;10;13;9;13;8;13;7;13;7;12;7;11;7;10;7;9;7;8;7;7
1;0;7;3;3;15;3;16;4;16;5;16;6;16;6;17;7;17;8;17;9;17;10;17;11;17;11;16;11;15;11;14;11;13;10;13;9;13;8;13;7;13;7;12;7;11;7;10;7;9;7;8;7;7;7;6
1;0;7;3;3;16;4;16;5;16;6;16;6;17;7;17;8;17;9;17;10;17;11;17;11;16;11;15;11;14;11;13;10;13;9;13;8;13;7;13;7;12;7;11;7;10;7;9;7;8;7;7;7;6;7;5
1;0;7;3;4;16;5;16;6;16;6;17;7;17;8;17;9;17;10;17;11;17;11;16;11;15;11;14;11;13;10;13;9;13;8;13;7;13;7;12;7;11;7;10;7;9;7;8;7;7;7;6;7;5;7;4
1;0;19;10;5;16;5;16;6;16;6;17;7;17;8;17;9;17;10;17;11;17;11;16;11;15;11;14;11;13;10;13;9;13;8;13;7;13;7;12;7;11;7;10;7;9;7;8;7;7;7;6;7;5;7;4;7;3
1;1;19;10;5;16;6;16;6;17;7;17;8;17;9;17;10;17;11;17;11;16;11;15;11;14;11;13;10;13;9;13;8;13;7;13;7;12;7;11;7;10;7;9;7;8;7;7;7;6;7;5;7;4;7;3;8;3
1;1;19;10;6;16;6;17;7;17;8;17;9;17;10;17;11;17;11;16;11;15;11;14;11;13;10;13;9;13;8;13;7;13;7;12;7;11;7;10;7;9;7;8;7;7;7;6;7;5;7;4;7;3;8;3;9;3
1;1;19;10;6;17;7;17;8;17;9;17;10;17;11;17;11;16;11;15;11;14;11;13;10;13;9;13;8;13;7;13;7;12;7;11;7;10;7;9;7;8;7;7;7;6;7;5;7;4;7;3;8;3;9;3;10;3
1;1;19;10;7;17;8;17;9;17;10;17;11;17;11;16;11;15;11;14;11;13;10;13;9;13;8;13;7;13;7;12;7;11;7;10;7;9;7;8;7;7;7;6;7;5;7;4;7;3;8;3;9;3;10;3;11;3
1;1;19;10;8;17;9;17;10;17;11;17;11;16;11;15;11;14;11;13;10;13;9;13;8;13;7;13;7;12;7;11;7;10;7;9;7;8;7;7;7;6;7;5;7;4;7;3;8;3;9;3;10;3;11;3;12;3
1;2;19;10;9;17;10;17;11;17;11;16;11;15;11;14;11;13;10;13;9;13;8;13;7;13;7;12;7;11;7;10;7;9;7;8;7;7;7;6;7;5;7;4;7;3;8;3;9;3;10;3;11;3;12;3;12;4
1;2;19;10;10;17;11;17;11;16;11;15;11;14;11;13;10;13;9;13;8;13;7;13;7;12;7;11;7;10;7;9;7;8;7;7;7;6;7;5;7;4;7;3;8;3;9;3;10;3;11;3;12;3;12;4;12;5
1;2;19;10;11;17;11;16;11;15;11;14;11;13;10;13;9;13;8;13;7;13;7;12;7;11;7;10;7;9;7;8;7;7;7;6;7;5;7;4;7;3;8;3;9;3;10;3;11;3;12;3;12;4;12;5;12;6
1;2;19;10;11;16;11;15;11;14;11;13;10;13;9;13;8;13;7;13;7;12;7;11;7;10;7;9;7;8;7;7;7;6;7;5;7;4;7;3;8;3;9;3;10;3;11;3;12;3;12;4;12;5;12;6;12;7
1;2;19;10;11;15;11;14;11;13;10;13;9;13;8;13;7;13;7;12;7;11;7;10;7;9;7;8;7;7;7;6;7;5;7;4;7;3;8;3;9;3;10;3;11;3;12;3;12;4;12;5;12;6;12;7;12;8
1;2;19;10;11;14;11;13;10;13;9;13;8;13;7;13;7;12;7;11;7;10;7;9;7;8;7;7;7;6;7;5;7;4;7;3;8;3;9;3;10;3;11;3;12;3;12;4;12;5;12;6;12;7;12;8;12;9
1;2;19;10;11;13;10;13;9;13;8;13;7;13;7;12;7;11;7;10;7;9;7;8;7;7;7;6;7;5;7;4;7;3;8;3;9;3;10;3;11;3;12;3;12;4;12;5;12;6;12;7;12;8;12;9;12;10
1;1;19;10;10;13;9;13;8;13;7;13;7;12;7;11;7;10;7;9;7;8;7;7;7;6;7;5;7;4;7;3;8;3;9;3;10;3;11;3;12;3;12;4;12;5;12;6;12;7;12;8;12;9;12;10;13;10
1;1;19;10;9;13;8;13;7;13;7;12;7;11;7;10;7;9;7;8;7;7;7;6;7;5;7;4;7;3;8;3;9;3;10;3;11;3;12;3;12;4;12;5;12;6;12;7;12;8;12;9;12;10;13;10;14;10
1;1;19;10;8;13;7;13;7;12;7;11;7;10;7;9;7;8;7;7;7;6;7;5;7;4;7;3;8;3;9;3;10;3;11;3;12;3;12;4;12;5;12;6;12;7;12;8;12;9;12;10;13;10;14;10;15;10
1;1;19;10;7;13;7;12;7;11;7;10;7;9;7;8;7;7;7;6;7;5;7;4;7;3;8;3;9;3;10;3;11;3;12;3;12;4;12;5;12;6;12;7;12;8;12;9;12;10;13;10;14;10;15;10;16;10
1;1;19;10;7;12;7;11;7;10;7;9;7;8;7;7;7;6;7;5;7;4;7;3;8;3;9;3;10;3;11;3;12;3;12;4;12;5;12;6;12;7;12;8;12;9;12;10;13;10;14;10;15;10;16;10;17;10
1;1;19;10;7;11;7;10;7;9;7;8;7;7;7;6;7;5;7;4;7;3;8;3;9;3;10;3;11;3;12;3;12;4;12;5;12;6;12;7;12;8;12;9;12;10;13;10;14;10;15;10;16;10;17;10;18;10
1;1;2;3;7;10;7;10;7;9;7;8;7;7;7;6;7;5;7;4;7;3;8;3;9;3;10;3;11;3;12;3;12;4;12;5;12;6;12;7;12;8;12;9;12;10;13;10;14;10;15;10;16;10;17;10;18;10;19;10
1;0;2;3;7;10;7;9;7;8;7;7;7;6;7;5;7;4;7;3;8;3;9;3;10;3;11;3;12;3;12;4;12;5;12;6;12;7;12;8;12;9;12;10;13;10;14;10;15;10;16;10;17;10;18;10;19;10;19;9
1;0;2;3;7;9;7;8;7;7;7;6;7;5;7;4;7;3;8;3;9;3;10;3;11;3;12;3;12;4;12;5;12;6;12;7;12;8;12;9;12;10;13;10;14;10;15;10;16;10;17;10;18;10;19;10;19;9;19;8
1;0;2;3;7;8;7;7;7;6;7;5;7;4;7;3;8;3;9;3;10;3;11;3;12;3;12;4;12;5;12;6;12;7;12;8;12;9;12;10;13;10;14;10;15;10;16;10;17;10;18;10;19;10;19;9;19;8;19;7
1;0;2;3;7;7;7;6;7;5;7;4;7;3;8;3;9;3;10;3;11;3;12;3;12;4;12;5;12;6;12;7;12;8;12;9;12;10;13;10;14;10;15;10;16;10;17;10;18;10;19;10;19;9;19;8;19;7;19;6
1;0;2;3;7;6;7;5;7;4;7;3;8;3;9;3;10;3;11;3;12;3;12;4;12;5;12;6;12;7;12;8;12;9;12;10;13;10;14;10;15;10;16;10;17;10;18;10;19;10;19;9;19;8;19;7;19;6;19;5
1;0;2;3;7;5;7;4;7;3;8;3;9;3;10;3;11;3;12;3;12;4;12;5;12;6;12;7;12;8;12;9;12;10;13;10;14;10;15;10;16;10;17;10;18;10;19;10;19;9;19;8;19;7;19;6;19;5;19;4
1;0;2;3;7;4;7;3;8;3;9;3;10;3;11;3;12;3;12;4;12;5;12;6;12;7;12;8;12;9;12;10;13;10;14;10;15;10;16;10;17;10;18;10;19;10;19;9;19;8;19;7;19;6;19;5;19;4;19;3
1;3;2;3;7;3;8;3;9;3;10;3;11;3;12;3;12;4;12;5;12;6;12;7;12;8;12;9;12;10;13;10;14;10;15;10;16;10;17;10;18;10;19;10;19;9;19;8;19;7;19;6;19;5;19;4;19;3;18;3
1;3;2;3;8;3;9;3;10;3;11;3;12;3;12;4;12;5;12;6;12;7;12;8;12;9;12;10;13;10;14;10;15;10;16;10;17;10;18;10;19;10;19;9;19;8;19;7;19;6;19;5;19;4;19;3;18;3;17;3
1;3;2;3;9;3;10;3;11;3;12;3;12;4;12;5;12;6;12;7;12;8;12;9;12;10;13;10;14;10;15;10;16;10;17;10;18;10;19;10;19;9;19;8;19;7;19;6;19;5;19;4;19;3;18;3;17;3;16;3
1;3;2;3;10;3;11;3;12;3;12;4;12;5;12;6;12;7;12;8;12;9;12;10;13;10;14;10;15;10;16;10;17;10;18;10;19;10;19;9;19;8;19;7;19;6;19;5;19;4;19;3;18;3;17;3;16;3;15;3
1;3;2;3;11;3;12;3;12;4;12;5;12;6;12;7;12;8;12;9;12;10;13;10;14;10;15;10;16;10;17;10;18;10;19;10;19;9;19;8;19;7;19;6;19;5;19;4;19;3;18;3;17;3;16;3;15;3;14;3
1;3;2;3;12;3;12;4;12;5;12;6;12;7;12;8;12;9;12;10;13;10;14;10;15;10;16;10;17;10;18;10;19;10;19;9;19;8;19;7;19;6;19;5;19;4;19;3;18;3;17;3;16;3;15;3;14;3;13;3
1;3;2;3;12;4;12;5;12;6;12;7;12;8;12;9;12;10;13;10;14;10;15;10;16;10;17;10;18;10;19;10;19;9;19;8;19;7;19;6;19;5;19;4;19;3;18;3;17;3;16;3;15;3;14;3;13;3;12;3
1;3;2;3;12;5;12;6;12;7;12;8;12;9;12;10;13;10;14;10;15;10;16;10;17;10;18;10;19;10;19;9;19;8;19;7;19;6;19;5;19;4;19;3;18;3;17;3;16;3;15;3;14;3;13;3;12;3;11;3
1;3;2;3;12;6;12;7;12;8;12;9;12;10;13;10;14;10;15;10;16;10;17;10;18;10;19;10;19;9;19;8;19;7;19;6;19;5;19;4;19;3;18;3;17;3;16;3;15;3;14;3;13;3;12;3;11;3;10;3
1;3;2;3;12;7;12;8;12;9;12;10;13;10;14;10;15;10;16;10;17;10;18;10;19;10;19;9;19;8;19;7;19;6;19;5;19;4;19;3;18;3;17;3;16;3;15;3;14;3;13;3;12;3;11;3;10;3;9;3
1;3;2;3;12;8;12;9;12;10;13;10;14;10;15;10;16;10;17;10;18;10;19;10;19;9;19;8;19;7;19;6;19;5;19;4;19;3;18;3;17;3;16;3;15;3;14;3;13;3;12;3;11;3;10;3;9;3;8;3
1;3;2;3;12;9;12;10;13;10;14;10;15;10;16;10;17;10;18;10;19;10;19;9;19;8;19;7;19;6;19;5;19;4;19;3;18;3;17;3;16;3;15;3;14;3;13;3;12;3;11;3;10;3;9;3;8;3;7;3
1;3;2;3;12;10;13;10;14;10;15;10;16;10;17;10;18;10;19;10;19;9;19;8;19;7;19;6;19;5;19;4;19;3;18;3;17;3;16;3;15;3;14;3;13;3;12;3;11;3;10;3;9;3;8;3;7;3;6;3
1;3;2;3;13;10;14;10;15;10;16;10;17;10;18;10;19;10;19;9;19;8;19;7;19;6;19;5;19;4;19;3;18;3;17;3;16;3;15;3;14;3;13;3;12;3;11;3;10;3;9;3;8;3;7;3;6;3;5;3
1;3;2;3;14;10;15;10;16;10;17;10;18;10;19;10;19;9;19;8;19;7;19;6;19;5;19;4;19;3;18;3;17;3;16;3;15;3;14;3;13;3;12;3;11;3;10;3;9;3;8;3;7;3;6;3;5;3;4;3
1;3;2;3;15;10;16;10;17;10;18;10;19;10;19;9;19;8;19;7;19;6;19;5;19;4;19;3;18;3;17;3;16;3;15;3;14;3;13;3;12;3;11;3;10;3;9;3;8;3;7;3;6;3;5;3;4;3;3;3
1;3;2;10;16;10;16;10;17;10;18;10;19;10;19;9;19;8;19;7;19;6;19;5;19;4;19;3;18;3;17;3;16;3;15;3;14;3;13;3;12;3;11;3;10;3;9;3;8;3;7;3;6;3;5;3;4;3;3;3;2;3
1;2;2;10;16;10;17;10;18;10;19;10;19;9;19;8;19;7;19;6;19;5;19;4;19;3;18;3;17;3;16;3;15;3;14;3;13;3;12;3;11;3;10;3;9;3;8;3;7;3;6;3;5;3;4;3;3;3;2;3;2;4
1;2;2;10;17;10;18;10;19;10;19;9;19;8;19;7;19;6;19;5;19;4;19;3;18;3;17;3;16;3;15;3;14;3;13;3;12;3;11;3;10;3;9;3;8;3;7;3;6;3;5;3;4;3;3;3;2;3;2;4;2;5
1;2;2;10;18;10;19;10;19;9;19;8;19;7;19;6;19;5;19;4;19;3;18;3;17;3;16;3;15;3;14;3;13;3;12;3;11;3;10;3;9;3;8;3;7;3;6;3;5;3;4;3;3;3;2;3;2;4;2;5;2;6
1;2;2;10;19;10;19;9;19;8;19;7;19;6;19;5;19;4;19;3;18;3;17;3;16;3;15;3;14;3;13;3;12;3;11;3;10;3;9;3;8;3;7;3;6;3;5;3;4;3;3;3;2;3;2;4;2;5;2;6;2;7
1;2;2;10;19;9;19;8;19;7;19;6;19;5;19;4;19;3;18;3;17;3;16;3;15;3;14;3;13;3;12;3;11;3;10;3;9;3;8;3;7;3;6;3;5;3;4;3;3;3;2;3;2;4;2;5;2;6;2;7;2;8
1;2;2;10;19;8;19;7;19;6;19;5;19;4;19;3;18;3;17;3;16;3;15;3;14;3;13;3;12;3;11;3;10;3;9;3;8;3;7;3;6;3;5;3;4;3;3;3;2;3;2;4;2;5;2;6;2;7;2;8;2;9
1;2;0;12;19;7;19;7;19;6;19;5;19;4;19;3;18;3;17;3;16;3;15;3;14;3;13;3;12;3;11;3;10;3;9;3;8;3;7;3;6;3;5;3;4;3;3;3;2;3;2;4;2;5;2;6;2;7;2;8;2;9;2;10
1;2;0;12;19;7;19;6;19;5;19;4;19;3;18;3;17;3;16;3;15;3;14;3;13;3;12;3;11;3;10;3;9;3;8;3;7;3;6;3;5;3;4;3;3;3;2;3;2;4;2;5;2;6;2;7;2;8;2;9;2;10;2;11
1;2;0;12;19;6;19;5;19;4;19;3;18;3;17;3;16;3;15;3;14;3;13;3;12;3;11;3;10;3;9;3;8;3;7;3;6;3;5;3;4;3;3;3;2;3;2;4;2;5;2;6;2;7;2;8;2;9;2;10;2;11;2;12
1;3;0;12;19;5;19;4;19;3;18;3;17;3;16;3;15;3;14;3;13;3;12;3;11;3;10;3;9;3;8;3;7;3;6;3;5;3;4;3;3;3;2;3;2;4;2;5;2;6;2;7;2;8;2;9;2;10;2;11;2;12;1;12
1;3;3;15;19;4;19;4;19;3;18;3;17;3;16;3;15;3;14;3;13;3;12;3;11;3;10;3;9;3;8;3;7;3;6;3;5;3;4;3;3;3;2;3;2;4;2;5;2;6;2;7;2;8;2;9;2;10;2;11;2;12;1;12;0;12
1;2;3;15;19;4;19;3;18;3;17;3;16;3;15;3;14;3;13;3;12;3;11;3;10;3;9;3;8;3;7;3;6;3;5;3;4;3;3;3;2;3;2;4;2;5;2;6;2;7;2;8;2;9;2;10;2;11;2;12;1;12;0;12;0;13
1;2;3;15;19;3;18;3;17;3;16;3;15;3;14;3;13;3;12;3;11;3;10;3;9;3;8;3;7;3;6;3;5;3;4;3;3;3;2;3;2;4;2;5;2;6;2;7;2;8;2;9;2;10;2;11;2;12;1;12;0;12;0;13;0;14
1;2;3;15;18;3;17;3;16;3;15;3;14;3;13;3;12;3;11;3;10;3;9;3;8;3;7;3;6;3;5;3;4;3;3;3;2;3;2;4;2;5;2;6;2;7;2;8;2;9;2;10;2;11;2;12;1;12;0;12;0;13;0;14;0;15
1;1;3;15;17;3;16;3;15;3;14;3;13;3;12;3;11;3;10;3;9;3;8;3;7;3;6;3;5;3;4;3;3;3;2;3;2;4;2;5;2;6;2;7;2;8;2;9;2;10;2;11;2;12;1;12;0;12;0;13;0;14;0;15;1;15
1;1;3;15;16;3;15;3;14;3;13;3;12;3;11;3;10;3;9;3;8;3;7;3;6;3;5;3;4;3;3;3;2;3;2;4;2;5;2;6;2;7;2;8;2;9;2;10;2;11;2;12;1;12;0;12;0;13;0;14;0;15;1;15;2;15
1;1;5;16;15;3;15;3;14;3;13;3;12;3;11;3;10;3;9;3;8;3;7;3;6;3;5;3;4;3;3;3;2;3;2;4;2;5;2;6;2;7;2;8;2;9;2;10;2;11;2;12;1;12;0;12;0;13;0;14;0;15;1;15;2;15;3;15
1;2;5;16;15;3;14;3;13;3;12;3;11;3;10;3;9;3;8;3;7;3;6;3;5;3;4;3;3;3;2;3;2;4;2;5;2;6;2;7;2;8;2;9;2;10;2;11;2;12;1;12;0;12;0;13;0;14;0;15;1;15;2;15;3;15;3;16
1;1;5;16;14;3;13;3;12;3;11;3;10;3;9;3;8;3;7;3;6;3;5;3;4;3;3;3;2;3;2;4;2;5;2;6;2;7;2;8;2;9;2;10;2;11;2;12;1;12;0;12;0;13;0;14;0;15;1;15;2;15;3;15;3;16;4;16
1;1;14;5;13;3;13;3;12;3;11;3;10;3;9;3;8;3;7;3;6;3;5;3;4;3;3;3;2;3;2;4;2;5;2;6;2;7;2;8;2;9;2;10;2;11;2;12;1;12;0;12;0;13;0;14;0;15;1;15;2;15;3;15;3;16;4;16;5;16
1;1;14;5;13;3;12;3;11;3;10;3;9;3;8;3;7;3;6;3;5;3;4;3;3;3;2;3;2;4;2;5;2;6;2;7;2;8;2;9;2;10;2;11;2;12;1;12;0;12;0;13;0;14;0;15;1;15;2;15;3;15;3;16;4;16;5;16;6;16
1;1;14;5;12;3;11;3;10;3;9;3;8;3;7;3;6;3;5;3;4;3;3;3;2;3;2;4;2;5;2;6;2;7;2;8;2;9;2;10;2;11;2;12;1;12;0;12;0;13;0;14;0;15;1;15;2;15;3;15;3;16;4;16;5;16;6;16;7;16
1;1;14;5;11;3;10;3;9;3;8;3;7;3;6;3;5;3;4;3;3;3;2;3;2;4;2;5;2;6;2;7;2;8;2;9;2;10;2;11;2;12;1;12;0;12;0;13;0;14;0;15;1;15;2;15;3;15;3;16;4;16;5;16;6;16;7;16;8;16
1;1;14;5;10;3;9;3;8;3;7;3;6;3;5;3;4;3;3;3;2;3;2;4;2;5;2;6;2;7;2;8;2;9;2;10;2;11;2;12;1;12;0;12;0;13;0;14;0;15;1;15;2;15;3;15;3;16;4;16;5;16;6;16;7;16;8;16;9;16
1;1;14;5;9;3;8;3;7;3;6;3;5;3;4;3;3;3;2;3;2;4;2;5;2;6;2;7;2;8;2;9;2;10;2;11;2;12;1;12;0;12;0;13;0;14;0;15;1;15;2;15;3;15;3;16;4;16;5;16;6;16;7;16;8;16;9;16;10;16
1;1;14;5;8;3;7;3;6;3;5;3;4;3;3;3;2;3;2;4;2;5;2;6;2;7;2;8;2;9;2;10;2;11;2;12;1;12;0;12;0;13;0;14;0;15;1;15;2;15;3;15;3;16;4;16;5;16;6;16;7;16;8;16;9;16;10;16;11;16
1;1;14;5;7;3;6;3;5;3;4;3;3;3;2;3;2;4;2;5;2;6;2;7;2;8;2;9;2;10;2;11;2;12;1;12;0;12;0;13;0;14;0;15;1;15;2;15;3;15;3;16;4;16;5;16;6;16;7;16;8;16;9;16;10;16;11;16;12;16
1;1;14;5;6;3;5;3;4;3;3;3;2;3;2;4;2;5;2;6;2;7;2;8;2;9;2;10;2;11;2;12;1;12;0;12;0;13;0;14;0;15;1;15;2;15;3;15;3;16;4;16;5;16;6;16;7;16;8;16;9;16;10;16;11;16;12;16;13;16
1;1;14;5;5;3;4;3;3;3;2;3;2;4;2;5;2;6;2;7;2;8;2;9;2;10;2;11;2;12;1;12;0;12;0;13;0;14;0;15;1;15;2;15;3;15;3;16;4;16;5;16;6;16;7;16;8;16;9;16;10;16;11;16;12;16;13;16;14;16
1;0;14;5;4;3;3;3;2;3;2;4;2;5;2;6;2;7;2;8;2;9;2;10;2;11;2;12;1;12;0;12;0;13;0;14;0;15;1;15;2;15;3;15;3;16;4;16;5;16;6;16;7;16;8;16;9;16;10;16;11;16;12;16;13;16;14;16;14;15
1;0;14;5;3;3;2;3;2;4;2;5;2;6;2;7;2;8;2;9;2;10;2;11;2;12;1;12;0;12;0;13;0;14;0;15;1;15;2;15;3;15;3;16;4;16;5;16;6;16;7;16;8;16;9;16;10;16;11;16;12;16;13;16;14;16;14;15;14;14
1;0;14;5;2;3;2;4;2;5;2;6;2;7;2;8;2;9;2;10;2;11;2;12;1;12;0;12;0;13;0;14;0;15;1;15;2;15;3;15;3;16;4;16;5;16;6;16;7;16;8;16;9;16;10;16;11;16;12;16;13;16;14;16;14;15;14;14;14;13
1;0;14;5;2;4;2;5;2;6;2;7;2;8;2;9;2;10;2;11;2;12;1;12;0;12;0;13;0;14;0;15;1;15;2;15;3;15;3;16;4;16;5;16;6;16;7;16;8;16;9;16;10;16;11;16;12;16;13;16;14;16;14;15;14;14;14;13;14;12
1;0;14;5;2;5;2;6;2;7;2;8;2;9;2;10;2;11;2;12;1;12;0;12;0;13;0;14;0;15;1;15;2;15;3;15;3;16;4;16;5;16;6;16;7;16;8;16;9;16;10;16;11;16;12;16;13;16;14;16;14;15;14;14;14;13;14;12;14;11
1;0;14;5;2;6;2;7;2;8;2;9;2;10;2;11;2;12;1;12;0;12;0;13;0;14;0;15;1;15;2;15;3;15;3;16;4;16;5;16;6;16;7;16;8;16;9;16;10;16;11;16;12;16;13;16;14;16;14;15;14;14;14;13;14;12;14;11;14;10
1;0;14;5;2;7;2;8;2;9;2;10;2;11;2;12;1;12;0;12;0;13;0;14;0;15;1;15;2;15;3;15;3;16;4;16;5;16;6;16;7;16;8;16;9;16;10;16;11;16;12;16;13;16;14;16;14;15;14;14;14;13;14;12;14;11;14;10;14;9
1;0;14;5;2;8;2;9;2;10;2;11;2;12;1;12;0;12;0;13;0;14;0;15;1;15;2;15;3;15;3;16;4;16;5;16;6;16;7;16;8;16;9;16;10;16;11;16;12;16;13;16;14;16;14;15;14;14;14;13;14;12;14;11;14;10;14;9;14;8
1;0;14;5;2;9;2;10;2;11;2;12;1;12;0;12;0;13;0;14;0;15;1;15;2;15;3;15;3;16;4;16;5;16;6;16;7;16;8;16;9;16;10;16;11;16;12;16;13;16;14;16;14;15;14;14;14;13;14;12;14;11;14;10;14;9;14;8;14;7
1;0;14;5;2;10;2;11;2;12;1;12;0;12;0;13;0;14;0;15;1;15;2;15;3;15;3;16;4;16;5;16;6;16;7;16;8;16;9;16;10;16;11;16;12;16;13;16;14;16;14;15;14;14;14;13;14;12;14;11;14;10;14;9;14;8;14;7;14;6
1;0;8;10;2;11;2;11;2;12;1;12;0;12;0;13;0;14;0;15;1;15;2;15;3;15;3;16;4;16;5;16;6;16;7;16;8;16;9;16;10;16;11;16;12;16;13;16;14;16;14;15;14;14;14;13;14;12;14;11;14;10;14;9;14;8;14;7;14;6;14;5
1;3;8;10;2;11;2;12;1;12;0;12;0;13;0;14;0;15;1;15;2;15;3;15;3;16;4;16;5;16;6;16;7;16;8;16;9;16;10;16;11;16;12;16;13;16;14;16;14;15;14;14;14;13;14;12;14;11;14;10;14;9;14;8;14;7;14;6;14;5;13;5
1;2;8;10;2;12;1;12;0;12;0;13;0;14;0;15;1;15;2;15;3;15;3;16;4;16;5;16;6;16;7;16;8;16;9;16;10;16;11;16;12;16;13;16;14;16;14;15;14;14;14;13;14;12;14;11;14;10;14;9;14;8;14;7;14;6;14;5;13;5;13;6
1;2;8;10;1;12;0;12;0;13;0;14;0;15;1;15;2;15;3;15;3;16;4;16;5;16;6;16;7;16;8;16;9;16;10;16;11;16;12;16;13;16;14;16;14;15;14;14;14;13;14;12;14;11;14;10;14;9;14;8;14;7;14;6;14;5;13;5;13;6;13;7
1;2;8;10;0;12;0;13;0;14;0;15;1;15;2;15;3;15;3;16;4;16;5;16;6;16;7;16;8;16;9;16;10;16;11;16;12;16;13;16;14;16;14;15;14;14;14;13;14;12;14;11;14;10;14;9;14;8;14;7;14;6;14;5;13;5;13;6;13;7;13;8
1;2;8;10;0;13;0;14;0;15;1;15;2;15;3;15;3;16;4;16;5;16;6;16;7;16;8;16;9;16;10;16;11;16;12;16;13;16;14;16;14;15;14;14;14;13;14;12;14;11;14;10;14;9;14;8;14;7;14;6;14;5;13;5;13;6;13;7;13;8;13;9
1;2;8;10;0;14;0;15;1;15;2;15;3;15;3;16;4;16;5;16;6;16;7;16;8;16;9;16;10;16;11;16;12;16;13;16;14;16;14;15;14;14;14;13;14;12;14;11;14;10;14;9;14;8;14;7;14;6;14;5;13;5;13;6;13;7;13;8;13;9;13;10
1;3;8;10;0;15;1;15;2;15;3;15;3;16;4;16;5;16;6;16;7;16;8;16;9;16;10;16;11;16;12;16;13;16;14;16;14;15;14;14;14;13;14;12;14;11;14;10;14;9;14;8;14;7;14;6;14;5;13;5;13;6;13;7;13;8;13;9;13;10;12;10
1;3;8;10;1;15;2;15;3;15;3;16;4;16;5;16;6;16;7;16;8;16;9;16;10;16;11;16;12;16;13;16;14;16;14;15;14;14;14;13;14;12;14;11;14;10;14;9;14;8;14;7;14;6;14;5;13;5;13;6;13;7;13;8;13;9;13;10;12;10;11;10
1;3;8;10;2;15;3;15;3;16;4;16;5;16;6;16;7;16;8;16;9;16;10;16;11;16;12;16;13;16;14;16;14;15;14;14;14;13;14;12;14;11;14;10;14;9;14;8;14;7;14;6;14;5;13;5;13;6;13;7;13;8;13;9;13;10;12;10;11;10;10;10
1;3;8;10;3;15;3;16;4;16;5;16;6;16;7;16;8;16;9;16;10;16;11;16;12;16;13;16;14;16;14;15;14;14;14;13;14;12;14;11;14;10;14;9;14;8;14;7;14;6;14;5;13;5;13;6;13;7;13;8;13;9;13;10;12;10;11;10;10;10;9;10
1;3;11;7;3;16;3;16;4;16;5;16;6;16;7;16;8;16;9;16;10;16;11;16;12;16;13;16;14;16;14;15;14;14;14;13;14;12;14;11;14;10;14;9;14;8;14;7;14;6;14;5;13;5;13;6;13;7;13;8;13;9;13;10;12;10;11;10;10;10;9;10;8;10
1;0;11;7;3;16;4;16;5;16;6;16;7;16;8;16;9;16;10;16;11;16;12;16;13;16;14;16;14;15;14;14;14;13;14;12;14;11;14;10;14;9;14;8;14;7;14;6;14;5;13;5;13;6;13;7;13;8;13;9;13;10;12;10;11;10;10;10;9;10;8;10;8;9
1;0;11;7;4;16;5;16;6;16;7;16;8;16;9;16;10;16;11;16;12;16;13;16;14;16;14;15;14;14;14;13;14;12;14;11;14;10;14;9;14;8;14;7;14;6;14;5;13;5;13;6;13;7;13;8;13;9;13;10;12;10;11;10;10;10;9;10;8;10;8;9;8;8
1;0;11;7;5;16;6;16;7;16;8;16;9;16;10;16;11;16;12;16;13;16;14;16;14;15;14;14;14;13;14;12;14;11;14;10;14;9;14;8;14;7;14;6;14;5;13;5;13;6;13;7;13;8;13;9;13;10;12;10;11;10;10;10;9;10;8;10;8;9;8;8;8;7
1;1;11;7;6;16;7;16;8;16;9;16;10;16;11;16;12;16;13;16;14;16;14;15;14;14;14;13;14;12;14;11;14;10;14;9;14;8;14;7;14;6;14;5;13;5;13;6;13;7;13;8;13;9;13;10;12;10;11;10;10;10;9;10;8;10;8;9;8;8;8;7;9;7
1;1;11;7;7;16;8;16;9;16;10;16;11;16;12;16;13;16;14;16;14;15;14;14;14;13;14;12;14;11;14;10;14;9;14;8;14;7;14;6;14;5;13;5;13;6;13;7;13;8;13;9;13;10;12;10;11;10;10;10;9;10;8;10;8;9;8;8;8;7;9;7;10;7
1;1;5;10;8;16;8;16;9;16;10;16;11;16;12;16;13;16;14;16;14;15;14;14;14;13;14;12;14;11;14;10;14;9;14;8;14;7;14;6;14;5;13;5;13;6;13;7;13;8;13;9;13;10;12;10;11;10;10;10;9;10;8;10;8;9;8;8;8;7;9;7;10;7;11;7
1;0;5;10;8;16;9;16;10;16;11;16;12;16;13;16;14;16;14;15;14;14;14;13;14;12;14;11;14;10;14;9;14;8;14;7;14;6;14;5;13;5;13;6;13;7;13;8;13;9;13;10;12;10;11;10;10;10;9;10;8;10;8;9;8;8;8;7;9;7;10;7;11;7;11;6
1;3;5;10;9;16;10;16;11;16;12;16;13;16;14;16;14;15;14;14;14;13;14;12;14;11;14;10;14;9;14;8;14;7;14;6;14;5;13;5;13;6;13;7;13;8;13;9;13;10;12;10;11;10;10;10;9;10;8;10;8;9;8;8;8;7;9;7;10;7;11;7;11;6;10;6
1;3;5;10;10;16;11;16;12;16;13;16;14;16;14;15;14;14;14;13;14;12;14;11;14;10;14;9;14;8;14;7;14;6;14;5;13;5;13;6;13;7;13;8;13;9;13;10;12;10;11;10;10;10;9;10;8;10;8;9;8;8;8;7;9;7;10;7;11;7;11;6;10;6;9;6
1;3;5;10;11;16;12;16;13;16;14;16;14;15;14;14;14;13;14;12;14;11;14;10;14;9;14;8;14;7;14;6;14;5;13;5;13;6;13;7;13;8;13;9;13;10;12;10;11;10;10;10;9;10;8;10;8;9;8;8;8;7;9;7;10;7;11;7;11;6;10;6;9;6;8;6
1;3;5;10;12;16;13;16;14;16;14;15;14;14;14;13;14;12;14;11;14;10;14;9;14;8;14;7;14;6;14;5;13;5;13;6;13;7;13;8;13;9;13;10;12;10;11;10;10;10;9;10;8;10;8;9;8;8;8;7;9;7;10;7;11;7;11;6;10;6;9;6;8;6;7;6
1;3;5;10;13;16;14;16;14;15;14;14;14;13;14;12;14;11;14;10;14;9;14;8;14;7;14;6;14;5;13;5;13;6;13;7;13;8;13;9;13;10;12;10;11;10;10;10;9;10;8;10;8;9;8;8;8;7;9;7;10;7;11;7;11;6;10;6;9;6;8;6;7;6;6;6
1;3;5;10;14;16;14;15;14;14;14;13;14;12;14;11;14;10;14;9;14;8;14;7;14;6;14;5;13;5;13;6;13;7;13;8;13;9;13;10;12;10;11;10;10;10;9;10;8;10;8;9;8;8;8;7;9;7;10;7;11;7;11;6;10;6;9;6;8;6;7;6;6;6;5;6
1;2;5;10;14;15;14;14;14;13;14;12;14;11;14;10;14;9;14;8;14;7;14;6;14;5;13;5;13;6;13;7;13;8;13;9;13;10;12;10;11;10;10;10;9;10;8;10;8;9;8;8;8;7;9;7;10;7;11;7;11;6;10;6;9;6;8;6;7;6;6;6;5;6;5;7
1;2;5;10;14;14;14;13;14;12;14;11;14;10;14;9;14;8;14;7;14;6;14;5;13;5;13;6;13;7;13;8;13;9;13;10;12;10;11;10;10;10;9;10;8;10;8;9;8;8;8;7;9;7;10;7;11;7;11;6;10;6;9;6;8;6;7;6;6;6;5;6;5;7;5;8
1;2;5;10;14;13;14;12;14;11;14;10;14;9;14;8;14;7;14;6;14;5;13;5;13;6;13;7;13;8;13;9;13;10;12;10;11;10;10;10;9;10;8;10;8;9;8;8;8;7;9;7;10;7;11;7;11;6;10;6;9;6;8;6;7;6;6;6;5;6;5;7;5;8;5;9
1;2;7;18;14;12;14;12;14;11;14;10;14;9;14;8;14;7;14;6;14;5;13;5;13;6;13;7;13;8;13;9;13;10;12;10;11;10;10;10;9;10;8;10;8;9;8;8;8;7;9;7;10;7;11;7;11;6;10;6;9;6;8;6;7;6;6;6;5;6;5;7;5;8;5;9;5;10
1;2;7;18;14;12;14;11;14;10;14;9;14;8;14;7;14;6;14;5;13;5;13;6;13;7;13;8;13;9;13;10;12;10;11;10;10;10;9;10;8;10;8;9;8;8;8;7;9;7;10;7;11;7;11;6;10;6;9;6;8;6;7;6;6;6;5;6;5;7;5;8;5;9;5;10;5;11
1;1;7;18;14;11;14;10;14;9;14;8;14;7;14;6;14;5;13;5;13;6;13;7;13;8;13;9;13;10;12;10;11;10;10;10;9;10;8;10;8;9;8;8;8;7;9;7;10;7;11;7;11;6;10;6;9;6;8;6;7;6;6;6;5;6;5;7;5;8;5;9;5;10;5;11;6;11
1;1;7;18;14;10;14;9;14;8;14;7;14;6;14;5;13;5;13;6;13;7;13;8;13;9;13;10;12;10;11;10;10;10;9;10;8;10;8;9;8;8;8;7;9;7;10;7;11;7;11;6;10;6;9;6;8;6;7;6;6;6;5;6;5;7;5;8;5;9;5;10;5;11;6;11;7;11
1;2;7;18;14;9;14;8;14;7;14;6;14;5;13;5;13;6;13;7;13;8;13;9;13;10;12;10;11;10;10;10;9;10;8;10;8;9;8;8;8;7;9;7;10;7;11;7;11;6;10;6;9;6;8;6;7;6;6;6;5;6;5;7;5;8;5;9;5;10;5;11;6;11;7;11;7;12
1;2;7;18;14;8;14;7;14;6;14;5;13;5;13;6;13;7;13;8;13;9;13;10;12;10;11;10;10;10;9;10;8;10;8;9;8;8;8;7;9;7;10;7;11;7;11;6;10;6;9;6;8;6;7;6;6;6;5;6;5;7;5;8;5;9;5;10;5;11;6;11;7;11;7;12;7;13
1;2;7;18;14;7;14;6;14;5;13;5;13;6;13;7;13;8;13;9;13;10;12;10;11;10;10;10;9;10;8;10;8;9;8;8;8;7;9;7;10;7;11;7;11;6;10;6;9;6;8;6;7;6;6;6;5;6;5;7;5;8;5;9;5;10;5;11;6;11;7;11;7;12;7;13;7;14
1;2;7;18;14;6;14;5;13;5;13;6;13;7;13;8;13;9;13;10;12;10;11;10;10;10;9;10;8;10;8;9;8;8;8;7;9;7;10;7;11;7;11;6;10;6;9;6;8;6;7;6;6;6;5;6;5;7;5;8;5;9;5;10;5;11;6;11;7;11;7;12;7;13;7;14;7;15
1;2;7;18;14;5;13;5;13;6;13;7;13;8;13;9;13;10;12;10;11;10;10;10;9;10;8;10;8;9;8;8;8;7;9;7;10;7;11;7;11;6;10;6;9;6;8;6;7;6;6;6;5;6;5;7;5;8;5;9;5;10;5;11;6;11;7;11;7;12;7;13;7;14;7;15;7;16
1;2;7;18;13;5;13;6;13;7;13;8;13;9;13;10;12;10;11;10;10;10;9;10;8;10;8;9;8;8;8;7;9;7;10;7;11;7;11;6;10;6;9;6;8;6;7;6;6;6;5;6;5;7;5;8;5;9;5;10;5;11;6;11;7;11;7;12;7;13;7;14;7;15;7;16;7;17
1;2;0;13;13;6;13;6;13;7;13;8;13;9;13;10;12;10;11;10;10;10;9;10;8;10;8;9;8;8;8;7;9;7;10;7;11;7;11;6;10;6;9;6;8;6;7;6;6;6;5;6;5;7;5;8;5;9;5;10;5;11;6;11;7;11;7;12;7;13;7;14;7;15;7;16;7;17;7;18
1;3;0;13;13;6;13;7;13;8;13;9;13;10;12;10;11;10;10;10;9;10;8;10;8;9;8;8;8;7;9;7;10;7;11;7;11;6;10;6;9;6;8;6;7;6;6;6;5;6;5;7;5;8;5;9;5;10;5;11;6;11;7;11;7;12;7;13;7;14;7;15;7;16;7;17;7;18;6;18
1;3;0;13;13;7;13;8;13;9;13;10;12;10;11;10;10;10;9;10;8;10;8;9;8;8;8;7;9;7;10;7;11;7;11;6;10;6;9;6;8;6;7;6;6;6;5;6;5;7;5;8;5;9;5;10;5;11;6;11;7;11;7;12;7;13;7;14;7;15;7;16;7;17;7;18;6;18;5;18
1;3;0;13;13;8;13;9;13;10;12;10;11;10;10;10;9;10;8;10;8;9;8;8;8;7;9;7;10;7;11;7;11;6;10;6;9;6;8;6;7;6;6;6;5;6;5;7;5;8;5;9;5;10;5;11;6;11;7;11;7;12;7;13;7;14;7;15;7;16;7;17;7;18;6;18;5;18;4;18
1;0;0;13;13;9;13;10;12;10;11;10;10;10;9;10;8;10;8;9;8;8;8;7;9;7;10;7;11;7;11;6;10;6;9;6;8;6;7;6;6;6;5;6;5;7;5;8;5;9;5;10;5;11;6;11;7;11;7;12;7;13;7;14;7;15;7;16;7;17;7;18;6;18;5;18;4;18;4;17
1;0;0;13;13;10;12;10;11;10;10;10;9;10;8;10;8;9;8;8;8;7;9;7;10;7;11;7;11;6;10;6;9;6;8;6;7;6;6;6;5;6;5;7;5;8;5;9;5;10;5;11;6;11;7;11;7;12;7;13;7;14;7;15;7;16;7;17;7;18;6;18;5;18;4;18;4;17;4;16
1;0;0;13;12;10;11;10;10;10;9;10;8;10;8;9;8;8;8;7;9;7;10;7;11;7;11;6;10;6;9;6;8;6;7;6;6;6;5;6;5;7;5;8;5;9;5;10;5;11;6;11;7;11;7;12;7;13;7;14;7;15;7;16;7;17;7;18;6;18;5;18;4;18;4;17;4;16;4;15
1;0;0;13;11;10;10;10;9;10;8;10;8;9;8;8;8;7;9;7;10;7;11;7;11;6;10;6;9;6;8;6;7;6;6;6;5;6;5;7;5;8;5;9;5;10;5;11;6;11;7;11;7;12;7;13;7;14;7;15;7;16;7;17;7;18;6;18;5;18;4;18;4;17;4;16;4;15;4;14
1;0;0;13;10;10;9;10;8;10;8;9;8;8;8;7;9;7;10;7;11;7;11;6;10;6;9;6;8;6;7;6;6;6;5;6;5;7;5;8;5;9;5;10;5;11;6;11;7;11;7;12;7;13;7;14;7;15;7;16;7;17;7;18;6;18;5;18;4;18;4;17;4;16;4;15;4;14;4;13
1;3;0;13;9;10;8;10;8;9;8;8;8;7;9;7;10;7;11;7;11;6;10;6;9;6;8;6;7;6;6;6;5;6;5;7;5;8;5;9;5;10;5;11;6;11;7;11;7;12;7;13;7;14;7;15;7;16;7;17;7;18;6;18;5;18;4;18;4;17;4;16;4;15;4;14;4;13;3;13
1;3;0;13;8;10;8;9;8;8;8;7;9;7;10;7;11;7;11;6;10;6;9;6;8;6;7;6;6;6;5;6;5;7;5;8;5;9;5;10;5;11;6;11;7;11;7;12;7;13;7;14;7;15;7;16;7;17;7;18;6;18;5;18;4;18;4;17;4;16;4;15;4;14;4;13;3;13;2;13
1;3;0;13;8;9;8;8;8;7;9;7;10;7;11;7;11;6;10;6;9;6;8;6;7;6;6;6;5;6;5;7;5;8;5;9;5;10;5;11;6;11;7;11;7;12;7;13;7;14;7;15;7;16;7;17;7;18;6;18;5;18;4;18;4;17;4;16;4;15;4;14;4;13;3;13;2;13;1;13
1;3;6;3;8;8;8;8;8;7;9;7;10;7;11;7;11;6;10;6;9;6;8;6;7;6;6;6;5;6;5;7;5;8;5;9;5;10;5;11;6;11;7;11;7;12;7;13;7;14;7;15;7;16;7;17;7;18;6;18;5;18;4;18;4;17;4;16;4;15;4;14;4;13;3;13;2;13;1;13;0;13
1;0;6;3;8;8;8;7;9;7;10;7;11;7;11;6;10;6;9;6;8;6;7;6;6;6;5;6;5;7;5;8;5;9;5;10;5;11;6;11;7;11;7;12;7;13;7;14;7;15;7;16;7;17;7;18;6;18;5;18;4;18;4;17;4;16;4;15;4;14;4;13;3;13;2;13;1;13;0;13;0;12
1;0;6;3;8;7;9;7;10;7;11;7;11;6;10;6;9;6;8;6;7;6;6;6;5;6;5;7;5;8;5;9;5;10;5;11;6;11;7;11;7;12;7;13;7;14;7;15;7;16;7;17;7;18;6;18;5;18;4;18;4;17;4;16;4;15;4;14;4;13;3;13;2;13;1;13;0;13;0;12;0;11
1;0;6;3;9;7;10;7;11;7;11;6;10;6;9;6;8;6;7;6;6;6;5;6;5;7;5;8;5;9;5;10;5;11;6;11;7;11;7;12;7;13;7;14;7;15;7;16;7;17;7;18;6;18;5;18;4;18;4;17;4;16;4;15;4;14;4;13;3;13;2;13;1;13;0;13;0;12;0;11;0;10
1;0;6;3;10;7;11;7;11;6;10;6;9;6;8;6;7;6;6;6;5;6;5;7;5;8;5;9;5;10;5;11;6;11;7;11;7;12;7;13;7;14;7;15;7;16;7;17;7;18;6;18;5;18;4;18;4;17;4;16;4;15;4;14;4;13;3;13;2;13;1;13;0;13;0;12;0;11;0;10;0;9
1;0;6;3;11;7;11;6;10;6;9;6;8;6;7;6;6;6;5;6;5;7;5;8;5;9;5;10;5;11;6;11;7;11;7;12;7;13;7;14;7;15;7;16;7;17;7;18;6;18;5;18;4;18;4;17;4;16;4;15;4;14;4;13;3;13;2;13;1;13;0;13;0;12;0;11;0;10;0;9;0;8
1;0;6;3;11;6;10;6;9;6;8;6;7;6;6;6;5;6;5;7;5;8;5;9;5;10;5;11;6;11;7;11;7;12;7;13;7;14;7;15;7;16;7;17;7;18;6;18;5;18;4;18;4;17;4;16;4;15;4;14;4;13;3;13;2;13;1;13;0;13;0;12;0;11;0;10;0;9;0;8;0;7
1;0;6;3;10;6;9;6;8;6;7;6;6;6;5;6;5;7;5;8;5;9;5;10;5;11;6;11;7;11;7;12;7;13;7;14;7;15;7;16;7;17;7;18;6;18;5;18;4;18;4;17;4;16;4;15;4;14;4;13;3;13;2;13;1;13;0;13;0;12;0;11;0;10;0;9;0;8;0;7;0;6
1;0;6;3;9;6;8;6;7;6;6;6;5;6;5;7;5;8;5;9;5;10;5;11;6;11;7;11;7;12;7;13;7;14;7;15;7;16;7;17;7;18;6;18;5;18;4;18;4;17;4;16;4;15;4;14;4;13;3;13;2;13;1;13;0;13;0;12;0;11;0;10;0;9;0;8;0;7;0;6;0;5
1;1;6;3;8;6;7;6;6;6;5;6;5;7;5;8;5;9;5;10;5;11;6;11;7;11;7;12;7;13;7;14;7;15;7;16;7;17;7;18;6;18;5;18;4;18;4;17;4;16;4;15;4;14;4;13;3;13;2;13;1;13;0;13;0;12;0;11;0;10;0;9;0;8;0;7;0;6;0;5;1;5
1;1;6;3;7;6;6;6;5;6;5;7;5;8;5;9;5;10;5;11;6;11;7;11;7;12;7;13;7;14;7;15;7;16;7;17;7;18;6;18;5;18;4;18;4;17;4;16;4;15;4;14;4;13;3;13;2;13;1;13;0;13;0;12;0;11;0;10;0;9;0;8;0;7;0;6;0;5;1;5;2;5
1;1;6;3;6;6;5;6;5;7;5;8;5;9;5;10;5;11;6;11;7;11;7;12;7;13;7;14;7;15;7;16;7;17;7;18;6;18;5;18;4;18;4;17;4;16;4;15;4;14;4;13;3;13;2;13;1;13;0;13;0;12;0;11;0;10;0;9;0;8;0;7;0;6;0;5;1;5;2;5;3;5
1;1;6;3;5;6;5;7;5;8;5;9;5;10;5;11;6;11;7;11;7;12;7;13;7;14;7;15;7;16;7;17;7;18;6;18;5;18;4;18;4;17;4;16;4;15;4;14;4;13;3;13;2;13;1;13;0;13;0;12;0;11;0;10;0;9;0;8;0;7;0;6;0;5;1;5;2;5;3;5;4;5
1;1;6;3;5;7;5;8;5;9;5;10;5;11;6;11;7;11;7;12;7;13;7;14;7;15;7;16;7;17;7;18;6;18;5;18;4;18;4;17;4;16;4;15;4;14;4;13;3;13;2;13;1;13;0;13;0;12;0;11;0;10;0;9;0;8;0;7;0;6;0;5;1;5;2;5;3;5;4;5;5;5
1;1;6;3;5;8;5;9;5;10;5;11;6;11;7;11;7;12;7;13;7;14;7;15;7;16;7;17;7;18;6;18;5;18;4;18;4;17;4;16;4;15;4;14;4;13;3;13;2;13;1;13;0;13;0;12;0;11;0;10;0;9;0;8;0;7;0;6;0;5;1;5;2;5;3;5;4;5;5;5;6;5
1;0;6;3;5;9;5;10;5;11;6;11;7;11;7;12;7;13;7;14;7;15;7;16;7;17;7;18;6;18;5;18;4;18;4;17;4;16;4;15;4;14;4;13;3;13;2;13;1;13;0;13;0;12;0;11;0;10;0;9;0;8;0;7;0;6;0;5;1;5;2;5;3;5;4;5;5;5;6;5;6;4
1;0;3;4;5;10;5;10;5;11;6;11;7;11;7;12;7;13;7;14;7;15;7;16;7;17;7;18;6;18;5;18;4;18;4;17;4;16;4;15;4;14;4;13;3;13;2;13;1;13;0;13;0;12;0;11;0;10;0;9;0;8;0;7;0;6;0;5;1;5;2;5;3;5;4;5;5;5;6;5;6;4;6;3
1;3;3;4;5;10;5;11;6;11;7;11;7;12;7;13;7;14;7;15;7;16;7;17;7;18;6;18;5;18;4;18;4;17;4;16;4;15;4;14;4;13;3;13;2;13;1;13;0;13;0;12;0;11;0;10;0;9;0;8;0;7;0;6;0;5;1;5;2;5;3;5;4;5;5;5;6;5;6;4;6;3;5;3
1;3;3;4;5;11;6;11;7;11;7;12;7;13;7;14;7;15;7;16;7;17;7;18;6;18;5;18;4;18;4;17;4;16;4;15;4;14;4;13;3;13;2;13;1;13;0;13;0;12;0;11;0;10;0;9;0;8;0;7;0;6;0;5;1;5;2;5;3;5;4;5;5;5;6;5;6;4;6;3;5;3;4;3
1;3;3;4;6;11;7;11;7;12;7;13;7;14;7;15;7;16;7;17;7;18;6;18;5;18;4;18;4;17;4;16;4;15;4;14;4;13;3;13;2;13;1;13;0;13;0;12;0;11;0;10;0;9;0;8;0;7;0;6;0;5;1;5;2;5;3;5;4;5;5;5;6;5;6;4;6;3;5;3;4;3;3;3
1;2;4;10;7;11;7;11;7;12;7;13;7;14;7;15;7;16;7;17;7;18;6;18;5;18;4;18;4;17;4;16;4;15;4;14;4;13;3;13;2;13;1;13;0;13;0;12;0;11;0;10;0;9;0;8;0;7;0;6;0;5;1;5;2;5;3;5;4;5;5;5;6;5;6;4;6;3;5;3;4;3;3;3;3;4
1;3;4;10;7;11;7;12;7;13;7;14;7;15;7;16;7;17;7;18;6;18;5;18;4;18;4;17;4;16;4;15;4;14;4;13;3;13;2;13;1;13;0;13;0;12;0;11;0;10;0;9;0;8;0;7;0;6;0;5;1;5;2;5;3;5;4;5;5;5;6;5;6;4;6;3;5;3;4;3;3;3;3;4;2;4
1;0;4;10;7;12;7;13;7;14;7;15;7;16;7;17;7;18;6;18;5;18;4;18;4;17;4;16;4;15;4;14;4;13;3;13;2;13;1;13;0;13;0;12;0;11;0;10;0;9;0;8;0;7;0;6;0;5;1;5;2;5;3;5;4;5;5;5;6;5;6;4;6;3;5;3;4;3;3;3;3;4;2;4;2;3
1;0;4;10;7;13;7;14;7;15;7;16;7;17;7;18;6;18;5;18;4;18;4;17;4;16;4;15;4;14;4;13;3;13;2;13;1;13;0;13;0;12;0;11;0;10;0;9;0;8;0;7;0;6;0;5;1;5;2;5;3;5;4;5;5;5;6;5;6;4;6;3;5;3;4;3;3;3;3;4;2;4;2;3;2;2
1;1;4;10;7;14;7;15;7;16;7;17;7;18;6;18;5;18;4;18;4;17;4;16;4;15;4;14;4;13;3;13;2;13;1;13;0;13;0;12;0;11;0;10;0;9;0;8;0;7;0;6;0;5;1;5;2;5;3;5;4;5;5;5;6;5;6;4;6;3;5;3;4;3;3;3;3;4;2;4;2;3;2;2;3;2
1;1;4;10;7;15;7;16;7;17;7;18;6;18;5;18;4;18;4;17;4;16;4;15;4;14;4;13;3;13;2;13;1;13;0;13;0;12;0;11;0;10;0;9;0;8;0;7;0;6;0;5;1;5;2;5;3;5;4;5;5;5;6;5;6;4;6;3;5;3;4;3;3;3;3;4;2;4;2;3;2;2;3;2;4;2
1;1;4;10;7;16;7;17;7;18;6;18;5;18;4;18;4;17;4;16;4;15;4;14;4;13;3;13;2;13;1;13;0;13;0;12;0;11;0;10;0;9;0;8;0;7;0;6;0;5;1;5;2;5;3;5;4;5;5;5;6;5;6;4;6;3;5;3;4;3;3;3;3;4;2;4;2;3;2;2;3;2;4;2;5;2
1;1;4;10;7;17;7;18;6;18;5;18;4;18;4;17;4;16;4;15;4;14;4;13;3;13;2;13;1;13;0;13;0;12;0;11;0;10;0;9;0;8;0;7;0;6;0;5;1;5;2;5;3;5;4;5;5;5;6;5;6;4;6;3;5;3;4;3;3;3;3;4;2;4;2;3;2;2;3;2;4;2;5;2;6;2
1;1;4;10;7;18;6;18;5;18;4;18;4;17;4;16;4;15;4;14;4;13;3;13;2;13;1;13;0;13;0;12;0;11;0;10;0;9;0;8;0;7;0;6;0;5;1;5;2;5;3;5;4;5;5;5;6;5;6;4;6;3;5;3;4;3;3;3;3;4;2;4;2;3;2;2;3;2;4;2;5;2;6;2;7;2
1;2;4;10;6;18;5;18;4;18;4;17;4;16;4;15;4;14;4;13;3;13;2;13;1;13;0;13;0;12;0;11;0;10;0;9;0;8;0;7;0;6;0;5;1;5;2;5;3;5;4;5;5;5;6;5;6;4;6;3;5;3;4;3;3;3;3;4;2;4;2;3;2;2;3;2;4;2;5;2;6;2;7;2;7;3
1;2;4;10;5;18;4;18;4;17;4;16;4;15;4;14;4;13;3;13;2;13;1;13;0;13;0;12;0;11;0;10;0;9;0;8;0;7;0;6;0;5;1;5;2;5;3;5;4;5;5;5;6;5;6;4;6;3;5;3;4;3;3;3;3;4;2;4;2;3;2;2;3;2;4;2;5;2;6;2;7;2;7;3;7;4
1;2;4;10;4;18;4;17;4;16;4;15;4;14;4;13;3;13;2;13;1;13;0;13;0;12;0;11;0;10;0;9;0;8;0;7;0;6;0;5;1;5;2;5;3;5;4;5;5;5;6;5;6;4;6;3;5;3;4;3;3;3;3;4;2;4;2;3;2;2;3;2;4;2;5;2;6;2;7;2;7;3;7;4;7;5
1;2;4;10;4;17;4;16;4;15;4;14;4;13;3;13;2;13;1;13;0;13;0;12;0;11;0;10;0;9;0;8;0;7;0;6;0;5;1;5;2;5;3;5;4;5;5;5;6;5;6;4;6;3;5;3;4;3;3;3;3;4;2;4;2;3;2;2;3;2;4;2;5;2;6;2;7;2;7;3;7;4;7;5;7;6
1;3;4;10;4;16;4;15;4;14;4;13;3;13;2;13;1;13;0;13;0;12;0;11;0;10;0;9;0;8;0;7;0;6;0;5;1;5;2;5;3;5;4;5;5;5;6;5;6;4;6;3;5;3;4;3;3;3;3;4;2;4;2;3;2;2;3;2;4;2;5;2;6;2;7;2;7;3;7;4;7;5;7;6;6;6
1;3;4;10;4;15;4;14;4;13;3;13;2;13;1;13;0;13;0;12;0;11;0;10;0;9;0;8;0;7;0;6;0;5;1;5;2;5;3;5;4;5;5;5;6;5;6;4;6;3;5;3;4;3;3;3;3;4;2;4;2;3;2;2;3;2;4;2;5;2;6;2;7;2;7;3;7;4;7;5;7;6;6;6;5;6
1;3;4;10;4;14;4;13;3;13;2;13;1;13;0;13;0;12;0;11;0;10;0;9;0;8;0;7;0;6;0;5;1;5;2;5;3;5;4;5;5;5;6;5;6;4;6;3;5;3;4;3;3;3;3;4;2;4;2;3;2;2;3;2;4;2;5;2;6;2;7;2;7;3;7;4;7;5;7;6;6;6;5;6;4;6
1;2;4;10;4;13;3;13;2;13;1;13;0;13;0;12;0;11;0;10;0;9;0;8;0;7;0;6;0;5;1;5;2;5;3;5;4;5;5;5;6;5;6;4;6;3;5;3;4;3;3;3;3;4;2;4;2;3;2;2;3;2;4;2;5;2;6;2;7;2;7;3;7;4;7;5;7;6;6;6;5;6;4;6;4;7
1;2;4;10;3;13;2;13;1;13;0;13;0;12;0;11;0;10;0;9;0;8;0;7;0;6;0;5;1;5;2;5;3;5;4;5;5;5;6;5;6;4;6;3;5;3;4;3;3;3;3;4;2;4;2;3;2;2;3;2;4;2;5;2;6;2;7;2;7;3;7;4;7;5;7;6;6;6;5;6;4;6;4;7;4;8
1;2;4;10;2;13;1;13;0;13;0;12;0;11;0;10;0;9;0;8;0;7;0;6;0;5;1;5;2;5;3;5;4;5;5;5;6;5;6;4;6;3;5;3;4;3;3;3;3;4;2;4;2;3;2;2;3;2;4;2;5;2;6;2;7;2;7;3;7;4;7;5;7;6;6;6;5;6;4;6;4;7;4;8;4;9
1;2;17;10;1;13;1;13;0;13;0;12;0;11;0;10;0;9;0;8;0;7;0;6;0;5;1;5;2;5;3;5;4;5;5;5;6;5;6;4;6;3;5;3;4;3;3;3;3;4;2;4;2;3;2;2;3;2;4;2;5;2;6;2;7;2;7;3;7;4;7;5;7;6;6;6;5;6;4;6;4;7;4;8;4;9;4;10
1;1;17;10;1;13;0;13;0;12;0;11;0;10;0;9;0;8;0;7;0;6;0;5;1;5;2;5;3;5;4;5;5;5;6;5;6;4;6;3;5;3;4;3;3;3;3;4;2;4;2;3;2;2;3;2;4;2;5;2;6;2;7;2;7;3;7;4;7;5;7;6;6;6;5;6;4;6;4;7;4;8;4;9;4;10;5;10
1;1;17;10;0;13;0;12;0;11;0;10;0;9;0;8;0;7;0;6;0;5;1;5;2;5;3;5;4;5;5;5;6;5;6;4;6;3;5;3;4;3;3;3;3;4;2;4;2;3;2;2;3;2;4;2;5;2;6;2;7;2;7;3;7;4;7;5;7;6;6;6;5;6;4;6;4;7;4;8;4;9;4;10;5;10;6;10
1;1;17;10;0;12;0;11;0;10;0;9;0;8;0;7;0;6;0;5;1;5;2;5;3;5;4;5;5;5;6;5;6;4;6;3;5;3;4;3;3;3;3;4;2;4;2;3;2;2;3;2;4;2;5;2;6;2;7;2;7;3;7;4;7;5;7;6;6;6;5;6;4;6;4;7;4;8;4;9;4;10;5;10;6;10;7;10
1;1;17;10;0;11;0;10;0;9;0;8;0;7;0;6;0;5;1;5;2;5;3;5;4;5;5;5;6;5;6;4;6;3;5;3;4;3;3;3;3;4;2;4;2;3;2;2;3;2;4;2;5;2;6;2;7;2;7;3;7;4;7;5;7;6;6;6;5;6;4;6;4;7;4;8;4;9;4;10;5;10;6;10;7;10;8;10
1;1;17;10;0;10;0;9;0;8;0;7;0;6;0;5;1;5;2;5;3;5;4;5;5;5;6;5;6;4;6;3;5;3;4;3;3;3;3;4;2;4;2;3;2;2;3;2;4;2;5;2;6;2;7;2;7;3;7;4;7;5;7;6;6;6;5;6;4;6;4;7;4;8;4;9;4;10;5;10;6;10;7;10;8;10;9;10
1;1;17;10;0;9;0;8;0;7;0;6;0;5;1;5;2;5;3;5;4;5;5;5;6;5;6;4;6;3;5;3;4;3;3;3;3;4;2;4;2;3;2;2;3;2;4;2;5;2;6;2;7;2;7;3;7;4;7;5;7;6;6;6;5;6;4;6;4;7;4;8;4;9;4;10;5;10;6;10;7;10;8;10;9;10;10;10
1;1;17;10;0;8;0;7;0;6;0;5;1;5;2;5;3;5;4;5;5;5;6;5;6;4;6;3;5;3;4;3;3;3;3;4;2;4;2;3;2;2;3;2;4;2;5;2;6;2;7;2;7;3;7;4;7;5;7;6;6;6;5;6;4;6;4;7;4;8;4;9;4;10;5;10;6;10;7;10;8;10;9;10;10;10;11;10
1;1;17;10;0;7;0;6;0;5;1;5;2;5;3;5;4;5;5;5;6;5;6;4;6;3;5;3;4;3;3;3;3;4;2;4;2;3;2;2;3;2;4;2;5;2;6;2;7;2;7;3;7;4;7;5;7;6;6;6;5;6;4;6;4;7;4;8;4;9;4;10;5;10;6;10;7;10;8;10;9;10;10;10;11;10;12;10
1;1;17;10;0;6;0;5;1;5;2;5;3;5;4;5;5;5;6;5;6;4;6;3;5;3;4;3;3;3;3;4;2;4;2;3;2;2;3;2;4;2;5;2;6;2;7;2;7;3;7;4;7;5;7;6;6;6;5;6;4;6;4;7;4;8;4;9;4;10;5;10;6;10;7;10;8;10;9;10;10;10;11;10;12;10;13;10
1;1;17;10;0;5;1;5;2;5;3;5;4;5;5;5;6;5;6;4;6;3;5;3;4;3;3;3;3;4;2;4;2;3;2;2;3;2;4;2;5;2;6;2;7;2;7;3;7;4;7;5;7;6;6;6;5;6;4;6;4;7;4;8;4;9;4;10;5;10;6;10;7;10;8;10;9;10;10;10;11;10;12;10;13;10;14;10
1;1;17;10;1;5;2;5;3;5;4;5;5;5;6;5;6;4;6;3;5;3;4;3;3;3;3;4;2;4;2;3;2;2;3;2;4;2;5;2;6;2;7;2;7;3;7;4;7;5;7;6;6;6;5;6;4;6;4;7;4;8;4;9;4;10;5;10;6;10;7;10;8;10;9;10;10;10;11;10;12;10;13;10;14;10;15;10
1;1;17;10;2;5;3;5;4;5;5;5;6;5;6;4;6;3;5;3;4;3;3;3;3;4;2;4;2;3;2;2;3;2;4;2;5;2;6;2;7;2;7;3;7;4;7;5;7;6;6;6;5;6;4;6;4;7;4;8;4;9;4;10;5;10;6;10;7;10;8;10;9;10;10;10;11;10;12;10;13;10;14;10;15;10;16;10
1;1;19;0;3;5;3;5;4;5;5;5;6;5;6;4;6;3;5;3;4;3;3;3;3;4;2;4;2;3;2;2;3;2;4;2;5;2;6;2;7;2;7;3;7;4;7;5;7;6;6;6;5;6;4;6;4;7;4;8;4;9;4;10;5;10;6;10;7;10;8;10;9;10;10;10;11;10;12;10;13;10;14;10;15;10;16;10;17;10
1;1;19;0;3;5;4;5;5;5;6;5;6;4;6;3;5;3;4;3;3;3;3;4;2;4;2;3;2;2;3;2;4;2;5;2;6;2;7;2;7;3;7;4;7;5;7;6;6;6;5;6;4;6;4;7;4;8;4;9;4;10;5;10;6;10;7;10;8;10;9;10;10;10;11;10;12;10;13;10;14;10;15;10;16;10;17;10;18;10
1;1;19;0;4;5;5;5;6;5;6;4;6;3;5;3;4;3;3;3;3;4;2;4;2;3;2;2;3;2;4;2;5;2;6;2;7;2;7;3;7;4;7;5;7;6;6;6;5;6;4;6;4;7;4;8;4;9;4;10;5;10;6;10;7;10;8;10;9;10;10;10;11;10;12;10;13;10;14;10;15;10;16;10;17;10;18;10;19;10
1;0;19;0;5;5;6;5;6;4;6;3;5;3;4;3;3;3;3;4;2;4;2;3;2;2;3;2;4;2;5;2;6;2;7;2;7;3;7;4;7;5;7;6;6;6;5;6;4;6;4;7;4;8;4;9;4;10;5;10;6;10;7;10;8;10;9;10;10;10;11;10;12;10;13;10;14;10;15;10;16;10;17;10;18;10;19;10;19;9
1;0;19;0;6;5;6;4;6;3;5;3;4;3;3;3;3;4;2;4;2;3;2;2;3;2;4;2;5;2;6;2;7;2;7;3;7;4;7;5;7;6;6;6;5;6;4;6;4;7;4;8;4;9;4;10;5;10;6;10;7;10;8;10;9;10;10;10;11;10;12;10;13;10;14;10;15;10;16;10;17;10;18;10;19;10;19;9;19;8
1;0;19;0;6;4;6;3;5;3;4;3;3;3;3;4;2;4;2;3;2;2;3;2;4;2;5;2;6;2;7;2;7;3;7;4;7;5;7;6;6;6;5;6;4;6;4;7;4;8;4;9;4;10;5;10;6;10;7;10;8;10;9;10;10;10;11;10;12;10;13;10;14;10;15;10;16;10;17;10;18;10;19;10;19;9;19;8;19;7
1;0;19;0;6;3;5;3;4;3;3;3;3;4;2;4;2;3;2;2;3;2;4;2;5;2;6;2;7;2;7;3;7;4;7;5;7;6;6;6;5;6;4;6;4;7;4;8;4;9;4;10;5;10;6;10;7;10;8;10;9;10;10;10;11;10;12;10;13;10;14;10;15;10;16;10;17;10;18;10;19;10;19;9;19;8;19;7;19;6
1;0;19;0;5;3;4;3;3;3;3;4;2;4;2;3;2;2;3;2;4;2;5;2;6;2;7;2;7;3;7;4;7;5;7;6;6;6;5;6;4;6;4;7;4;8;4;9;4;10;5;10;6;10;7;10;8;10;9;10;10;10;11;10;12;10;13;10;14;10;15;10;16;10;17;10;18;10;19;10;19;9;19;8;19;7;19;6;19;5
1;0;19;0;4;3;3;3;3;4;2;4;2;3;2;2;3;2;4;2;5;2;6;2;7;2;7;3;7;4;7;5;7;6;6;6;5;6;4;6;4;7;4;8;4;9;4;10;5;10;6;10;7;10;8;10;9;10;10;10;11;10;12;10;13;10;14;10;15;10;16;10;17;10;18;10;19;10;19;9;19;8;19;7;19;6;19;5;19;4
1;0;19;0;3;3;3;4;2;4;2;3;2;2;3;2;4;2;5;2;6;2;7;2;7;3;7;4;7;5;7;6;6;6;5;6;4;6;4;7;4;8;4;9;4;10;5;10;6;10;7;10;8;10;9;10;10;10;11;10;12;10;13;10;14;10;15;10;16;10;17;10;18;10;19;10;19;9;19;8;19;7;19;6;19;5;19;4;19;3
1;0;19;0;3;4;2;4;2;3;2;2;3;2;4;2;5;2;6;2;7;2;7;3;7;4;7;5;7;6;6;6;5;6;4;6;4;7;4;8;4;9;4;10;5;10;6;10;7;10;8;10;9;10;10;10;11;10;12;10;13;10;14;10;15;10;16;10;17;10;18;10;19;10;19;9;19;8;19;7;19;6;19;5;19;4;19;3;19;2
1;0;19;0;2;4;2;3;2;2;3;2;4;2;5;2;6;2;7;2;7;3;7;4;7;5;7;6;6;6;5;6;4;6;4;7;4;8;4;9;4;10;5;10;6;10;7;10;8;10;9;10;10;10;11;10;12;10;13;10;14;10;15;10;16;10;17;10;18;10;19;10;19;9;19;8;19;7;19;6;19;5;19;4;19;3;19;2;19;1
1;0;3;1;2;3;2;3;2;2;3;2;4;2;5;2;6;2;7;2;7;3;7;4;7;5;7;6;6;6;5;6;4;6;4;7;4;8;4;9;4;10;5;10;6;10;7;10;8;10;9;10;10;10;11;10;12;10;13;10;14;10;15;10;16;10;17;10;18;10;19;10;19;9;19;8;19;7;19;6;19;5;19;4;19;3;19;2;19;1;19;0
1;3;3;1;2;3;2;2;3;2;4;2;5;2;6;2;7;2;7;3;7;4;7;5;7;6;6;6;5;6;4;6;4;7;4;8;4;9;4;10;5;10;6;10;7;10;8;10;9;10;10;10;11;10;12;10;13;10;14;10;15;10;16;10;17;10;18;10;19;10;19;9;19;8;19;7;19;6;19;5;19;4;19;3;19;2;19;1;19;0;18;0
1;3;3;1;2;2;3;2;4;2;5;2;6;2;7;2;7;3;7;4;7;5;7;6;6;6;5;6;4;6;4;7;4;8;4;9;4;10;5;10;6;10;7;10;8;10;9;10;10;10;11;10;12;10;13;10;14;10;15;10;16;10;17;10;18;10;19;10;19;9;19;8;19;7;19;6;19;5;19;4;19;3;19;2;19;1;19;0;18;0;17;0
1;3;3;1;3;2;4;2;5;2;6;2;7;2;7;3;7;4;7;5;7;6;6;6;5;6;4;6;4;7;4;8;4;9;4;10;5;10;6;10;7;10;8;10;9;10;10;10;11;10;12;10;13;10;14;10;15;10;16;10;17;10;18;10;19;10;19;9;19;8;19;7;19;6;19;5;19;4;19;3;19;2;19;1;19;0;18;0;17;0;16;0
1;3;3;1;4;2;5;2;6;2;7;2;7;3;7;4;7;5;7;6;6;6;5;6;4;6;4;7;4;8;4;9;4;10;5;10;6;10;7;10;8;10;9;10;10;10;11;10;12;10;13;10;14;10;15;10;16;10;17;10;18;10;19;10;19;9;19;8;19;7;19;6;19;5;19;4;19;3;19;2;19;1;19;0;18;0;17;0;16;0;15;0
1;3;3;1;5;2;6;2;7;2;7;3;7;4;7;5;7;6;6;6;5;6;4;6;4;7;4;8;4;9;4;10;5;10;6;10;7;10;8;10;9;10;10;10;11;10;12;10;13;10;14;10;15;10;16;10;17;10;18;10;19;10;19;9;19;8;19;7;19;6;19;5;19;4;19;3;19;2;19;1;19;0;18;0;17;0;16;0;15;0;14;0
1;3;3;1;6;2;7;2;7;3;7;4;7;5;7;6;6;6;5;6;4;6;4;7;4;8;4;9;4;10;5;10;6;10;7;10;8;10;9;10;10;10;11;10;12;10;13;10;14;10;15;10;16;10;17;10;18;10;19;10;19;9;19;8;19;7;19;6;19;5;19;4;19;3;19;2;19;1;19;0;18;0;17;0;16;0;15;0;14;0;13;0
1;3;3;1;7;2;7;3;7;4;7;5;7;6;6;6;5;6;4;6;4;7;4;8;4;9;4;10;5;10;6;10;7;10;8;10;9;10;10;10;11;10;12;10;13;10;14;10;15;10;16;10;17;10;18;10;19;10;19;9;19;8;19;7;19;6;19;5;19;4;19;3;19;2;19;1;19;0;18;0;17;0;16;0;15;0;14;0;13;0;12;0
1;3;3;1;7;3;7;4;7;5;7;6;6;6;5;6;4;6;4;7;4;8;4;9;4;10;5;10;6;10;7;10;8;10;9;10;10;10;11;10;12;10;13;10;14;10;15;10;16;10;17;10;18;10;19;10;19;9;19;8;19;7;19;6;19;5;19;4;19;3;19;2;19;1;19;0;18;0;17;0;16;0;15;0;14;0;13;0;12;0;11;0
1;3;3;1;7;4;7;5;7;6;6;6;5;6;4;6;4;7;4;8;4;9;4;10;5;10;6;10;7;10;8;10;9;10;10;10;11;10;12;10;13;10;14;10;15;10;16;10;17;10;18;10;19;10;19;9;19;8;19;7;19;6;19;5;19;4;19;3;19;2;19;1;19;0;18;0;17;0;16;0;15;0;14;0;13;0;12;0;11;0;10;0
1;3;3;1;7;5;7;6;6;6;5;6;4;6;4;7;4;8;4;9;4;10;5;10;6;10;7;10;8;10;9;10;10;10;11;10;12;10;13;10;14;10;15;10;16;10;17;10;18;10;19;10;19;9;19;8;19;7;19;6;19;5;19;4;19;3;19;2;19;1;19;0;18;0;17;0;16;0;15;0;14;0;13;0;12;0;11;0;10;0;9;0
1;3;3;1;7;6;6;6;5;6;4;6;4;7;4;8;4;9;4;10;5;10;6;10;7;10;8;10;9;10;10;10;11;10;12;10;13;10;14;10;15;10;16;10;17;10;18;10;19;10;19;9;19;8;19;7;19;6;19;5;19;4;19;3;19;2;19;1;19;0;18;0;17;0;16;0;15;0;14;0;13;0;12;0;11;0;10;0;9;0;8;0
1;3;3;1;6;6;5;6;4;6;4;7;4;8;4;9;4;10;5;10;6;10;7;10;8;10;9;10;10;10;11;10;12;10;13;10;14;10;15;10;16;10;17;10;18;10;19;10;19;9;19;8;19;7;19;6;19;5;19;4;19;3;19;2;19;1;19;0;18;0;17;0;16;0;15;0;14;0;13;0;12;0;11;0;10;0;9;0;8;0;7;0
1;3;3;1;5;6;4;6;4;7;4;8;4;9;4;10;5;10;6;10;7;10;8;10;9;10;10;10;11;10;12;10;13;10;14;10;15;10;16;10;17;10;18;10;19;10;19;9;19;8;19;7;19;6;19;5;19;4;19;3;19;2;19;1;19;0;18;0;17;0;16;0;15;0;14;0;13;0;12;0;11;0;10;0;9;0;8;0;7;0;6;0
1;3;3;1;4;6;4;7;4;8;4;9;4;10;5;10;6;10;7;10;8;10;9;10;10;10;11;10;12;10;13;10;14;10;15;10;16;10;17;10;18;10;19;10;19;9;19;8;19;7;19;6;19;5;19;4;19;3;19;2;19;1;19;0;18;0;17;0;16;0;15;0;14;0;13;0;12;0;11;0;10;0;9;0;8;0;7;0;6;0;5;0
1;3;3;1;4;7;4;8;4;9;4;10;5;10;6;10;7;10;8;10;9;10;10;10;11;10;12;10;13;10;14;10;15;10;16;10;17;10;18;10;19;10;19;9;19;8;19;7;19;6;19;5;19;4;19;3;19;2;19;1;19;0;18;0;17;0;16;0;15;0;14;0;13;0;12;0;11;0;10;0;9;0;8;0;7;0;6;0;5;0;4;0
1;3;3;1;4;8;4;9;4;10;5;10;6;10;7;10;8;10;9;10;10;10;11;10;12;10;13;10;14;10;15;10;16;10;17;10;18;10;19;10;19;9;19;8;19;7;19;6;19;5;19;4;19;3;19;2;19;1;19;0;18;0;17;0;16;0;15;0;14;0;13;0;12;0;11;0;10;0;9;0;8;0;7;0;6;0;5;0;4;0;3;0
1;2;8;2;4;9;4;9;4;10;5;10;6;10;7;10;8;10;9;10;10;10;11;10;12;10;13;10;14;10;15;10;16;10;17;10;18;10;19;10;19;9;19;8;19;7;19;6;19;5;19;4;19;3;19;2;19;1;19;0;18;0;17;0;16;0;15;0;14;0;13;0;12;0;11;0;10;0;9;0;8;0;7;0;6;0;5;0;4;0;3;0;3;1
1;2;8;2;4;9;4;10;5;10;6;10;7;10;8;10;9;10;10;10;11;10;12;10;13;10;14;10;15;10;16;10;17;10;18;10;19;10;19;9;19;8;19;7;19;6;19;5;19;4;19;3;19;2;19;1;19;0;18;0;17;0;16;0;15;0;14;0;13;0;12;0;11;0;10;0;9;0;8;0;7;0;6;0;5;0;4;0;3;0;3;1;3;2
1;1;8;2;4;10;5;10;6;10;7;10;8;10;9;10;10;10;11;10;12;10;13;10;14;10;15;10;16;10;17;10;18;10;19;10;19;9;19;8;19;7;19;6;19;5;19;4;19;3;19;2;19;1;19;0;18;0;17;0;16;0;15;0;14;0;13;0;12;0;11;0;10;0;9;0;8;0;7;0;6;0;5;0;4;0;3;0;3;1;3;2;4;2
1;1;8;2;5;10;6;10;7;10;8;10;9;10;10;10;11;10;12;10;13;10;14;10;15;10;16;10;17;10;18;10;19;10;19;9;19;8;19;7;19;6;19;5;19;4;19;3;19;2;19;1;19;0;18;0;17;0;16;0;15;0;14;0;13;0;12;0;11;0;10;0;9;0;8;0;7;0;6;0;5;0;4;0;3;0;3;1;3;2;4;2;5;2
1;1;8;2;6;10;7;10;8;10;9;10;10;10;11;10;12;10;13;10;14;10;15;10;16;10;17;10;18;10;19;10;19;9;19;8;19;7;19;6;19;5;19;4;19;3;19;2;19;1;19;0;18;0;17;0;16;0;15;0;14;0;13;0;12;0;11;0;10;0;9;0;8;0;7;0;6;0;5;0;4;0;3;0;3;1;3;2;4;2;5;2;6;2
1;1;8;2;7;10;8;10;9;10;10;10;11;10;12;10;13;10;14;10;15;10;16;10;17;10;18;10;19;10;19;9;19;8;19;7;19;6;19;5;19;4;19;3;19;2;19;1;19;0;18;0;17;0;16;0;15;0;14;0;13;0;12;0;11;0;10;0;9;0;8;0;7;0;6;0;5;0;4;0;3;0;3;1;3;2;4;2;5;2;6;2;7;2
1;1;15;4;8;10;8;10;9;10;10;10;11;10;12;10;13;10;14;10;15;10;16;10;17;10;18;10;19;10;19;9;19;8;19;7;19;6;19;5;19;4;19;3;19;2;19;1;19;0;18;0;17;0;16;0;15;0;14;0;13;0;12;0;11;0;10;0;9;0;8;0;7;0;6;0;5;0;4;0;3;0;3;1;3;2;4;2;5;2;6;2;7;2;8;2
1;1;15;4;8;10;9;10;10;10;11;10;12;10;13;10;14;10;15;10;16;10;17;10;18;10;19;10;19;9;19;8;19;7;19;6;19;5;19;4;19;3;19;2;19;1;19;0;18;0;17;0;16;0;15;0;14;0;13;0;12;0;11;0;10;0;9;0;8;0;7;0;6;0;5;0;4;0;3;0;3;1;3;2;4;2;5;2;6;2;7;2;8;2;9;2
1;1;15;4;9;10;10;10;11;10;12;10;13;10;14;10;15;10;16;10;17;10;18;10;19;10;19;9;19;8;19;7;19;6;19;5;19;4;19;3;19;2;19;1;19;0;18;0;17;0;16;0;15;0;14;0;13;0;12;0;11;0;10;0;9;0;8;0;7;0;6;0;5;0;4;0;3;0;3;1;3;2;4;2;5;2;6;2;7;2;8;2;9;2;10;2
1;1;15;4;10;10;11;10;12;10;13;10;14;10;15;10;16;10;17;10;18;10;19;10;19;9;19;8;19;7;19;6;19;5;19;4;19;3;19;2;19;1;19;0;18;0;17;0;16;0;15;0;14;0;13;0;12;0;11;0;10;0;9;0;8;0;7;0;6;0;5;0;4;0;3;0;3;1;3;2;4;2;5;2;6;2;7;2;8;2;9;2;10;2;11;2
1;1;15;4;11;10;12;10;13;10;14;10;15;10;16;10;17;10;18;10;19;10;19;9;19;8;19;7;19;6;19;5;19;4;19;3;19;2;19;1;19;0;18;0;17;0;16;0;15;0;14;0;13;0;12;0;11;0;10;0;9;0;8;0;7;0;6;0;5;0;4;0;3;0;3;1;3;2;4;2;5;2;6;2;7;2;8;2;9;2;10;2;11;2;12;2
1;1;15;4;12;10;13;10;14;10;15;10;16;10;17;10;18;10;19;10;19;9;19;8;19;7;19;6;19;5;19;4;19;3;19;2;19;1;19;0;18;0;17;0;16;0;15;0;14;0;13;0;12;0;11;0;10;0;9;0;8;0;7;0;6;0;5;0;4;0;3;0;3;1;3;2;4;2;5;2;6;2;7;2;8;2;9;2;10;2;11;2;12;2;13;2
1;1;15;4;13;10;14;10;15;10;16;10;17;10;18;10;19;10;19;9;19;8;19;7;19;6;19;5;19;4;19;3;19;2;19;1;19;0;18;0;17;0;16;0;15;0;14;0;13;0;12;0;11;0;10;0;9;0;8;0;7;0;6;0;5;0;4;0;3;0;3;1;3;2;4;2;5;2;6;2;7;2;8;2;9;2;10;2;11;2;12;2;13;2;14;2
1;1;15;4;14;10;15;10;16;10;17;10;18;10;19;10;19;9;19;8;19;7;19;6;19;5;19;4;19;3;19;2;19;1;19;0;18;0;17;0;16;0;15;0;14;0;13;0;12;0;11;0;10;0;9;0;8;0;7;0;6;0;5;0;4;0;3;0;3;1;3;2;4;2;5;2;6;2;7;2;8;2;9;2;10;2;11;2;12;2;13;2;14;2;15;2
1;2;15;4;15;10;16;10;17;10;18;10;19;10;19;9;19;8;19;7;19;6;19;5;19;4;19;3;19;2;19;1;19;0;18;0;17;0;16;0;15;0;14;0;13;0;12;0;11;0;10;0;9;0;8;0;7;0;6;0;5;0;4;0;3;0;3;1;3;2;4;2;5;2;6;2;7;2;8;2;9;2;10;2;11;2;12;2;13;2;14;2;15;2;15;3
1;2;16;3;16;10;16;10;17;10;18;10;19;10;19;9;19;8;19;7;19;6;19;5;19;4;19;3;19;2;19;1;19;0;18;0;17;0;16;0;15;0;14;0;13;0;12;0;11;0;10;0;9;0;8;0;7;0;6;0;5;0;4;0;3;0;3;1;3;2;4;2;5;2;6;2;7;2;8;2;9;2;10;2;11;2;12;2;13;2;14;2;15;2;15;3;15;4
1;1;16;3;16;10;17;10;18;10;19;10;19;9;19;8;19;7;19;6;19;5;19;4;19;3;19;2;19;1;19;0;18;0;17;0;16;0;15;0;14;0;13;0;12;0;11;0;10;0;9;0;8;0;7;0;6;0;5;0;4;0;3;0;3;1;3;2;4;2;5;2;6;2;7;2;8;2;9;2;10;2;11;2;12;2;13;2;14;2;15;2;15;3;15;4;16;4
1;0;4;17;17;10;17;10;18;10;19;10;19;9;19;8;19;7;19;6;19;5;19;4;19;3;19;2;19;1;19;0;18;0;17;0;16;0;15;0;14;0;13;0;12;0;11;0;10;0;9;0;8;0;7;0;6;0;5;0;4;0;3;0;3;1;3;2;4;2;5;2;6;2;7;2;8;2;9;2;10;2;11;2;12;2;13;2;14;2;15;2;15;3;15;4;16;4;16;3
1;0;4;17;17;10;18;10;19;10;19;9;19;8;19;7;19;6;19;5;19;4;19;3;19;2;19;1;19;0;18;0;17;0;16;0;15;0;14;0;13;0;12;0;11;0;10;0;9;0;8;0;7;0;6;0;5;0;4;0;3;0;3;1;3;2;4;2;5;2;6;2;7;2;8;2;9;2;10;2;11;2;12;2;13;2;14;2;15;2;15;3;15;4;16;4;16;3;16;2
1;0;4;17;18;10;19;10;19;9;19;8;19;7;19;6;19;5;19;4;19;3;19;2;19;1;19;0;18;0;17;0;16;0;15;0;14;0;13;0;12;0;11;0;10;0;9;0;8;0;7;0;6;0;5;0;4;0;3;0;3;1;3;2;4;2;5;2;6;2;7;2;8;2;9;2;10;2;11;2;12;2;13;2;14;2;15;2;15;3;15;4;16;4;16;3;16;2;16;1
1;3;4;17;19;10;19;9;19;8;19;7;19;6;19;5;19;4;19;3;19;2;19;1;19;0;18;0;17;0;16;0;15;0;14;0;13;0;12;0;11;0;10;0;9;0;8;0;7;0;6;0;5;0;4;0;3;0;3;1;3;2;4;2;5;2;6;2;7;2;8;2;9;2;10;2;11;2;12;2;13;2;14;2;15;2;15;3;15;4;16;4;16;3;16;2;16;1;15;1
1;3;4;17;19;9;19;8;19;7;19;6;19;5;19;4;19;3;19;2;19;1;19;0;18;0;17;0;16;0;15;0;14;0;13;0;12;0;11;0;10;0;9;0;8;0;7;0;6;0;5;0;4;0;3;0;3;1;3;2;4;2;5;2;6;2;7;2;8;2;9;2;10;2;11;2;12;2;13;2;14;2;15;2;15;3;15;4;16;4;16;3;16;2;16;1;15;1;14;1
1;3;4;17;19;8;19;7;19;6;19;5;19;4;19;3;19;2;19;1;19;0;18;0;17;0;16;0;15;0;14;0;13;0;12;0;11;0;10;0;9;0;8;0;7;0;6;0;5;0;4;0;3;0;3;1;3;2;4;2;5;2;6;2;7;2;8;2;9;2;10;2;11;2;12;2;13;2;14;2;15;2;15;3;15;4;16;4;16;3;16;2;16;1;15;1;14;1;13;1
1;3;4;17;19;7;19;6;19;5;19;4;19;3;19;2;19;1;19;0;18;0;17;0;16;0;15;0;14;0;13;0;12;0;11;0;10;0;9;0;8;0;7;0;6;0;5;0;4;0;3;0;3;1;3;2;4;2;5;2;6;2;7;2;8;2;9;2;10;2;11;2;12;2;13;2;14;2;15;2;15;3;15;4;16;4;16;3;16;2;16;1;15;1;14;1;13;1;12;1
1;3;4;17;19;6;19;5;19;4;19;3;19;2;19;1;19;0;18;0;17;0;16;0;15;0;14;0;13;0;12;0;11;0;10;0;9;0;8;0;7;0;6;0;5;0;4;0;3;0;3;1;3;2;4;2;5;2;6;2;7;2;8;2;9;2;10;2;11;2;12;2;13;2;14;2;15;2;15;3;15;4;16;4;16;3;16;2;16;1;15;1;14;1;13;1;12;1;11;1
1;3;4;17;19;5;19;4;19;3;19;2;19;1;19;0;18;0;17;0;16;0;15;0;14;0;13;0;12;0;11;0;10;0;9;0;8;0;7;0;6;0;5;0;4;0;3;0;3;1;3;2;4;2;5;2;6;2;7;2;8;2;9;2;10;2;11;2;12;2;13;2;14;2;15;2;15;3;15;4;16;4;16;3;16;2;16;1;15;1;14;1;13;1;12;1;11;1;10;1
1;3;4;17;19;4;19;3;19;2;19;1;19;0;18;0;17;0;16;0;15;0;14;0;13;0;12;0;11;0;10;0;9;0;8;0;7;0;6;0;5;0;4;0;3;0;3;1;3;2;4;2;5;2;6;2;7;2;8;2;9;2;10;2;11;2;12;2;13;2;14;2;15;2;15;3;15;4;16;4;16;3;16;2;16;1;15;1;14;1;13;1;12;1;11;1;10;1;9;1
