20
1;1;0;12;8;10;9;10;10;10
1;2;0;12;9;10;10;10;10;11
1;2;0;12;10;10;10;11;10;12
1;3;0;12;10;11;10;12;9;12
1;3;0;12;10;12;9;12;8;12
1;3;0;12;9;12;8;12;7;12
1;3;0;12;8;12;7;12;6;12
1;3;0;12;7;12;6;12;5;12
1;3;0;12;6;12;5;12;4;12
1;3;0;12;5;12;4;12;3;12
1;3;0;12;4;12;3;12;2;12
1;3;0;12;3;12;2;12;1;12
1;3;3;19;2;12;2;12;1;12;0;12
1;2;3;19;2;12;1;12;0;12;0;13
1;1;3;19;1;12;0;12;0;13;1;13
1;1;3;19;0;12;0;13;1;13;2;13
1;1;3;19;0;13;1;13;2;13;3;13
1;2;3;19;1;13;2;13;3;13;3;14
1;2;3;19;2;13;3;13;3;14;3;15
1;2;3;19;3;13;3;14;3;15;3;16
1;2;3;19;3;14;3;15;3;16;3;17
1;2;3;19;3;15;3;16;3;17;3;18
1;2;0;18;3;16;3;16;3;17;3;18;3;19
1;3;0;18;3;16;3;17;3;18;3;19;2;19
1;0;0;18;3;17;3;18;3;19;2;19;2;18
1;0;0;18;3;18;3;19;2;19;2;18;2;17
1;3;0;18;3;19;2;19;2;18;2;17;1;17
1;3;0;18;2;19;2;18;2;17;1;17;0;17
1;2;4;13;2;18;2;18;2;17;1;17;0;17;0;18
1;1;4;13;2;18;2;17;1;17;0;17;0;18;1;18
1;1;4;13;2;17;1;17;0;17;0;18;1;18;2;18
1;1;4;13;1;17;0;17;0;18;1;18;2;18;3;18
1;1;4;13;0;17;0;18;1;18;2;18;3;18;4;18
1;0;4;13;0;18;1;18;2;18;3;18;4;18;4;17
1;0;4;13;1;18;2;18;3;18;4;18;4;17;4;16
1;0;4;13;2;18;3;18;4;18;4;17;4;16;4;15
1;0;4;13;3;18;4;18;4;17;4;16;4;15;4;14
1;0;11;2;4;18;4;18;4;17;4;16;4;15;4;14;4;13
1;1;11;2;4;18;4;17;4;16;4;15;4;14;4;13;5;13
1;1;11;2;4;17;4;16;4;15;4;14;4;13;5;13;6;13
1;1;11;2;4;16;4;15;4;14;4;13;5;13;6;13;7;13
1;1;11;2;4;15;4;14;4;13;5;13;6;13;7;13;8;13
1;1;11;2;4;14;4;13;5;13;6;13;7;13;8;13;9;13
1;1;11;2;4;13;5;13;6;13;7;13;8;13;9;13;10;13
1;1;11;2;5;13;6;13;7;13;8;13;9;13;10;13;11;13
1;0;11;2;6;13;7;13;8;13;9;13;10;13;11;13;11;12
1;0;11;2;7;13;8;13;9;13;10;13;11;13;11;12;11;11
1;0;11;2;8;13;9;13;10;13;11;13;11;12;11;11;11;10
1;0;11;2;9;13;10;13;11;13;11;12;11;11;11;10;11;9
1;0;11;2;10;13;11;13;11;12;11;11;11;10;11;9;11;8
1;0;11;2;11;13;11;12;11;11;11;10;11;9;11;8;11;7
1;0;11;2;11;12;11;11;11;10;11;9;11;8;11;7;11;6
1;0;11;2;11;11;11;10;11;9;11;8;11;7;11;6;11;5
1;0;11;2;11;10;11;9;11;8;11;7;11;6;11;5;11;4
1;0;11;2;11;9;11;8;11;7;11;6;11;5;11;4;11;3
1;0;18;0;11;8;11;8;11;7;11;6;11;5;11;4;11;3;11;2
1;0;18;0;11;8;11;7;11;6;11;5;11;4;11;3;11;2;11;1
1;0;18;0;11;7;11;6;11;5;11;4;11;3;11;2;11;1;11;0
1;1;18;0;11;6;11;5;11;4;11;3;11;2;11;1;11;0;12;0
1;1;18;0;11;5;11;4;11;3;11;2;11;1;11;0;12;0;13;0
1;1;18;0;11;4;11;3;11;2;11;1;11;0;12;0;13;0;14;0
1;1;18;0;11;3;11;2;11;1;11;0;12;0;13;0;14;0;15;0
1;1;18;0;11;2;11;1;11;0;12;0;13;0;14;0;15;0;16;0
1;1;18;0;11;1;11;0;12;0;13;0;14;0;15;0;16;0;17;0
1;1;18;4;11;0;11;0;12;0;13;0;14;0;15;0;16;0;17;0;18;0
1;2;18;4;11;0;12;0;13;0;14;0;15;0;16;0;17;0;18;0;18;1
1;2;18;4;12;0;13;0;14;0;15;0;16;0;17;0;18;0;18;1;18;2
1;2;18;4;13;0;14;0;15;0;16;0;17;0;18;0;18;1;18;2;18;3
1;2;13;9;14;0;14;0;15;0;16;0;17;0;18;0;18;1;18;2;18;3;18;4
1;2;13;9;14;0;15;0;16;0;17;0;18;0;18;1;18;2;18;3;18;4;18;5
1;2;13;9;15;0;16;0;17;0;18;0;18;1;18;2;18;3;18;4;18;5;18;6
1;2;13;9;16;0;17;0;18;0;18;1;18;2;18;3;18;4;18;5;18;6;18;7
1;2;13;9;17;0;18;0;18;1;18;2;18;3;18;4;18;5;18;6;18;7;18;8
1;2;13;9;18;0;18;1;18;2;18;3;18;4;18;5;18;6;18;7;18;8;18;9
1;3;13;9;18;1;18;2;18;3;18;4;18;5;18;6;18;7;18;8;18;9;17;9
1;3;13;9;18;2;18;3;18;4;18;5;18;6;18;7;18;8;18;9;17;9;16;9
1;3;13;9;18;3;18;4;18;5;18;6;18;7;18;8;18;9;17;9;16;9;15;9
1;3;13;9;18;4;18;5;18;6;18;7;18;8;18;9;17;9;16;9;15;9;14;9
1;3;10;1;18;5;18;5;18;6;18;7;18;8;18;9;17;9;16;9;15;9;14;9;13;9
1;3;10;1;18;5;18;6;18;7;18;8;18;9;17;9;16;9;15;9;14;9;13;9;12;9
1;3;10;1;18;6;18;7;18;8;18;9;17;9;16;9;15;9;14;9;13;9;12;9;11;9
1;3;10;1;18;7;18;8;18;9;17;9;16;9;15;9;14;9;13;9;12;9;11;9;10;9
1;0;10;1;18;8;18;9;17;9;16;9;15;9;14;9;13;9;12;9;11;9;10;9;10;8
1;0;10;1;18;9;17;9;16;9;15;9;14;9;13;9;12;9;11;9;10;9;10;8;10;7
1;0;10;1;17;9;16;9;15;9;14;9;13;9;12;9;11;9;10;9;10;8;10;7;10;6
1;0;10;1;16;9;15;9;14;9;13;9;12;9;11;9;10;9;10;8;10;7;10;6;10;5
1;0;10;1;15;9;14;9;13;9;12;9;11;9;10;9;10;8;10;7;10;6;10;5;10;4
1;0;10;1;14;9;13;9;12;9;11;9;10;9;10;8;10;7;10;6;10;5;10;4;10;3
1;0;10;1;13;9;12;9;11;9;10;9;10;8;10;7;10;6;10;5;10;4;10;3;10;2
1;0;13;13;12;9;12;9;11;9;10;9;10;8;10;7;10;6;10;5;10;4;10;3;10;2;10;1
1;1;13;13;12;9;11;9;10;9;10;8;10;7;10;6;10;5;10;4;10;3;10;2;10;1;11;1
1;1;13;13;11;9;10;9;10;8;10;7;10;6;10;5;10;4;10;3;10;2;10;1;11;1;12;1
1;1;13;13;10;9;10;8;10;7;10;6;10;5;10;4;10;3;10;2;10;1;11;1;12;1;13;1
1;2;13;13;10;8;10;7;10;6;10;5;10;4;10;3;10;2;10;1;11;1;12;1;13;1;13;2
1;2;13;13;10;7;10;6;10;5;10;4;10;3;10;2;10;1;11;1;12;1;13;1;13;2;13;3
1;2;13;13;10;6;10;5;10;4;10;3;10;2;10;1;11;1;12;1;13;1;13;2;13;3;13;4
1;2;13;13;10;5;10;4;10;3;10;2;10;1;11;1;12;1;13;1;13;2;13;3;13;4;13;5
1;2;13;13;10;4;10;3;10;2;10;1;11;1;12;1;13;1;13;2;13;3;13;4;13;5;13;6
1;2;13;13;10;3;10;2;10;1;11;1;12;1;13;1;13;2;13;3;13;4;13;5;13;6;13;7
1;2;13;13;10;2;10;1;11;1;12;1;13;1;13;2;13;3;13;4;13;5;13;6;13;7;13;8
1;2;13;13;10;1;11;1;12;1;13;1;13;2;13;3;13;4;13;5;13;6;13;7;13;8;13;9
1;2;13;13;11;1;12;1;13;1;13;2;13;3;13;4;13;5;13;6;13;7;13;8;13;9;13;10
1;2;13;13;12;1;13;1;13;2;13;3;13;4;13;5;13;6;13;7;13;8;13;9;13;10;13;11
1;2;13;13;13;1;13;2;13;3;13;4;13;5;13;6;13;7;13;8;13;9;13;10;13;11;13;12
1;2;12;3;13;2;13;2;13;3;13;4;13;5;13;6;13;7;13;8;13;9;13;10;13;11;13;12;13;13
1;3;12;3;13;2;13;3;13;4;13;5;13;6;13;7;13;8;13;9;13;10;13;11;13;12;13;13;12;13
1;0;12;3;13;3;13;4;13;5;13;6;13;7;13;8;13;9;13;10;13;11;13;12;13;13;12;13;12;12
1;0;12;3;13;4;13;5;13;6;13;7;13;8;13;9;13;10;13;11;13;12;13;13;12;13;12;12;12;11
1;0;12;3;13;5;13;6;13;7;13;8;13;9;13;10;13;11;13;12;13;13;12;13;12;12;12;11;12;10
1;0;12;3;13;6;13;7;13;8;13;9;13;10;13;11;13;12;13;13;12;13;12;12;12;11;12;10;12;9
1;0;12;3;13;7;13;8;13;9;13;10;13;11;13;12;13;13;12;13;12;12;12;11;12;10;12;9;12;8
1;0;12;3;13;8;13;9;13;10;13;11;13;12;13;13;12;13;12;12;12;11;12;10;12;9;12;8;12;7
1;0;12;3;13;9;13;10;13;11;13;12;13;13;12;13;12;12;12;11;12;10;12;9;12;8;12;7;12;6
1;0;12;3;13;10;13;11;13;12;13;13;12;13;12;12;12;11;12;10;12;9;12;8;12;7;12;6;12;5
1;0;12;3;13;11;13;12;13;13;12;13;12;12;12;11;12;10;12;9;12;8;12;7;12;6;12;5;12;4
1;3;12;3;13;12;13;13;12;13;12;12;12;11;12;10;12;9;12;8;12;7;12;6;12;5;12;4;11;4
1;0;12;3;13;13;12;13;12;12;12;11;12;10;12;9;12;8;12;7;12;6;12;5;12;4;11;4;11;3
1;1;6;11;12;13;12;13;12;12;12;11;12;10;12;9;12;8;12;7;12;6;12;5;12;4;11;4;11;3;12;3
1;1;6;11;12;13;12;12;12;11;12;10;12;9;12;8;12;7;12;6;12;5;12;4;11;4;11;3;12;3;13;3
1;2;6;11;12;12;12;11;12;10;12;9;12;8;12;7;12;6;12;5;12;4;11;4;11;3;12;3;13;3;13;4
1;2;6;11;12;11;12;10;12;9;12;8;12;7;12;6;12;5;12;4;11;4;11;3;12;3;13;3;13;4;13;5
1;2;6;11;12;10;12;9;12;8;12;7;12;6;12;5;12;4;11;4;11;3;12;3;13;3;13;4;13;5;13;6
1;2;6;11;12;9;12;8;12;7;12;6;12;5;12;4;11;4;11;3;12;3;13;3;13;4;13;5;13;6;13;7
1;2;6;11;12;8;12;7;12;6;12;5;12;4;11;4;11;3;12;3;13;3;13;4;13;5;13;6;13;7;13;8
1;2;6;11;12;7;12;6;12;5;12;4;11;4;11;3;12;3;13;3;13;4;13;5;13;6;13;7;13;8;13;9
1;2;6;11;12;6;12;5;12;4;11;4;11;3;12;3;13;3;13;4;13;5;13;6;13;7;13;8;13;9;13;10
1;2;6;11;12;5;12;4;11;4;11;3;12;3;13;3;13;4;13;5;13;6;13;7;13;8;13;9;13;10;13;11
1;3;6;11;12;4;11;4;11;3;12;3;13;3;13;4;13;5;13;6;13;7;13;8;13;9;13;10;13;11;12;11
1;3;6;11;11;4;11;3;12;3;13;3;13;4;13;5;13;6;13;7;13;8;13;9;13;10;13;11;12;11;11;11
1;3;6;11;11;3;12;3;13;3;13;4;13;5;13;6;13;7;13;8;13;9;13;10;13;11;12;11;11;11;10;11
1;3;6;11;12;3;13;3;13;4;13;5;13;6;13;7;13;8;13;9;13;10;13;11;12;11;11;11;10;11;9;11
1;3;6;11;13;3;13;4;13;5;13;6;13;7;13;8;13;9;13;10;13;11;12;11;11;11;10;11;9;11;8;11
1;3;6;11;13;4;13;5;13;6;13;7;13;8;13;9;13;10;13;11;12;11;11;11;10;11;9;11;8;11;7;11
1;3;8;17;13;5;13;5;13;6;13;7;13;8;13;9;13;10;13;11;12;11;11;11;10;11;9;11;8;11;7;11;6;11
1;2;8;17;13;5;13;6;13;7;13;8;13;9;13;10;13;11;12;11;11;11;10;11;9;11;8;11;7;11;6;11;6;12
1;1;8;17;13;6;13;7;13;8;13;9;13;10;13;11;12;11;11;11;10;11;9;11;8;11;7;11;6;11;6;12;7;12
1;1;8;17;13;7;13;8;13;9;13;10;13;11;12;11;11;11;10;11;9;11;8;11;7;11;6;11;6;12;7;12;8;12
1;2;8;17;13;8;13;9;13;10;13;11;12;11;11;11;10;11;9;11;8;11;7;11;6;11;6;12;7;12;8;12;8;13
1;2;8;17;13;9;13;10;13;11;12;11;11;11;10;11;9;11;8;11;7;11;6;11;6;12;7;12;8;12;8;13;8;14
1;2;8;17;13;10;13;11;12;11;11;11;10;11;9;11;8;11;7;11;6;11;6;12;7;12;8;12;8;13;8;14;8;15
1;2;8;17;13;11;12;11;11;11;10;11;9;11;8;11;7;11;6;11;6;12;7;12;8;12;8;13;8;14;8;15;8;16
1;2;3;15;12;11;12;11;11;11;10;11;9;11;8;11;7;11;6;11;6;12;7;12;8;12;8;13;8;14;8;15;8;16;8;17
1;3;3;15;12;11;11;11;10;11;9;11;8;11;7;11;6;11;6;12;7;12;8;12;8;13;8;14;8;15;8;16;8;17;7;17
1;3;3;15;11;11;10;11;9;11;8;11;7;11;6;11;6;12;7;12;8;12;8;13;8;14;8;15;8;16;8;17;7;17;6;17
1;3;3;15;10;11;9;11;8;11;7;11;6;11;6;12;7;12;8;12;8;13;8;14;8;15;8;16;8;17;7;17;6;17;5;17
1;0;3;15;9;11;8;11;7;11;6;11;6;12;7;12;8;12;8;13;8;14;8;15;8;16;8;17;7;17;6;17;5;17;5;16
1;0;3;15;8;11;7;11;6;11;6;12;7;12;8;12;8;13;8;14;8;15;8;16;8;17;7;17;6;17;5;17;5;16;5;15
1;3;3;15;7;11;6;11;6;12;7;12;8;12;8;13;8;14;8;15;8;16;8;17;7;17;6;17;5;17;5;16;5;15;4;15
1;3;13;1;6;11;6;11;6;12;7;12;8;12;8;13;8;14;8;15;8;16;8;17;7;17;6;17;5;17;5;16;5;15;4;15;3;15
1;0;13;1;6;11;6;12;7;12;8;12;8;13;8;14;8;15;8;16;8;17;7;17;6;17;5;17;5;16;5;15;4;15;3;15;3;14
1;0;13;1;6;12;7;12;8;12;8;13;8;14;8;15;8;16;8;17;7;17;6;17;5;17;5;16;5;15;4;15;3;15;3;14;3;13
1;0;13;1;7;12;8;12;8;13;8;14;8;15;8;16;8;17;7;17;6;17;5;17;5;16;5;15;4;15;3;15;3;14;3;13;3;12
1;0;13;1;8;12;8;13;8;14;8;15;8;16;8;17;7;17;6;17;5;17;5;16;5;15;4;15;3;15;3;14;3;13;3;12;3;11
1;1;13;1;8;13;8;14;8;15;8;16;8;17;7;17;6;17;5;17;5;16;5;15;4;15;3;15;3;14;3;13;3;12;3;11;4;11
1;1;13;1;8;14;8;15;8;16;8;17;7;17;6;17;5;17;5;16;5;15;4;15;3;15;3;14;3;13;3;12;3;11;4;11;5;11
1;1;13;1;8;15;8;16;8;17;7;17;6;17;5;17;5;16;5;15;4;15;3;15;3;14;3;13;3;12;3;11;4;11;5;11;6;11
1;1;13;1;8;16;8;17;7;17;6;17;5;17;5;16;5;15;4;15;3;15;3;14;3;13;3;12;3;11;4;11;5;11;6;11;7;11
1;1;13;1;8;17;7;17;6;17;5;17;5;16;5;15;4;15;3;15;3;14;3;13;3;12;3;11;4;11;5;11;6;11;7;11;8;11
1;1;13;1;7;17;6;17;5;17;5;16;5;15;4;15;3;15;3;14;3;13;3;12;3;11;4;11;5;11;6;11;7;11;8;11;9;11
1;1;13;1;6;17;5;17;5;16;5;15;4;15;3;15;3;14;3;13;3;12;3;11;4;11;5;11;6;11;7;11;8;11;9;11;10;11
1;1;13;1;5;17;5;16;5;15;4;15;3;15;3;14;3;13;3;12;3;11;4;11;5;11;6;11;7;11;8;11;9;11;10;11;11;11
1;1;13;1;5;16;5;15;4;15;3;15;3;14;3;13;3;12;3;11;4;11;5;11;6;11;7;11;8;11;9;11;10;11;11;11;12;11
1;1;13;1;5;15;4;15;3;15;3;14;3;13;3;12;3;11;4;11;5;11;6;11;7;11;8;11;9;11;10;11;11;11;12;11;13;11
1;0;13;1;4;15;3;15;3;14;3;13;3;12;3;11;4;11;5;11;6;11;7;11;8;11;9;11;10;11;11;11;12;11;13;11;13;10
1;0;13;1;3;15;3;14;3;13;3;12;3;11;4;11;5;11;6;11;7;11;8;11;9;11;10;11;11;11;12;11;13;11;13;10;13;9
1;0;13;1;3;14;3;13;3;12;3;11;4;11;5;11;6;11;7;11;8;11;9;11;10;11;11;11;12;11;13;11;13;10;13;9;13;8
1;0;13;1;3;13;3;12;3;11;4;11;5;11;6;11;7;11;8;11;9;11;10;11;11;11;12;11;13;11;13;10;13;9;13;8;13;7
1;0;13;1;3;12;3;11;4;11;5;11;6;11;7;11;8;11;9;11;10;11;11;11;12;11;13;11;13;10;13;9;13;8;13;7;13;6
1;0;13;1;3;11;4;11;5;11;6;11;7;11;8;11;9;11;10;11;11;11;12;11;13;11;13;10;13;9;13;8;13;7;13;6;13;5
1;0;13;1;4;11;5;11;6;11;7;11;8;11;9;11;10;11;11;11;12;11;13;11;13;10;13;9;13;8;13;7;13;6;13;5;13;4
1;0;13;1;5;11;6;11;7;11;8;11;9;11;10;11;11;11;12;11;13;11;13;10;13;9;13;8;13;7;13;6;13;5;13;4;13;3
1;0;13;1;6;11;7;11;8;11;9;11;10;11;11;11;12;11;13;11;13;10;13;9;13;8;13;7;13;6;13;5;13;4;13;3;13;2
1;0;17;6;7;11;7;11;8;11;9;11;10;11;11;11;12;11;13;11;13;10;13;9;13;8;13;7;13;6;13;5;13;4;13;3;13;2;13;1
1;1;17;6;7;11;8;11;9;11;10;11;11;11;12;11;13;11;13;10;13;9;13;8;13;7;13;6;13;5;13;4;13;3;13;2;13;1;14;1
1;2;17;6;8;11;9;11;10;11;11;11;12;11;13;11;13;10;13;9;13;8;13;7;13;6;13;5;13;4;13;3;13;2;13;1;14;1;14;2
1;2;17;6;9;11;10;11;11;11;12;11;13;11;13;10;13;9;13;8;13;7;13;6;13;5;13;4;13;3;13;2;13;1;14;1;14;2;14;3
1;2;17;6;10;11;11;11;12;11;13;11;13;10;13;9;13;8;13;7;13;6;13;5;13;4;13;3;13;2;13;1;14;1;14;2;14;3;14;4
1;2;17;6;11;11;12;11;13;11;13;10;13;9;13;8;13;7;13;6;13;5;13;4;13;3;13;2;13;1;14;1;14;2;14;3;14;4;14;5
1;2;17;6;12;11;13;11;13;10;13;9;13;8;13;7;13;6;13;5;13;4;13;3;13;2;13;1;14;1;14;2;14;3;14;4;14;5;14;6
1;1;17;6;13;11;13;10;13;9;13;8;13;7;13;6;13;5;13;4;13;3;13;2;13;1;14;1;14;2;14;3;14;4;14;5;14;6;15;6
1;1;17;6;13;10;13;9;13;8;13;7;13;6;13;5;13;4;13;3;13;2;13;1;14;1;14;2;14;3;14;4;14;5;14;6;15;6;16;6
1;1;18;12;13;9;13;9;13;8;13;7;13;6;13;5;13;4;13;3;13;2;13;1;14;1;14;2;14;3;14;4;14;5;14;6;15;6;16;6;17;6
1;1;18;12;13;9;13;8;13;7;13;6;13;5;13;4;13;3;13;2;13;1;14;1;14;2;14;3;14;4;14;5;14;6;15;6;16;6;17;6;18;6
1;2;18;12;13;8;13;7;13;6;13;5;13;4;13;3;13;2;13;1;14;1;14;2;14;3;14;4;14;5;14;6;15;6;16;6;17;6;18;6;18;7
1;2;18;12;13;7;13;6;13;5;13;4;13;3;13;2;13;1;14;1;14;2;14;3;14;4;14;5;14;6;15;6;16;6;17;6;18;6;18;7;18;8
1;2;18;12;13;6;13;5;13;4;13;3;13;2;13;1;14;1;14;2;14;3;14;4;14;5;14;6;15;6;16;6;17;6;18;6;18;7;18;8;18;9
1;2;18;12;13;5;13;4;13;3;13;2;13;1;14;1;14;2;14;3;14;4;14;5;14;6;15;6;16;6;17;6;18;6;18;7;18;8;18;9;18;10
1;2;18;12;13;4;13;3;13;2;13;1;14;1;14;2;14;3;14;4;14;5;14;6;15;6;16;6;17;6;18;6;18;7;18;8;18;9;18;10;18;11
1;2;8;12;13;3;13;3;13;2;13;1;14;1;14;2;14;3;14;4;14;5;14;6;15;6;16;6;17;6;18;6;18;7;18;8;18;9;18;10;18;11;18;12
1;3;8;12;13;3;13;2;13;1;14;1;14;2;14;3;14;4;14;5;14;6;15;6;16;6;17;6;18;6;18;7;18;8;18;9;18;10;18;11;18;12;17;12
1;3;8;12;13;2;13;1;14;1;14;2;14;3;14;4;14;5;14;6;15;6;16;6;17;6;18;6;18;7;18;8;18;9;18;10;18;11;18;12;17;12;16;12
1;3;8;12;13;1;14;1;14;2;14;3;14;4;14;5;14;6;15;6;16;6;17;6;18;6;18;7;18;8;18;9;18;10;18;11;18;12;17;12;16;12;15;12
1;3;8;12;14;1;14;2;14;3;14;4;14;5;14;6;15;6;16;6;17;6;18;6;18;7;18;8;18;9;18;10;18;11;18;12;17;12;16;12;15;12;14;12
1;3;8;12;14;2;14;3;14;4;14;5;14;6;15;6;16;6;17;6;18;6;18;7;18;8;18;9;18;10;18;11;18;12;17;12;16;12;15;12;14;12;13;12
1;3;8;12;14;3;14;4;14;5;14;6;15;6;16;6;17;6;18;6;18;7;18;8;18;9;18;10;18;11;18;12;17;12;16;12;15;12;14;12;13;12;12;12
1;3;8;12;14;4;14;5;14;6;15;6;16;6;17;6;18;6;18;7;18;8;18;9;18;10;18;11;18;12;17;12;16;12;15;12;14;12;13;12;12;12;11;12
1;3;8;12;14;5;14;6;15;6;16;6;17;6;18;6;18;7;18;8;18;9;18;10;18;11;18;12;17;12;16;12;15;12;14;12;13;12;12;12;11;12;10;12
1;3;8;12;14;6;15;6;16;6;17;6;18;6;18;7;18;8;18;9;18;10;18;11;18;12;17;12;16;12;15;12;14;12;13;12;12;12;11;12;10;12;9;12
1;3;17;10;15;6;15;6;16;6;17;6;18;6;18;7;18;8;18;9;18;10;18;11;18;12;17;12;16;12;15;12;14;12;13;12;12;12;11;12;10;12;9;12;8;12
1;0;17;10;15;6;16;6;17;6;18;6;18;7;18;8;18;9;18;10;18;11;18;12;17;12;16;12;15;12;14;12;13;12;12;12;11;12;10;12;9;12;8;12;8;11
1;0;17;10;16;6;17;6;18;6;18;7;18;8;18;9;18;10;18;11;18;12;17;12;16;12;15;12;14;12;13;12;12;12;11;12;10;12;9;12;8;12;8;11;8;10
1;1;17;10;17;6;18;6;18;7;18;8;18;9;18;10;18;11;18;12;17;12;16;12;15;12;14;12;13;12;12;12;11;12;10;12;9;12;8;12;8;11;8;10;9;10
1;1;17;10;18;6;18;7;18;8;18;9;18;10;18;11;18;12;17;12;16;12;15;12;14;12;13;12;12;12;11;12;10;12;9;12;8;12;8;11;8;10;9;10;10;10
1;1;17;10;18;7;18;8;18;9;18;10;18;11;18;12;17;12;16;12;15;12;14;12;13;12;12;12;11;12;10;12;9;12;8;12;8;11;8;10;9;10;10;10;11;10
1;1;17;10;18;8;18;9;18;10;18;11;18;12;17;12;16;12;15;12;14;12;13;12;12;12;11;12;10;12;9;12;8;12;8;11;8;10;9;10;10;10;11;10;12;10
1;1;17;10;18;9;18;10;18;11;18;12;17;12;16;12;15;12;14;12;13;12;12;12;11;12;10;12;9;12;8;12;8;11;8;10;9;10;10;10;11;10;12;10;13;10
1;1;17;10;18;10;18;11;18;12;17;12;16;12;15;12;14;12;13;12;12;12;11;12;10;12;9;12;8;12;8;11;8;10;9;10;10;10;11;10;12;10;13;10;14;10
1;1;17;10;18;11;18;12;17;12;16;12;15;12;14;12;13;12;12;12;11;12;10;12;9;12;8;12;8;11;8;10;9;10;10;10;11;10;12;10;13;10;14;10;15;10
1;1;17;10;18;12;17;12;16;12;15;12;14;12;13;12;12;12;11;12;10;12;9;12;8;12;8;11;8;10;9;10;10;10;11;10;12;10;13;10;14;10;15;10;16;10
1;1;5;3;17;12;17;12;16;12;15;12;14;12;13;12;12;12;11;12;10;12;9;12;8;12;8;11;8;10;9;10;10;10;11;10;12;10;13;10;14;10;15;10;16;10;17;10
1;0;5;3;17;12;16;12;15;12;14;12;13;12;12;12;11;12;10;12;9;12;8;12;8;11;8;10;9;10;10;10;11;10;12;10;13;10;14;10;15;10;16;10;17;10;17;9
1;3;5;3;16;12;15;12;14;12;13;12;12;12;11;12;10;12;9;12;8;12;8;11;8;10;9;10;10;10;11;10;12;10;13;10;14;10;15;10;16;10;17;10;17;9;16;9
1;3;5;3;15;12;14;12;13;12;12;12;11;12;10;12;9;12;8;12;8;11;8;10;9;10;10;10;11;10;12;10;13;10;14;10;15;10;16;10;17;10;17;9;16;9;15;9
1;3;5;3;14;12;13;12;12;12;11;12;10;12;9;12;8;12;8;11;8;10;9;10;10;10;11;10;12;10;13;10;14;10;15;10;16;10;17;10;17;9;16;9;15;9;14;9
1;3;5;3;13;12;12;12;11;12;10;12;9;12;8;12;8;11;8;10;9;10;10;10;11;10;12;10;13;10;14;10;15;10;16;10;17;10;17;9;16;9;15;9;14;9;13;9
1;3;5;3;12;12;11;12;10;12;9;12;8;12;8;11;8;10;9;10;10;10;11;10;12;10;13;10;14;10;15;10;16;10;17;10;17;9;16;9;15;9;14;9;13;9;12;9
1;3;5;3;11;12;10;12;9;12;8;12;8;11;8;10;9;10;10;10;11;10;12;10;13;10;14;10;15;10;16;10;17;10;17;9;16;9;15;9;14;9;13;9;12;9;11;9
1;3;5;3;10;12;9;12;8;12;8;11;8;10;9;10;10;10;11;10;12;10;13;10;14;10;15;10;16;10;17;10;17;9;16;9;15;9;14;9;13;9;12;9;11;9;10;9
1;3;5;3;9;12;8;12;8;11;8;10;9;10;10;10;11;10;12;10;13;10;14;10;15;10;16;10;17;10;17;9;16;9;15;9;14;9;13;9;12;9;11;9;10;9;9;9
1;3;5;3;8;12;8;11;8;10;9;10;10;10;11;10;12;10;13;10;14;10;15;10;16;10;17;10;17;9;16;9;15;9;14;9;13;9;12;9;11;9;10;9;9;9;8;9
1;3;5;3;8;11;8;10;9;10;10;10;11;10;12;10;13;10;14;10;15;10;16;10;17;10;17;9;16;9;15;9;14;9;13;9;12;9;11;9;10;9;9;9;8;9;7;9
1;3;5;3;8;10;9;10;10;10;11;10;12;10;13;10;14;10;15;10;16;10;17;10;17;9;16;9;15;9;14;9;13;9;12;9;11;9;10;9;9;9;8;9;7;9;6;9
1;3;5;3;9;10;10;10;11;10;12;10;13;10;14;10;15;10;16;10;17;10;17;9;16;9;15;9;14;9;13;9;12;9;11;9;10;9;9;9;8;9;7;9;6;9;5;9
1;0;5;3;10;10;11;10;12;10;13;10;14;10;15;10;16;10;17;10;17;9;16;9;15;9;14;9;13;9;12;9;11;9;10;9;9;9;8;9;7;9;6;9;5;9;5;8
1;0;5;3;11;10;12;10;13;10;14;10;15;10;16;10;17;10;17;9;16;9;15;9;14;9;13;9;12;9;11;9;10;9;9;9;8;9;7;9;6;9;5;9;5;8;5;7
1;0;5;3;12;10;13;10;14;10;15;10;16;10;17;10;17;9;16;9;15;9;14;9;13;9;12;9;11;9;10;9;9;9;8;9;7;9;6;9;5;9;5;8;5;7;5;6
1;0;5;3;13;10;14;10;15;10;16;10;17;10;17;9;16;9;15;9;14;9;13;9;12;9;11;9;10;9;9;9;8;9;7;9;6;9;5;9;5;8;5;7;5;6;5;5
1;0;5;3;14;10;15;10;16;10;17;10;17;9;16;9;15;9;14;9;13;9;12;9;11;9;10;9;9;9;8;9;7;9;6;9;5;9;5;8;5;7;5;6;5;5;5;4
1;0;18;14;15;10;15;10;16;10;17;10;17;9;16;9;15;9;14;9;13;9;12;9;11;9;10;9;9;9;8;9;7;9;6;9;5;9;5;8;5;7;5;6;5;5;5;4;5;3
1;1;18;14;15;10;16;10;17;10;17;9;16;9;15;9;14;9;13;9;12;9;11;9;10;9;9;9;8;9;7;9;6;9;5;9;5;8;5;7;5;6;5;5;5;4;5;3;6;3
1;1;18;14;16;10;17;10;17;9;16;9;15;9;14;9;13;9;12;9;11;9;10;9;9;9;8;9;7;9;6;9;5;9;5;8;5;7;5;6;5;5;5;4;5;3;6;3;7;3
1;1;18;14;17;10;17;9;16;9;15;9;14;9;13;9;12;9;11;9;10;9;9;9;8;9;7;9;6;9;5;9;5;8;5;7;5;6;5;5;5;4;5;3;6;3;7;3;8;3
1;1;18;14;17;9;16;9;15;9;14;9;13;9;12;9;11;9;10;9;9;9;8;9;7;9;6;9;5;9;5;8;5;7;5;6;5;5;5;4;5;3;6;3;7;3;8;3;9;3
1;1;18;14;16;9;15;9;14;9;13;9;12;9;11;9;10;9;9;9;8;9;7;9;6;9;5;9;5;8;5;7;5;6;5;5;5;4;5;3;6;3;7;3;8;3;9;3;10;3
1;1;18;14;15;9;14;9;13;9;12;9;11;9;10;9;9;9;8;9;7;9;6;9;5;9;5;8;5;7;5;6;5;5;5;4;5;3;6;3;7;3;8;3;9;3;10;3;11;3
1;1;18;14;14;9;13;9;12;9;11;9;10;9;9;9;8;9;7;9;6;9;5;9;5;8;5;7;5;6;5;5;5;4;5;3;6;3;7;3;8;3;9;3;10;3;11;3;12;3
1;1;18;14;13;9;12;9;11;9;10;9;9;9;8;9;7;9;6;9;5;9;5;8;5;7;5;6;5;5;5;4;5;3;6;3;7;3;8;3;9;3;10;3;11;3;12;3;13;3
1;1;18;14;12;9;11;9;10;9;9;9;8;9;7;9;6;9;5;9;5;8;5;7;5;6;5;5;5;4;5;3;6;3;7;3;8;3;9;3;10;3;11;3;12;3;13;3;14;3
1;2;18;14;11;9;10;9;9;9;8;9;7;9;6;9;5;9;5;8;5;7;5;6;5;5;5;4;5;3;6;3;7;3;8;3;9;3;10;3;11;3;12;3;13;3;14;3;14;4
1;2;18;14;10;9;9;9;8;9;7;9;6;9;5;9;5;8;5;7;5;6;5;5;5;4;5;3;6;3;7;3;8;3;9;3;10;3;11;3;12;3;13;3;14;3;14;4;14;5
1;2;18;14;9;9;8;9;7;9;6;9;5;9;5;8;5;7;5;6;5;5;5;4;5;3;6;3;7;3;8;3;9;3;10;3;11;3;12;3;13;3;14;3;14;4;14;5;14;6
1;1;18;14;8;9;7;9;6;9;5;9;5;8;5;7;5;6;5;5;5;4;5;3;6;3;7;3;8;3;9;3;10;3;11;3;12;3;13;3;14;3;14;4;14;5;14;6;15;6
1;1;18;14;7;9;6;9;5;9;5;8;5;7;5;6;5;5;5;4;5;3;6;3;7;3;8;3;9;3;10;3;11;3;12;3;13;3;14;3;14;4;14;5;14;6;15;6;16;6
1;1;18;14;6;9;5;9;5;8;5;7;5;6;5;5;5;4;5;3;6;3;7;3;8;3;9;3;10;3;11;3;12;3;13;3;14;3;14;4;14;5;14;6;15;6;16;6;17;6
1;1;18;14;5;9;5;8;5;7;5;6;5;5;5;4;5;3;6;3;7;3;8;3;9;3;10;3;11;3;12;3;13;3;14;3;14;4;14;5;14;6;15;6;16;6;17;6;18;6
1;2;18;14;5;8;5;7;5;6;5;5;5;4;5;3;6;3;7;3;8;3;9;3;10;3;11;3;12;3;13;3;14;3;14;4;14;5;14;6;15;6;16;6;17;6;18;6;18;7
1;2;18;14;5;7;5;6;5;5;5;4;5;3;6;3;7;3;8;3;9;3;10;3;11;3;12;3;13;3;14;3;14;4;14;5;14;6;15;6;16;6;17;6;18;6;18;7;18;8
1;2;18;14;5;6;5;5;5;4;5;3;6;3;7;3;8;3;9;3;10;3;11;3;12;3;13;3;14;3;14;4;14;5;14;6;15;6;16;6;17;6;18;6;18;7;18;8;18;9
1;2;18;14;5;5;5;4;5;3;6;3;7;3;8;3;9;3;10;3;11;3;12;3;13;3;14;3;14;4;14;5;14;6;15;6;16;6;17;6;18;6;18;7;18;8;18;9;18;10
1;2;18;14;5;4;5;3;6;3;7;3;8;3;9;3;10;3;11;3;12;3;13;3;14;3;14;4;14;5;14;6;15;6;16;6;17;6;18;6;18;7;18;8;18;9;18;10;18;11
1;2;18;14;5;3;6;3;7;3;8;3;9;3;10;3;11;3;12;3;13;3;14;3;14;4;14;5;14;6;15;6;16;6;17;6;18;6;18;7;18;8;18;9;18;10;18;11;18;12
1;2;18;14;6;3;7;3;8;3;9;3;10;3;11;3;12;3;13;3;14;3;14;4;14;5;14;6;15;6;16;6;17;6;18;6;18;7;18;8;18;9;18;10;18;11;18;12;18;13
1;2;7;2;7;3;7;3;8;3;9;3;10;3;11;3;12;3;13;3;14;3;14;4;14;5;14;6;15;6;16;6;17;6;18;6;18;7;18;8;18;9;18;10;18;11;18;12;18;13;18;14
1;3;7;2;7;3;8;3;9;3;10;3;11;3;12;3;13;3;14;3;14;4;14;5;14;6;15;6;16;6;17;6;18;6;18;7;18;8;18;9;18;10;18;11;18;12;18;13;18;14;17;14
1;3;7;2;8;3;9;3;10;3;11;3;12;3;13;3;14;3;14;4;14;5;14;6;15;6;16;6;17;6;18;6;18;7;18;8;18;9;18;10;18;11;18;12;18;13;18;14;17;14;16;14
1;3;7;2;9;3;10;3;11;3;12;3;13;3;14;3;14;4;14;5;14;6;15;6;16;6;17;6;18;6;18;7;18;8;18;9;18;10;18;11;18;12;18;13;18;14;17;14;16;14;15;14
1;3;7;2;10;3;11;3;12;3;13;3;14;3;14;4;14;5;14;6;15;6;16;6;17;6;18;6;18;7;18;8;18;9;18;10;18;11;18;12;18;13;18;14;17;14;16;14;15;14;14;14
1;3;7;2;11;3;12;3;13;3;14;3;14;4;14;5;14;6;15;6;16;6;17;6;18;6;18;7;18;8;18;9;18;10;18;11;18;12;18;13;18;14;17;14;16;14;15;14;14;14;13;14
1;3;7;2;12;3;13;3;14;3;14;4;14;5;14;6;15;6;16;6;17;6;18;6;18;7;18;8;18;9;18;10;18;11;18;12;18;13;18;14;17;14;16;14;15;14;14;14;13;14;12;14
1;3;7;2;13;3;14;3;14;4;14;5;14;6;15;6;16;6;17;6;18;6;18;7;18;8;18;9;18;10;18;11;18;12;18;13;18;14;17;14;16;14;15;14;14;14;13;14;12;14;11;14
1;3;7;2;14;3;14;4;14;5;14;6;15;6;16;6;17;6;18;6;18;7;18;8;18;9;18;10;18;11;18;12;18;13;18;14;17;14;16;14;15;14;14;14;13;14;12;14;11;14;10;14
1;3;7;2;14;4;14;5;14;6;15;6;16;6;17;6;18;6;18;7;18;8;18;9;18;10;18;11;18;12;18;13;18;14;17;14;16;14;15;14;14;14;13;14;12;14;11;14;10;14;9;14
1;3;7;2;14;5;14;6;15;6;16;6;17;6;18;6;18;7;18;8;18;9;18;10;18;11;18;12;18;13;18;14;17;14;16;14;15;14;14;14;13;14;12;14;11;14;10;14;9;14;8;14
1;3;7;2;14;6;15;6;16;6;17;6;18;6;18;7;18;8;18;9;18;10;18;11;18;12;18;13;18;14;17;14;16;14;15;14;14;14;13;14;12;14;11;14;10;14;9;14;8;14;7;14
1;0;7;2;15;6;16;6;17;6;18;6;18;7;18;8;18;9;18;10;18;11;18;12;18;13;18;14;17;14;16;14;15;14;14;14;13;14;12;14;11;14;10;14;9;14;8;14;7;14;7;13
1;0;7;2;16;6;17;6;18;6;18;7;18;8;18;9;18;10;18;11;18;12;18;13;18;14;17;14;16;14;15;14;14;14;13;14;12;14;11;14;10;14;9;14;8;14;7;14;7;13;7;12
1;0;7;2;17;6;18;6;18;7;18;8;18;9;18;10;18;11;18;12;18;13;18;14;17;14;16;14;15;14;14;14;13;14;12;14;11;14;10;14;9;14;8;14;7;14;7;13;7;12;7;11
1;0;7;2;18;6;18;7;18;8;18;9;18;10;18;11;18;12;18;13;18;14;17;14;16;14;15;14;14;14;13;14;12;14;11;14;10;14;9;14;8;14;7;14;7;13;7;12;7;11;7;10
1;0;7;2;18;7;18;8;18;9;18;10;18;11;18;12;18;13;18;14;17;14;16;14;15;14;14;14;13;14;12;14;11;14;10;14;9;14;8;14;7;14;7;13;7;12;7;11;7;10;7;9
1;0;7;2;18;8;18;9;18;10;18;11;18;12;18;13;18;14;17;14;16;14;15;14;14;14;13;14;12;14;11;14;10;14;9;14;8;14;7;14;7;13;7;12;7;11;7;10;7;9;7;8
1;0;7;2;18;9;18;10;18;11;18;12;18;13;18;14;17;14;16;14;15;14;14;14;13;14;12;14;11;14;10;14;9;14;8;14;7;14;7;13;7;12;7;11;7;10;7;9;7;8;7;7
1;0;7;2;18;10;18;11;18;12;18;13;18;14;17;14;16;14;15;14;14;14;13;14;12;14;11;14;10;14;9;14;8;14;7;14;7;13;7;12;7;11;7;10;7;9;7;8;7;7;7;6
1;0;7;2;18;11;18;12;18;13;18;14;17;14;16;14;15;14;14;14;13;14;12;14;11;14;10;14;9;14;8;14;7;14;7;13;7;12;7;11;7;10;7;9;7;8;7;7;7;6;7;5
1;0;7;2;18;12;18;13;18;14;17;14;16;14;15;14;14;14;13;14;12;14;11;14;10;14;9;14;8;14;7;14;7;13;7;12;7;11;7;10;7;9;7;8;7;7;7;6;7;5;7;4
1;0;7;2;18;13;18;14;17;14;16;14;15;14;14;14;13;14;12;14;11;14;10;14;9;14;8;14;7;14;7;13;7;12;7;11;7;10;7;9;7;8;7;7;7;6;7;5;7;4;7;3
1;0;9;8;18;14;18;14;17;14;16;14;15;14;14;14;13;14;12;14;11;14;10;14;9;14;8;14;7;14;7;13;7;12;7;11;7;10;7;9;7;8;7;7;7;6;7;5;7;4;7;3;7;2
1;1;9;8;18;14;17;14;16;14;15;14;14;14;13;14;12;14;11;14;10;14;9;14;8;14;7;14;7;13;7;12;7;11;7;10;7;9;7;8;7;7;7;6;7;5;7;4;7;3;7;2;8;2
1;1;9;8;17;14;16;14;15;14;14;14;13;14;12;14;11;14;10;14;9;14;8;14;7;14;7;13;7;12;7;11;7;10;7;9;7;8;7;7;7;6;7;5;7;4;7;3;7;2;8;2;9;2
1;2;9;8;16;14;15;14;14;14;13;14;12;14;11;14;10;14;9;14;8;14;7;14;7;13;7;12;7;11;7;10;7;9;7;8;7;7;7;6;7;5;7;4;7;3;7;2;8;2;9;2;9;3
1;2;9;8;15;14;14;14;13;14;12;14;11;14;10;14;9;14;8;14;7;14;7;13;7;12;7;11;7;10;7;9;7;8;7;7;7;6;7;5;7;4;7;3;7;2;8;2;9;2;9;3;9;4
1;2;9;8;14;14;13;14;12;14;11;14;10;14;9;14;8;14;7;14;7;13;7;12;7;11;7;10;7;9;7;8;7;7;7;6;7;5;7;4;7;3;7;2;8;2;9;2;9;3;9;4;9;5
1;2;9;8;13;14;12;14;11;14;10;14;9;14;8;14;7;14;7;13;7;12;7;11;7;10;7;9;7;8;7;7;7;6;7;5;7;4;7;3;7;2;8;2;9;2;9;3;9;4;9;5;9;6
1;2;9;8;12;14;11;14;10;14;9;14;8;14;7;14;7;13;7;12;7;11;7;10;7;9;7;8;7;7;7;6;7;5;7;4;7;3;7;2;8;2;9;2;9;3;9;4;9;5;9;6;9;7
1;2;13;8;11;14;11;14;10;14;9;14;8;14;7;14;7;13;7;12;7;11;7;10;7;9;7;8;7;7;7;6;7;5;7;4;7;3;7;2;8;2;9;2;9;3;9;4;9;5;9;6;9;7;9;8
1;1;13;8;11;14;10;14;9;14;8;14;7;14;7;13;7;12;7;11;7;10;7;9;7;8;7;7;7;6;7;5;7;4;7;3;7;2;8;2;9;2;9;3;9;4;9;5;9;6;9;7;9;8;10;8
1;1;13;8;10;14;9;14;8;14;7;14;7;13;7;12;7;11;7;10;7;9;7;8;7;7;7;6;7;5;7;4;7;3;7;2;8;2;9;2;9;3;9;4;9;5;9;6;9;7;9;8;10;8;11;8
1;1;13;8;9;14;8;14;7;14;7;13;7;12;7;11;7;10;7;9;7;8;7;7;7;6;7;5;7;4;7;3;7;2;8;2;9;2;9;3;9;4;9;5;9;6;9;7;9;8;10;8;11;8;12;8
1;1;17;15;8;14;8;14;7;14;7;13;7;12;7;11;7;10;7;9;7;8;7;7;7;6;7;5;7;4;7;3;7;2;8;2;9;2;9;3;9;4;9;5;9;6;9;7;9;8;10;8;11;8;12;8;13;8
1;1;17;15;8;14;7;14;7;13;7;12;7;11;7;10;7;9;7;8;7;7;7;6;7;5;7;4;7;3;7;2;8;2;9;2;9;3;9;4;9;5;9;6;9;7;9;8;10;8;11;8;12;8;13;8;14;8
1;1;17;15;7;14;7;13;7;12;7;11;7;10;7;9;7;8;7;7;7;6;7;5;7;4;7;3;7;2;8;2;9;2;9;3;9;4;9;5;9;6;9;7;9;8;10;8;11;8;12;8;13;8;14;8;15;8
1;1;17;15;7;13;7;12;7;11;7;10;7;9;7;8;7;7;7;6;7;5;7;4;7;3;7;2;8;2;9;2;9;3;9;4;9;5;9;6;9;7;9;8;10;8;11;8;12;8;13;8;14;8;15;8;16;8
1;1;17;15;7;12;7;11;7;10;7;9;7;8;7;7;7;6;7;5;7;4;7;3;7;2;8;2;9;2;9;3;9;4;9;5;9;6;9;7;9;8;10;8;11;8;12;8;13;8;14;8;15;8;16;8;17;8
1;2;17;15;7;11;7;10;7;9;7;8;7;7;7;6;7;5;7;4;7;3;7;2;8;2;9;2;9;3;9;4;9;5;9;6;9;7;9;8;10;8;11;8;12;8;13;8;14;8;15;8;16;8;17;8;17;9
1;2;17;15;7;10;7;9;7;8;7;7;7;6;7;5;7;4;7;3;7;2;8;2;9;2;9;3;9;4;9;5;9;6;9;7;9;8;10;8;11;8;12;8;13;8;14;8;15;8;16;8;17;8;17;9;17;10
1;2;17;15;7;9;7;8;7;7;7;6;7;5;7;4;7;3;7;2;8;2;9;2;9;3;9;4;9;5;9;6;9;7;9;8;10;8;11;8;12;8;13;8;14;8;15;8;16;8;17;8;17;9;17;10;17;11
1;2;17;15;7;8;7;7;7;6;7;5;7;4;7;3;7;2;8;2;9;2;9;3;9;4;9;5;9;6;9;7;9;8;10;8;11;8;12;8;13;8;14;8;15;8;16;8;17;8;17;9;17;10;17;11;17;12
1;2;17;15;7;7;7;6;7;5;7;4;7;3;7;2;8;2;9;2;9;3;9;4;9;5;9;6;9;7;9;8;10;8;11;8;12;8;13;8;14;8;15;8;16;8;17;8;17;9;17;10;17;11;17;12;17;13
1;2;17;15;7;6;7;5;7;4;7;3;7;2;8;2;9;2;9;3;9;4;9;5;9;6;9;7;9;8;10;8;11;8;12;8;13;8;14;8;15;8;16;8;17;8;17;9;17;10;17;11;17;12;17;13;17;14
1;2;18;17;7;5;7;5;7;4;7;3;7;2;8;2;9;2;9;3;9;4;9;5;9;6;9;7;9;8;10;8;11;8;12;8;13;8;14;8;15;8;16;8;17;8;17;9;17;10;17;11;17;12;17;13;17;14;17;15
1;1;18;17;7;5;7;4;7;3;7;2;8;2;9;2;9;3;9;4;9;5;9;6;9;7;9;8;10;8;11;8;12;8;13;8;14;8;15;8;16;8;17;8;17;9;17;10;17;11;17;12;17;13;17;14;17;15;18;15
1;2;18;17;7;4;7;3;7;2;8;2;9;2;9;3;9;4;9;5;9;6;9;7;9;8;10;8;11;8;12;8;13;8;14;8;15;8;16;8;17;8;17;9;17;10;17;11;17;12;17;13;17;14;17;15;18;15;18;16
1;2;7;16;7;3;7;3;7;2;8;2;9;2;9;3;9;4;9;5;9;6;9;7;9;8;10;8;11;8;12;8;13;8;14;8;15;8;16;8;17;8;17;9;17;10;17;11;17;12;17;13;17;14;17;15;18;15;18;16;18;17
1;3;7;16;7;3;7;2;8;2;9;2;9;3;9;4;9;5;9;6;9;7;9;8;10;8;11;8;12;8;13;8;14;8;15;8;16;8;17;8;17;9;17;10;17;11;17;12;17;13;17;14;17;15;18;15;18;16;18;17;17;17
1;0;7;16;7;2;8;2;9;2;9;3;9;4;9;5;9;6;9;7;9;8;10;8;11;8;12;8;13;8;14;8;15;8;16;8;17;8;17;9;17;10;17;11;17;12;17;13;17;14;17;15;18;15;18;16;18;17;17;17;17;16
1;3;7;16;8;2;9;2;9;3;9;4;9;5;9;6;9;7;9;8;10;8;11;8;12;8;13;8;14;8;15;8;16;8;17;8;17;9;17;10;17;11;17;12;17;13;17;14;17;15;18;15;18;16;18;17;17;17;17;16;16;16
1;3;7;16;9;2;9;3;9;4;9;5;9;6;9;7;9;8;10;8;11;8;12;8;13;8;14;8;15;8;16;8;17;8;17;9;17;10;17;11;17;12;17;13;17;14;17;15;18;15;18;16;18;17;17;17;17;16;16;16;15;16
1;3;7;16;9;3;9;4;9;5;9;6;9;7;9;8;10;8;11;8;12;8;13;8;14;8;15;8;16;8;17;8;17;9;17;10;17;11;17;12;17;13;17;14;17;15;18;15;18;16;18;17;17;17;17;16;16;16;15;16;14;16
1;3;7;16;9;4;9;5;9;6;9;7;9;8;10;8;11;8;12;8;13;8;14;8;15;8;16;8;17;8;17;9;17;10;17;11;17;12;17;13;17;14;17;15;18;15;18;16;18;17;17;17;17;16;16;16;15;16;14;16;13;16
1;3;7;16;9;5;9;6;9;7;9;8;10;8;11;8;12;8;13;8;14;8;15;8;16;8;17;8;17;9;17;10;17;11;17;12;17;13;17;14;17;15;18;15;18;16;18;17;17;17;17;16;16;16;15;16;14;16;13;16;12;16
1;3;7;16;9;6;9;7;9;8;10;8;11;8;12;8;13;8;14;8;15;8;16;8;17;8;17;9;17;10;17;11;17;12;17;13;17;14;17;15;18;15;18;16;18;17;17;17;17;16;16;16;15;16;14;16;13;16;12;16;11;16
1;3;7;16;9;7;9;8;10;8;11;8;12;8;13;8;14;8;15;8;16;8;17;8;17;9;17;10;17;11;17;12;17;13;17;14;17;15;18;15;18;16;18;17;17;17;17;16;16;16;15;16;14;16;13;16;12;16;11;16;10;16
1;3;7;16;9;8;10;8;11;8;12;8;13;8;14;8;15;8;16;8;17;8;17;9;17;10;17;11;17;12;17;13;17;14;17;15;18;15;18;16;18;17;17;17;17;16;16;16;15;16;14;16;13;16;12;16;11;16;10;16;9;16
1;3;7;16;10;8;11;8;12;8;13;8;14;8;15;8;16;8;17;8;17;9;17;10;17;11;17;12;17;13;17;14;17;15;18;15;18;16;18;17;17;17;17;16;16;16;15;16;14;16;13;16;12;16;11;16;10;16;9;16;8;16
1;3;15;0;11;8;11;8;12;8;13;8;14;8;15;8;16;8;17;8;17;9;17;10;17;11;17;12;17;13;17;14;17;15;18;15;18;16;18;17;17;17;17;16;16;16;15;16;14;16;13;16;12;16;11;16;10;16;9;16;8;16;7;16
1;0;15;0;11;8;12;8;13;8;14;8;15;8;16;8;17;8;17;9;17;10;17;11;17;12;17;13;17;14;17;15;18;15;18;16;18;17;17;17;17;16;16;16;15;16;14;16;13;16;12;16;11;16;10;16;9;16;8;16;7;16;7;15
1;0;15;0;12;8;13;8;14;8;15;8;16;8;17;8;17;9;17;10;17;11;17;12;17;13;17;14;17;15;18;15;18;16;18;17;17;17;17;16;16;16;15;16;14;16;13;16;12;16;11;16;10;16;9;16;8;16;7;16;7;15;7;14
1;0;15;0;13;8;14;8;15;8;16;8;17;8;17;9;17;10;17;11;17;12;17;13;17;14;17;15;18;15;18;16;18;17;17;17;17;16;16;16;15;16;14;16;13;16;12;16;11;16;10;16;9;16;8;16;7;16;7;15;7;14;7;13
1;0;15;0;14;8;15;8;16;8;17;8;17;9;17;10;17;11;17;12;17;13;17;14;17;15;18;15;18;16;18;17;17;17;17;16;16;16;15;16;14;16;13;16;12;16;11;16;10;16;9;16;8;16;7;16;7;15;7;14;7;13;7;12
1;0;15;0;15;8;16;8;17;8;17;9;17;10;17;11;17;12;17;13;17;14;17;15;18;15;18;16;18;17;17;17;17;16;16;16;15;16;14;16;13;16;12;16;11;16;10;16;9;16;8;16;7;16;7;15;7;14;7;13;7;12;7;11
1;0;15;0;16;8;17;8;17;9;17;10;17;11;17;12;17;13;17;14;17;15;18;15;18;16;18;17;17;17;17;16;16;16;15;16;14;16;13;16;12;16;11;16;10;16;9;16;8;16;7;16;7;15;7;14;7;13;7;12;7;11;7;10
1;0;15;0;17;8;17;9;17;10;17;11;17;12;17;13;17;14;17;15;18;15;18;16;18;17;17;17;17;16;16;16;15;16;14;16;13;16;12;16;11;16;10;16;9;16;8;16;7;16;7;15;7;14;7;13;7;12;7;11;7;10;7;9
1;0;15;0;17;9;17;10;17;11;17;12;17;13;17;14;17;15;18;15;18;16;18;17;17;17;17;16;16;16;15;16;14;16;13;16;12;16;11;16;10;16;9;16;8;16;7;16;7;15;7;14;7;13;7;12;7;11;7;10;7;9;7;8
1;1;15;0;17;10;17;11;17;12;17;13;17;14;17;15;18;15;18;16;18;17;17;17;17;16;16;16;15;16;14;16;13;16;12;16;11;16;10;16;9;16;8;16;7;16;7;15;7;14;7;13;7;12;7;11;7;10;7;9;7;8;8;8
1;1;15;0;17;11;17;12;17;13;17;14;17;15;18;15;18;16;18;17;17;17;17;16;16;16;15;16;14;16;13;16;12;16;11;16;10;16;9;16;8;16;7;16;7;15;7;14;7;13;7;12;7;11;7;10;7;9;7;8;8;8;9;8
1;1;15;0;17;12;17;13;17;14;17;15;18;15;18;16;18;17;17;17;17;16;16;16;15;16;14;16;13;16;12;16;11;16;10;16;9;16;8;16;7;16;7;15;7;14;7;13;7;12;7;11;7;10;7;9;7;8;8;8;9;8;10;8
1;1;15;0;17;13;17;14;17;15;18;15;18;16;18;17;17;17;17;16;16;16;15;16;14;16;13;16;12;16;11;16;10;16;9;16;8;16;7;16;7;15;7;14;7;13;7;12;7;11;7;10;7;9;7;8;8;8;9;8;10;8;11;8
1;1;15;0;17;14;17;15;18;15;18;16;18;17;17;17;17;16;16;16;15;16;14;16;13;16;12;16;11;16;10;16;9;16;8;16;7;16;7;15;7;14;7;13;7;12;7;11;7;10;7;9;7;8;8;8;9;8;10;8;11;8;12;8
1;1;15;0;17;15;18;15;18;16;18;17;17;17;17;16;16;16;15;16;14;16;13;16;12;16;11;16;10;16;9;16;8;16;7;16;7;15;7;14;7;13;7;12;7;11;7;10;7;9;7;8;8;8;9;8;10;8;11;8;12;8;13;8
1;1;15;0;18;15;18;16;18;17;17;17;17;16;16;16;15;16;14;16;13;16;12;16;11;16;10;16;9;16;8;16;7;16;7;15;7;14;7;13;7;12;7;11;7;10;7;9;7;8;8;8;9;8;10;8;11;8;12;8;13;8;14;8
1;1;15;0;18;16;18;17;17;17;17;16;16;16;15;16;14;16;13;16;12;16;11;16;10;16;9;16;8;16;7;16;7;15;7;14;7;13;7;12;7;11;7;10;7;9;7;8;8;8;9;8;10;8;11;8;12;8;13;8;14;8;15;8
1;0;15;0;18;17;17;17;17;16;16;16;15;16;14;16;13;16;12;16;11;16;10;16;9;16;8;16;7;16;7;15;7;14;7;13;7;12;7;11;7;10;7;9;7;8;8;8;9;8;10;8;11;8;12;8;13;8;14;8;15;8;15;7
1;0;15;0;17;17;17;16;16;16;15;16;14;16;13;16;12;16;11;16;10;16;9;16;8;16;7;16;7;15;7;14;7;13;7;12;7;11;7;10;7;9;7;8;8;8;9;8;10;8;11;8;12;8;13;8;14;8;15;8;15;7;15;6
1;0;15;0;17;16;16;16;15;16;14;16;13;16;12;16;11;16;10;16;9;16;8;16;7;16;7;15;7;14;7;13;7;12;7;11;7;10;7;9;7;8;8;8;9;8;10;8;11;8;12;8;13;8;14;8;15;8;15;7;15;6;15;5
1;0;15;0;16;16;15;16;14;16;13;16;12;16;11;16;10;16;9;16;8;16;7;16;7;15;7;14;7;13;7;12;7;11;7;10;7;9;7;8;8;8;9;8;10;8;11;8;12;8;13;8;14;8;15;8;15;7;15;6;15;5;15;4
1;0;15;0;15;16;14;16;13;16;12;16;11;16;10;16;9;16;8;16;7;16;7;15;7;14;7;13;7;12;7;11;7;10;7;9;7;8;8;8;9;8;10;8;11;8;12;8;13;8;14;8;15;8;15;7;15;6;15;5;15;4;15;3
1;0;15;0;14;16;13;16;12;16;11;16;10;16;9;16;8;16;7;16;7;15;7;14;7;13;7;12;7;11;7;10;7;9;7;8;8;8;9;8;10;8;11;8;12;8;13;8;14;8;15;8;15;7;15;6;15;5;15;4;15;3;15;2
1;0;15;0;13;16;12;16;11;16;10;16;9;16;8;16;7;16;7;15;7;14;7;13;7;12;7;11;7;10;7;9;7;8;8;8;9;8;10;8;11;8;12;8;13;8;14;8;15;8;15;7;15;6;15;5;15;4;15;3;15;2;15;1
1;0;14;11;12;16;12;16;11;16;10;16;9;16;8;16;7;16;7;15;7;14;7;13;7;12;7;11;7;10;7;9;7;8;8;8;9;8;10;8;11;8;12;8;13;8;14;8;15;8;15;7;15;6;15;5;15;4;15;3;15;2;15;1;15;0
1;3;14;11;12;16;11;16;10;16;9;16;8;16;7;16;7;15;7;14;7;13;7;12;7;11;7;10;7;9;7;8;8;8;9;8;10;8;11;8;12;8;13;8;14;8;15;8;15;7;15;6;15;5;15;4;15;3;15;2;15;1;15;0;14;0
1;2;14;11;11;16;10;16;9;16;8;16;7;16;7;15;7;14;7;13;7;12;7;11;7;10;7;9;7;8;8;8;9;8;10;8;11;8;12;8;13;8;14;8;15;8;15;7;15;6;15;5;15;4;15;3;15;2;15;1;15;0;14;0;14;1
1;2;14;11;10;16;9;16;8;16;7;16;7;15;7;14;7;13;7;12;7;11;7;10;7;9;7;8;8;8;9;8;10;8;11;8;12;8;13;8;14;8;15;8;15;7;15;6;15;5;15;4;15;3;15;2;15;1;15;0;14;0;14;1;14;2
1;2;14;11;9;16;8;16;7;16;7;15;7;14;7;13;7;12;7;11;7;10;7;9;7;8;8;8;9;8;10;8;11;8;12;8;13;8;14;8;15;8;15;7;15;6;15;5;15;4;15;3;15;2;15;1;15;0;14;0;14;1;14;2;14;3
1;2;14;11;8;16;7;16;7;15;7;14;7;13;7;12;7;11;7;10;7;9;7;8;8;8;9;8;10;8;11;8;12;8;13;8;14;8;15;8;15;7;15;6;15;5;15;4;15;3;15;2;15;1;15;0;14;0;14;1;14;2;14;3;14;4
1;2;14;11;7;16;7;15;7;14;7;13;7;12;7;11;7;10;7;9;7;8;8;8;9;8;10;8;11;8;12;8;13;8;14;8;15;8;15;7;15;6;15;5;15;4;15;3;15;2;15;1;15;0;14;0;14;1;14;2;14;3;14;4;14;5
1;2;14;11;7;15;7;14;7;13;7;12;7;11;7;10;7;9;7;8;8;8;9;8;10;8;11;8;12;8;13;8;14;8;15;8;15;7;15;6;15;5;15;4;15;3;15;2;15;1;15;0;14;0;14;1;14;2;14;3;14;4;14;5;14;6
1;2;14;11;7;14;7;13;7;12;7;11;7;10;7;9;7;8;8;8;9;8;10;8;11;8;12;8;13;8;14;8;15;8;15;7;15;6;15;5;15;4;15;3;15;2;15;1;15;0;14;0;14;1;14;2;14;3;14;4;14;5;14;6;14;7
1;3;14;11;7;13;7;12;7;11;7;10;7;9;7;8;8;8;9;8;10;8;11;8;12;8;13;8;14;8;15;8;15;7;15;6;15;5;15;4;15;3;15;2;15;1;15;0;14;0;14;1;14;2;14;3;14;4;14;5;14;6;14;7;13;7
1;3;14;11;7;12;7;11;7;10;7;9;7;8;8;8;9;8;10;8;11;8;12;8;13;8;14;8;15;8;15;7;15;6;15;5;15;4;15;3;15;2;15;1;15;0;14;0;14;1;14;2;14;3;14;4;14;5;14;6;14;7;13;7;12;7
1;3;14;11;7;11;7;10;7;9;7;8;8;8;9;8;10;8;11;8;12;8;13;8;14;8;15;8;15;7;15;6;15;5;15;4;15;3;15;2;15;1;15;0;14;0;14;1;14;2;14;3;14;4;14;5;14;6;14;7;13;7;12;7;11;7
1;3;14;11;7;10;7;9;7;8;8;8;9;8;10;8;11;8;12;8;13;8;14;8;15;8;15;7;15;6;15;5;15;4;15;3;15;2;15;1;15;0;14;0;14;1;14;2;14;3;14;4;14;5;14;6;14;7;13;7;12;7;11;7;10;7
1;3;14;11;7;9;7;8;8;8;9;8;10;8;11;8;12;8;13;8;14;8;15;8;15;7;15;6;15;5;15;4;15;3;15;2;15;1;15;0;14;0;14;1;14;2;14;3;14;4;14;5;14;6;14;7;13;7;12;7;11;7;10;7;9;7
1;3;14;11;7;8;8;8;9;8;10;8;11;8;12;8;13;8;14;8;15;8;15;7;15;6;15;5;15;4;15;3;15;2;15;1;15;0;14;0;14;1;14;2;14;3;14;4;14;5;14;6;14;7;13;7;12;7;11;7;10;7;9;7;8;7
1;3;14;11;8;8;9;8;10;8;11;8;12;8;13;8;14;8;15;8;15;7;15;6;15;5;15;4;15;3;15;2;15;1;15;0;14;0;14;1;14;2;14;3;14;4;14;5;14;6;14;7;13;7;12;7;11;7;10;7;9;7;8;7;7;7
1;2;14;11;9;8;10;8;11;8;12;8;13;8;14;8;15;8;15;7;15;6;15;5;15;4;15;3;15;2;15;1;15;0;14;0;14;1;14;2;14;3;14;4;14;5;14;6;14;7;13;7;12;7;11;7;10;7;9;7;8;7;7;7;7;8
1;2;14;11;10;8;11;8;12;8;13;8;14;8;15;8;15;7;15;6;15;5;15;4;15;3;15;2;15;1;15;0;14;0;14;1;14;2;14;3;14;4;14;5;14;6;14;7;13;7;12;7;11;7;10;7;9;7;8;7;7;7;7;8;7;9
1;2;14;11;11;8;12;8;13;8;14;8;15;8;15;7;15;6;15;5;15;4;15;3;15;2;15;1;15;0;14;0;14;1;14;2;14;3;14;4;14;5;14;6;14;7;13;7;12;7;11;7;10;7;9;7;8;7;7;7;7;8;7;9;7;10
1;2;14;11;12;8;13;8;14;8;15;8;15;7;15;6;15;5;15;4;15;3;15;2;15;1;15;0;14;0;14;1;14;2;14;3;14;4;14;5;14;6;14;7;13;7;12;7;11;7;10;7;9;7;8;7;7;7;7;8;7;9;7;10;7;11
1;1;14;11;13;8;14;8;15;8;15;7;15;6;15;5;15;4;15;3;15;2;15;1;15;0;14;0;14;1;14;2;14;3;14;4;14;5;14;6;14;7;13;7;12;7;11;7;10;7;9;7;8;7;7;7;7;8;7;9;7;10;7;11;8;11
1;1;14;11;14;8;15;8;15;7;15;6;15;5;15;4;15;3;15;2;15;1;15;0;14;0;14;1;14;2;14;3;14;4;14;5;14;6;14;7;13;7;12;7;11;7;10;7;9;7;8;7;7;7;7;8;7;9;7;10;7;11;8;11;9;11
1;1;14;11;15;8;15;7;15;6;15;5;15;4;15;3;15;2;15;1;15;0;14;0;14;1;14;2;14;3;14;4;14;5;14;6;14;7;13;7;12;7;11;7;10;7;9;7;8;7;7;7;7;8;7;9;7;10;7;11;8;11;9;11;10;11
1;1;14;11;15;7;15;6;15;5;15;4;15;3;15;2;15;1;15;0;14;0;14;1;14;2;14;3;14;4;14;5;14;6;14;7;13;7;12;7;11;7;10;7;9;7;8;7;7;7;7;8;7;9;7;10;7;11;8;11;9;11;10;11;11;11
1;1;14;11;15;6;15;5;15;4;15;3;15;2;15;1;15;0;14;0;14;1;14;2;14;3;14;4;14;5;14;6;14;7;13;7;12;7;11;7;10;7;9;7;8;7;7;7;7;8;7;9;7;10;7;11;8;11;9;11;10;11;11;11;12;11
1;1;14;11;15;5;15;4;15;3;15;2;15;1;15;0;14;0;14;1;14;2;14;3;14;4;14;5;14;6;14;7;13;7;12;7;11;7;10;7;9;7;8;7;7;7;7;8;7;9;7;10;7;11;8;11;9;11;10;11;11;11;12;11;13;11
1;1;8;8;15;4;15;4;15;3;15;2;15;1;15;0;14;0;14;1;14;2;14;3;14;4;14;5;14;6;14;7;13;7;12;7;11;7;10;7;9;7;8;7;7;7;7;8;7;9;7;10;7;11;8;11;9;11;10;11;11;11;12;11;13;11;14;11
1;0;8;8;15;4;15;3;15;2;15;1;15;0;14;0;14;1;14;2;14;3;14;4;14;5;14;6;14;7;13;7;12;7;11;7;10;7;9;7;8;7;7;7;7;8;7;9;7;10;7;11;8;11;9;11;10;11;11;11;12;11;13;11;14;11;14;10
1;0;8;8;15;3;15;2;15;1;15;0;14;0;14;1;14;2;14;3;14;4;14;5;14;6;14;7;13;7;12;7;11;7;10;7;9;7;8;7;7;7;7;8;7;9;7;10;7;11;8;11;9;11;10;11;11;11;12;11;13;11;14;11;14;10;14;9
1;0;8;8;15;2;15;1;15;0;14;0;14;1;14;2;14;3;14;4;14;5;14;6;14;7;13;7;12;7;11;7;10;7;9;7;8;7;7;7;7;8;7;9;7;10;7;11;8;11;9;11;10;11;11;11;12;11;13;11;14;11;14;10;14;9;14;8
1;3;8;8;15;1;15;0;14;0;14;1;14;2;14;3;14;4;14;5;14;6;14;7;13;7;12;7;11;7;10;7;9;7;8;7;7;7;7;8;7;9;7;10;7;11;8;11;9;11;10;11;11;11;12;11;13;11;14;11;14;10;14;9;14;8;13;8
1;3;8;8;15;0;14;0;14;1;14;2;14;3;14;4;14;5;14;6;14;7;13;7;12;7;11;7;10;7;9;7;8;7;7;7;7;8;7;9;7;10;7;11;8;11;9;11;10;11;11;11;12;11;13;11;14;11;14;10;14;9;14;8;13;8;12;8
1;3;8;8;14;0;14;1;14;2;14;3;14;4;14;5;14;6;14;7;13;7;12;7;11;7;10;7;9;7;8;7;7;7;7;8;7;9;7;10;7;11;8;11;9;11;10;11;11;11;12;11;13;11;14;11;14;10;14;9;14;8;13;8;12;8;11;8
1;3;8;8;14;1;14;2;14;3;14;4;14;5;14;6;14;7;13;7;12;7;11;7;10;7;9;7;8;7;7;7;7;8;7;9;7;10;7;11;8;11;9;11;10;11;11;11;12;11;13;11;14;11;14;10;14;9;14;8;13;8;12;8;11;8;10;8
1;3;8;8;14;2;14;3;14;4;14;5;14;6;14;7;13;7;12;7;11;7;10;7;9;7;8;7;7;7;7;8;7;9;7;10;7;11;8;11;9;11;10;11;11;11;12;11;13;11;14;11;14;10;14;9;14;8;13;8;12;8;11;8;10;8;9;8
1;3;15;1;14;3;14;3;14;4;14;5;14;6;14;7;13;7;12;7;11;7;10;7;9;7;8;7;7;7;7;8;7;9;7;10;7;11;8;11;9;11;10;11;11;11;12;11;13;11;14;11;14;10;14;9;14;8;13;8;12;8;11;8;10;8;9;8;8;8
1;2;15;1;14;3;14;4;14;5;14;6;14;7;13;7;12;7;11;7;10;7;9;7;8;7;7;7;7;8;7;9;7;10;7;11;8;11;9;11;10;11;11;11;12;11;13;11;14;11;14;10;14;9;14;8;13;8;12;8;11;8;10;8;9;8;8;8;8;9
1;1;15;1;14;4;14;5;14;6;14;7;13;7;12;7;11;7;10;7;9;7;8;7;7;7;7;8;7;9;7;10;7;11;8;11;9;11;10;11;11;11;12;11;13;11;14;11;14;10;14;9;14;8;13;8;12;8;11;8;10;8;9;8;8;8;8;9;9;9
1;1;15;1;14;5;14;6;14;7;13;7;12;7;11;7;10;7;9;7;8;7;7;7;7;8;7;9;7;10;7;11;8;11;9;11;10;11;11;11;12;11;13;11;14;11;14;10;14;9;14;8;13;8;12;8;11;8;10;8;9;8;8;8;8;9;9;9;10;9
1;1;15;1;14;6;14;7;13;7;12;7;11;7;10;7;9;7;8;7;7;7;7;8;7;9;7;10;7;11;8;11;9;11;10;11;11;11;12;11;13;11;14;11;14;10;14;9;14;8;13;8;12;8;11;8;10;8;9;8;8;8;8;9;9;9;10;9;11;9
1;1;15;1;14;7;13;7;12;7;11;7;10;7;9;7;8;7;7;7;7;8;7;9;7;10;7;11;8;11;9;11;10;11;11;11;12;11;13;11;14;11;14;10;14;9;14;8;13;8;12;8;11;8;10;8;9;8;8;8;8;9;9;9;10;9;11;9;12;9
1;1;15;1;13;7;12;7;11;7;10;7;9;7;8;7;7;7;7;8;7;9;7;10;7;11;8;11;9;11;10;11;11;11;12;11;13;11;14;11;14;10;14;9;14;8;13;8;12;8;11;8;10;8;9;8;8;8;8;9;9;9;10;9;11;9;12;9;13;9
1;2;15;1;12;7;11;7;10;7;9;7;8;7;7;7;7;8;7;9;7;10;7;11;8;11;9;11;10;11;11;11;12;11;13;11;14;11;14;10;14;9;14;8;13;8;12;8;11;8;10;8;9;8;8;8;8;9;9;9;10;9;11;9;12;9;13;9;13;10
