20
1;1;16;14;8;10;9;10;10;10
1;0;16;14;9;10;10;10;10;9
1;1;16;14;10;10;10;9;11;9
1;0;16;14;10;9;11;9;11;8
1;1;16;14;11;9;11;8;12;8
1;0;16;14;11;8;12;8;12;7
1;1;16;14;12;8;12;7;13;7
1;0;16;14;12;7;13;7;13;6
1;1;16;14;13;7;13;6;14;6
1;0;16;14;13;6;14;6;14;5
1;1;16;14;14;6;14;5;15;5
1;2;16;14;14;5;15;5;15;6
1;2;16;14;15;5;15;6;15;7
1;2;16;14;15;6;15;7;15;8
1;2;16;14;15;7;15;8;15;9
1;2;16;14;15;8;15;9;15;10
1;2;16;14;15;9;15;10;15;11
1;2;16;14;15;10;15;11;15;12
1;2;16;14;15;11;15;12;15;13
1;2;16;14;15;12;15;13;15;14
1;1;7;3;15;13;15;13;15;14;16;14
1;0;7;3;15;13;15;14;16;14;16;13
1;0;7;3;15;14;16;14;16;13;16;12
1;0;7;3;16;14;16;13;16;12;16;11
1;0;7;3;16;13;16;12;16;11;16;10
1;0;7;3;16;12;16;11;16;10;16;9
1;0;7;3;16;11;16;10;16;9;16;8
1;0;7;3;16;10;16;9;16;8;16;7
1;0;7;3;16;9;16;8;16;7;16;6
1;0;7;3;16;8;16;7;16;6;16;5
1;0;7;3;16;7;16;6;16;5;16;4
1;0;7;3;16;6;16;5;16;4;16;3
1;3;7;3;16;5;16;4;16;3;15;3
1;2;7;3;16;4;16;3;15;3;15;4
1;3;7;3;16;3;15;3;15;4;14;4
1;2;7;3;15;3;15;4;14;4;14;5
1;3;7;3;15;4;14;4;14;5;13;5
1;2;7;3;14;4;14;5;13;5;13;6
1;3;7;3;14;5;13;5;13;6;12;6
1;2;7;3;13;5;13;6;12;6;12;7
1;3;7;3;13;6;12;6;12;7;11;7
1;2;7;3;12;6;12;7;11;7;11;8
1;3;7;3;12;7;11;7;11;8;10;8
1;2;7;3;11;7;11;8;10;8;10;9
1;3;7;3;11;8;10;8;10;9;9;9
1;2;7;3;10;8;10;9;9;9;9;10
1;3;7;3;10;9;9;9;9;10;8;10
1;2;7;3;9;9;9;10;8;10;8;11
1;3;7;3;9;10;8;10;8;11;7;11
1;0;7;3;8;10;8;11;7;11;7;10
1;0;7;3;8;11;7;11;7;10;7;9
1;0;7;3;7;11;7;10;7;9;7;8
1;0;7;3;7;10;7;9;7;8;7;7
1;0;7;3;7;9;7;8;7;7;7;6
1;3;7;3;7;8;7;7;7;6;6;6
1;0;7;3;7;7;7;6;6;6;6;5
1;3;7;3;7;6;6;6;6;5;5;5
1;0;7;3;6;6;6;5;5;5;5;4
1;3;7;3;6;5;5;5;5;4;4;4
1;0;7;3;5;5;5;4;4;4;4;3
1;1;7;3;5;4;4;4;4;3;5;3
1;0;7;3;4;4;4;3;5;3;5;2
1;1;7;3;4;3;5;3;5;2;6;2
1;0;7;3;5;3;5;2;6;2;6;1
1;1;7;3;5;2;6;2;6;1;7;1
1;2;7;3;6;2;6;1;7;1;7;2
1;1;7;3;6;1;7;1;7;2;8;2
1;2;7;3;7;1;7;2;8;2;8;3
1;3;4;9;7;2;7;2;8;2;8;3;7;3
1;3;4;9;7;2;8;2;8;3;7;3;6;3
1;3;4;9;8;2;8;3;7;3;6;3;5;3
1;3;4;9;8;3;7;3;6;3;5;3;4;3
1;2;4;9;7;3;6;3;5;3;4;3;4;4
1;1;4;9;6;3;5;3;4;3;4;4;5;4
1;2;4;9;5;3;4;3;4;4;5;4;5;5
1;1;4;9;4;3;4;4;5;4;5;5;6;5
1;2;4;9;4;4;5;4;5;5;6;5;6;6
1;1;4;9;5;4;5;5;6;5;6;6;7;6
1;2;4;9;5;5;6;5;6;6;7;6;7;7
1;1;4;9;6;5;6;6;7;6;7;7;8;7
1;2;4;9;6;6;7;6;7;7;8;7;8;8
1;1;4;9;7;6;7;7;8;7;8;8;9;8
1;2;4;9;7;7;8;7;8;8;9;8;9;9
1;3;4;9;8;7;8;8;9;8;9;9;8;9
1;2;4;9;8;8;9;8;9;9;8;9;8;10
1;3;4;9;9;8;9;9;8;9;8;10;7;10
1;2;4;9;9;9;8;9;8;10;7;10;7;11
1;3;4;9;8;9;8;10;7;10;7;11;6;11
1;2;4;9;8;10;7;10;7;11;6;11;6;12
1;3;4;9;7;10;7;11;6;11;6;12;5;12
1;2;4;9;7;11;6;11;6;12;5;12;5;13
1;3;4;9;6;11;6;12;5;12;5;13;4;13
1;0;4;9;6;12;5;12;5;13;4;13;4;12
1;0;4;9;5;12;5;13;4;13;4;12;4;11
1;3;4;9;5;13;4;13;4;12;4;11;3;11
1;0;4;9;4;13;4;12;4;11;3;11;3;10
1;3;4;9;4;12;4;11;3;11;3;10;2;10
1;0;4;9;4;11;3;11;3;10;2;10;2;9
1;1;4;9;3;11;3;10;2;10;2;9;3;9
1;0;4;9;3;10;2;10;2;9;3;9;3;8
1;1;4;9;2;10;2;9;3;9;3;8;4;8
1;2;11;6;2;9;2;9;3;9;3;8;4;8;4;9
1;1;11;6;2;9;3;9;3;8;4;8;4;9;5;9
1;1;11;6;3;9;3;8;4;8;4;9;5;9;6;9
1;1;11;6;3;8;4;8;4;9;5;9;6;9;7;9
1;1;11;6;4;8;4;9;5;9;6;9;7;9;8;9
1;1;11;6;4;9;5;9;6;9;7;9;8;9;9;9
1;1;11;6;5;9;6;9;7;9;8;9;9;9;10;9
1;1;11;6;6;9;7;9;8;9;9;9;10;9;11;9
1;0;11;6;7;9;8;9;9;9;10;9;11;9;11;8
1;0;11;6;8;9;9;9;10;9;11;9;11;8;11;7
1;0;10;12;9;9;9;9;10;9;11;9;11;8;11;7;11;6
1;3;10;12;9;9;10;9;11;9;11;8;11;7;11;6;10;6
1;2;10;12;10;9;11;9;11;8;11;7;11;6;10;6;10;7
