20
1;1;0;4;8;10;9;10;10;10
1;0;0;4;9;10;10;10;10;9
1;0;0;4;10;10;10;9;10;8
1;0;0;4;10;9;10;8;10;7
1;0;0;4;10;8;10;7;10;6
1;0;0;4;10;7;10;6;10;5
1;0;0;4;10;6;10;5;10;4
1;3;0;4;10;5;10;4;9;4
1;3;0;4;10;4;9;4;8;4
1;3;0;4;9;4;8;4;7;4
1;3;0;4;8;4;7;4;6;4
1;3;0;4;7;4;6;4;5;4
1;3;0;4;6;4;5;4;4;4
1;3;0;4;5;4;4;4;3;4
1;3;0;4;4;4;3;4;2;4
1;3;0;4;3;4;2;4;1;4
1;3;17;2;2;4;2;4;1;4;0;4
1;2;17;2;2;4;1;4;0;4;0;5
1;1;17;2;1;4;0;4;0;5;1;5
1;1;17;2;0;4;0;5;1;5;2;5
1;1;17;2;0;5;1;5;2;5;3;5
1;1;17;2;1;5;2;5;3;5;4;5
1;1;17;2;2;5;3;5;4;5;5;5
1;1;17;2;3;5;4;5;5;5;6;5
1;1;17;2;4;5;5;5;6;5;7;5
1;1;17;2;5;5;6;5;7;5;8;5
1;1;17;2;6;5;7;5;8;5;9;5
1;1;17;2;7;5;8;5;9;5;10;5
1;1;17;2;8;5;9;5;10;5;11;5
1;1;17;2;9;5;10;5;11;5;12;5
1;1;17;2;10;5;11;5;12;5;13;5
1;1;17;2;11;5;12;5;13;5;14;5
1;1;17;2;12;5;13;5;14;5;15;5
1;1;17;2;13;5;14;5;15;5;16;5
1;1;17;2;14;5;15;5;16;5;17;5
1;0;17;2;15;5;16;5;17;5;17;4
1;0;17;2;16;5;17;5;17;4;17;3
1;0;11;4;17;5;17;5;17;4;17;3;17;2
1;3;11;4;17;5;17;4;17;3;17;2;16;2
1;3;11;4;17;4;17;3;17;2;16;2;15;2
1;3;11;4;17;3;17;2;16;2;15;2;14;2
1;3;11;4;17;2;16;2;15;2;14;2;13;2
1;3;11;4;16;2;15;2;14;2;13;2;12;2
1;3;11;4;15;2;14;2;13;2;12;2;11;2
1;2;11;4;14;2;13;2;12;2;11;2;11;3
1;2;9;5;13;2;13;2;12;2;11;2;11;3;11;4
1;3;9;5;13;2;12;2;11;2;11;3;11;4;10;4
1;3;9;5;12;2;11;2;11;3;11;4;10;4;9;4
1;2;6;3;11;2;11;2;11;3;11;4;10;4;9;4;9;5
1;3;6;3;11;2;11;3;11;4;10;4;9;4;9;5;8;5
1;3;6;3;11;3;11;4;10;4;9;4;9;5;8;5;7;5
1;3;6;3;11;4;10;4;9;4;9;5;8;5;7;5;6;5
1;0;6;3;10;4;9;4;9;5;8;5;7;5;6;5;6;4
1;0;10;16;9;4;9;4;9;5;8;5;7;5;6;5;6;4;6;3
1;1;10;16;9;4;9;5;8;5;7;5;6;5;6;4;6;3;7;3
1;1;10;16;9;5;8;5;7;5;6;5;6;4;6;3;7;3;8;3
1;1;10;16;8;5;7;5;6;5;6;4;6;3;7;3;8;3;9;3
1;1;10;16;7;5;6;5;6;4;6;3;7;3;8;3;9;3;10;3
1;2;10;16;6;5;6;4;6;3;7;3;8;3;9;3;10;3;10;4
1;2;10;16;6;4;6;3;7;3;8;3;9;3;10;3;10;4;10;5
1;2;10;16;6;3;7;3;8;3;9;3;10;3;10;4;10;5;10;6
1;2;10;16;7;3;8;3;9;3;10;3;10;4;10;5;10;6;10;7
1;2;10;16;8;3;9;3;10;3;10;4;10;5;10;6;10;7;10;8
1;2;10;16;9;3;10;3;10;4;10;5;10;6;10;7;10;8;10;9
1;2;10;16;10;3;10;4;10;5;10;6;10;7;10;8;10;9;10;10
1;2;10;16;10;4;10;5;10;6;10;7;10;8;10;9;10;10;10;11
1;2;10;16;10;5;10;6;10;7;10;8;10;9;10;10;10;11;10;12
1;2;10;16;10;6;10;7;10;8;10;9;10;10;10;11;10;12;10;13
1;2;10;16;10;7;10;8;10;9;10;10;10;11;10;12;10;13;10;14
1;2;10;16;10;8;10;9;10;10;10;11;10;12;10;13;10;14;10;15
1;2;1;4;10;9;10;9;10;10;10;11;10;12;10;13;10;14;10;15;10;16
1;3;1;4;10;9;10;10;10;11;10;12;10;13;10;14;10;15;10;16;9;16
1;0;1;4;10;10;10;11;10;12;10;13;10;14;10;15;10;16;9;16;9;15
1;0;1;4;10;11;10;12;10;13;10;14;10;15;10;16;9;16;9;15;9;14
1;0;1;4;10;12;10;13;10;14;10;15;10;16;9;16;9;15;9;14;9;13
1;0;1;4;10;13;10;14;10;15;10;16;9;16;9;15;9;14;9;13;9;12
1;0;1;4;10;14;10;15;10;16;9;16;9;15;9;14;9;13;9;12;9;11
1;0;1;4;10;15;10;16;9;16;9;15;9;14;9;13;9;12;9;11;9;10
1;0;1;4;10;16;9;16;9;15;9;14;9;13;9;12;9;11;9;10;9;9
1;0;1;4;9;16;9;15;9;14;9;13;9;12;9;11;9;10;9;9;9;8
1;0;1;4;9;15;9;14;9;13;9;12;9;11;9;10;9;9;9;8;9;7
1;0;1;4;9;14;9;13;9;12;9;11;9;10;9;9;9;8;9;7;9;6
1;0;1;4;9;13;9;12;9;11;9;10;9;9;9;8;9;7;9;6;9;5
1;0;1;4;9;12;9;11;9;10;9;9;9;8;9;7;9;6;9;5;9;4
1;3;1;4;9;11;9;10;9;9;9;8;9;7;9;6;9;5;9;4;8;4
1;3;1;4;9;10;9;9;9;8;9;7;9;6;9;5;9;4;8;4;7;4
1;3;1;4;9;9;9;8;9;7;9;6;9;5;9;4;8;4;7;4;6;4
1;3;1;4;9;8;9;7;9;6;9;5;9;4;8;4;7;4;6;4;5;4
1;3;1;4;9;7;9;6;9;5;9;4;8;4;7;4;6;4;5;4;4;4
1;3;1;4;9;6;9;5;9;4;8;4;7;4;6;4;5;4;4;4;3;4
1;3;1;4;9;5;9;4;8;4;7;4;6;4;5;4;4;4;3;4;2;4
1;3;19;4;9;4;9;4;8;4;7;4;6;4;5;4;4;4;3;4;2;4;1;4
1;2;19;4;9;4;8;4;7;4;6;4;5;4;4;4;3;4;2;4;1;4;1;5
1;1;19;4;8;4;7;4;6;4;5;4;4;4;3;4;2;4;1;4;1;5;2;5
1;1;19;4;7;4;6;4;5;4;4;4;3;4;2;4;1;4;1;5;2;5;3;5
1;1;19;4;6;4;5;4;4;4;3;4;2;4;1;4;1;5;2;5;3;5;4;5
1;1;19;4;5;4;4;4;3;4;2;4;1;4;1;5;2;5;3;5;4;5;5;5
1;1;19;4;4;4;3;4;2;4;1;4;1;5;2;5;3;5;4;5;5;5;6;5
1;0;19;4;3;4;2;4;1;4;1;5;2;5;3;5;4;5;5;5;6;5;6;4
1;1;19;4;2;4;1;4;1;5;2;5;3;5;4;5;5;5;6;5;6;4;7;4
1;1;19;4;1;4;1;5;2;5;3;5;4;5;5;5;6;5;6;4;7;4;8;4
1;1;19;4;1;5;2;5;3;5;4;5;5;5;6;5;6;4;7;4;8;4;9;4
1;1;19;4;2;5;3;5;4;5;5;5;6;5;6;4;7;4;8;4;9;4;10;4
1;1;19;4;3;5;4;5;5;5;6;5;6;4;7;4;8;4;9;4;10;4;11;4
1;1;19;4;4;5;5;5;6;5;6;4;7;4;8;4;9;4;10;4;11;4;12;4
1;1;19;4;5;5;6;5;6;4;7;4;8;4;9;4;10;4;11;4;12;4;13;4
1;1;19;4;6;5;6;4;7;4;8;4;9;4;10;4;11;4;12;4;13;4;14;4
1;1;19;4;6;4;7;4;8;4;9;4;10;4;11;4;12;4;13;4;14;4;15;4
1;1;19;4;7;4;8;4;9;4;10;4;11;4;12;4;13;4;14;4;15;4;16;4
1;1;19;4;8;4;9;4;10;4;11;4;12;4;13;4;14;4;15;4;16;4;17;4
1;1;19;4;9;4;10;4;11;4;12;4;13;4;14;4;15;4;16;4;17;4;18;4
1;1;10;16;10;4;10;4;11;4;12;4;13;4;14;4;15;4;16;4;17;4;18;4;19;4
1;2;10;16;10;4;11;4;12;4;13;4;14;4;15;4;16;4;17;4;18;4;19;4;19;5
1;3;10;16;11;4;12;4;13;4;14;4;15;4;16;4;17;4;18;4;19;4;19;5;18;5
1;3;10;16;12;4;13;4;14;4;15;4;16;4;17;4;18;4;19;4;19;5;18;5;17;5
1;3;10;16;13;4;14;4;15;4;16;4;17;4;18;4;19;4;19;5;18;5;17;5;16;5
1;3;10;16;14;4;15;4;16;4;17;4;18;4;19;4;19;5;18;5;17;5;16;5;15;5
1;3;10;16;15;4;16;4;17;4;18;4;19;4;19;5;18;5;17;5;16;5;15;5;14;5
1;3;10;16;16;4;17;4;18;4;19;4;19;5;18;5;17;5;16;5;15;5;14;5;13;5
1;3;10;16;17;4;18;4;19;4;19;5;18;5;17;5;16;5;15;5;14;5;13;5;12;5
1;3;10;16;18;4;19;4;19;5;18;5;17;5;16;5;15;5;14;5;13;5;12;5;11;5
1;3;10;16;19;4;19;5;18;5;17;5;16;5;15;5;14;5;13;5;12;5;11;5;10;5
1;2;10;16;19;5;18;5;17;5;16;5;15;5;14;5;13;5;12;5;11;5;10;5;10;6
1;2;10;16;18;5;17;5;16;5;15;5;14;5;13;5;12;5;11;5;10;5;10;6;10;7
1;2;10;16;17;5;16;5;15;5;14;5;13;5;12;5;11;5;10;5;10;6;10;7;10;8
1;2;10;16;16;5;15;5;14;5;13;5;12;5;11;5;10;5;10;6;10;7;10;8;10;9
1;2;10;16;15;5;14;5;13;5;12;5;11;5;10;5;10;6;10;7;10;8;10;9;10;10
1;2;10;16;14;5;13;5;12;5;11;5;10;5;10;6;10;7;10;8;10;9;10;10;10;11
1;2;10;16;13;5;12;5;11;5;10;5;10;6;10;7;10;8;10;9;10;10;10;11;10;12
1;2;10;16;12;5;11;5;10;5;10;6;10;7;10;8;10;9;10;10;10;11;10;12;10;13
1;2;10;16;11;5;10;5;10;6;10;7;10;8;10;9;10;10;10;11;10;12;10;13;10;14
1;2;10;16;10;5;10;6;10;7;10;8;10;9;10;10;10;11;10;12;10;13;10;14;10;15
1;2;14;19;10;6;10;6;10;7;10;8;10;9;10;10;10;11;10;12;10;13;10;14;10;15;10;16
1;2;14;19;10;6;10;7;10;8;10;9;10;10;10;11;10;12;10;13;10;14;10;15;10;16;10;17
1;2;14;19;10;7;10;8;10;9;10;10;10;11;10;12;10;13;10;14;10;15;10;16;10;17;10;18
1;2;14;19;10;8;10;9;10;10;10;11;10;12;10;13;10;14;10;15;10;16;10;17;10;18;10;19
1;1;14;19;10;9;10;10;10;11;10;12;10;13;10;14;10;15;10;16;10;17;10;18;10;19;11;19
1;1;14;19;10;10;10;11;10;12;10;13;10;14;10;15;10;16;10;17;10;18;10;19;11;19;12;19
1;1;14;19;10;11;10;12;10;13;10;14;10;15;10;16;10;17;10;18;10;19;11;19;12;19;13;19
1;1;19;11;10;12;10;12;10;13;10;14;10;15;10;16;10;17;10;18;10;19;11;19;12;19;13;19;14;19
1;1;19;11;10;12;10;13;10;14;10;15;10;16;10;17;10;18;10;19;11;19;12;19;13;19;14;19;15;19
1;1;19;11;10;13;10;14;10;15;10;16;10;17;10;18;10;19;11;19;12;19;13;19;14;19;15;19;16;19
1;1;19;11;10;14;10;15;10;16;10;17;10;18;10;19;11;19;12;19;13;19;14;19;15;19;16;19;17;19
1;1;19;11;10;15;10;16;10;17;10;18;10;19;11;19;12;19;13;19;14;19;15;19;16;19;17;19;18;19
1;1;19;11;10;16;10;17;10;18;10;19;11;19;12;19;13;19;14;19;15;19;16;19;17;19;18;19;19;19
1;0;19;11;10;17;10;18;10;19;11;19;12;19;13;19;14;19;15;19;16;19;17;19;18;19;19;19;19;18
1;0;19;11;10;18;10;19;11;19;12;19;13;19;14;19;15;19;16;19;17;19;18;19;19;19;19;18;19;17
1;0;19;11;10;19;11;19;12;19;13;19;14;19;15;19;16;19;17;19;18;19;19;19;19;18;19;17;19;16
1;0;19;11;11;19;12;19;13;19;14;19;15;19;16;19;17;19;18;19;19;19;19;18;19;17;19;16;19;15
1;0;19;11;12;19;13;19;14;19;15;19;16;19;17;19;18;19;19;19;19;18;19;17;19;16;19;15;19;14
1;0;19;11;13;19;14;19;15;19;16;19;17;19;18;19;19;19;19;18;19;17;19;16;19;15;19;14;19;13
1;0;19;11;14;19;15;19;16;19;17;19;18;19;19;19;19;18;19;17;19;16;19;15;19;14;19;13;19;12
1;0;12;16;15;19;15;19;16;19;17;19;18;19;19;19;19;18;19;17;19;16;19;15;19;14;19;13;19;12;19;11
1;3;12;16;15;19;16;19;17;19;18;19;19;19;19;18;19;17;19;16;19;15;19;14;19;13;19;12;19;11;18;11
1;3;12;16;16;19;17;19;18;19;19;19;19;18;19;17;19;16;19;15;19;14;19;13;19;12;19;11;18;11;17;11
1;3;12;16;17;19;18;19;19;19;19;18;19;17;19;16;19;15;19;14;19;13;19;12;19;11;18;11;17;11;16;11
1;3;12;16;18;19;19;19;19;18;19;17;19;16;19;15;19;14;19;13;19;12;19;11;18;11;17;11;16;11;15;11
1;3;12;16;19;19;19;18;19;17;19;16;19;15;19;14;19;13;19;12;19;11;18;11;17;11;16;11;15;11;14;11
1;3;12;16;19;18;19;17;19;16;19;15;19;14;19;13;19;12;19;11;18;11;17;11;16;11;15;11;14;11;13;11
1;3;12;16;19;17;19;16;19;15;19;14;19;13;19;12;19;11;18;11;17;11;16;11;15;11;14;11;13;11;12;11
1;2;12;16;19;16;19;15;19;14;19;13;19;12;19;11;18;11;17;11;16;11;15;11;14;11;13;11;12;11;12;12
1;2;12;16;19;15;19;14;19;13;19;12;19;11;18;11;17;11;16;11;15;11;14;11;13;11;12;11;12;12;12;13
1;2;12;16;19;14;19;13;19;12;19;11;18;11;17;11;16;11;15;11;14;11;13;11;12;11;12;12;12;13;12;14
1;2;12;16;19;13;19;12;19;11;18;11;17;11;16;11;15;11;14;11;13;11;12;11;12;12;12;13;12;14;12;15
1;2;17;1;19;12;19;12;19;11;18;11;17;11;16;11;15;11;14;11;13;11;12;11;12;12;12;13;12;14;12;15;12;16
1;1;17;1;19;12;19;11;18;11;17;11;16;11;15;11;14;11;13;11;12;11;12;12;12;13;12;14;12;15;12;16;13;16
1;1;17;1;19;11;18;11;17;11;16;11;15;11;14;11;13;11;12;11;12;12;12;13;12;14;12;15;12;16;13;16;14;16
1;1;17;1;18;11;17;11;16;11;15;11;14;11;13;11;12;11;12;12;12;13;12;14;12;15;12;16;13;16;14;16;15;16
1;1;17;1;17;11;16;11;15;11;14;11;13;11;12;11;12;12;12;13;12;14;12;15;12;16;13;16;14;16;15;16;16;16
1;1;17;1;16;11;15;11;14;11;13;11;12;11;12;12;12;13;12;14;12;15;12;16;13;16;14;16;15;16;16;16;17;16
1;0;17;1;15;11;14;11;13;11;12;11;12;12;12;13;12;14;12;15;12;16;13;16;14;16;15;16;16;16;17;16;17;15
1;0;17;1;14;11;13;11;12;11;12;12;12;13;12;14;12;15;12;16;13;16;14;16;15;16;16;16;17;16;17;15;17;14
1;0;17;1;13;11;12;11;12;12;12;13;12;14;12;15;12;16;13;16;14;16;15;16;16;16;17;16;17;15;17;14;17;13
1;0;17;1;12;11;12;12;12;13;12;14;12;15;12;16;13;16;14;16;15;16;16;16;17;16;17;15;17;14;17;13;17;12
1;0;17;1;12;12;12;13;12;14;12;15;12;16;13;16;14;16;15;16;16;16;17;16;17;15;17;14;17;13;17;12;17;11
1;0;17;1;12;13;12;14;12;15;12;16;13;16;14;16;15;16;16;16;17;16;17;15;17;14;17;13;17;12;17;11;17;10
1;0;17;1;12;14;12;15;12;16;13;16;14;16;15;16;16;16;17;16;17;15;17;14;17;13;17;12;17;11;17;10;17;9
1;0;17;1;12;15;12;16;13;16;14;16;15;16;16;16;17;16;17;15;17;14;17;13;17;12;17;11;17;10;17;9;17;8
1;0;17;1;12;16;13;16;14;16;15;16;16;16;17;16;17;15;17;14;17;13;17;12;17;11;17;10;17;9;17;8;17;7
1;0;17;1;13;16;14;16;15;16;16;16;17;16;17;15;17;14;17;13;17;12;17;11;17;10;17;9;17;8;17;7;17;6
1;0;17;1;14;16;15;16;16;16;17;16;17;15;17;14;17;13;17;12;17;11;17;10;17;9;17;8;17;7;17;6;17;5
1;0;17;1;15;16;16;16;17;16;17;15;17;14;17;13;17;12;17;11;17;10;17;9;17;8;17;7;17;6;17;5;17;4
1;0;17;1;16;16;17;16;17;15;17;14;17;13;17;12;17;11;17;10;17;9;17;8;17;7;17;6;17;5;17;4;17;3
1;0;17;1;17;16;17;15;17;14;17;13;17;12;17;11;17;10;17;9;17;8;17;7;17;6;17;5;17;4;17;3;17;2
1;0;9;8;17;15;17;15;17;14;17;13;17;12;17;11;17;10;17;9;17;8;17;7;17;6;17;5;17;4;17;3;17;2;17;1
1;3;9;8;17;15;17;14;17;13;17;12;17;11;17;10;17;9;17;8;17;7;17;6;17;5;17;4;17;3;17;2;17;1;16;1
1;3;9;8;17;14;17;13;17;12;17;11;17;10;17;9;17;8;17;7;17;6;17;5;17;4;17;3;17;2;17;1;16;1;15;1
1;3;9;8;17;13;17;12;17;11;17;10;17;9;17;8;17;7;17;6;17;5;17;4;17;3;17;2;17;1;16;1;15;1;14;1
1;3;9;8;17;12;17;11;17;10;17;9;17;8;17;7;17;6;17;5;17;4;17;3;17;2;17;1;16;1;15;1;14;1;13;1
1;3;9;8;17;11;17;10;17;9;17;8;17;7;17;6;17;5;17;4;17;3;17;2;17;1;16;1;15;1;14;1;13;1;12;1
1;3;9;8;17;10;17;9;17;8;17;7;17;6;17;5;17;4;17;3;17;2;17;1;16;1;15;1;14;1;13;1;12;1;11;1
1;3;9;8;17;9;17;8;17;7;17;6;17;5;17;4;17;3;17;2;17;1;16;1;15;1;14;1;13;1;12;1;11;1;10;1
1;3;9;8;17;8;17;7;17;6;17;5;17;4;17;3;17;2;17;1;16;1;15;1;14;1;13;1;12;1;11;1;10;1;9;1
1;2;9;8;17;7;17;6;17;5;17;4;17;3;17;2;17;1;16;1;15;1;14;1;13;1;12;1;11;1;10;1;9;1;9;2
1;2;9;8;17;6;17;5;17;4;17;3;17;2;17;1;16;1;15;1;14;1;13;1;12;1;11;1;10;1;9;1;9;2;9;3
1;2;9;8;17;5;17;4;17;3;17;2;17;1;16;1;15;1;14;1;13;1;12;1;11;1;10;1;9;1;9;2;9;3;9;4
1;2;9;8;17;4;17;3;17;2;17;1;16;1;15;1;14;1;13;1;12;1;11;1;10;1;9;1;9;2;9;3;9;4;9;5
1;2;9;8;17;3;17;2;17;1;16;1;15;1;14;1;13;1;12;1;11;1;10;1;9;1;9;2;9;3;9;4;9;5;9;6
1;2;9;8;17;2;17;1;16;1;15;1;14;1;13;1;12;1;11;1;10;1;9;1;9;2;9;3;9;4;9;5;9;6;9;7
1;2;15;17;17;1;17;1;16;1;15;1;14;1;13;1;12;1;11;1;10;1;9;1;9;2;9;3;9;4;9;5;9;6;9;7;9;8
1;2;15;17;17;1;16;1;15;1;14;1;13;1;12;1;11;1;10;1;9;1;9;2;9;3;9;4;9;5;9;6;9;7;9;8;9;9
1;2;15;17;16;1;15;1;14;1;13;1;12;1;11;1;10;1;9;1;9;2;9;3;9;4;9;5;9;6;9;7;9;8;9;9;9;10
1;2;15;17;15;1;14;1;13;1;12;1;11;1;10;1;9;1;9;2;9;3;9;4;9;5;9;6;9;7;9;8;9;9;9;10;9;11
1;2;15;17;14;1;13;1;12;1;11;1;10;1;9;1;9;2;9;3;9;4;9;5;9;6;9;7;9;8;9;9;9;10;9;11;9;12
1;2;15;17;13;1;12;1;11;1;10;1;9;1;9;2;9;3;9;4;9;5;9;6;9;7;9;8;9;9;9;10;9;11;9;12;9;13
1;2;15;17;12;1;11;1;10;1;9;1;9;2;9;3;9;4;9;5;9;6;9;7;9;8;9;9;9;10;9;11;9;12;9;13;9;14
1;2;15;17;11;1;10;1;9;1;9;2;9;3;9;4;9;5;9;6;9;7;9;8;9;9;9;10;9;11;9;12;9;13;9;14;9;15
1;2;15;17;10;1;9;1;9;2;9;3;9;4;9;5;9;6;9;7;9;8;9;9;9;10;9;11;9;12;9;13;9;14;9;15;9;16
1;2;15;17;9;1;9;2;9;3;9;4;9;5;9;6;9;7;9;8;9;9;9;10;9;11;9;12;9;13;9;14;9;15;9;16;9;17
1;1;15;17;9;2;9;3;9;4;9;5;9;6;9;7;9;8;9;9;9;10;9;11;9;12;9;13;9;14;9;15;9;16;9;17;10;17
1;1;15;17;9;3;9;4;9;5;9;6;9;7;9;8;9;9;9;10;9;11;9;12;9;13;9;14;9;15;9;16;9;17;10;17;11;17
1;1;15;17;9;4;9;5;9;6;9;7;9;8;9;9;9;10;9;11;9;12;9;13;9;14;9;15;9;16;9;17;10;17;11;17;12;17
1;1;15;17;9;5;9;6;9;7;9;8;9;9;9;10;9;11;9;12;9;13;9;14;9;15;9;16;9;17;10;17;11;17;12;17;13;17
1;1;15;17;9;6;9;7;9;8;9;9;9;10;9;11;9;12;9;13;9;14;9;15;9;16;9;17;10;17;11;17;12;17;13;17;14;17
1;1;10;3;9;7;9;7;9;8;9;9;9;10;9;11;9;12;9;13;9;14;9;15;9;16;9;17;10;17;11;17;12;17;13;17;14;17;15;17
1;0;10;3;9;7;9;8;9;9;9;10;9;11;9;12;9;13;9;14;9;15;9;16;9;17;10;17;11;17;12;17;13;17;14;17;15;17;15;16
1;0;10;3;9;8;9;9;9;10;9;11;9;12;9;13;9;14;9;15;9;16;9;17;10;17;11;17;12;17;13;17;14;17;15;17;15;16;15;15
1;0;10;3;9;9;9;10;9;11;9;12;9;13;9;14;9;15;9;16;9;17;10;17;11;17;12;17;13;17;14;17;15;17;15;16;15;15;15;14
1;0;10;3;9;10;9;11;9;12;9;13;9;14;9;15;9;16;9;17;10;17;11;17;12;17;13;17;14;17;15;17;15;16;15;15;15;14;15;13
1;0;10;3;9;11;9;12;9;13;9;14;9;15;9;16;9;17;10;17;11;17;12;17;13;17;14;17;15;17;15;16;15;15;15;14;15;13;15;12
1;0;10;3;9;12;9;13;9;14;9;15;9;16;9;17;10;17;11;17;12;17;13;17;14;17;15;17;15;16;15;15;15;14;15;13;15;12;15;11
1;0;10;3;9;13;9;14;9;15;9;16;9;17;10;17;11;17;12;17;13;17;14;17;15;17;15;16;15;15;15;14;15;13;15;12;15;11;15;10
1;0;10;3;9;14;9;15;9;16;9;17;10;17;11;17;12;17;13;17;14;17;15;17;15;16;15;15;15;14;15;13;15;12;15;11;15;10;15;9
1;0;10;3;9;15;9;16;9;17;10;17;11;17;12;17;13;17;14;17;15;17;15;16;15;15;15;14;15;13;15;12;15;11;15;10;15;9;15;8
1;0;10;3;9;16;9;17;10;17;11;17;12;17;13;17;14;17;15;17;15;16;15;15;15;14;15;13;15;12;15;11;15;10;15;9;15;8;15;7
1;0;10;3;9;17;10;17;11;17;12;17;13;17;14;17;15;17;15;16;15;15;15;14;15;13;15;12;15;11;15;10;15;9;15;8;15;7;15;6
1;0;10;3;10;17;11;17;12;17;13;17;14;17;15;17;15;16;15;15;15;14;15;13;15;12;15;11;15;10;15;9;15;8;15;7;15;6;15;5
1;0;10;3;11;17;12;17;13;17;14;17;15;17;15;16;15;15;15;14;15;13;15;12;15;11;15;10;15;9;15;8;15;7;15;6;15;5;15;4
1;0;10;3;12;17;13;17;14;17;15;17;15;16;15;15;15;14;15;13;15;12;15;11;15;10;15;9;15;8;15;7;15;6;15;5;15;4;15;3
1;3;10;3;13;17;14;17;15;17;15;16;15;15;15;14;15;13;15;12;15;11;15;10;15;9;15;8;15;7;15;6;15;5;15;4;15;3;14;3
1;3;10;3;14;17;15;17;15;16;15;15;15;14;15;13;15;12;15;11;15;10;15;9;15;8;15;7;15;6;15;5;15;4;15;3;14;3;13;3
1;3;10;3;15;17;15;16;15;15;15;14;15;13;15;12;15;11;15;10;15;9;15;8;15;7;15;6;15;5;15;4;15;3;14;3;13;3;12;3
1;3;10;3;15;16;15;15;15;14;15;13;15;12;15;11;15;10;15;9;15;8;15;7;15;6;15;5;15;4;15;3;14;3;13;3;12;3;11;3
1;3;9;12;15;15;15;15;15;14;15;13;15;12;15;11;15;10;15;9;15;8;15;7;15;6;15;5;15;4;15;3;14;3;13;3;12;3;11;3;10;3
1;3;9;12;15;15;15;14;15;13;15;12;15;11;15;10;15;9;15;8;15;7;15;6;15;5;15;4;15;3;14;3;13;3;12;3;11;3;10;3;9;3
1;2;9;12;15;14;15;13;15;12;15;11;15;10;15;9;15;8;15;7;15;6;15;5;15;4;15;3;14;3;13;3;12;3;11;3;10;3;9;3;9;4
1;2;9;12;15;13;15;12;15;11;15;10;15;9;15;8;15;7;15;6;15;5;15;4;15;3;14;3;13;3;12;3;11;3;10;3;9;3;9;4;9;5
1;2;9;12;15;12;15;11;15;10;15;9;15;8;15;7;15;6;15;5;15;4;15;3;14;3;13;3;12;3;11;3;10;3;9;3;9;4;9;5;9;6
1;2;9;12;15;11;15;10;15;9;15;8;15;7;15;6;15;5;15;4;15;3;14;3;13;3;12;3;11;3;10;3;9;3;9;4;9;5;9;6;9;7
1;2;9;12;15;10;15;9;15;8;15;7;15;6;15;5;15;4;15;3;14;3;13;3;12;3;11;3;10;3;9;3;9;4;9;5;9;6;9;7;9;8
1;2;9;12;15;9;15;8;15;7;15;6;15;5;15;4;15;3;14;3;13;3;12;3;11;3;10;3;9;3;9;4;9;5;9;6;9;7;9;8;9;9
1;2;9;12;15;8;15;7;15;6;15;5;15;4;15;3;14;3;13;3;12;3;11;3;10;3;9;3;9;4;9;5;9;6;9;7;9;8;9;9;9;10
1;2;9;12;15;7;15;6;15;5;15;4;15;3;14;3;13;3;12;3;11;3;10;3;9;3;9;4;9;5;9;6;9;7;9;8;9;9;9;10;9;11
1;2;13;18;15;6;15;6;15;5;15;4;15;3;14;3;13;3;12;3;11;3;10;3;9;3;9;4;9;5;9;6;9;7;9;8;9;9;9;10;9;11;9;12
1;1;13;18;15;6;15;5;15;4;15;3;14;3;13;3;12;3;11;3;10;3;9;3;9;4;9;5;9;6;9;7;9;8;9;9;9;10;9;11;9;12;10;12
1;1;13;18;15;5;15;4;15;3;14;3;13;3;12;3;11;3;10;3;9;3;9;4;9;5;9;6;9;7;9;8;9;9;9;10;9;11;9;12;10;12;11;12
1;1;13;18;15;4;15;3;14;3;13;3;12;3;11;3;10;3;9;3;9;4;9;5;9;6;9;7;9;8;9;9;9;10;9;11;9;12;10;12;11;12;12;12
1;1;13;18;15;3;14;3;13;3;12;3;11;3;10;3;9;3;9;4;9;5;9;6;9;7;9;8;9;9;9;10;9;11;9;12;10;12;11;12;12;12;13;12
1;2;13;18;14;3;13;3;12;3;11;3;10;3;9;3;9;4;9;5;9;6;9;7;9;8;9;9;9;10;9;11;9;12;10;12;11;12;12;12;13;12;13;13
1;2;13;18;13;3;12;3;11;3;10;3;9;3;9;4;9;5;9;6;9;7;9;8;9;9;9;10;9;11;9;12;10;12;11;12;12;12;13;12;13;13;13;14
1;2;13;18;12;3;11;3;10;3;9;3;9;4;9;5;9;6;9;7;9;8;9;9;9;10;9;11;9;12;10;12;11;12;12;12;13;12;13;13;13;14;13;15
1;2;13;18;11;3;10;3;9;3;9;4;9;5;9;6;9;7;9;8;9;9;9;10;9;11;9;12;10;12;11;12;12;12;13;12;13;13;13;14;13;15;13;16
1;2;13;18;10;3;9;3;9;4;9;5;9;6;9;7;9;8;9;9;9;10;9;11;9;12;10;12;11;12;12;12;13;12;13;13;13;14;13;15;13;16;13;17
1;2;2;15;9;3;9;3;9;4;9;5;9;6;9;7;9;8;9;9;9;10;9;11;9;12;10;12;11;12;12;12;13;12;13;13;13;14;13;15;13;16;13;17;13;18
1;3;2;15;9;3;9;4;9;5;9;6;9;7;9;8;9;9;9;10;9;11;9;12;10;12;11;12;12;12;13;12;13;13;13;14;13;15;13;16;13;17;13;18;12;18
1;0;2;15;9;4;9;5;9;6;9;7;9;8;9;9;9;10;9;11;9;12;10;12;11;12;12;12;13;12;13;13;13;14;13;15;13;16;13;17;13;18;12;18;12;17
1;0;2;15;9;5;9;6;9;7;9;8;9;9;9;10;9;11;9;12;10;12;11;12;12;12;13;12;13;13;13;14;13;15;13;16;13;17;13;18;12;18;12;17;12;16
1;0;2;15;9;6;9;7;9;8;9;9;9;10;9;11;9;12;10;12;11;12;12;12;13;12;13;13;13;14;13;15;13;16;13;17;13;18;12;18;12;17;12;16;12;15
1;3;2;15;9;7;9;8;9;9;9;10;9;11;9;12;10;12;11;12;12;12;13;12;13;13;13;14;13;15;13;16;13;17;13;18;12;18;12;17;12;16;12;15;11;15
1;3;2;15;9;8;9;9;9;10;9;11;9;12;10;12;11;12;12;12;13;12;13;13;13;14;13;15;13;16;13;17;13;18;12;18;12;17;12;16;12;15;11;15;10;15
1;3;2;15;9;9;9;10;9;11;9;12;10;12;11;12;12;12;13;12;13;13;13;14;13;15;13;16;13;17;13;18;12;18;12;17;12;16;12;15;11;15;10;15;9;15
1;3;2;15;9;10;9;11;9;12;10;12;11;12;12;12;13;12;13;13;13;14;13;15;13;16;13;17;13;18;12;18;12;17;12;16;12;15;11;15;10;15;9;15;8;15
1;3;2;15;9;11;9;12;10;12;11;12;12;12;13;12;13;13;13;14;13;15;13;16;13;17;13;18;12;18;12;17;12;16;12;15;11;15;10;15;9;15;8;15;7;15
1;3;2;15;9;12;10;12;11;12;12;12;13;12;13;13;13;14;13;15;13;16;13;17;13;18;12;18;12;17;12;16;12;15;11;15;10;15;9;15;8;15;7;15;6;15
1;3;2;15;10;12;11;12;12;12;13;12;13;13;13;14;13;15;13;16;13;17;13;18;12;18;12;17;12;16;12;15;11;15;10;15;9;15;8;15;7;15;6;15;5;15
1;3;2;15;11;12;12;12;13;12;13;13;13;14;13;15;13;16;13;17;13;18;12;18;12;17;12;16;12;15;11;15;10;15;9;15;8;15;7;15;6;15;5;15;4;15
1;3;2;15;12;12;13;12;13;13;13;14;13;15;13;16;13;17;13;18;12;18;12;17;12;16;12;15;11;15;10;15;9;15;8;15;7;15;6;15;5;15;4;15;3;15
1;3;18;18;13;12;13;12;13;13;13;14;13;15;13;16;13;17;13;18;12;18;12;17;12;16;12;15;11;15;10;15;9;15;8;15;7;15;6;15;5;15;4;15;3;15;2;15
1;2;18;18;13;12;13;13;13;14;13;15;13;16;13;17;13;18;12;18;12;17;12;16;12;15;11;15;10;15;9;15;8;15;7;15;6;15;5;15;4;15;3;15;2;15;2;16
1;2;18;18;13;13;13;14;13;15;13;16;13;17;13;18;12;18;12;17;12;16;12;15;11;15;10;15;9;15;8;15;7;15;6;15;5;15;4;15;3;15;2;15;2;16;2;17
1;2;18;18;13;14;13;15;13;16;13;17;13;18;12;18;12;17;12;16;12;15;11;15;10;15;9;15;8;15;7;15;6;15;5;15;4;15;3;15;2;15;2;16;2;17;2;18
1;1;18;18;13;15;13;16;13;17;13;18;12;18;12;17;12;16;12;15;11;15;10;15;9;15;8;15;7;15;6;15;5;15;4;15;3;15;2;15;2;16;2;17;2;18;3;18
1;1;18;18;13;16;13;17;13;18;12;18;12;17;12;16;12;15;11;15;10;15;9;15;8;15;7;15;6;15;5;15;4;15;3;15;2;15;2;16;2;17;2;18;3;18;4;18
1;1;18;18;13;17;13;18;12;18;12;17;12;16;12;15;11;15;10;15;9;15;8;15;7;15;6;15;5;15;4;15;3;15;2;15;2;16;2;17;2;18;3;18;4;18;5;18
1;1;18;18;13;18;12;18;12;17;12;16;12;15;11;15;10;15;9;15;8;15;7;15;6;15;5;15;4;15;3;15;2;15;2;16;2;17;2;18;3;18;4;18;5;18;6;18
1;1;18;18;12;18;12;17;12;16;12;15;11;15;10;15;9;15;8;15;7;15;6;15;5;15;4;15;3;15;2;15;2;16;2;17;2;18;3;18;4;18;5;18;6;18;7;18
1;1;18;18;12;17;12;16;12;15;11;15;10;15;9;15;8;15;7;15;6;15;5;15;4;15;3;15;2;15;2;16;2;17;2;18;3;18;4;18;5;18;6;18;7;18;8;18
1;1;18;18;12;16;12;15;11;15;10;15;9;15;8;15;7;15;6;15;5;15;4;15;3;15;2;15;2;16;2;17;2;18;3;18;4;18;5;18;6;18;7;18;8;18;9;18
1;1;18;18;12;15;11;15;10;15;9;15;8;15;7;15;6;15;5;15;4;15;3;15;2;15;2;16;2;17;2;18;3;18;4;18;5;18;6;18;7;18;8;18;9;18;10;18
1;1;18;18;11;15;10;15;9;15;8;15;7;15;6;15;5;15;4;15;3;15;2;15;2;16;2;17;2;18;3;18;4;18;5;18;6;18;7;18;8;18;9;18;10;18;11;18
1;1;18;18;10;15;9;15;8;15;7;15;6;15;5;15;4;15;3;15;2;15;2;16;2;17;2;18;3;18;4;18;5;18;6;18;7;18;8;18;9;18;10;18;11;18;12;18
1;1;18;18;9;15;8;15;7;15;6;15;5;15;4;15;3;15;2;15;2;16;2;17;2;18;3;18;4;18;5;18;6;18;7;18;8;18;9;18;10;18;11;18;12;18;13;18
1;1;18;18;8;15;7;15;6;15;5;15;4;15;3;15;2;15;2;16;2;17;2;18;3;18;4;18;5;18;6;18;7;18;8;18;9;18;10;18;11;18;12;18;13;18;14;18
1;1;18;18;7;15;6;15;5;15;4;15;3;15;2;15;2;16;2;17;2;18;3;18;4;18;5;18;6;18;7;18;8;18;9;18;10;18;11;18;12;18;13;18;14;18;15;18
1;1;18;18;6;15;5;15;4;15;3;15;2;15;2;16;2;17;2;18;3;18;4;18;5;18;6;18;7;18;8;18;9;18;10;18;11;18;12;18;13;18;14;18;15;18;16;18
1;1;18;18;5;15;4;15;3;15;2;15;2;16;2;17;2;18;3;18;4;18;5;18;6;18;7;18;8;18;9;18;10;18;11;18;12;18;13;18;14;18;15;18;16;18;17;18
1;1;0;19;4;15;4;15;3;15;2;15;2;16;2;17;2;18;3;18;4;18;5;18;6;18;7;18;8;18;9;18;10;18;11;18;12;18;13;18;14;18;15;18;16;18;17;18;18;18
1;0;0;19;4;15;3;15;2;15;2;16;2;17;2;18;3;18;4;18;5;18;6;18;7;18;8;18;9;18;10;18;11;18;12;18;13;18;14;18;15;18;16;18;17;18;18;18;18;17
1;3;0;19;3;15;2;15;2;16;2;17;2;18;3;18;4;18;5;18;6;18;7;18;8;18;9;18;10;18;11;18;12;18;13;18;14;18;15;18;16;18;17;18;18;18;18;17;17;17
1;3;0;19;2;15;2;16;2;17;2;18;3;18;4;18;5;18;6;18;7;18;8;18;9;18;10;18;11;18;12;18;13;18;14;18;15;18;16;18;17;18;18;18;18;17;17;17;16;17
1;3;0;19;2;16;2;17;2;18;3;18;4;18;5;18;6;18;7;18;8;18;9;18;10;18;11;18;12;18;13;18;14;18;15;18;16;18;17;18;18;18;18;17;17;17;16;17;15;17
1;3;0;19;2;17;2;18;3;18;4;18;5;18;6;18;7;18;8;18;9;18;10;18;11;18;12;18;13;18;14;18;15;18;16;18;17;18;18;18;18;17;17;17;16;17;15;17;14;17
1;3;0;19;2;18;3;18;4;18;5;18;6;18;7;18;8;18;9;18;10;18;11;18;12;18;13;18;14;18;15;18;16;18;17;18;18;18;18;17;17;17;16;17;15;17;14;17;13;17
1;3;0;19;3;18;4;18;5;18;6;18;7;18;8;18;9;18;10;18;11;18;12;18;13;18;14;18;15;18;16;18;17;18;18;18;18;17;17;17;16;17;15;17;14;17;13;17;12;17
1;3;0;19;4;18;5;18;6;18;7;18;8;18;9;18;10;18;11;18;12;18;13;18;14;18;15;18;16;18;17;18;18;18;18;17;17;17;16;17;15;17;14;17;13;17;12;17;11;17
1;3;0;19;5;18;6;18;7;18;8;18;9;18;10;18;11;18;12;18;13;18;14;18;15;18;16;18;17;18;18;18;18;17;17;17;16;17;15;17;14;17;13;17;12;17;11;17;10;17
1;3;0;19;6;18;7;18;8;18;9;18;10;18;11;18;12;18;13;18;14;18;15;18;16;18;17;18;18;18;18;17;17;17;16;17;15;17;14;17;13;17;12;17;11;17;10;17;9;17
1;3;0;19;7;18;8;18;9;18;10;18;11;18;12;18;13;18;14;18;15;18;16;18;17;18;18;18;18;17;17;17;16;17;15;17;14;17;13;17;12;17;11;17;10;17;9;17;8;17
1;3;0;19;8;18;9;18;10;18;11;18;12;18;13;18;14;18;15;18;16;18;17;18;18;18;18;17;17;17;16;17;15;17;14;17;13;17;12;17;11;17;10;17;9;17;8;17;7;17
1;2;0;19;9;18;10;18;11;18;12;18;13;18;14;18;15;18;16;18;17;18;18;18;18;17;17;17;16;17;15;17;14;17;13;17;12;17;11;17;10;17;9;17;8;17;7;17;7;18
1;2;0;19;10;18;11;18;12;18;13;18;14;18;15;18;16;18;17;18;18;18;18;17;17;17;16;17;15;17;14;17;13;17;12;17;11;17;10;17;9;17;8;17;7;17;7;18;7;19
1;3;0;19;11;18;12;18;13;18;14;18;15;18;16;18;17;18;18;18;18;17;17;17;16;17;15;17;14;17;13;17;12;17;11;17;10;17;9;17;8;17;7;17;7;18;7;19;6;19
1;3;0;19;12;18;13;18;14;18;15;18;16;18;17;18;18;18;18;17;17;17;16;17;15;17;14;17;13;17;12;17;11;17;10;17;9;17;8;17;7;17;7;18;7;19;6;19;5;19
1;3;0;19;13;18;14;18;15;18;16;18;17;18;18;18;18;17;17;17;16;17;15;17;14;17;13;17;12;17;11;17;10;17;9;17;8;17;7;17;7;18;7;19;6;19;5;19;4;19
1;3;0;19;14;18;15;18;16;18;17;18;18;18;18;17;17;17;16;17;15;17;14;17;13;17;12;17;11;17;10;17;9;17;8;17;7;17;7;18;7;19;6;19;5;19;4;19;3;19
1;3;0;19;15;18;16;18;17;18;18;18;18;17;17;17;16;17;15;17;14;17;13;17;12;17;11;17;10;17;9;17;8;17;7;17;7;18;7;19;6;19;5;19;4;19;3;19;2;19
1;3;0;19;16;18;17;18;18;18;18;17;17;17;16;17;15;17;14;17;13;17;12;17;11;17;10;17;9;17;8;17;7;17;7;18;7;19;6;19;5;19;4;19;3;19;2;19;1;19
1;3;7;15;17;18;17;18;18;18;18;17;17;17;16;17;15;17;14;17;13;17;12;17;11;17;10;17;9;17;8;17;7;17;7;18;7;19;6;19;5;19;4;19;3;19;2;19;1;19;0;19
1;0;7;15;17;18;18;18;18;17;17;17;16;17;15;17;14;17;13;17;12;17;11;17;10;17;9;17;8;17;7;17;7;18;7;19;6;19;5;19;4;19;3;19;2;19;1;19;0;19;0;18
1;0;7;15;18;18;18;17;17;17;16;17;15;17;14;17;13;17;12;17;11;17;10;17;9;17;8;17;7;17;7;18;7;19;6;19;5;19;4;19;3;19;2;19;1;19;0;19;0;18;0;17
1;0;7;15;18;17;17;17;16;17;15;17;14;17;13;17;12;17;11;17;10;17;9;17;8;17;7;17;7;18;7;19;6;19;5;19;4;19;3;19;2;19;1;19;0;19;0;18;0;17;0;16
1;0;7;15;17;17;16;17;15;17;14;17;13;17;12;17;11;17;10;17;9;17;8;17;7;17;7;18;7;19;6;19;5;19;4;19;3;19;2;19;1;19;0;19;0;18;0;17;0;16;0;15
1;1;7;15;16;17;15;17;14;17;13;17;12;17;11;17;10;17;9;17;8;17;7;17;7;18;7;19;6;19;5;19;4;19;3;19;2;19;1;19;0;19;0;18;0;17;0;16;0;15;1;15
1;1;7;15;15;17;14;17;13;17;12;17;11;17;10;17;9;17;8;17;7;17;7;18;7;19;6;19;5;19;4;19;3;19;2;19;1;19;0;19;0;18;0;17;0;16;0;15;1;15;2;15
1;1;7;15;14;17;13;17;12;17;11;17;10;17;9;17;8;17;7;17;7;18;7;19;6;19;5;19;4;19;3;19;2;19;1;19;0;19;0;18;0;17;0;16;0;15;1;15;2;15;3;15
1;1;7;15;13;17;12;17;11;17;10;17;9;17;8;17;7;17;7;18;7;19;6;19;5;19;4;19;3;19;2;19;1;19;0;19;0;18;0;17;0;16;0;15;1;15;2;15;3;15;4;15
1;1;7;15;12;17;11;17;10;17;9;17;8;17;7;17;7;18;7;19;6;19;5;19;4;19;3;19;2;19;1;19;0;19;0;18;0;17;0;16;0;15;1;15;2;15;3;15;4;15;5;15
1;1;7;15;11;17;10;17;9;17;8;17;7;17;7;18;7;19;6;19;5;19;4;19;3;19;2;19;1;19;0;19;0;18;0;17;0;16;0;15;1;15;2;15;3;15;4;15;5;15;6;15
1;1;16;1;10;17;10;17;9;17;8;17;7;17;7;18;7;19;6;19;5;19;4;19;3;19;2;19;1;19;0;19;0;18;0;17;0;16;0;15;1;15;2;15;3;15;4;15;5;15;6;15;7;15
1;1;16;1;10;17;9;17;8;17;7;17;7;18;7;19;6;19;5;19;4;19;3;19;2;19;1;19;0;19;0;18;0;17;0;16;0;15;1;15;2;15;3;15;4;15;5;15;6;15;7;15;8;15
1;1;16;1;9;17;8;17;7;17;7;18;7;19;6;19;5;19;4;19;3;19;2;19;1;19;0;19;0;18;0;17;0;16;0;15;1;15;2;15;3;15;4;15;5;15;6;15;7;15;8;15;9;15
1;1;16;1;8;17;7;17;7;18;7;19;6;19;5;19;4;19;3;19;2;19;1;19;0;19;0;18;0;17;0;16;0;15;1;15;2;15;3;15;4;15;5;15;6;15;7;15;8;15;9;15;10;15
1;1;16;1;7;17;7;18;7;19;6;19;5;19;4;19;3;19;2;19;1;19;0;19;0;18;0;17;0;16;0;15;1;15;2;15;3;15;4;15;5;15;6;15;7;15;8;15;9;15;10;15;11;15
1;1;16;1;7;18;7;19;6;19;5;19;4;19;3;19;2;19;1;19;0;19;0;18;0;17;0;16;0;15;1;15;2;15;3;15;4;15;5;15;6;15;7;15;8;15;9;15;10;15;11;15;12;15
1;1;16;1;7;19;6;19;5;19;4;19;3;19;2;19;1;19;0;19;0;18;0;17;0;16;0;15;1;15;2;15;3;15;4;15;5;15;6;15;7;15;8;15;9;15;10;15;11;15;12;15;13;15
1;1;16;1;6;19;5;19;4;19;3;19;2;19;1;19;0;19;0;18;0;17;0;16;0;15;1;15;2;15;3;15;4;15;5;15;6;15;7;15;8;15;9;15;10;15;11;15;12;15;13;15;14;15
1;1;16;1;5;19;4;19;3;19;2;19;1;19;0;19;0;18;0;17;0;16;0;15;1;15;2;15;3;15;4;15;5;15;6;15;7;15;8;15;9;15;10;15;11;15;12;15;13;15;14;15;15;15
1;1;16;1;4;19;3;19;2;19;1;19;0;19;0;18;0;17;0;16;0;15;1;15;2;15;3;15;4;15;5;15;6;15;7;15;8;15;9;15;10;15;11;15;12;15;13;15;14;15;15;15;16;15
1;0;16;1;3;19;2;19;1;19;0;19;0;18;0;17;0;16;0;15;1;15;2;15;3;15;4;15;5;15;6;15;7;15;8;15;9;15;10;15;11;15;12;15;13;15;14;15;15;15;16;15;16;14
1;0;16;1;2;19;1;19;0;19;0;18;0;17;0;16;0;15;1;15;2;15;3;15;4;15;5;15;6;15;7;15;8;15;9;15;10;15;11;15;12;15;13;15;14;15;15;15;16;15;16;14;16;13
1;0;16;1;1;19;0;19;0;18;0;17;0;16;0;15;1;15;2;15;3;15;4;15;5;15;6;15;7;15;8;15;9;15;10;15;11;15;12;15;13;15;14;15;15;15;16;15;16;14;16;13;16;12
1;0;16;1;0;19;0;18;0;17;0;16;0;15;1;15;2;15;3;15;4;15;5;15;6;15;7;15;8;15;9;15;10;15;11;15;12;15;13;15;14;15;15;15;16;15;16;14;16;13;16;12;16;11
1;0;16;1;0;18;0;17;0;16;0;15;1;15;2;15;3;15;4;15;5;15;6;15;7;15;8;15;9;15;10;15;11;15;12;15;13;15;14;15;15;15;16;15;16;14;16;13;16;12;16;11;16;10
1;0;16;1;0;17;0;16;0;15;1;15;2;15;3;15;4;15;5;15;6;15;7;15;8;15;9;15;10;15;11;15;12;15;13;15;14;15;15;15;16;15;16;14;16;13;16;12;16;11;16;10;16;9
1;0;16;1;0;16;0;15;1;15;2;15;3;15;4;15;5;15;6;15;7;15;8;15;9;15;10;15;11;15;12;15;13;15;14;15;15;15;16;15;16;14;16;13;16;12;16;11;16;10;16;9;16;8
1;0;16;1;0;15;1;15;2;15;3;15;4;15;5;15;6;15;7;15;8;15;9;15;10;15;11;15;12;15;13;15;14;15;15;15;16;15;16;14;16;13;16;12;16;11;16;10;16;9;16;8;16;7
1;0;16;1;1;15;2;15;3;15;4;15;5;15;6;15;7;15;8;15;9;15;10;15;11;15;12;15;13;15;14;15;15;15;16;15;16;14;16;13;16;12;16;11;16;10;16;9;16;8;16;7;16;6
1;0;16;1;2;15;3;15;4;15;5;15;6;15;7;15;8;15;9;15;10;15;11;15;12;15;13;15;14;15;15;15;16;15;16;14;16;13;16;12;16;11;16;10;16;9;16;8;16;7;16;6;16;5
1;0;16;1;3;15;4;15;5;15;6;15;7;15;8;15;9;15;10;15;11;15;12;15;13;15;14;15;15;15;16;15;16;14;16;13;16;12;16;11;16;10;16;9;16;8;16;7;16;6;16;5;16;4
1;0;16;1;4;15;5;15;6;15;7;15;8;15;9;15;10;15;11;15;12;15;13;15;14;15;15;15;16;15;16;14;16;13;16;12;16;11;16;10;16;9;16;8;16;7;16;6;16;5;16;4;16;3
1;0;16;1;5;15;6;15;7;15;8;15;9;15;10;15;11;15;12;15;13;15;14;15;15;15;16;15;16;14;16;13;16;12;16;11;16;10;16;9;16;8;16;7;16;6;16;5;16;4;16;3;16;2
1;0;13;2;6;15;6;15;7;15;8;15;9;15;10;15;11;15;12;15;13;15;14;15;15;15;16;15;16;14;16;13;16;12;16;11;16;10;16;9;16;8;16;7;16;6;16;5;16;4;16;3;16;2;16;1
1;3;13;2;6;15;7;15;8;15;9;15;10;15;11;15;12;15;13;15;14;15;15;15;16;15;16;14;16;13;16;12;16;11;16;10;16;9;16;8;16;7;16;6;16;5;16;4;16;3;16;2;16;1;15;1
1;3;13;2;7;15;8;15;9;15;10;15;11;15;12;15;13;15;14;15;15;15;16;15;16;14;16;13;16;12;16;11;16;10;16;9;16;8;16;7;16;6;16;5;16;4;16;3;16;2;16;1;15;1;14;1
1;3;13;2;8;15;9;15;10;15;11;15;12;15;13;15;14;15;15;15;16;15;16;14;16;13;16;12;16;11;16;10;16;9;16;8;16;7;16;6;16;5;16;4;16;3;16;2;16;1;15;1;14;1;13;1
1;2;0;9;9;15;9;15;10;15;11;15;12;15;13;15;14;15;15;15;16;15;16;14;16;13;16;12;16;11;16;10;16;9;16;8;16;7;16;6;16;5;16;4;16;3;16;2;16;1;15;1;14;1;13;1;13;2
1;3;0;9;9;15;10;15;11;15;12;15;13;15;14;15;15;15;16;15;16;14;16;13;16;12;16;11;16;10;16;9;16;8;16;7;16;6;16;5;16;4;16;3;16;2;16;1;15;1;14;1;13;1;13;2;12;2
1;3;0;9;10;15;11;15;12;15;13;15;14;15;15;15;16;15;16;14;16;13;16;12;16;11;16;10;16;9;16;8;16;7;16;6;16;5;16;4;16;3;16;2;16;1;15;1;14;1;13;1;13;2;12;2;11;2
1;3;0;9;11;15;12;15;13;15;14;15;15;15;16;15;16;14;16;13;16;12;16;11;16;10;16;9;16;8;16;7;16;6;16;5;16;4;16;3;16;2;16;1;15;1;14;1;13;1;13;2;12;2;11;2;10;2
1;3;0;9;12;15;13;15;14;15;15;15;16;15;16;14;16;13;16;12;16;11;16;10;16;9;16;8;16;7;16;6;16;5;16;4;16;3;16;2;16;1;15;1;14;1;13;1;13;2;12;2;11;2;10;2;9;2
1;3;0;9;13;15;14;15;15;15;16;15;16;14;16;13;16;12;16;11;16;10;16;9;16;8;16;7;16;6;16;5;16;4;16;3;16;2;16;1;15;1;14;1;13;1;13;2;12;2;11;2;10;2;9;2;8;2
1;3;0;9;14;15;15;15;16;15;16;14;16;13;16;12;16;11;16;10;16;9;16;8;16;7;16;6;16;5;16;4;16;3;16;2;16;1;15;1;14;1;13;1;13;2;12;2;11;2;10;2;9;2;8;2;7;2
1;2;0;9;15;15;16;15;16;14;16;13;16;12;16;11;16;10;16;9;16;8;16;7;16;6;16;5;16;4;16;3;16;2;16;1;15;1;14;1;13;1;13;2;12;2;11;2;10;2;9;2;8;2;7;2;7;3
1;2;0;9;16;15;16;14;16;13;16;12;16;11;16;10;16;9;16;8;16;7;16;6;16;5;16;4;16;3;16;2;16;1;15;1;14;1;13;1;13;2;12;2;11;2;10;2;9;2;8;2;7;2;7;3;7;4
1;2;0;9;16;14;16;13;16;12;16;11;16;10;16;9;16;8;16;7;16;6;16;5;16;4;16;3;16;2;16;1;15;1;14;1;13;1;13;2;12;2;11;2;10;2;9;2;8;2;7;2;7;3;7;4;7;5
1;2;0;9;16;13;16;12;16;11;16;10;16;9;16;8;16;7;16;6;16;5;16;4;16;3;16;2;16;1;15;1;14;1;13;1;13;2;12;2;11;2;10;2;9;2;8;2;7;2;7;3;7;4;7;5;7;6
1;2;0;9;16;12;16;11;16;10;16;9;16;8;16;7;16;6;16;5;16;4;16;3;16;2;16;1;15;1;14;1;13;1;13;2;12;2;11;2;10;2;9;2;8;2;7;2;7;3;7;4;7;5;7;6;7;7
1;2;0;9;16;11;16;10;16;9;16;8;16;7;16;6;16;5;16;4;16;3;16;2;16;1;15;1;14;1;13;1;13;2;12;2;11;2;10;2;9;2;8;2;7;2;7;3;7;4;7;5;7;6;7;7;7;8
1;2;0;9;16;10;16;9;16;8;16;7;16;6;16;5;16;4;16;3;16;2;16;1;15;1;14;1;13;1;13;2;12;2;11;2;10;2;9;2;8;2;7;2;7;3;7;4;7;5;7;6;7;7;7;8;7;9
1;3;0;9;16;9;16;8;16;7;16;6;16;5;16;4;16;3;16;2;16;1;15;1;14;1;13;1;13;2;12;2;11;2;10;2;9;2;8;2;7;2;7;3;7;4;7;5;7;6;7;7;7;8;7;9;6;9
1;3;0;9;16;8;16;7;16;6;16;5;16;4;16;3;16;2;16;1;15;1;14;1;13;1;13;2;12;2;11;2;10;2;9;2;8;2;7;2;7;3;7;4;7;5;7;6;7;7;7;8;7;9;6;9;5;9
1;3;0;9;16;7;16;6;16;5;16;4;16;3;16;2;16;1;15;1;14;1;13;1;13;2;12;2;11;2;10;2;9;2;8;2;7;2;7;3;7;4;7;5;7;6;7;7;7;8;7;9;6;9;5;9;4;9
1;3;0;9;16;6;16;5;16;4;16;3;16;2;16;1;15;1;14;1;13;1;13;2;12;2;11;2;10;2;9;2;8;2;7;2;7;3;7;4;7;5;7;6;7;7;7;8;7;9;6;9;5;9;4;9;3;9
1;3;0;9;16;5;16;4;16;3;16;2;16;1;15;1;14;1;13;1;13;2;12;2;11;2;10;2;9;2;8;2;7;2;7;3;7;4;7;5;7;6;7;7;7;8;7;9;6;9;5;9;4;9;3;9;2;9
1;3;0;9;16;4;16;3;16;2;16;1;15;1;14;1;13;1;13;2;12;2;11;2;10;2;9;2;8;2;7;2;7;3;7;4;7;5;7;6;7;7;7;8;7;9;6;9;5;9;4;9;3;9;2;9;1;9
1;3;6;1;16;3;16;3;16;2;16;1;15;1;14;1;13;1;13;2;12;2;11;2;10;2;9;2;8;2;7;2;7;3;7;4;7;5;7;6;7;7;7;8;7;9;6;9;5;9;4;9;3;9;2;9;1;9;0;9
1;2;6;1;16;3;16;2;16;1;15;1;14;1;13;1;13;2;12;2;11;2;10;2;9;2;8;2;7;2;7;3;7;4;7;5;7;6;7;7;7;8;7;9;6;9;5;9;4;9;3;9;2;9;1;9;0;9;0;10
1;1;6;1;16;2;16;1;15;1;14;1;13;1;13;2;12;2;11;2;10;2;9;2;8;2;7;2;7;3;7;4;7;5;7;6;7;7;7;8;7;9;6;9;5;9;4;9;3;9;2;9;1;9;0;9;0;10;1;10
1;1;6;1;16;1;15;1;14;1;13;1;13;2;12;2;11;2;10;2;9;2;8;2;7;2;7;3;7;4;7;5;7;6;7;7;7;8;7;9;6;9;5;9;4;9;3;9;2;9;1;9;0;9;0;10;1;10;2;10
1;1;6;1;15;1;14;1;13;1;13;2;12;2;11;2;10;2;9;2;8;2;7;2;7;3;7;4;7;5;7;6;7;7;7;8;7;9;6;9;5;9;4;9;3;9;2;9;1;9;0;9;0;10;1;10;2;10;3;10
1;1;6;1;14;1;13;1;13;2;12;2;11;2;10;2;9;2;8;2;7;2;7;3;7;4;7;5;7;6;7;7;7;8;7;9;6;9;5;9;4;9;3;9;2;9;1;9;0;9;0;10;1;10;2;10;3;10;4;10
1;1;6;1;13;1;13;2;12;2;11;2;10;2;9;2;8;2;7;2;7;3;7;4;7;5;7;6;7;7;7;8;7;9;6;9;5;9;4;9;3;9;2;9;1;9;0;9;0;10;1;10;2;10;3;10;4;10;5;10
1;1;6;1;13;2;12;2;11;2;10;2;9;2;8;2;7;2;7;3;7;4;7;5;7;6;7;7;7;8;7;9;6;9;5;9;4;9;3;9;2;9;1;9;0;9;0;10;1;10;2;10;3;10;4;10;5;10;6;10
1;1;6;1;12;2;11;2;10;2;9;2;8;2;7;2;7;3;7;4;7;5;7;6;7;7;7;8;7;9;6;9;5;9;4;9;3;9;2;9;1;9;0;9;0;10;1;10;2;10;3;10;4;10;5;10;6;10;7;10
1;1;6;1;11;2;10;2;9;2;8;2;7;2;7;3;7;4;7;5;7;6;7;7;7;8;7;9;6;9;5;9;4;9;3;9;2;9;1;9;0;9;0;10;1;10;2;10;3;10;4;10;5;10;6;10;7;10;8;10
1;0;6;1;10;2;9;2;8;2;7;2;7;3;7;4;7;5;7;6;7;7;7;8;7;9;6;9;5;9;4;9;3;9;2;9;1;9;0;9;0;10;1;10;2;10;3;10;4;10;5;10;6;10;7;10;8;10;8;9
1;0;6;1;9;2;8;2;7;2;7;3;7;4;7;5;7;6;7;7;7;8;7;9;6;9;5;9;4;9;3;9;2;9;1;9;0;9;0;10;1;10;2;10;3;10;4;10;5;10;6;10;7;10;8;10;8;9;8;8
1;0;6;1;8;2;7;2;7;3;7;4;7;5;7;6;7;7;7;8;7;9;6;9;5;9;4;9;3;9;2;9;1;9;0;9;0;10;1;10;2;10;3;10;4;10;5;10;6;10;7;10;8;10;8;9;8;8;8;7
1;0;6;1;7;2;7;3;7;4;7;5;7;6;7;7;7;8;7;9;6;9;5;9;4;9;3;9;2;9;1;9;0;9;0;10;1;10;2;10;3;10;4;10;5;10;6;10;7;10;8;10;8;9;8;8;8;7;8;6
1;0;6;1;7;3;7;4;7;5;7;6;7;7;7;8;7;9;6;9;5;9;4;9;3;9;2;9;1;9;0;9;0;10;1;10;2;10;3;10;4;10;5;10;6;10;7;10;8;10;8;9;8;8;8;7;8;6;8;5
1;0;6;1;7;4;7;5;7;6;7;7;7;8;7;9;6;9;5;9;4;9;3;9;2;9;1;9;0;9;0;10;1;10;2;10;3;10;4;10;5;10;6;10;7;10;8;10;8;9;8;8;8;7;8;6;8;5;8;4
1;0;6;1;7;5;7;6;7;7;7;8;7;9;6;9;5;9;4;9;3;9;2;9;1;9;0;9;0;10;1;10;2;10;3;10;4;10;5;10;6;10;7;10;8;10;8;9;8;8;8;7;8;6;8;5;8;4;8;3
1;0;6;1;7;6;7;7;7;8;7;9;6;9;5;9;4;9;3;9;2;9;1;9;0;9;0;10;1;10;2;10;3;10;4;10;5;10;6;10;7;10;8;10;8;9;8;8;8;7;8;6;8;5;8;4;8;3;8;2
1;0;6;1;7;7;7;8;7;9;6;9;5;9;4;9;3;9;2;9;1;9;0;9;0;10;1;10;2;10;3;10;4;10;5;10;6;10;7;10;8;10;8;9;8;8;8;7;8;6;8;5;8;4;8;3;8;2;8;1
1;3;6;1;7;8;7;9;6;9;5;9;4;9;3;9;2;9;1;9;0;9;0;10;1;10;2;10;3;10;4;10;5;10;6;10;7;10;8;10;8;9;8;8;8;7;8;6;8;5;8;4;8;3;8;2;8;1;7;1
1;3;14;8;7;9;7;9;6;9;5;9;4;9;3;9;2;9;1;9;0;9;0;10;1;10;2;10;3;10;4;10;5;10;6;10;7;10;8;10;8;9;8;8;8;7;8;6;8;5;8;4;8;3;8;2;8;1;7;1;6;1
1;2;14;8;7;9;6;9;5;9;4;9;3;9;2;9;1;9;0;9;0;10;1;10;2;10;3;10;4;10;5;10;6;10;7;10;8;10;8;9;8;8;8;7;8;6;8;5;8;4;8;3;8;2;8;1;7;1;6;1;6;2
1;2;14;8;6;9;5;9;4;9;3;9;2;9;1;9;0;9;0;10;1;10;2;10;3;10;4;10;5;10;6;10;7;10;8;10;8;9;8;8;8;7;8;6;8;5;8;4;8;3;8;2;8;1;7;1;6;1;6;2;6;3
1;2;14;8;5;9;4;9;3;9;2;9;1;9;0;9;0;10;1;10;2;10;3;10;4;10;5;10;6;10;7;10;8;10;8;9;8;8;8;7;8;6;8;5;8;4;8;3;8;2;8;1;7;1;6;1;6;2;6;3;6;4
1;2;14;8;4;9;3;9;2;9;1;9;0;9;0;10;1;10;2;10;3;10;4;10;5;10;6;10;7;10;8;10;8;9;8;8;8;7;8;6;8;5;8;4;8;3;8;2;8;1;7;1;6;1;6;2;6;3;6;4;6;5
1;2;14;8;3;9;2;9;1;9;0;9;0;10;1;10;2;10;3;10;4;10;5;10;6;10;7;10;8;10;8;9;8;8;8;7;8;6;8;5;8;4;8;3;8;2;8;1;7;1;6;1;6;2;6;3;6;4;6;5;6;6
1;2;14;8;2;9;1;9;0;9;0;10;1;10;2;10;3;10;4;10;5;10;6;10;7;10;8;10;8;9;8;8;8;7;8;6;8;5;8;4;8;3;8;2;8;1;7;1;6;1;6;2;6;3;6;4;6;5;6;6;6;7
1;2;14;8;1;9;0;9;0;10;1;10;2;10;3;10;4;10;5;10;6;10;7;10;8;10;8;9;8;8;8;7;8;6;8;5;8;4;8;3;8;2;8;1;7;1;6;1;6;2;6;3;6;4;6;5;6;6;6;7;6;8
1;3;14;8;0;9;0;10;1;10;2;10;3;10;4;10;5;10;6;10;7;10;8;10;8;9;8;8;8;7;8;6;8;5;8;4;8;3;8;2;8;1;7;1;6;1;6;2;6;3;6;4;6;5;6;6;6;7;6;8;5;8
1;0;14;8;0;10;1;10;2;10;3;10;4;10;5;10;6;10;7;10;8;10;8;9;8;8;8;7;8;6;8;5;8;4;8;3;8;2;8;1;7;1;6;1;6;2;6;3;6;4;6;5;6;6;6;7;6;8;5;8;5;7
1;0;14;8;1;10;2;10;3;10;4;10;5;10;6;10;7;10;8;10;8;9;8;8;8;7;8;6;8;5;8;4;8;3;8;2;8;1;7;1;6;1;6;2;6;3;6;4;6;5;6;6;6;7;6;8;5;8;5;7;5;6
1;0;14;8;2;10;3;10;4;10;5;10;6;10;7;10;8;10;8;9;8;8;8;7;8;6;8;5;8;4;8;3;8;2;8;1;7;1;6;1;6;2;6;3;6;4;6;5;6;6;6;7;6;8;5;8;5;7;5;6;5;5
1;0;14;8;3;10;4;10;5;10;6;10;7;10;8;10;8;9;8;8;8;7;8;6;8;5;8;4;8;3;8;2;8;1;7;1;6;1;6;2;6;3;6;4;6;5;6;6;6;7;6;8;5;8;5;7;5;6;5;5;5;4
1;0;14;8;4;10;5;10;6;10;7;10;8;10;8;9;8;8;8;7;8;6;8;5;8;4;8;3;8;2;8;1;7;1;6;1;6;2;6;3;6;4;6;5;6;6;6;7;6;8;5;8;5;7;5;6;5;5;5;4;5;3
1;0;14;8;5;10;6;10;7;10;8;10;8;9;8;8;8;7;8;6;8;5;8;4;8;3;8;2;8;1;7;1;6;1;6;2;6;3;6;4;6;5;6;6;6;7;6;8;5;8;5;7;5;6;5;5;5;4;5;3;5;2
1;3;14;8;6;10;7;10;8;10;8;9;8;8;8;7;8;6;8;5;8;4;8;3;8;2;8;1;7;1;6;1;6;2;6;3;6;4;6;5;6;6;6;7;6;8;5;8;5;7;5;6;5;5;5;4;5;3;5;2;4;2
1;2;14;8;7;10;8;10;8;9;8;8;8;7;8;6;8;5;8;4;8;3;8;2;8;1;7;1;6;1;6;2;6;3;6;4;6;5;6;6;6;7;6;8;5;8;5;7;5;6;5;5;5;4;5;3;5;2;4;2;4;3
1;2;14;8;8;10;8;9;8;8;8;7;8;6;8;5;8;4;8;3;8;2;8;1;7;1;6;1;6;2;6;3;6;4;6;5;6;6;6;7;6;8;5;8;5;7;5;6;5;5;5;4;5;3;5;2;4;2;4;3;4;4
1;2;14;8;8;9;8;8;8;7;8;6;8;5;8;4;8;3;8;2;8;1;7;1;6;1;6;2;6;3;6;4;6;5;6;6;6;7;6;8;5;8;5;7;5;6;5;5;5;4;5;3;5;2;4;2;4;3;4;4;4;5
1;2;14;8;8;8;8;7;8;6;8;5;8;4;8;3;8;2;8;1;7;1;6;1;6;2;6;3;6;4;6;5;6;6;6;7;6;8;5;8;5;7;5;6;5;5;5;4;5;3;5;2;4;2;4;3;4;4;4;5;4;6
1;2;14;8;8;7;8;6;8;5;8;4;8;3;8;2;8;1;7;1;6;1;6;2;6;3;6;4;6;5;6;6;6;7;6;8;5;8;5;7;5;6;5;5;5;4;5;3;5;2;4;2;4;3;4;4;4;5;4;6;4;7
1;2;14;8;8;6;8;5;8;4;8;3;8;2;8;1;7;1;6;1;6;2;6;3;6;4;6;5;6;6;6;7;6;8;5;8;5;7;5;6;5;5;5;4;5;3;5;2;4;2;4;3;4;4;4;5;4;6;4;7;4;8
1;2;14;8;8;5;8;4;8;3;8;2;8;1;7;1;6;1;6;2;6;3;6;4;6;5;6;6;6;7;6;8;5;8;5;7;5;6;5;5;5;4;5;3;5;2;4;2;4;3;4;4;4;5;4;6;4;7;4;8;4;9
1;1;14;8;8;4;8;3;8;2;8;1;7;1;6;1;6;2;6;3;6;4;6;5;6;6;6;7;6;8;5;8;5;7;5;6;5;5;5;4;5;3;5;2;4;2;4;3;4;4;4;5;4;6;4;7;4;8;4;9;5;9
1;1;14;8;8;3;8;2;8;1;7;1;6;1;6;2;6;3;6;4;6;5;6;6;6;7;6;8;5;8;5;7;5;6;5;5;5;4;5;3;5;2;4;2;4;3;4;4;4;5;4;6;4;7;4;8;4;9;5;9;6;9
1;1;14;8;8;2;8;1;7;1;6;1;6;2;6;3;6;4;6;5;6;6;6;7;6;8;5;8;5;7;5;6;5;5;5;4;5;3;5;2;4;2;4;3;4;4;4;5;4;6;4;7;4;8;4;9;5;9;6;9;7;9
1;0;14;8;8;1;7;1;6;1;6;2;6;3;6;4;6;5;6;6;6;7;6;8;5;8;5;7;5;6;5;5;5;4;5;3;5;2;4;2;4;3;4;4;4;5;4;6;4;7;4;8;4;9;5;9;6;9;7;9;7;8
1;1;14;8;7;1;6;1;6;2;6;3;6;4;6;5;6;6;6;7;6;8;5;8;5;7;5;6;5;5;5;4;5;3;5;2;4;2;4;3;4;4;4;5;4;6;4;7;4;8;4;9;5;9;6;9;7;9;7;8;8;8
1;1;14;8;6;1;6;2;6;3;6;4;6;5;6;6;6;7;6;8;5;8;5;7;5;6;5;5;5;4;5;3;5;2;4;2;4;3;4;4;4;5;4;6;4;7;4;8;4;9;5;9;6;9;7;9;7;8;8;8;9;8
1;1;14;8;6;2;6;3;6;4;6;5;6;6;6;7;6;8;5;8;5;7;5;6;5;5;5;4;5;3;5;2;4;2;4;3;4;4;4;5;4;6;4;7;4;8;4;9;5;9;6;9;7;9;7;8;8;8;9;8;10;8
1;1;14;8;6;3;6;4;6;5;6;6;6;7;6;8;5;8;5;7;5;6;5;5;5;4;5;3;5;2;4;2;4;3;4;4;4;5;4;6;4;7;4;8;4;9;5;9;6;9;7;9;7;8;8;8;9;8;10;8;11;8
1;1;14;8;6;4;6;5;6;6;6;7;6;8;5;8;5;7;5;6;5;5;5;4;5;3;5;2;4;2;4;3;4;4;4;5;4;6;4;7;4;8;4;9;5;9;6;9;7;9;7;8;8;8;9;8;10;8;11;8;12;8
1;1;14;8;6;5;6;6;6;7;6;8;5;8;5;7;5;6;5;5;5;4;5;3;5;2;4;2;4;3;4;4;4;5;4;6;4;7;4;8;4;9;5;9;6;9;7;9;7;8;8;8;9;8;10;8;11;8;12;8;13;8
1;1;12;3;6;6;6;6;6;7;6;8;5;8;5;7;5;6;5;5;5;4;5;3;5;2;4;2;4;3;4;4;4;5;4;6;4;7;4;8;4;9;5;9;6;9;7;9;7;8;8;8;9;8;10;8;11;8;12;8;13;8;14;8
1;0;12;3;6;6;6;7;6;8;5;8;5;7;5;6;5;5;5;4;5;3;5;2;4;2;4;3;4;4;4;5;4;6;4;7;4;8;4;9;5;9;6;9;7;9;7;8;8;8;9;8;10;8;11;8;12;8;13;8;14;8;14;7
1;0;12;3;6;7;6;8;5;8;5;7;5;6;5;5;5;4;5;3;5;2;4;2;4;3;4;4;4;5;4;6;4;7;4;8;4;9;5;9;6;9;7;9;7;8;8;8;9;8;10;8;11;8;12;8;13;8;14;8;14;7;14;6
1;0;12;3;6;8;5;8;5;7;5;6;5;5;5;4;5;3;5;2;4;2;4;3;4;4;4;5;4;6;4;7;4;8;4;9;5;9;6;9;7;9;7;8;8;8;9;8;10;8;11;8;12;8;13;8;14;8;14;7;14;6;14;5
1;0;12;3;5;8;5;7;5;6;5;5;5;4;5;3;5;2;4;2;4;3;4;4;4;5;4;6;4;7;4;8;4;9;5;9;6;9;7;9;7;8;8;8;9;8;10;8;11;8;12;8;13;8;14;8;14;7;14;6;14;5;14;4
1;0;12;3;5;7;5;6;5;5;5;4;5;3;5;2;4;2;4;3;4;4;4;5;4;6;4;7;4;8;4;9;5;9;6;9;7;9;7;8;8;8;9;8;10;8;11;8;12;8;13;8;14;8;14;7;14;6;14;5;14;4;14;3
1;3;12;3;5;6;5;5;5;4;5;3;5;2;4;2;4;3;4;4;4;5;4;6;4;7;4;8;4;9;5;9;6;9;7;9;7;8;8;8;9;8;10;8;11;8;12;8;13;8;14;8;14;7;14;6;14;5;14;4;14;3;13;3
1;3;12;1;5;5;5;5;5;4;5;3;5;2;4;2;4;3;4;4;4;5;4;6;4;7;4;8;4;9;5;9;6;9;7;9;7;8;8;8;9;8;10;8;11;8;12;8;13;8;14;8;14;7;14;6;14;5;14;4;14;3;13;3;12;3
1;0;12;1;5;5;5;4;5;3;5;2;4;2;4;3;4;4;4;5;4;6;4;7;4;8;4;9;5;9;6;9;7;9;7;8;8;8;9;8;10;8;11;8;12;8;13;8;14;8;14;7;14;6;14;5;14;4;14;3;13;3;12;3;12;2
1;0;19;8;5;4;5;4;5;3;5;2;4;2;4;3;4;4;4;5;4;6;4;7;4;8;4;9;5;9;6;9;7;9;7;8;8;8;9;8;10;8;11;8;12;8;13;8;14;8;14;7;14;6;14;5;14;4;14;3;13;3;12;3;12;2;12;1
1;1;19;8;5;4;5;3;5;2;4;2;4;3;4;4;4;5;4;6;4;7;4;8;4;9;5;9;6;9;7;9;7;8;8;8;9;8;10;8;11;8;12;8;13;8;14;8;14;7;14;6;14;5;14;4;14;3;13;3;12;3;12;2;12;1;13;1
1;1;19;8;5;3;5;2;4;2;4;3;4;4;4;5;4;6;4;7;4;8;4;9;5;9;6;9;7;9;7;8;8;8;9;8;10;8;11;8;12;8;13;8;14;8;14;7;14;6;14;5;14;4;14;3;13;3;12;3;12;2;12;1;13;1;14;1
1;1;19;8;5;2;4;2;4;3;4;4;4;5;4;6;4;7;4;8;4;9;5;9;6;9;7;9;7;8;8;8;9;8;10;8;11;8;12;8;13;8;14;8;14;7;14;6;14;5;14;4;14;3;13;3;12;3;12;2;12;1;13;1;14;1;15;1
1;2;19;8;4;2;4;3;4;4;4;5;4;6;4;7;4;8;4;9;5;9;6;9;7;9;7;8;8;8;9;8;10;8;11;8;12;8;13;8;14;8;14;7;14;6;14;5;14;4;14;3;13;3;12;3;12;2;12;1;13;1;14;1;15;1;15;2
1;2;19;8;4;3;4;4;4;5;4;6;4;7;4;8;4;9;5;9;6;9;7;9;7;8;8;8;9;8;10;8;11;8;12;8;13;8;14;8;14;7;14;6;14;5;14;4;14;3;13;3;12;3;12;2;12;1;13;1;14;1;15;1;15;2;15;3
1;2;19;8;4;4;4;5;4;6;4;7;4;8;4;9;5;9;6;9;7;9;7;8;8;8;9;8;10;8;11;8;12;8;13;8;14;8;14;7;14;6;14;5;14;4;14;3;13;3;12;3;12;2;12;1;13;1;14;1;15;1;15;2;15;3;15;4
1;2;19;8;4;5;4;6;4;7;4;8;4;9;5;9;6;9;7;9;7;8;8;8;9;8;10;8;11;8;12;8;13;8;14;8;14;7;14;6;14;5;14;4;14;3;13;3;12;3;12;2;12;1;13;1;14;1;15;1;15;2;15;3;15;4;15;5
1;2;19;8;4;6;4;7;4;8;4;9;5;9;6;9;7;9;7;8;8;8;9;8;10;8;11;8;12;8;13;8;14;8;14;7;14;6;14;5;14;4;14;3;13;3;12;3;12;2;12;1;13;1;14;1;15;1;15;2;15;3;15;4;15;5;15;6
1;2;19;8;4;7;4;8;4;9;5;9;6;9;7;9;7;8;8;8;9;8;10;8;11;8;12;8;13;8;14;8;14;7;14;6;14;5;14;4;14;3;13;3;12;3;12;2;12;1;13;1;14;1;15;1;15;2;15;3;15;4;15;5;15;6;15;7
1;2;19;8;4;8;4;9;5;9;6;9;7;9;7;8;8;8;9;8;10;8;11;8;12;8;13;8;14;8;14;7;14;6;14;5;14;4;14;3;13;3;12;3;12;2;12;1;13;1;14;1;15;1;15;2;15;3;15;4;15;5;15;6;15;7;15;8
1;1;19;8;4;9;5;9;6;9;7;9;7;8;8;8;9;8;10;8;11;8;12;8;13;8;14;8;14;7;14;6;14;5;14;4;14;3;13;3;12;3;12;2;12;1;13;1;14;1;15;1;15;2;15;3;15;4;15;5;15;6;15;7;15;8;16;8
1;1;19;8;5;9;6;9;7;9;7;8;8;8;9;8;10;8;11;8;12;8;13;8;14;8;14;7;14;6;14;5;14;4;14;3;13;3;12;3;12;2;12;1;13;1;14;1;15;1;15;2;15;3;15;4;15;5;15;6;15;7;15;8;16;8;17;8
1;1;19;8;6;9;7;9;7;8;8;8;9;8;10;8;11;8;12;8;13;8;14;8;14;7;14;6;14;5;14;4;14;3;13;3;12;3;12;2;12;1;13;1;14;1;15;1;15;2;15;3;15;4;15;5;15;6;15;7;15;8;16;8;17;8;18;8
1;1;13;15;7;9;7;9;7;8;8;8;9;8;10;8;11;8;12;8;13;8;14;8;14;7;14;6;14;5;14;4;14;3;13;3;12;3;12;2;12;1;13;1;14;1;15;1;15;2;15;3;15;4;15;5;15;6;15;7;15;8;16;8;17;8;18;8;19;8
1;2;13;15;7;9;7;8;8;8;9;8;10;8;11;8;12;8;13;8;14;8;14;7;14;6;14;5;14;4;14;3;13;3;12;3;12;2;12;1;13;1;14;1;15;1;15;2;15;3;15;4;15;5;15;6;15;7;15;8;16;8;17;8;18;8;19;8;19;9
1;3;13;15;7;8;8;8;9;8;10;8;11;8;12;8;13;8;14;8;14;7;14;6;14;5;14;4;14;3;13;3;12;3;12;2;12;1;13;1;14;1;15;1;15;2;15;3;15;4;15;5;15;6;15;7;15;8;16;8;17;8;18;8;19;8;19;9;18;9
1;3;13;15;8;8;9;8;10;8;11;8;12;8;13;8;14;8;14;7;14;6;14;5;14;4;14;3;13;3;12;3;12;2;12;1;13;1;14;1;15;1;15;2;15;3;15;4;15;5;15;6;15;7;15;8;16;8;17;8;18;8;19;8;19;9;18;9;17;9
1;3;13;15;9;8;10;8;11;8;12;8;13;8;14;8;14;7;14;6;14;5;14;4;14;3;13;3;12;3;12;2;12;1;13;1;14;1;15;1;15;2;15;3;15;4;15;5;15;6;15;7;15;8;16;8;17;8;18;8;19;8;19;9;18;9;17;9;16;9
1;3;13;15;10;8;11;8;12;8;13;8;14;8;14;7;14;6;14;5;14;4;14;3;13;3;12;3;12;2;12;1;13;1;14;1;15;1;15;2;15;3;15;4;15;5;15;6;15;7;15;8;16;8;17;8;18;8;19;8;19;9;18;9;17;9;16;9;15;9
1;3;13;15;11;8;12;8;13;8;14;8;14;7;14;6;14;5;14;4;14;3;13;3;12;3;12;2;12;1;13;1;14;1;15;1;15;2;15;3;15;4;15;5;15;6;15;7;15;8;16;8;17;8;18;8;19;8;19;9;18;9;17;9;16;9;15;9;14;9
1;3;13;15;12;8;13;8;14;8;14;7;14;6;14;5;14;4;14;3;13;3;12;3;12;2;12;1;13;1;14;1;15;1;15;2;15;3;15;4;15;5;15;6;15;7;15;8;16;8;17;8;18;8;19;8;19;9;18;9;17;9;16;9;15;9;14;9;13;9
1;2;13;15;13;8;14;8;14;7;14;6;14;5;14;4;14;3;13;3;12;3;12;2;12;1;13;1;14;1;15;1;15;2;15;3;15;4;15;5;15;6;15;7;15;8;16;8;17;8;18;8;19;8;19;9;18;9;17;9;16;9;15;9;14;9;13;9;13;10
1;2;13;15;14;8;14;7;14;6;14;5;14;4;14;3;13;3;12;3;12;2;12;1;13;1;14;1;15;1;15;2;15;3;15;4;15;5;15;6;15;7;15;8;16;8;17;8;18;8;19;8;19;9;18;9;17;9;16;9;15;9;14;9;13;9;13;10;13;11
1;2;13;15;14;7;14;6;14;5;14;4;14;3;13;3;12;3;12;2;12;1;13;1;14;1;15;1;15;2;15;3;15;4;15;5;15;6;15;7;15;8;16;8;17;8;18;8;19;8;19;9;18;9;17;9;16;9;15;9;14;9;13;9;13;10;13;11;13;12
1;2;13;15;14;6;14;5;14;4;14;3;13;3;12;3;12;2;12;1;13;1;14;1;15;1;15;2;15;3;15;4;15;5;15;6;15;7;15;8;16;8;17;8;18;8;19;8;19;9;18;9;17;9;16;9;15;9;14;9;13;9;13;10;13;11;13;12;13;13
1;2;13;15;14;5;14;4;14;3;13;3;12;3;12;2;12;1;13;1;14;1;15;1;15;2;15;3;15;4;15;5;15;6;15;7;15;8;16;8;17;8;18;8;19;8;19;9;18;9;17;9;16;9;15;9;14;9;13;9;13;10;13;11;13;12;13;13;13;14
1;2;16;18;14;4;14;4;14;3;13;3;12;3;12;2;12;1;13;1;14;1;15;1;15;2;15;3;15;4;15;5;15;6;15;7;15;8;16;8;17;8;18;8;19;8;19;9;18;9;17;9;16;9;15;9;14;9;13;9;13;10;13;11;13;12;13;13;13;14;13;15
1;2;16;18;14;4;14;3;13;3;12;3;12;2;12;1;13;1;14;1;15;1;15;2;15;3;15;4;15;5;15;6;15;7;15;8;16;8;17;8;18;8;19;8;19;9;18;9;17;9;16;9;15;9;14;9;13;9;13;10;13;11;13;12;13;13;13;14;13;15;13;16
1;2;16;18;14;3;13;3;12;3;12;2;12;1;13;1;14;1;15;1;15;2;15;3;15;4;15;5;15;6;15;7;15;8;16;8;17;8;18;8;19;8;19;9;18;9;17;9;16;9;15;9;14;9;13;9;13;10;13;11;13;12;13;13;13;14;13;15;13;16;13;17
1;2;16;18;13;3;12;3;12;2;12;1;13;1;14;1;15;1;15;2;15;3;15;4;15;5;15;6;15;7;15;8;16;8;17;8;18;8;19;8;19;9;18;9;17;9;16;9;15;9;14;9;13;9;13;10;13;11;13;12;13;13;13;14;13;15;13;16;13;17;13;18
1;1;16;18;12;3;12;2;12;1;13;1;14;1;15;1;15;2;15;3;15;4;15;5;15;6;15;7;15;8;16;8;17;8;18;8;19;8;19;9;18;9;17;9;16;9;15;9;14;9;13;9;13;10;13;11;13;12;13;13;13;14;13;15;13;16;13;17;13;18;14;18
1;1;16;18;12;2;12;1;13;1;14;1;15;1;15;2;15;3;15;4;15;5;15;6;15;7;15;8;16;8;17;8;18;8;19;8;19;9;18;9;17;9;16;9;15;9;14;9;13;9;13;10;13;11;13;12;13;13;13;14;13;15;13;16;13;17;13;18;14;18;15;18
1;1;5;8;12;1;12;1;13;1;14;1;15;1;15;2;15;3;15;4;15;5;15;6;15;7;15;8;16;8;17;8;18;8;19;8;19;9;18;9;17;9;16;9;15;9;14;9;13;9;13;10;13;11;13;12;13;13;13;14;13;15;13;16;13;17;13;18;14;18;15;18;16;18
1;0;5;8;12;1;13;1;14;1;15;1;15;2;15;3;15;4;15;5;15;6;15;7;15;8;16;8;17;8;18;8;19;8;19;9;18;9;17;9;16;9;15;9;14;9;13;9;13;10;13;11;13;12;13;13;13;14;13;15;13;16;13;17;13;18;14;18;15;18;16;18;16;17
1;0;5;8;13;1;14;1;15;1;15;2;15;3;15;4;15;5;15;6;15;7;15;8;16;8;17;8;18;8;19;8;19;9;18;9;17;9;16;9;15;9;14;9;13;9;13;10;13;11;13;12;13;13;13;14;13;15;13;16;13;17;13;18;14;18;15;18;16;18;16;17;16;16
1;0;5;8;14;1;15;1;15;2;15;3;15;4;15;5;15;6;15;7;15;8;16;8;17;8;18;8;19;8;19;9;18;9;17;9;16;9;15;9;14;9;13;9;13;10;13;11;13;12;13;13;13;14;13;15;13;16;13;17;13;18;14;18;15;18;16;18;16;17;16;16;16;15
1;0;5;8;15;1;15;2;15;3;15;4;15;5;15;6;15;7;15;8;16;8;17;8;18;8;19;8;19;9;18;9;17;9;16;9;15;9;14;9;13;9;13;10;13;11;13;12;13;13;13;14;13;15;13;16;13;17;13;18;14;18;15;18;16;18;16;17;16;16;16;15;16;14
1;0;5;8;15;2;15;3;15;4;15;5;15;6;15;7;15;8;16;8;17;8;18;8;19;8;19;9;18;9;17;9;16;9;15;9;14;9;13;9;13;10;13;11;13;12;13;13;13;14;13;15;13;16;13;17;13;18;14;18;15;18;16;18;16;17;16;16;16;15;16;14;16;13
1;0;5;8;15;3;15;4;15;5;15;6;15;7;15;8;16;8;17;8;18;8;19;8;19;9;18;9;17;9;16;9;15;9;14;9;13;9;13;10;13;11;13;12;13;13;13;14;13;15;13;16;13;17;13;18;14;18;15;18;16;18;16;17;16;16;16;15;16;14;16;13;16;12
1;0;5;8;15;4;15;5;15;6;15;7;15;8;16;8;17;8;18;8;19;8;19;9;18;9;17;9;16;9;15;9;14;9;13;9;13;10;13;11;13;12;13;13;13;14;13;15;13;16;13;17;13;18;14;18;15;18;16;18;16;17;16;16;16;15;16;14;16;13;16;12;16;11
1;0;5;8;15;5;15;6;15;7;15;8;16;8;17;8;18;8;19;8;19;9;18;9;17;9;16;9;15;9;14;9;13;9;13;10;13;11;13;12;13;13;13;14;13;15;13;16;13;17;13;18;14;18;15;18;16;18;16;17;16;16;16;15;16;14;16;13;16;12;16;11;16;10
1;3;5;8;15;6;15;7;15;8;16;8;17;8;18;8;19;8;19;9;18;9;17;9;16;9;15;9;14;9;13;9;13;10;13;11;13;12;13;13;13;14;13;15;13;16;13;17;13;18;14;18;15;18;16;18;16;17;16;16;16;15;16;14;16;13;16;12;16;11;16;10;15;10
1;2;5;8;15;7;15;8;16;8;17;8;18;8;19;8;19;9;18;9;17;9;16;9;15;9;14;9;13;9;13;10;13;11;13;12;13;13;13;14;13;15;13;16;13;17;13;18;14;18;15;18;16;18;16;17;16;16;16;15;16;14;16;13;16;12;16;11;16;10;15;10;15;11
1;2;5;8;15;8;16;8;17;8;18;8;19;8;19;9;18;9;17;9;16;9;15;9;14;9;13;9;13;10;13;11;13;12;13;13;13;14;13;15;13;16;13;17;13;18;14;18;15;18;16;18;16;17;16;16;16;15;16;14;16;13;16;12;16;11;16;10;15;10;15;11;15;12
1;2;5;8;16;8;17;8;18;8;19;8;19;9;18;9;17;9;16;9;15;9;14;9;13;9;13;10;13;11;13;12;13;13;13;14;13;15;13;16;13;17;13;18;14;18;15;18;16;18;16;17;16;16;16;15;16;14;16;13;16;12;16;11;16;10;15;10;15;11;15;12;15;13
1;2;5;8;17;8;18;8;19;8;19;9;18;9;17;9;16;9;15;9;14;9;13;9;13;10;13;11;13;12;13;13;13;14;13;15;13;16;13;17;13;18;14;18;15;18;16;18;16;17;16;16;16;15;16;14;16;13;16;12;16;11;16;10;15;10;15;11;15;12;15;13;15;14
1;2;5;8;18;8;19;8;19;9;18;9;17;9;16;9;15;9;14;9;13;9;13;10;13;11;13;12;13;13;13;14;13;15;13;16;13;17;13;18;14;18;15;18;16;18;16;17;16;16;16;15;16;14;16;13;16;12;16;11;16;10;15;10;15;11;15;12;15;13;15;14;15;15
1;3;5;8;19;8;19;9;18;9;17;9;16;9;15;9;14;9;13;9;13;10;13;11;13;12;13;13;13;14;13;15;13;16;13;17;13;18;14;18;15;18;16;18;16;17;16;16;16;15;16;14;16;13;16;12;16;11;16;10;15;10;15;11;15;12;15;13;15;14;15;15;14;15
1;2;5;8;19;9;18;9;17;9;16;9;15;9;14;9;13;9;13;10;13;11;13;12;13;13;13;14;13;15;13;16;13;17;13;18;14;18;15;18;16;18;16;17;16;16;16;15;16;14;16;13;16;12;16;11;16;10;15;10;15;11;15;12;15;13;15;14;15;15;14;15;14;16
1;1;5;8;18;9;17;9;16;9;15;9;14;9;13;9;13;10;13;11;13;12;13;13;13;14;13;15;13;16;13;17;13;18;14;18;15;18;16;18;16;17;16;16;16;15;16;14;16;13;16;12;16;11;16;10;15;10;15;11;15;12;15;13;15;14;15;15;14;15;14;16;15;16
