20
1;1;16;16;8;10;9;10;10;10
1;2;16;16;9;10;10;10;10;11
1;2;16;16;10;10;10;11;10;12
1;2;16;16;10;11;10;12;10;13
1;2;16;16;10;12;10;13;10;14
1;2;16;16;10;13;10;14;10;15
1;2;16;16;10;14;10;15;10;16
1;1;16;16;10;15;10;16;11;16
1;1;16;16;10;16;11;16;12;16
1;1;16;16;11;16;12;16;13;16
1;1;16;16;12;16;13;16;14;16
1;1;16;16;13;16;14;16;15;16
1;1;12;0;14;16;14;16;15;16;16;16
1;0;12;0;14;16;15;16;16;16;16;15
1;0;12;0;15;16;16;16;16;15;16;14
1;0;12;0;16;16;16;15;16;14;16;13
1;0;12;0;16;15;16;14;16;13;16;12
1;0;12;0;16;14;16;13;16;12;16;11
1;0;12;0;16;13;16;12;16;11;16;10
1;0;12;0;16;12;16;11;16;10;16;9
1;0;12;0;16;11;16;10;16;9;16;8
1;3;12;0;16;10;16;9;16;8;15;8
1;3;12;0;16;9;16;8;15;8;14;8
1;3;12;0;16;8;15;8;14;8;13;8
1;3;12;0;15;8;14;8;13;8;12;8
1;0;12;0;14;8;13;8;12;8;12;7
1;0;12;0;13;8;12;8;12;7;12;6
1;0;12;0;12;8;12;7;12;6;12;5
1;0;12;0;12;7;12;6;12;5;12;4
1;0;12;0;12;6;12;5;12;4;12;3
1;0;12;0;12;5;12;4;12;3;12;2
1;0;12;0;12;4;12;3;12;2;12;1
1;0;12;14;12;3;12;3;12;2;12;1;12;0
1;3;12;14;12;3;12;2;12;1;12;0;11;0
1;2;12;14;12;2;12;1;12;0;11;0;11;1
1;2;12;14;12;1;12;0;11;0;11;1;11;2
1;1;12;14;12;0;11;0;11;1;11;2;12;2
1;2;12;14;11;0;11;1;11;2;12;2;12;3
1;2;12;14;11;1;11;2;12;2;12;3;12;4
1;2;12;14;11;2;12;2;12;3;12;4;12;5
1;2;12;14;12;2;12;3;12;4;12;5;12;6
1;2;12;14;12;3;12;4;12;5;12;6;12;7
1;2;12;14;12;4;12;5;12;6;12;7;12;8
1;2;12;14;12;5;12;6;12;7;12;8;12;9
1;2;12;14;12;6;12;7;12;8;12;9;12;10
1;2;12;14;12;7;12;8;12;9;12;10;12;11
1;2;12;14;12;8;12;9;12;10;12;11;12;12
1;2;12;14;12;9;12;10;12;11;12;12;12;13
1;2;9;0;12;10;12;10;12;11;12;12;12;13;12;14
1;3;9;0;12;10;12;11;12;12;12;13;12;14;11;14
1;3;9;0;12;11;12;12;12;13;12;14;11;14;10;14
1;3;9;0;12;12;12;13;12;14;11;14;10;14;9;14
1;0;9;0;12;13;12;14;11;14;10;14;9;14;9;13
1;0;9;0;12;14;11;14;10;14;9;14;9;13;9;12
1;0;9;0;11;14;10;14;9;14;9;13;9;12;9;11
1;0;9;0;10;14;9;14;9;13;9;12;9;11;9;10
1;0;9;0;9;14;9;13;9;12;9;11;9;10;9;9
1;0;9;0;9;13;9;12;9;11;9;10;9;9;9;8
1;0;9;0;9;12;9;11;9;10;9;9;9;8;9;7
1;0;9;0;9;11;9;10;9;9;9;8;9;7;9;6
1;0;9;0;9;10;9;9;9;8;9;7;9;6;9;5
1;0;9;0;9;9;9;8;9;7;9;6;9;5;9;4
1;0;9;0;9;8;9;7;9;6;9;5;9;4;9;3
1;0;9;0;9;7;9;6;9;5;9;4;9;3;9;2
1;0;9;0;9;6;9;5;9;4;9;3;9;2;9;1
1;0;18;1;9;5;9;5;9;4;9;3;9;2;9;1;9;0
1;1;18;1;9;5;9;4;9;3;9;2;9;1;9;0;10;0
1;2;18;1;9;4;9;3;9;2;9;1;9;0;10;0;10;1
1;1;18;1;9;3;9;2;9;1;9;0;10;0;10;1;11;1
1;1;18;1;9;2;9;1;9;0;10;0;10;1;11;1;12;1
1;1;18;1;9;1;9;0;10;0;10;1;11;1;12;1;13;1
1;1;18;1;9;0;10;0;10;1;11;1;12;1;13;1;14;1
1;1;18;1;10;0;10;1;11;1;12;1;13;1;14;1;15;1
1;1;18;1;10;1;11;1;12;1;13;1;14;1;15;1;16;1
1;1;18;1;11;1;12;1;13;1;14;1;15;1;16;1;17;1
1;1;10;18;12;1;12;1;13;1;14;1;15;1;16;1;17;1;18;1
1;2;10;18;12;1;13;1;14;1;15;1;16;1;17;1;18;1;18;2
1;3;10;18;13;1;14;1;15;1;16;1;17;1;18;1;18;2;17;2
1;3;10;18;14;1;15;1;16;1;17;1;18;1;18;2;17;2;16;2
1;3;10;18;15;1;16;1;17;1;18;1;18;2;17;2;16;2;15;2
1;3;10;18;16;1;17;1;18;1;18;2;17;2;16;2;15;2;14;2
1;3;10;18;17;1;18;1;18;2;17;2;16;2;15;2;14;2;13;2
1;3;10;18;18;1;18;2;17;2;16;2;15;2;14;2;13;2;12;2
1;3;10;18;18;2;17;2;16;2;15;2;14;2;13;2;12;2;11;2
1;3;10;18;17;2;16;2;15;2;14;2;13;2;12;2;11;2;10;2
1;2;10;18;16;2;15;2;14;2;13;2;12;2;11;2;10;2;10;3
1;2;10;18;15;2;14;2;13;2;12;2;11;2;10;2;10;3;10;4
1;2;10;18;14;2;13;2;12;2;11;2;10;2;10;3;10;4;10;5
1;2;10;18;13;2;12;2;11;2;10;2;10;3;10;4;10;5;10;6
1;2;10;18;12;2;11;2;10;2;10;3;10;4;10;5;10;6;10;7
1;2;10;18;11;2;10;2;10;3;10;4;10;5;10;6;10;7;10;8
1;2;10;18;10;2;10;3;10;4;10;5;10;6;10;7;10;8;10;9
1;2;10;18;10;3;10;4;10;5;10;6;10;7;10;8;10;9;10;10
1;2;10;18;10;4;10;5;10;6;10;7;10;8;10;9;10;10;10;11
1;2;10;18;10;5;10;6;10;7;10;8;10;9;10;10;10;11;10;12
1;2;10;18;10;6;10;7;10;8;10;9;10;10;10;11;10;12;10;13
1;2;10;18;10;7;10;8;10;9;10;10;10;11;10;12;10;13;10;14
1;2;10;18;10;8;10;9;10;10;10;11;10;12;10;13;10;14;10;15
1;2;10;18;10;9;10;10;10;11;10;12;10;13;10;14;10;15;10;16
1;2;10;18;10;10;10;11;10;12;10;13;10;14;10;15;10;16;10;17
1;2;11;14;10;11;10;11;10;12;10;13;10;14;10;15;10;16;10;17;10;18
1;1;11;14;10;11;10;12;10;13;10;14;10;15;10;16;10;17;10;18;11;18
1;0;11;14;10;12;10;13;10;14;10;15;10;16;10;17;10;18;11;18;11;17
1;0;11;14;10;13;10;14;10;15;10;16;10;17;10;18;11;18;11;17;11;16
1;0;11;14;10;14;10;15;10;16;10;17;10;18;11;18;11;17;11;16;11;15
1;0;0;15;10;15;10;15;10;16;10;17;10;18;11;18;11;17;11;16;11;15;11;14
1;3;0;15;10;15;10;16;10;17;10;18;11;18;11;17;11;16;11;15;11;14;10;14
1;3;0;15;10;16;10;17;10;18;11;18;11;17;11;16;11;15;11;14;10;14;9;14
1;2;0;15;10;17;10;18;11;18;11;17;11;16;11;15;11;14;10;14;9;14;9;15
1;3;0;15;10;18;11;18;11;17;11;16;11;15;11;14;10;14;9;14;9;15;8;15
1;3;0;15;11;18;11;17;11;16;11;15;11;14;10;14;9;14;9;15;8;15;7;15
1;3;0;15;11;17;11;16;11;15;11;14;10;14;9;14;9;15;8;15;7;15;6;15
1;3;0;15;11;16;11;15;11;14;10;14;9;14;9;15;8;15;7;15;6;15;5;15
1;3;0;15;11;15;11;14;10;14;9;14;9;15;8;15;7;15;6;15;5;15;4;15
1;3;0;15;11;14;10;14;9;14;9;15;8;15;7;15;6;15;5;15;4;15;3;15
1;3;0;15;10;14;9;14;9;15;8;15;7;15;6;15;5;15;4;15;3;15;2;15
1;3;0;15;9;14;9;15;8;15;7;15;6;15;5;15;4;15;3;15;2;15;1;15
1;3;19;18;9;15;9;15;8;15;7;15;6;15;5;15;4;15;3;15;2;15;1;15;0;15
1;2;19;18;9;15;8;15;7;15;6;15;5;15;4;15;3;15;2;15;1;15;0;15;0;16
1;2;19;18;8;15;7;15;6;15;5;15;4;15;3;15;2;15;1;15;0;15;0;16;0;17
1;2;19;18;7;15;6;15;5;15;4;15;3;15;2;15;1;15;0;15;0;16;0;17;0;18
1;1;19;18;6;15;5;15;4;15;3;15;2;15;1;15;0;15;0;16;0;17;0;18;1;18
1;1;19;18;5;15;4;15;3;15;2;15;1;15;0;15;0;16;0;17;0;18;1;18;2;18
1;1;19;18;4;15;3;15;2;15;1;15;0;15;0;16;0;17;0;18;1;18;2;18;3;18
1;1;19;18;3;15;2;15;1;15;0;15;0;16;0;17;0;18;1;18;2;18;3;18;4;18
1;1;19;18;2;15;1;15;0;15;0;16;0;17;0;18;1;18;2;18;3;18;4;18;5;18
1;1;19;18;1;15;0;15;0;16;0;17;0;18;1;18;2;18;3;18;4;18;5;18;6;18
1;1;19;18;0;15;0;16;0;17;0;18;1;18;2;18;3;18;4;18;5;18;6;18;7;18
1;1;19;18;0;16;0;17;0;18;1;18;2;18;3;18;4;18;5;18;6;18;7;18;8;18
1;1;19;18;0;17;0;18;1;18;2;18;3;18;4;18;5;18;6;18;7;18;8;18;9;18
1;1;19;18;0;18;1;18;2;18;3;18;4;18;5;18;6;18;7;18;8;18;9;18;10;18
1;1;19;18;1;18;2;18;3;18;4;18;5;18;6;18;7;18;8;18;9;18;10;18;11;18
1;1;19;18;2;18;3;18;4;18;5;18;6;18;7;18;8;18;9;18;10;18;11;18;12;18
1;1;19;18;3;18;4;18;5;18;6;18;7;18;8;18;9;18;10;18;11;18;12;18;13;18
1;1;19;18;4;18;5;18;6;18;7;18;8;18;9;18;10;18;11;18;12;18;13;18;14;18
1;1;19;18;5;18;6;18;7;18;8;18;9;18;10;18;11;18;12;18;13;18;14;18;15;18
1;1;19;18;6;18;7;18;8;18;9;18;10;18;11;18;12;18;13;18;14;18;15;18;16;18
1;1;19;18;7;18;8;18;9;18;10;18;11;18;12;18;13;18;14;18;15;18;16;18;17;18
1;1;19;18;8;18;9;18;10;18;11;18;12;18;13;18;14;18;15;18;16;18;17;18;18;18
1;1;9;15;9;18;9;18;10;18;11;18;12;18;13;18;14;18;15;18;16;18;17;18;18;18;19;18
1;0;9;15;9;18;10;18;11;18;12;18;13;18;14;18;15;18;16;18;17;18;18;18;19;18;19;17
1;0;9;15;10;18;11;18;12;18;13;18;14;18;15;18;16;18;17;18;18;18;19;18;19;17;19;16
1;0;9;15;11;18;12;18;13;18;14;18;15;18;16;18;17;18;18;18;19;18;19;17;19;16;19;15
1;3;9;15;12;18;13;18;14;18;15;18;16;18;17;18;18;18;19;18;19;17;19;16;19;15;18;15
1;3;9;15;13;18;14;18;15;18;16;18;17;18;18;18;19;18;19;17;19;16;19;15;18;15;17;15
1;3;9;15;14;18;15;18;16;18;17;18;18;18;19;18;19;17;19;16;19;15;18;15;17;15;16;15
1;3;9;15;15;18;16;18;17;18;18;18;19;18;19;17;19;16;19;15;18;15;17;15;16;15;15;15
1;3;9;15;16;18;17;18;18;18;19;18;19;17;19;16;19;15;18;15;17;15;16;15;15;15;14;15
1;3;9;15;17;18;18;18;19;18;19;17;19;16;19;15;18;15;17;15;16;15;15;15;14;15;13;15
1;3;9;15;18;18;19;18;19;17;19;16;19;15;18;15;17;15;16;15;15;15;14;15;13;15;12;15
1;3;9;15;19;18;19;17;19;16;19;15;18;15;17;15;16;15;15;15;14;15;13;15;12;15;11;15
1;3;9;15;19;17;19;16;19;15;18;15;17;15;16;15;15;15;14;15;13;15;12;15;11;15;10;15
1;3;14;9;19;16;19;16;19;15;18;15;17;15;16;15;15;15;14;15;13;15;12;15;11;15;10;15;9;15
1;0;14;9;19;16;19;15;18;15;17;15;16;15;15;15;14;15;13;15;12;15;11;15;10;15;9;15;9;14
1;1;14;9;19;15;18;15;17;15;16;15;15;15;14;15;13;15;12;15;11;15;10;15;9;15;9;14;10;14
1;1;14;9;18;15;17;15;16;15;15;15;14;15;13;15;12;15;11;15;10;15;9;15;9;14;10;14;11;14
1;1;14;9;17;15;16;15;15;15;14;15;13;15;12;15;11;15;10;15;9;15;9;14;10;14;11;14;12;14
1;1;14;9;16;15;15;15;14;15;13;15;12;15;11;15;10;15;9;15;9;14;10;14;11;14;12;14;13;14
1;1;14;9;15;15;14;15;13;15;12;15;11;15;10;15;9;15;9;14;10;14;11;14;12;14;13;14;14;14
1;0;14;9;14;15;13;15;12;15;11;15;10;15;9;15;9;14;10;14;11;14;12;14;13;14;14;14;14;13
1;0;14;9;13;15;12;15;11;15;10;15;9;15;9;14;10;14;11;14;12;14;13;14;14;14;14;13;14;12
1;0;14;9;12;15;11;15;10;15;9;15;9;14;10;14;11;14;12;14;13;14;14;14;14;13;14;12;14;11
1;0;14;9;11;15;10;15;9;15;9;14;10;14;11;14;12;14;13;14;14;14;14;13;14;12;14;11;14;10
1;0;4;11;10;15;10;15;9;15;9;14;10;14;11;14;12;14;13;14;14;14;14;13;14;12;14;11;14;10;14;9
1;3;4;11;10;15;9;15;9;14;10;14;11;14;12;14;13;14;14;14;14;13;14;12;14;11;14;10;14;9;13;9
1;3;4;11;9;15;9;14;10;14;11;14;12;14;13;14;14;14;14;13;14;12;14;11;14;10;14;9;13;9;12;9
1;3;4;11;9;14;10;14;11;14;12;14;13;14;14;14;14;13;14;12;14;11;14;10;14;9;13;9;12;9;11;9
1;3;4;11;10;14;11;14;12;14;13;14;14;14;14;13;14;12;14;11;14;10;14;9;13;9;12;9;11;9;10;9
1;3;4;11;11;14;12;14;13;14;14;14;14;13;14;12;14;11;14;10;14;9;13;9;12;9;11;9;10;9;9;9
1;2;4;11;12;14;13;14;14;14;14;13;14;12;14;11;14;10;14;9;13;9;12;9;11;9;10;9;9;9;9;10
1;2;4;11;13;14;14;14;14;13;14;12;14;11;14;10;14;9;13;9;12;9;11;9;10;9;9;9;9;10;9;11
1;3;4;11;14;14;14;13;14;12;14;11;14;10;14;9;13;9;12;9;11;9;10;9;9;9;9;10;9;11;8;11
1;3;4;11;14;13;14;12;14;11;14;10;14;9;13;9;12;9;11;9;10;9;9;9;9;10;9;11;8;11;7;11
1;3;4;11;14;12;14;11;14;10;14;9;13;9;12;9;11;9;10;9;9;9;9;10;9;11;8;11;7;11;6;11
1;3;4;11;14;11;14;10;14;9;13;9;12;9;11;9;10;9;9;9;9;10;9;11;8;11;7;11;6;11;5;11
1;3;19;9;14;10;14;10;14;9;13;9;12;9;11;9;10;9;9;9;9;10;9;11;8;11;7;11;6;11;5;11;4;11
1;0;19;9;14;10;14;9;13;9;12;9;11;9;10;9;9;9;9;10;9;11;8;11;7;11;6;11;5;11;4;11;4;10
1;0;19;9;14;9;13;9;12;9;11;9;10;9;9;9;9;10;9;11;8;11;7;11;6;11;5;11;4;11;4;10;4;9
1;1;19;9;13;9;12;9;11;9;10;9;9;9;9;10;9;11;8;11;7;11;6;11;5;11;4;11;4;10;4;9;5;9
1;1;19;9;12;9;11;9;10;9;9;9;9;10;9;11;8;11;7;11;6;11;5;11;4;11;4;10;4;9;5;9;6;9
1;1;19;9;11;9;10;9;9;9;9;10;9;11;8;11;7;11;6;11;5;11;4;11;4;10;4;9;5;9;6;9;7;9
1;1;19;9;10;9;9;9;9;10;9;11;8;11;7;11;6;11;5;11;4;11;4;10;4;9;5;9;6;9;7;9;8;9
1;0;19;9;9;9;9;10;9;11;8;11;7;11;6;11;5;11;4;11;4;10;4;9;5;9;6;9;7;9;8;9;8;8
1;1;19;9;9;10;9;11;8;11;7;11;6;11;5;11;4;11;4;10;4;9;5;9;6;9;7;9;8;9;8;8;9;8
1;1;19;9;9;11;8;11;7;11;6;11;5;11;4;11;4;10;4;9;5;9;6;9;7;9;8;9;8;8;9;8;10;8
1;2;19;9;8;11;7;11;6;11;5;11;4;11;4;10;4;9;5;9;6;9;7;9;8;9;8;8;9;8;10;8;10;9
1;1;19;9;7;11;6;11;5;11;4;11;4;10;4;9;5;9;6;9;7;9;8;9;8;8;9;8;10;8;10;9;11;9
1;1;19;9;6;11;5;11;4;11;4;10;4;9;5;9;6;9;7;9;8;9;8;8;9;8;10;8;10;9;11;9;12;9
1;1;19;9;5;11;4;11;4;10;4;9;5;9;6;9;7;9;8;9;8;8;9;8;10;8;10;9;11;9;12;9;13;9
1;1;19;9;4;11;4;10;4;9;5;9;6;9;7;9;8;9;8;8;9;8;10;8;10;9;11;9;12;9;13;9;14;9
1;1;19;9;4;10;4;9;5;9;6;9;7;9;8;9;8;8;9;8;10;8;10;9;11;9;12;9;13;9;14;9;15;9
1;1;19;9;4;9;5;9;6;9;7;9;8;9;8;8;9;8;10;8;10;9;11;9;12;9;13;9;14;9;15;9;16;9
1;1;19;9;5;9;6;9;7;9;8;9;8;8;9;8;10;8;10;9;11;9;12;9;13;9;14;9;15;9;16;9;17;9
1;1;19;9;6;9;7;9;8;9;8;8;9;8;10;8;10;9;11;9;12;9;13;9;14;9;15;9;16;9;17;9;18;9
1;1;9;1;7;9;7;9;8;9;8;8;9;8;10;8;10;9;11;9;12;9;13;9;14;9;15;9;16;9;17;9;18;9;19;9
1;0;9;1;7;9;8;9;8;8;9;8;10;8;10;9;11;9;12;9;13;9;14;9;15;9;16;9;17;9;18;9;19;9;19;8
1;0;9;1;8;9;8;8;9;8;10;8;10;9;11;9;12;9;13;9;14;9;15;9;16;9;17;9;18;9;19;9;19;8;19;7
1;0;9;1;8;8;9;8;10;8;10;9;11;9;12;9;13;9;14;9;15;9;16;9;17;9;18;9;19;9;19;8;19;7;19;6
1;0;9;1;9;8;10;8;10;9;11;9;12;9;13;9;14;9;15;9;16;9;17;9;18;9;19;9;19;8;19;7;19;6;19;5
1;0;9;1;10;8;10;9;11;9;12;9;13;9;14;9;15;9;16;9;17;9;18;9;19;9;19;8;19;7;19;6;19;5;19;4
1;0;9;1;10;9;11;9;12;9;13;9;14;9;15;9;16;9;17;9;18;9;19;9;19;8;19;7;19;6;19;5;19;4;19;3
1;0;9;1;11;9;12;9;13;9;14;9;15;9;16;9;17;9;18;9;19;9;19;8;19;7;19;6;19;5;19;4;19;3;19;2
1;0;9;1;12;9;13;9;14;9;15;9;16;9;17;9;18;9;19;9;19;8;19;7;19;6;19;5;19;4;19;3;19;2;19;1
1;3;9;1;13;9;14;9;15;9;16;9;17;9;18;9;19;9;19;8;19;7;19;6;19;5;19;4;19;3;19;2;19;1;18;1
1;3;9;1;14;9;15;9;16;9;17;9;18;9;19;9;19;8;19;7;19;6;19;5;19;4;19;3;19;2;19;1;18;1;17;1
1;3;9;1;15;9;16;9;17;9;18;9;19;9;19;8;19;7;19;6;19;5;19;4;19;3;19;2;19;1;18;1;17;1;16;1
1;3;9;1;16;9;17;9;18;9;19;9;19;8;19;7;19;6;19;5;19;4;19;3;19;2;19;1;18;1;17;1;16;1;15;1
1;3;9;1;17;9;18;9;19;9;19;8;19;7;19;6;19;5;19;4;19;3;19;2;19;1;18;1;17;1;16;1;15;1;14;1
1;3;9;1;18;9;19;9;19;8;19;7;19;6;19;5;19;4;19;3;19;2;19;1;18;1;17;1;16;1;15;1;14;1;13;1
1;3;9;1;19;9;19;8;19;7;19;6;19;5;19;4;19;3;19;2;19;1;18;1;17;1;16;1;15;1;14;1;13;1;12;1
1;3;9;1;19;8;19;7;19;6;19;5;19;4;19;3;19;2;19;1;18;1;17;1;16;1;15;1;14;1;13;1;12;1;11;1
1;3;9;1;19;7;19;6;19;5;19;4;19;3;19;2;19;1;18;1;17;1;16;1;15;1;14;1;13;1;12;1;11;1;10;1
1;3;9;15;19;6;19;6;19;5;19;4;19;3;19;2;19;1;18;1;17;1;16;1;15;1;14;1;13;1;12;1;11;1;10;1;9;1
1;2;9;15;19;6;19;5;19;4;19;3;19;2;19;1;18;1;17;1;16;1;15;1;14;1;13;1;12;1;11;1;10;1;9;1;9;2
1;2;9;15;19;5;19;4;19;3;19;2;19;1;18;1;17;1;16;1;15;1;14;1;13;1;12;1;11;1;10;1;9;1;9;2;9;3
1;2;9;15;19;4;19;3;19;2;19;1;18;1;17;1;16;1;15;1;14;1;13;1;12;1;11;1;10;1;9;1;9;2;9;3;9;4
1;2;9;15;19;3;19;2;19;1;18;1;17;1;16;1;15;1;14;1;13;1;12;1;11;1;10;1;9;1;9;2;9;3;9;4;9;5
1;2;9;15;19;2;19;1;18;1;17;1;16;1;15;1;14;1;13;1;12;1;11;1;10;1;9;1;9;2;9;3;9;4;9;5;9;6
1;2;9;15;19;1;18;1;17;1;16;1;15;1;14;1;13;1;12;1;11;1;10;1;9;1;9;2;9;3;9;4;9;5;9;6;9;7
1;2;9;15;18;1;17;1;16;1;15;1;14;1;13;1;12;1;11;1;10;1;9;1;9;2;9;3;9;4;9;5;9;6;9;7;9;8
1;2;9;15;17;1;16;1;15;1;14;1;13;1;12;1;11;1;10;1;9;1;9;2;9;3;9;4;9;5;9;6;9;7;9;8;9;9
1;2;9;15;16;1;15;1;14;1;13;1;12;1;11;1;10;1;9;1;9;2;9;3;9;4;9;5;9;6;9;7;9;8;9;9;9;10
1;2;9;15;15;1;14;1;13;1;12;1;11;1;10;1;9;1;9;2;9;3;9;4;9;5;9;6;9;7;9;8;9;9;9;10;9;11
1;2;9;15;14;1;13;1;12;1;11;1;10;1;9;1;9;2;9;3;9;4;9;5;9;6;9;7;9;8;9;9;9;10;9;11;9;12
1;2;9;15;13;1;12;1;11;1;10;1;9;1;9;2;9;3;9;4;9;5;9;6;9;7;9;8;9;9;9;10;9;11;9;12;9;13
1;2;9;15;12;1;11;1;10;1;9;1;9;2;9;3;9;4;9;5;9;6;9;7;9;8;9;9;9;10;9;11;9;12;9;13;9;14
1;2;15;4;11;1;11;1;10;1;9;1;9;2;9;3;9;4;9;5;9;6;9;7;9;8;9;9;9;10;9;11;9;12;9;13;9;14;9;15
1;1;15;4;11;1;10;1;9;1;9;2;9;3;9;4;9;5;9;6;9;7;9;8;9;9;9;10;9;11;9;12;9;13;9;14;9;15;10;15
1;1;15;4;10;1;9;1;9;2;9;3;9;4;9;5;9;6;9;7;9;8;9;9;9;10;9;11;9;12;9;13;9;14;9;15;10;15;11;15
1;1;15;4;9;1;9;2;9;3;9;4;9;5;9;6;9;7;9;8;9;9;9;10;9;11;9;12;9;13;9;14;9;15;10;15;11;15;12;15
1;1;15;4;9;2;9;3;9;4;9;5;9;6;9;7;9;8;9;9;9;10;9;11;9;12;9;13;9;14;9;15;10;15;11;15;12;15;13;15
1;1;15;4;9;3;9;4;9;5;9;6;9;7;9;8;9;9;9;10;9;11;9;12;9;13;9;14;9;15;10;15;11;15;12;15;13;15;14;15
1;1;15;4;9;4;9;5;9;6;9;7;9;8;9;9;9;10;9;11;9;12;9;13;9;14;9;15;10;15;11;15;12;15;13;15;14;15;15;15
1;0;15;4;9;5;9;6;9;7;9;8;9;9;9;10;9;11;9;12;9;13;9;14;9;15;10;15;11;15;12;15;13;15;14;15;15;15;15;14
1;0;15;4;9;6;9;7;9;8;9;9;9;10;9;11;9;12;9;13;9;14;9;15;10;15;11;15;12;15;13;15;14;15;15;15;15;14;15;13
1;0;15;4;9;7;9;8;9;9;9;10;9;11;9;12;9;13;9;14;9;15;10;15;11;15;12;15;13;15;14;15;15;15;15;14;15;13;15;12
1;0;15;4;9;8;9;9;9;10;9;11;9;12;9;13;9;14;9;15;10;15;11;15;12;15;13;15;14;15;15;15;15;14;15;13;15;12;15;11
1;0;15;4;9;9;9;10;9;11;9;12;9;13;9;14;9;15;10;15;11;15;12;15;13;15;14;15;15;15;15;14;15;13;15;12;15;11;15;10
1;0;15;4;9;10;9;11;9;12;9;13;9;14;9;15;10;15;11;15;12;15;13;15;14;15;15;15;15;14;15;13;15;12;15;11;15;10;15;9
1;0;15;4;9;11;9;12;9;13;9;14;9;15;10;15;11;15;12;15;13;15;14;15;15;15;15;14;15;13;15;12;15;11;15;10;15;9;15;8
1;0;15;4;9;12;9;13;9;14;9;15;10;15;11;15;12;15;13;15;14;15;15;15;15;14;15;13;15;12;15;11;15;10;15;9;15;8;15;7
1;0;15;4;9;13;9;14;9;15;10;15;11;15;12;15;13;15;14;15;15;15;15;14;15;13;15;12;15;11;15;10;15;9;15;8;15;7;15;6
1;0;15;4;9;14;9;15;10;15;11;15;12;15;13;15;14;15;15;15;15;14;15;13;15;12;15;11;15;10;15;9;15;8;15;7;15;6;15;5
1;0;14;9;9;15;9;15;10;15;11;15;12;15;13;15;14;15;15;15;15;14;15;13;15;12;15;11;15;10;15;9;15;8;15;7;15;6;15;5;15;4
1;3;14;9;9;15;10;15;11;15;12;15;13;15;14;15;15;15;15;14;15;13;15;12;15;11;15;10;15;9;15;8;15;7;15;6;15;5;15;4;14;4
1;2;14;9;10;15;11;15;12;15;13;15;14;15;15;15;15;14;15;13;15;12;15;11;15;10;15;9;15;8;15;7;15;6;15;5;15;4;14;4;14;5
1;2;14;9;11;15;12;15;13;15;14;15;15;15;15;14;15;13;15;12;15;11;15;10;15;9;15;8;15;7;15;6;15;5;15;4;14;4;14;5;14;6
1;2;14;9;12;15;13;15;14;15;15;15;15;14;15;13;15;12;15;11;15;10;15;9;15;8;15;7;15;6;15;5;15;4;14;4;14;5;14;6;14;7
1;2;14;9;13;15;14;15;15;15;15;14;15;13;15;12;15;11;15;10;15;9;15;8;15;7;15;6;15;5;15;4;14;4;14;5;14;6;14;7;14;8
1;2;4;17;14;15;14;15;15;15;15;14;15;13;15;12;15;11;15;10;15;9;15;8;15;7;15;6;15;5;15;4;14;4;14;5;14;6;14;7;14;8;14;9
1;3;4;17;14;15;15;15;15;14;15;13;15;12;15;11;15;10;15;9;15;8;15;7;15;6;15;5;15;4;14;4;14;5;14;6;14;7;14;8;14;9;13;9
1;3;4;17;15;15;15;14;15;13;15;12;15;11;15;10;15;9;15;8;15;7;15;6;15;5;15;4;14;4;14;5;14;6;14;7;14;8;14;9;13;9;12;9
1;3;4;17;15;14;15;13;15;12;15;11;15;10;15;9;15;8;15;7;15;6;15;5;15;4;14;4;14;5;14;6;14;7;14;8;14;9;13;9;12;9;11;9
1;2;4;17;15;13;15;12;15;11;15;10;15;9;15;8;15;7;15;6;15;5;15;4;14;4;14;5;14;6;14;7;14;8;14;9;13;9;12;9;11;9;11;10
1;2;4;17;15;12;15;11;15;10;15;9;15;8;15;7;15;6;15;5;15;4;14;4;14;5;14;6;14;7;14;8;14;9;13;9;12;9;11;9;11;10;11;11
1;2;4;17;15;11;15;10;15;9;15;8;15;7;15;6;15;5;15;4;14;4;14;5;14;6;14;7;14;8;14;9;13;9;12;9;11;9;11;10;11;11;11;12
1;3;4;17;15;10;15;9;15;8;15;7;15;6;15;5;15;4;14;4;14;5;14;6;14;7;14;8;14;9;13;9;12;9;11;9;11;10;11;11;11;12;10;12
1;3;4;17;15;9;15;8;15;7;15;6;15;5;15;4;14;4;14;5;14;6;14;7;14;8;14;9;13;9;12;9;11;9;11;10;11;11;11;12;10;12;9;12
1;3;4;17;15;8;15;7;15;6;15;5;15;4;14;4;14;5;14;6;14;7;14;8;14;9;13;9;12;9;11;9;11;10;11;11;11;12;10;12;9;12;8;12
1;3;4;17;15;7;15;6;15;5;15;4;14;4;14;5;14;6;14;7;14;8;14;9;13;9;12;9;11;9;11;10;11;11;11;12;10;12;9;12;8;12;7;12
1;3;4;17;15;6;15;5;15;4;14;4;14;5;14;6;14;7;14;8;14;9;13;9;12;9;11;9;11;10;11;11;11;12;10;12;9;12;8;12;7;12;6;12
1;3;4;17;15;5;15;4;14;4;14;5;14;6;14;7;14;8;14;9;13;9;12;9;11;9;11;10;11;11;11;12;10;12;9;12;8;12;7;12;6;12;5;12
1;3;4;17;15;4;14;4;14;5;14;6;14;7;14;8;14;9;13;9;12;9;11;9;11;10;11;11;11;12;10;12;9;12;8;12;7;12;6;12;5;12;4;12
1;2;4;17;14;4;14;5;14;6;14;7;14;8;14;9;13;9;12;9;11;9;11;10;11;11;11;12;10;12;9;12;8;12;7;12;6;12;5;12;4;12;4;13
1;2;4;17;14;5;14;6;14;7;14;8;14;9;13;9;12;9;11;9;11;10;11;11;11;12;10;12;9;12;8;12;7;12;6;12;5;12;4;12;4;13;4;14
1;2;4;17;14;6;14;7;14;8;14;9;13;9;12;9;11;9;11;10;11;11;11;12;10;12;9;12;8;12;7;12;6;12;5;12;4;12;4;13;4;14;4;15
1;2;4;17;14;7;14;8;14;9;13;9;12;9;11;9;11;10;11;11;11;12;10;12;9;12;8;12;7;12;6;12;5;12;4;12;4;13;4;14;4;15;4;16
1;2;12;15;14;8;14;8;14;9;13;9;12;9;11;9;11;10;11;11;11;12;10;12;9;12;8;12;7;12;6;12;5;12;4;12;4;13;4;14;4;15;4;16;4;17
1;1;12;15;14;8;14;9;13;9;12;9;11;9;11;10;11;11;11;12;10;12;9;12;8;12;7;12;6;12;5;12;4;12;4;13;4;14;4;15;4;16;4;17;5;17
1;1;12;15;14;9;13;9;12;9;11;9;11;10;11;11;11;12;10;12;9;12;8;12;7;12;6;12;5;12;4;12;4;13;4;14;4;15;4;16;4;17;5;17;6;17
1;1;12;15;13;9;12;9;11;9;11;10;11;11;11;12;10;12;9;12;8;12;7;12;6;12;5;12;4;12;4;13;4;14;4;15;4;16;4;17;5;17;6;17;7;17
1;1;12;15;12;9;11;9;11;10;11;11;11;12;10;12;9;12;8;12;7;12;6;12;5;12;4;12;4;13;4;14;4;15;4;16;4;17;5;17;6;17;7;17;8;17
1;1;12;15;11;9;11;10;11;11;11;12;10;12;9;12;8;12;7;12;6;12;5;12;4;12;4;13;4;14;4;15;4;16;4;17;5;17;6;17;7;17;8;17;9;17
1;1;12;15;11;10;11;11;11;12;10;12;9;12;8;12;7;12;6;12;5;12;4;12;4;13;4;14;4;15;4;16;4;17;5;17;6;17;7;17;8;17;9;17;10;17
1;1;12;15;11;11;11;12;10;12;9;12;8;12;7;12;6;12;5;12;4;12;4;13;4;14;4;15;4;16;4;17;5;17;6;17;7;17;8;17;9;17;10;17;11;17
1;1;12;15;11;12;10;12;9;12;8;12;7;12;6;12;5;12;4;12;4;13;4;14;4;15;4;16;4;17;5;17;6;17;7;17;8;17;9;17;10;17;11;17;12;17
1;0;12;15;10;12;9;12;8;12;7;12;6;12;5;12;4;12;4;13;4;14;4;15;4;16;4;17;5;17;6;17;7;17;8;17;9;17;10;17;11;17;12;17;12;16
1;0;6;9;9;12;9;12;8;12;7;12;6;12;5;12;4;12;4;13;4;14;4;15;4;16;4;17;5;17;6;17;7;17;8;17;9;17;10;17;11;17;12;17;12;16;12;15
1;0;6;9;9;12;8;12;7;12;6;12;5;12;4;12;4;13;4;14;4;15;4;16;4;17;5;17;6;17;7;17;8;17;9;17;10;17;11;17;12;17;12;16;12;15;12;14
1;0;6;9;8;12;7;12;6;12;5;12;4;12;4;13;4;14;4;15;4;16;4;17;5;17;6;17;7;17;8;17;9;17;10;17;11;17;12;17;12;16;12;15;12;14;12;13
1;0;6;9;7;12;6;12;5;12;4;12;4;13;4;14;4;15;4;16;4;17;5;17;6;17;7;17;8;17;9;17;10;17;11;17;12;17;12;16;12;15;12;14;12;13;12;12
1;0;6;9;6;12;5;12;4;12;4;13;4;14;4;15;4;16;4;17;5;17;6;17;7;17;8;17;9;17;10;17;11;17;12;17;12;16;12;15;12;14;12;13;12;12;12;11
1;0;6;9;5;12;4;12;4;13;4;14;4;15;4;16;4;17;5;17;6;17;7;17;8;17;9;17;10;17;11;17;12;17;12;16;12;15;12;14;12;13;12;12;12;11;12;10
1;0;6;9;4;12;4;13;4;14;4;15;4;16;4;17;5;17;6;17;7;17;8;17;9;17;10;17;11;17;12;17;12;16;12;15;12;14;12;13;12;12;12;11;12;10;12;9
1;3;6;9;4;13;4;14;4;15;4;16;4;17;5;17;6;17;7;17;8;17;9;17;10;17;11;17;12;17;12;16;12;15;12;14;12;13;12;12;12;11;12;10;12;9;11;9
1;3;6;9;4;14;4;15;4;16;4;17;5;17;6;17;7;17;8;17;9;17;10;17;11;17;12;17;12;16;12;15;12;14;12;13;12;12;12;11;12;10;12;9;11;9;10;9
1;3;6;9;4;15;4;16;4;17;5;17;6;17;7;17;8;17;9;17;10;17;11;17;12;17;12;16;12;15;12;14;12;13;12;12;12;11;12;10;12;9;11;9;10;9;9;9
1;3;6;9;4;16;4;17;5;17;6;17;7;17;8;17;9;17;10;17;11;17;12;17;12;16;12;15;12;14;12;13;12;12;12;11;12;10;12;9;11;9;10;9;9;9;8;9
1;3;6;9;4;17;5;17;6;17;7;17;8;17;9;17;10;17;11;17;12;17;12;16;12;15;12;14;12;13;12;12;12;11;12;10;12;9;11;9;10;9;9;9;8;9;7;9
1;3;12;3;5;17;5;17;6;17;7;17;8;17;9;17;10;17;11;17;12;17;12;16;12;15;12;14;12;13;12;12;12;11;12;10;12;9;11;9;10;9;9;9;8;9;7;9;6;9
1;0;12;3;5;17;6;17;7;17;8;17;9;17;10;17;11;17;12;17;12;16;12;15;12;14;12;13;12;12;12;11;12;10;12;9;11;9;10;9;9;9;8;9;7;9;6;9;6;8
1;1;12;3;6;17;7;17;8;17;9;17;10;17;11;17;12;17;12;16;12;15;12;14;12;13;12;12;12;11;12;10;12;9;11;9;10;9;9;9;8;9;7;9;6;9;6;8;7;8
1;1;12;3;7;17;8;17;9;17;10;17;11;17;12;17;12;16;12;15;12;14;12;13;12;12;12;11;12;10;12;9;11;9;10;9;9;9;8;9;7;9;6;9;6;8;7;8;8;8
1;1;12;3;8;17;9;17;10;17;11;17;12;17;12;16;12;15;12;14;12;13;12;12;12;11;12;10;12;9;11;9;10;9;9;9;8;9;7;9;6;9;6;8;7;8;8;8;9;8
1;1;12;3;9;17;10;17;11;17;12;17;12;16;12;15;12;14;12;13;12;12;12;11;12;10;12;9;11;9;10;9;9;9;8;9;7;9;6;9;6;8;7;8;8;8;9;8;10;8
1;1;12;3;10;17;11;17;12;17;12;16;12;15;12;14;12;13;12;12;12;11;12;10;12;9;11;9;10;9;9;9;8;9;7;9;6;9;6;8;7;8;8;8;9;8;10;8;11;8
1;1;12;3;11;17;12;17;12;16;12;15;12;14;12;13;12;12;12;11;12;10;12;9;11;9;10;9;9;9;8;9;7;9;6;9;6;8;7;8;8;8;9;8;10;8;11;8;12;8
1;0;12;3;12;17;12;16;12;15;12;14;12;13;12;12;12;11;12;10;12;9;11;9;10;9;9;9;8;9;7;9;6;9;6;8;7;8;8;8;9;8;10;8;11;8;12;8;12;7
1;0;12;3;12;16;12;15;12;14;12;13;12;12;12;11;12;10;12;9;11;9;10;9;9;9;8;9;7;9;6;9;6;8;7;8;8;8;9;8;10;8;11;8;12;8;12;7;12;6
1;0;12;3;12;15;12;14;12;13;12;12;12;11;12;10;12;9;11;9;10;9;9;9;8;9;7;9;6;9;6;8;7;8;8;8;9;8;10;8;11;8;12;8;12;7;12;6;12;5
1;0;12;3;12;14;12;13;12;12;12;11;12;10;12;9;11;9;10;9;9;9;8;9;7;9;6;9;6;8;7;8;8;8;9;8;10;8;11;8;12;8;12;7;12;6;12;5;12;4
1;0;4;15;12;13;12;13;12;12;12;11;12;10;12;9;11;9;10;9;9;9;8;9;7;9;6;9;6;8;7;8;8;8;9;8;10;8;11;8;12;8;12;7;12;6;12;5;12;4;12;3
1;3;4;15;12;13;12;12;12;11;12;10;12;9;11;9;10;9;9;9;8;9;7;9;6;9;6;8;7;8;8;8;9;8;10;8;11;8;12;8;12;7;12;6;12;5;12;4;12;3;11;3
1;3;4;15;12;12;12;11;12;10;12;9;11;9;10;9;9;9;8;9;7;9;6;9;6;8;7;8;8;8;9;8;10;8;11;8;12;8;12;7;12;6;12;5;12;4;12;3;11;3;10;3
1;3;4;15;12;11;12;10;12;9;11;9;10;9;9;9;8;9;7;9;6;9;6;8;7;8;8;8;9;8;10;8;11;8;12;8;12;7;12;6;12;5;12;4;12;3;11;3;10;3;9;3
1;3;4;15;12;10;12;9;11;9;10;9;9;9;8;9;7;9;6;9;6;8;7;8;8;8;9;8;10;8;11;8;12;8;12;7;12;6;12;5;12;4;12;3;11;3;10;3;9;3;8;3
1;3;4;15;12;9;11;9;10;9;9;9;8;9;7;9;6;9;6;8;7;8;8;8;9;8;10;8;11;8;12;8;12;7;12;6;12;5;12;4;12;3;11;3;10;3;9;3;8;3;7;3
1;3;4;15;11;9;10;9;9;9;8;9;7;9;6;9;6;8;7;8;8;8;9;8;10;8;11;8;12;8;12;7;12;6;12;5;12;4;12;3;11;3;10;3;9;3;8;3;7;3;6;3
1;3;4;15;10;9;9;9;8;9;7;9;6;9;6;8;7;8;8;8;9;8;10;8;11;8;12;8;12;7;12;6;12;5;12;4;12;3;11;3;10;3;9;3;8;3;7;3;6;3;5;3
1;3;4;15;9;9;8;9;7;9;6;9;6;8;7;8;8;8;9;8;10;8;11;8;12;8;12;7;12;6;12;5;12;4;12;3;11;3;10;3;9;3;8;3;7;3;6;3;5;3;4;3
1;2;4;15;8;9;7;9;6;9;6;8;7;8;8;8;9;8;10;8;11;8;12;8;12;7;12;6;12;5;12;4;12;3;11;3;10;3;9;3;8;3;7;3;6;3;5;3;4;3;4;4
1;2;4;15;7;9;6;9;6;8;7;8;8;8;9;8;10;8;11;8;12;8;12;7;12;6;12;5;12;4;12;3;11;3;10;3;9;3;8;3;7;3;6;3;5;3;4;3;4;4;4;5
1;2;4;15;6;9;6;8;7;8;8;8;9;8;10;8;11;8;12;8;12;7;12;6;12;5;12;4;12;3;11;3;10;3;9;3;8;3;7;3;6;3;5;3;4;3;4;4;4;5;4;6
1;2;4;15;6;8;7;8;8;8;9;8;10;8;11;8;12;8;12;7;12;6;12;5;12;4;12;3;11;3;10;3;9;3;8;3;7;3;6;3;5;3;4;3;4;4;4;5;4;6;4;7
1;2;4;15;7;8;8;8;9;8;10;8;11;8;12;8;12;7;12;6;12;5;12;4;12;3;11;3;10;3;9;3;8;3;7;3;6;3;5;3;4;3;4;4;4;5;4;6;4;7;4;8
1;2;4;15;8;8;9;8;10;8;11;8;12;8;12;7;12;6;12;5;12;4;12;3;11;3;10;3;9;3;8;3;7;3;6;3;5;3;4;3;4;4;4;5;4;6;4;7;4;8;4;9
1;2;4;15;9;8;10;8;11;8;12;8;12;7;12;6;12;5;12;4;12;3;11;3;10;3;9;3;8;3;7;3;6;3;5;3;4;3;4;4;4;5;4;6;4;7;4;8;4;9;4;10
1;2;4;15;10;8;11;8;12;8;12;7;12;6;12;5;12;4;12;3;11;3;10;3;9;3;8;3;7;3;6;3;5;3;4;3;4;4;4;5;4;6;4;7;4;8;4;9;4;10;4;11
1;2;4;15;11;8;12;8;12;7;12;6;12;5;12;4;12;3;11;3;10;3;9;3;8;3;7;3;6;3;5;3;4;3;4;4;4;5;4;6;4;7;4;8;4;9;4;10;4;11;4;12
1;2;4;15;12;8;12;7;12;6;12;5;12;4;12;3;11;3;10;3;9;3;8;3;7;3;6;3;5;3;4;3;4;4;4;5;4;6;4;7;4;8;4;9;4;10;4;11;4;12;4;13
1;2;4;15;12;7;12;6;12;5;12;4;12;3;11;3;10;3;9;3;8;3;7;3;6;3;5;3;4;3;4;4;4;5;4;6;4;7;4;8;4;9;4;10;4;11;4;12;4;13;4;14
1;2;4;1;12;6;12;6;12;5;12;4;12;3;11;3;10;3;9;3;8;3;7;3;6;3;5;3;4;3;4;4;4;5;4;6;4;7;4;8;4;9;4;10;4;11;4;12;4;13;4;14;4;15
1;1;4;1;12;6;12;5;12;4;12;3;11;3;10;3;9;3;8;3;7;3;6;3;5;3;4;3;4;4;4;5;4;6;4;7;4;8;4;9;4;10;4;11;4;12;4;13;4;14;4;15;5;15
1;0;4;1;12;5;12;4;12;3;11;3;10;3;9;3;8;3;7;3;6;3;5;3;4;3;4;4;4;5;4;6;4;7;4;8;4;9;4;10;4;11;4;12;4;13;4;14;4;15;5;15;5;14
1;0;4;1;12;4;12;3;11;3;10;3;9;3;8;3;7;3;6;3;5;3;4;3;4;4;4;5;4;6;4;7;4;8;4;9;4;10;4;11;4;12;4;13;4;14;4;15;5;15;5;14;5;13
1;0;4;1;12;3;11;3;10;3;9;3;8;3;7;3;6;3;5;3;4;3;4;4;4;5;4;6;4;7;4;8;4;9;4;10;4;11;4;12;4;13;4;14;4;15;5;15;5;14;5;13;5;12
1;0;4;1;11;3;10;3;9;3;8;3;7;3;6;3;5;3;4;3;4;4;4;5;4;6;4;7;4;8;4;9;4;10;4;11;4;12;4;13;4;14;4;15;5;15;5;14;5;13;5;12;5;11
1;0;4;1;10;3;9;3;8;3;7;3;6;3;5;3;4;3;4;4;4;5;4;6;4;7;4;8;4;9;4;10;4;11;4;12;4;13;4;14;4;15;5;15;5;14;5;13;5;12;5;11;5;10
1;0;4;1;9;3;8;3;7;3;6;3;5;3;4;3;4;4;4;5;4;6;4;7;4;8;4;9;4;10;4;11;4;12;4;13;4;14;4;15;5;15;5;14;5;13;5;12;5;11;5;10;5;9
1;0;4;1;8;3;7;3;6;3;5;3;4;3;4;4;4;5;4;6;4;7;4;8;4;9;4;10;4;11;4;12;4;13;4;14;4;15;5;15;5;14;5;13;5;12;5;11;5;10;5;9;5;8
1;0;4;1;7;3;6;3;5;3;4;3;4;4;4;5;4;6;4;7;4;8;4;9;4;10;4;11;4;12;4;13;4;14;4;15;5;15;5;14;5;13;5;12;5;11;5;10;5;9;5;8;5;7
1;0;4;1;6;3;5;3;4;3;4;4;4;5;4;6;4;7;4;8;4;9;4;10;4;11;4;12;4;13;4;14;4;15;5;15;5;14;5;13;5;12;5;11;5;10;5;9;5;8;5;7;5;6
1;0;4;1;5;3;4;3;4;4;4;5;4;6;4;7;4;8;4;9;4;10;4;11;4;12;4;13;4;14;4;15;5;15;5;14;5;13;5;12;5;11;5;10;5;9;5;8;5;7;5;6;5;5
1;0;4;1;4;3;4;4;4;5;4;6;4;7;4;8;4;9;4;10;4;11;4;12;4;13;4;14;4;15;5;15;5;14;5;13;5;12;5;11;5;10;5;9;5;8;5;7;5;6;5;5;5;4
1;0;4;1;4;4;4;5;4;6;4;7;4;8;4;9;4;10;4;11;4;12;4;13;4;14;4;15;5;15;5;14;5;13;5;12;5;11;5;10;5;9;5;8;5;7;5;6;5;5;5;4;5;3
1;0;4;1;4;5;4;6;4;7;4;8;4;9;4;10;4;11;4;12;4;13;4;14;4;15;5;15;5;14;5;13;5;12;5;11;5;10;5;9;5;8;5;7;5;6;5;5;5;4;5;3;5;2
1;0;4;1;4;6;4;7;4;8;4;9;4;10;4;11;4;12;4;13;4;14;4;15;5;15;5;14;5;13;5;12;5;11;5;10;5;9;5;8;5;7;5;6;5;5;5;4;5;3;5;2;5;1
1;3;14;12;4;7;4;7;4;8;4;9;4;10;4;11;4;12;4;13;4;14;4;15;5;15;5;14;5;13;5;12;5;11;5;10;5;9;5;8;5;7;5;6;5;5;5;4;5;3;5;2;5;1;4;1
1;2;14;12;4;7;4;8;4;9;4;10;4;11;4;12;4;13;4;14;4;15;5;15;5;14;5;13;5;12;5;11;5;10;5;9;5;8;5;7;5;6;5;5;5;4;5;3;5;2;5;1;4;1;4;2
1;2;14;12;4;8;4;9;4;10;4;11;4;12;4;13;4;14;4;15;5;15;5;14;5;13;5;12;5;11;5;10;5;9;5;8;5;7;5;6;5;5;5;4;5;3;5;2;5;1;4;1;4;2;4;3
1;2;14;12;4;9;4;10;4;11;4;12;4;13;4;14;4;15;5;15;5;14;5;13;5;12;5;11;5;10;5;9;5;8;5;7;5;6;5;5;5;4;5;3;5;2;5;1;4;1;4;2;4;3;4;4
1;2;14;12;4;10;4;11;4;12;4;13;4;14;4;15;5;15;5;14;5;13;5;12;5;11;5;10;5;9;5;8;5;7;5;6;5;5;5;4;5;3;5;2;5;1;4;1;4;2;4;3;4;4;4;5
1;2;14;12;4;11;4;12;4;13;4;14;4;15;5;15;5;14;5;13;5;12;5;11;5;10;5;9;5;8;5;7;5;6;5;5;5;4;5;3;5;2;5;1;4;1;4;2;4;3;4;4;4;5;4;6
1;2;14;12;4;12;4;13;4;14;4;15;5;15;5;14;5;13;5;12;5;11;5;10;5;9;5;8;5;7;5;6;5;5;5;4;5;3;5;2;5;1;4;1;4;2;4;3;4;4;4;5;4;6;4;7
1;2;14;12;4;13;4;14;4;15;5;15;5;14;5;13;5;12;5;11;5;10;5;9;5;8;5;7;5;6;5;5;5;4;5;3;5;2;5;1;4;1;4;2;4;3;4;4;4;5;4;6;4;7;4;8
1;2;14;12;4;14;4;15;5;15;5;14;5;13;5;12;5;11;5;10;5;9;5;8;5;7;5;6;5;5;5;4;5;3;5;2;5;1;4;1;4;2;4;3;4;4;4;5;4;6;4;7;4;8;4;9
1;2;14;12;4;15;5;15;5;14;5;13;5;12;5;11;5;10;5;9;5;8;5;7;5;6;5;5;5;4;5;3;5;2;5;1;4;1;4;2;4;3;4;4;4;5;4;6;4;7;4;8;4;9;4;10
1;2;14;12;5;15;5;14;5;13;5;12;5;11;5;10;5;9;5;8;5;7;5;6;5;5;5;4;5;3;5;2;5;1;4;1;4;2;4;3;4;4;4;5;4;6;4;7;4;8;4;9;4;10;4;11
1;2;14;12;5;14;5;13;5;12;5;11;5;10;5;9;5;8;5;7;5;6;5;5;5;4;5;3;5;2;5;1;4;1;4;2;4;3;4;4;4;5;4;6;4;7;4;8;4;9;4;10;4;11;4;12
1;2;14;12;5;13;5;12;5;11;5;10;5;9;5;8;5;7;5;6;5;5;5;4;5;3;5;2;5;1;4;1;4;2;4;3;4;4;4;5;4;6;4;7;4;8;4;9;4;10;4;11;4;12;4;13
1;1;14;12;5;12;5;11;5;10;5;9;5;8;5;7;5;6;5;5;5;4;5;3;5;2;5;1;4;1;4;2;4;3;4;4;4;5;4;6;4;7;4;8;4;9;4;10;4;11;4;12;4;13;5;13
1;1;14;12;5;11;5;10;5;9;5;8;5;7;5;6;5;5;5;4;5;3;5;2;5;1;4;1;4;2;4;3;4;4;4;5;4;6;4;7;4;8;4;9;4;10;4;11;4;12;4;13;5;13;6;13
1;0;14;12;5;10;5;9;5;8;5;7;5;6;5;5;5;4;5;3;5;2;5;1;4;1;4;2;4;3;4;4;4;5;4;6;4;7;4;8;4;9;4;10;4;11;4;12;4;13;5;13;6;13;6;12
1;1;14;12;5;9;5;8;5;7;5;6;5;5;5;4;5;3;5;2;5;1;4;1;4;2;4;3;4;4;4;5;4;6;4;7;4;8;4;9;4;10;4;11;4;12;4;13;5;13;6;13;6;12;7;12
1;1;14;12;5;8;5;7;5;6;5;5;5;4;5;3;5;2;5;1;4;1;4;2;4;3;4;4;4;5;4;6;4;7;4;8;4;9;4;10;4;11;4;12;4;13;5;13;6;13;6;12;7;12;8;12
1;1;14;12;5;7;5;6;5;5;5;4;5;3;5;2;5;1;4;1;4;2;4;3;4;4;4;5;4;6;4;7;4;8;4;9;4;10;4;11;4;12;4;13;5;13;6;13;6;12;7;12;8;12;9;12
1;1;14;12;5;6;5;5;5;4;5;3;5;2;5;1;4;1;4;2;4;3;4;4;4;5;4;6;4;7;4;8;4;9;4;10;4;11;4;12;4;13;5;13;6;13;6;12;7;12;8;12;9;12;10;12
1;1;14;12;5;5;5;4;5;3;5;2;5;1;4;1;4;2;4;3;4;4;4;5;4;6;4;7;4;8;4;9;4;10;4;11;4;12;4;13;5;13;6;13;6;12;7;12;8;12;9;12;10;12;11;12
1;1;14;12;5;4;5;3;5;2;5;1;4;1;4;2;4;3;4;4;4;5;4;6;4;7;4;8;4;9;4;10;4;11;4;12;4;13;5;13;6;13;6;12;7;12;8;12;9;12;10;12;11;12;12;12
1;1;14;12;5;3;5;2;5;1;4;1;4;2;4;3;4;4;4;5;4;6;4;7;4;8;4;9;4;10;4;11;4;12;4;13;5;13;6;13;6;12;7;12;8;12;9;12;10;12;11;12;12;12;13;12
1;1;17;7;5;2;5;2;5;1;4;1;4;2;4;3;4;4;4;5;4;6;4;7;4;8;4;9;4;10;4;11;4;12;4;13;5;13;6;13;6;12;7;12;8;12;9;12;10;12;11;12;12;12;13;12;14;12
1;1;17;7;5;2;5;1;4;1;4;2;4;3;4;4;4;5;4;6;4;7;4;8;4;9;4;10;4;11;4;12;4;13;5;13;6;13;6;12;7;12;8;12;9;12;10;12;11;12;12;12;13;12;14;12;15;12
1;1;17;7;5;1;4;1;4;2;4;3;4;4;4;5;4;6;4;7;4;8;4;9;4;10;4;11;4;12;4;13;5;13;6;13;6;12;7;12;8;12;9;12;10;12;11;12;12;12;13;12;14;12;15;12;16;12
1;1;17;7;4;1;4;2;4;3;4;4;4;5;4;6;4;7;4;8;4;9;4;10;4;11;4;12;4;13;5;13;6;13;6;12;7;12;8;12;9;12;10;12;11;12;12;12;13;12;14;12;15;12;16;12;17;12
1;0;17;7;4;2;4;3;4;4;4;5;4;6;4;7;4;8;4;9;4;10;4;11;4;12;4;13;5;13;6;13;6;12;7;12;8;12;9;12;10;12;11;12;12;12;13;12;14;12;15;12;16;12;17;12;17;11
1;0;17;7;4;3;4;4;4;5;4;6;4;7;4;8;4;9;4;10;4;11;4;12;4;13;5;13;6;13;6;12;7;12;8;12;9;12;10;12;11;12;12;12;13;12;14;12;15;12;16;12;17;12;17;11;17;10
1;0;17;7;4;4;4;5;4;6;4;7;4;8;4;9;4;10;4;11;4;12;4;13;5;13;6;13;6;12;7;12;8;12;9;12;10;12;11;12;12;12;13;12;14;12;15;12;16;12;17;12;17;11;17;10;17;9
1;0;17;7;4;5;4;6;4;7;4;8;4;9;4;10;4;11;4;12;4;13;5;13;6;13;6;12;7;12;8;12;9;12;10;12;11;12;12;12;13;12;14;12;15;12;16;12;17;12;17;11;17;10;17;9;17;8
1;0;9;19;4;6;4;6;4;7;4;8;4;9;4;10;4;11;4;12;4;13;5;13;6;13;6;12;7;12;8;12;9;12;10;12;11;12;12;12;13;12;14;12;15;12;16;12;17;12;17;11;17;10;17;9;17;8;17;7
1;3;9;19;4;6;4;7;4;8;4;9;4;10;4;11;4;12;4;13;5;13;6;13;6;12;7;12;8;12;9;12;10;12;11;12;12;12;13;12;14;12;15;12;16;12;17;12;17;11;17;10;17;9;17;8;17;7;16;7
1;3;9;19;4;7;4;8;4;9;4;10;4;11;4;12;4;13;5;13;6;13;6;12;7;12;8;12;9;12;10;12;11;12;12;12;13;12;14;12;15;12;16;12;17;12;17;11;17;10;17;9;17;8;17;7;16;7;15;7
1;3;9;19;4;8;4;9;4;10;4;11;4;12;4;13;5;13;6;13;6;12;7;12;8;12;9;12;10;12;11;12;12;12;13;12;14;12;15;12;16;12;17;12;17;11;17;10;17;9;17;8;17;7;16;7;15;7;14;7
1;3;9;19;4;9;4;10;4;11;4;12;4;13;5;13;6;13;6;12;7;12;8;12;9;12;10;12;11;12;12;12;13;12;14;12;15;12;16;12;17;12;17;11;17;10;17;9;17;8;17;7;16;7;15;7;14;7;13;7
1;3;9;19;4;10;4;11;4;12;4;13;5;13;6;13;6;12;7;12;8;12;9;12;10;12;11;12;12;12;13;12;14;12;15;12;16;12;17;12;17;11;17;10;17;9;17;8;17;7;16;7;15;7;14;7;13;7;12;7
1;3;9;19;4;11;4;12;4;13;5;13;6;13;6;12;7;12;8;12;9;12;10;12;11;12;12;12;13;12;14;12;15;12;16;12;17;12;17;11;17;10;17;9;17;8;17;7;16;7;15;7;14;7;13;7;12;7;11;7
1;3;9;19;4;12;4;13;5;13;6;13;6;12;7;12;8;12;9;12;10;12;11;12;12;12;13;12;14;12;15;12;16;12;17;12;17;11;17;10;17;9;17;8;17;7;16;7;15;7;14;7;13;7;12;7;11;7;10;7
1;3;9;19;4;13;5;13;6;13;6;12;7;12;8;12;9;12;10;12;11;12;12;12;13;12;14;12;15;12;16;12;17;12;17;11;17;10;17;9;17;8;17;7;16;7;15;7;14;7;13;7;12;7;11;7;10;7;9;7
1;2;9;19;5;13;6;13;6;12;7;12;8;12;9;12;10;12;11;12;12;12;13;12;14;12;15;12;16;12;17;12;17;11;17;10;17;9;17;8;17;7;16;7;15;7;14;7;13;7;12;7;11;7;10;7;9;7;9;8
1;2;9;19;6;13;6;12;7;12;8;12;9;12;10;12;11;12;12;12;13;12;14;12;15;12;16;12;17;12;17;11;17;10;17;9;17;8;17;7;16;7;15;7;14;7;13;7;12;7;11;7;10;7;9;7;9;8;9;9
1;2;9;19;6;12;7;12;8;12;9;12;10;12;11;12;12;12;13;12;14;12;15;12;16;12;17;12;17;11;17;10;17;9;17;8;17;7;16;7;15;7;14;7;13;7;12;7;11;7;10;7;9;7;9;8;9;9;9;10
1;2;9;19;7;12;8;12;9;12;10;12;11;12;12;12;13;12;14;12;15;12;16;12;17;12;17;11;17;10;17;9;17;8;17;7;16;7;15;7;14;7;13;7;12;7;11;7;10;7;9;7;9;8;9;9;9;10;9;11
1;3;9;19;8;12;9;12;10;12;11;12;12;12;13;12;14;12;15;12;16;12;17;12;17;11;17;10;17;9;17;8;17;7;16;7;15;7;14;7;13;7;12;7;11;7;10;7;9;7;9;8;9;9;9;10;9;11;8;11
1;0;9;19;9;12;10;12;11;12;12;12;13;12;14;12;15;12;16;12;17;12;17;11;17;10;17;9;17;8;17;7;16;7;15;7;14;7;13;7;12;7;11;7;10;7;9;7;9;8;9;9;9;10;9;11;8;11;8;10
1;0;9;19;10;12;11;12;12;12;13;12;14;12;15;12;16;12;17;12;17;11;17;10;17;9;17;8;17;7;16;7;15;7;14;7;13;7;12;7;11;7;10;7;9;7;9;8;9;9;9;10;9;11;8;11;8;10;8;9
1;0;9;19;11;12;12;12;13;12;14;12;15;12;16;12;17;12;17;11;17;10;17;9;17;8;17;7;16;7;15;7;14;7;13;7;12;7;11;7;10;7;9;7;9;8;9;9;9;10;9;11;8;11;8;10;8;9;8;8
1;3;9;19;12;12;13;12;14;12;15;12;16;12;17;12;17;11;17;10;17;9;17;8;17;7;16;7;15;7;14;7;13;7;12;7;11;7;10;7;9;7;9;8;9;9;9;10;9;11;8;11;8;10;8;9;8;8;7;8
1;2;9;19;13;12;14;12;15;12;16;12;17;12;17;11;17;10;17;9;17;8;17;7;16;7;15;7;14;7;13;7;12;7;11;7;10;7;9;7;9;8;9;9;9;10;9;11;8;11;8;10;8;9;8;8;7;8;7;9
1;2;9;19;14;12;15;12;16;12;17;12;17;11;17;10;17;9;17;8;17;7;16;7;15;7;14;7;13;7;12;7;11;7;10;7;9;7;9;8;9;9;9;10;9;11;8;11;8;10;8;9;8;8;7;8;7;9;7;10
1;2;9;19;15;12;16;12;17;12;17;11;17;10;17;9;17;8;17;7;16;7;15;7;14;7;13;7;12;7;11;7;10;7;9;7;9;8;9;9;9;10;9;11;8;11;8;10;8;9;8;8;7;8;7;9;7;10;7;11
1;2;9;19;16;12;17;12;17;11;17;10;17;9;17;8;17;7;16;7;15;7;14;7;13;7;12;7;11;7;10;7;9;7;9;8;9;9;9;10;9;11;8;11;8;10;8;9;8;8;7;8;7;9;7;10;7;11;7;12
1;1;9;19;17;12;17;11;17;10;17;9;17;8;17;7;16;7;15;7;14;7;13;7;12;7;11;7;10;7;9;7;9;8;9;9;9;10;9;11;8;11;8;10;8;9;8;8;7;8;7;9;7;10;7;11;7;12;8;12
1;1;9;19;17;11;17;10;17;9;17;8;17;7;16;7;15;7;14;7;13;7;12;7;11;7;10;7;9;7;9;8;9;9;9;10;9;11;8;11;8;10;8;9;8;8;7;8;7;9;7;10;7;11;7;12;8;12;9;12
1;2;9;19;17;10;17;9;17;8;17;7;16;7;15;7;14;7;13;7;12;7;11;7;10;7;9;7;9;8;9;9;9;10;9;11;8;11;8;10;8;9;8;8;7;8;7;9;7;10;7;11;7;12;8;12;9;12;9;13
1;2;9;19;17;9;17;8;17;7;16;7;15;7;14;7;13;7;12;7;11;7;10;7;9;7;9;8;9;9;9;10;9;11;8;11;8;10;8;9;8;8;7;8;7;9;7;10;7;11;7;12;8;12;9;12;9;13;9;14
1;2;9;19;17;8;17;7;16;7;15;7;14;7;13;7;12;7;11;7;10;7;9;7;9;8;9;9;9;10;9;11;8;11;8;10;8;9;8;8;7;8;7;9;7;10;7;11;7;12;8;12;9;12;9;13;9;14;9;15
1;2;9;19;17;7;16;7;15;7;14;7;13;7;12;7;11;7;10;7;9;7;9;8;9;9;9;10;9;11;8;11;8;10;8;9;8;8;7;8;7;9;7;10;7;11;7;12;8;12;9;12;9;13;9;14;9;15;9;16
1;2;9;19;16;7;15;7;14;7;13;7;12;7;11;7;10;7;9;7;9;8;9;9;9;10;9;11;8;11;8;10;8;9;8;8;7;8;7;9;7;10;7;11;7;12;8;12;9;12;9;13;9;14;9;15;9;16;9;17
1;2;9;19;15;7;14;7;13;7;12;7;11;7;10;7;9;7;9;8;9;9;9;10;9;11;8;11;8;10;8;9;8;8;7;8;7;9;7;10;7;11;7;12;8;12;9;12;9;13;9;14;9;15;9;16;9;17;9;18
1;2;8;14;14;7;14;7;13;7;12;7;11;7;10;7;9;7;9;8;9;9;9;10;9;11;8;11;8;10;8;9;8;8;7;8;7;9;7;10;7;11;7;12;8;12;9;12;9;13;9;14;9;15;9;16;9;17;9;18;9;19
1;3;8;14;14;7;13;7;12;7;11;7;10;7;9;7;9;8;9;9;9;10;9;11;8;11;8;10;8;9;8;8;7;8;7;9;7;10;7;11;7;12;8;12;9;12;9;13;9;14;9;15;9;16;9;17;9;18;9;19;8;19
1;0;8;14;13;7;12;7;11;7;10;7;9;7;9;8;9;9;9;10;9;11;8;11;8;10;8;9;8;8;7;8;7;9;7;10;7;11;7;12;8;12;9;12;9;13;9;14;9;15;9;16;9;17;9;18;9;19;8;19;8;18
1;0;8;14;12;7;11;7;10;7;9;7;9;8;9;9;9;10;9;11;8;11;8;10;8;9;8;8;7;8;7;9;7;10;7;11;7;12;8;12;9;12;9;13;9;14;9;15;9;16;9;17;9;18;9;19;8;19;8;18;8;17
1;0;8;14;11;7;10;7;9;7;9;8;9;9;9;10;9;11;8;11;8;10;8;9;8;8;7;8;7;9;7;10;7;11;7;12;8;12;9;12;9;13;9;14;9;15;9;16;9;17;9;18;9;19;8;19;8;18;8;17;8;16
1;0;8;14;10;7;9;7;9;8;9;9;9;10;9;11;8;11;8;10;8;9;8;8;7;8;7;9;7;10;7;11;7;12;8;12;9;12;9;13;9;14;9;15;9;16;9;17;9;18;9;19;8;19;8;18;8;17;8;16;8;15
1;0;5;8;9;7;9;7;9;8;9;9;9;10;9;11;8;11;8;10;8;9;8;8;7;8;7;9;7;10;7;11;7;12;8;12;9;12;9;13;9;14;9;15;9;16;9;17;9;18;9;19;8;19;8;18;8;17;8;16;8;15;8;14
1;0;5;8;9;7;9;8;9;9;9;10;9;11;8;11;8;10;8;9;8;8;7;8;7;9;7;10;7;11;7;12;8;12;9;12;9;13;9;14;9;15;9;16;9;17;9;18;9;19;8;19;8;18;8;17;8;16;8;15;8;14;8;13
1;3;5;8;9;8;9;9;9;10;9;11;8;11;8;10;8;9;8;8;7;8;7;9;7;10;7;11;7;12;8;12;9;12;9;13;9;14;9;15;9;16;9;17;9;18;9;19;8;19;8;18;8;17;8;16;8;15;8;14;8;13;7;13
1;3;5;8;9;9;9;10;9;11;8;11;8;10;8;9;8;8;7;8;7;9;7;10;7;11;7;12;8;12;9;12;9;13;9;14;9;15;9;16;9;17;9;18;9;19;8;19;8;18;8;17;8;16;8;15;8;14;8;13;7;13;6;13
1;0;5;8;9;10;9;11;8;11;8;10;8;9;8;8;7;8;7;9;7;10;7;11;7;12;8;12;9;12;9;13;9;14;9;15;9;16;9;17;9;18;9;19;8;19;8;18;8;17;8;16;8;15;8;14;8;13;7;13;6;13;6;12
1;0;5;8;9;11;8;11;8;10;8;9;8;8;7;8;7;9;7;10;7;11;7;12;8;12;9;12;9;13;9;14;9;15;9;16;9;17;9;18;9;19;8;19;8;18;8;17;8;16;8;15;8;14;8;13;7;13;6;13;6;12;6;11
1;0;5;8;8;11;8;10;8;9;8;8;7;8;7;9;7;10;7;11;7;12;8;12;9;12;9;13;9;14;9;15;9;16;9;17;9;18;9;19;8;19;8;18;8;17;8;16;8;15;8;14;8;13;7;13;6;13;6;12;6;11;6;10
1;0;5;8;8;10;8;9;8;8;7;8;7;9;7;10;7;11;7;12;8;12;9;12;9;13;9;14;9;15;9;16;9;17;9;18;9;19;8;19;8;18;8;17;8;16;8;15;8;14;8;13;7;13;6;13;6;12;6;11;6;10;6;9
1;0;5;8;8;9;8;8;7;8;7;9;7;10;7;11;7;12;8;12;9;12;9;13;9;14;9;15;9;16;9;17;9;18;9;19;8;19;8;18;8;17;8;16;8;15;8;14;8;13;7;13;6;13;6;12;6;11;6;10;6;9;6;8
1;3;10;2;8;8;8;8;7;8;7;9;7;10;7;11;7;12;8;12;9;12;9;13;9;14;9;15;9;16;9;17;9;18;9;19;8;19;8;18;8;17;8;16;8;15;8;14;8;13;7;13;6;13;6;12;6;11;6;10;6;9;6;8;5;8
1;0;10;2;8;8;7;8;7;9;7;10;7;11;7;12;8;12;9;12;9;13;9;14;9;15;9;16;9;17;9;18;9;19;8;19;8;18;8;17;8;16;8;15;8;14;8;13;7;13;6;13;6;12;6;11;6;10;6;9;6;8;5;8;5;7
1;1;10;2;7;8;7;9;7;10;7;11;7;12;8;12;9;12;9;13;9;14;9;15;9;16;9;17;9;18;9;19;8;19;8;18;8;17;8;16;8;15;8;14;8;13;7;13;6;13;6;12;6;11;6;10;6;9;6;8;5;8;5;7;6;7
1;1;10;2;7;9;7;10;7;11;7;12;8;12;9;12;9;13;9;14;9;15;9;16;9;17;9;18;9;19;8;19;8;18;8;17;8;16;8;15;8;14;8;13;7;13;6;13;6;12;6;11;6;10;6;9;6;8;5;8;5;7;6;7;7;7
1;1;10;2;7;10;7;11;7;12;8;12;9;12;9;13;9;14;9;15;9;16;9;17;9;18;9;19;8;19;8;18;8;17;8;16;8;15;8;14;8;13;7;13;6;13;6;12;6;11;6;10;6;9;6;8;5;8;5;7;6;7;7;7;8;7
1;1;10;2;7;11;7;12;8;12;9;12;9;13;9;14;9;15;9;16;9;17;9;18;9;19;8;19;8;18;8;17;8;16;8;15;8;14;8;13;7;13;6;13;6;12;6;11;6;10;6;9;6;8;5;8;5;7;6;7;7;7;8;7;9;7
1;1;10;2;7;12;8;12;9;12;9;13;9;14;9;15;9;16;9;17;9;18;9;19;8;19;8;18;8;17;8;16;8;15;8;14;8;13;7;13;6;13;6;12;6;11;6;10;6;9;6;8;5;8;5;7;6;7;7;7;8;7;9;7;10;7
1;0;10;2;8;12;9;12;9;13;9;14;9;15;9;16;9;17;9;18;9;19;8;19;8;18;8;17;8;16;8;15;8;14;8;13;7;13;6;13;6;12;6;11;6;10;6;9;6;8;5;8;5;7;6;7;7;7;8;7;9;7;10;7;10;6
1;0;10;2;9;12;9;13;9;14;9;15;9;16;9;17;9;18;9;19;8;19;8;18;8;17;8;16;8;15;8;14;8;13;7;13;6;13;6;12;6;11;6;10;6;9;6;8;5;8;5;7;6;7;7;7;8;7;9;7;10;7;10;6;10;5
1;0;10;2;9;13;9;14;9;15;9;16;9;17;9;18;9;19;8;19;8;18;8;17;8;16;8;15;8;14;8;13;7;13;6;13;6;12;6;11;6;10;6;9;6;8;5;8;5;7;6;7;7;7;8;7;9;7;10;7;10;6;10;5;10;4
1;0;10;2;9;14;9;15;9;16;9;17;9;18;9;19;8;19;8;18;8;17;8;16;8;15;8;14;8;13;7;13;6;13;6;12;6;11;6;10;6;9;6;8;5;8;5;7;6;7;7;7;8;7;9;7;10;7;10;6;10;5;10;4;10;3
1;0;15;18;9;15;9;15;9;16;9;17;9;18;9;19;8;19;8;18;8;17;8;16;8;15;8;14;8;13;7;13;6;13;6;12;6;11;6;10;6;9;6;8;5;8;5;7;6;7;7;7;8;7;9;7;10;7;10;6;10;5;10;4;10;3;10;2
1;1;15;18;9;15;9;16;9;17;9;18;9;19;8;19;8;18;8;17;8;16;8;15;8;14;8;13;7;13;6;13;6;12;6;11;6;10;6;9;6;8;5;8;5;7;6;7;7;7;8;7;9;7;10;7;10;6;10;5;10;4;10;3;10;2;11;2
1;2;15;18;9;16;9;17;9;18;9;19;8;19;8;18;8;17;8;16;8;15;8;14;8;13;7;13;6;13;6;12;6;11;6;10;6;9;6;8;5;8;5;7;6;7;7;7;8;7;9;7;10;7;10;6;10;5;10;4;10;3;10;2;11;2;11;3
1;2;15;18;9;17;9;18;9;19;8;19;8;18;8;17;8;16;8;15;8;14;8;13;7;13;6;13;6;12;6;11;6;10;6;9;6;8;5;8;5;7;6;7;7;7;8;7;9;7;10;7;10;6;10;5;10;4;10;3;10;2;11;2;11;3;11;4
1;2;15;18;9;18;9;19;8;19;8;18;8;17;8;16;8;15;8;14;8;13;7;13;6;13;6;12;6;11;6;10;6;9;6;8;5;8;5;7;6;7;7;7;8;7;9;7;10;7;10;6;10;5;10;4;10;3;10;2;11;2;11;3;11;4;11;5
1;2;15;18;9;19;8;19;8;18;8;17;8;16;8;15;8;14;8;13;7;13;6;13;6;12;6;11;6;10;6;9;6;8;5;8;5;7;6;7;7;7;8;7;9;7;10;7;10;6;10;5;10;4;10;3;10;2;11;2;11;3;11;4;11;5;11;6
1;2;15;18;8;19;8;18;8;17;8;16;8;15;8;14;8;13;7;13;6;13;6;12;6;11;6;10;6;9;6;8;5;8;5;7;6;7;7;7;8;7;9;7;10;7;10;6;10;5;10;4;10;3;10;2;11;2;11;3;11;4;11;5;11;6;11;7
1;2;15;18;8;18;8;17;8;16;8;15;8;14;8;13;7;13;6;13;6;12;6;11;6;10;6;9;6;8;5;8;5;7;6;7;7;7;8;7;9;7;10;7;10;6;10;5;10;4;10;3;10;2;11;2;11;3;11;4;11;5;11;6;11;7;11;8
1;2;15;18;8;17;8;16;8;15;8;14;8;13;7;13;6;13;6;12;6;11;6;10;6;9;6;8;5;8;5;7;6;7;7;7;8;7;9;7;10;7;10;6;10;5;10;4;10;3;10;2;11;2;11;3;11;4;11;5;11;6;11;7;11;8;11;9
1;2;15;18;8;16;8;15;8;14;8;13;7;13;6;13;6;12;6;11;6;10;6;9;6;8;5;8;5;7;6;7;7;7;8;7;9;7;10;7;10;6;10;5;10;4;10;3;10;2;11;2;11;3;11;4;11;5;11;6;11;7;11;8;11;9;11;10
1;2;15;18;8;15;8;14;8;13;7;13;6;13;6;12;6;11;6;10;6;9;6;8;5;8;5;7;6;7;7;7;8;7;9;7;10;7;10;6;10;5;10;4;10;3;10;2;11;2;11;3;11;4;11;5;11;6;11;7;11;8;11;9;11;10;11;11
1;2;15;18;8;14;8;13;7;13;6;13;6;12;6;11;6;10;6;9;6;8;5;8;5;7;6;7;7;7;8;7;9;7;10;7;10;6;10;5;10;4;10;3;10;2;11;2;11;3;11;4;11;5;11;6;11;7;11;8;11;9;11;10;11;11;11;12
1;2;15;18;8;13;7;13;6;13;6;12;6;11;6;10;6;9;6;8;5;8;5;7;6;7;7;7;8;7;9;7;10;7;10;6;10;5;10;4;10;3;10;2;11;2;11;3;11;4;11;5;11;6;11;7;11;8;11;9;11;10;11;11;11;12;11;13
1;2;15;18;7;13;6;13;6;12;6;11;6;10;6;9;6;8;5;8;5;7;6;7;7;7;8;7;9;7;10;7;10;6;10;5;10;4;10;3;10;2;11;2;11;3;11;4;11;5;11;6;11;7;11;8;11;9;11;10;11;11;11;12;11;13;11;14
1;2;15;18;6;13;6;12;6;11;6;10;6;9;6;8;5;8;5;7;6;7;7;7;8;7;9;7;10;7;10;6;10;5;10;4;10;3;10;2;11;2;11;3;11;4;11;5;11;6;11;7;11;8;11;9;11;10;11;11;11;12;11;13;11;14;11;15
1;2;15;18;6;12;6;11;6;10;6;9;6;8;5;8;5;7;6;7;7;7;8;7;9;7;10;7;10;6;10;5;10;4;10;3;10;2;11;2;11;3;11;4;11;5;11;6;11;7;11;8;11;9;11;10;11;11;11;12;11;13;11;14;11;15;11;16
1;2;15;18;6;11;6;10;6;9;6;8;5;8;5;7;6;7;7;7;8;7;9;7;10;7;10;6;10;5;10;4;10;3;10;2;11;2;11;3;11;4;11;5;11;6;11;7;11;8;11;9;11;10;11;11;11;12;11;13;11;14;11;15;11;16;11;17
1;2;15;18;6;10;6;9;6;8;5;8;5;7;6;7;7;7;8;7;9;7;10;7;10;6;10;5;10;4;10;3;10;2;11;2;11;3;11;4;11;5;11;6;11;7;11;8;11;9;11;10;11;11;11;12;11;13;11;14;11;15;11;16;11;17;11;18
1;1;15;18;6;9;6;8;5;8;5;7;6;7;7;7;8;7;9;7;10;7;10;6;10;5;10;4;10;3;10;2;11;2;11;3;11;4;11;5;11;6;11;7;11;8;11;9;11;10;11;11;11;12;11;13;11;14;11;15;11;16;11;17;11;18;12;18
1;1;15;18;6;8;5;8;5;7;6;7;7;7;8;7;9;7;10;7;10;6;10;5;10;4;10;3;10;2;11;2;11;3;11;4;11;5;11;6;11;7;11;8;11;9;11;10;11;11;11;12;11;13;11;14;11;15;11;16;11;17;11;18;12;18;13;18
1;1;15;18;5;8;5;7;6;7;7;7;8;7;9;7;10;7;10;6;10;5;10;4;10;3;10;2;11;2;11;3;11;4;11;5;11;6;11;7;11;8;11;9;11;10;11;11;11;12;11;13;11;14;11;15;11;16;11;17;11;18;12;18;13;18;14;18
1;1;17;5;5;7;5;7;6;7;7;7;8;7;9;7;10;7;10;6;10;5;10;4;10;3;10;2;11;2;11;3;11;4;11;5;11;6;11;7;11;8;11;9;11;10;11;11;11;12;11;13;11;14;11;15;11;16;11;17;11;18;12;18;13;18;14;18;15;18
1;1;17;5;5;7;6;7;7;7;8;7;9;7;10;7;10;6;10;5;10;4;10;3;10;2;11;2;11;3;11;4;11;5;11;6;11;7;11;8;11;9;11;10;11;11;11;12;11;13;11;14;11;15;11;16;11;17;11;18;12;18;13;18;14;18;15;18;16;18
1;1;17;5;6;7;7;7;8;7;9;7;10;7;10;6;10;5;10;4;10;3;10;2;11;2;11;3;11;4;11;5;11;6;11;7;11;8;11;9;11;10;11;11;11;12;11;13;11;14;11;15;11;16;11;17;11;18;12;18;13;18;14;18;15;18;16;18;17;18
1;0;17;5;7;7;8;7;9;7;10;7;10;6;10;5;10;4;10;3;10;2;11;2;11;3;11;4;11;5;11;6;11;7;11;8;11;9;11;10;11;11;11;12;11;13;11;14;11;15;11;16;11;17;11;18;12;18;13;18;14;18;15;18;16;18;17;18;17;17
1;0;17;5;8;7;9;7;10;7;10;6;10;5;10;4;10;3;10;2;11;2;11;3;11;4;11;5;11;6;11;7;11;8;11;9;11;10;11;11;11;12;11;13;11;14;11;15;11;16;11;17;11;18;12;18;13;18;14;18;15;18;16;18;17;18;17;17;17;16
1;0;17;5;9;7;10;7;10;6;10;5;10;4;10;3;10;2;11;2;11;3;11;4;11;5;11;6;11;7;11;8;11;9;11;10;11;11;11;12;11;13;11;14;11;15;11;16;11;17;11;18;12;18;13;18;14;18;15;18;16;18;17;18;17;17;17;16;17;15
1;0;17;5;10;7;10;6;10;5;10;4;10;3;10;2;11;2;11;3;11;4;11;5;11;6;11;7;11;8;11;9;11;10;11;11;11;12;11;13;11;14;11;15;11;16;11;17;11;18;12;18;13;18;14;18;15;18;16;18;17;18;17;17;17;16;17;15;17;14
1;0;17;5;10;6;10;5;10;4;10;3;10;2;11;2;11;3;11;4;11;5;11;6;11;7;11;8;11;9;11;10;11;11;11;12;11;13;11;14;11;15;11;16;11;17;11;18;12;18;13;18;14;18;15;18;16;18;17;18;17;17;17;16;17;15;17;14;17;13
1;0;17;5;10;5;10;4;10;3;10;2;11;2;11;3;11;4;11;5;11;6;11;7;11;8;11;9;11;10;11;11;11;12;11;13;11;14;11;15;11;16;11;17;11;18;12;18;13;18;14;18;15;18;16;18;17;18;17;17;17;16;17;15;17;14;17;13;17;12
1;0;17;5;10;4;10;3;10;2;11;2;11;3;11;4;11;5;11;6;11;7;11;8;11;9;11;10;11;11;11;12;11;13;11;14;11;15;11;16;11;17;11;18;12;18;13;18;14;18;15;18;16;18;17;18;17;17;17;16;17;15;17;14;17;13;17;12;17;11
1;0;17;5;10;3;10;2;11;2;11;3;11;4;11;5;11;6;11;7;11;8;11;9;11;10;11;11;11;12;11;13;11;14;11;15;11;16;11;17;11;18;12;18;13;18;14;18;15;18;16;18;17;18;17;17;17;16;17;15;17;14;17;13;17;12;17;11;17;10
1;0;17;5;10;2;11;2;11;3;11;4;11;5;11;6;11;7;11;8;11;9;11;10;11;11;11;12;11;13;11;14;11;15;11;16;11;17;11;18;12;18;13;18;14;18;15;18;16;18;17;18;17;17;17;16;17;15;17;14;17;13;17;12;17;11;17;10;17;9
1;0;17;5;11;2;11;3;11;4;11;5;11;6;11;7;11;8;11;9;11;10;11;11;11;12;11;13;11;14;11;15;11;16;11;17;11;18;12;18;13;18;14;18;15;18;16;18;17;18;17;17;17;16;17;15;17;14;17;13;17;12;17;11;17;10;17;9;17;8
1;0;17;5;11;3;11;4;11;5;11;6;11;7;11;8;11;9;11;10;11;11;11;12;11;13;11;14;11;15;11;16;11;17;11;18;12;18;13;18;14;18;15;18;16;18;17;18;17;17;17;16;17;15;17;14;17;13;17;12;17;11;17;10;17;9;17;8;17;7
1;0;17;5;11;4;11;5;11;6;11;7;11;8;11;9;11;10;11;11;11;12;11;13;11;14;11;15;11;16;11;17;11;18;12;18;13;18;14;18;15;18;16;18;17;18;17;17;17;16;17;15;17;14;17;13;17;12;17;11;17;10;17;9;17;8;17;7;17;6
1;0;11;1;11;5;11;5;11;6;11;7;11;8;11;9;11;10;11;11;11;12;11;13;11;14;11;15;11;16;11;17;11;18;12;18;13;18;14;18;15;18;16;18;17;18;17;17;17;16;17;15;17;14;17;13;17;12;17;11;17;10;17;9;17;8;17;7;17;6;17;5
1;0;11;1;11;5;11;6;11;7;11;8;11;9;11;10;11;11;11;12;11;13;11;14;11;15;11;16;11;17;11;18;12;18;13;18;14;18;15;18;16;18;17;18;17;17;17;16;17;15;17;14;17;13;17;12;17;11;17;10;17;9;17;8;17;7;17;6;17;5;17;4
1;0;11;1;11;6;11;7;11;8;11;9;11;10;11;11;11;12;11;13;11;14;11;15;11;16;11;17;11;18;12;18;13;18;14;18;15;18;16;18;17;18;17;17;17;16;17;15;17;14;17;13;17;12;17;11;17;10;17;9;17;8;17;7;17;6;17;5;17;4;17;3
1;0;11;1;11;7;11;8;11;9;11;10;11;11;11;12;11;13;11;14;11;15;11;16;11;17;11;18;12;18;13;18;14;18;15;18;16;18;17;18;17;17;17;16;17;15;17;14;17;13;17;12;17;11;17;10;17;9;17;8;17;7;17;6;17;5;17;4;17;3;17;2
1;0;11;1;11;8;11;9;11;10;11;11;11;12;11;13;11;14;11;15;11;16;11;17;11;18;12;18;13;18;14;18;15;18;16;18;17;18;17;17;17;16;17;15;17;14;17;13;17;12;17;11;17;10;17;9;17;8;17;7;17;6;17;5;17;4;17;3;17;2;17;1
1;3;11;1;11;9;11;10;11;11;11;12;11;13;11;14;11;15;11;16;11;17;11;18;12;18;13;18;14;18;15;18;16;18;17;18;17;17;17;16;17;15;17;14;17;13;17;12;17;11;17;10;17;9;17;8;17;7;17;6;17;5;17;4;17;3;17;2;17;1;16;1
1;3;11;1;11;10;11;11;11;12;11;13;11;14;11;15;11;16;11;17;11;18;12;18;13;18;14;18;15;18;16;18;17;18;17;17;17;16;17;15;17;14;17;13;17;12;17;11;17;10;17;9;17;8;17;7;17;6;17;5;17;4;17;3;17;2;17;1;16;1;15;1
1;3;11;1;11;11;11;12;11;13;11;14;11;15;11;16;11;17;11;18;12;18;13;18;14;18;15;18;16;18;17;18;17;17;17;16;17;15;17;14;17;13;17;12;17;11;17;10;17;9;17;8;17;7;17;6;17;5;17;4;17;3;17;2;17;1;16;1;15;1;14;1
1;3;11;1;11;12;11;13;11;14;11;15;11;16;11;17;11;18;12;18;13;18;14;18;15;18;16;18;17;18;17;17;17;16;17;15;17;14;17;13;17;12;17;11;17;10;17;9;17;8;17;7;17;6;17;5;17;4;17;3;17;2;17;1;16;1;15;1;14;1;13;1
1;3;11;1;11;13;11;14;11;15;11;16;11;17;11;18;12;18;13;18;14;18;15;18;16;18;17;18;17;17;17;16;17;15;17;14;17;13;17;12;17;11;17;10;17;9;17;8;17;7;17;6;17;5;17;4;17;3;17;2;17;1;16;1;15;1;14;1;13;1;12;1
1;3;10;16;11;14;11;14;11;15;11;16;11;17;11;18;12;18;13;18;14;18;15;18;16;18;17;18;17;17;17;16;17;15;17;14;17;13;17;12;17;11;17;10;17;9;17;8;17;7;17;6;17;5;17;4;17;3;17;2;17;1;16;1;15;1;14;1;13;1;12;1;11;1
1;3;10;16;11;14;11;15;11;16;11;17;11;18;12;18;13;18;14;18;15;18;16;18;17;18;17;17;17;16;17;15;17;14;17;13;17;12;17;11;17;10;17;9;17;8;17;7;17;6;17;5;17;4;17;3;17;2;17;1;16;1;15;1;14;1;13;1;12;1;11;1;10;1
1;2;10;16;11;15;11;16;11;17;11;18;12;18;13;18;14;18;15;18;16;18;17;18;17;17;17;16;17;15;17;14;17;13;17;12;17;11;17;10;17;9;17;8;17;7;17;6;17;5;17;4;17;3;17;2;17;1;16;1;15;1;14;1;13;1;12;1;11;1;10;1;10;2
1;2;10;16;11;16;11;17;11;18;12;18;13;18;14;18;15;18;16;18;17;18;17;17;17;16;17;15;17;14;17;13;17;12;17;11;17;10;17;9;17;8;17;7;17;6;17;5;17;4;17;3;17;2;17;1;16;1;15;1;14;1;13;1;12;1;11;1;10;1;10;2;10;3
1;2;10;16;11;17;11;18;12;18;13;18;14;18;15;18;16;18;17;18;17;17;17;16;17;15;17;14;17;13;17;12;17;11;17;10;17;9;17;8;17;7;17;6;17;5;17;4;17;3;17;2;17;1;16;1;15;1;14;1;13;1;12;1;11;1;10;1;10;2;10;3;10;4
1;2;10;16;11;18;12;18;13;18;14;18;15;18;16;18;17;18;17;17;17;16;17;15;17;14;17;13;17;12;17;11;17;10;17;9;17;8;17;7;17;6;17;5;17;4;17;3;17;2;17;1;16;1;15;1;14;1;13;1;12;1;11;1;10;1;10;2;10;3;10;4;10;5
1;2;10;16;12;18;13;18;14;18;15;18;16;18;17;18;17;17;17;16;17;15;17;14;17;13;17;12;17;11;17;10;17;9;17;8;17;7;17;6;17;5;17;4;17;3;17;2;17;1;16;1;15;1;14;1;13;1;12;1;11;1;10;1;10;2;10;3;10;4;10;5;10;6
1;2;10;16;13;18;14;18;15;18;16;18;17;18;17;17;17;16;17;15;17;14;17;13;17;12;17;11;17;10;17;9;17;8;17;7;17;6;17;5;17;4;17;3;17;2;17;1;16;1;15;1;14;1;13;1;12;1;11;1;10;1;10;2;10;3;10;4;10;5;10;6;10;7
1;2;10;16;14;18;15;18;16;18;17;18;17;17;17;16;17;15;17;14;17;13;17;12;17;11;17;10;17;9;17;8;17;7;17;6;17;5;17;4;17;3;17;2;17;1;16;1;15;1;14;1;13;1;12;1;11;1;10;1;10;2;10;3;10;4;10;5;10;6;10;7;10;8
1;2;10;16;15;18;16;18;17;18;17;17;17;16;17;15;17;14;17;13;17;12;17;11;17;10;17;9;17;8;17;7;17;6;17;5;17;4;17;3;17;2;17;1;16;1;15;1;14;1;13;1;12;1;11;1;10;1;10;2;10;3;10;4;10;5;10;6;10;7;10;8;10;9
1;2;10;16;16;18;17;18;17;17;17;16;17;15;17;14;17;13;17;12;17;11;17;10;17;9;17;8;17;7;17;6;17;5;17;4;17;3;17;2;17;1;16;1;15;1;14;1;13;1;12;1;11;1;10;1;10;2;10;3;10;4;10;5;10;6;10;7;10;8;10;9;10;10
1;2;10;16;17;18;17;17;17;16;17;15;17;14;17;13;17;12;17;11;17;10;17;9;17;8;17;7;17;6;17;5;17;4;17;3;17;2;17;1;16;1;15;1;14;1;13;1;12;1;11;1;10;1;10;2;10;3;10;4;10;5;10;6;10;7;10;8;10;9;10;10;10;11
1;2;10;16;17;17;17;16;17;15;17;14;17;13;17;12;17;11;17;10;17;9;17;8;17;7;17;6;17;5;17;4;17;3;17;2;17;1;16;1;15;1;14;1;13;1;12;1;11;1;10;1;10;2;10;3;10;4;10;5;10;6;10;7;10;8;10;9;10;10;10;11;10;12
1;2;10;16;17;16;17;15;17;14;17;13;17;12;17;11;17;10;17;9;17;8;17;7;17;6;17;5;17;4;17;3;17;2;17;1;16;1;15;1;14;1;13;1;12;1;11;1;10;1;10;2;10;3;10;4;10;5;10;6;10;7;10;8;10;9;10;10;10;11;10;12;10;13
1;2;10;16;17;15;17;14;17;13;17;12;17;11;17;10;17;9;17;8;17;7;17;6;17;5;17;4;17;3;17;2;17;1;16;1;15;1;14;1;13;1;12;1;11;1;10;1;10;2;10;3;10;4;10;5;10;6;10;7;10;8;10;9;10;10;10;11;10;12;10;13;10;14
1;2;10;16;17;14;17;13;17;12;17;11;17;10;17;9;17;8;17;7;17;6;17;5;17;4;17;3;17;2;17;1;16;1;15;1;14;1;13;1;12;1;11;1;10;1;10;2;10;3;10;4;10;5;10;6;10;7;10;8;10;9;10;10;10;11;10;12;10;13;10;14;10;15
1;2;12;2;17;13;17;13;17;12;17;11;17;10;17;9;17;8;17;7;17;6;17;5;17;4;17;3;17;2;17;1;16;1;15;1;14;1;13;1;12;1;11;1;10;1;10;2;10;3;10;4;10;5;10;6;10;7;10;8;10;9;10;10;10;11;10;12;10;13;10;14;10;15;10;16
1;1;12;2;17;13;17;12;17;11;17;10;17;9;17;8;17;7;17;6;17;5;17;4;17;3;17;2;17;1;16;1;15;1;14;1;13;1;12;1;11;1;10;1;10;2;10;3;10;4;10;5;10;6;10;7;10;8;10;9;10;10;10;11;10;12;10;13;10;14;10;15;10;16;11;16
1;1;12;2;17;12;17;11;17;10;17;9;17;8;17;7;17;6;17;5;17;4;17;3;17;2;17;1;16;1;15;1;14;1;13;1;12;1;11;1;10;1;10;2;10;3;10;4;10;5;10;6;10;7;10;8;10;9;10;10;10;11;10;12;10;13;10;14;10;15;10;16;11;16;12;16
1;0;12;2;17;11;17;10;17;9;17;8;17;7;17;6;17;5;17;4;17;3;17;2;17;1;16;1;15;1;14;1;13;1;12;1;11;1;10;1;10;2;10;3;10;4;10;5;10;6;10;7;10;8;10;9;10;10;10;11;10;12;10;13;10;14;10;15;10;16;11;16;12;16;12;15
1;0;12;2;17;10;17;9;17;8;17;7;17;6;17;5;17;4;17;3;17;2;17;1;16;1;15;1;14;1;13;1;12;1;11;1;10;1;10;2;10;3;10;4;10;5;10;6;10;7;10;8;10;9;10;10;10;11;10;12;10;13;10;14;10;15;10;16;11;16;12;16;12;15;12;14
1;0;12;2;17;9;17;8;17;7;17;6;17;5;17;4;17;3;17;2;17;1;16;1;15;1;14;1;13;1;12;1;11;1;10;1;10;2;10;3;10;4;10;5;10;6;10;7;10;8;10;9;10;10;10;11;10;12;10;13;10;14;10;15;10;16;11;16;12;16;12;15;12;14;12;13
1;0;12;2;17;8;17;7;17;6;17;5;17;4;17;3;17;2;17;1;16;1;15;1;14;1;13;1;12;1;11;1;10;1;10;2;10;3;10;4;10;5;10;6;10;7;10;8;10;9;10;10;10;11;10;12;10;13;10;14;10;15;10;16;11;16;12;16;12;15;12;14;12;13;12;12
1;0;12;2;17;7;17;6;17;5;17;4;17;3;17;2;17;1;16;1;15;1;14;1;13;1;12;1;11;1;10;1;10;2;10;3;10;4;10;5;10;6;10;7;10;8;10;9;10;10;10;11;10;12;10;13;10;14;10;15;10;16;11;16;12;16;12;15;12;14;12;13;12;12;12;11
1;0;12;2;17;6;17;5;17;4;17;3;17;2;17;1;16;1;15;1;14;1;13;1;12;1;11;1;10;1;10;2;10;3;10;4;10;5;10;6;10;7;10;8;10;9;10;10;10;11;10;12;10;13;10;14;10;15;10;16;11;16;12;16;12;15;12;14;12;13;12;12;12;11;12;10
1;0;12;2;17;5;17;4;17;3;17;2;17;1;16;1;15;1;14;1;13;1;12;1;11;1;10;1;10;2;10;3;10;4;10;5;10;6;10;7;10;8;10;9;10;10;10;11;10;12;10;13;10;14;10;15;10;16;11;16;12;16;12;15;12;14;12;13;12;12;12;11;12;10;12;9
1;0;12;2;17;4;17;3;17;2;17;1;16;1;15;1;14;1;13;1;12;1;11;1;10;1;10;2;10;3;10;4;10;5;10;6;10;7;10;8;10;9;10;10;10;11;10;12;10;13;10;14;10;15;10;16;11;16;12;16;12;15;12;14;12;13;12;12;12;11;12;10;12;9;12;8
1;0;12;2;17;3;17;2;17;1;16;1;15;1;14;1;13;1;12;1;11;1;10;1;10;2;10;3;10;4;10;5;10;6;10;7;10;8;10;9;10;10;10;11;10;12;10;13;10;14;10;15;10;16;11;16;12;16;12;15;12;14;12;13;12;12;12;11;12;10;12;9;12;8;12;7
1;0;12;2;17;2;17;1;16;1;15;1;14;1;13;1;12;1;11;1;10;1;10;2;10;3;10;4;10;5;10;6;10;7;10;8;10;9;10;10;10;11;10;12;10;13;10;14;10;15;10;16;11;16;12;16;12;15;12;14;12;13;12;12;12;11;12;10;12;9;12;8;12;7;12;6
1;0;12;2;17;1;16;1;15;1;14;1;13;1;12;1;11;1;10;1;10;2;10;3;10;4;10;5;10;6;10;7;10;8;10;9;10;10;10;11;10;12;10;13;10;14;10;15;10;16;11;16;12;16;12;15;12;14;12;13;12;12;12;11;12;10;12;9;12;8;12;7;12;6;12;5
1;0;12;2;16;1;15;1;14;1;13;1;12;1;11;1;10;1;10;2;10;3;10;4;10;5;10;6;10;7;10;8;10;9;10;10;10;11;10;12;10;13;10;14;10;15;10;16;11;16;12;16;12;15;12;14;12;13;12;12;12;11;12;10;12;9;12;8;12;7;12;6;12;5;12;4
1;0;12;2;15;1;14;1;13;1;12;1;11;1;10;1;10;2;10;3;10;4;10;5;10;6;10;7;10;8;10;9;10;10;10;11;10;12;10;13;10;14;10;15;10;16;11;16;12;16;12;15;12;14;12;13;12;12;12;11;12;10;12;9;12;8;12;7;12;6;12;5;12;4;12;3
1;0;5;1;14;1;14;1;13;1;12;1;11;1;10;1;10;2;10;3;10;4;10;5;10;6;10;7;10;8;10;9;10;10;10;11;10;12;10;13;10;14;10;15;10;16;11;16;12;16;12;15;12;14;12;13;12;12;12;11;12;10;12;9;12;8;12;7;12;6;12;5;12;4;12;3;12;2
1;3;5;1;14;1;13;1;12;1;11;1;10;1;10;2;10;3;10;4;10;5;10;6;10;7;10;8;10;9;10;10;10;11;10;12;10;13;10;14;10;15;10;16;11;16;12;16;12;15;12;14;12;13;12;12;12;11;12;10;12;9;12;8;12;7;12;6;12;5;12;4;12;3;12;2;11;2
1;2;5;1;13;1;12;1;11;1;10;1;10;2;10;3;10;4;10;5;10;6;10;7;10;8;10;9;10;10;10;11;10;12;10;13;10;14;10;15;10;16;11;16;12;16;12;15;12;14;12;13;12;12;12;11;12;10;12;9;12;8;12;7;12;6;12;5;12;4;12;3;12;2;11;2;11;3
1;2;5;1;12;1;11;1;10;1;10;2;10;3;10;4;10;5;10;6;10;7;10;8;10;9;10;10;10;11;10;12;10;13;10;14;10;15;10;16;11;16;12;16;12;15;12;14;12;13;12;12;12;11;12;10;12;9;12;8;12;7;12;6;12;5;12;4;12;3;12;2;11;2;11;3;11;4
1;2;5;1;11;1;10;1;10;2;10;3;10;4;10;5;10;6;10;7;10;8;10;9;10;10;10;11;10;12;10;13;10;14;10;15;10;16;11;16;12;16;12;15;12;14;12;13;12;12;12;11;12;10;12;9;12;8;12;7;12;6;12;5;12;4;12;3;12;2;11;2;11;3;11;4;11;5
1;2;5;1;10;1;10;2;10;3;10;4;10;5;10;6;10;7;10;8;10;9;10;10;10;11;10;12;10;13;10;14;10;15;10;16;11;16;12;16;12;15;12;14;12;13;12;12;12;11;12;10;12;9;12;8;12;7;12;6;12;5;12;4;12;3;12;2;11;2;11;3;11;4;11;5;11;6
1;2;5;1;10;2;10;3;10;4;10;5;10;6;10;7;10;8;10;9;10;10;10;11;10;12;10;13;10;14;10;15;10;16;11;16;12;16;12;15;12;14;12;13;12;12;12;11;12;10;12;9;12;8;12;7;12;6;12;5;12;4;12;3;12;2;11;2;11;3;11;4;11;5;11;6;11;7
1;2;5;1;10;3;10;4;10;5;10;6;10;7;10;8;10;9;10;10;10;11;10;12;10;13;10;14;10;15;10;16;11;16;12;16;12;15;12;14;12;13;12;12;12;11;12;10;12;9;12;8;12;7;12;6;12;5;12;4;12;3;12;2;11;2;11;3;11;4;11;5;11;6;11;7;11;8
1;2;5;1;10;4;10;5;10;6;10;7;10;8;10;9;10;10;10;11;10;12;10;13;10;14;10;15;10;16;11;16;12;16;12;15;12;14;12;13;12;12;12;11;12;10;12;9;12;8;12;7;12;6;12;5;12;4;12;3;12;2;11;2;11;3;11;4;11;5;11;6;11;7;11;8;11;9
1;2;5;1;10;5;10;6;10;7;10;8;10;9;10;10;10;11;10;12;10;13;10;14;10;15;10;16;11;16;12;16;12;15;12;14;12;13;12;12;12;11;12;10;12;9;12;8;12;7;12;6;12;5;12;4;12;3;12;2;11;2;11;3;11;4;11;5;11;6;11;7;11;8;11;9;11;10
