20
1;1;0;16;8;10;9;10;10;10
1;2;0;16;9;10;10;10;10;11
1;3;0;16;10;10;10;11;9;11
1;3;0;16;10;11;9;11;8;11
1;3;0;16;9;11;8;11;7;11
1;3;0;16;8;11;7;11;6;11
1;3;0;16;7;11;6;11;5;11
1;3;0;16;6;11;5;11;4;11
1;3;0;16;5;11;4;11;3;11
1;3;0;16;4;11;3;11;2;11
1;3;0;16;3;11;2;11;1;11
1;3;0;16;2;11;1;11;0;11
1;2;0;16;1;11;0;11;0;12
1;2;0;16;0;11;0;12;0;13
1;2;0;16;0;12;0;13;0;14
1;2;0;16;0;13;0;14;0;15
1;2;9;0;0;14;0;14;0;15;0;16
1;1;9;0;0;14;0;15;0;16;1;16
1;1;9;0;0;15;0;16;1;16;2;16
1;1;9;0;0;16;1;16;2;16;3;16
1;1;9;0;1;16;2;16;3;16;4;16
1;1;9;0;2;16;3;16;4;16;5;16
1;1;9;0;3;16;4;16;5;16;6;16
1;1;9;0;4;16;5;16;6;16;7;16
1;1;9;0;5;16;6;16;7;16;8;16
1;1;9;0;6;16;7;16;8;16;9;16
1;0;9;0;7;16;8;16;9;16;9;15
1;0;9;0;8;16;9;16;9;15;9;14
1;0;9;0;9;16;9;15;9;14;9;13
1;0;9;0;9;15;9;14;9;13;9;12
1;0;9;0;9;14;9;13;9;12;9;11
1;0;9;0;9;13;9;12;9;11;9;10
1;0;9;0;9;12;9;11;9;10;9;9
1;0;9;0;9;11;9;10;9;9;9;8
1;0;9;0;9;10;9;9;9;8;9;7
1;0;9;0;9;9;9;8;9;7;9;6
1;0;9;0;9;8;9;7;9;6;9;5
1;0;9;0;9;7;9;6;9;5;9;4
1;0;9;0;9;6;9;5;9;4;9;3
1;0;9;0;9;5;9;4;9;3;9;2
1;0;9;0;9;4;9;3;9;2;9;1
1;0;0;1;9;3;9;3;9;2;9;1;9;0
1;3;0;1;9;3;9;2;9;1;9;0;8;0
1;2;0;1;9;2;9;1;9;0;8;0;8;1
1;3;0;1;9;1;9;0;8;0;8;1;7;1
1;3;0;1;9;0;8;0;8;1;7;1;6;1
1;3;0;1;8;0;8;1;7;1;6;1;5;1
1;3;0;1;8;1;7;1;6;1;5;1;4;1
1;3;0;1;7;1;6;1;5;1;4;1;3;1
1;3;0;1;6;1;5;1;4;1;3;1;2;1
1;3;0;1;5;1;4;1;3;1;2;1;1;1
1;3;9;8;4;1;4;1;3;1;2;1;1;1;0;1
1;2;9;8;4;1;3;1;2;1;1;1;0;1;0;2
1;2;9;8;3;1;2;1;1;1;0;1;0;2;0;3
1;2;9;8;2;1;1;1;0;1;0;2;0;3;0;4
1;2;9;8;1;1;0;1;0;2;0;3;0;4;0;5
1;2;9;8;0;1;0;2;0;3;0;4;0;5;0;6
1;2;9;8;0;2;0;3;0;4;0;5;0;6;0;7
1;2;9;8;0;3;0;4;0;5;0;6;0;7;0;8
1;1;9;8;0;4;0;5;0;6;0;7;0;8;1;8
1;1;9;8;0;5;0;6;0;7;0;8;1;8;2;8
1;1;9;8;0;6;0;7;0;8;1;8;2;8;3;8
1;1;9;8;0;7;0;8;1;8;2;8;3;8;4;8
1;1;9;8;0;8;1;8;2;8;3;8;4;8;5;8
1;1;9;8;1;8;2;8;3;8;4;8;5;8;6;8
1;1;9;8;2;8;3;8;4;8;5;8;6;8;7;8
1;1;9;8;3;8;4;8;5;8;6;8;7;8;8;8
1;1;0;4;4;8;4;8;5;8;6;8;7;8;8;8;9;8
1;0;0;4;4;8;5;8;6;8;7;8;8;8;9;8;9;7
1;0;0;4;5;8;6;8;7;8;8;8;9;8;9;7;9;6
1;0;0;4;6;8;7;8;8;8;9;8;9;7;9;6;9;5
1;0;0;4;7;8;8;8;9;8;9;7;9;6;9;5;9;4
1;3;0;4;8;8;9;8;9;7;9;6;9;5;9;4;8;4
1;3;0;4;9;8;9;7;9;6;9;5;9;4;8;4;7;4
1;3;0;4;9;7;9;6;9;5;9;4;8;4;7;4;6;4
1;3;0;4;9;6;9;5;9;4;8;4;7;4;6;4;5;4
1;3;0;4;9;5;9;4;8;4;7;4;6;4;5;4;4;4
1;3;0;4;9;4;8;4;7;4;6;4;5;4;4;4;3;4
1;3;0;4;8;4;7;4;6;4;5;4;4;4;3;4;2;4
1;3;0;4;7;4;6;4;5;4;4;4;3;4;2;4;1;4
1;3;2;11;6;4;6;4;5;4;4;4;3;4;2;4;1;4;0;4
1;2;2;11;6;4;5;4;4;4;3;4;2;4;1;4;0;4;0;5
1;2;2;11;5;4;4;4;3;4;2;4;1;4;0;4;0;5;0;6
1;1;2;11;4;4;3;4;2;4;1;4;0;4;0;5;0;6;1;6
1;0;2;11;3;4;2;4;1;4;0;4;0;5;0;6;1;6;1;5
1;1;2;11;2;4;1;4;0;4;0;5;0;6;1;6;1;5;2;5
1;2;2;11;1;4;0;4;0;5;0;6;1;6;1;5;2;5;2;6
1;1;2;11;0;4;0;5;0;6;1;6;1;5;2;5;2;6;3;6
1;2;2;11;0;5;0;6;1;6;1;5;2;5;2;6;3;6;3;7
1;1;2;11;0;6;1;6;1;5;2;5;2;6;3;6;3;7;4;7
1;2;2;11;1;6;1;5;2;5;2;6;3;6;3;7;4;7;4;8
1;1;2;11;1;5;2;5;2;6;3;6;3;7;4;7;4;8;5;8
1;2;2;11;2;5;2;6;3;6;3;7;4;7;4;8;5;8;5;9
1;2;2;11;2;6;3;6;3;7;4;7;4;8;5;8;5;9;5;10
1;2;2;11;3;6;3;7;4;7;4;8;5;8;5;9;5;10;5;11
1;3;2;11;3;7;4;7;4;8;5;8;5;9;5;10;5;11;4;11
1;3;2;11;4;7;4;8;5;8;5;9;5;10;5;11;4;11;3;11
1;3;14;19;4;8;4;8;5;8;5;9;5;10;5;11;4;11;3;11;2;11
1;2;14;19;4;8;5;8;5;9;5;10;5;11;4;11;3;11;2;11;2;12
1;1;14;19;5;8;5;9;5;10;5;11;4;11;3;11;2;11;2;12;3;12
1;2;14;19;5;9;5;10;5;11;4;11;3;11;2;11;2;12;3;12;3;13
1;1;14;19;5;10;5;11;4;11;3;11;2;11;2;12;3;12;3;13;4;13
1;0;14;19;5;11;4;11;3;11;2;11;2;12;3;12;3;13;4;13;4;12
1;1;14;19;4;11;3;11;2;11;2;12;3;12;3;13;4;13;4;12;5;12
1;2;14;19;3;11;2;11;2;12;3;12;3;13;4;13;4;12;5;12;5;13
1;1;14;19;2;11;2;12;3;12;3;13;4;13;4;12;5;12;5;13;6;13
1;0;14;19;2;12;3;12;3;13;4;13;4;12;5;12;5;13;6;13;6;12
1;1;14;19;3;12;3;13;4;13;4;12;5;12;5;13;6;13;6;12;7;12
1;0;14;19;3;13;4;13;4;12;5;12;5;13;6;13;6;12;7;12;7;11
1;1;14;19;4;13;4;12;5;12;5;13;6;13;6;12;7;12;7;11;8;11
1;1;14;19;4;12;5;12;5;13;6;13;6;12;7;12;7;11;8;11;9;11
1;1;14;19;5;12;5;13;6;13;6;12;7;12;7;11;8;11;9;11;10;11
1;1;14;19;5;13;6;13;6;12;7;12;7;11;8;11;9;11;10;11;11;11
1;1;14;19;6;13;6;12;7;12;7;11;8;11;9;11;10;11;11;11;12;11
1;2;14;19;6;12;7;12;7;11;8;11;9;11;10;11;11;11;12;11;12;12
1;2;14;19;7;12;7;11;8;11;9;11;10;11;11;11;12;11;12;12;12;13
1;2;14;19;7;11;8;11;9;11;10;11;11;11;12;11;12;12;12;13;12;14
1;2;14;19;8;11;9;11;10;11;11;11;12;11;12;12;12;13;12;14;12;15
1;2;14;19;9;11;10;11;11;11;12;11;12;12;12;13;12;14;12;15;12;16
1;2;14;19;10;11;11;11;12;11;12;12;12;13;12;14;12;15;12;16;12;17
1;2;14;19;11;11;12;11;12;12;12;13;12;14;12;15;12;16;12;17;12;18
1;2;14;19;12;11;12;12;12;13;12;14;12;15;12;16;12;17;12;18;12;19
1;1;14;19;12;12;12;13;12;14;12;15;12;16;12;17;12;18;12;19;13;19
1;1;4;10;12;13;12;13;12;14;12;15;12;16;12;17;12;18;12;19;13;19;14;19
1;0;4;10;12;13;12;14;12;15;12;16;12;17;12;18;12;19;13;19;14;19;14;18
1;0;4;10;12;14;12;15;12;16;12;17;12;18;12;19;13;19;14;19;14;18;14;17
1;0;4;10;12;15;12;16;12;17;12;18;12;19;13;19;14;19;14;18;14;17;14;16
1;0;4;10;12;16;12;17;12;18;12;19;13;19;14;19;14;18;14;17;14;16;14;15
1;0;4;10;12;17;12;18;12;19;13;19;14;19;14;18;14;17;14;16;14;15;14;14
1;0;4;10;12;18;12;19;13;19;14;19;14;18;14;17;14;16;14;15;14;14;14;13
1;0;4;10;12;19;13;19;14;19;14;18;14;17;14;16;14;15;14;14;14;13;14;12
1;0;4;10;13;19;14;19;14;18;14;17;14;16;14;15;14;14;14;13;14;12;14;11
1;0;4;10;14;19;14;18;14;17;14;16;14;15;14;14;14;13;14;12;14;11;14;10
1;3;4;10;14;18;14;17;14;16;14;15;14;14;14;13;14;12;14;11;14;10;13;10
1;3;4;10;14;17;14;16;14;15;14;14;14;13;14;12;14;11;14;10;13;10;12;10
1;3;4;10;14;16;14;15;14;14;14;13;14;12;14;11;14;10;13;10;12;10;11;10
1;3;4;10;14;15;14;14;14;13;14;12;14;11;14;10;13;10;12;10;11;10;10;10
1;3;4;10;14;14;14;13;14;12;14;11;14;10;13;10;12;10;11;10;10;10;9;10
1;3;4;10;14;13;14;12;14;11;14;10;13;10;12;10;11;10;10;10;9;10;8;10
1;3;4;10;14;12;14;11;14;10;13;10;12;10;11;10;10;10;9;10;8;10;7;10
1;3;4;10;14;11;14;10;13;10;12;10;11;10;10;10;9;10;8;10;7;10;6;10
1;3;4;10;14;10;13;10;12;10;11;10;10;10;9;10;8;10;7;10;6;10;5;10
1;3;15;7;13;10;13;10;12;10;11;10;10;10;9;10;8;10;7;10;6;10;5;10;4;10
1;0;15;7;13;10;12;10;11;10;10;10;9;10;8;10;7;10;6;10;5;10;4;10;4;9
1;1;15;7;12;10;11;10;10;10;9;10;8;10;7;10;6;10;5;10;4;10;4;9;5;9
1;1;15;7;11;10;10;10;9;10;8;10;7;10;6;10;5;10;4;10;4;9;5;9;6;9
1;1;15;7;10;10;9;10;8;10;7;10;6;10;5;10;4;10;4;9;5;9;6;9;7;9
1;0;15;7;9;10;8;10;7;10;6;10;5;10;4;10;4;9;5;9;6;9;7;9;7;8
1;0;15;7;8;10;7;10;6;10;5;10;4;10;4;9;5;9;6;9;7;9;7;8;7;7
1;1;15;7;7;10;6;10;5;10;4;10;4;9;5;9;6;9;7;9;7;8;7;7;8;7
1;1;15;7;6;10;5;10;4;10;4;9;5;9;6;9;7;9;7;8;7;7;8;7;9;7
1;1;15;7;5;10;4;10;4;9;5;9;6;9;7;9;7;8;7;7;8;7;9;7;10;7
1;1;15;7;4;10;4;9;5;9;6;9;7;9;7;8;7;7;8;7;9;7;10;7;11;7
1;1;15;7;4;9;5;9;6;9;7;9;7;8;7;7;8;7;9;7;10;7;11;7;12;7
1;1;15;7;5;9;6;9;7;9;7;8;7;7;8;7;9;7;10;7;11;7;12;7;13;7
1;1;15;7;6;9;7;9;7;8;7;7;8;7;9;7;10;7;11;7;12;7;13;7;14;7
1;1;3;14;7;9;7;9;7;8;7;7;8;7;9;7;10;7;11;7;12;7;13;7;14;7;15;7
1;2;3;14;7;9;7;8;7;7;8;7;9;7;10;7;11;7;12;7;13;7;14;7;15;7;15;8
1;3;3;14;7;8;7;7;8;7;9;7;10;7;11;7;12;7;13;7;14;7;15;7;15;8;14;8
1;2;3;14;7;7;8;7;9;7;10;7;11;7;12;7;13;7;14;7;15;7;15;8;14;8;14;9
1;2;3;14;8;7;9;7;10;7;11;7;12;7;13;7;14;7;15;7;15;8;14;8;14;9;14;10
1;2;3;14;9;7;10;7;11;7;12;7;13;7;14;7;15;7;15;8;14;8;14;9;14;10;14;11
1;2;3;14;10;7;11;7;12;7;13;7;14;7;15;7;15;8;14;8;14;9;14;10;14;11;14;12
1;2;3;14;11;7;12;7;13;7;14;7;15;7;15;8;14;8;14;9;14;10;14;11;14;12;14;13
1;2;3;14;12;7;13;7;14;7;15;7;15;8;14;8;14;9;14;10;14;11;14;12;14;13;14;14
1;3;3;14;13;7;14;7;15;7;15;8;14;8;14;9;14;10;14;11;14;12;14;13;14;14;13;14
1;3;3;14;14;7;15;7;15;8;14;8;14;9;14;10;14;11;14;12;14;13;14;14;13;14;12;14
1;3;3;14;15;7;15;8;14;8;14;9;14;10;14;11;14;12;14;13;14;14;13;14;12;14;11;14
1;3;3;14;15;8;14;8;14;9;14;10;14;11;14;12;14;13;14;14;13;14;12;14;11;14;10;14
1;3;3;14;14;8;14;9;14;10;14;11;14;12;14;13;14;14;13;14;12;14;11;14;10;14;9;14
1;3;3;14;14;9;14;10;14;11;14;12;14;13;14;14;13;14;12;14;11;14;10;14;9;14;8;14
1;3;3;14;14;10;14;11;14;12;14;13;14;14;13;14;12;14;11;14;10;14;9;14;8;14;7;14
1;3;3;14;14;11;14;12;14;13;14;14;13;14;12;14;11;14;10;14;9;14;8;14;7;14;6;14
1;3;3;14;14;12;14;13;14;14;13;14;12;14;11;14;10;14;9;14;8;14;7;14;6;14;5;14
1;3;3;14;14;13;14;14;13;14;12;14;11;14;10;14;9;14;8;14;7;14;6;14;5;14;4;14
1;3;15;9;14;14;14;14;13;14;12;14;11;14;10;14;9;14;8;14;7;14;6;14;5;14;4;14;3;14
1;0;15;9;14;14;13;14;12;14;11;14;10;14;9;14;8;14;7;14;6;14;5;14;4;14;3;14;3;13
1;1;15;9;13;14;12;14;11;14;10;14;9;14;8;14;7;14;6;14;5;14;4;14;3;14;3;13;4;13
1;1;15;9;12;14;11;14;10;14;9;14;8;14;7;14;6;14;5;14;4;14;3;14;3;13;4;13;5;13
1;1;15;9;11;14;10;14;9;14;8;14;7;14;6;14;5;14;4;14;3;14;3;13;4;13;5;13;6;13
1;0;15;9;10;14;9;14;8;14;7;14;6;14;5;14;4;14;3;14;3;13;4;13;5;13;6;13;6;12
1;0;15;9;9;14;8;14;7;14;6;14;5;14;4;14;3;14;3;13;4;13;5;13;6;13;6;12;6;11
1;0;15;9;8;14;7;14;6;14;5;14;4;14;3;14;3;13;4;13;5;13;6;13;6;12;6;11;6;10
1;0;15;9;7;14;6;14;5;14;4;14;3;14;3;13;4;13;5;13;6;13;6;12;6;11;6;10;6;9
1;1;15;9;6;14;5;14;4;14;3;14;3;13;4;13;5;13;6;13;6;12;6;11;6;10;6;9;7;9
1;1;15;9;5;14;4;14;3;14;3;13;4;13;5;13;6;13;6;12;6;11;6;10;6;9;7;9;8;9
1;1;15;9;4;14;3;14;3;13;4;13;5;13;6;13;6;12;6;11;6;10;6;9;7;9;8;9;9;9
1;1;15;9;3;14;3;13;4;13;5;13;6;13;6;12;6;11;6;10;6;9;7;9;8;9;9;9;10;9
1;1;15;9;3;13;4;13;5;13;6;13;6;12;6;11;6;10;6;9;7;9;8;9;9;9;10;9;11;9
1;1;15;9;4;13;5;13;6;13;6;12;6;11;6;10;6;9;7;9;8;9;9;9;10;9;11;9;12;9
1;1;15;9;5;13;6;13;6;12;6;11;6;10;6;9;7;9;8;9;9;9;10;9;11;9;12;9;13;9
1;1;15;9;6;13;6;12;6;11;6;10;6;9;7;9;8;9;9;9;10;9;11;9;12;9;13;9;14;9
1;1;12;19;6;12;6;12;6;11;6;10;6;9;7;9;8;9;9;9;10;9;11;9;12;9;13;9;14;9;15;9
1;2;12;19;6;12;6;11;6;10;6;9;7;9;8;9;9;9;10;9;11;9;12;9;13;9;14;9;15;9;15;10
1;3;12;19;6;11;6;10;6;9;7;9;8;9;9;9;10;9;11;9;12;9;13;9;14;9;15;9;15;10;14;10
1;3;12;19;6;10;6;9;7;9;8;9;9;9;10;9;11;9;12;9;13;9;14;9;15;9;15;10;14;10;13;10
1;3;12;19;6;9;7;9;8;9;9;9;10;9;11;9;12;9;13;9;14;9;15;9;15;10;14;10;13;10;12;10
1;2;12;19;7;9;8;9;9;9;10;9;11;9;12;9;13;9;14;9;15;9;15;10;14;10;13;10;12;10;12;11
1;2;12;19;8;9;9;9;10;9;11;9;12;9;13;9;14;9;15;9;15;10;14;10;13;10;12;10;12;11;12;12
1;2;12;19;9;9;10;9;11;9;12;9;13;9;14;9;15;9;15;10;14;10;13;10;12;10;12;11;12;12;12;13
1;2;12;19;10;9;11;9;12;9;13;9;14;9;15;9;15;10;14;10;13;10;12;10;12;11;12;12;12;13;12;14
1;2;12;19;11;9;12;9;13;9;14;9;15;9;15;10;14;10;13;10;12;10;12;11;12;12;12;13;12;14;12;15
1;2;12;19;12;9;13;9;14;9;15;9;15;10;14;10;13;10;12;10;12;11;12;12;12;13;12;14;12;15;12;16
1;2;12;19;13;9;14;9;15;9;15;10;14;10;13;10;12;10;12;11;12;12;12;13;12;14;12;15;12;16;12;17
1;2;12;19;14;9;15;9;15;10;14;10;13;10;12;10;12;11;12;12;12;13;12;14;12;15;12;16;12;17;12;18
1;2;19;9;15;9;15;9;15;10;14;10;13;10;12;10;12;11;12;12;12;13;12;14;12;15;12;16;12;17;12;18;12;19
1;1;19;9;15;9;15;10;14;10;13;10;12;10;12;11;12;12;12;13;12;14;12;15;12;16;12;17;12;18;12;19;13;19
1;1;19;9;15;10;14;10;13;10;12;10;12;11;12;12;12;13;12;14;12;15;12;16;12;17;12;18;12;19;13;19;14;19
1;1;19;9;14;10;13;10;12;10;12;11;12;12;12;13;12;14;12;15;12;16;12;17;12;18;12;19;13;19;14;19;15;19
1;1;19;9;13;10;12;10;12;11;12;12;12;13;12;14;12;15;12;16;12;17;12;18;12;19;13;19;14;19;15;19;16;19
1;1;19;9;12;10;12;11;12;12;12;13;12;14;12;15;12;16;12;17;12;18;12;19;13;19;14;19;15;19;16;19;17;19
1;1;19;9;12;11;12;12;12;13;12;14;12;15;12;16;12;17;12;18;12;19;13;19;14;19;15;19;16;19;17;19;18;19
1;0;19;9;12;12;12;13;12;14;12;15;12;16;12;17;12;18;12;19;13;19;14;19;15;19;16;19;17;19;18;19;18;18
1;1;19;9;12;13;12;14;12;15;12;16;12;17;12;18;12;19;13;19;14;19;15;19;16;19;17;19;18;19;18;18;19;18
1;0;19;9;12;14;12;15;12;16;12;17;12;18;12;19;13;19;14;19;15;19;16;19;17;19;18;19;18;18;19;18;19;17
1;3;19;9;12;15;12;16;12;17;12;18;12;19;13;19;14;19;15;19;16;19;17;19;18;19;18;18;19;18;19;17;18;17
1;0;19;9;12;16;12;17;12;18;12;19;13;19;14;19;15;19;16;19;17;19;18;19;18;18;19;18;19;17;18;17;18;16
1;1;19;9;12;17;12;18;12;19;13;19;14;19;15;19;16;19;17;19;18;19;18;18;19;18;19;17;18;17;18;16;19;16
1;0;19;9;12;18;12;19;13;19;14;19;15;19;16;19;17;19;18;19;18;18;19;18;19;17;18;17;18;16;19;16;19;15
1;0;19;9;12;19;13;19;14;19;15;19;16;19;17;19;18;19;18;18;19;18;19;17;18;17;18;16;19;16;19;15;19;14
1;0;19;9;13;19;14;19;15;19;16;19;17;19;18;19;18;18;19;18;19;17;18;17;18;16;19;16;19;15;19;14;19;13
1;0;19;9;14;19;15;19;16;19;17;19;18;19;18;18;19;18;19;17;18;17;18;16;19;16;19;15;19;14;19;13;19;12
1;0;19;9;15;19;16;19;17;19;18;19;18;18;19;18;19;17;18;17;18;16;19;16;19;15;19;14;19;13;19;12;19;11
1;0;19;9;16;19;17;19;18;19;18;18;19;18;19;17;18;17;18;16;19;16;19;15;19;14;19;13;19;12;19;11;19;10
1;0;4;19;17;19;17;19;18;19;18;18;19;18;19;17;18;17;18;16;19;16;19;15;19;14;19;13;19;12;19;11;19;10;19;9
1;3;4;19;17;19;18;19;18;18;19;18;19;17;18;17;18;16;19;16;19;15;19;14;19;13;19;12;19;11;19;10;19;9;18;9
1;2;4;19;18;19;18;18;19;18;19;17;18;17;18;16;19;16;19;15;19;14;19;13;19;12;19;11;19;10;19;9;18;9;18;10
1;3;4;19;18;18;19;18;19;17;18;17;18;16;19;16;19;15;19;14;19;13;19;12;19;11;19;10;19;9;18;9;18;10;17;10
1;3;4;19;19;18;19;17;18;17;18;16;19;16;19;15;19;14;19;13;19;12;19;11;19;10;19;9;18;9;18;10;17;10;16;10
1;3;4;19;19;17;18;17;18;16;19;16;19;15;19;14;19;13;19;12;19;11;19;10;19;9;18;9;18;10;17;10;16;10;15;10
1;3;4;19;18;17;18;16;19;16;19;15;19;14;19;13;19;12;19;11;19;10;19;9;18;9;18;10;17;10;16;10;15;10;14;10
1;3;4;19;18;16;19;16;19;15;19;14;19;13;19;12;19;11;19;10;19;9;18;9;18;10;17;10;16;10;15;10;14;10;13;10
1;3;4;19;19;16;19;15;19;14;19;13;19;12;19;11;19;10;19;9;18;9;18;10;17;10;16;10;15;10;14;10;13;10;12;10
1;3;4;19;19;15;19;14;19;13;19;12;19;11;19;10;19;9;18;9;18;10;17;10;16;10;15;10;14;10;13;10;12;10;11;10
1;3;4;19;19;14;19;13;19;12;19;11;19;10;19;9;18;9;18;10;17;10;16;10;15;10;14;10;13;10;12;10;11;10;10;10
1;3;4;19;19;13;19;12;19;11;19;10;19;9;18;9;18;10;17;10;16;10;15;10;14;10;13;10;12;10;11;10;10;10;9;10
1;3;4;19;19;12;19;11;19;10;19;9;18;9;18;10;17;10;16;10;15;10;14;10;13;10;12;10;11;10;10;10;9;10;8;10
1;3;4;19;19;11;19;10;19;9;18;9;18;10;17;10;16;10;15;10;14;10;13;10;12;10;11;10;10;10;9;10;8;10;7;10
1;3;4;19;19;10;19;9;18;9;18;10;17;10;16;10;15;10;14;10;13;10;12;10;11;10;10;10;9;10;8;10;7;10;6;10
1;3;4;19;19;9;18;9;18;10;17;10;16;10;15;10;14;10;13;10;12;10;11;10;10;10;9;10;8;10;7;10;6;10;5;10
1;3;4;19;18;9;18;10;17;10;16;10;15;10;14;10;13;10;12;10;11;10;10;10;9;10;8;10;7;10;6;10;5;10;4;10
1;2;4;19;18;10;17;10;16;10;15;10;14;10;13;10;12;10;11;10;10;10;9;10;8;10;7;10;6;10;5;10;4;10;4;11
1;2;4;19;17;10;16;10;15;10;14;10;13;10;12;10;11;10;10;10;9;10;8;10;7;10;6;10;5;10;4;10;4;11;4;12
1;2;4;19;16;10;15;10;14;10;13;10;12;10;11;10;10;10;9;10;8;10;7;10;6;10;5;10;4;10;4;11;4;12;4;13
1;2;4;19;15;10;14;10;13;10;12;10;11;10;10;10;9;10;8;10;7;10;6;10;5;10;4;10;4;11;4;12;4;13;4;14
1;2;4;19;14;10;13;10;12;10;11;10;10;10;9;10;8;10;7;10;6;10;5;10;4;10;4;11;4;12;4;13;4;14;4;15
1;2;4;19;13;10;12;10;11;10;10;10;9;10;8;10;7;10;6;10;5;10;4;10;4;11;4;12;4;13;4;14;4;15;4;16
1;2;4;19;12;10;11;10;10;10;9;10;8;10;7;10;6;10;5;10;4;10;4;11;4;12;4;13;4;14;4;15;4;16;4;17
1;2;4;19;11;10;10;10;9;10;8;10;7;10;6;10;5;10;4;10;4;11;4;12;4;13;4;14;4;15;4;16;4;17;4;18
1;2;15;19;10;10;10;10;9;10;8;10;7;10;6;10;5;10;4;10;4;11;4;12;4;13;4;14;4;15;4;16;4;17;4;18;4;19
1;1;15;19;10;10;9;10;8;10;7;10;6;10;5;10;4;10;4;11;4;12;4;13;4;14;4;15;4;16;4;17;4;18;4;19;5;19
1;1;15;19;9;10;8;10;7;10;6;10;5;10;4;10;4;11;4;12;4;13;4;14;4;15;4;16;4;17;4;18;4;19;5;19;6;19
1;1;15;19;8;10;7;10;6;10;5;10;4;10;4;11;4;12;4;13;4;14;4;15;4;16;4;17;4;18;4;19;5;19;6;19;7;19
1;1;15;19;7;10;6;10;5;10;4;10;4;11;4;12;4;13;4;14;4;15;4;16;4;17;4;18;4;19;5;19;6;19;7;19;8;19
1;1;15;19;6;10;5;10;4;10;4;11;4;12;4;13;4;14;4;15;4;16;4;17;4;18;4;19;5;19;6;19;7;19;8;19;9;19
1;1;15;19;5;10;4;10;4;11;4;12;4;13;4;14;4;15;4;16;4;17;4;18;4;19;5;19;6;19;7;19;8;19;9;19;10;19
1;1;15;19;4;10;4;11;4;12;4;13;4;14;4;15;4;16;4;17;4;18;4;19;5;19;6;19;7;19;8;19;9;19;10;19;11;19
1;1;15;19;4;11;4;12;4;13;4;14;4;15;4;16;4;17;4;18;4;19;5;19;6;19;7;19;8;19;9;19;10;19;11;19;12;19
1;1;15;19;4;12;4;13;4;14;4;15;4;16;4;17;4;18;4;19;5;19;6;19;7;19;8;19;9;19;10;19;11;19;12;19;13;19
1;1;15;19;4;13;4;14;4;15;4;16;4;17;4;18;4;19;5;19;6;19;7;19;8;19;9;19;10;19;11;19;12;19;13;19;14;19
1;0;15;19;4;14;4;15;4;16;4;17;4;18;4;19;5;19;6;19;7;19;8;19;9;19;10;19;11;19;12;19;13;19;14;19;14;18
1;0;15;19;4;15;4;16;4;17;4;18;4;19;5;19;6;19;7;19;8;19;9;19;10;19;11;19;12;19;13;19;14;19;14;18;14;17
1;1;15;19;4;16;4;17;4;18;4;19;5;19;6;19;7;19;8;19;9;19;10;19;11;19;12;19;13;19;14;19;14;18;14;17;15;17
1;2;15;19;4;17;4;18;4;19;5;19;6;19;7;19;8;19;9;19;10;19;11;19;12;19;13;19;14;19;14;18;14;17;15;17;15;18
1;2;0;8;4;18;4;18;4;19;5;19;6;19;7;19;8;19;9;19;10;19;11;19;12;19;13;19;14;19;14;18;14;17;15;17;15;18;15;19
1;1;0;8;4;18;4;19;5;19;6;19;7;19;8;19;9;19;10;19;11;19;12;19;13;19;14;19;14;18;14;17;15;17;15;18;15;19;16;19
1;0;0;8;4;19;5;19;6;19;7;19;8;19;9;19;10;19;11;19;12;19;13;19;14;19;14;18;14;17;15;17;15;18;15;19;16;19;16;18
1;0;0;8;5;19;6;19;7;19;8;19;9;19;10;19;11;19;12;19;13;19;14;19;14;18;14;17;15;17;15;18;15;19;16;19;16;18;16;17
1;0;0;8;6;19;7;19;8;19;9;19;10;19;11;19;12;19;13;19;14;19;14;18;14;17;15;17;15;18;15;19;16;19;16;18;16;17;16;16
1;0;0;8;7;19;8;19;9;19;10;19;11;19;12;19;13;19;14;19;14;18;14;17;15;17;15;18;15;19;16;19;16;18;16;17;16;16;16;15
1;0;0;8;8;19;9;19;10;19;11;19;12;19;13;19;14;19;14;18;14;17;15;17;15;18;15;19;16;19;16;18;16;17;16;16;16;15;16;14
1;0;0;8;9;19;10;19;11;19;12;19;13;19;14;19;14;18;14;17;15;17;15;18;15;19;16;19;16;18;16;17;16;16;16;15;16;14;16;13
1;0;0;8;10;19;11;19;12;19;13;19;14;19;14;18;14;17;15;17;15;18;15;19;16;19;16;18;16;17;16;16;16;15;16;14;16;13;16;12
1;0;0;8;11;19;12;19;13;19;14;19;14;18;14;17;15;17;15;18;15;19;16;19;16;18;16;17;16;16;16;15;16;14;16;13;16;12;16;11
1;0;0;8;12;19;13;19;14;19;14;18;14;17;15;17;15;18;15;19;16;19;16;18;16;17;16;16;16;15;16;14;16;13;16;12;16;11;16;10
1;0;0;8;13;19;14;19;14;18;14;17;15;17;15;18;15;19;16;19;16;18;16;17;16;16;16;15;16;14;16;13;16;12;16;11;16;10;16;9
1;0;0;8;14;19;14;18;14;17;15;17;15;18;15;19;16;19;16;18;16;17;16;16;16;15;16;14;16;13;16;12;16;11;16;10;16;9;16;8
1;3;0;8;14;18;14;17;15;17;15;18;15;19;16;19;16;18;16;17;16;16;16;15;16;14;16;13;16;12;16;11;16;10;16;9;16;8;15;8
1;3;0;8;14;17;15;17;15;18;15;19;16;19;16;18;16;17;16;16;16;15;16;14;16;13;16;12;16;11;16;10;16;9;16;8;15;8;14;8
1;3;0;8;15;17;15;18;15;19;16;19;16;18;16;17;16;16;16;15;16;14;16;13;16;12;16;11;16;10;16;9;16;8;15;8;14;8;13;8
1;3;0;8;15;18;15;19;16;19;16;18;16;17;16;16;16;15;16;14;16;13;16;12;16;11;16;10;16;9;16;8;15;8;14;8;13;8;12;8
1;3;0;8;15;19;16;19;16;18;16;17;16;16;16;15;16;14;16;13;16;12;16;11;16;10;16;9;16;8;15;8;14;8;13;8;12;8;11;8
1;3;0;8;16;19;16;18;16;17;16;16;16;15;16;14;16;13;16;12;16;11;16;10;16;9;16;8;15;8;14;8;13;8;12;8;11;8;10;8
1;3;0;8;16;18;16;17;16;16;16;15;16;14;16;13;16;12;16;11;16;10;16;9;16;8;15;8;14;8;13;8;12;8;11;8;10;8;9;8
1;3;0;8;16;17;16;16;16;15;16;14;16;13;16;12;16;11;16;10;16;9;16;8;15;8;14;8;13;8;12;8;11;8;10;8;9;8;8;8
1;3;0;8;16;16;16;15;16;14;16;13;16;12;16;11;16;10;16;9;16;8;15;8;14;8;13;8;12;8;11;8;10;8;9;8;8;8;7;8
1;3;0;8;16;15;16;14;16;13;16;12;16;11;16;10;16;9;16;8;15;8;14;8;13;8;12;8;11;8;10;8;9;8;8;8;7;8;6;8
1;3;0;8;16;14;16;13;16;12;16;11;16;10;16;9;16;8;15;8;14;8;13;8;12;8;11;8;10;8;9;8;8;8;7;8;6;8;5;8
1;3;0;8;16;13;16;12;16;11;16;10;16;9;16;8;15;8;14;8;13;8;12;8;11;8;10;8;9;8;8;8;7;8;6;8;5;8;4;8
1;3;0;8;16;12;16;11;16;10;16;9;16;8;15;8;14;8;13;8;12;8;11;8;10;8;9;8;8;8;7;8;6;8;5;8;4;8;3;8
1;3;0;8;16;11;16;10;16;9;16;8;15;8;14;8;13;8;12;8;11;8;10;8;9;8;8;8;7;8;6;8;5;8;4;8;3;8;2;8
1;3;0;8;16;10;16;9;16;8;15;8;14;8;13;8;12;8;11;8;10;8;9;8;8;8;7;8;6;8;5;8;4;8;3;8;2;8;1;8
1;3;14;0;16;9;16;9;16;8;15;8;14;8;13;8;12;8;11;8;10;8;9;8;8;8;7;8;6;8;5;8;4;8;3;8;2;8;1;8;0;8
1;0;14;0;16;9;16;8;15;8;14;8;13;8;12;8;11;8;10;8;9;8;8;8;7;8;6;8;5;8;4;8;3;8;2;8;1;8;0;8;0;7
1;1;14;0;16;8;15;8;14;8;13;8;12;8;11;8;10;8;9;8;8;8;7;8;6;8;5;8;4;8;3;8;2;8;1;8;0;8;0;7;1;7
1;1;14;0;15;8;14;8;13;8;12;8;11;8;10;8;9;8;8;8;7;8;6;8;5;8;4;8;3;8;2;8;1;8;0;8;0;7;1;7;2;7
1;1;14;0;14;8;13;8;12;8;11;8;10;8;9;8;8;8;7;8;6;8;5;8;4;8;3;8;2;8;1;8;0;8;0;7;1;7;2;7;3;7
1;1;14;0;13;8;12;8;11;8;10;8;9;8;8;8;7;8;6;8;5;8;4;8;3;8;2;8;1;8;0;8;0;7;1;7;2;7;3;7;4;7
1;1;14;0;12;8;11;8;10;8;9;8;8;8;7;8;6;8;5;8;4;8;3;8;2;8;1;8;0;8;0;7;1;7;2;7;3;7;4;7;5;7
1;1;14;0;11;8;10;8;9;8;8;8;7;8;6;8;5;8;4;8;3;8;2;8;1;8;0;8;0;7;1;7;2;7;3;7;4;7;5;7;6;7
1;1;14;0;10;8;9;8;8;8;7;8;6;8;5;8;4;8;3;8;2;8;1;8;0;8;0;7;1;7;2;7;3;7;4;7;5;7;6;7;7;7
1;1;14;0;9;8;8;8;7;8;6;8;5;8;4;8;3;8;2;8;1;8;0;8;0;7;1;7;2;7;3;7;4;7;5;7;6;7;7;7;8;7
1;1;14;0;8;8;7;8;6;8;5;8;4;8;3;8;2;8;1;8;0;8;0;7;1;7;2;7;3;7;4;7;5;7;6;7;7;7;8;7;9;7
1;1;14;0;7;8;6;8;5;8;4;8;3;8;2;8;1;8;0;8;0;7;1;7;2;7;3;7;4;7;5;7;6;7;7;7;8;7;9;7;10;7
1;1;14;0;6;8;5;8;4;8;3;8;2;8;1;8;0;8;0;7;1;7;2;7;3;7;4;7;5;7;6;7;7;7;8;7;9;7;10;7;11;7
1;1;14;0;5;8;4;8;3;8;2;8;1;8;0;8;0;7;1;7;2;7;3;7;4;7;5;7;6;7;7;7;8;7;9;7;10;7;11;7;12;7
1;1;14;0;4;8;3;8;2;8;1;8;0;8;0;7;1;7;2;7;3;7;4;7;5;7;6;7;7;7;8;7;9;7;10;7;11;7;12;7;13;7
1;1;14;0;3;8;2;8;1;8;0;8;0;7;1;7;2;7;3;7;4;7;5;7;6;7;7;7;8;7;9;7;10;7;11;7;12;7;13;7;14;7
1;0;14;0;2;8;1;8;0;8;0;7;1;7;2;7;3;7;4;7;5;7;6;7;7;7;8;7;9;7;10;7;11;7;12;7;13;7;14;7;14;6
1;0;14;0;1;8;0;8;0;7;1;7;2;7;3;7;4;7;5;7;6;7;7;7;8;7;9;7;10;7;11;7;12;7;13;7;14;7;14;6;14;5
1;0;14;0;0;8;0;7;1;7;2;7;3;7;4;7;5;7;6;7;7;7;8;7;9;7;10;7;11;7;12;7;13;7;14;7;14;6;14;5;14;4
1;0;14;0;0;7;1;7;2;7;3;7;4;7;5;7;6;7;7;7;8;7;9;7;10;7;11;7;12;7;13;7;14;7;14;6;14;5;14;4;14;3
1;0;14;0;1;7;2;7;3;7;4;7;5;7;6;7;7;7;8;7;9;7;10;7;11;7;12;7;13;7;14;7;14;6;14;5;14;4;14;3;14;2
1;0;14;0;2;7;3;7;4;7;5;7;6;7;7;7;8;7;9;7;10;7;11;7;12;7;13;7;14;7;14;6;14;5;14;4;14;3;14;2;14;1
1;0;0;3;3;7;3;7;4;7;5;7;6;7;7;7;8;7;9;7;10;7;11;7;12;7;13;7;14;7;14;6;14;5;14;4;14;3;14;2;14;1;14;0
1;3;0;3;3;7;4;7;5;7;6;7;7;7;8;7;9;7;10;7;11;7;12;7;13;7;14;7;14;6;14;5;14;4;14;3;14;2;14;1;14;0;13;0
1;3;0;3;4;7;5;7;6;7;7;7;8;7;9;7;10;7;11;7;12;7;13;7;14;7;14;6;14;5;14;4;14;3;14;2;14;1;14;0;13;0;12;0
1;3;0;3;5;7;6;7;7;7;8;7;9;7;10;7;11;7;12;7;13;7;14;7;14;6;14;5;14;4;14;3;14;2;14;1;14;0;13;0;12;0;11;0
1;3;0;3;6;7;7;7;8;7;9;7;10;7;11;7;12;7;13;7;14;7;14;6;14;5;14;4;14;3;14;2;14;1;14;0;13;0;12;0;11;0;10;0
1;2;0;3;7;7;8;7;9;7;10;7;11;7;12;7;13;7;14;7;14;6;14;5;14;4;14;3;14;2;14;1;14;0;13;0;12;0;11;0;10;0;10;1
1;2;0;3;8;7;9;7;10;7;11;7;12;7;13;7;14;7;14;6;14;5;14;4;14;3;14;2;14;1;14;0;13;0;12;0;11;0;10;0;10;1;10;2
1;2;0;3;9;7;10;7;11;7;12;7;13;7;14;7;14;6;14;5;14;4;14;3;14;2;14;1;14;0;13;0;12;0;11;0;10;0;10;1;10;2;10;3
1;3;0;3;10;7;11;7;12;7;13;7;14;7;14;6;14;5;14;4;14;3;14;2;14;1;14;0;13;0;12;0;11;0;10;0;10;1;10;2;10;3;9;3
1;3;0;3;11;7;12;7;13;7;14;7;14;6;14;5;14;4;14;3;14;2;14;1;14;0;13;0;12;0;11;0;10;0;10;1;10;2;10;3;9;3;8;3
1;3;0;3;12;7;13;7;14;7;14;6;14;5;14;4;14;3;14;2;14;1;14;0;13;0;12;0;11;0;10;0;10;1;10;2;10;3;9;3;8;3;7;3
1;3;0;3;13;7;14;7;14;6;14;5;14;4;14;3;14;2;14;1;14;0;13;0;12;0;11;0;10;0;10;1;10;2;10;3;9;3;8;3;7;3;6;3
1;3;0;3;14;7;14;6;14;5;14;4;14;3;14;2;14;1;14;0;13;0;12;0;11;0;10;0;10;1;10;2;10;3;9;3;8;3;7;3;6;3;5;3
1;3;0;3;14;6;14;5;14;4;14;3;14;2;14;1;14;0;13;0;12;0;11;0;10;0;10;1;10;2;10;3;9;3;8;3;7;3;6;3;5;3;4;3
1;3;0;3;14;5;14;4;14;3;14;2;14;1;14;0;13;0;12;0;11;0;10;0;10;1;10;2;10;3;9;3;8;3;7;3;6;3;5;3;4;3;3;3
1;3;0;3;14;4;14;3;14;2;14;1;14;0;13;0;12;0;11;0;10;0;10;1;10;2;10;3;9;3;8;3;7;3;6;3;5;3;4;3;3;3;2;3
1;3;0;3;14;3;14;2;14;1;14;0;13;0;12;0;11;0;10;0;10;1;10;2;10;3;9;3;8;3;7;3;6;3;5;3;4;3;3;3;2;3;1;3
1;3;2;9;14;2;14;2;14;1;14;0;13;0;12;0;11;0;10;0;10;1;10;2;10;3;9;3;8;3;7;3;6;3;5;3;4;3;3;3;2;3;1;3;0;3
1;2;2;9;14;2;14;1;14;0;13;0;12;0;11;0;10;0;10;1;10;2;10;3;9;3;8;3;7;3;6;3;5;3;4;3;3;3;2;3;1;3;0;3;0;4
1;2;2;9;14;1;14;0;13;0;12;0;11;0;10;0;10;1;10;2;10;3;9;3;8;3;7;3;6;3;5;3;4;3;3;3;2;3;1;3;0;3;0;4;0;5
1;2;2;9;14;0;13;0;12;0;11;0;10;0;10;1;10;2;10;3;9;3;8;3;7;3;6;3;5;3;4;3;3;3;2;3;1;3;0;3;0;4;0;5;0;6
1;2;2;9;13;0;12;0;11;0;10;0;10;1;10;2;10;3;9;3;8;3;7;3;6;3;5;3;4;3;3;3;2;3;1;3;0;3;0;4;0;5;0;6;0;7
1;2;2;9;12;0;11;0;10;0;10;1;10;2;10;3;9;3;8;3;7;3;6;3;5;3;4;3;3;3;2;3;1;3;0;3;0;4;0;5;0;6;0;7;0;8
1;2;2;9;11;0;10;0;10;1;10;2;10;3;9;3;8;3;7;3;6;3;5;3;4;3;3;3;2;3;1;3;0;3;0;4;0;5;0;6;0;7;0;8;0;9
1;1;2;9;10;0;10;1;10;2;10;3;9;3;8;3;7;3;6;3;5;3;4;3;3;3;2;3;1;3;0;3;0;4;0;5;0;6;0;7;0;8;0;9;1;9
1;0;2;9;10;1;10;2;10;3;9;3;8;3;7;3;6;3;5;3;4;3;3;3;2;3;1;3;0;3;0;4;0;5;0;6;0;7;0;8;0;9;1;9;1;8
1;1;2;9;10;2;10;3;9;3;8;3;7;3;6;3;5;3;4;3;3;3;2;3;1;3;0;3;0;4;0;5;0;6;0;7;0;8;0;9;1;9;1;8;2;8
1;1;2;9;10;3;9;3;8;3;7;3;6;3;5;3;4;3;3;3;2;3;1;3;0;3;0;4;0;5;0;6;0;7;0;8;0;9;1;9;1;8;2;8;3;8
1;1;2;9;9;3;8;3;7;3;6;3;5;3;4;3;3;3;2;3;1;3;0;3;0;4;0;5;0;6;0;7;0;8;0;9;1;9;1;8;2;8;3;8;4;8
1;1;2;9;8;3;7;3;6;3;5;3;4;3;3;3;2;3;1;3;0;3;0;4;0;5;0;6;0;7;0;8;0;9;1;9;1;8;2;8;3;8;4;8;5;8
1;2;2;9;7;3;6;3;5;3;4;3;3;3;2;3;1;3;0;3;0;4;0;5;0;6;0;7;0;8;0;9;1;9;1;8;2;8;3;8;4;8;5;8;5;9
1;3;2;9;6;3;5;3;4;3;3;3;2;3;1;3;0;3;0;4;0;5;0;6;0;7;0;8;0;9;1;9;1;8;2;8;3;8;4;8;5;8;5;9;4;9
1;3;2;9;5;3;4;3;3;3;2;3;1;3;0;3;0;4;0;5;0;6;0;7;0;8;0;9;1;9;1;8;2;8;3;8;4;8;5;8;5;9;4;9;3;9
1;3;6;11;4;3;4;3;3;3;2;3;1;3;0;3;0;4;0;5;0;6;0;7;0;8;0;9;1;9;1;8;2;8;3;8;4;8;5;8;5;9;4;9;3;9;2;9
1;2;6;11;4;3;3;3;2;3;1;3;0;3;0;4;0;5;0;6;0;7;0;8;0;9;1;9;1;8;2;8;3;8;4;8;5;8;5;9;4;9;3;9;2;9;2;10
1;2;6;11;3;3;2;3;1;3;0;3;0;4;0;5;0;6;0;7;0;8;0;9;1;9;1;8;2;8;3;8;4;8;5;8;5;9;4;9;3;9;2;9;2;10;2;11
1;1;6;11;2;3;1;3;0;3;0;4;0;5;0;6;0;7;0;8;0;9;1;9;1;8;2;8;3;8;4;8;5;8;5;9;4;9;3;9;2;9;2;10;2;11;3;11
1;2;6;11;1;3;0;3;0;4;0;5;0;6;0;7;0;8;0;9;1;9;1;8;2;8;3;8;4;8;5;8;5;9;4;9;3;9;2;9;2;10;2;11;3;11;3;12
1;1;6;11;0;3;0;4;0;5;0;6;0;7;0;8;0;9;1;9;1;8;2;8;3;8;4;8;5;8;5;9;4;9;3;9;2;9;2;10;2;11;3;11;3;12;4;12
1;1;6;11;0;4;0;5;0;6;0;7;0;8;0;9;1;9;1;8;2;8;3;8;4;8;5;8;5;9;4;9;3;9;2;9;2;10;2;11;3;11;3;12;4;12;5;12
1;1;6;11;0;5;0;6;0;7;0;8;0;9;1;9;1;8;2;8;3;8;4;8;5;8;5;9;4;9;3;9;2;9;2;10;2;11;3;11;3;12;4;12;5;12;6;12
1;0;7;7;0;6;0;6;0;7;0;8;0;9;1;9;1;8;2;8;3;8;4;8;5;8;5;9;4;9;3;9;2;9;2;10;2;11;3;11;3;12;4;12;5;12;6;12;6;11
1;1;7;7;0;6;0;7;0;8;0;9;1;9;1;8;2;8;3;8;4;8;5;8;5;9;4;9;3;9;2;9;2;10;2;11;3;11;3;12;4;12;5;12;6;12;6;11;7;11
1;0;7;7;0;7;0;8;0;9;1;9;1;8;2;8;3;8;4;8;5;8;5;9;4;9;3;9;2;9;2;10;2;11;3;11;3;12;4;12;5;12;6;12;6;11;7;11;7;10
1;0;7;7;0;8;0;9;1;9;1;8;2;8;3;8;4;8;5;8;5;9;4;9;3;9;2;9;2;10;2;11;3;11;3;12;4;12;5;12;6;12;6;11;7;11;7;10;7;9
1;0;7;7;0;9;1;9;1;8;2;8;3;8;4;8;5;8;5;9;4;9;3;9;2;9;2;10;2;11;3;11;3;12;4;12;5;12;6;12;6;11;7;11;7;10;7;9;7;8
1;1;7;7;1;9;1;8;2;8;3;8;4;8;5;8;5;9;4;9;3;9;2;9;2;10;2;11;3;11;3;12;4;12;5;12;6;12;6;11;7;11;7;10;7;9;7;8;8;8
1;0;7;7;1;8;2;8;3;8;4;8;5;8;5;9;4;9;3;9;2;9;2;10;2;11;3;11;3;12;4;12;5;12;6;12;6;11;7;11;7;10;7;9;7;8;8;8;8;7
1;3;14;3;2;8;2;8;3;8;4;8;5;8;5;9;4;9;3;9;2;9;2;10;2;11;3;11;3;12;4;12;5;12;6;12;6;11;7;11;7;10;7;9;7;8;8;8;8;7;7;7
1;0;14;3;2;8;3;8;4;8;5;8;5;9;4;9;3;9;2;9;2;10;2;11;3;11;3;12;4;12;5;12;6;12;6;11;7;11;7;10;7;9;7;8;8;8;8;7;7;7;7;6
1;0;14;3;3;8;4;8;5;8;5;9;4;9;3;9;2;9;2;10;2;11;3;11;3;12;4;12;5;12;6;12;6;11;7;11;7;10;7;9;7;8;8;8;8;7;7;7;7;6;7;5
1;0;14;3;4;8;5;8;5;9;4;9;3;9;2;9;2;10;2;11;3;11;3;12;4;12;5;12;6;12;6;11;7;11;7;10;7;9;7;8;8;8;8;7;7;7;7;6;7;5;7;4
1;0;14;3;5;8;5;9;4;9;3;9;2;9;2;10;2;11;3;11;3;12;4;12;5;12;6;12;6;11;7;11;7;10;7;9;7;8;8;8;8;7;7;7;7;6;7;5;7;4;7;3
1;1;14;3;5;9;4;9;3;9;2;9;2;10;2;11;3;11;3;12;4;12;5;12;6;12;6;11;7;11;7;10;7;9;7;8;8;8;8;7;7;7;7;6;7;5;7;4;7;3;8;3
1;1;14;3;4;9;3;9;2;9;2;10;2;11;3;11;3;12;4;12;5;12;6;12;6;11;7;11;7;10;7;9;7;8;8;8;8;7;7;7;7;6;7;5;7;4;7;3;8;3;9;3
1;1;14;3;3;9;2;9;2;10;2;11;3;11;3;12;4;12;5;12;6;12;6;11;7;11;7;10;7;9;7;8;8;8;8;7;7;7;7;6;7;5;7;4;7;3;8;3;9;3;10;3
1;1;14;3;2;9;2;10;2;11;3;11;3;12;4;12;5;12;6;12;6;11;7;11;7;10;7;9;7;8;8;8;8;7;7;7;7;6;7;5;7;4;7;3;8;3;9;3;10;3;11;3
1;1;14;3;2;10;2;11;3;11;3;12;4;12;5;12;6;12;6;11;7;11;7;10;7;9;7;8;8;8;8;7;7;7;7;6;7;5;7;4;7;3;8;3;9;3;10;3;11;3;12;3
1;1;14;3;2;11;3;11;3;12;4;12;5;12;6;12;6;11;7;11;7;10;7;9;7;8;8;8;8;7;7;7;7;6;7;5;7;4;7;3;8;3;9;3;10;3;11;3;12;3;13;3
1;1;0;10;3;11;3;11;3;12;4;12;5;12;6;12;6;11;7;11;7;10;7;9;7;8;8;8;8;7;7;7;7;6;7;5;7;4;7;3;8;3;9;3;10;3;11;3;12;3;13;3;14;3
1;2;0;10;3;11;3;12;4;12;5;12;6;12;6;11;7;11;7;10;7;9;7;8;8;8;8;7;7;7;7;6;7;5;7;4;7;3;8;3;9;3;10;3;11;3;12;3;13;3;14;3;14;4
1;2;0;10;3;12;4;12;5;12;6;12;6;11;7;11;7;10;7;9;7;8;8;8;8;7;7;7;7;6;7;5;7;4;7;3;8;3;9;3;10;3;11;3;12;3;13;3;14;3;14;4;14;5
1;2;0;10;4;12;5;12;6;12;6;11;7;11;7;10;7;9;7;8;8;8;8;7;7;7;7;6;7;5;7;4;7;3;8;3;9;3;10;3;11;3;12;3;13;3;14;3;14;4;14;5;14;6
1;2;0;10;5;12;6;12;6;11;7;11;7;10;7;9;7;8;8;8;8;7;7;7;7;6;7;5;7;4;7;3;8;3;9;3;10;3;11;3;12;3;13;3;14;3;14;4;14;5;14;6;14;7
1;2;0;10;6;12;6;11;7;11;7;10;7;9;7;8;8;8;8;7;7;7;7;6;7;5;7;4;7;3;8;3;9;3;10;3;11;3;12;3;13;3;14;3;14;4;14;5;14;6;14;7;14;8
1;2;0;10;6;11;7;11;7;10;7;9;7;8;8;8;8;7;7;7;7;6;7;5;7;4;7;3;8;3;9;3;10;3;11;3;12;3;13;3;14;3;14;4;14;5;14;6;14;7;14;8;14;9
1;2;0;10;7;11;7;10;7;9;7;8;8;8;8;7;7;7;7;6;7;5;7;4;7;3;8;3;9;3;10;3;11;3;12;3;13;3;14;3;14;4;14;5;14;6;14;7;14;8;14;9;14;10
1;3;0;10;7;10;7;9;7;8;8;8;8;7;7;7;7;6;7;5;7;4;7;3;8;3;9;3;10;3;11;3;12;3;13;3;14;3;14;4;14;5;14;6;14;7;14;8;14;9;14;10;13;10
1;3;0;10;7;9;7;8;8;8;8;7;7;7;7;6;7;5;7;4;7;3;8;3;9;3;10;3;11;3;12;3;13;3;14;3;14;4;14;5;14;6;14;7;14;8;14;9;14;10;13;10;12;10
1;3;0;10;7;8;8;8;8;7;7;7;7;6;7;5;7;4;7;3;8;3;9;3;10;3;11;3;12;3;13;3;14;3;14;4;14;5;14;6;14;7;14;8;14;9;14;10;13;10;12;10;11;10
1;3;0;10;8;8;8;7;7;7;7;6;7;5;7;4;7;3;8;3;9;3;10;3;11;3;12;3;13;3;14;3;14;4;14;5;14;6;14;7;14;8;14;9;14;10;13;10;12;10;11;10;10;10
1;3;0;10;8;7;7;7;7;6;7;5;7;4;7;3;8;3;9;3;10;3;11;3;12;3;13;3;14;3;14;4;14;5;14;6;14;7;14;8;14;9;14;10;13;10;12;10;11;10;10;10;9;10
1;3;0;10;7;7;7;6;7;5;7;4;7;3;8;3;9;3;10;3;11;3;12;3;13;3;14;3;14;4;14;5;14;6;14;7;14;8;14;9;14;10;13;10;12;10;11;10;10;10;9;10;8;10
1;3;0;10;7;6;7;5;7;4;7;3;8;3;9;3;10;3;11;3;12;3;13;3;14;3;14;4;14;5;14;6;14;7;14;8;14;9;14;10;13;10;12;10;11;10;10;10;9;10;8;10;7;10
1;3;0;10;7;5;7;4;7;3;8;3;9;3;10;3;11;3;12;3;13;3;14;3;14;4;14;5;14;6;14;7;14;8;14;9;14;10;13;10;12;10;11;10;10;10;9;10;8;10;7;10;6;10
1;3;0;10;7;4;7;3;8;3;9;3;10;3;11;3;12;3;13;3;14;3;14;4;14;5;14;6;14;7;14;8;14;9;14;10;13;10;12;10;11;10;10;10;9;10;8;10;7;10;6;10;5;10
1;3;0;10;7;3;8;3;9;3;10;3;11;3;12;3;13;3;14;3;14;4;14;5;14;6;14;7;14;8;14;9;14;10;13;10;12;10;11;10;10;10;9;10;8;10;7;10;6;10;5;10;4;10
1;3;0;10;8;3;9;3;10;3;11;3;12;3;13;3;14;3;14;4;14;5;14;6;14;7;14;8;14;9;14;10;13;10;12;10;11;10;10;10;9;10;8;10;7;10;6;10;5;10;4;10;3;10
1;3;0;10;9;3;10;3;11;3;12;3;13;3;14;3;14;4;14;5;14;6;14;7;14;8;14;9;14;10;13;10;12;10;11;10;10;10;9;10;8;10;7;10;6;10;5;10;4;10;3;10;2;10
1;3;0;10;10;3;11;3;12;3;13;3;14;3;14;4;14;5;14;6;14;7;14;8;14;9;14;10;13;10;12;10;11;10;10;10;9;10;8;10;7;10;6;10;5;10;4;10;3;10;2;10;1;10
1;3;9;7;11;3;11;3;12;3;13;3;14;3;14;4;14;5;14;6;14;7;14;8;14;9;14;10;13;10;12;10;11;10;10;10;9;10;8;10;7;10;6;10;5;10;4;10;3;10;2;10;1;10;0;10
1;0;9;7;11;3;12;3;13;3;14;3;14;4;14;5;14;6;14;7;14;8;14;9;14;10;13;10;12;10;11;10;10;10;9;10;8;10;7;10;6;10;5;10;4;10;3;10;2;10;1;10;0;10;0;9
1;0;9;7;12;3;13;3;14;3;14;4;14;5;14;6;14;7;14;8;14;9;14;10;13;10;12;10;11;10;10;10;9;10;8;10;7;10;6;10;5;10;4;10;3;10;2;10;1;10;0;10;0;9;0;8
1;0;9;7;13;3;14;3;14;4;14;5;14;6;14;7;14;8;14;9;14;10;13;10;12;10;11;10;10;10;9;10;8;10;7;10;6;10;5;10;4;10;3;10;2;10;1;10;0;10;0;9;0;8;0;7
1;1;9;7;14;3;14;4;14;5;14;6;14;7;14;8;14;9;14;10;13;10;12;10;11;10;10;10;9;10;8;10;7;10;6;10;5;10;4;10;3;10;2;10;1;10;0;10;0;9;0;8;0;7;1;7
1;2;9;7;14;4;14;5;14;6;14;7;14;8;14;9;14;10;13;10;12;10;11;10;10;10;9;10;8;10;7;10;6;10;5;10;4;10;3;10;2;10;1;10;0;10;0;9;0;8;0;7;1;7;1;8
1;1;9;7;14;5;14;6;14;7;14;8;14;9;14;10;13;10;12;10;11;10;10;10;9;10;8;10;7;10;6;10;5;10;4;10;3;10;2;10;1;10;0;10;0;9;0;8;0;7;1;7;1;8;2;8
1;1;9;7;14;6;14;7;14;8;14;9;14;10;13;10;12;10;11;10;10;10;9;10;8;10;7;10;6;10;5;10;4;10;3;10;2;10;1;10;0;10;0;9;0;8;0;7;1;7;1;8;2;8;3;8
1;1;9;7;14;7;14;8;14;9;14;10;13;10;12;10;11;10;10;10;9;10;8;10;7;10;6;10;5;10;4;10;3;10;2;10;1;10;0;10;0;9;0;8;0;7;1;7;1;8;2;8;3;8;4;8
1;1;9;7;14;8;14;9;14;10;13;10;12;10;11;10;10;10;9;10;8;10;7;10;6;10;5;10;4;10;3;10;2;10;1;10;0;10;0;9;0;8;0;7;1;7;1;8;2;8;3;8;4;8;5;8
1;1;9;7;14;9;14;10;13;10;12;10;11;10;10;10;9;10;8;10;7;10;6;10;5;10;4;10;3;10;2;10;1;10;0;10;0;9;0;8;0;7;1;7;1;8;2;8;3;8;4;8;5;8;6;8
1;1;9;7;14;10;13;10;12;10;11;10;10;10;9;10;8;10;7;10;6;10;5;10;4;10;3;10;2;10;1;10;0;10;0;9;0;8;0;7;1;7;1;8;2;8;3;8;4;8;5;8;6;8;7;8
1;1;9;7;13;10;12;10;11;10;10;10;9;10;8;10;7;10;6;10;5;10;4;10;3;10;2;10;1;10;0;10;0;9;0;8;0;7;1;7;1;8;2;8;3;8;4;8;5;8;6;8;7;8;8;8
1;1;9;7;12;10;11;10;10;10;9;10;8;10;7;10;6;10;5;10;4;10;3;10;2;10;1;10;0;10;0;9;0;8;0;7;1;7;1;8;2;8;3;8;4;8;5;8;6;8;7;8;8;8;9;8
1;1;9;7;11;10;10;10;9;10;8;10;7;10;6;10;5;10;4;10;3;10;2;10;1;10;0;10;0;9;0;8;0;7;1;7;1;8;2;8;3;8;4;8;5;8;6;8;7;8;8;8;9;8;10;8
1;0;9;7;10;10;9;10;8;10;7;10;6;10;5;10;4;10;3;10;2;10;1;10;0;10;0;9;0;8;0;7;1;7;1;8;2;8;3;8;4;8;5;8;6;8;7;8;8;8;9;8;10;8;10;7
1;3;4;3;9;10;9;10;8;10;7;10;6;10;5;10;4;10;3;10;2;10;1;10;0;10;0;9;0;8;0;7;1;7;1;8;2;8;3;8;4;8;5;8;6;8;7;8;8;8;9;8;10;8;10;7;9;7
1;3;4;3;9;10;8;10;7;10;6;10;5;10;4;10;3;10;2;10;1;10;0;10;0;9;0;8;0;7;1;7;1;8;2;8;3;8;4;8;5;8;6;8;7;8;8;8;9;8;10;8;10;7;9;7;8;7
1;3;4;3;8;10;7;10;6;10;5;10;4;10;3;10;2;10;1;10;0;10;0;9;0;8;0;7;1;7;1;8;2;8;3;8;4;8;5;8;6;8;7;8;8;8;9;8;10;8;10;7;9;7;8;7;7;7
1;3;4;3;7;10;6;10;5;10;4;10;3;10;2;10;1;10;0;10;0;9;0;8;0;7;1;7;1;8;2;8;3;8;4;8;5;8;6;8;7;8;8;8;9;8;10;8;10;7;9;7;8;7;7;7;6;7
1;3;4;3;6;10;5;10;4;10;3;10;2;10;1;10;0;10;0;9;0;8;0;7;1;7;1;8;2;8;3;8;4;8;5;8;6;8;7;8;8;8;9;8;10;8;10;7;9;7;8;7;7;7;6;7;5;7
1;3;4;3;5;10;4;10;3;10;2;10;1;10;0;10;0;9;0;8;0;7;1;7;1;8;2;8;3;8;4;8;5;8;6;8;7;8;8;8;9;8;10;8;10;7;9;7;8;7;7;7;6;7;5;7;4;7
1;0;4;3;4;10;3;10;2;10;1;10;0;10;0;9;0;8;0;7;1;7;1;8;2;8;3;8;4;8;5;8;6;8;7;8;8;8;9;8;10;8;10;7;9;7;8;7;7;7;6;7;5;7;4;7;4;6
1;0;4;3;3;10;2;10;1;10;0;10;0;9;0;8;0;7;1;7;1;8;2;8;3;8;4;8;5;8;6;8;7;8;8;8;9;8;10;8;10;7;9;7;8;7;7;7;6;7;5;7;4;7;4;6;4;5
1;0;4;3;2;10;1;10;0;10;0;9;0;8;0;7;1;7;1;8;2;8;3;8;4;8;5;8;6;8;7;8;8;8;9;8;10;8;10;7;9;7;8;7;7;7;6;7;5;7;4;7;4;6;4;5;4;4
1;0;18;12;1;10;1;10;0;10;0;9;0;8;0;7;1;7;1;8;2;8;3;8;4;8;5;8;6;8;7;8;8;8;9;8;10;8;10;7;9;7;8;7;7;7;6;7;5;7;4;7;4;6;4;5;4;4;4;3
1;1;18;12;1;10;0;10;0;9;0;8;0;7;1;7;1;8;2;8;3;8;4;8;5;8;6;8;7;8;8;8;9;8;10;8;10;7;9;7;8;7;7;7;6;7;5;7;4;7;4;6;4;5;4;4;4;3;5;3
1;1;18;12;0;10;0;9;0;8;0;7;1;7;1;8;2;8;3;8;4;8;5;8;6;8;7;8;8;8;9;8;10;8;10;7;9;7;8;7;7;7;6;7;5;7;4;7;4;6;4;5;4;4;4;3;5;3;6;3
1;1;18;12;0;9;0;8;0;7;1;7;1;8;2;8;3;8;4;8;5;8;6;8;7;8;8;8;9;8;10;8;10;7;9;7;8;7;7;7;6;7;5;7;4;7;4;6;4;5;4;4;4;3;5;3;6;3;7;3
1;1;18;12;0;8;0;7;1;7;1;8;2;8;3;8;4;8;5;8;6;8;7;8;8;8;9;8;10;8;10;7;9;7;8;7;7;7;6;7;5;7;4;7;4;6;4;5;4;4;4;3;5;3;6;3;7;3;8;3
1;1;18;12;0;7;1;7;1;8;2;8;3;8;4;8;5;8;6;8;7;8;8;8;9;8;10;8;10;7;9;7;8;7;7;7;6;7;5;7;4;7;4;6;4;5;4;4;4;3;5;3;6;3;7;3;8;3;9;3
1;1;18;12;1;7;1;8;2;8;3;8;4;8;5;8;6;8;7;8;8;8;9;8;10;8;10;7;9;7;8;7;7;7;6;7;5;7;4;7;4;6;4;5;4;4;4;3;5;3;6;3;7;3;8;3;9;3;10;3
1;1;18;12;1;8;2;8;3;8;4;8;5;8;6;8;7;8;8;8;9;8;10;8;10;7;9;7;8;7;7;7;6;7;5;7;4;7;4;6;4;5;4;4;4;3;5;3;6;3;7;3;8;3;9;3;10;3;11;3
1;1;18;12;2;8;3;8;4;8;5;8;6;8;7;8;8;8;9;8;10;8;10;7;9;7;8;7;7;7;6;7;5;7;4;7;4;6;4;5;4;4;4;3;5;3;6;3;7;3;8;3;9;3;10;3;11;3;12;3
1;1;18;12;3;8;4;8;5;8;6;8;7;8;8;8;9;8;10;8;10;7;9;7;8;7;7;7;6;7;5;7;4;7;4;6;4;5;4;4;4;3;5;3;6;3;7;3;8;3;9;3;10;3;11;3;12;3;13;3
1;1;18;12;4;8;5;8;6;8;7;8;8;8;9;8;10;8;10;7;9;7;8;7;7;7;6;7;5;7;4;7;4;6;4;5;4;4;4;3;5;3;6;3;7;3;8;3;9;3;10;3;11;3;12;3;13;3;14;3
1;1;18;12;5;8;6;8;7;8;8;8;9;8;10;8;10;7;9;7;8;7;7;7;6;7;5;7;4;7;4;6;4;5;4;4;4;3;5;3;6;3;7;3;8;3;9;3;10;3;11;3;12;3;13;3;14;3;15;3
1;1;18;12;6;8;7;8;8;8;9;8;10;8;10;7;9;7;8;7;7;7;6;7;5;7;4;7;4;6;4;5;4;4;4;3;5;3;6;3;7;3;8;3;9;3;10;3;11;3;12;3;13;3;14;3;15;3;16;3
1;1;18;12;7;8;8;8;9;8;10;8;10;7;9;7;8;7;7;7;6;7;5;7;4;7;4;6;4;5;4;4;4;3;5;3;6;3;7;3;8;3;9;3;10;3;11;3;12;3;13;3;14;3;15;3;16;3;17;3
1;1;18;12;8;8;9;8;10;8;10;7;9;7;8;7;7;7;6;7;5;7;4;7;4;6;4;5;4;4;4;3;5;3;6;3;7;3;8;3;9;3;10;3;11;3;12;3;13;3;14;3;15;3;16;3;17;3;18;3
1;2;18;12;9;8;10;8;10;7;9;7;8;7;7;7;6;7;5;7;4;7;4;6;4;5;4;4;4;3;5;3;6;3;7;3;8;3;9;3;10;3;11;3;12;3;13;3;14;3;15;3;16;3;17;3;18;3;18;4
1;2;18;12;10;8;10;7;9;7;8;7;7;7;6;7;5;7;4;7;4;6;4;5;4;4;4;3;5;3;6;3;7;3;8;3;9;3;10;3;11;3;12;3;13;3;14;3;15;3;16;3;17;3;18;3;18;4;18;5
1;2;18;12;10;7;9;7;8;7;7;7;6;7;5;7;4;7;4;6;4;5;4;4;4;3;5;3;6;3;7;3;8;3;9;3;10;3;11;3;12;3;13;3;14;3;15;3;16;3;17;3;18;3;18;4;18;5;18;6
1;2;18;12;9;7;8;7;7;7;6;7;5;7;4;7;4;6;4;5;4;4;4;3;5;3;6;3;7;3;8;3;9;3;10;3;11;3;12;3;13;3;14;3;15;3;16;3;17;3;18;3;18;4;18;5;18;6;18;7
1;2;18;12;8;7;7;7;6;7;5;7;4;7;4;6;4;5;4;4;4;3;5;3;6;3;7;3;8;3;9;3;10;3;11;3;12;3;13;3;14;3;15;3;16;3;17;3;18;3;18;4;18;5;18;6;18;7;18;8
1;2;18;12;7;7;6;7;5;7;4;7;4;6;4;5;4;4;4;3;5;3;6;3;7;3;8;3;9;3;10;3;11;3;12;3;13;3;14;3;15;3;16;3;17;3;18;3;18;4;18;5;18;6;18;7;18;8;18;9
1;2;18;12;6;7;5;7;4;7;4;6;4;5;4;4;4;3;5;3;6;3;7;3;8;3;9;3;10;3;11;3;12;3;13;3;14;3;15;3;16;3;17;3;18;3;18;4;18;5;18;6;18;7;18;8;18;9;18;10
1;2;18;12;5;7;4;7;4;6;4;5;4;4;4;3;5;3;6;3;7;3;8;3;9;3;10;3;11;3;12;3;13;3;14;3;15;3;16;3;17;3;18;3;18;4;18;5;18;6;18;7;18;8;18;9;18;10;18;11
1;2;0;14;4;7;4;7;4;6;4;5;4;4;4;3;5;3;6;3;7;3;8;3;9;3;10;3;11;3;12;3;13;3;14;3;15;3;16;3;17;3;18;3;18;4;18;5;18;6;18;7;18;8;18;9;18;10;18;11;18;12
1;2;0;14;4;7;4;6;4;5;4;4;4;3;5;3;6;3;7;3;8;3;9;3;10;3;11;3;12;3;13;3;14;3;15;3;16;3;17;3;18;3;18;4;18;5;18;6;18;7;18;8;18;9;18;10;18;11;18;12;18;13
1;2;0;14;4;6;4;5;4;4;4;3;5;3;6;3;7;3;8;3;9;3;10;3;11;3;12;3;13;3;14;3;15;3;16;3;17;3;18;3;18;4;18;5;18;6;18;7;18;8;18;9;18;10;18;11;18;12;18;13;18;14
1;3;0;14;4;5;4;4;4;3;5;3;6;3;7;3;8;3;9;3;10;3;11;3;12;3;13;3;14;3;15;3;16;3;17;3;18;3;18;4;18;5;18;6;18;7;18;8;18;9;18;10;18;11;18;12;18;13;18;14;17;14
1;0;0;14;4;4;4;3;5;3;6;3;7;3;8;3;9;3;10;3;11;3;12;3;13;3;14;3;15;3;16;3;17;3;18;3;18;4;18;5;18;6;18;7;18;8;18;9;18;10;18;11;18;12;18;13;18;14;17;14;17;13
1;3;0;14;4;3;5;3;6;3;7;3;8;3;9;3;10;3;11;3;12;3;13;3;14;3;15;3;16;3;17;3;18;3;18;4;18;5;18;6;18;7;18;8;18;9;18;10;18;11;18;12;18;13;18;14;17;14;17;13;16;13
1;2;0;14;5;3;6;3;7;3;8;3;9;3;10;3;11;3;12;3;13;3;14;3;15;3;16;3;17;3;18;3;18;4;18;5;18;6;18;7;18;8;18;9;18;10;18;11;18;12;18;13;18;14;17;14;17;13;16;13;16;14
1;3;0;14;6;3;7;3;8;3;9;3;10;3;11;3;12;3;13;3;14;3;15;3;16;3;17;3;18;3;18;4;18;5;18;6;18;7;18;8;18;9;18;10;18;11;18;12;18;13;18;14;17;14;17;13;16;13;16;14;15;14
1;3;0;14;7;3;8;3;9;3;10;3;11;3;12;3;13;3;14;3;15;3;16;3;17;3;18;3;18;4;18;5;18;6;18;7;18;8;18;9;18;10;18;11;18;12;18;13;18;14;17;14;17;13;16;13;16;14;15;14;14;14
1;3;0;14;8;3;9;3;10;3;11;3;12;3;13;3;14;3;15;3;16;3;17;3;18;3;18;4;18;5;18;6;18;7;18;8;18;9;18;10;18;11;18;12;18;13;18;14;17;14;17;13;16;13;16;14;15;14;14;14;13;14
1;3;0;14;9;3;10;3;11;3;12;3;13;3;14;3;15;3;16;3;17;3;18;3;18;4;18;5;18;6;18;7;18;8;18;9;18;10;18;11;18;12;18;13;18;14;17;14;17;13;16;13;16;14;15;14;14;14;13;14;12;14
1;3;0;14;10;3;11;3;12;3;13;3;14;3;15;3;16;3;17;3;18;3;18;4;18;5;18;6;18;7;18;8;18;9;18;10;18;11;18;12;18;13;18;14;17;14;17;13;16;13;16;14;15;14;14;14;13;14;12;14;11;14
1;3;0;14;11;3;12;3;13;3;14;3;15;3;16;3;17;3;18;3;18;4;18;5;18;6;18;7;18;8;18;9;18;10;18;11;18;12;18;13;18;14;17;14;17;13;16;13;16;14;15;14;14;14;13;14;12;14;11;14;10;14
1;3;0;14;12;3;13;3;14;3;15;3;16;3;17;3;18;3;18;4;18;5;18;6;18;7;18;8;18;9;18;10;18;11;18;12;18;13;18;14;17;14;17;13;16;13;16;14;15;14;14;14;13;14;12;14;11;14;10;14;9;14
1;3;0;14;13;3;14;3;15;3;16;3;17;3;18;3;18;4;18;5;18;6;18;7;18;8;18;9;18;10;18;11;18;12;18;13;18;14;17;14;17;13;16;13;16;14;15;14;14;14;13;14;12;14;11;14;10;14;9;14;8;14
1;3;0;14;14;3;15;3;16;3;17;3;18;3;18;4;18;5;18;6;18;7;18;8;18;9;18;10;18;11;18;12;18;13;18;14;17;14;17;13;16;13;16;14;15;14;14;14;13;14;12;14;11;14;10;14;9;14;8;14;7;14
1;3;0;14;15;3;16;3;17;3;18;3;18;4;18;5;18;6;18;7;18;8;18;9;18;10;18;11;18;12;18;13;18;14;17;14;17;13;16;13;16;14;15;14;14;14;13;14;12;14;11;14;10;14;9;14;8;14;7;14;6;14
1;3;0;14;16;3;17;3;18;3;18;4;18;5;18;6;18;7;18;8;18;9;18;10;18;11;18;12;18;13;18;14;17;14;17;13;16;13;16;14;15;14;14;14;13;14;12;14;11;14;10;14;9;14;8;14;7;14;6;14;5;14
1;3;0;14;17;3;18;3;18;4;18;5;18;6;18;7;18;8;18;9;18;10;18;11;18;12;18;13;18;14;17;14;17;13;16;13;16;14;15;14;14;14;13;14;12;14;11;14;10;14;9;14;8;14;7;14;6;14;5;14;4;14
1;3;0;14;18;3;18;4;18;5;18;6;18;7;18;8;18;9;18;10;18;11;18;12;18;13;18;14;17;14;17;13;16;13;16;14;15;14;14;14;13;14;12;14;11;14;10;14;9;14;8;14;7;14;6;14;5;14;4;14;3;14
1;3;0;14;18;4;18;5;18;6;18;7;18;8;18;9;18;10;18;11;18;12;18;13;18;14;17;14;17;13;16;13;16;14;15;14;14;14;13;14;12;14;11;14;10;14;9;14;8;14;7;14;6;14;5;14;4;14;3;14;2;14
1;3;0;14;18;5;18;6;18;7;18;8;18;9;18;10;18;11;18;12;18;13;18;14;17;14;17;13;16;13;16;14;15;14;14;14;13;14;12;14;11;14;10;14;9;14;8;14;7;14;6;14;5;14;4;14;3;14;2;14;1;14
1;3;9;6;18;6;18;6;18;7;18;8;18;9;18;10;18;11;18;12;18;13;18;14;17;14;17;13;16;13;16;14;15;14;14;14;13;14;12;14;11;14;10;14;9;14;8;14;7;14;6;14;5;14;4;14;3;14;2;14;1;14;0;14
1;0;9;6;18;6;18;7;18;8;18;9;18;10;18;11;18;12;18;13;18;14;17;14;17;13;16;13;16;14;15;14;14;14;13;14;12;14;11;14;10;14;9;14;8;14;7;14;6;14;5;14;4;14;3;14;2;14;1;14;0;14;0;13
1;0;9;6;18;7;18;8;18;9;18;10;18;11;18;12;18;13;18;14;17;14;17;13;16;13;16;14;15;14;14;14;13;14;12;14;11;14;10;14;9;14;8;14;7;14;6;14;5;14;4;14;3;14;2;14;1;14;0;14;0;13;0;12
1;0;9;6;18;8;18;9;18;10;18;11;18;12;18;13;18;14;17;14;17;13;16;13;16;14;15;14;14;14;13;14;12;14;11;14;10;14;9;14;8;14;7;14;6;14;5;14;4;14;3;14;2;14;1;14;0;14;0;13;0;12;0;11
1;0;9;6;18;9;18;10;18;11;18;12;18;13;18;14;17;14;17;13;16;13;16;14;15;14;14;14;13;14;12;14;11;14;10;14;9;14;8;14;7;14;6;14;5;14;4;14;3;14;2;14;1;14;0;14;0;13;0;12;0;11;0;10
1;0;9;6;18;10;18;11;18;12;18;13;18;14;17;14;17;13;16;13;16;14;15;14;14;14;13;14;12;14;11;14;10;14;9;14;8;14;7;14;6;14;5;14;4;14;3;14;2;14;1;14;0;14;0;13;0;12;0;11;0;10;0;9
1;0;9;6;18;11;18;12;18;13;18;14;17;14;17;13;16;13;16;14;15;14;14;14;13;14;12;14;11;14;10;14;9;14;8;14;7;14;6;14;5;14;4;14;3;14;2;14;1;14;0;14;0;13;0;12;0;11;0;10;0;9;0;8
1;0;9;6;18;12;18;13;18;14;17;14;17;13;16;13;16;14;15;14;14;14;13;14;12;14;11;14;10;14;9;14;8;14;7;14;6;14;5;14;4;14;3;14;2;14;1;14;0;14;0;13;0;12;0;11;0;10;0;9;0;8;0;7
1;0;9;6;18;13;18;14;17;14;17;13;16;13;16;14;15;14;14;14;13;14;12;14;11;14;10;14;9;14;8;14;7;14;6;14;5;14;4;14;3;14;2;14;1;14;0;14;0;13;0;12;0;11;0;10;0;9;0;8;0;7;0;6
1;1;9;6;18;14;17;14;17;13;16;13;16;14;15;14;14;14;13;14;12;14;11;14;10;14;9;14;8;14;7;14;6;14;5;14;4;14;3;14;2;14;1;14;0;14;0;13;0;12;0;11;0;10;0;9;0;8;0;7;0;6;1;6
1;2;9;6;17;14;17;13;16;13;16;14;15;14;14;14;13;14;12;14;11;14;10;14;9;14;8;14;7;14;6;14;5;14;4;14;3;14;2;14;1;14;0;14;0;13;0;12;0;11;0;10;0;9;0;8;0;7;0;6;1;6;1;7
1;1;9;6;17;13;16;13;16;14;15;14;14;14;13;14;12;14;11;14;10;14;9;14;8;14;7;14;6;14;5;14;4;14;3;14;2;14;1;14;0;14;0;13;0;12;0;11;0;10;0;9;0;8;0;7;0;6;1;6;1;7;2;7
1;1;9;6;16;13;16;14;15;14;14;14;13;14;12;14;11;14;10;14;9;14;8;14;7;14;6;14;5;14;4;14;3;14;2;14;1;14;0;14;0;13;0;12;0;11;0;10;0;9;0;8;0;7;0;6;1;6;1;7;2;7;3;7
1;0;9;6;16;14;15;14;14;14;13;14;12;14;11;14;10;14;9;14;8;14;7;14;6;14;5;14;4;14;3;14;2;14;1;14;0;14;0;13;0;12;0;11;0;10;0;9;0;8;0;7;0;6;1;6;1;7;2;7;3;7;3;6
1;1;9;6;15;14;14;14;13;14;12;14;11;14;10;14;9;14;8;14;7;14;6;14;5;14;4;14;3;14;2;14;1;14;0;14;0;13;0;12;0;11;0;10;0;9;0;8;0;7;0;6;1;6;1;7;2;7;3;7;3;6;4;6
1;0;9;6;14;14;13;14;12;14;11;14;10;14;9;14;8;14;7;14;6;14;5;14;4;14;3;14;2;14;1;14;0;14;0;13;0;12;0;11;0;10;0;9;0;8;0;7;0;6;1;6;1;7;2;7;3;7;3;6;4;6;4;5
1;1;9;6;13;14;12;14;11;14;10;14;9;14;8;14;7;14;6;14;5;14;4;14;3;14;2;14;1;14;0;14;0;13;0;12;0;11;0;10;0;9;0;8;0;7;0;6;1;6;1;7;2;7;3;7;3;6;4;6;4;5;5;5
1;1;9;6;12;14;11;14;10;14;9;14;8;14;7;14;6;14;5;14;4;14;3;14;2;14;1;14;0;14;0;13;0;12;0;11;0;10;0;9;0;8;0;7;0;6;1;6;1;7;2;7;3;7;3;6;4;6;4;5;5;5;6;5
1;1;9;6;11;14;10;14;9;14;8;14;7;14;6;14;5;14;4;14;3;14;2;14;1;14;0;14;0;13;0;12;0;11;0;10;0;9;0;8;0;7;0;6;1;6;1;7;2;7;3;7;3;6;4;6;4;5;5;5;6;5;7;5
1;1;9;6;10;14;9;14;8;14;7;14;6;14;5;14;4;14;3;14;2;14;1;14;0;14;0;13;0;12;0;11;0;10;0;9;0;8;0;7;0;6;1;6;1;7;2;7;3;7;3;6;4;6;4;5;5;5;6;5;7;5;8;5
1;1;9;6;9;14;8;14;7;14;6;14;5;14;4;14;3;14;2;14;1;14;0;14;0;13;0;12;0;11;0;10;0;9;0;8;0;7;0;6;1;6;1;7;2;7;3;7;3;6;4;6;4;5;5;5;6;5;7;5;8;5;9;5
1;1;9;6;8;14;7;14;6;14;5;14;4;14;3;14;2;14;1;14;0;14;0;13;0;12;0;11;0;10;0;9;0;8;0;7;0;6;1;6;1;7;2;7;3;7;3;6;4;6;4;5;5;5;6;5;7;5;8;5;9;5;10;5
1;2;9;6;7;14;6;14;5;14;4;14;3;14;2;14;1;14;0;14;0;13;0;12;0;11;0;10;0;9;0;8;0;7;0;6;1;6;1;7;2;7;3;7;3;6;4;6;4;5;5;5;6;5;7;5;8;5;9;5;10;5;10;6
1;2;9;6;6;14;5;14;4;14;3;14;2;14;1;14;0;14;0;13;0;12;0;11;0;10;0;9;0;8;0;7;0;6;1;6;1;7;2;7;3;7;3;6;4;6;4;5;5;5;6;5;7;5;8;5;9;5;10;5;10;6;10;7
1;3;9;6;5;14;4;14;3;14;2;14;1;14;0;14;0;13;0;12;0;11;0;10;0;9;0;8;0;7;0;6;1;6;1;7;2;7;3;7;3;6;4;6;4;5;5;5;6;5;7;5;8;5;9;5;10;5;10;6;10;7;9;7
1;0;10;10;4;14;4;14;3;14;2;14;1;14;0;14;0;13;0;12;0;11;0;10;0;9;0;8;0;7;0;6;1;6;1;7;2;7;3;7;3;6;4;6;4;5;5;5;6;5;7;5;8;5;9;5;10;5;10;6;10;7;9;7;9;6
1;3;10;10;4;14;3;14;2;14;1;14;0;14;0;13;0;12;0;11;0;10;0;9;0;8;0;7;0;6;1;6;1;7;2;7;3;7;3;6;4;6;4;5;5;5;6;5;7;5;8;5;9;5;10;5;10;6;10;7;9;7;9;6;8;6
1;2;10;10;3;14;2;14;1;14;0;14;0;13;0;12;0;11;0;10;0;9;0;8;0;7;0;6;1;6;1;7;2;7;3;7;3;6;4;6;4;5;5;5;6;5;7;5;8;5;9;5;10;5;10;6;10;7;9;7;9;6;8;6;8;7
1;2;10;10;2;14;1;14;0;14;0;13;0;12;0;11;0;10;0;9;0;8;0;7;0;6;1;6;1;7;2;7;3;7;3;6;4;6;4;5;5;5;6;5;7;5;8;5;9;5;10;5;10;6;10;7;9;7;9;6;8;6;8;7;8;8
1;2;10;10;1;14;0;14;0;13;0;12;0;11;0;10;0;9;0;8;0;7;0;6;1;6;1;7;2;7;3;7;3;6;4;6;4;5;5;5;6;5;7;5;8;5;9;5;10;5;10;6;10;7;9;7;9;6;8;6;8;7;8;8;8;9
1;2;10;10;0;14;0;13;0;12;0;11;0;10;0;9;0;8;0;7;0;6;1;6;1;7;2;7;3;7;3;6;4;6;4;5;5;5;6;5;7;5;8;5;9;5;10;5;10;6;10;7;9;7;9;6;8;6;8;7;8;8;8;9;8;10
1;1;10;10;0;13;0;12;0;11;0;10;0;9;0;8;0;7;0;6;1;6;1;7;2;7;3;7;3;6;4;6;4;5;5;5;6;5;7;5;8;5;9;5;10;5;10;6;10;7;9;7;9;6;8;6;8;7;8;8;8;9;8;10;9;10
1;2;10;10;0;12;0;11;0;10;0;9;0;8;0;7;0;6;1;6;1;7;2;7;3;7;3;6;4;6;4;5;5;5;6;5;7;5;8;5;9;5;10;5;10;6;10;7;9;7;9;6;8;6;8;7;8;8;8;9;8;10;9;10;9;11
1;1;10;10;0;11;0;10;0;9;0;8;0;7;0;6;1;6;1;7;2;7;3;7;3;6;4;6;4;5;5;5;6;5;7;5;8;5;9;5;10;5;10;6;10;7;9;7;9;6;8;6;8;7;8;8;8;9;8;10;9;10;9;11;10;11
1;0;15;2;0;10;0;10;0;9;0;8;0;7;0;6;1;6;1;7;2;7;3;7;3;6;4;6;4;5;5;5;6;5;7;5;8;5;9;5;10;5;10;6;10;7;9;7;9;6;8;6;8;7;8;8;8;9;8;10;9;10;9;11;10;11;10;10
1;0;15;2;0;10;0;9;0;8;0;7;0;6;1;6;1;7;2;7;3;7;3;6;4;6;4;5;5;5;6;5;7;5;8;5;9;5;10;5;10;6;10;7;9;7;9;6;8;6;8;7;8;8;8;9;8;10;9;10;9;11;10;11;10;10;10;9
1;0;15;2;0;9;0;8;0;7;0;6;1;6;1;7;2;7;3;7;3;6;4;6;4;5;5;5;6;5;7;5;8;5;9;5;10;5;10;6;10;7;9;7;9;6;8;6;8;7;8;8;8;9;8;10;9;10;9;11;10;11;10;10;10;9;10;8
1;1;15;2;0;8;0;7;0;6;1;6;1;7;2;7;3;7;3;6;4;6;4;5;5;5;6;5;7;5;8;5;9;5;10;5;10;6;10;7;9;7;9;6;8;6;8;7;8;8;8;9;8;10;9;10;9;11;10;11;10;10;10;9;10;8;11;8
1;1;15;2;0;7;0;6;1;6;1;7;2;7;3;7;3;6;4;6;4;5;5;5;6;5;7;5;8;5;9;5;10;5;10;6;10;7;9;7;9;6;8;6;8;7;8;8;8;9;8;10;9;10;9;11;10;11;10;10;10;9;10;8;11;8;12;8
1;1;15;2;0;6;1;6;1;7;2;7;3;7;3;6;4;6;4;5;5;5;6;5;7;5;8;5;9;5;10;5;10;6;10;7;9;7;9;6;8;6;8;7;8;8;8;9;8;10;9;10;9;11;10;11;10;10;10;9;10;8;11;8;12;8;13;8
1;1;15;2;1;6;1;7;2;7;3;7;3;6;4;6;4;5;5;5;6;5;7;5;8;5;9;5;10;5;10;6;10;7;9;7;9;6;8;6;8;7;8;8;8;9;8;10;9;10;9;11;10;11;10;10;10;9;10;8;11;8;12;8;13;8;14;8
1;1;15;2;1;7;2;7;3;7;3;6;4;6;4;5;5;5;6;5;7;5;8;5;9;5;10;5;10;6;10;7;9;7;9;6;8;6;8;7;8;8;8;9;8;10;9;10;9;11;10;11;10;10;10;9;10;8;11;8;12;8;13;8;14;8;15;8
1;0;15;2;2;7;3;7;3;6;4;6;4;5;5;5;6;5;7;5;8;5;9;5;10;5;10;6;10;7;9;7;9;6;8;6;8;7;8;8;8;9;8;10;9;10;9;11;10;11;10;10;10;9;10;8;11;8;12;8;13;8;14;8;15;8;15;7
1;0;15;2;3;7;3;6;4;6;4;5;5;5;6;5;7;5;8;5;9;5;10;5;10;6;10;7;9;7;9;6;8;6;8;7;8;8;8;9;8;10;9;10;9;11;10;11;10;10;10;9;10;8;11;8;12;8;13;8;14;8;15;8;15;7;15;6
1;0;15;2;3;6;4;6;4;5;5;5;6;5;7;5;8;5;9;5;10;5;10;6;10;7;9;7;9;6;8;6;8;7;8;8;8;9;8;10;9;10;9;11;10;11;10;10;10;9;10;8;11;8;12;8;13;8;14;8;15;8;15;7;15;6;15;5
1;0;15;2;4;6;4;5;5;5;6;5;7;5;8;5;9;5;10;5;10;6;10;7;9;7;9;6;8;6;8;7;8;8;8;9;8;10;9;10;9;11;10;11;10;10;10;9;10;8;11;8;12;8;13;8;14;8;15;8;15;7;15;6;15;5;15;4
1;0;15;2;4;5;5;5;6;5;7;5;8;5;9;5;10;5;10;6;10;7;9;7;9;6;8;6;8;7;8;8;8;9;8;10;9;10;9;11;10;11;10;10;10;9;10;8;11;8;12;8;13;8;14;8;15;8;15;7;15;6;15;5;15;4;15;3
1;0;1;3;5;5;5;5;6;5;7;5;8;5;9;5;10;5;10;6;10;7;9;7;9;6;8;6;8;7;8;8;8;9;8;10;9;10;9;11;10;11;10;10;10;9;10;8;11;8;12;8;13;8;14;8;15;8;15;7;15;6;15;5;15;4;15;3;15;2
1;3;1;3;5;5;6;5;7;5;8;5;9;5;10;5;10;6;10;7;9;7;9;6;8;6;8;7;8;8;8;9;8;10;9;10;9;11;10;11;10;10;10;9;10;8;11;8;12;8;13;8;14;8;15;8;15;7;15;6;15;5;15;4;15;3;15;2;14;2
1;3;1;3;6;5;7;5;8;5;9;5;10;5;10;6;10;7;9;7;9;6;8;6;8;7;8;8;8;9;8;10;9;10;9;11;10;11;10;10;10;9;10;8;11;8;12;8;13;8;14;8;15;8;15;7;15;6;15;5;15;4;15;3;15;2;14;2;13;2
1;3;1;3;7;5;8;5;9;5;10;5;10;6;10;7;9;7;9;6;8;6;8;7;8;8;8;9;8;10;9;10;9;11;10;11;10;10;10;9;10;8;11;8;12;8;13;8;14;8;15;8;15;7;15;6;15;5;15;4;15;3;15;2;14;2;13;2;12;2
1;3;1;3;8;5;9;5;10;5;10;6;10;7;9;7;9;6;8;6;8;7;8;8;8;9;8;10;9;10;9;11;10;11;10;10;10;9;10;8;11;8;12;8;13;8;14;8;15;8;15;7;15;6;15;5;15;4;15;3;15;2;14;2;13;2;12;2;11;2
1;3;1;3;9;5;10;5;10;6;10;7;9;7;9;6;8;6;8;7;8;8;8;9;8;10;9;10;9;11;10;11;10;10;10;9;10;8;11;8;12;8;13;8;14;8;15;8;15;7;15;6;15;5;15;4;15;3;15;2;14;2;13;2;12;2;11;2;10;2
1;3;1;3;10;5;10;6;10;7;9;7;9;6;8;6;8;7;8;8;8;9;8;10;9;10;9;11;10;11;10;10;10;9;10;8;11;8;12;8;13;8;14;8;15;8;15;7;15;6;15;5;15;4;15;3;15;2;14;2;13;2;12;2;11;2;10;2;9;2
1;3;1;3;10;6;10;7;9;7;9;6;8;6;8;7;8;8;8;9;8;10;9;10;9;11;10;11;10;10;10;9;10;8;11;8;12;8;13;8;14;8;15;8;15;7;15;6;15;5;15;4;15;3;15;2;14;2;13;2;12;2;11;2;10;2;9;2;8;2
1;2;1;3;10;7;9;7;9;6;8;6;8;7;8;8;8;9;8;10;9;10;9;11;10;11;10;10;10;9;10;8;11;8;12;8;13;8;14;8;15;8;15;7;15;6;15;5;15;4;15;3;15;2;14;2;13;2;12;2;11;2;10;2;9;2;8;2;8;3
1;3;1;3;9;7;9;6;8;6;8;7;8;8;8;9;8;10;9;10;9;11;10;11;10;10;10;9;10;8;11;8;12;8;13;8;14;8;15;8;15;7;15;6;15;5;15;4;15;3;15;2;14;2;13;2;12;2;11;2;10;2;9;2;8;2;8;3;7;3
1;3;1;3;9;6;8;6;8;7;8;8;8;9;8;10;9;10;9;11;10;11;10;10;10;9;10;8;11;8;12;8;13;8;14;8;15;8;15;7;15;6;15;5;15;4;15;3;15;2;14;2;13;2;12;2;11;2;10;2;9;2;8;2;8;3;7;3;6;3
1;3;1;3;8;6;8;7;8;8;8;9;8;10;9;10;9;11;10;11;10;10;10;9;10;8;11;8;12;8;13;8;14;8;15;8;15;7;15;6;15;5;15;4;15;3;15;2;14;2;13;2;12;2;11;2;10;2;9;2;8;2;8;3;7;3;6;3;5;3
1;3;1;3;8;7;8;8;8;9;8;10;9;10;9;11;10;11;10;10;10;9;10;8;11;8;12;8;13;8;14;8;15;8;15;7;15;6;15;5;15;4;15;3;15;2;14;2;13;2;12;2;11;2;10;2;9;2;8;2;8;3;7;3;6;3;5;3;4;3
1;3;1;3;8;8;8;9;8;10;9;10;9;11;10;11;10;10;10;9;10;8;11;8;12;8;13;8;14;8;15;8;15;7;15;6;15;5;15;4;15;3;15;2;14;2;13;2;12;2;11;2;10;2;9;2;8;2;8;3;7;3;6;3;5;3;4;3;3;3
1;3;1;3;8;9;8;10;9;10;9;11;10;11;10;10;10;9;10;8;11;8;12;8;13;8;14;8;15;8;15;7;15;6;15;5;15;4;15;3;15;2;14;2;13;2;12;2;11;2;10;2;9;2;8;2;8;3;7;3;6;3;5;3;4;3;3;3;2;3
1;3;8;8;8;10;8;10;9;10;9;11;10;11;10;10;10;9;10;8;11;8;12;8;13;8;14;8;15;8;15;7;15;6;15;5;15;4;15;3;15;2;14;2;13;2;12;2;11;2;10;2;9;2;8;2;8;3;7;3;6;3;5;3;4;3;3;3;2;3;1;3
1;2;8;8;8;10;9;10;9;11;10;11;10;10;10;9;10;8;11;8;12;8;13;8;14;8;15;8;15;7;15;6;15;5;15;4;15;3;15;2;14;2;13;2;12;2;11;2;10;2;9;2;8;2;8;3;7;3;6;3;5;3;4;3;3;3;2;3;1;3;1;4
1;2;8;8;9;10;9;11;10;11;10;10;10;9;10;8;11;8;12;8;13;8;14;8;15;8;15;7;15;6;15;5;15;4;15;3;15;2;14;2;13;2;12;2;11;2;10;2;9;2;8;2;8;3;7;3;6;3;5;3;4;3;3;3;2;3;1;3;1;4;1;5
1;2;8;8;9;11;10;11;10;10;10;9;10;8;11;8;12;8;13;8;14;8;15;8;15;7;15;6;15;5;15;4;15;3;15;2;14;2;13;2;12;2;11;2;10;2;9;2;8;2;8;3;7;3;6;3;5;3;4;3;3;3;2;3;1;3;1;4;1;5;1;6
1;2;8;8;10;11;10;10;10;9;10;8;11;8;12;8;13;8;14;8;15;8;15;7;15;6;15;5;15;4;15;3;15;2;14;2;13;2;12;2;11;2;10;2;9;2;8;2;8;3;7;3;6;3;5;3;4;3;3;3;2;3;1;3;1;4;1;5;1;6;1;7
1;2;8;8;10;10;10;9;10;8;11;8;12;8;13;8;14;8;15;8;15;7;15;6;15;5;15;4;15;3;15;2;14;2;13;2;12;2;11;2;10;2;9;2;8;2;8;3;7;3;6;3;5;3;4;3;3;3;2;3;1;3;1;4;1;5;1;6;1;7;1;8
1;1;8;8;10;9;10;8;11;8;12;8;13;8;14;8;15;8;15;7;15;6;15;5;15;4;15;3;15;2;14;2;13;2;12;2;11;2;10;2;9;2;8;2;8;3;7;3;6;3;5;3;4;3;3;3;2;3;1;3;1;4;1;5;1;6;1;7;1;8;2;8
1;1;8;8;10;8;11;8;12;8;13;8;14;8;15;8;15;7;15;6;15;5;15;4;15;3;15;2;14;2;13;2;12;2;11;2;10;2;9;2;8;2;8;3;7;3;6;3;5;3;4;3;3;3;2;3;1;3;1;4;1;5;1;6;1;7;1;8;2;8;3;8
1;1;8;8;11;8;12;8;13;8;14;8;15;8;15;7;15;6;15;5;15;4;15;3;15;2;14;2;13;2;12;2;11;2;10;2;9;2;8;2;8;3;7;3;6;3;5;3;4;3;3;3;2;3;1;3;1;4;1;5;1;6;1;7;1;8;2;8;3;8;4;8
1;1;8;8;12;8;13;8;14;8;15;8;15;7;15;6;15;5;15;4;15;3;15;2;14;2;13;2;12;2;11;2;10;2;9;2;8;2;8;3;7;3;6;3;5;3;4;3;3;3;2;3;1;3;1;4;1;5;1;6;1;7;1;8;2;8;3;8;4;8;5;8
1;1;8;8;13;8;14;8;15;8;15;7;15;6;15;5;15;4;15;3;15;2;14;2;13;2;12;2;11;2;10;2;9;2;8;2;8;3;7;3;6;3;5;3;4;3;3;3;2;3;1;3;1;4;1;5;1;6;1;7;1;8;2;8;3;8;4;8;5;8;6;8
1;1;8;8;14;8;15;8;15;7;15;6;15;5;15;4;15;3;15;2;14;2;13;2;12;2;11;2;10;2;9;2;8;2;8;3;7;3;6;3;5;3;4;3;3;3;2;3;1;3;1;4;1;5;1;6;1;7;1;8;2;8;3;8;4;8;5;8;6;8;7;8
1;1;13;19;15;8;15;8;15;7;15;6;15;5;15;4;15;3;15;2;14;2;13;2;12;2;11;2;10;2;9;2;8;2;8;3;7;3;6;3;5;3;4;3;3;3;2;3;1;3;1;4;1;5;1;6;1;7;1;8;2;8;3;8;4;8;5;8;6;8;7;8;8;8
1;1;13;19;15;8;15;7;15;6;15;5;15;4;15;3;15;2;14;2;13;2;12;2;11;2;10;2;9;2;8;2;8;3;7;3;6;3;5;3;4;3;3;3;2;3;1;3;1;4;1;5;1;6;1;7;1;8;2;8;3;8;4;8;5;8;6;8;7;8;8;8;9;8
1;1;13;19;15;7;15;6;15;5;15;4;15;3;15;2;14;2;13;2;12;2;11;2;10;2;9;2;8;2;8;3;7;3;6;3;5;3;4;3;3;3;2;3;1;3;1;4;1;5;1;6;1;7;1;8;2;8;3;8;4;8;5;8;6;8;7;8;8;8;9;8;10;8
1;1;13;19;15;6;15;5;15;4;15;3;15;2;14;2;13;2;12;2;11;2;10;2;9;2;8;2;8;3;7;3;6;3;5;3;4;3;3;3;2;3;1;3;1;4;1;5;1;6;1;7;1;8;2;8;3;8;4;8;5;8;6;8;7;8;8;8;9;8;10;8;11;8
1;1;13;19;15;5;15;4;15;3;15;2;14;2;13;2;12;2;11;2;10;2;9;2;8;2;8;3;7;3;6;3;5;3;4;3;3;3;2;3;1;3;1;4;1;5;1;6;1;7;1;8;2;8;3;8;4;8;5;8;6;8;7;8;8;8;9;8;10;8;11;8;12;8
1;1;13;19;15;4;15;3;15;2;14;2;13;2;12;2;11;2;10;2;9;2;8;2;8;3;7;3;6;3;5;3;4;3;3;3;2;3;1;3;1;4;1;5;1;6;1;7;1;8;2;8;3;8;4;8;5;8;6;8;7;8;8;8;9;8;10;8;11;8;12;8;13;8
1;2;13;19;15;3;15;2;14;2;13;2;12;2;11;2;10;2;9;2;8;2;8;3;7;3;6;3;5;3;4;3;3;3;2;3;1;3;1;4;1;5;1;6;1;7;1;8;2;8;3;8;4;8;5;8;6;8;7;8;8;8;9;8;10;8;11;8;12;8;13;8;13;9
1;2;13;19;15;2;14;2;13;2;12;2;11;2;10;2;9;2;8;2;8;3;7;3;6;3;5;3;4;3;3;3;2;3;1;3;1;4;1;5;1;6;1;7;1;8;2;8;3;8;4;8;5;8;6;8;7;8;8;8;9;8;10;8;11;8;12;8;13;8;13;9;13;10
1;2;13;19;14;2;13;2;12;2;11;2;10;2;9;2;8;2;8;3;7;3;6;3;5;3;4;3;3;3;2;3;1;3;1;4;1;5;1;6;1;7;1;8;2;8;3;8;4;8;5;8;6;8;7;8;8;8;9;8;10;8;11;8;12;8;13;8;13;9;13;10;13;11
1;2;13;19;13;2;12;2;11;2;10;2;9;2;8;2;8;3;7;3;6;3;5;3;4;3;3;3;2;3;1;3;1;4;1;5;1;6;1;7;1;8;2;8;3;8;4;8;5;8;6;8;7;8;8;8;9;8;10;8;11;8;12;8;13;8;13;9;13;10;13;11;13;12
1;2;13;19;12;2;11;2;10;2;9;2;8;2;8;3;7;3;6;3;5;3;4;3;3;3;2;3;1;3;1;4;1;5;1;6;1;7;1;8;2;8;3;8;4;8;5;8;6;8;7;8;8;8;9;8;10;8;11;8;12;8;13;8;13;9;13;10;13;11;13;12;13;13
1;2;13;19;11;2;10;2;9;2;8;2;8;3;7;3;6;3;5;3;4;3;3;3;2;3;1;3;1;4;1;5;1;6;1;7;1;8;2;8;3;8;4;8;5;8;6;8;7;8;8;8;9;8;10;8;11;8;12;8;13;8;13;9;13;10;13;11;13;12;13;13;13;14
1;2;13;19;10;2;9;2;8;2;8;3;7;3;6;3;5;3;4;3;3;3;2;3;1;3;1;4;1;5;1;6;1;7;1;8;2;8;3;8;4;8;5;8;6;8;7;8;8;8;9;8;10;8;11;8;12;8;13;8;13;9;13;10;13;11;13;12;13;13;13;14;13;15
1;2;13;19;9;2;8;2;8;3;7;3;6;3;5;3;4;3;3;3;2;3;1;3;1;4;1;5;1;6;1;7;1;8;2;8;3;8;4;8;5;8;6;8;7;8;8;8;9;8;10;8;11;8;12;8;13;8;13;9;13;10;13;11;13;12;13;13;13;14;13;15;13;16
1;2;13;19;8;2;8;3;7;3;6;3;5;3;4;3;3;3;2;3;1;3;1;4;1;5;1;6;1;7;1;8;2;8;3;8;4;8;5;8;6;8;7;8;8;8;9;8;10;8;11;8;12;8;13;8;13;9;13;10;13;11;13;12;13;13;13;14;13;15;13;16;13;17
1;2;13;19;8;3;7;3;6;3;5;3;4;3;3;3;2;3;1;3;1;4;1;5;1;6;1;7;1;8;2;8;3;8;4;8;5;8;6;8;7;8;8;8;9;8;10;8;11;8;12;8;13;8;13;9;13;10;13;11;13;12;13;13;13;14;13;15;13;16;13;17;13;18
1;2;11;4;7;3;7;3;6;3;5;3;4;3;3;3;2;3;1;3;1;4;1;5;1;6;1;7;1;8;2;8;3;8;4;8;5;8;6;8;7;8;8;8;9;8;10;8;11;8;12;8;13;8;13;9;13;10;13;11;13;12;13;13;13;14;13;15;13;16;13;17;13;18;13;19
1;3;11;4;7;3;6;3;5;3;4;3;3;3;2;3;1;3;1;4;1;5;1;6;1;7;1;8;2;8;3;8;4;8;5;8;6;8;7;8;8;8;9;8;10;8;11;8;12;8;13;8;13;9;13;10;13;11;13;12;13;13;13;14;13;15;13;16;13;17;13;18;13;19;12;19
1;3;11;4;6;3;5;3;4;3;3;3;2;3;1;3;1;4;1;5;1;6;1;7;1;8;2;8;3;8;4;8;5;8;6;8;7;8;8;8;9;8;10;8;11;8;12;8;13;8;13;9;13;10;13;11;13;12;13;13;13;14;13;15;13;16;13;17;13;18;13;19;12;19;11;19
1;0;11;4;5;3;4;3;3;3;2;3;1;3;1;4;1;5;1;6;1;7;1;8;2;8;3;8;4;8;5;8;6;8;7;8;8;8;9;8;10;8;11;8;12;8;13;8;13;9;13;10;13;11;13;12;13;13;13;14;13;15;13;16;13;17;13;18;13;19;12;19;11;19;11;18
1;1;11;4;4;3;3;3;2;3;1;3;1;4;1;5;1;6;1;7;1;8;2;8;3;8;4;8;5;8;6;8;7;8;8;8;9;8;10;8;11;8;12;8;13;8;13;9;13;10;13;11;13;12;13;13;13;14;13;15;13;16;13;17;13;18;13;19;12;19;11;19;11;18;12;18
1;0;11;4;3;3;2;3;1;3;1;4;1;5;1;6;1;7;1;8;2;8;3;8;4;8;5;8;6;8;7;8;8;8;9;8;10;8;11;8;12;8;13;8;13;9;13;10;13;11;13;12;13;13;13;14;13;15;13;16;13;17;13;18;13;19;12;19;11;19;11;18;12;18;12;17
1;0;11;4;2;3;1;3;1;4;1;5;1;6;1;7;1;8;2;8;3;8;4;8;5;8;6;8;7;8;8;8;9;8;10;8;11;8;12;8;13;8;13;9;13;10;13;11;13;12;13;13;13;14;13;15;13;16;13;17;13;18;13;19;12;19;11;19;11;18;12;18;12;17;12;16
1;0;11;4;1;3;1;4;1;5;1;6;1;7;1;8;2;8;3;8;4;8;5;8;6;8;7;8;8;8;9;8;10;8;11;8;12;8;13;8;13;9;13;10;13;11;13;12;13;13;13;14;13;15;13;16;13;17;13;18;13;19;12;19;11;19;11;18;12;18;12;17;12;16;12;15
1;0;11;4;1;4;1;5;1;6;1;7;1;8;2;8;3;8;4;8;5;8;6;8;7;8;8;8;9;8;10;8;11;8;12;8;13;8;13;9;13;10;13;11;13;12;13;13;13;14;13;15;13;16;13;17;13;18;13;19;12;19;11;19;11;18;12;18;12;17;12;16;12;15;12;14
1;0;11;4;1;5;1;6;1;7;1;8;2;8;3;8;4;8;5;8;6;8;7;8;8;8;9;8;10;8;11;8;12;8;13;8;13;9;13;10;13;11;13;12;13;13;13;14;13;15;13;16;13;17;13;18;13;19;12;19;11;19;11;18;12;18;12;17;12;16;12;15;12;14;12;13
1;0;11;4;1;6;1;7;1;8;2;8;3;8;4;8;5;8;6;8;7;8;8;8;9;8;10;8;11;8;12;8;13;8;13;9;13;10;13;11;13;12;13;13;13;14;13;15;13;16;13;17;13;18;13;19;12;19;11;19;11;18;12;18;12;17;12;16;12;15;12;14;12;13;12;12
1;0;11;4;1;7;1;8;2;8;3;8;4;8;5;8;6;8;7;8;8;8;9;8;10;8;11;8;12;8;13;8;13;9;13;10;13;11;13;12;13;13;13;14;13;15;13;16;13;17;13;18;13;19;12;19;11;19;11;18;12;18;12;17;12;16;12;15;12;14;12;13;12;12;12;11
1;0;11;4;1;8;2;8;3;8;4;8;5;8;6;8;7;8;8;8;9;8;10;8;11;8;12;8;13;8;13;9;13;10;13;11;13;12;13;13;13;14;13;15;13;16;13;17;13;18;13;19;12;19;11;19;11;18;12;18;12;17;12;16;12;15;12;14;12;13;12;12;12;11;12;10
1;0;11;4;2;8;3;8;4;8;5;8;6;8;7;8;8;8;9;8;10;8;11;8;12;8;13;8;13;9;13;10;13;11;13;12;13;13;13;14;13;15;13;16;13;17;13;18;13;19;12;19;11;19;11;18;12;18;12;17;12;16;12;15;12;14;12;13;12;12;12;11;12;10;12;9
1;3;11;4;3;8;4;8;5;8;6;8;7;8;8;8;9;8;10;8;11;8;12;8;13;8;13;9;13;10;13;11;13;12;13;13;13;14;13;15;13;16;13;17;13;18;13;19;12;19;11;19;11;18;12;18;12;17;12;16;12;15;12;14;12;13;12;12;12;11;12;10;12;9;11;9
1;3;11;4;4;8;5;8;6;8;7;8;8;8;9;8;10;8;11;8;12;8;13;8;13;9;13;10;13;11;13;12;13;13;13;14;13;15;13;16;13;17;13;18;13;19;12;19;11;19;11;18;12;18;12;17;12;16;12;15;12;14;12;13;12;12;12;11;12;10;12;9;11;9;10;9
1;3;11;4;5;8;6;8;7;8;8;8;9;8;10;8;11;8;12;8;13;8;13;9;13;10;13;11;13;12;13;13;13;14;13;15;13;16;13;17;13;18;13;19;12;19;11;19;11;18;12;18;12;17;12;16;12;15;12;14;12;13;12;12;12;11;12;10;12;9;11;9;10;9;9;9
1;3;11;4;6;8;7;8;8;8;9;8;10;8;11;8;12;8;13;8;13;9;13;10;13;11;13;12;13;13;13;14;13;15;13;16;13;17;13;18;13;19;12;19;11;19;11;18;12;18;12;17;12;16;12;15;12;14;12;13;12;12;12;11;12;10;12;9;11;9;10;9;9;9;8;9
1;3;11;4;7;8;8;8;9;8;10;8;11;8;12;8;13;8;13;9;13;10;13;11;13;12;13;13;13;14;13;15;13;16;13;17;13;18;13;19;12;19;11;19;11;18;12;18;12;17;12;16;12;15;12;14;12;13;12;12;12;11;12;10;12;9;11;9;10;9;9;9;8;9;7;9
1;0;11;4;8;8;9;8;10;8;11;8;12;8;13;8;13;9;13;10;13;11;13;12;13;13;13;14;13;15;13;16;13;17;13;18;13;19;12;19;11;19;11;18;12;18;12;17;12;16;12;15;12;14;12;13;12;12;12;11;12;10;12;9;11;9;10;9;9;9;8;9;7;9;7;8
1;0;11;4;9;8;10;8;11;8;12;8;13;8;13;9;13;10;13;11;13;12;13;13;13;14;13;15;13;16;13;17;13;18;13;19;12;19;11;19;11;18;12;18;12;17;12;16;12;15;12;14;12;13;12;12;12;11;12;10;12;9;11;9;10;9;9;9;8;9;7;9;7;8;7;7
1;0;11;4;10;8;11;8;12;8;13;8;13;9;13;10;13;11;13;12;13;13;13;14;13;15;13;16;13;17;13;18;13;19;12;19;11;19;11;18;12;18;12;17;12;16;12;15;12;14;12;13;12;12;12;11;12;10;12;9;11;9;10;9;9;9;8;9;7;9;7;8;7;7;7;6
1;0;11;4;11;8;12;8;13;8;13;9;13;10;13;11;13;12;13;13;13;14;13;15;13;16;13;17;13;18;13;19;12;19;11;19;11;18;12;18;12;17;12;16;12;15;12;14;12;13;12;12;12;11;12;10;12;9;11;9;10;9;9;9;8;9;7;9;7;8;7;7;7;6;7;5
1;0;11;4;12;8;13;8;13;9;13;10;13;11;13;12;13;13;13;14;13;15;13;16;13;17;13;18;13;19;12;19;11;19;11;18;12;18;12;17;12;16;12;15;12;14;12;13;12;12;12;11;12;10;12;9;11;9;10;9;9;9;8;9;7;9;7;8;7;7;7;6;7;5;7;4
1;1;11;4;13;8;13;9;13;10;13;11;13;12;13;13;13;14;13;15;13;16;13;17;13;18;13;19;12;19;11;19;11;18;12;18;12;17;12;16;12;15;12;14;12;13;12;12;12;11;12;10;12;9;11;9;10;9;9;9;8;9;7;9;7;8;7;7;7;6;7;5;7;4;8;4
1;1;11;4;13;9;13;10;13;11;13;12;13;13;13;14;13;15;13;16;13;17;13;18;13;19;12;19;11;19;11;18;12;18;12;17;12;16;12;15;12;14;12;13;12;12;12;11;12;10;12;9;11;9;10;9;9;9;8;9;7;9;7;8;7;7;7;6;7;5;7;4;8;4;9;4
1;1;11;4;13;10;13;11;13;12;13;13;13;14;13;15;13;16;13;17;13;18;13;19;12;19;11;19;11;18;12;18;12;17;12;16;12;15;12;14;12;13;12;12;12;11;12;10;12;9;11;9;10;9;9;9;8;9;7;9;7;8;7;7;7;6;7;5;7;4;8;4;9;4;10;4
1;1;18;1;13;11;13;11;13;12;13;13;13;14;13;15;13;16;13;17;13;18;13;19;12;19;11;19;11;18;12;18;12;17;12;16;12;15;12;14;12;13;12;12;12;11;12;10;12;9;11;9;10;9;9;9;8;9;7;9;7;8;7;7;7;6;7;5;7;4;8;4;9;4;10;4;11;4
1;1;18;1;13;11;13;12;13;13;13;14;13;15;13;16;13;17;13;18;13;19;12;19;11;19;11;18;12;18;12;17;12;16;12;15;12;14;12;13;12;12;12;11;12;10;12;9;11;9;10;9;9;9;8;9;7;9;7;8;7;7;7;6;7;5;7;4;8;4;9;4;10;4;11;4;12;4
1;1;18;1;13;12;13;13;13;14;13;15;13;16;13;17;13;18;13;19;12;19;11;19;11;18;12;18;12;17;12;16;12;15;12;14;12;13;12;12;12;11;12;10;12;9;11;9;10;9;9;9;8;9;7;9;7;8;7;7;7;6;7;5;7;4;8;4;9;4;10;4;11;4;12;4;13;4
1;1;18;1;13;13;13;14;13;15;13;16;13;17;13;18;13;19;12;19;11;19;11;18;12;18;12;17;12;16;12;15;12;14;12;13;12;12;12;11;12;10;12;9;11;9;10;9;9;9;8;9;7;9;7;8;7;7;7;6;7;5;7;4;8;4;9;4;10;4;11;4;12;4;13;4;14;4
1;1;18;1;13;14;13;15;13;16;13;17;13;18;13;19;12;19;11;19;11;18;12;18;12;17;12;16;12;15;12;14;12;13;12;12;12;11;12;10;12;9;11;9;10;9;9;9;8;9;7;9;7;8;7;7;7;6;7;5;7;4;8;4;9;4;10;4;11;4;12;4;13;4;14;4;15;4
1;1;18;1;13;15;13;16;13;17;13;18;13;19;12;19;11;19;11;18;12;18;12;17;12;16;12;15;12;14;12;13;12;12;12;11;12;10;12;9;11;9;10;9;9;9;8;9;7;9;7;8;7;7;7;6;7;5;7;4;8;4;9;4;10;4;11;4;12;4;13;4;14;4;15;4;16;4
1;1;18;1;13;16;13;17;13;18;13;19;12;19;11;19;11;18;12;18;12;17;12;16;12;15;12;14;12;13;12;12;12;11;12;10;12;9;11;9;10;9;9;9;8;9;7;9;7;8;7;7;7;6;7;5;7;4;8;4;9;4;10;4;11;4;12;4;13;4;14;4;15;4;16;4;17;4
1;1;18;1;13;17;13;18;13;19;12;19;11;19;11;18;12;18;12;17;12;16;12;15;12;14;12;13;12;12;12;11;12;10;12;9;11;9;10;9;9;9;8;9;7;9;7;8;7;7;7;6;7;5;7;4;8;4;9;4;10;4;11;4;12;4;13;4;14;4;15;4;16;4;17;4;18;4
1;2;18;1;13;18;13;19;12;19;11;19;11;18;12;18;12;17;12;16;12;15;12;14;12;13;12;12;12;11;12;10;12;9;11;9;10;9;9;9;8;9;7;9;7;8;7;7;7;6;7;5;7;4;8;4;9;4;10;4;11;4;12;4;13;4;14;4;15;4;16;4;17;4;18;4;18;5
1;2;18;1;13;19;12;19;11;19;11;18;12;18;12;17;12;16;12;15;12;14;12;13;12;12;12;11;12;10;12;9;11;9;10;9;9;9;8;9;7;9;7;8;7;7;7;6;7;5;7;4;8;4;9;4;10;4;11;4;12;4;13;4;14;4;15;4;16;4;17;4;18;4;18;5;18;6
1;2;18;1;12;19;11;19;11;18;12;18;12;17;12;16;12;15;12;14;12;13;12;12;12;11;12;10;12;9;11;9;10;9;9;9;8;9;7;9;7;8;7;7;7;6;7;5;7;4;8;4;9;4;10;4;11;4;12;4;13;4;14;4;15;4;16;4;17;4;18;4;18;5;18;6;18;7
1;2;18;1;11;19;11;18;12;18;12;17;12;16;12;15;12;14;12;13;12;12;12;11;12;10;12;9;11;9;10;9;9;9;8;9;7;9;7;8;7;7;7;6;7;5;7;4;8;4;9;4;10;4;11;4;12;4;13;4;14;4;15;4;16;4;17;4;18;4;18;5;18;6;18;7;18;8
1;2;18;1;11;18;12;18;12;17;12;16;12;15;12;14;12;13;12;12;12;11;12;10;12;9;11;9;10;9;9;9;8;9;7;9;7;8;7;7;7;6;7;5;7;4;8;4;9;4;10;4;11;4;12;4;13;4;14;4;15;4;16;4;17;4;18;4;18;5;18;6;18;7;18;8;18;9
1;2;18;1;12;18;12;17;12;16;12;15;12;14;12;13;12;12;12;11;12;10;12;9;11;9;10;9;9;9;8;9;7;9;7;8;7;7;7;6;7;5;7;4;8;4;9;4;10;4;11;4;12;4;13;4;14;4;15;4;16;4;17;4;18;4;18;5;18;6;18;7;18;8;18;9;18;10
1;2;18;1;12;17;12;16;12;15;12;14;12;13;12;12;12;11;12;10;12;9;11;9;10;9;9;9;8;9;7;9;7;8;7;7;7;6;7;5;7;4;8;4;9;4;10;4;11;4;12;4;13;4;14;4;15;4;16;4;17;4;18;4;18;5;18;6;18;7;18;8;18;9;18;10;18;11
1;2;18;1;12;16;12;15;12;14;12;13;12;12;12;11;12;10;12;9;11;9;10;9;9;9;8;9;7;9;7;8;7;7;7;6;7;5;7;4;8;4;9;4;10;4;11;4;12;4;13;4;14;4;15;4;16;4;17;4;18;4;18;5;18;6;18;7;18;8;18;9;18;10;18;11;18;12
1;2;18;1;12;15;12;14;12;13;12;12;12;11;12;10;12;9;11;9;10;9;9;9;8;9;7;9;7;8;7;7;7;6;7;5;7;4;8;4;9;4;10;4;11;4;12;4;13;4;14;4;15;4;16;4;17;4;18;4;18;5;18;6;18;7;18;8;18;9;18;10;18;11;18;12;18;13
1;2;18;1;12;14;12;13;12;12;12;11;12;10;12;9;11;9;10;9;9;9;8;9;7;9;7;8;7;7;7;6;7;5;7;4;8;4;9;4;10;4;11;4;12;4;13;4;14;4;15;4;16;4;17;4;18;4;18;5;18;6;18;7;18;8;18;9;18;10;18;11;18;12;18;13;18;14
1;2;18;1;12;13;12;12;12;11;12;10;12;9;11;9;10;9;9;9;8;9;7;9;7;8;7;7;7;6;7;5;7;4;8;4;9;4;10;4;11;4;12;4;13;4;14;4;15;4;16;4;17;4;18;4;18;5;18;6;18;7;18;8;18;9;18;10;18;11;18;12;18;13;18;14;18;15
1;3;18;1;12;12;12;11;12;10;12;9;11;9;10;9;9;9;8;9;7;9;7;8;7;7;7;6;7;5;7;4;8;4;9;4;10;4;11;4;12;4;13;4;14;4;15;4;16;4;17;4;18;4;18;5;18;6;18;7;18;8;18;9;18;10;18;11;18;12;18;13;18;14;18;15;17;15
1;0;18;1;12;11;12;10;12;9;11;9;10;9;9;9;8;9;7;9;7;8;7;7;7;6;7;5;7;4;8;4;9;4;10;4;11;4;12;4;13;4;14;4;15;4;16;4;17;4;18;4;18;5;18;6;18;7;18;8;18;9;18;10;18;11;18;12;18;13;18;14;18;15;17;15;17;14
1;0;18;1;12;10;12;9;11;9;10;9;9;9;8;9;7;9;7;8;7;7;7;6;7;5;7;4;8;4;9;4;10;4;11;4;12;4;13;4;14;4;15;4;16;4;17;4;18;4;18;5;18;6;18;7;18;8;18;9;18;10;18;11;18;12;18;13;18;14;18;15;17;15;17;14;17;13
1;0;18;1;12;9;11;9;10;9;9;9;8;9;7;9;7;8;7;7;7;6;7;5;7;4;8;4;9;4;10;4;11;4;12;4;13;4;14;4;15;4;16;4;17;4;18;4;18;5;18;6;18;7;18;8;18;9;18;10;18;11;18;12;18;13;18;14;18;15;17;15;17;14;17;13;17;12
1;0;18;1;11;9;10;9;9;9;8;9;7;9;7;8;7;7;7;6;7;5;7;4;8;4;9;4;10;4;11;4;12;4;13;4;14;4;15;4;16;4;17;4;18;4;18;5;18;6;18;7;18;8;18;9;18;10;18;11;18;12;18;13;18;14;18;15;17;15;17;14;17;13;17;12;17;11
1;0;18;1;10;9;9;9;8;9;7;9;7;8;7;7;7;6;7;5;7;4;8;4;9;4;10;4;11;4;12;4;13;4;14;4;15;4;16;4;17;4;18;4;18;5;18;6;18;7;18;8;18;9;18;10;18;11;18;12;18;13;18;14;18;15;17;15;17;14;17;13;17;12;17;11;17;10
1;0;18;1;9;9;8;9;7;9;7;8;7;7;7;6;7;5;7;4;8;4;9;4;10;4;11;4;12;4;13;4;14;4;15;4;16;4;17;4;18;4;18;5;18;6;18;7;18;8;18;9;18;10;18;11;18;12;18;13;18;14;18;15;17;15;17;14;17;13;17;12;17;11;17;10;17;9
1;0;18;1;8;9;7;9;7;8;7;7;7;6;7;5;7;4;8;4;9;4;10;4;11;4;12;4;13;4;14;4;15;4;16;4;17;4;18;4;18;5;18;6;18;7;18;8;18;9;18;10;18;11;18;12;18;13;18;14;18;15;17;15;17;14;17;13;17;12;17;11;17;10;17;9;17;8
1;0;18;1;7;9;7;8;7;7;7;6;7;5;7;4;8;4;9;4;10;4;11;4;12;4;13;4;14;4;15;4;16;4;17;4;18;4;18;5;18;6;18;7;18;8;18;9;18;10;18;11;18;12;18;13;18;14;18;15;17;15;17;14;17;13;17;12;17;11;17;10;17;9;17;8;17;7
1;0;18;1;7;8;7;7;7;6;7;5;7;4;8;4;9;4;10;4;11;4;12;4;13;4;14;4;15;4;16;4;17;4;18;4;18;5;18;6;18;7;18;8;18;9;18;10;18;11;18;12;18;13;18;14;18;15;17;15;17;14;17;13;17;12;17;11;17;10;17;9;17;8;17;7;17;6
1;0;18;1;7;7;7;6;7;5;7;4;8;4;9;4;10;4;11;4;12;4;13;4;14;4;15;4;16;4;17;4;18;4;18;5;18;6;18;7;18;8;18;9;18;10;18;11;18;12;18;13;18;14;18;15;17;15;17;14;17;13;17;12;17;11;17;10;17;9;17;8;17;7;17;6;17;5
1;3;18;1;7;6;7;5;7;4;8;4;9;4;10;4;11;4;12;4;13;4;14;4;15;4;16;4;17;4;18;4;18;5;18;6;18;7;18;8;18;9;18;10;18;11;18;12;18;13;18;14;18;15;17;15;17;14;17;13;17;12;17;11;17;10;17;9;17;8;17;7;17;6;17;5;16;5
1;2;18;1;7;5;7;4;8;4;9;4;10;4;11;4;12;4;13;4;14;4;15;4;16;4;17;4;18;4;18;5;18;6;18;7;18;8;18;9;18;10;18;11;18;12;18;13;18;14;18;15;17;15;17;14;17;13;17;12;17;11;17;10;17;9;17;8;17;7;17;6;17;5;16;5;16;6
1;2;18;1;7;4;8;4;9;4;10;4;11;4;12;4;13;4;14;4;15;4;16;4;17;4;18;4;18;5;18;6;18;7;18;8;18;9;18;10;18;11;18;12;18;13;18;14;18;15;17;15;17;14;17;13;17;12;17;11;17;10;17;9;17;8;17;7;17;6;17;5;16;5;16;6;16;7
1;2;18;1;8;4;9;4;10;4;11;4;12;4;13;4;14;4;15;4;16;4;17;4;18;4;18;5;18;6;18;7;18;8;18;9;18;10;18;11;18;12;18;13;18;14;18;15;17;15;17;14;17;13;17;12;17;11;17;10;17;9;17;8;17;7;17;6;17;5;16;5;16;6;16;7;16;8
1;2;18;1;9;4;10;4;11;4;12;4;13;4;14;4;15;4;16;4;17;4;18;4;18;5;18;6;18;7;18;8;18;9;18;10;18;11;18;12;18;13;18;14;18;15;17;15;17;14;17;13;17;12;17;11;17;10;17;9;17;8;17;7;17;6;17;5;16;5;16;6;16;7;16;8;16;9
1;2;18;1;10;4;11;4;12;4;13;4;14;4;15;4;16;4;17;4;18;4;18;5;18;6;18;7;18;8;18;9;18;10;18;11;18;12;18;13;18;14;18;15;17;15;17;14;17;13;17;12;17;11;17;10;17;9;17;8;17;7;17;6;17;5;16;5;16;6;16;7;16;8;16;9;16;10
1;2;18;1;11;4;12;4;13;4;14;4;15;4;16;4;17;4;18;4;18;5;18;6;18;7;18;8;18;9;18;10;18;11;18;12;18;13;18;14;18;15;17;15;17;14;17;13;17;12;17;11;17;10;17;9;17;8;17;7;17;6;17;5;16;5;16;6;16;7;16;8;16;9;16;10;16;11
1;2;18;1;12;4;13;4;14;4;15;4;16;4;17;4;18;4;18;5;18;6;18;7;18;8;18;9;18;10;18;11;18;12;18;13;18;14;18;15;17;15;17;14;17;13;17;12;17;11;17;10;17;9;17;8;17;7;17;6;17;5;16;5;16;6;16;7;16;8;16;9;16;10;16;11;16;12
1;2;18;1;13;4;14;4;15;4;16;4;17;4;18;4;18;5;18;6;18;7;18;8;18;9;18;10;18;11;18;12;18;13;18;14;18;15;17;15;17;14;17;13;17;12;17;11;17;10;17;9;17;8;17;7;17;6;17;5;16;5;16;6;16;7;16;8;16;9;16;10;16;11;16;12;16;13
1;2;18;1;14;4;15;4;16;4;17;4;18;4;18;5;18;6;18;7;18;8;18;9;18;10;18;11;18;12;18;13;18;14;18;15;17;15;17;14;17;13;17;12;17;11;17;10;17;9;17;8;17;7;17;6;17;5;16;5;16;6;16;7;16;8;16;9;16;10;16;11;16;12;16;13;16;14
1;2;18;1;15;4;16;4;17;4;18;4;18;5;18;6;18;7;18;8;18;9;18;10;18;11;18;12;18;13;18;14;18;15;17;15;17;14;17;13;17;12;17;11;17;10;17;9;17;8;17;7;17;6;17;5;16;5;16;6;16;7;16;8;16;9;16;10;16;11;16;12;16;13;16;14;16;15
1;2;18;1;16;4;17;4;18;4;18;5;18;6;18;7;18;8;18;9;18;10;18;11;18;12;18;13;18;14;18;15;17;15;17;14;17;13;17;12;17;11;17;10;17;9;17;8;17;7;17;6;17;5;16;5;16;6;16;7;16;8;16;9;16;10;16;11;16;12;16;13;16;14;16;15;16;16
1;3;18;1;17;4;18;4;18;5;18;6;18;7;18;8;18;9;18;10;18;11;18;12;18;13;18;14;18;15;17;15;17;14;17;13;17;12;17;11;17;10;17;9;17;8;17;7;17;6;17;5;16;5;16;6;16;7;16;8;16;9;16;10;16;11;16;12;16;13;16;14;16;15;16;16;15;16
1;0;18;1;18;4;18;5;18;6;18;7;18;8;18;9;18;10;18;11;18;12;18;13;18;14;18;15;17;15;17;14;17;13;17;12;17;11;17;10;17;9;17;8;17;7;17;6;17;5;16;5;16;6;16;7;16;8;16;9;16;10;16;11;16;12;16;13;16;14;16;15;16;16;15;16;15;15
1;0;18;1;18;5;18;6;18;7;18;8;18;9;18;10;18;11;18;12;18;13;18;14;18;15;17;15;17;14;17;13;17;12;17;11;17;10;17;9;17;8;17;7;17;6;17;5;16;5;16;6;16;7;16;8;16;9;16;10;16;11;16;12;16;13;16;14;16;15;16;16;15;16;15;15;15;14
1;0;18;1;18;6;18;7;18;8;18;9;18;10;18;11;18;12;18;13;18;14;18;15;17;15;17;14;17;13;17;12;17;11;17;10;17;9;17;8;17;7;17;6;17;5;16;5;16;6;16;7;16;8;16;9;16;10;16;11;16;12;16;13;16;14;16;15;16;16;15;16;15;15;15;14;15;13
1;0;18;1;18;7;18;8;18;9;18;10;18;11;18;12;18;13;18;14;18;15;17;15;17;14;17;13;17;12;17;11;17;10;17;9;17;8;17;7;17;6;17;5;16;5;16;6;16;7;16;8;16;9;16;10;16;11;16;12;16;13;16;14;16;15;16;16;15;16;15;15;15;14;15;13;15;12
1;0;18;1;18;8;18;9;18;10;18;11;18;12;18;13;18;14;18;15;17;15;17;14;17;13;17;12;17;11;17;10;17;9;17;8;17;7;17;6;17;5;16;5;16;6;16;7;16;8;16;9;16;10;16;11;16;12;16;13;16;14;16;15;16;16;15;16;15;15;15;14;15;13;15;12;15;11
1;0;18;1;18;9;18;10;18;11;18;12;18;13;18;14;18;15;17;15;17;14;17;13;17;12;17;11;17;10;17;9;17;8;17;7;17;6;17;5;16;5;16;6;16;7;16;8;16;9;16;10;16;11;16;12;16;13;16;14;16;15;16;16;15;16;15;15;15;14;15;13;15;12;15;11;15;10
1;0;18;1;18;10;18;11;18;12;18;13;18;14;18;15;17;15;17;14;17;13;17;12;17;11;17;10;17;9;17;8;17;7;17;6;17;5;16;5;16;6;16;7;16;8;16;9;16;10;16;11;16;12;16;13;16;14;16;15;16;16;15;16;15;15;15;14;15;13;15;12;15;11;15;10;15;9
1;0;18;1;18;11;18;12;18;13;18;14;18;15;17;15;17;14;17;13;17;12;17;11;17;10;17;9;17;8;17;7;17;6;17;5;16;5;16;6;16;7;16;8;16;9;16;10;16;11;16;12;16;13;16;14;16;15;16;16;15;16;15;15;15;14;15;13;15;12;15;11;15;10;15;9;15;8
1;0;18;1;18;12;18;13;18;14;18;15;17;15;17;14;17;13;17;12;17;11;17;10;17;9;17;8;17;7;17;6;17;5;16;5;16;6;16;7;16;8;16;9;16;10;16;11;16;12;16;13;16;14;16;15;16;16;15;16;15;15;15;14;15;13;15;12;15;11;15;10;15;9;15;8;15;7
1;0;18;1;18;13;18;14;18;15;17;15;17;14;17;13;17;12;17;11;17;10;17;9;17;8;17;7;17;6;17;5;16;5;16;6;16;7;16;8;16;9;16;10;16;11;16;12;16;13;16;14;16;15;16;16;15;16;15;15;15;14;15;13;15;12;15;11;15;10;15;9;15;8;15;7;15;6
1;0;18;1;18;14;18;15;17;15;17;14;17;13;17;12;17;11;17;10;17;9;17;8;17;7;17;6;17;5;16;5;16;6;16;7;16;8;16;9;16;10;16;11;16;12;16;13;16;14;16;15;16;16;15;16;15;15;15;14;15;13;15;12;15;11;15;10;15;9;15;8;15;7;15;6;15;5
1;0;18;1;18;15;17;15;17;14;17;13;17;12;17;11;17;10;17;9;17;8;17;7;17;6;17;5;16;5;16;6;16;7;16;8;16;9;16;10;16;11;16;12;16;13;16;14;16;15;16;16;15;16;15;15;15;14;15;13;15;12;15;11;15;10;15;9;15;8;15;7;15;6;15;5;15;4
1;1;18;1;17;15;17;14;17;13;17;12;17;11;17;10;17;9;17;8;17;7;17;6;17;5;16;5;16;6;16;7;16;8;16;9;16;10;16;11;16;12;16;13;16;14;16;15;16;16;15;16;15;15;15;14;15;13;15;12;15;11;15;10;15;9;15;8;15;7;15;6;15;5;15;4;16;4
1;1;18;1;17;14;17;13;17;12;17;11;17;10;17;9;17;8;17;7;17;6;17;5;16;5;16;6;16;7;16;8;16;9;16;10;16;11;16;12;16;13;16;14;16;15;16;16;15;16;15;15;15;14;15;13;15;12;15;11;15;10;15;9;15;8;15;7;15;6;15;5;15;4;16;4;17;4
1;1;18;1;17;13;17;12;17;11;17;10;17;9;17;8;17;7;17;6;17;5;16;5;16;6;16;7;16;8;16;9;16;10;16;11;16;12;16;13;16;14;16;15;16;16;15;16;15;15;15;14;15;13;15;12;15;11;15;10;15;9;15;8;15;7;15;6;15;5;15;4;16;4;17;4;18;4
1;0;18;1;17;12;17;11;17;10;17;9;17;8;17;7;17;6;17;5;16;5;16;6;16;7;16;8;16;9;16;10;16;11;16;12;16;13;16;14;16;15;16;16;15;16;15;15;15;14;15;13;15;12;15;11;15;10;15;9;15;8;15;7;15;6;15;5;15;4;16;4;17;4;18;4;18;3
1;0;18;1;17;11;17;10;17;9;17;8;17;7;17;6;17;5;16;5;16;6;16;7;16;8;16;9;16;10;16;11;16;12;16;13;16;14;16;15;16;16;15;16;15;15;15;14;15;13;15;12;15;11;15;10;15;9;15;8;15;7;15;6;15;5;15;4;16;4;17;4;18;4;18;3;18;2
1;0;10;16;17;10;17;10;17;9;17;8;17;7;17;6;17;5;16;5;16;6;16;7;16;8;16;9;16;10;16;11;16;12;16;13;16;14;16;15;16;16;15;16;15;15;15;14;15;13;15;12;15;11;15;10;15;9;15;8;15;7;15;6;15;5;15;4;16;4;17;4;18;4;18;3;18;2;18;1
1;3;10;16;17;10;17;9;17;8;17;7;17;6;17;5;16;5;16;6;16;7;16;8;16;9;16;10;16;11;16;12;16;13;16;14;16;15;16;16;15;16;15;15;15;14;15;13;15;12;15;11;15;10;15;9;15;8;15;7;15;6;15;5;15;4;16;4;17;4;18;4;18;3;18;2;18;1;17;1
1;3;10;16;17;9;17;8;17;7;17;6;17;5;16;5;16;6;16;7;16;8;16;9;16;10;16;11;16;12;16;13;16;14;16;15;16;16;15;16;15;15;15;14;15;13;15;12;15;11;15;10;15;9;15;8;15;7;15;6;15;5;15;4;16;4;17;4;18;4;18;3;18;2;18;1;17;1;16;1
1;3;10;16;17;8;17;7;17;6;17;5;16;5;16;6;16;7;16;8;16;9;16;10;16;11;16;12;16;13;16;14;16;15;16;16;15;16;15;15;15;14;15;13;15;12;15;11;15;10;15;9;15;8;15;7;15;6;15;5;15;4;16;4;17;4;18;4;18;3;18;2;18;1;17;1;16;1;15;1
1;3;10;16;17;7;17;6;17;5;16;5;16;6;16;7;16;8;16;9;16;10;16;11;16;12;16;13;16;14;16;15;16;16;15;16;15;15;15;14;15;13;15;12;15;11;15;10;15;9;15;8;15;7;15;6;15;5;15;4;16;4;17;4;18;4;18;3;18;2;18;1;17;1;16;1;15;1;14;1
1;3;10;16;17;6;17;5;16;5;16;6;16;7;16;8;16;9;16;10;16;11;16;12;16;13;16;14;16;15;16;16;15;16;15;15;15;14;15;13;15;12;15;11;15;10;15;9;15;8;15;7;15;6;15;5;15;4;16;4;17;4;18;4;18;3;18;2;18;1;17;1;16;1;15;1;14;1;13;1
1;3;10;16;17;5;16;5;16;6;16;7;16;8;16;9;16;10;16;11;16;12;16;13;16;14;16;15;16;16;15;16;15;15;15;14;15;13;15;12;15;11;15;10;15;9;15;8;15;7;15;6;15;5;15;4;16;4;17;4;18;4;18;3;18;2;18;1;17;1;16;1;15;1;14;1;13;1;12;1
1;3;10;16;16;5;16;6;16;7;16;8;16;9;16;10;16;11;16;12;16;13;16;14;16;15;16;16;15;16;15;15;15;14;15;13;15;12;15;11;15;10;15;9;15;8;15;7;15;6;15;5;15;4;16;4;17;4;18;4;18;3;18;2;18;1;17;1;16;1;15;1;14;1;13;1;12;1;11;1
1;3;10;16;16;6;16;7;16;8;16;9;16;10;16;11;16;12;16;13;16;14;16;15;16;16;15;16;15;15;15;14;15;13;15;12;15;11;15;10;15;9;15;8;15;7;15;6;15;5;15;4;16;4;17;4;18;4;18;3;18;2;18;1;17;1;16;1;15;1;14;1;13;1;12;1;11;1;10;1
1;2;10;16;16;7;16;8;16;9;16;10;16;11;16;12;16;13;16;14;16;15;16;16;15;16;15;15;15;14;15;13;15;12;15;11;15;10;15;9;15;8;15;7;15;6;15;5;15;4;16;4;17;4;18;4;18;3;18;2;18;1;17;1;16;1;15;1;14;1;13;1;12;1;11;1;10;1;10;2
1;3;10;16;16;8;16;9;16;10;16;11;16;12;16;13;16;14;16;15;16;16;15;16;15;15;15;14;15;13;15;12;15;11;15;10;15;9;15;8;15;7;15;6;15;5;15;4;16;4;17;4;18;4;18;3;18;2;18;1;17;1;16;1;15;1;14;1;13;1;12;1;11;1;10;1;10;2;9;2
1;2;10;16;16;9;16;10;16;11;16;12;16;13;16;14;16;15;16;16;15;16;15;15;15;14;15;13;15;12;15;11;15;10;15;9;15;8;15;7;15;6;15;5;15;4;16;4;17;4;18;4;18;3;18;2;18;1;17;1;16;1;15;1;14;1;13;1;12;1;11;1;10;1;10;2;9;2;9;3
1;1;10;16;16;10;16;11;16;12;16;13;16;14;16;15;16;16;15;16;15;15;15;14;15;13;15;12;15;11;15;10;15;9;15;8;15;7;15;6;15;5;15;4;16;4;17;4;18;4;18;3;18;2;18;1;17;1;16;1;15;1;14;1;13;1;12;1;11;1;10;1;10;2;9;2;9;3;10;3
1;2;10;16;16;11;16;12;16;13;16;14;16;15;16;16;15;16;15;15;15;14;15;13;15;12;15;11;15;10;15;9;15;8;15;7;15;6;15;5;15;4;16;4;17;4;18;4;18;3;18;2;18;1;17;1;16;1;15;1;14;1;13;1;12;1;11;1;10;1;10;2;9;2;9;3;10;3;10;4
1;2;10;16;16;12;16;13;16;14;16;15;16;16;15;16;15;15;15;14;15;13;15;12;15;11;15;10;15;9;15;8;15;7;15;6;15;5;15;4;16;4;17;4;18;4;18;3;18;2;18;1;17;1;16;1;15;1;14;1;13;1;12;1;11;1;10;1;10;2;9;2;9;3;10;3;10;4;10;5
1;2;10;16;16;13;16;14;16;15;16;16;15;16;15;15;15;14;15;13;15;12;15;11;15;10;15;9;15;8;15;7;15;6;15;5;15;4;16;4;17;4;18;4;18;3;18;2;18;1;17;1;16;1;15;1;14;1;13;1;12;1;11;1;10;1;10;2;9;2;9;3;10;3;10;4;10;5;10;6
1;2;10;16;16;14;16;15;16;16;15;16;15;15;15;14;15;13;15;12;15;11;15;10;15;9;15;8;15;7;15;6;15;5;15;4;16;4;17;4;18;4;18;3;18;2;18;1;17;1;16;1;15;1;14;1;13;1;12;1;11;1;10;1;10;2;9;2;9;3;10;3;10;4;10;5;10;6;10;7
1;2;10;16;16;15;16;16;15;16;15;15;15;14;15;13;15;12;15;11;15;10;15;9;15;8;15;7;15;6;15;5;15;4;16;4;17;4;18;4;18;3;18;2;18;1;17;1;16;1;15;1;14;1;13;1;12;1;11;1;10;1;10;2;9;2;9;3;10;3;10;4;10;5;10;6;10;7;10;8
1;2;10;16;16;16;15;16;15;15;15;14;15;13;15;12;15;11;15;10;15;9;15;8;15;7;15;6;15;5;15;4;16;4;17;4;18;4;18;3;18;2;18;1;17;1;16;1;15;1;14;1;13;1;12;1;11;1;10;1;10;2;9;2;9;3;10;3;10;4;10;5;10;6;10;7;10;8;10;9
1;2;10;16;15;16;15;15;15;14;15;13;15;12;15;11;15;10;15;9;15;8;15;7;15;6;15;5;15;4;16;4;17;4;18;4;18;3;18;2;18;1;17;1;16;1;15;1;14;1;13;1;12;1;11;1;10;1;10;2;9;2;9;3;10;3;10;4;10;5;10;6;10;7;10;8;10;9;10;10
1;2;10;16;15;15;15;14;15;13;15;12;15;11;15;10;15;9;15;8;15;7;15;6;15;5;15;4;16;4;17;4;18;4;18;3;18;2;18;1;17;1;16;1;15;1;14;1;13;1;12;1;11;1;10;1;10;2;9;2;9;3;10;3;10;4;10;5;10;6;10;7;10;8;10;9;10;10;10;11
1;2;10;16;15;14;15;13;15;12;15;11;15;10;15;9;15;8;15;7;15;6;15;5;15;4;16;4;17;4;18;4;18;3;18;2;18;1;17;1;16;1;15;1;14;1;13;1;12;1;11;1;10;1;10;2;9;2;9;3;10;3;10;4;10;5;10;6;10;7;10;8;10;9;10;10;10;11;10;12
1;2;10;16;15;13;15;12;15;11;15;10;15;9;15;8;15;7;15;6;15;5;15;4;16;4;17;4;18;4;18;3;18;2;18;1;17;1;16;1;15;1;14;1;13;1;12;1;11;1;10;1;10;2;9;2;9;3;10;3;10;4;10;5;10;6;10;7;10;8;10;9;10;10;10;11;10;12;10;13
1;2;10;16;15;12;15;11;15;10;15;9;15;8;15;7;15;6;15;5;15;4;16;4;17;4;18;4;18;3;18;2;18;1;17;1;16;1;15;1;14;1;13;1;12;1;11;1;10;1;10;2;9;2;9;3;10;3;10;4;10;5;10;6;10;7;10;8;10;9;10;10;10;11;10;12;10;13;10;14
1;2;10;16;15;11;15;10;15;9;15;8;15;7;15;6;15;5;15;4;16;4;17;4;18;4;18;3;18;2;18;1;17;1;16;1;15;1;14;1;13;1;12;1;11;1;10;1;10;2;9;2;9;3;10;3;10;4;10;5;10;6;10;7;10;8;10;9;10;10;10;11;10;12;10;13;10;14;10;15
1;2;5;0;15;10;15;10;15;9;15;8;15;7;15;6;15;5;15;4;16;4;17;4;18;4;18;3;18;2;18;1;17;1;16;1;15;1;14;1;13;1;12;1;11;1;10;1;10;2;9;2;9;3;10;3;10;4;10;5;10;6;10;7;10;8;10;9;10;10;10;11;10;12;10;13;10;14;10;15;10;16
1;3;5;0;15;10;15;9;15;8;15;7;15;6;15;5;15;4;16;4;17;4;18;4;18;3;18;2;18;1;17;1;16;1;15;1;14;1;13;1;12;1;11;1;10;1;10;2;9;2;9;3;10;3;10;4;10;5;10;6;10;7;10;8;10;9;10;10;10;11;10;12;10;13;10;14;10;15;10;16;9;16
1;3;5;0;15;9;15;8;15;7;15;6;15;5;15;4;16;4;17;4;18;4;18;3;18;2;18;1;17;1;16;1;15;1;14;1;13;1;12;1;11;1;10;1;10;2;9;2;9;3;10;3;10;4;10;5;10;6;10;7;10;8;10;9;10;10;10;11;10;12;10;13;10;14;10;15;10;16;9;16;8;16
1;3;5;0;15;8;15;7;15;6;15;5;15;4;16;4;17;4;18;4;18;3;18;2;18;1;17;1;16;1;15;1;14;1;13;1;12;1;11;1;10;1;10;2;9;2;9;3;10;3;10;4;10;5;10;6;10;7;10;8;10;9;10;10;10;11;10;12;10;13;10;14;10;15;10;16;9;16;8;16;7;16
1;3;5;0;15;7;15;6;15;5;15;4;16;4;17;4;18;4;18;3;18;2;18;1;17;1;16;1;15;1;14;1;13;1;12;1;11;1;10;1;10;2;9;2;9;3;10;3;10;4;10;5;10;6;10;7;10;8;10;9;10;10;10;11;10;12;10;13;10;14;10;15;10;16;9;16;8;16;7;16;6;16
1;3;5;0;15;6;15;5;15;4;16;4;17;4;18;4;18;3;18;2;18;1;17;1;16;1;15;1;14;1;13;1;12;1;11;1;10;1;10;2;9;2;9;3;10;3;10;4;10;5;10;6;10;7;10;8;10;9;10;10;10;11;10;12;10;13;10;14;10;15;10;16;9;16;8;16;7;16;6;16;5;16
1;0;5;0;15;5;15;4;16;4;17;4;18;4;18;3;18;2;18;1;17;1;16;1;15;1;14;1;13;1;12;1;11;1;10;1;10;2;9;2;9;3;10;3;10;4;10;5;10;6;10;7;10;8;10;9;10;10;10;11;10;12;10;13;10;14;10;15;10;16;9;16;8;16;7;16;6;16;5;16;5;15
1;1;5;0;15;4;16;4;17;4;18;4;18;3;18;2;18;1;17;1;16;1;15;1;14;1;13;1;12;1;11;1;10;1;10;2;9;2;9;3;10;3;10;4;10;5;10;6;10;7;10;8;10;9;10;10;10;11;10;12;10;13;10;14;10;15;10;16;9;16;8;16;7;16;6;16;5;16;5;15;6;15
1;0;5;0;16;4;17;4;18;4;18;3;18;2;18;1;17;1;16;1;15;1;14;1;13;1;12;1;11;1;10;1;10;2;9;2;9;3;10;3;10;4;10;5;10;6;10;7;10;8;10;9;10;10;10;11;10;12;10;13;10;14;10;15;10;16;9;16;8;16;7;16;6;16;5;16;5;15;6;15;6;14
1;0;5;0;17;4;18;4;18;3;18;2;18;1;17;1;16;1;15;1;14;1;13;1;12;1;11;1;10;1;10;2;9;2;9;3;10;3;10;4;10;5;10;6;10;7;10;8;10;9;10;10;10;11;10;12;10;13;10;14;10;15;10;16;9;16;8;16;7;16;6;16;5;16;5;15;6;15;6;14;6;13
1;0;5;0;18;4;18;3;18;2;18;1;17;1;16;1;15;1;14;1;13;1;12;1;11;1;10;1;10;2;9;2;9;3;10;3;10;4;10;5;10;6;10;7;10;8;10;9;10;10;10;11;10;12;10;13;10;14;10;15;10;16;9;16;8;16;7;16;6;16;5;16;5;15;6;15;6;14;6;13;6;12
1;0;5;0;18;3;18;2;18;1;17;1;16;1;15;1;14;1;13;1;12;1;11;1;10;1;10;2;9;2;9;3;10;3;10;4;10;5;10;6;10;7;10;8;10;9;10;10;10;11;10;12;10;13;10;14;10;15;10;16;9;16;8;16;7;16;6;16;5;16;5;15;6;15;6;14;6;13;6;12;6;11
1;0;5;0;18;2;18;1;17;1;16;1;15;1;14;1;13;1;12;1;11;1;10;1;10;2;9;2;9;3;10;3;10;4;10;5;10;6;10;7;10;8;10;9;10;10;10;11;10;12;10;13;10;14;10;15;10;16;9;16;8;16;7;16;6;16;5;16;5;15;6;15;6;14;6;13;6;12;6;11;6;10
1;0;5;0;18;1;17;1;16;1;15;1;14;1;13;1;12;1;11;1;10;1;10;2;9;2;9;3;10;3;10;4;10;5;10;6;10;7;10;8;10;9;10;10;10;11;10;12;10;13;10;14;10;15;10;16;9;16;8;16;7;16;6;16;5;16;5;15;6;15;6;14;6;13;6;12;6;11;6;10;6;9
1;0;5;0;17;1;16;1;15;1;14;1;13;1;12;1;11;1;10;1;10;2;9;2;9;3;10;3;10;4;10;5;10;6;10;7;10;8;10;9;10;10;10;11;10;12;10;13;10;14;10;15;10;16;9;16;8;16;7;16;6;16;5;16;5;15;6;15;6;14;6;13;6;12;6;11;6;10;6;9;6;8
1;0;5;0;16;1;15;1;14;1;13;1;12;1;11;1;10;1;10;2;9;2;9;3;10;3;10;4;10;5;10;6;10;7;10;8;10;9;10;10;10;11;10;12;10;13;10;14;10;15;10;16;9;16;8;16;7;16;6;16;5;16;5;15;6;15;6;14;6;13;6;12;6;11;6;10;6;9;6;8;6;7
1;0;5;0;15;1;14;1;13;1;12;1;11;1;10;1;10;2;9;2;9;3;10;3;10;4;10;5;10;6;10;7;10;8;10;9;10;10;10;11;10;12;10;13;10;14;10;15;10;16;9;16;8;16;7;16;6;16;5;16;5;15;6;15;6;14;6;13;6;12;6;11;6;10;6;9;6;8;6;7;6;6
1;0;5;0;14;1;13;1;12;1;11;1;10;1;10;2;9;2;9;3;10;3;10;4;10;5;10;6;10;7;10;8;10;9;10;10;10;11;10;12;10;13;10;14;10;15;10;16;9;16;8;16;7;16;6;16;5;16;5;15;6;15;6;14;6;13;6;12;6;11;6;10;6;9;6;8;6;7;6;6;6;5
1;0;5;0;13;1;12;1;11;1;10;1;10;2;9;2;9;3;10;3;10;4;10;5;10;6;10;7;10;8;10;9;10;10;10;11;10;12;10;13;10;14;10;15;10;16;9;16;8;16;7;16;6;16;5;16;5;15;6;15;6;14;6;13;6;12;6;11;6;10;6;9;6;8;6;7;6;6;6;5;6;4
1;0;5;0;12;1;11;1;10;1;10;2;9;2;9;3;10;3;10;4;10;5;10;6;10;7;10;8;10;9;10;10;10;11;10;12;10;13;10;14;10;15;10;16;9;16;8;16;7;16;6;16;5;16;5;15;6;15;6;14;6;13;6;12;6;11;6;10;6;9;6;8;6;7;6;6;6;5;6;4;6;3
1;0;5;0;11;1;10;1;10;2;9;2;9;3;10;3;10;4;10;5;10;6;10;7;10;8;10;9;10;10;10;11;10;12;10;13;10;14;10;15;10;16;9;16;8;16;7;16;6;16;5;16;5;15;6;15;6;14;6;13;6;12;6;11;6;10;6;9;6;8;6;7;6;6;6;5;6;4;6;3;6;2
1;0;5;0;10;1;10;2;9;2;9;3;10;3;10;4;10;5;10;6;10;7;10;8;10;9;10;10;10;11;10;12;10;13;10;14;10;15;10;16;9;16;8;16;7;16;6;16;5;16;5;15;6;15;6;14;6;13;6;12;6;11;6;10;6;9;6;8;6;7;6;6;6;5;6;4;6;3;6;2;6;1
1;0;5;0;10;2;9;2;9;3;10;3;10;4;10;5;10;6;10;7;10;8;10;9;10;10;10;11;10;12;10;13;10;14;10;15;10;16;9;16;8;16;7;16;6;16;5;16;5;15;6;15;6;14;6;13;6;12;6;11;6;10;6;9;6;8;6;7;6;6;6;5;6;4;6;3;6;2;6;1;6;0
1;3;13;1;9;2;9;2;9;3;10;3;10;4;10;5;10;6;10;7;10;8;10;9;10;10;10;11;10;12;10;13;10;14;10;15;10;16;9;16;8;16;7;16;6;16;5;16;5;15;6;15;6;14;6;13;6;12;6;11;6;10;6;9;6;8;6;7;6;6;6;5;6;4;6;3;6;2;6;1;6;0;5;0
1;2;13;1;9;2;9;3;10;3;10;4;10;5;10;6;10;7;10;8;10;9;10;10;10;11;10;12;10;13;10;14;10;15;10;16;9;16;8;16;7;16;6;16;5;16;5;15;6;15;6;14;6;13;6;12;6;11;6;10;6;9;6;8;6;7;6;6;6;5;6;4;6;3;6;2;6;1;6;0;5;0;5;1
1;2;13;1;9;3;10;3;10;4;10;5;10;6;10;7;10;8;10;9;10;10;10;11;10;12;10;13;10;14;10;15;10;16;9;16;8;16;7;16;6;16;5;16;5;15;6;15;6;14;6;13;6;12;6;11;6;10;6;9;6;8;6;7;6;6;6;5;6;4;6;3;6;2;6;1;6;0;5;0;5;1;5;2
1;2;13;1;10;3;10;4;10;5;10;6;10;7;10;8;10;9;10;10;10;11;10;12;10;13;10;14;10;15;10;16;9;16;8;16;7;16;6;16;5;16;5;15;6;15;6;14;6;13;6;12;6;11;6;10;6;9;6;8;6;7;6;6;6;5;6;4;6;3;6;2;6;1;6;0;5;0;5;1;5;2;5;3
1;2;13;1;10;4;10;5;10;6;10;7;10;8;10;9;10;10;10;11;10;12;10;13;10;14;10;15;10;16;9;16;8;16;7;16;6;16;5;16;5;15;6;15;6;14;6;13;6;12;6;11;6;10;6;9;6;8;6;7;6;6;6;5;6;4;6;3;6;2;6;1;6;0;5;0;5;1;5;2;5;3;5;4
1;2;13;1;10;5;10;6;10;7;10;8;10;9;10;10;10;11;10;12;10;13;10;14;10;15;10;16;9;16;8;16;7;16;6;16;5;16;5;15;6;15;6;14;6;13;6;12;6;11;6;10;6;9;6;8;6;7;6;6;6;5;6;4;6;3;6;2;6;1;6;0;5;0;5;1;5;2;5;3;5;4;5;5
1;2;13;1;10;6;10;7;10;8;10;9;10;10;10;11;10;12;10;13;10;14;10;15;10;16;9;16;8;16;7;16;6;16;5;16;5;15;6;15;6;14;6;13;6;12;6;11;6;10;6;9;6;8;6;7;6;6;6;5;6;4;6;3;6;2;6;1;6;0;5;0;5;1;5;2;5;3;5;4;5;5;5;6
1;2;13;1;10;7;10;8;10;9;10;10;10;11;10;12;10;13;10;14;10;15;10;16;9;16;8;16;7;16;6;16;5;16;5;15;6;15;6;14;6;13;6;12;6;11;6;10;6;9;6;8;6;7;6;6;6;5;6;4;6;3;6;2;6;1;6;0;5;0;5;1;5;2;5;3;5;4;5;5;5;6;5;7
1;2;13;1;10;8;10;9;10;10;10;11;10;12;10;13;10;14;10;15;10;16;9;16;8;16;7;16;6;16;5;16;5;15;6;15;6;14;6;13;6;12;6;11;6;10;6;9;6;8;6;7;6;6;6;5;6;4;6;3;6;2;6;1;6;0;5;0;5;1;5;2;5;3;5;4;5;5;5;6;5;7;5;8
1;2;13;1;10;9;10;10;10;11;10;12;10;13;10;14;10;15;10;16;9;16;8;16;7;16;6;16;5;16;5;15;6;15;6;14;6;13;6;12;6;11;6;10;6;9;6;8;6;7;6;6;6;5;6;4;6;3;6;2;6;1;6;0;5;0;5;1;5;2;5;3;5;4;5;5;5;6;5;7;5;8;5;9
1;2;13;1;10;10;10;11;10;12;10;13;10;14;10;15;10;16;9;16;8;16;7;16;6;16;5;16;5;15;6;15;6;14;6;13;6;12;6;11;6;10;6;9;6;8;6;7;6;6;6;5;6;4;6;3;6;2;6;1;6;0;5;0;5;1;5;2;5;3;5;4;5;5;5;6;5;7;5;8;5;9;5;10
1;2;13;1;10;11;10;12;10;13;10;14;10;15;10;16;9;16;8;16;7;16;6;16;5;16;5;15;6;15;6;14;6;13;6;12;6;11;6;10;6;9;6;8;6;7;6;6;6;5;6;4;6;3;6;2;6;1;6;0;5;0;5;1;5;2;5;3;5;4;5;5;5;6;5;7;5;8;5;9;5;10;5;11
1;3;13;1;10;12;10;13;10;14;10;15;10;16;9;16;8;16;7;16;6;16;5;16;5;15;6;15;6;14;6;13;6;12;6;11;6;10;6;9;6;8;6;7;6;6;6;5;6;4;6;3;6;2;6;1;6;0;5;0;5;1;5;2;5;3;5;4;5;5;5;6;5;7;5;8;5;9;5;10;5;11;4;11
1;0;13;1;10;13;10;14;10;15;10;16;9;16;8;16;7;16;6;16;5;16;5;15;6;15;6;14;6;13;6;12;6;11;6;10;6;9;6;8;6;7;6;6;6;5;6;4;6;3;6;2;6;1;6;0;5;0;5;1;5;2;5;3;5;4;5;5;5;6;5;7;5;8;5;9;5;10;5;11;4;11;4;10
1;0;13;1;10;14;10;15;10;16;9;16;8;16;7;16;6;16;5;16;5;15;6;15;6;14;6;13;6;12;6;11;6;10;6;9;6;8;6;7;6;6;6;5;6;4;6;3;6;2;6;1;6;0;5;0;5;1;5;2;5;3;5;4;5;5;5;6;5;7;5;8;5;9;5;10;5;11;4;11;4;10;4;9
1;0;13;1;10;15;10;16;9;16;8;16;7;16;6;16;5;16;5;15;6;15;6;14;6;13;6;12;6;11;6;10;6;9;6;8;6;7;6;6;6;5;6;4;6;3;6;2;6;1;6;0;5;0;5;1;5;2;5;3;5;4;5;5;5;6;5;7;5;8;5;9;5;10;5;11;4;11;4;10;4;9;4;8
1;0;13;1;10;16;9;16;8;16;7;16;6;16;5;16;5;15;6;15;6;14;6;13;6;12;6;11;6;10;6;9;6;8;6;7;6;6;6;5;6;4;6;3;6;2;6;1;6;0;5;0;5;1;5;2;5;3;5;4;5;5;5;6;5;7;5;8;5;9;5;10;5;11;4;11;4;10;4;9;4;8;4;7
1;0;13;1;9;16;8;16;7;16;6;16;5;16;5;15;6;15;6;14;6;13;6;12;6;11;6;10;6;9;6;8;6;7;6;6;6;5;6;4;6;3;6;2;6;1;6;0;5;0;5;1;5;2;5;3;5;4;5;5;5;6;5;7;5;8;5;9;5;10;5;11;4;11;4;10;4;9;4;8;4;7;4;6
1;0;13;1;8;16;7;16;6;16;5;16;5;15;6;15;6;14;6;13;6;12;6;11;6;10;6;9;6;8;6;7;6;6;6;5;6;4;6;3;6;2;6;1;6;0;5;0;5;1;5;2;5;3;5;4;5;5;5;6;5;7;5;8;5;9;5;10;5;11;4;11;4;10;4;9;4;8;4;7;4;6;4;5
1;0;13;1;7;16;6;16;5;16;5;15;6;15;6;14;6;13;6;12;6;11;6;10;6;9;6;8;6;7;6;6;6;5;6;4;6;3;6;2;6;1;6;0;5;0;5;1;5;2;5;3;5;4;5;5;5;6;5;7;5;8;5;9;5;10;5;11;4;11;4;10;4;9;4;8;4;7;4;6;4;5;4;4
1;0;13;1;6;16;5;16;5;15;6;15;6;14;6;13;6;12;6;11;6;10;6;9;6;8;6;7;6;6;6;5;6;4;6;3;6;2;6;1;6;0;5;0;5;1;5;2;5;3;5;4;5;5;5;6;5;7;5;8;5;9;5;10;5;11;4;11;4;10;4;9;4;8;4;7;4;6;4;5;4;4;4;3
1;0;13;1;5;16;5;15;6;15;6;14;6;13;6;12;6;11;6;10;6;9;6;8;6;7;6;6;6;5;6;4;6;3;6;2;6;1;6;0;5;0;5;1;5;2;5;3;5;4;5;5;5;6;5;7;5;8;5;9;5;10;5;11;4;11;4;10;4;9;4;8;4;7;4;6;4;5;4;4;4;3;4;2
1;0;13;1;5;15;6;15;6;14;6;13;6;12;6;11;6;10;6;9;6;8;6;7;6;6;6;5;6;4;6;3;6;2;6;1;6;0;5;0;5;1;5;2;5;3;5;4;5;5;5;6;5;7;5;8;5;9;5;10;5;11;4;11;4;10;4;9;4;8;4;7;4;6;4;5;4;4;4;3;4;2;4;1
1;0;13;1;6;15;6;14;6;13;6;12;6;11;6;10;6;9;6;8;6;7;6;6;6;5;6;4;6;3;6;2;6;1;6;0;5;0;5;1;5;2;5;3;5;4;5;5;5;6;5;7;5;8;5;9;5;10;5;11;4;11;4;10;4;9;4;8;4;7;4;6;4;5;4;4;4;3;4;2;4;1;4;0
1;3;13;1;6;14;6;13;6;12;6;11;6;10;6;9;6;8;6;7;6;6;6;5;6;4;6;3;6;2;6;1;6;0;5;0;5;1;5;2;5;3;5;4;5;5;5;6;5;7;5;8;5;9;5;10;5;11;4;11;4;10;4;9;4;8;4;7;4;6;4;5;4;4;4;3;4;2;4;1;4;0;3;0
1;2;13;1;6;13;6;12;6;11;6;10;6;9;6;8;6;7;6;6;6;5;6;4;6;3;6;2;6;1;6;0;5;0;5;1;5;2;5;3;5;4;5;5;5;6;5;7;5;8;5;9;5;10;5;11;4;11;4;10;4;9;4;8;4;7;4;6;4;5;4;4;4;3;4;2;4;1;4;0;3;0;3;1
1;2;13;1;6;12;6;11;6;10;6;9;6;8;6;7;6;6;6;5;6;4;6;3;6;2;6;1;6;0;5;0;5;1;5;2;5;3;5;4;5;5;5;6;5;7;5;8;5;9;5;10;5;11;4;11;4;10;4;9;4;8;4;7;4;6;4;5;4;4;4;3;4;2;4;1;4;0;3;0;3;1;3;2
1;2;13;1;6;11;6;10;6;9;6;8;6;7;6;6;6;5;6;4;6;3;6;2;6;1;6;0;5;0;5;1;5;2;5;3;5;4;5;5;5;6;5;7;5;8;5;9;5;10;5;11;4;11;4;10;4;9;4;8;4;7;4;6;4;5;4;4;4;3;4;2;4;1;4;0;3;0;3;1;3;2;3;3
1;2;13;1;6;10;6;9;6;8;6;7;6;6;6;5;6;4;6;3;6;2;6;1;6;0;5;0;5;1;5;2;5;3;5;4;5;5;5;6;5;7;5;8;5;9;5;10;5;11;4;11;4;10;4;9;4;8;4;7;4;6;4;5;4;4;4;3;4;2;4;1;4;0;3;0;3;1;3;2;3;3;3;4
1;2;13;1;6;9;6;8;6;7;6;6;6;5;6;4;6;3;6;2;6;1;6;0;5;0;5;1;5;2;5;3;5;4;5;5;5;6;5;7;5;8;5;9;5;10;5;11;4;11;4;10;4;9;4;8;4;7;4;6;4;5;4;4;4;3;4;2;4;1;4;0;3;0;3;1;3;2;3;3;3;4;3;5
1;2;13;1;6;8;6;7;6;6;6;5;6;4;6;3;6;2;6;1;6;0;5;0;5;1;5;2;5;3;5;4;5;5;5;6;5;7;5;8;5;9;5;10;5;11;4;11;4;10;4;9;4;8;4;7;4;6;4;5;4;4;4;3;4;2;4;1;4;0;3;0;3;1;3;2;3;3;3;4;3;5;3;6
1;2;13;1;6;7;6;6;6;5;6;4;6;3;6;2;6;1;6;0;5;0;5;1;5;2;5;3;5;4;5;5;5;6;5;7;5;8;5;9;5;10;5;11;4;11;4;10;4;9;4;8;4;7;4;6;4;5;4;4;4;3;4;2;4;1;4;0;3;0;3;1;3;2;3;3;3;4;3;5;3;6;3;7
1;2;13;1;6;6;6;5;6;4;6;3;6;2;6;1;6;0;5;0;5;1;5;2;5;3;5;4;5;5;5;6;5;7;5;8;5;9;5;10;5;11;4;11;4;10;4;9;4;8;4;7;4;6;4;5;4;4;4;3;4;2;4;1;4;0;3;0;3;1;3;2;3;3;3;4;3;5;3;6;3;7;3;8
1;2;13;1;6;5;6;4;6;3;6;2;6;1;6;0;5;0;5;1;5;2;5;3;5;4;5;5;5;6;5;7;5;8;5;9;5;10;5;11;4;11;4;10;4;9;4;8;4;7;4;6;4;5;4;4;4;3;4;2;4;1;4;0;3;0;3;1;3;2;3;3;3;4;3;5;3;6;3;7;3;8;3;9
1;2;13;1;6;4;6;3;6;2;6;1;6;0;5;0;5;1;5;2;5;3;5;4;5;5;5;6;5;7;5;8;5;9;5;10;5;11;4;11;4;10;4;9;4;8;4;7;4;6;4;5;4;4;4;3;4;2;4;1;4;0;3;0;3;1;3;2;3;3;3;4;3;5;3;6;3;7;3;8;3;9;3;10
1;2;13;1;6;3;6;2;6;1;6;0;5;0;5;1;5;2;5;3;5;4;5;5;5;6;5;7;5;8;5;9;5;10;5;11;4;11;4;10;4;9;4;8;4;7;4;6;4;5;4;4;4;3;4;2;4;1;4;0;3;0;3;1;3;2;3;3;3;4;3;5;3;6;3;7;3;8;3;9;3;10;3;11
1;3;13;1;6;2;6;1;6;0;5;0;5;1;5;2;5;3;5;4;5;5;5;6;5;7;5;8;5;9;5;10;5;11;4;11;4;10;4;9;4;8;4;7;4;6;4;5;4;4;4;3;4;2;4;1;4;0;3;0;3;1;3;2;3;3;3;4;3;5;3;6;3;7;3;8;3;9;3;10;3;11;2;11
1;0;13;1;6;1;6;0;5;0;5;1;5;2;5;3;5;4;5;5;5;6;5;7;5;8;5;9;5;10;5;11;4;11;4;10;4;9;4;8;4;7;4;6;4;5;4;4;4;3;4;2;4;1;4;0;3;0;3;1;3;2;3;3;3;4;3;5;3;6;3;7;3;8;3;9;3;10;3;11;2;11;2;10
1;0;13;1;6;0;5;0;5;1;5;2;5;3;5;4;5;5;5;6;5;7;5;8;5;9;5;10;5;11;4;11;4;10;4;9;4;8;4;7;4;6;4;5;4;4;4;3;4;2;4;1;4;0;3;0;3;1;3;2;3;3;3;4;3;5;3;6;3;7;3;8;3;9;3;10;3;11;2;11;2;10;2;9
1;0;13;1;5;0;5;1;5;2;5;3;5;4;5;5;5;6;5;7;5;8;5;9;5;10;5;11;4;11;4;10;4;9;4;8;4;7;4;6;4;5;4;4;4;3;4;2;4;1;4;0;3;0;3;1;3;2;3;3;3;4;3;5;3;6;3;7;3;8;3;9;3;10;3;11;2;11;2;10;2;9;2;8
1;0;13;1;5;1;5;2;5;3;5;4;5;5;5;6;5;7;5;8;5;9;5;10;5;11;4;11;4;10;4;9;4;8;4;7;4;6;4;5;4;4;4;3;4;2;4;1;4;0;3;0;3;1;3;2;3;3;3;4;3;5;3;6;3;7;3;8;3;9;3;10;3;11;2;11;2;10;2;9;2;8;2;7
1;0;13;1;5;2;5;3;5;4;5;5;5;6;5;7;5;8;5;9;5;10;5;11;4;11;4;10;4;9;4;8;4;7;4;6;4;5;4;4;4;3;4;2;4;1;4;0;3;0;3;1;3;2;3;3;3;4;3;5;3;6;3;7;3;8;3;9;3;10;3;11;2;11;2;10;2;9;2;8;2;7;2;6
1;0;13;1;5;3;5;4;5;5;5;6;5;7;5;8;5;9;5;10;5;11;4;11;4;10;4;9;4;8;4;7;4;6;4;5;4;4;4;3;4;2;4;1;4;0;3;0;3;1;3;2;3;3;3;4;3;5;3;6;3;7;3;8;3;9;3;10;3;11;2;11;2;10;2;9;2;8;2;7;2;6;2;5
1;0;13;1;5;4;5;5;5;6;5;7;5;8;5;9;5;10;5;11;4;11;4;10;4;9;4;8;4;7;4;6;4;5;4;4;4;3;4;2;4;1;4;0;3;0;3;1;3;2;3;3;3;4;3;5;3;6;3;7;3;8;3;9;3;10;3;11;2;11;2;10;2;9;2;8;2;7;2;6;2;5;2;4
1;0;13;1;5;5;5;6;5;7;5;8;5;9;5;10;5;11;4;11;4;10;4;9;4;8;4;7;4;6;4;5;4;4;4;3;4;2;4;1;4;0;3;0;3;1;3;2;3;3;3;4;3;5;3;6;3;7;3;8;3;9;3;10;3;11;2;11;2;10;2;9;2;8;2;7;2;6;2;5;2;4;2;3
1;0;13;1;5;6;5;7;5;8;5;9;5;10;5;11;4;11;4;10;4;9;4;8;4;7;4;6;4;5;4;4;4;3;4;2;4;1;4;0;3;0;3;1;3;2;3;3;3;4;3;5;3;6;3;7;3;8;3;9;3;10;3;11;2;11;2;10;2;9;2;8;2;7;2;6;2;5;2;4;2;3;2;2
1;0;13;1;5;7;5;8;5;9;5;10;5;11;4;11;4;10;4;9;4;8;4;7;4;6;4;5;4;4;4;3;4;2;4;1;4;0;3;0;3;1;3;2;3;3;3;4;3;5;3;6;3;7;3;8;3;9;3;10;3;11;2;11;2;10;2;9;2;8;2;7;2;6;2;5;2;4;2;3;2;2;2;1
1;0;13;1;5;8;5;9;5;10;5;11;4;11;4;10;4;9;4;8;4;7;4;6;4;5;4;4;4;3;4;2;4;1;4;0;3;0;3;1;3;2;3;3;3;4;3;5;3;6;3;7;3;8;3;9;3;10;3;11;2;11;2;10;2;9;2;8;2;7;2;6;2;5;2;4;2;3;2;2;2;1;2;0
1;3;13;1;5;9;5;10;5;11;4;11;4;10;4;9;4;8;4;7;4;6;4;5;4;4;4;3;4;2;4;1;4;0;3;0;3;1;3;2;3;3;3;4;3;5;3;6;3;7;3;8;3;9;3;10;3;11;2;11;2;10;2;9;2;8;2;7;2;6;2;5;2;4;2;3;2;2;2;1;2;0;1;0
1;2;13;1;5;10;5;11;4;11;4;10;4;9;4;8;4;7;4;6;4;5;4;4;4;3;4;2;4;1;4;0;3;0;3;1;3;2;3;3;3;4;3;5;3;6;3;7;3;8;3;9;3;10;3;11;2;11;2;10;2;9;2;8;2;7;2;6;2;5;2;4;2;3;2;2;2;1;2;0;1;0;1;1
1;3;13;1;5;11;4;11;4;10;4;9;4;8;4;7;4;6;4;5;4;4;4;3;4;2;4;1;4;0;3;0;3;1;3;2;3;3;3;4;3;5;3;6;3;7;3;8;3;9;3;10;3;11;2;11;2;10;2;9;2;8;2;7;2;6;2;5;2;4;2;3;2;2;2;1;2;0;1;0;1;1;0;1
1;2;13;1;4;11;4;10;4;9;4;8;4;7;4;6;4;5;4;4;4;3;4;2;4;1;4;0;3;0;3;1;3;2;3;3;3;4;3;5;3;6;3;7;3;8;3;9;3;10;3;11;2;11;2;10;2;9;2;8;2;7;2;6;2;5;2;4;2;3;2;2;2;1;2;0;1;0;1;1;0;1;0;2
1;2;13;1;4;10;4;9;4;8;4;7;4;6;4;5;4;4;4;3;4;2;4;1;4;0;3;0;3;1;3;2;3;3;3;4;3;5;3;6;3;7;3;8;3;9;3;10;3;11;2;11;2;10;2;9;2;8;2;7;2;6;2;5;2;4;2;3;2;2;2;1;2;0;1;0;1;1;0;1;0;2;0;3
1;2;13;1;4;9;4;8;4;7;4;6;4;5;4;4;4;3;4;2;4;1;4;0;3;0;3;1;3;2;3;3;3;4;3;5;3;6;3;7;3;8;3;9;3;10;3;11;2;11;2;10;2;9;2;8;2;7;2;6;2;5;2;4;2;3;2;2;2;1;2;0;1;0;1;1;0;1;0;2;0;3;0;4
1;2;13;1;4;8;4;7;4;6;4;5;4;4;4;3;4;2;4;1;4;0;3;0;3;1;3;2;3;3;3;4;3;5;3;6;3;7;3;8;3;9;3;10;3;11;2;11;2;10;2;9;2;8;2;7;2;6;2;5;2;4;2;3;2;2;2;1;2;0;1;0;1;1;0;1;0;2;0;3;0;4;0;5
1;2;13;1;4;7;4;6;4;5;4;4;4;3;4;2;4;1;4;0;3;0;3;1;3;2;3;3;3;4;3;5;3;6;3;7;3;8;3;9;3;10;3;11;2;11;2;10;2;9;2;8;2;7;2;6;2;5;2;4;2;3;2;2;2;1;2;0;1;0;1;1;0;1;0;2;0;3;0;4;0;5;0;6
1;2;13;1;4;6;4;5;4;4;4;3;4;2;4;1;4;0;3;0;3;1;3;2;3;3;3;4;3;5;3;6;3;7;3;8;3;9;3;10;3;11;2;11;2;10;2;9;2;8;2;7;2;6;2;5;2;4;2;3;2;2;2;1;2;0;1;0;1;1;0;1;0;2;0;3;0;4;0;5;0;6;0;7
1;2;13;1;4;5;4;4;4;3;4;2;4;1;4;0;3;0;3;1;3;2;3;3;3;4;3;5;3;6;3;7;3;8;3;9;3;10;3;11;2;11;2;10;2;9;2;8;2;7;2;6;2;5;2;4;2;3;2;2;2;1;2;0;1;0;1;1;0;1;0;2;0;3;0;4;0;5;0;6;0;7;0;8
1;2;13;1;4;4;4;3;4;2;4;1;4;0;3;0;3;1;3;2;3;3;3;4;3;5;3;6;3;7;3;8;3;9;3;10;3;11;2;11;2;10;2;9;2;8;2;7;2;6;2;5;2;4;2;3;2;2;2;1;2;0;1;0;1;1;0;1;0;2;0;3;0;4;0;5;0;6;0;7;0;8;0;9
1;2;13;1;4;3;4;2;4;1;4;0;3;0;3;1;3;2;3;3;3;4;3;5;3;6;3;7;3;8;3;9;3;10;3;11;2;11;2;10;2;9;2;8;2;7;2;6;2;5;2;4;2;3;2;2;2;1;2;0;1;0;1;1;0;1;0;2;0;3;0;4;0;5;0;6;0;7;0;8;0;9;0;10
1;2;13;1;4;2;4;1;4;0;3;0;3;1;3;2;3;3;3;4;3;5;3;6;3;7;3;8;3;9;3;10;3;11;2;11;2;10;2;9;2;8;2;7;2;6;2;5;2;4;2;3;2;2;2;1;2;0;1;0;1;1;0;1;0;2;0;3;0;4;0;5;0;6;0;7;0;8;0;9;0;10;0;11
1;2;13;1;4;1;4;0;3;0;3;1;3;2;3;3;3;4;3;5;3;6;3;7;3;8;3;9;3;10;3;11;2;11;2;10;2;9;2;8;2;7;2;6;2;5;2;4;2;3;2;2;2;1;2;0;1;0;1;1;0;1;0;2;0;3;0;4;0;5;0;6;0;7;0;8;0;9;0;10;0;11;0;12
1;1;13;1;4;0;3;0;3;1;3;2;3;3;3;4;3;5;3;6;3;7;3;8;3;9;3;10;3;11;2;11;2;10;2;9;2;8;2;7;2;6;2;5;2;4;2;3;2;2;2;1;2;0;1;0;1;1;0;1;0;2;0;3;0;4;0;5;0;6;0;7;0;8;0;9;0;10;0;11;0;12;1;12
1;0;13;1;3;0;3;1;3;2;3;3;3;4;3;5;3;6;3;7;3;8;3;9;3;10;3;11;2;11;2;10;2;9;2;8;2;7;2;6;2;5;2;4;2;3;2;2;2;1;2;0;1;0;1;1;0;1;0;2;0;3;0;4;0;5;0;6;0;7;0;8;0;9;0;10;0;11;0;12;1;12;1;11
