20
1;1;8;17;8;10;9;10;10;10
1;2;8;17;9;10;10;10;10;11
1;3;8;17;10;10;10;11;9;11
1;3;8;17;10;11;9;11;8;11
1;2;8;17;9;11;8;11;8;12
1;2;8;17;8;11;8;12;8;13
1;2;8;17;8;12;8;13;8;14
1;2;8;17;8;13;8;14;8;15
1;2;8;17;8;14;8;15;8;16
1;2;15;3;8;15;8;15;8;16;8;17
1;3;15;3;8;15;8;16;8;17;7;17
1;0;15;3;8;16;8;17;7;17;7;16
1;0;15;3;8;17;7;17;7;16;7;15
1;1;15;3;7;17;7;16;7;15;8;15
1;1;15;3;7;16;7;15;8;15;9;15
1;1;15;3;7;15;8;15;9;15;10;15
1;1;15;3;8;15;9;15;10;15;11;15
1;1;15;3;9;15;10;15;11;15;12;15
1;1;15;3;10;15;11;15;12;15;13;15
1;1;15;3;11;15;12;15;13;15;14;15
1;1;15;3;12;15;13;15;14;15;15;15
1;0;15;3;13;15;14;15;15;15;15;14
1;0;15;3;14;15;15;15;15;14;15;13
1;0;15;3;15;15;15;14;15;13;15;12
1;0;15;3;15;14;15;13;15;12;15;11
1;0;15;3;15;13;15;12;15;11;15;10
1;0;15;3;15;12;15;11;15;10;15;9
1;0;15;3;15;11;15;10;15;9;15;8
1;0;15;3;15;10;15;9;15;8;15;7
1;0;15;3;15;9;15;8;15;7;15;6
1;0;15;3;15;8;15;7;15;6;15;5
1;0;15;3;15;7;15;6;15;5;15;4
1;0;3;12;15;6;15;6;15;5;15;4;15;3
1;1;3;12;15;6;15;5;15;4;15;3;16;3
1;2;3;12;15;5;15;4;15;3;16;3;16;4
1;2;3;12;15;4;15;3;16;3;16;4;16;5
1;2;3;12;15;3;16;3;16;4;16;5;16;6
1;2;3;12;16;3;16;4;16;5;16;6;16;7
1;2;3;12;16;4;16;5;16;6;16;7;16;8
1;2;3;12;16;5;16;6;16;7;16;8;16;9
1;2;3;12;16;6;16;7;16;8;16;9;16;10
1;2;3;12;16;7;16;8;16;9;16;10;16;11
1;2;3;12;16;8;16;9;16;10;16;11;16;12
1;3;3;12;16;9;16;10;16;11;16;12;15;12
1;3;3;12;16;10;16;11;16;12;15;12;14;12
1;3;3;12;16;11;16;12;15;12;14;12;13;12
1;3;3;12;16;12;15;12;14;12;13;12;12;12
1;3;3;12;15;12;14;12;13;12;12;12;11;12
1;3;3;12;14;12;13;12;12;12;11;12;10;12
1;3;3;12;13;12;12;12;11;12;10;12;9;12
1;3;3;12;12;12;11;12;10;12;9;12;8;12
1;3;3;12;11;12;10;12;9;12;8;12;7;12
1;3;3;12;10;12;9;12;8;12;7;12;6;12
1;3;3;12;9;12;8;12;7;12;6;12;5;12
1;3;3;12;8;12;7;12;6;12;5;12;4;12
1;3;14;12;7;12;7;12;6;12;5;12;4;12;3;12
1;0;14;12;7;12;6;12;5;12;4;12;3;12;3;11
1;1;14;12;6;12;5;12;4;12;3;12;3;11;4;11
1;1;14;12;5;12;4;12;3;12;3;11;4;11;5;11
1;2;14;12;4;12;3;12;3;11;4;11;5;11;5;12
1;1;14;12;3;12;3;11;4;11;5;11;5;12;6;12
1;1;14;12;3;11;4;11;5;11;5;12;6;12;7;12
1;1;14;12;4;11;5;11;5;12;6;12;7;12;8;12
1;1;14;12;5;11;5;12;6;12;7;12;8;12;9;12
1;1;14;12;5;12;6;12;7;12;8;12;9;12;10;12
1;1;14;12;6;12;7;12;8;12;9;12;10;12;11;12
1;1;14;12;7;12;8;12;9;12;10;12;11;12;12;12
1;1;14;12;8;12;9;12;10;12;11;12;12;12;13;12
1;1;5;14;9;12;9;12;10;12;11;12;12;12;13;12;14;12
1;2;5;14;9;12;10;12;11;12;12;12;13;12;14;12;14;13
1;2;5;14;10;12;11;12;12;12;13;12;14;12;14;13;14;14
1;3;5;14;11;12;12;12;13;12;14;12;14;13;14;14;13;14
1;3;5;14;12;12;13;12;14;12;14;13;14;14;13;14;12;14
1;3;5;14;13;12;14;12;14;13;14;14;13;14;12;14;11;14
1;3;5;14;14;12;14;13;14;14;13;14;12;14;11;14;10;14
1;3;5;14;14;13;14;14;13;14;12;14;11;14;10;14;9;14
1;3;5;14;14;14;13;14;12;14;11;14;10;14;9;14;8;14
1;3;5;14;13;14;12;14;11;14;10;14;9;14;8;14;7;14
1;3;5;14;12;14;11;14;10;14;9;14;8;14;7;14;6;14
1;0;5;14;11;14;10;14;9;14;8;14;7;14;6;14;6;13
1;1;5;14;10;14;9;14;8;14;7;14;6;14;6;13;7;13
1;1;5;14;9;14;8;14;7;14;6;14;6;13;7;13;8;13
1;0;5;14;8;14;7;14;6;14;6;13;7;13;8;13;8;12
1;3;5;14;7;14;6;14;6;13;7;13;8;13;8;12;7;12
1;3;5;14;6;14;6;13;7;13;8;13;8;12;7;12;6;12
1;3;5;14;6;13;7;13;8;13;8;12;7;12;6;12;5;12
1;2;5;14;7;13;8;13;8;12;7;12;6;12;5;12;5;13
1;2;8;18;8;13;8;13;8;12;7;12;6;12;5;12;5;13;5;14
1;1;8;18;8;13;8;12;7;12;6;12;5;12;5;13;5;14;6;14
1;1;8;18;8;12;7;12;6;12;5;12;5;13;5;14;6;14;7;14
1;0;8;18;7;12;6;12;5;12;5;13;5;14;6;14;7;14;7;13
1;1;8;18;6;12;5;12;5;13;5;14;6;14;7;14;7;13;8;13
1;2;8;18;5;12;5;13;5;14;6;14;7;14;7;13;8;13;8;14
1;2;8;18;5;13;5;14;6;14;7;14;7;13;8;13;8;14;8;15
1;2;8;18;5;14;6;14;7;14;7;13;8;13;8;14;8;15;8;16
1;2;8;18;6;14;7;14;7;13;8;13;8;14;8;15;8;16;8;17
1;2;15;17;7;14;7;14;7;13;8;13;8;14;8;15;8;16;8;17;8;18
1;1;15;17;7;14;7;13;8;13;8;14;8;15;8;16;8;17;8;18;9;18
1;0;15;17;7;13;8;13;8;14;8;15;8;16;8;17;8;18;9;18;9;17
1;1;15;17;8;13;8;14;8;15;8;16;8;17;8;18;9;18;9;17;10;17
1;1;15;17;8;14;8;15;8;16;8;17;8;18;9;18;9;17;10;17;11;17
1;1;15;17;8;15;8;16;8;17;8;18;9;18;9;17;10;17;11;17;12;17
1;1;15;17;8;16;8;17;8;18;9;18;9;17;10;17;11;17;12;17;13;17
1;1;15;17;8;17;8;18;9;18;9;17;10;17;11;17;12;17;13;17;14;17
1;1;19;6;8;18;8;18;9;18;9;17;10;17;11;17;12;17;13;17;14;17;15;17
1;1;19;6;8;18;9;18;9;17;10;17;11;17;12;17;13;17;14;17;15;17;16;17
1;1;19;6;9;18;9;17;10;17;11;17;12;17;13;17;14;17;15;17;16;17;17;17
1;0;19;6;9;17;10;17;11;17;12;17;13;17;14;17;15;17;16;17;17;17;17;16
1;0;19;6;10;17;11;17;12;17;13;17;14;17;15;17;16;17;17;17;17;16;17;15
1;0;19;6;11;17;12;17;13;17;14;17;15;17;16;17;17;17;17;16;17;15;17;14
1;0;19;6;12;17;13;17;14;17;15;17;16;17;17;17;17;16;17;15;17;14;17;13
1;0;19;6;13;17;14;17;15;17;16;17;17;17;17;16;17;15;17;14;17;13;17;12
1;0;19;6;14;17;15;17;16;17;17;17;17;16;17;15;17;14;17;13;17;12;17;11
1;1;19;6;15;17;16;17;17;17;17;16;17;15;17;14;17;13;17;12;17;11;18;11
1;1;19;6;16;17;17;17;17;16;17;15;17;14;17;13;17;12;17;11;18;11;19;11
1;0;19;6;17;17;17;16;17;15;17;14;17;13;17;12;17;11;18;11;19;11;19;10
1;0;19;6;17;16;17;15;17;14;17;13;17;12;17;11;18;11;19;11;19;10;19;9
1;0;19;6;17;15;17;14;17;13;17;12;17;11;18;11;19;11;19;10;19;9;19;8
1;0;19;6;17;14;17;13;17;12;17;11;18;11;19;11;19;10;19;9;19;8;19;7
1;0;10;8;17;13;17;13;17;12;17;11;18;11;19;11;19;10;19;9;19;8;19;7;19;6
1;3;10;8;17;13;17;12;17;11;18;11;19;11;19;10;19;9;19;8;19;7;19;6;18;6
1;2;10;8;17;12;17;11;18;11;19;11;19;10;19;9;19;8;19;7;19;6;18;6;18;7
1;2;10;8;17;11;18;11;19;11;19;10;19;9;19;8;19;7;19;6;18;6;18;7;18;8
1;3;10;8;18;11;19;11;19;10;19;9;19;8;19;7;19;6;18;6;18;7;18;8;17;8
1;3;10;8;19;11;19;10;19;9;19;8;19;7;19;6;18;6;18;7;18;8;17;8;16;8
1;3;10;8;19;10;19;9;19;8;19;7;19;6;18;6;18;7;18;8;17;8;16;8;15;8
1;3;10;8;19;9;19;8;19;7;19;6;18;6;18;7;18;8;17;8;16;8;15;8;14;8
1;3;10;8;19;8;19;7;19;6;18;6;18;7;18;8;17;8;16;8;15;8;14;8;13;8
1;3;10;8;19;7;19;6;18;6;18;7;18;8;17;8;16;8;15;8;14;8;13;8;12;8
1;3;10;8;19;6;18;6;18;7;18;8;17;8;16;8;15;8;14;8;13;8;12;8;11;8
1;3;16;18;18;6;18;6;18;7;18;8;17;8;16;8;15;8;14;8;13;8;12;8;11;8;10;8
1;2;16;18;18;6;18;7;18;8;17;8;16;8;15;8;14;8;13;8;12;8;11;8;10;8;10;9
1;1;16;18;18;7;18;8;17;8;16;8;15;8;14;8;13;8;12;8;11;8;10;8;10;9;11;9
1;1;16;18;18;8;17;8;16;8;15;8;14;8;13;8;12;8;11;8;10;8;10;9;11;9;12;9
1;1;16;18;17;8;16;8;15;8;14;8;13;8;12;8;11;8;10;8;10;9;11;9;12;9;13;9
1;1;16;18;16;8;15;8;14;8;13;8;12;8;11;8;10;8;10;9;11;9;12;9;13;9;14;9
1;1;16;18;15;8;14;8;13;8;12;8;11;8;10;8;10;9;11;9;12;9;13;9;14;9;15;9
1;1;16;18;14;8;13;8;12;8;11;8;10;8;10;9;11;9;12;9;13;9;14;9;15;9;16;9
1;2;16;18;13;8;12;8;11;8;10;8;10;9;11;9;12;9;13;9;14;9;15;9;16;9;16;10
1;2;16;18;12;8;11;8;10;8;10;9;11;9;12;9;13;9;14;9;15;9;16;9;16;10;16;11
1;2;16;18;11;8;10;8;10;9;11;9;12;9;13;9;14;9;15;9;16;9;16;10;16;11;16;12
1;2;16;18;10;8;10;9;11;9;12;9;13;9;14;9;15;9;16;9;16;10;16;11;16;12;16;13
1;2;16;18;10;9;11;9;12;9;13;9;14;9;15;9;16;9;16;10;16;11;16;12;16;13;16;14
1;2;16;18;11;9;12;9;13;9;14;9;15;9;16;9;16;10;16;11;16;12;16;13;16;14;16;15
1;2;16;18;12;9;13;9;14;9;15;9;16;9;16;10;16;11;16;12;16;13;16;14;16;15;16;16
1;2;16;18;13;9;14;9;15;9;16;9;16;10;16;11;16;12;16;13;16;14;16;15;16;16;16;17
1;2;17;19;14;9;14;9;15;9;16;9;16;10;16;11;16;12;16;13;16;14;16;15;16;16;16;17;16;18
1;2;17;19;14;9;15;9;16;9;16;10;16;11;16;12;16;13;16;14;16;15;16;16;16;17;16;18;16;19
1;1;7;11;15;9;15;9;16;9;16;10;16;11;16;12;16;13;16;14;16;15;16;16;16;17;16;18;16;19;17;19
1;0;7;11;15;9;16;9;16;10;16;11;16;12;16;13;16;14;16;15;16;16;16;17;16;18;16;19;17;19;17;18
1;0;7;11;16;9;16;10;16;11;16;12;16;13;16;14;16;15;16;16;16;17;16;18;16;19;17;19;17;18;17;17
1;0;7;11;16;10;16;11;16;12;16;13;16;14;16;15;16;16;16;17;16;18;16;19;17;19;17;18;17;17;17;16
1;0;7;11;16;11;16;12;16;13;16;14;16;15;16;16;16;17;16;18;16;19;17;19;17;18;17;17;17;16;17;15
1;0;7;11;16;12;16;13;16;14;16;15;16;16;16;17;16;18;16;19;17;19;17;18;17;17;17;16;17;15;17;14
1;0;7;11;16;13;16;14;16;15;16;16;16;17;16;18;16;19;17;19;17;18;17;17;17;16;17;15;17;14;17;13
1;0;7;11;16;14;16;15;16;16;16;17;16;18;16;19;17;19;17;18;17;17;17;16;17;15;17;14;17;13;17;12
1;0;7;11;16;15;16;16;16;17;16;18;16;19;17;19;17;18;17;17;17;16;17;15;17;14;17;13;17;12;17;11
1;3;7;11;16;16;16;17;16;18;16;19;17;19;17;18;17;17;17;16;17;15;17;14;17;13;17;12;17;11;16;11
1;3;7;11;16;17;16;18;16;19;17;19;17;18;17;17;17;16;17;15;17;14;17;13;17;12;17;11;16;11;15;11
1;3;7;11;16;18;16;19;17;19;17;18;17;17;17;16;17;15;17;14;17;13;17;12;17;11;16;11;15;11;14;11
1;3;7;11;16;19;17;19;17;18;17;17;17;16;17;15;17;14;17;13;17;12;17;11;16;11;15;11;14;11;13;11
1;3;7;11;17;19;17;18;17;17;17;16;17;15;17;14;17;13;17;12;17;11;16;11;15;11;14;11;13;11;12;11
1;3;7;11;17;18;17;17;17;16;17;15;17;14;17;13;17;12;17;11;16;11;15;11;14;11;13;11;12;11;11;11
1;3;7;11;17;17;17;16;17;15;17;14;17;13;17;12;17;11;16;11;15;11;14;11;13;11;12;11;11;11;10;11
1;3;7;11;17;16;17;15;17;14;17;13;17;12;17;11;16;11;15;11;14;11;13;11;12;11;11;11;10;11;9;11
1;2;7;11;17;15;17;14;17;13;17;12;17;11;16;11;15;11;14;11;13;11;12;11;11;11;10;11;9;11;9;12
1;3;7;11;17;14;17;13;17;12;17;11;16;11;15;11;14;11;13;11;12;11;11;11;10;11;9;11;9;12;8;12
1;2;7;11;17;13;17;12;17;11;16;11;15;11;14;11;13;11;12;11;11;11;10;11;9;11;9;12;8;12;8;13
1;3;7;11;17;12;17;11;16;11;15;11;14;11;13;11;12;11;11;11;10;11;9;11;9;12;8;12;8;13;7;13
1;0;7;11;17;11;16;11;15;11;14;11;13;11;12;11;11;11;10;11;9;11;9;12;8;12;8;13;7;13;7;12
1;0;19;14;16;11;16;11;15;11;14;11;13;11;12;11;11;11;10;11;9;11;9;12;8;12;8;13;7;13;7;12;7;11
1;0;19;14;16;11;15;11;14;11;13;11;12;11;11;11;10;11;9;11;9;12;8;12;8;13;7;13;7;12;7;11;7;10
1;1;19;14;15;11;14;11;13;11;12;11;11;11;10;11;9;11;9;12;8;12;8;13;7;13;7;12;7;11;7;10;8;10
1;1;19;14;14;11;13;11;12;11;11;11;10;11;9;11;9;12;8;12;8;13;7;13;7;12;7;11;7;10;8;10;9;10
1;1;19;14;13;11;12;11;11;11;10;11;9;11;9;12;8;12;8;13;7;13;7;12;7;11;7;10;8;10;9;10;10;10
1;1;19;14;12;11;11;11;10;11;9;11;9;12;8;12;8;13;7;13;7;12;7;11;7;10;8;10;9;10;10;10;11;10
1;1;19;14;11;11;10;11;9;11;9;12;8;12;8;13;7;13;7;12;7;11;7;10;8;10;9;10;10;10;11;10;12;10
1;2;19;14;10;11;9;11;9;12;8;12;8;13;7;13;7;12;7;11;7;10;8;10;9;10;10;10;11;10;12;10;12;11
1;2;19;14;9;11;9;12;8;12;8;13;7;13;7;12;7;11;7;10;8;10;9;10;10;10;11;10;12;10;12;11;12;12
1;2;19;14;9;12;8;12;8;13;7;13;7;12;7;11;7;10;8;10;9;10;10;10;11;10;12;10;12;11;12;12;12;13
1;2;19;14;8;12;8;13;7;13;7;12;7;11;7;10;8;10;9;10;10;10;11;10;12;10;12;11;12;12;12;13;12;14
1;1;19;14;8;13;7;13;7;12;7;11;7;10;8;10;9;10;10;10;11;10;12;10;12;11;12;12;12;13;12;14;13;14
1;1;19;14;7;13;7;12;7;11;7;10;8;10;9;10;10;10;11;10;12;10;12;11;12;12;12;13;12;14;13;14;14;14
1;1;19;14;7;12;7;11;7;10;8;10;9;10;10;10;11;10;12;10;12;11;12;12;12;13;12;14;13;14;14;14;15;14
1;1;19;14;7;11;7;10;8;10;9;10;10;10;11;10;12;10;12;11;12;12;12;13;12;14;13;14;14;14;15;14;16;14
1;1;19;14;7;10;8;10;9;10;10;10;11;10;12;10;12;11;12;12;12;13;12;14;13;14;14;14;15;14;16;14;17;14
1;1;19;14;8;10;9;10;10;10;11;10;12;10;12;11;12;12;12;13;12;14;13;14;14;14;15;14;16;14;17;14;18;14
1;1;13;15;9;10;9;10;10;10;11;10;12;10;12;11;12;12;12;13;12;14;13;14;14;14;15;14;16;14;17;14;18;14;19;14
1;2;13;15;9;10;10;10;11;10;12;10;12;11;12;12;12;13;12;14;13;14;14;14;15;14;16;14;17;14;18;14;19;14;19;15
1;3;13;15;10;10;11;10;12;10;12;11;12;12;12;13;12;14;13;14;14;14;15;14;16;14;17;14;18;14;19;14;19;15;18;15
1;3;13;15;11;10;12;10;12;11;12;12;12;13;12;14;13;14;14;14;15;14;16;14;17;14;18;14;19;14;19;15;18;15;17;15
1;3;13;15;12;10;12;11;12;12;12;13;12;14;13;14;14;14;15;14;16;14;17;14;18;14;19;14;19;15;18;15;17;15;16;15
1;3;13;15;12;11;12;12;12;13;12;14;13;14;14;14;15;14;16;14;17;14;18;14;19;14;19;15;18;15;17;15;16;15;15;15
1;3;13;15;12;12;12;13;12;14;13;14;14;14;15;14;16;14;17;14;18;14;19;14;19;15;18;15;17;15;16;15;15;15;14;15
1;3;19;19;12;13;12;13;12;14;13;14;14;14;15;14;16;14;17;14;18;14;19;14;19;15;18;15;17;15;16;15;15;15;14;15;13;15
1;3;19;19;12;13;12;14;13;14;14;14;15;14;16;14;17;14;18;14;19;14;19;15;18;15;17;15;16;15;15;15;14;15;13;15;12;15
1;3;19;19;12;14;13;14;14;14;15;14;16;14;17;14;18;14;19;14;19;15;18;15;17;15;16;15;15;15;14;15;13;15;12;15;11;15
1;2;19;19;13;14;14;14;15;14;16;14;17;14;18;14;19;14;19;15;18;15;17;15;16;15;15;15;14;15;13;15;12;15;11;15;11;16
1;1;19;19;14;14;15;14;16;14;17;14;18;14;19;14;19;15;18;15;17;15;16;15;15;15;14;15;13;15;12;15;11;15;11;16;12;16
1;1;19;19;15;14;16;14;17;14;18;14;19;14;19;15;18;15;17;15;16;15;15;15;14;15;13;15;12;15;11;15;11;16;12;16;13;16
1;1;19;19;16;14;17;14;18;14;19;14;19;15;18;15;17;15;16;15;15;15;14;15;13;15;12;15;11;15;11;16;12;16;13;16;14;16
1;1;19;19;17;14;18;14;19;14;19;15;18;15;17;15;16;15;15;15;14;15;13;15;12;15;11;15;11;16;12;16;13;16;14;16;15;16
1;1;19;19;18;14;19;14;19;15;18;15;17;15;16;15;15;15;14;15;13;15;12;15;11;15;11;16;12;16;13;16;14;16;15;16;16;16
1;2;19;19;19;14;19;15;18;15;17;15;16;15;15;15;14;15;13;15;12;15;11;15;11;16;12;16;13;16;14;16;15;16;16;16;16;17
1;2;19;19;19;15;18;15;17;15;16;15;15;15;14;15;13;15;12;15;11;15;11;16;12;16;13;16;14;16;15;16;16;16;16;17;16;18
1;2;19;19;18;15;17;15;16;15;15;15;14;15;13;15;12;15;11;15;11;16;12;16;13;16;14;16;15;16;16;16;16;17;16;18;16;19
1;1;19;19;17;15;16;15;15;15;14;15;13;15;12;15;11;15;11;16;12;16;13;16;14;16;15;16;16;16;16;17;16;18;16;19;17;19
1;1;19;19;16;15;15;15;14;15;13;15;12;15;11;15;11;16;12;16;13;16;14;16;15;16;16;16;16;17;16;18;16;19;17;19;18;19
1;1;2;10;15;15;15;15;14;15;13;15;12;15;11;15;11;16;12;16;13;16;14;16;15;16;16;16;16;17;16;18;16;19;17;19;18;19;19;19
1;0;2;10;15;15;14;15;13;15;12;15;11;15;11;16;12;16;13;16;14;16;15;16;16;16;16;17;16;18;16;19;17;19;18;19;19;19;19;18
1;0;2;10;14;15;13;15;12;15;11;15;11;16;12;16;13;16;14;16;15;16;16;16;16;17;16;18;16;19;17;19;18;19;19;19;19;18;19;17
1;0;2;10;13;15;12;15;11;15;11;16;12;16;13;16;14;16;15;16;16;16;16;17;16;18;16;19;17;19;18;19;19;19;19;18;19;17;19;16
1;0;2;10;12;15;11;15;11;16;12;16;13;16;14;16;15;16;16;16;16;17;16;18;16;19;17;19;18;19;19;19;19;18;19;17;19;16;19;15
1;0;2;10;11;15;11;16;12;16;13;16;14;16;15;16;16;16;16;17;16;18;16;19;17;19;18;19;19;19;19;18;19;17;19;16;19;15;19;14
1;0;2;10;11;16;12;16;13;16;14;16;15;16;16;16;16;17;16;18;16;19;17;19;18;19;19;19;19;18;19;17;19;16;19;15;19;14;19;13
1;0;2;10;12;16;13;16;14;16;15;16;16;16;16;17;16;18;16;19;17;19;18;19;19;19;19;18;19;17;19;16;19;15;19;14;19;13;19;12
1;0;2;10;13;16;14;16;15;16;16;16;16;17;16;18;16;19;17;19;18;19;19;19;19;18;19;17;19;16;19;15;19;14;19;13;19;12;19;11
1;0;2;10;14;16;15;16;16;16;16;17;16;18;16;19;17;19;18;19;19;19;19;18;19;17;19;16;19;15;19;14;19;13;19;12;19;11;19;10
1;3;2;10;15;16;16;16;16;17;16;18;16;19;17;19;18;19;19;19;19;18;19;17;19;16;19;15;19;14;19;13;19;12;19;11;19;10;18;10
1;3;2;10;16;16;16;17;16;18;16;19;17;19;18;19;19;19;19;18;19;17;19;16;19;15;19;14;19;13;19;12;19;11;19;10;18;10;17;10
1;3;2;10;16;17;16;18;16;19;17;19;18;19;19;19;19;18;19;17;19;16;19;15;19;14;19;13;19;12;19;11;19;10;18;10;17;10;16;10
1;3;2;10;16;18;16;19;17;19;18;19;19;19;19;18;19;17;19;16;19;15;19;14;19;13;19;12;19;11;19;10;18;10;17;10;16;10;15;10
1;3;2;10;16;19;17;19;18;19;19;19;19;18;19;17;19;16;19;15;19;14;19;13;19;12;19;11;19;10;18;10;17;10;16;10;15;10;14;10
1;3;2;10;17;19;18;19;19;19;19;18;19;17;19;16;19;15;19;14;19;13;19;12;19;11;19;10;18;10;17;10;16;10;15;10;14;10;13;10
1;3;2;10;18;19;19;19;19;18;19;17;19;16;19;15;19;14;19;13;19;12;19;11;19;10;18;10;17;10;16;10;15;10;14;10;13;10;12;10
1;3;2;10;19;19;19;18;19;17;19;16;19;15;19;14;19;13;19;12;19;11;19;10;18;10;17;10;16;10;15;10;14;10;13;10;12;10;11;10
1;3;2;10;19;18;19;17;19;16;19;15;19;14;19;13;19;12;19;11;19;10;18;10;17;10;16;10;15;10;14;10;13;10;12;10;11;10;10;10
1;3;2;10;19;17;19;16;19;15;19;14;19;13;19;12;19;11;19;10;18;10;17;10;16;10;15;10;14;10;13;10;12;10;11;10;10;10;9;10
1;3;2;10;19;16;19;15;19;14;19;13;19;12;19;11;19;10;18;10;17;10;16;10;15;10;14;10;13;10;12;10;11;10;10;10;9;10;8;10
1;3;2;10;19;15;19;14;19;13;19;12;19;11;19;10;18;10;17;10;16;10;15;10;14;10;13;10;12;10;11;10;10;10;9;10;8;10;7;10
1;3;2;10;19;14;19;13;19;12;19;11;19;10;18;10;17;10;16;10;15;10;14;10;13;10;12;10;11;10;10;10;9;10;8;10;7;10;6;10
1;3;2;10;19;13;19;12;19;11;19;10;18;10;17;10;16;10;15;10;14;10;13;10;12;10;11;10;10;10;9;10;8;10;7;10;6;10;5;10
1;3;2;10;19;12;19;11;19;10;18;10;17;10;16;10;15;10;14;10;13;10;12;10;11;10;10;10;9;10;8;10;7;10;6;10;5;10;4;10
1;3;2;10;19;11;19;10;18;10;17;10;16;10;15;10;14;10;13;10;12;10;11;10;10;10;9;10;8;10;7;10;6;10;5;10;4;10;3;10
1;3;19;4;19;10;19;10;18;10;17;10;16;10;15;10;14;10;13;10;12;10;11;10;10;10;9;10;8;10;7;10;6;10;5;10;4;10;3;10;2;10
1;2;19;4;19;10;18;10;17;10;16;10;15;10;14;10;13;10;12;10;11;10;10;10;9;10;8;10;7;10;6;10;5;10;4;10;3;10;2;10;2;11
1;1;19;4;18;10;17;10;16;10;15;10;14;10;13;10;12;10;11;10;10;10;9;10;8;10;7;10;6;10;5;10;4;10;3;10;2;10;2;11;3;11
1;1;19;4;17;10;16;10;15;10;14;10;13;10;12;10;11;10;10;10;9;10;8;10;7;10;6;10;5;10;4;10;3;10;2;10;2;11;3;11;4;11
1;1;19;4;16;10;15;10;14;10;13;10;12;10;11;10;10;10;9;10;8;10;7;10;6;10;5;10;4;10;3;10;2;10;2;11;3;11;4;11;5;11
1;1;19;4;15;10;14;10;13;10;12;10;11;10;10;10;9;10;8;10;7;10;6;10;5;10;4;10;3;10;2;10;2;11;3;11;4;11;5;11;6;11
1;1;19;4;14;10;13;10;12;10;11;10;10;10;9;10;8;10;7;10;6;10;5;10;4;10;3;10;2;10;2;11;3;11;4;11;5;11;6;11;7;11
1;1;19;4;13;10;12;10;11;10;10;10;9;10;8;10;7;10;6;10;5;10;4;10;3;10;2;10;2;11;3;11;4;11;5;11;6;11;7;11;8;11
1;1;19;4;12;10;11;10;10;10;9;10;8;10;7;10;6;10;5;10;4;10;3;10;2;10;2;11;3;11;4;11;5;11;6;11;7;11;8;11;9;11
1;1;19;4;11;10;10;10;9;10;8;10;7;10;6;10;5;10;4;10;3;10;2;10;2;11;3;11;4;11;5;11;6;11;7;11;8;11;9;11;10;11
1;2;19;4;10;10;9;10;8;10;7;10;6;10;5;10;4;10;3;10;2;10;2;11;3;11;4;11;5;11;6;11;7;11;8;11;9;11;10;11;10;12
1;2;19;4;9;10;8;10;7;10;6;10;5;10;4;10;3;10;2;10;2;11;3;11;4;11;5;11;6;11;7;11;8;11;9;11;10;11;10;12;10;13
1;2;19;4;8;10;7;10;6;10;5;10;4;10;3;10;2;10;2;11;3;11;4;11;5;11;6;11;7;11;8;11;9;11;10;11;10;12;10;13;10;14
1;2;19;4;7;10;6;10;5;10;4;10;3;10;2;10;2;11;3;11;4;11;5;11;6;11;7;11;8;11;9;11;10;11;10;12;10;13;10;14;10;15
1;2;19;4;6;10;5;10;4;10;3;10;2;10;2;11;3;11;4;11;5;11;6;11;7;11;8;11;9;11;10;11;10;12;10;13;10;14;10;15;10;16
1;1;19;4;5;10;4;10;3;10;2;10;2;11;3;11;4;11;5;11;6;11;7;11;8;11;9;11;10;11;10;12;10;13;10;14;10;15;10;16;11;16
1;1;19;4;4;10;3;10;2;10;2;11;3;11;4;11;5;11;6;11;7;11;8;11;9;11;10;11;10;12;10;13;10;14;10;15;10;16;11;16;12;16
1;1;19;4;3;10;2;10;2;11;3;11;4;11;5;11;6;11;7;11;8;11;9;11;10;11;10;12;10;13;10;14;10;15;10;16;11;16;12;16;13;16
1;1;19;4;2;10;2;11;3;11;4;11;5;11;6;11;7;11;8;11;9;11;10;11;10;12;10;13;10;14;10;15;10;16;11;16;12;16;13;16;14;16
1;1;19;4;2;11;3;11;4;11;5;11;6;11;7;11;8;11;9;11;10;11;10;12;10;13;10;14;10;15;10;16;11;16;12;16;13;16;14;16;15;16
1;1;19;4;3;11;4;11;5;11;6;11;7;11;8;11;9;11;10;11;10;12;10;13;10;14;10;15;10;16;11;16;12;16;13;16;14;16;15;16;16;16
1;0;19;4;4;11;5;11;6;11;7;11;8;11;9;11;10;11;10;12;10;13;10;14;10;15;10;16;11;16;12;16;13;16;14;16;15;16;16;16;16;15
1;0;19;4;5;11;6;11;7;11;8;11;9;11;10;11;10;12;10;13;10;14;10;15;10;16;11;16;12;16;13;16;14;16;15;16;16;16;16;15;16;14
1;0;19;4;6;11;7;11;8;11;9;11;10;11;10;12;10;13;10;14;10;15;10;16;11;16;12;16;13;16;14;16;15;16;16;16;16;15;16;14;16;13
1;0;19;4;7;11;8;11;9;11;10;11;10;12;10;13;10;14;10;15;10;16;11;16;12;16;13;16;14;16;15;16;16;16;16;15;16;14;16;13;16;12
1;0;19;4;8;11;9;11;10;11;10;12;10;13;10;14;10;15;10;16;11;16;12;16;13;16;14;16;15;16;16;16;16;15;16;14;16;13;16;12;16;11
1;1;19;4;9;11;10;11;10;12;10;13;10;14;10;15;10;16;11;16;12;16;13;16;14;16;15;16;16;16;16;15;16;14;16;13;16;12;16;11;17;11
1;1;19;4;10;11;10;12;10;13;10;14;10;15;10;16;11;16;12;16;13;16;14;16;15;16;16;16;16;15;16;14;16;13;16;12;16;11;17;11;18;11
1;1;19;4;10;12;10;13;10;14;10;15;10;16;11;16;12;16;13;16;14;16;15;16;16;16;16;15;16;14;16;13;16;12;16;11;17;11;18;11;19;11
1;0;19;4;10;13;10;14;10;15;10;16;11;16;12;16;13;16;14;16;15;16;16;16;16;15;16;14;16;13;16;12;16;11;17;11;18;11;19;11;19;10
1;0;19;4;10;14;10;15;10;16;11;16;12;16;13;16;14;16;15;16;16;16;16;15;16;14;16;13;16;12;16;11;17;11;18;11;19;11;19;10;19;9
1;0;19;4;10;15;10;16;11;16;12;16;13;16;14;16;15;16;16;16;16;15;16;14;16;13;16;12;16;11;17;11;18;11;19;11;19;10;19;9;19;8
1;0;19;4;10;16;11;16;12;16;13;16;14;16;15;16;16;16;16;15;16;14;16;13;16;12;16;11;17;11;18;11;19;11;19;10;19;9;19;8;19;7
1;0;19;4;11;16;12;16;13;16;14;16;15;16;16;16;16;15;16;14;16;13;16;12;16;11;17;11;18;11;19;11;19;10;19;9;19;8;19;7;19;6
1;0;19;4;12;16;13;16;14;16;15;16;16;16;16;15;16;14;16;13;16;12;16;11;17;11;18;11;19;11;19;10;19;9;19;8;19;7;19;6;19;5
1;0;9;16;13;16;13;16;14;16;15;16;16;16;16;15;16;14;16;13;16;12;16;11;17;11;18;11;19;11;19;10;19;9;19;8;19;7;19;6;19;5;19;4
1;3;9;16;13;16;14;16;15;16;16;16;16;15;16;14;16;13;16;12;16;11;17;11;18;11;19;11;19;10;19;9;19;8;19;7;19;6;19;5;19;4;18;4
1;2;9;16;14;16;15;16;16;16;16;15;16;14;16;13;16;12;16;11;17;11;18;11;19;11;19;10;19;9;19;8;19;7;19;6;19;5;19;4;18;4;18;5
1;2;9;16;15;16;16;16;16;15;16;14;16;13;16;12;16;11;17;11;18;11;19;11;19;10;19;9;19;8;19;7;19;6;19;5;19;4;18;4;18;5;18;6
1;2;9;16;16;16;16;15;16;14;16;13;16;12;16;11;17;11;18;11;19;11;19;10;19;9;19;8;19;7;19;6;19;5;19;4;18;4;18;5;18;6;18;7
1;2;9;16;16;15;16;14;16;13;16;12;16;11;17;11;18;11;19;11;19;10;19;9;19;8;19;7;19;6;19;5;19;4;18;4;18;5;18;6;18;7;18;8
1;3;9;16;16;14;16;13;16;12;16;11;17;11;18;11;19;11;19;10;19;9;19;8;19;7;19;6;19;5;19;4;18;4;18;5;18;6;18;7;18;8;17;8
1;3;9;16;16;13;16;12;16;11;17;11;18;11;19;11;19;10;19;9;19;8;19;7;19;6;19;5;19;4;18;4;18;5;18;6;18;7;18;8;17;8;16;8
1;3;9;16;16;12;16;11;17;11;18;11;19;11;19;10;19;9;19;8;19;7;19;6;19;5;19;4;18;4;18;5;18;6;18;7;18;8;17;8;16;8;15;8
1;3;9;16;16;11;17;11;18;11;19;11;19;10;19;9;19;8;19;7;19;6;19;5;19;4;18;4;18;5;18;6;18;7;18;8;17;8;16;8;15;8;14;8
1;3;9;16;17;11;18;11;19;11;19;10;19;9;19;8;19;7;19;6;19;5;19;4;18;4;18;5;18;6;18;7;18;8;17;8;16;8;15;8;14;8;13;8
1;3;9;16;18;11;19;11;19;10;19;9;19;8;19;7;19;6;19;5;19;4;18;4;18;5;18;6;18;7;18;8;17;8;16;8;15;8;14;8;13;8;12;8
1;3;9;16;19;11;19;10;19;9;19;8;19;7;19;6;19;5;19;4;18;4;18;5;18;6;18;7;18;8;17;8;16;8;15;8;14;8;13;8;12;8;11;8
1;3;9;16;19;10;19;9;19;8;19;7;19;6;19;5;19;4;18;4;18;5;18;6;18;7;18;8;17;8;16;8;15;8;14;8;13;8;12;8;11;8;10;8
1;3;9;16;19;9;19;8;19;7;19;6;19;5;19;4;18;4;18;5;18;6;18;7;18;8;17;8;16;8;15;8;14;8;13;8;12;8;11;8;10;8;9;8
1;2;9;16;19;8;19;7;19;6;19;5;19;4;18;4;18;5;18;6;18;7;18;8;17;8;16;8;15;8;14;8;13;8;12;8;11;8;10;8;9;8;9;9
1;2;9;16;19;7;19;6;19;5;19;4;18;4;18;5;18;6;18;7;18;8;17;8;16;8;15;8;14;8;13;8;12;8;11;8;10;8;9;8;9;9;9;10
1;2;9;16;19;6;19;5;19;4;18;4;18;5;18;6;18;7;18;8;17;8;16;8;15;8;14;8;13;8;12;8;11;8;10;8;9;8;9;9;9;10;9;11
1;2;9;16;19;5;19;4;18;4;18;5;18;6;18;7;18;8;17;8;16;8;15;8;14;8;13;8;12;8;11;8;10;8;9;8;9;9;9;10;9;11;9;12
1;2;9;16;19;4;18;4;18;5;18;6;18;7;18;8;17;8;16;8;15;8;14;8;13;8;12;8;11;8;10;8;9;8;9;9;9;10;9;11;9;12;9;13
1;2;9;16;18;4;18;5;18;6;18;7;18;8;17;8;16;8;15;8;14;8;13;8;12;8;11;8;10;8;9;8;9;9;9;10;9;11;9;12;9;13;9;14
1;2;9;16;18;5;18;6;18;7;18;8;17;8;16;8;15;8;14;8;13;8;12;8;11;8;10;8;9;8;9;9;9;10;9;11;9;12;9;13;9;14;9;15
1;2;11;7;18;6;18;6;18;7;18;8;17;8;16;8;15;8;14;8;13;8;12;8;11;8;10;8;9;8;9;9;9;10;9;11;9;12;9;13;9;14;9;15;9;16
1;1;11;7;18;6;18;7;18;8;17;8;16;8;15;8;14;8;13;8;12;8;11;8;10;8;9;8;9;9;9;10;9;11;9;12;9;13;9;14;9;15;9;16;10;16
1;1;11;7;18;7;18;8;17;8;16;8;15;8;14;8;13;8;12;8;11;8;10;8;9;8;9;9;9;10;9;11;9;12;9;13;9;14;9;15;9;16;10;16;11;16
1;0;11;7;18;8;17;8;16;8;15;8;14;8;13;8;12;8;11;8;10;8;9;8;9;9;9;10;9;11;9;12;9;13;9;14;9;15;9;16;10;16;11;16;11;15
1;0;11;7;17;8;16;8;15;8;14;8;13;8;12;8;11;8;10;8;9;8;9;9;9;10;9;11;9;12;9;13;9;14;9;15;9;16;10;16;11;16;11;15;11;14
1;0;11;7;16;8;15;8;14;8;13;8;12;8;11;8;10;8;9;8;9;9;9;10;9;11;9;12;9;13;9;14;9;15;9;16;10;16;11;16;11;15;11;14;11;13
1;0;11;7;15;8;14;8;13;8;12;8;11;8;10;8;9;8;9;9;9;10;9;11;9;12;9;13;9;14;9;15;9;16;10;16;11;16;11;15;11;14;11;13;11;12
1;0;11;7;14;8;13;8;12;8;11;8;10;8;9;8;9;9;9;10;9;11;9;12;9;13;9;14;9;15;9;16;10;16;11;16;11;15;11;14;11;13;11;12;11;11
1;0;11;7;13;8;12;8;11;8;10;8;9;8;9;9;9;10;9;11;9;12;9;13;9;14;9;15;9;16;10;16;11;16;11;15;11;14;11;13;11;12;11;11;11;10
1;0;11;7;12;8;11;8;10;8;9;8;9;9;9;10;9;11;9;12;9;13;9;14;9;15;9;16;10;16;11;16;11;15;11;14;11;13;11;12;11;11;11;10;11;9
1;1;11;7;11;8;10;8;9;8;9;9;9;10;9;11;9;12;9;13;9;14;9;15;9;16;10;16;11;16;11;15;11;14;11;13;11;12;11;11;11;10;11;9;12;9
1;0;11;7;10;8;9;8;9;9;9;10;9;11;9;12;9;13;9;14;9;15;9;16;10;16;11;16;11;15;11;14;11;13;11;12;11;11;11;10;11;9;12;9;12;8
1;0;11;7;9;8;9;9;9;10;9;11;9;12;9;13;9;14;9;15;9;16;10;16;11;16;11;15;11;14;11;13;11;12;11;11;11;10;11;9;12;9;12;8;12;7
1;3;1;12;9;9;9;9;9;10;9;11;9;12;9;13;9;14;9;15;9;16;10;16;11;16;11;15;11;14;11;13;11;12;11;11;11;10;11;9;12;9;12;8;12;7;11;7
1;3;1;12;9;9;9;10;9;11;9;12;9;13;9;14;9;15;9;16;10;16;11;16;11;15;11;14;11;13;11;12;11;11;11;10;11;9;12;9;12;8;12;7;11;7;10;7
1;3;1;12;9;10;9;11;9;12;9;13;9;14;9;15;9;16;10;16;11;16;11;15;11;14;11;13;11;12;11;11;11;10;11;9;12;9;12;8;12;7;11;7;10;7;9;7
1;3;1;12;9;11;9;12;9;13;9;14;9;15;9;16;10;16;11;16;11;15;11;14;11;13;11;12;11;11;11;10;11;9;12;9;12;8;12;7;11;7;10;7;9;7;8;7
1;2;1;12;9;12;9;13;9;14;9;15;9;16;10;16;11;16;11;15;11;14;11;13;11;12;11;11;11;10;11;9;12;9;12;8;12;7;11;7;10;7;9;7;8;7;8;8
1;2;1;12;9;13;9;14;9;15;9;16;10;16;11;16;11;15;11;14;11;13;11;12;11;11;11;10;11;9;12;9;12;8;12;7;11;7;10;7;9;7;8;7;8;8;8;9
1;2;1;12;9;14;9;15;9;16;10;16;11;16;11;15;11;14;11;13;11;12;11;11;11;10;11;9;12;9;12;8;12;7;11;7;10;7;9;7;8;7;8;8;8;9;8;10
1;2;1;12;9;15;9;16;10;16;11;16;11;15;11;14;11;13;11;12;11;11;11;10;11;9;12;9;12;8;12;7;11;7;10;7;9;7;8;7;8;8;8;9;8;10;8;11
1;2;1;12;9;16;10;16;11;16;11;15;11;14;11;13;11;12;11;11;11;10;11;9;12;9;12;8;12;7;11;7;10;7;9;7;8;7;8;8;8;9;8;10;8;11;8;12
1;3;1;12;10;16;11;16;11;15;11;14;11;13;11;12;11;11;11;10;11;9;12;9;12;8;12;7;11;7;10;7;9;7;8;7;8;8;8;9;8;10;8;11;8;12;7;12
1;3;1;12;11;16;11;15;11;14;11;13;11;12;11;11;11;10;11;9;12;9;12;8;12;7;11;7;10;7;9;7;8;7;8;8;8;9;8;10;8;11;8;12;7;12;6;12
1;3;1;12;11;15;11;14;11;13;11;12;11;11;11;10;11;9;12;9;12;8;12;7;11;7;10;7;9;7;8;7;8;8;8;9;8;10;8;11;8;12;7;12;6;12;5;12
1;3;1;12;11;14;11;13;11;12;11;11;11;10;11;9;12;9;12;8;12;7;11;7;10;7;9;7;8;7;8;8;8;9;8;10;8;11;8;12;7;12;6;12;5;12;4;12
1;3;1;12;11;13;11;12;11;11;11;10;11;9;12;9;12;8;12;7;11;7;10;7;9;7;8;7;8;8;8;9;8;10;8;11;8;12;7;12;6;12;5;12;4;12;3;12
1;3;1;12;11;12;11;11;11;10;11;9;12;9;12;8;12;7;11;7;10;7;9;7;8;7;8;8;8;9;8;10;8;11;8;12;7;12;6;12;5;12;4;12;3;12;2;12
1;3;6;0;11;11;11;11;11;10;11;9;12;9;12;8;12;7;11;7;10;7;9;7;8;7;8;8;8;9;8;10;8;11;8;12;7;12;6;12;5;12;4;12;3;12;2;12;1;12
1;2;6;0;11;11;11;10;11;9;12;9;12;8;12;7;11;7;10;7;9;7;8;7;8;8;8;9;8;10;8;11;8;12;7;12;6;12;5;12;4;12;3;12;2;12;1;12;1;13
1;1;6;0;11;10;11;9;12;9;12;8;12;7;11;7;10;7;9;7;8;7;8;8;8;9;8;10;8;11;8;12;7;12;6;12;5;12;4;12;3;12;2;12;1;12;1;13;2;13
1;1;6;0;11;9;12;9;12;8;12;7;11;7;10;7;9;7;8;7;8;8;8;9;8;10;8;11;8;12;7;12;6;12;5;12;4;12;3;12;2;12;1;12;1;13;2;13;3;13
1;1;6;0;12;9;12;8;12;7;11;7;10;7;9;7;8;7;8;8;8;9;8;10;8;11;8;12;7;12;6;12;5;12;4;12;3;12;2;12;1;12;1;13;2;13;3;13;4;13
1;1;6;0;12;8;12;7;11;7;10;7;9;7;8;7;8;8;8;9;8;10;8;11;8;12;7;12;6;12;5;12;4;12;3;12;2;12;1;12;1;13;2;13;3;13;4;13;5;13
1;1;6;0;12;7;11;7;10;7;9;7;8;7;8;8;8;9;8;10;8;11;8;12;7;12;6;12;5;12;4;12;3;12;2;12;1;12;1;13;2;13;3;13;4;13;5;13;6;13
1;1;6;0;11;7;10;7;9;7;8;7;8;8;8;9;8;10;8;11;8;12;7;12;6;12;5;12;4;12;3;12;2;12;1;12;1;13;2;13;3;13;4;13;5;13;6;13;7;13
1;1;6;0;10;7;9;7;8;7;8;8;8;9;8;10;8;11;8;12;7;12;6;12;5;12;4;12;3;12;2;12;1;12;1;13;2;13;3;13;4;13;5;13;6;13;7;13;8;13
1;1;6;0;9;7;8;7;8;8;8;9;8;10;8;11;8;12;7;12;6;12;5;12;4;12;3;12;2;12;1;12;1;13;2;13;3;13;4;13;5;13;6;13;7;13;8;13;9;13
1;0;6;0;8;7;8;8;8;9;8;10;8;11;8;12;7;12;6;12;5;12;4;12;3;12;2;12;1;12;1;13;2;13;3;13;4;13;5;13;6;13;7;13;8;13;9;13;9;12
1;0;6;0;8;8;8;9;8;10;8;11;8;12;7;12;6;12;5;12;4;12;3;12;2;12;1;12;1;13;2;13;3;13;4;13;5;13;6;13;7;13;8;13;9;13;9;12;9;11
1;0;6;0;8;9;8;10;8;11;8;12;7;12;6;12;5;12;4;12;3;12;2;12;1;12;1;13;2;13;3;13;4;13;5;13;6;13;7;13;8;13;9;13;9;12;9;11;9;10
1;0;6;0;8;10;8;11;8;12;7;12;6;12;5;12;4;12;3;12;2;12;1;12;1;13;2;13;3;13;4;13;5;13;6;13;7;13;8;13;9;13;9;12;9;11;9;10;9;9
1;3;6;0;8;11;8;12;7;12;6;12;5;12;4;12;3;12;2;12;1;12;1;13;2;13;3;13;4;13;5;13;6;13;7;13;8;13;9;13;9;12;9;11;9;10;9;9;8;9
1;3;6;0;8;12;7;12;6;12;5;12;4;12;3;12;2;12;1;12;1;13;2;13;3;13;4;13;5;13;6;13;7;13;8;13;9;13;9;12;9;11;9;10;9;9;8;9;7;9
1;3;6;0;7;12;6;12;5;12;4;12;3;12;2;12;1;12;1;13;2;13;3;13;4;13;5;13;6;13;7;13;8;13;9;13;9;12;9;11;9;10;9;9;8;9;7;9;6;9
1;0;6;0;6;12;5;12;4;12;3;12;2;12;1;12;1;13;2;13;3;13;4;13;5;13;6;13;7;13;8;13;9;13;9;12;9;11;9;10;9;9;8;9;7;9;6;9;6;8
1;0;6;0;5;12;4;12;3;12;2;12;1;12;1;13;2;13;3;13;4;13;5;13;6;13;7;13;8;13;9;13;9;12;9;11;9;10;9;9;8;9;7;9;6;9;6;8;6;7
1;0;6;0;4;12;3;12;2;12;1;12;1;13;2;13;3;13;4;13;5;13;6;13;7;13;8;13;9;13;9;12;9;11;9;10;9;9;8;9;7;9;6;9;6;8;6;7;6;6
1;0;6;0;3;12;2;12;1;12;1;13;2;13;3;13;4;13;5;13;6;13;7;13;8;13;9;13;9;12;9;11;9;10;9;9;8;9;7;9;6;9;6;8;6;7;6;6;6;5
1;0;6;0;2;12;1;12;1;13;2;13;3;13;4;13;5;13;6;13;7;13;8;13;9;13;9;12;9;11;9;10;9;9;8;9;7;9;6;9;6;8;6;7;6;6;6;5;6;4
1;0;6;0;1;12;1;13;2;13;3;13;4;13;5;13;6;13;7;13;8;13;9;13;9;12;9;11;9;10;9;9;8;9;7;9;6;9;6;8;6;7;6;6;6;5;6;4;6;3
1;0;6;0;1;13;2;13;3;13;4;13;5;13;6;13;7;13;8;13;9;13;9;12;9;11;9;10;9;9;8;9;7;9;6;9;6;8;6;7;6;6;6;5;6;4;6;3;6;2
1;0;6;0;2;13;3;13;4;13;5;13;6;13;7;13;8;13;9;13;9;12;9;11;9;10;9;9;8;9;7;9;6;9;6;8;6;7;6;6;6;5;6;4;6;3;6;2;6;1
1;0;13;9;3;13;3;13;4;13;5;13;6;13;7;13;8;13;9;13;9;12;9;11;9;10;9;9;8;9;7;9;6;9;6;8;6;7;6;6;6;5;6;4;6;3;6;2;6;1;6;0
1;3;13;9;3;13;4;13;5;13;6;13;7;13;8;13;9;13;9;12;9;11;9;10;9;9;8;9;7;9;6;9;6;8;6;7;6;6;6;5;6;4;6;3;6;2;6;1;6;0;5;0
1;2;13;9;4;13;5;13;6;13;7;13;8;13;9;13;9;12;9;11;9;10;9;9;8;9;7;9;6;9;6;8;6;7;6;6;6;5;6;4;6;3;6;2;6;1;6;0;5;0;5;1
1;2;13;9;5;13;6;13;7;13;8;13;9;13;9;12;9;11;9;10;9;9;8;9;7;9;6;9;6;8;6;7;6;6;6;5;6;4;6;3;6;2;6;1;6;0;5;0;5;1;5;2
1;2;13;9;6;13;7;13;8;13;9;13;9;12;9;11;9;10;9;9;8;9;7;9;6;9;6;8;6;7;6;6;6;5;6;4;6;3;6;2;6;1;6;0;5;0;5;1;5;2;5;3
1;2;13;9;7;13;8;13;9;13;9;12;9;11;9;10;9;9;8;9;7;9;6;9;6;8;6;7;6;6;6;5;6;4;6;3;6;2;6;1;6;0;5;0;5;1;5;2;5;3;5;4
1;2;13;9;8;13;9;13;9;12;9;11;9;10;9;9;8;9;7;9;6;9;6;8;6;7;6;6;6;5;6;4;6;3;6;2;6;1;6;0;5;0;5;1;5;2;5;3;5;4;5;5
1;2;13;9;9;13;9;12;9;11;9;10;9;9;8;9;7;9;6;9;6;8;6;7;6;6;6;5;6;4;6;3;6;2;6;1;6;0;5;0;5;1;5;2;5;3;5;4;5;5;5;6
1;2;13;9;9;12;9;11;9;10;9;9;8;9;7;9;6;9;6;8;6;7;6;6;6;5;6;4;6;3;6;2;6;1;6;0;5;0;5;1;5;2;5;3;5;4;5;5;5;6;5;7
1;2;13;9;9;11;9;10;9;9;8;9;7;9;6;9;6;8;6;7;6;6;6;5;6;4;6;3;6;2;6;1;6;0;5;0;5;1;5;2;5;3;5;4;5;5;5;6;5;7;5;8
1;2;13;9;9;10;9;9;8;9;7;9;6;9;6;8;6;7;6;6;6;5;6;4;6;3;6;2;6;1;6;0;5;0;5;1;5;2;5;3;5;4;5;5;5;6;5;7;5;8;5;9
1;2;13;9;9;9;8;9;7;9;6;9;6;8;6;7;6;6;6;5;6;4;6;3;6;2;6;1;6;0;5;0;5;1;5;2;5;3;5;4;5;5;5;6;5;7;5;8;5;9;5;10
1;1;13;9;8;9;7;9;6;9;6;8;6;7;6;6;6;5;6;4;6;3;6;2;6;1;6;0;5;0;5;1;5;2;5;3;5;4;5;5;5;6;5;7;5;8;5;9;5;10;6;10
1;1;13;9;7;9;6;9;6;8;6;7;6;6;6;5;6;4;6;3;6;2;6;1;6;0;5;0;5;1;5;2;5;3;5;4;5;5;5;6;5;7;5;8;5;9;5;10;6;10;7;10
1;1;13;9;6;9;6;8;6;7;6;6;6;5;6;4;6;3;6;2;6;1;6;0;5;0;5;1;5;2;5;3;5;4;5;5;5;6;5;7;5;8;5;9;5;10;6;10;7;10;8;10
1;0;13;9;6;8;6;7;6;6;6;5;6;4;6;3;6;2;6;1;6;0;5;0;5;1;5;2;5;3;5;4;5;5;5;6;5;7;5;8;5;9;5;10;6;10;7;10;8;10;8;9
1;1;13;9;6;7;6;6;6;5;6;4;6;3;6;2;6;1;6;0;5;0;5;1;5;2;5;3;5;4;5;5;5;6;5;7;5;8;5;9;5;10;6;10;7;10;8;10;8;9;9;9
1;1;13;9;6;6;6;5;6;4;6;3;6;2;6;1;6;0;5;0;5;1;5;2;5;3;5;4;5;5;5;6;5;7;5;8;5;9;5;10;6;10;7;10;8;10;8;9;9;9;10;9
1;1;13;9;6;5;6;4;6;3;6;2;6;1;6;0;5;0;5;1;5;2;5;3;5;4;5;5;5;6;5;7;5;8;5;9;5;10;6;10;7;10;8;10;8;9;9;9;10;9;11;9
1;1;13;9;6;4;6;3;6;2;6;1;6;0;5;0;5;1;5;2;5;3;5;4;5;5;5;6;5;7;5;8;5;9;5;10;6;10;7;10;8;10;8;9;9;9;10;9;11;9;12;9
1;2;13;9;6;3;6;2;6;1;6;0;5;0;5;1;5;2;5;3;5;4;5;5;5;6;5;7;5;8;5;9;5;10;6;10;7;10;8;10;8;9;9;9;10;9;11;9;12;9;12;10
1;2;13;9;6;2;6;1;6;0;5;0;5;1;5;2;5;3;5;4;5;5;5;6;5;7;5;8;5;9;5;10;6;10;7;10;8;10;8;9;9;9;10;9;11;9;12;9;12;10;12;11
1;2;13;9;6;1;6;0;5;0;5;1;5;2;5;3;5;4;5;5;5;6;5;7;5;8;5;9;5;10;6;10;7;10;8;10;8;9;9;9;10;9;11;9;12;9;12;10;12;11;12;12
1;2;13;9;6;0;5;0;5;1;5;2;5;3;5;4;5;5;5;6;5;7;5;8;5;9;5;10;6;10;7;10;8;10;8;9;9;9;10;9;11;9;12;9;12;10;12;11;12;12;12;13
1;2;13;9;5;0;5;1;5;2;5;3;5;4;5;5;5;6;5;7;5;8;5;9;5;10;6;10;7;10;8;10;8;9;9;9;10;9;11;9;12;9;12;10;12;11;12;12;12;13;12;14
1;2;13;9;5;1;5;2;5;3;5;4;5;5;5;6;5;7;5;8;5;9;5;10;6;10;7;10;8;10;8;9;9;9;10;9;11;9;12;9;12;10;12;11;12;12;12;13;12;14;12;15
1;1;13;9;5;2;5;3;5;4;5;5;5;6;5;7;5;8;5;9;5;10;6;10;7;10;8;10;8;9;9;9;10;9;11;9;12;9;12;10;12;11;12;12;12;13;12;14;12;15;13;15
1;0;13;9;5;3;5;4;5;5;5;6;5;7;5;8;5;9;5;10;6;10;7;10;8;10;8;9;9;9;10;9;11;9;12;9;12;10;12;11;12;12;12;13;12;14;12;15;13;15;13;14
1;0;13;9;5;4;5;5;5;6;5;7;5;8;5;9;5;10;6;10;7;10;8;10;8;9;9;9;10;9;11;9;12;9;12;10;12;11;12;12;12;13;12;14;12;15;13;15;13;14;13;13
1;0;13;9;5;5;5;6;5;7;5;8;5;9;5;10;6;10;7;10;8;10;8;9;9;9;10;9;11;9;12;9;12;10;12;11;12;12;12;13;12;14;12;15;13;15;13;14;13;13;13;12
1;0;13;9;5;6;5;7;5;8;5;9;5;10;6;10;7;10;8;10;8;9;9;9;10;9;11;9;12;9;12;10;12;11;12;12;12;13;12;14;12;15;13;15;13;14;13;13;13;12;13;11
1;0;13;9;5;7;5;8;5;9;5;10;6;10;7;10;8;10;8;9;9;9;10;9;11;9;12;9;12;10;12;11;12;12;12;13;12;14;12;15;13;15;13;14;13;13;13;12;13;11;13;10
1;0;19;13;5;8;5;8;5;9;5;10;6;10;7;10;8;10;8;9;9;9;10;9;11;9;12;9;12;10;12;11;12;12;12;13;12;14;12;15;13;15;13;14;13;13;13;12;13;11;13;10;13;9
1;1;19;13;5;8;5;9;5;10;6;10;7;10;8;10;8;9;9;9;10;9;11;9;12;9;12;10;12;11;12;12;12;13;12;14;12;15;13;15;13;14;13;13;13;12;13;11;13;10;13;9;14;9
1;2;19;13;5;9;5;10;6;10;7;10;8;10;8;9;9;9;10;9;11;9;12;9;12;10;12;11;12;12;12;13;12;14;12;15;13;15;13;14;13;13;13;12;13;11;13;10;13;9;14;9;14;10
1;2;19;13;5;10;6;10;7;10;8;10;8;9;9;9;10;9;11;9;12;9;12;10;12;11;12;12;12;13;12;14;12;15;13;15;13;14;13;13;13;12;13;11;13;10;13;9;14;9;14;10;14;11
1;2;19;13;6;10;7;10;8;10;8;9;9;9;10;9;11;9;12;9;12;10;12;11;12;12;12;13;12;14;12;15;13;15;13;14;13;13;13;12;13;11;13;10;13;9;14;9;14;10;14;11;14;12
1;2;19;13;7;10;8;10;8;9;9;9;10;9;11;9;12;9;12;10;12;11;12;12;12;13;12;14;12;15;13;15;13;14;13;13;13;12;13;11;13;10;13;9;14;9;14;10;14;11;14;12;14;13
1;1;19;13;8;10;8;9;9;9;10;9;11;9;12;9;12;10;12;11;12;12;12;13;12;14;12;15;13;15;13;14;13;13;13;12;13;11;13;10;13;9;14;9;14;10;14;11;14;12;14;13;15;13
1;1;19;13;8;9;9;9;10;9;11;9;12;9;12;10;12;11;12;12;12;13;12;14;12;15;13;15;13;14;13;13;13;12;13;11;13;10;13;9;14;9;14;10;14;11;14;12;14;13;15;13;16;13
1;1;19;13;9;9;10;9;11;9;12;9;12;10;12;11;12;12;12;13;12;14;12;15;13;15;13;14;13;13;13;12;13;11;13;10;13;9;14;9;14;10;14;11;14;12;14;13;15;13;16;13;17;13
1;1;19;13;10;9;11;9;12;9;12;10;12;11;12;12;12;13;12;14;12;15;13;15;13;14;13;13;13;12;13;11;13;10;13;9;14;9;14;10;14;11;14;12;14;13;15;13;16;13;17;13;18;13
1;1;0;6;11;9;11;9;12;9;12;10;12;11;12;12;12;13;12;14;12;15;13;15;13;14;13;13;13;12;13;11;13;10;13;9;14;9;14;10;14;11;14;12;14;13;15;13;16;13;17;13;18;13;19;13
1;2;0;6;11;9;12;9;12;10;12;11;12;12;12;13;12;14;12;15;13;15;13;14;13;13;13;12;13;11;13;10;13;9;14;9;14;10;14;11;14;12;14;13;15;13;16;13;17;13;18;13;19;13;19;14
1;2;0;6;12;9;12;10;12;11;12;12;12;13;12;14;12;15;13;15;13;14;13;13;13;12;13;11;13;10;13;9;14;9;14;10;14;11;14;12;14;13;15;13;16;13;17;13;18;13;19;13;19;14;19;15
1;2;0;6;12;10;12;11;12;12;12;13;12;14;12;15;13;15;13;14;13;13;13;12;13;11;13;10;13;9;14;9;14;10;14;11;14;12;14;13;15;13;16;13;17;13;18;13;19;13;19;14;19;15;19;16
1;3;0;6;12;11;12;12;12;13;12;14;12;15;13;15;13;14;13;13;13;12;13;11;13;10;13;9;14;9;14;10;14;11;14;12;14;13;15;13;16;13;17;13;18;13;19;13;19;14;19;15;19;16;18;16
1;3;0;6;12;12;12;13;12;14;12;15;13;15;13;14;13;13;13;12;13;11;13;10;13;9;14;9;14;10;14;11;14;12;14;13;15;13;16;13;17;13;18;13;19;13;19;14;19;15;19;16;18;16;17;16
1;3;0;6;12;13;12;14;12;15;13;15;13;14;13;13;13;12;13;11;13;10;13;9;14;9;14;10;14;11;14;12;14;13;15;13;16;13;17;13;18;13;19;13;19;14;19;15;19;16;18;16;17;16;16;16
1;3;0;6;12;14;12;15;13;15;13;14;13;13;13;12;13;11;13;10;13;9;14;9;14;10;14;11;14;12;14;13;15;13;16;13;17;13;18;13;19;13;19;14;19;15;19;16;18;16;17;16;16;16;15;16
1;3;0;6;12;15;13;15;13;14;13;13;13;12;13;11;13;10;13;9;14;9;14;10;14;11;14;12;14;13;15;13;16;13;17;13;18;13;19;13;19;14;19;15;19;16;18;16;17;16;16;16;15;16;14;16
1;3;0;6;13;15;13;14;13;13;13;12;13;11;13;10;13;9;14;9;14;10;14;11;14;12;14;13;15;13;16;13;17;13;18;13;19;13;19;14;19;15;19;16;18;16;17;16;16;16;15;16;14;16;13;16
1;3;0;6;13;14;13;13;13;12;13;11;13;10;13;9;14;9;14;10;14;11;14;12;14;13;15;13;16;13;17;13;18;13;19;13;19;14;19;15;19;16;18;16;17;16;16;16;15;16;14;16;13;16;12;16
1;2;0;6;13;13;13;12;13;11;13;10;13;9;14;9;14;10;14;11;14;12;14;13;15;13;16;13;17;13;18;13;19;13;19;14;19;15;19;16;18;16;17;16;16;16;15;16;14;16;13;16;12;16;12;17
1;1;0;6;13;12;13;11;13;10;13;9;14;9;14;10;14;11;14;12;14;13;15;13;16;13;17;13;18;13;19;13;19;14;19;15;19;16;18;16;17;16;16;16;15;16;14;16;13;16;12;16;12;17;13;17
1;1;0;6;13;11;13;10;13;9;14;9;14;10;14;11;14;12;14;13;15;13;16;13;17;13;18;13;19;13;19;14;19;15;19;16;18;16;17;16;16;16;15;16;14;16;13;16;12;16;12;17;13;17;14;17
1;1;0;6;13;10;13;9;14;9;14;10;14;11;14;12;14;13;15;13;16;13;17;13;18;13;19;13;19;14;19;15;19;16;18;16;17;16;16;16;15;16;14;16;13;16;12;16;12;17;13;17;14;17;15;17
1;1;0;6;13;9;14;9;14;10;14;11;14;12;14;13;15;13;16;13;17;13;18;13;19;13;19;14;19;15;19;16;18;16;17;16;16;16;15;16;14;16;13;16;12;16;12;17;13;17;14;17;15;17;16;17
1;1;0;6;14;9;14;10;14;11;14;12;14;13;15;13;16;13;17;13;18;13;19;13;19;14;19;15;19;16;18;16;17;16;16;16;15;16;14;16;13;16;12;16;12;17;13;17;14;17;15;17;16;17;17;17
1;2;0;6;14;10;14;11;14;12;14;13;15;13;16;13;17;13;18;13;19;13;19;14;19;15;19;16;18;16;17;16;16;16;15;16;14;16;13;16;12;16;12;17;13;17;14;17;15;17;16;17;17;17;17;18
1;3;0;6;14;11;14;12;14;13;15;13;16;13;17;13;18;13;19;13;19;14;19;15;19;16;18;16;17;16;16;16;15;16;14;16;13;16;12;16;12;17;13;17;14;17;15;17;16;17;17;17;17;18;16;18
1;3;0;6;14;12;14;13;15;13;16;13;17;13;18;13;19;13;19;14;19;15;19;16;18;16;17;16;16;16;15;16;14;16;13;16;12;16;12;17;13;17;14;17;15;17;16;17;17;17;17;18;16;18;15;18
1;3;0;6;14;13;15;13;16;13;17;13;18;13;19;13;19;14;19;15;19;16;18;16;17;16;16;16;15;16;14;16;13;16;12;16;12;17;13;17;14;17;15;17;16;17;17;17;17;18;16;18;15;18;14;18
1;3;0;6;15;13;16;13;17;13;18;13;19;13;19;14;19;15;19;16;18;16;17;16;16;16;15;16;14;16;13;16;12;16;12;17;13;17;14;17;15;17;16;17;17;17;17;18;16;18;15;18;14;18;13;18
1;3;0;6;16;13;17;13;18;13;19;13;19;14;19;15;19;16;18;16;17;16;16;16;15;16;14;16;13;16;12;16;12;17;13;17;14;17;15;17;16;17;17;17;17;18;16;18;15;18;14;18;13;18;12;18
1;3;0;6;17;13;18;13;19;13;19;14;19;15;19;16;18;16;17;16;16;16;15;16;14;16;13;16;12;16;12;17;13;17;14;17;15;17;16;17;17;17;17;18;16;18;15;18;14;18;13;18;12;18;11;18
1;2;0;6;18;13;19;13;19;14;19;15;19;16;18;16;17;16;16;16;15;16;14;16;13;16;12;16;12;17;13;17;14;17;15;17;16;17;17;17;17;18;16;18;15;18;14;18;13;18;12;18;11;18;11;19
1;1;0;6;19;13;19;14;19;15;19;16;18;16;17;16;16;16;15;16;14;16;13;16;12;16;12;17;13;17;14;17;15;17;16;17;17;17;17;18;16;18;15;18;14;18;13;18;12;18;11;18;11;19;12;19
1;1;0;6;19;14;19;15;19;16;18;16;17;16;16;16;15;16;14;16;13;16;12;16;12;17;13;17;14;17;15;17;16;17;17;17;17;18;16;18;15;18;14;18;13;18;12;18;11;18;11;19;12;19;13;19
1;1;0;6;19;15;19;16;18;16;17;16;16;16;15;16;14;16;13;16;12;16;12;17;13;17;14;17;15;17;16;17;17;17;17;18;16;18;15;18;14;18;13;18;12;18;11;18;11;19;12;19;13;19;14;19
1;1;0;6;19;16;18;16;17;16;16;16;15;16;14;16;13;16;12;16;12;17;13;17;14;17;15;17;16;17;17;17;17;18;16;18;15;18;14;18;13;18;12;18;11;18;11;19;12;19;13;19;14;19;15;19
1;1;0;6;18;16;17;16;16;16;15;16;14;16;13;16;12;16;12;17;13;17;14;17;15;17;16;17;17;17;17;18;16;18;15;18;14;18;13;18;12;18;11;18;11;19;12;19;13;19;14;19;15;19;16;19
1;1;0;6;17;16;16;16;15;16;14;16;13;16;12;16;12;17;13;17;14;17;15;17;16;17;17;17;17;18;16;18;15;18;14;18;13;18;12;18;11;18;11;19;12;19;13;19;14;19;15;19;16;19;17;19
1;1;0;6;16;16;15;16;14;16;13;16;12;16;12;17;13;17;14;17;15;17;16;17;17;17;17;18;16;18;15;18;14;18;13;18;12;18;11;18;11;19;12;19;13;19;14;19;15;19;16;19;17;19;18;19
1;0;0;6;15;16;14;16;13;16;12;16;12;17;13;17;14;17;15;17;16;17;17;17;17;18;16;18;15;18;14;18;13;18;12;18;11;18;11;19;12;19;13;19;14;19;15;19;16;19;17;19;18;19;18;18
1;0;0;6;14;16;13;16;12;16;12;17;13;17;14;17;15;17;16;17;17;17;17;18;16;18;15;18;14;18;13;18;12;18;11;18;11;19;12;19;13;19;14;19;15;19;16;19;17;19;18;19;18;18;18;17
1;0;0;6;13;16;12;16;12;17;13;17;14;17;15;17;16;17;17;17;17;18;16;18;15;18;14;18;13;18;12;18;11;18;11;19;12;19;13;19;14;19;15;19;16;19;17;19;18;19;18;18;18;17;18;16
1;0;0;6;12;16;12;17;13;17;14;17;15;17;16;17;17;17;17;18;16;18;15;18;14;18;13;18;12;18;11;18;11;19;12;19;13;19;14;19;15;19;16;19;17;19;18;19;18;18;18;17;18;16;18;15
1;0;0;6;12;17;13;17;14;17;15;17;16;17;17;17;17;18;16;18;15;18;14;18;13;18;12;18;11;18;11;19;12;19;13;19;14;19;15;19;16;19;17;19;18;19;18;18;18;17;18;16;18;15;18;14
1;1;0;6;13;17;14;17;15;17;16;17;17;17;17;18;16;18;15;18;14;18;13;18;12;18;11;18;11;19;12;19;13;19;14;19;15;19;16;19;17;19;18;19;18;18;18;17;18;16;18;15;18;14;19;14
1;0;0;6;14;17;15;17;16;17;17;17;17;18;16;18;15;18;14;18;13;18;12;18;11;18;11;19;12;19;13;19;14;19;15;19;16;19;17;19;18;19;18;18;18;17;18;16;18;15;18;14;19;14;19;13
1;0;0;6;15;17;16;17;17;17;17;18;16;18;15;18;14;18;13;18;12;18;11;18;11;19;12;19;13;19;14;19;15;19;16;19;17;19;18;19;18;18;18;17;18;16;18;15;18;14;19;14;19;13;19;12
1;0;0;6;16;17;17;17;17;18;16;18;15;18;14;18;13;18;12;18;11;18;11;19;12;19;13;19;14;19;15;19;16;19;17;19;18;19;18;18;18;17;18;16;18;15;18;14;19;14;19;13;19;12;19;11
1;0;0;6;17;17;17;18;16;18;15;18;14;18;13;18;12;18;11;18;11;19;12;19;13;19;14;19;15;19;16;19;17;19;18;19;18;18;18;17;18;16;18;15;18;14;19;14;19;13;19;12;19;11;19;10
1;0;0;6;17;18;16;18;15;18;14;18;13;18;12;18;11;18;11;19;12;19;13;19;14;19;15;19;16;19;17;19;18;19;18;18;18;17;18;16;18;15;18;14;19;14;19;13;19;12;19;11;19;10;19;9
1;0;0;6;16;18;15;18;14;18;13;18;12;18;11;18;11;19;12;19;13;19;14;19;15;19;16;19;17;19;18;19;18;18;18;17;18;16;18;15;18;14;19;14;19;13;19;12;19;11;19;10;19;9;19;8
1;0;0;6;15;18;14;18;13;18;12;18;11;18;11;19;12;19;13;19;14;19;15;19;16;19;17;19;18;19;18;18;18;17;18;16;18;15;18;14;19;14;19;13;19;12;19;11;19;10;19;9;19;8;19;7
1;0;0;6;14;18;13;18;12;18;11;18;11;19;12;19;13;19;14;19;15;19;16;19;17;19;18;19;18;18;18;17;18;16;18;15;18;14;19;14;19;13;19;12;19;11;19;10;19;9;19;8;19;7;19;6
1;3;0;6;13;18;12;18;11;18;11;19;12;19;13;19;14;19;15;19;16;19;17;19;18;19;18;18;18;17;18;16;18;15;18;14;19;14;19;13;19;12;19;11;19;10;19;9;19;8;19;7;19;6;18;6
1;3;0;6;12;18;11;18;11;19;12;19;13;19;14;19;15;19;16;19;17;19;18;19;18;18;18;17;18;16;18;15;18;14;19;14;19;13;19;12;19;11;19;10;19;9;19;8;19;7;19;6;18;6;17;6
1;3;0;6;11;18;11;19;12;19;13;19;14;19;15;19;16;19;17;19;18;19;18;18;18;17;18;16;18;15;18;14;19;14;19;13;19;12;19;11;19;10;19;9;19;8;19;7;19;6;18;6;17;6;16;6
1;3;0;6;11;19;12;19;13;19;14;19;15;19;16;19;17;19;18;19;18;18;18;17;18;16;18;15;18;14;19;14;19;13;19;12;19;11;19;10;19;9;19;8;19;7;19;6;18;6;17;6;16;6;15;6
1;3;0;6;12;19;13;19;14;19;15;19;16;19;17;19;18;19;18;18;18;17;18;16;18;15;18;14;19;14;19;13;19;12;19;11;19;10;19;9;19;8;19;7;19;6;18;6;17;6;16;6;15;6;14;6
1;3;0;6;13;19;14;19;15;19;16;19;17;19;18;19;18;18;18;17;18;16;18;15;18;14;19;14;19;13;19;12;19;11;19;10;19;9;19;8;19;7;19;6;18;6;17;6;16;6;15;6;14;6;13;6
1;3;0;6;14;19;15;19;16;19;17;19;18;19;18;18;18;17;18;16;18;15;18;14;19;14;19;13;19;12;19;11;19;10;19;9;19;8;19;7;19;6;18;6;17;6;16;6;15;6;14;6;13;6;12;6
1;3;0;6;15;19;16;19;17;19;18;19;18;18;18;17;18;16;18;15;18;14;19;14;19;13;19;12;19;11;19;10;19;9;19;8;19;7;19;6;18;6;17;6;16;6;15;6;14;6;13;6;12;6;11;6
1;3;0;6;16;19;17;19;18;19;18;18;18;17;18;16;18;15;18;14;19;14;19;13;19;12;19;11;19;10;19;9;19;8;19;7;19;6;18;6;17;6;16;6;15;6;14;6;13;6;12;6;11;6;10;6
1;3;0;6;17;19;18;19;18;18;18;17;18;16;18;15;18;14;19;14;19;13;19;12;19;11;19;10;19;9;19;8;19;7;19;6;18;6;17;6;16;6;15;6;14;6;13;6;12;6;11;6;10;6;9;6
1;3;0;6;18;19;18;18;18;17;18;16;18;15;18;14;19;14;19;13;19;12;19;11;19;10;19;9;19;8;19;7;19;6;18;6;17;6;16;6;15;6;14;6;13;6;12;6;11;6;10;6;9;6;8;6
1;3;0;6;18;18;18;17;18;16;18;15;18;14;19;14;19;13;19;12;19;11;19;10;19;9;19;8;19;7;19;6;18;6;17;6;16;6;15;6;14;6;13;6;12;6;11;6;10;6;9;6;8;6;7;6
1;3;0;6;18;17;18;16;18;15;18;14;19;14;19;13;19;12;19;11;19;10;19;9;19;8;19;7;19;6;18;6;17;6;16;6;15;6;14;6;13;6;12;6;11;6;10;6;9;6;8;6;7;6;6;6
1;3;0;6;18;16;18;15;18;14;19;14;19;13;19;12;19;11;19;10;19;9;19;8;19;7;19;6;18;6;17;6;16;6;15;6;14;6;13;6;12;6;11;6;10;6;9;6;8;6;7;6;6;6;5;6
1;3;0;6;18;15;18;14;19;14;19;13;19;12;19;11;19;10;19;9;19;8;19;7;19;6;18;6;17;6;16;6;15;6;14;6;13;6;12;6;11;6;10;6;9;6;8;6;7;6;6;6;5;6;4;6
1;3;0;6;18;14;19;14;19;13;19;12;19;11;19;10;19;9;19;8;19;7;19;6;18;6;17;6;16;6;15;6;14;6;13;6;12;6;11;6;10;6;9;6;8;6;7;6;6;6;5;6;4;6;3;6
1;3;0;6;19;14;19;13;19;12;19;11;19;10;19;9;19;8;19;7;19;6;18;6;17;6;16;6;15;6;14;6;13;6;12;6;11;6;10;6;9;6;8;6;7;6;6;6;5;6;4;6;3;6;2;6
1;3;0;6;19;13;19;12;19;11;19;10;19;9;19;8;19;7;19;6;18;6;17;6;16;6;15;6;14;6;13;6;12;6;11;6;10;6;9;6;8;6;7;6;6;6;5;6;4;6;3;6;2;6;1;6
1;3;6;10;19;12;19;12;19;11;19;10;19;9;19;8;19;7;19;6;18;6;17;6;16;6;15;6;14;6;13;6;12;6;11;6;10;6;9;6;8;6;7;6;6;6;5;6;4;6;3;6;2;6;1;6;0;6
1;0;6;10;19;12;19;11;19;10;19;9;19;8;19;7;19;6;18;6;17;6;16;6;15;6;14;6;13;6;12;6;11;6;10;6;9;6;8;6;7;6;6;6;5;6;4;6;3;6;2;6;1;6;0;6;0;5
1;1;6;10;19;11;19;10;19;9;19;8;19;7;19;6;18;6;17;6;16;6;15;6;14;6;13;6;12;6;11;6;10;6;9;6;8;6;7;6;6;6;5;6;4;6;3;6;2;6;1;6;0;6;0;5;1;5
1;1;6;10;19;10;19;9;19;8;19;7;19;6;18;6;17;6;16;6;15;6;14;6;13;6;12;6;11;6;10;6;9;6;8;6;7;6;6;6;5;6;4;6;3;6;2;6;1;6;0;6;0;5;1;5;2;5
1;1;6;10;19;9;19;8;19;7;19;6;18;6;17;6;16;6;15;6;14;6;13;6;12;6;11;6;10;6;9;6;8;6;7;6;6;6;5;6;4;6;3;6;2;6;1;6;0;6;0;5;1;5;2;5;3;5
1;1;6;10;19;8;19;7;19;6;18;6;17;6;16;6;15;6;14;6;13;6;12;6;11;6;10;6;9;6;8;6;7;6;6;6;5;6;4;6;3;6;2;6;1;6;0;6;0;5;1;5;2;5;3;5;4;5
1;1;6;10;19;7;19;6;18;6;17;6;16;6;15;6;14;6;13;6;12;6;11;6;10;6;9;6;8;6;7;6;6;6;5;6;4;6;3;6;2;6;1;6;0;6;0;5;1;5;2;5;3;5;4;5;5;5
1;1;6;10;19;6;18;6;17;6;16;6;15;6;14;6;13;6;12;6;11;6;10;6;9;6;8;6;7;6;6;6;5;6;4;6;3;6;2;6;1;6;0;6;0;5;1;5;2;5;3;5;4;5;5;5;6;5
1;1;6;10;18;6;17;6;16;6;15;6;14;6;13;6;12;6;11;6;10;6;9;6;8;6;7;6;6;6;5;6;4;6;3;6;2;6;1;6;0;6;0;5;1;5;2;5;3;5;4;5;5;5;6;5;7;5
1;0;6;10;17;6;16;6;15;6;14;6;13;6;12;6;11;6;10;6;9;6;8;6;7;6;6;6;5;6;4;6;3;6;2;6;1;6;0;6;0;5;1;5;2;5;3;5;4;5;5;5;6;5;7;5;7;4
1;3;6;10;16;6;15;6;14;6;13;6;12;6;11;6;10;6;9;6;8;6;7;6;6;6;5;6;4;6;3;6;2;6;1;6;0;6;0;5;1;5;2;5;3;5;4;5;5;5;6;5;7;5;7;4;6;4
1;3;6;10;15;6;14;6;13;6;12;6;11;6;10;6;9;6;8;6;7;6;6;6;5;6;4;6;3;6;2;6;1;6;0;6;0;5;1;5;2;5;3;5;4;5;5;5;6;5;7;5;7;4;6;4;5;4
1;3;6;10;14;6;13;6;12;6;11;6;10;6;9;6;8;6;7;6;6;6;5;6;4;6;3;6;2;6;1;6;0;6;0;5;1;5;2;5;3;5;4;5;5;5;6;5;7;5;7;4;6;4;5;4;4;4
1;3;6;10;13;6;12;6;11;6;10;6;9;6;8;6;7;6;6;6;5;6;4;6;3;6;2;6;1;6;0;6;0;5;1;5;2;5;3;5;4;5;5;5;6;5;7;5;7;4;6;4;5;4;4;4;3;4
1;3;6;10;12;6;11;6;10;6;9;6;8;6;7;6;6;6;5;6;4;6;3;6;2;6;1;6;0;6;0;5;1;5;2;5;3;5;4;5;5;5;6;5;7;5;7;4;6;4;5;4;4;4;3;4;2;4
1;3;6;10;11;6;10;6;9;6;8;6;7;6;6;6;5;6;4;6;3;6;2;6;1;6;0;6;0;5;1;5;2;5;3;5;4;5;5;5;6;5;7;5;7;4;6;4;5;4;4;4;3;4;2;4;1;4
1;0;6;10;10;6;9;6;8;6;7;6;6;6;5;6;4;6;3;6;2;6;1;6;0;6;0;5;1;5;2;5;3;5;4;5;5;5;6;5;7;5;7;4;6;4;5;4;4;4;3;4;2;4;1;4;1;3
1;1;6;10;9;6;8;6;7;6;6;6;5;6;4;6;3;6;2;6;1;6;0;6;0;5;1;5;2;5;3;5;4;5;5;5;6;5;7;5;7;4;6;4;5;4;4;4;3;4;2;4;1;4;1;3;2;3
1;1;6;10;8;6;7;6;6;6;5;6;4;6;3;6;2;6;1;6;0;6;0;5;1;5;2;5;3;5;4;5;5;5;6;5;7;5;7;4;6;4;5;4;4;4;3;4;2;4;1;4;1;3;2;3;3;3
1;1;6;10;7;6;6;6;5;6;4;6;3;6;2;6;1;6;0;6;0;5;1;5;2;5;3;5;4;5;5;5;6;5;7;5;7;4;6;4;5;4;4;4;3;4;2;4;1;4;1;3;2;3;3;3;4;3
1;1;6;10;6;6;5;6;4;6;3;6;2;6;1;6;0;6;0;5;1;5;2;5;3;5;4;5;5;5;6;5;7;5;7;4;6;4;5;4;4;4;3;4;2;4;1;4;1;3;2;3;3;3;4;3;5;3
1;1;6;10;5;6;4;6;3;6;2;6;1;6;0;6;0;5;1;5;2;5;3;5;4;5;5;5;6;5;7;5;7;4;6;4;5;4;4;4;3;4;2;4;1;4;1;3;2;3;3;3;4;3;5;3;6;3
1;1;6;10;4;6;3;6;2;6;1;6;0;6;0;5;1;5;2;5;3;5;4;5;5;5;6;5;7;5;7;4;6;4;5;4;4;4;3;4;2;4;1;4;1;3;2;3;3;3;4;3;5;3;6;3;7;3
1;0;6;10;3;6;2;6;1;6;0;6;0;5;1;5;2;5;3;5;4;5;5;5;6;5;7;5;7;4;6;4;5;4;4;4;3;4;2;4;1;4;1;3;2;3;3;3;4;3;5;3;6;3;7;3;7;2
1;0;6;10;2;6;1;6;0;6;0;5;1;5;2;5;3;5;4;5;5;5;6;5;7;5;7;4;6;4;5;4;4;4;3;4;2;4;1;4;1;3;2;3;3;3;4;3;5;3;6;3;7;3;7;2;7;1
1;1;6;10;1;6;0;6;0;5;1;5;2;5;3;5;4;5;5;5;6;5;7;5;7;4;6;4;5;4;4;4;3;4;2;4;1;4;1;3;2;3;3;3;4;3;5;3;6;3;7;3;7;2;7;1;8;1
1;2;6;10;0;6;0;5;1;5;2;5;3;5;4;5;5;5;6;5;7;5;7;4;6;4;5;4;4;4;3;4;2;4;1;4;1;3;2;3;3;3;4;3;5;3;6;3;7;3;7;2;7;1;8;1;8;2
1;2;6;10;0;5;1;5;2;5;3;5;4;5;5;5;6;5;7;5;7;4;6;4;5;4;4;4;3;4;2;4;1;4;1;3;2;3;3;3;4;3;5;3;6;3;7;3;7;2;7;1;8;1;8;2;8;3
1;2;6;10;1;5;2;5;3;5;4;5;5;5;6;5;7;5;7;4;6;4;5;4;4;4;3;4;2;4;1;4;1;3;2;3;3;3;4;3;5;3;6;3;7;3;7;2;7;1;8;1;8;2;8;3;8;4
1;2;6;10;2;5;3;5;4;5;5;5;6;5;7;5;7;4;6;4;5;4;4;4;3;4;2;4;1;4;1;3;2;3;3;3;4;3;5;3;6;3;7;3;7;2;7;1;8;1;8;2;8;3;8;4;8;5
1;2;6;10;3;5;4;5;5;5;6;5;7;5;7;4;6;4;5;4;4;4;3;4;2;4;1;4;1;3;2;3;3;3;4;3;5;3;6;3;7;3;7;2;7;1;8;1;8;2;8;3;8;4;8;5;8;6
1;3;6;10;4;5;5;5;6;5;7;5;7;4;6;4;5;4;4;4;3;4;2;4;1;4;1;3;2;3;3;3;4;3;5;3;6;3;7;3;7;2;7;1;8;1;8;2;8;3;8;4;8;5;8;6;7;6
1;3;6;10;5;5;6;5;7;5;7;4;6;4;5;4;4;4;3;4;2;4;1;4;1;3;2;3;3;3;4;3;5;3;6;3;7;3;7;2;7;1;8;1;8;2;8;3;8;4;8;5;8;6;7;6;6;6
1;3;6;10;6;5;7;5;7;4;6;4;5;4;4;4;3;4;2;4;1;4;1;3;2;3;3;3;4;3;5;3;6;3;7;3;7;2;7;1;8;1;8;2;8;3;8;4;8;5;8;6;7;6;6;6;5;6
1;3;6;10;7;5;7;4;6;4;5;4;4;4;3;4;2;4;1;4;1;3;2;3;3;3;4;3;5;3;6;3;7;3;7;2;7;1;8;1;8;2;8;3;8;4;8;5;8;6;7;6;6;6;5;6;4;6
1;2;6;10;7;4;6;4;5;4;4;4;3;4;2;4;1;4;1;3;2;3;3;3;4;3;5;3;6;3;7;3;7;2;7;1;8;1;8;2;8;3;8;4;8;5;8;6;7;6;6;6;5;6;4;6;4;7
1;1;6;10;6;4;5;4;4;4;3;4;2;4;1;4;1;3;2;3;3;3;4;3;5;3;6;3;7;3;7;2;7;1;8;1;8;2;8;3;8;4;8;5;8;6;7;6;6;6;5;6;4;6;4;7;5;7
1;1;6;10;5;4;4;4;3;4;2;4;1;4;1;3;2;3;3;3;4;3;5;3;6;3;7;3;7;2;7;1;8;1;8;2;8;3;8;4;8;5;8;6;7;6;6;6;5;6;4;6;4;7;5;7;6;7
1;2;6;10;4;4;3;4;2;4;1;4;1;3;2;3;3;3;4;3;5;3;6;3;7;3;7;2;7;1;8;1;8;2;8;3;8;4;8;5;8;6;7;6;6;6;5;6;4;6;4;7;5;7;6;7;6;8
1;2;6;10;3;4;2;4;1;4;1;3;2;3;3;3;4;3;5;3;6;3;7;3;7;2;7;1;8;1;8;2;8;3;8;4;8;5;8;6;7;6;6;6;5;6;4;6;4;7;5;7;6;7;6;8;6;9
1;2;12;1;2;4;2;4;1;4;1;3;2;3;3;3;4;3;5;3;6;3;7;3;7;2;7;1;8;1;8;2;8;3;8;4;8;5;8;6;7;6;6;6;5;6;4;6;4;7;5;7;6;7;6;8;6;9;6;10
1;1;12;1;2;4;1;4;1;3;2;3;3;3;4;3;5;3;6;3;7;3;7;2;7;1;8;1;8;2;8;3;8;4;8;5;8;6;7;6;6;6;5;6;4;6;4;7;5;7;6;7;6;8;6;9;6;10;7;10
1;1;12;1;1;4;1;3;2;3;3;3;4;3;5;3;6;3;7;3;7;2;7;1;8;1;8;2;8;3;8;4;8;5;8;6;7;6;6;6;5;6;4;6;4;7;5;7;6;7;6;8;6;9;6;10;7;10;8;10
1;1;12;1;1;3;2;3;3;3;4;3;5;3;6;3;7;3;7;2;7;1;8;1;8;2;8;3;8;4;8;5;8;6;7;6;6;6;5;6;4;6;4;7;5;7;6;7;6;8;6;9;6;10;7;10;8;10;9;10
1;1;12;1;2;3;3;3;4;3;5;3;6;3;7;3;7;2;7;1;8;1;8;2;8;3;8;4;8;5;8;6;7;6;6;6;5;6;4;6;4;7;5;7;6;7;6;8;6;9;6;10;7;10;8;10;9;10;10;10
1;1;12;1;3;3;4;3;5;3;6;3;7;3;7;2;7;1;8;1;8;2;8;3;8;4;8;5;8;6;7;6;6;6;5;6;4;6;4;7;5;7;6;7;6;8;6;9;6;10;7;10;8;10;9;10;10;10;11;10
1;1;12;1;4;3;5;3;6;3;7;3;7;2;7;1;8;1;8;2;8;3;8;4;8;5;8;6;7;6;6;6;5;6;4;6;4;7;5;7;6;7;6;8;6;9;6;10;7;10;8;10;9;10;10;10;11;10;12;10
1;0;12;1;5;3;6;3;7;3;7;2;7;1;8;1;8;2;8;3;8;4;8;5;8;6;7;6;6;6;5;6;4;6;4;7;5;7;6;7;6;8;6;9;6;10;7;10;8;10;9;10;10;10;11;10;12;10;12;9
1;0;12;1;6;3;7;3;7;2;7;1;8;1;8;2;8;3;8;4;8;5;8;6;7;6;6;6;5;6;4;6;4;7;5;7;6;7;6;8;6;9;6;10;7;10;8;10;9;10;10;10;11;10;12;10;12;9;12;8
1;0;12;1;7;3;7;2;7;1;8;1;8;2;8;3;8;4;8;5;8;6;7;6;6;6;5;6;4;6;4;7;5;7;6;7;6;8;6;9;6;10;7;10;8;10;9;10;10;10;11;10;12;10;12;9;12;8;12;7
1;0;12;1;7;2;7;1;8;1;8;2;8;3;8;4;8;5;8;6;7;6;6;6;5;6;4;6;4;7;5;7;6;7;6;8;6;9;6;10;7;10;8;10;9;10;10;10;11;10;12;10;12;9;12;8;12;7;12;6
1;0;12;1;7;1;8;1;8;2;8;3;8;4;8;5;8;6;7;6;6;6;5;6;4;6;4;7;5;7;6;7;6;8;6;9;6;10;7;10;8;10;9;10;10;10;11;10;12;10;12;9;12;8;12;7;12;6;12;5
1;0;12;1;8;1;8;2;8;3;8;4;8;5;8;6;7;6;6;6;5;6;4;6;4;7;5;7;6;7;6;8;6;9;6;10;7;10;8;10;9;10;10;10;11;10;12;10;12;9;12;8;12;7;12;6;12;5;12;4
1;0;12;1;8;2;8;3;8;4;8;5;8;6;7;6;6;6;5;6;4;6;4;7;5;7;6;7;6;8;6;9;6;10;7;10;8;10;9;10;10;10;11;10;12;10;12;9;12;8;12;7;12;6;12;5;12;4;12;3
1;0;12;1;8;3;8;4;8;5;8;6;7;6;6;6;5;6;4;6;4;7;5;7;6;7;6;8;6;9;6;10;7;10;8;10;9;10;10;10;11;10;12;10;12;9;12;8;12;7;12;6;12;5;12;4;12;3;12;2
1;0;6;4;8;4;8;4;8;5;8;6;7;6;6;6;5;6;4;6;4;7;5;7;6;7;6;8;6;9;6;10;7;10;8;10;9;10;10;10;11;10;12;10;12;9;12;8;12;7;12;6;12;5;12;4;12;3;12;2;12;1
1;0;6;4;8;4;8;5;8;6;7;6;6;6;5;6;4;6;4;7;5;7;6;7;6;8;6;9;6;10;7;10;8;10;9;10;10;10;11;10;12;10;12;9;12;8;12;7;12;6;12;5;12;4;12;3;12;2;12;1;12;0
1;1;6;4;8;5;8;6;7;6;6;6;5;6;4;6;4;7;5;7;6;7;6;8;6;9;6;10;7;10;8;10;9;10;10;10;11;10;12;10;12;9;12;8;12;7;12;6;12;5;12;4;12;3;12;2;12;1;12;0;13;0
1;2;6;4;8;6;7;6;6;6;5;6;4;6;4;7;5;7;6;7;6;8;6;9;6;10;7;10;8;10;9;10;10;10;11;10;12;10;12;9;12;8;12;7;12;6;12;5;12;4;12;3;12;2;12;1;12;0;13;0;13;1
1;2;6;4;7;6;6;6;5;6;4;6;4;7;5;7;6;7;6;8;6;9;6;10;7;10;8;10;9;10;10;10;11;10;12;10;12;9;12;8;12;7;12;6;12;5;12;4;12;3;12;2;12;1;12;0;13;0;13;1;13;2
1;2;6;4;6;6;5;6;4;6;4;7;5;7;6;7;6;8;6;9;6;10;7;10;8;10;9;10;10;10;11;10;12;10;12;9;12;8;12;7;12;6;12;5;12;4;12;3;12;2;12;1;12;0;13;0;13;1;13;2;13;3
1;2;6;4;5;6;4;6;4;7;5;7;6;7;6;8;6;9;6;10;7;10;8;10;9;10;10;10;11;10;12;10;12;9;12;8;12;7;12;6;12;5;12;4;12;3;12;2;12;1;12;0;13;0;13;1;13;2;13;3;13;4
1;2;6;4;4;6;4;7;5;7;6;7;6;8;6;9;6;10;7;10;8;10;9;10;10;10;11;10;12;10;12;9;12;8;12;7;12;6;12;5;12;4;12;3;12;2;12;1;12;0;13;0;13;1;13;2;13;3;13;4;13;5
1;1;6;4;4;7;5;7;6;7;6;8;6;9;6;10;7;10;8;10;9;10;10;10;11;10;12;10;12;9;12;8;12;7;12;6;12;5;12;4;12;3;12;2;12;1;12;0;13;0;13;1;13;2;13;3;13;4;13;5;14;5
1;0;6;4;5;7;6;7;6;8;6;9;6;10;7;10;8;10;9;10;10;10;11;10;12;10;12;9;12;8;12;7;12;6;12;5;12;4;12;3;12;2;12;1;12;0;13;0;13;1;13;2;13;3;13;4;13;5;14;5;14;4
1;0;6;4;6;7;6;8;6;9;6;10;7;10;8;10;9;10;10;10;11;10;12;10;12;9;12;8;12;7;12;6;12;5;12;4;12;3;12;2;12;1;12;0;13;0;13;1;13;2;13;3;13;4;13;5;14;5;14;4;14;3
1;0;6;4;6;8;6;9;6;10;7;10;8;10;9;10;10;10;11;10;12;10;12;9;12;8;12;7;12;6;12;5;12;4;12;3;12;2;12;1;12;0;13;0;13;1;13;2;13;3;13;4;13;5;14;5;14;4;14;3;14;2
1;0;6;4;6;9;6;10;7;10;8;10;9;10;10;10;11;10;12;10;12;9;12;8;12;7;12;6;12;5;12;4;12;3;12;2;12;1;12;0;13;0;13;1;13;2;13;3;13;4;13;5;14;5;14;4;14;3;14;2;14;1
1;0;6;4;6;10;7;10;8;10;9;10;10;10;11;10;12;10;12;9;12;8;12;7;12;6;12;5;12;4;12;3;12;2;12;1;12;0;13;0;13;1;13;2;13;3;13;4;13;5;14;5;14;4;14;3;14;2;14;1;14;0
1;1;6;4;7;10;8;10;9;10;10;10;11;10;12;10;12;9;12;8;12;7;12;6;12;5;12;4;12;3;12;2;12;1;12;0;13;0;13;1;13;2;13;3;13;4;13;5;14;5;14;4;14;3;14;2;14;1;14;0;15;0
1;2;6;4;8;10;9;10;10;10;11;10;12;10;12;9;12;8;12;7;12;6;12;5;12;4;12;3;12;2;12;1;12;0;13;0;13;1;13;2;13;3;13;4;13;5;14;5;14;4;14;3;14;2;14;1;14;0;15;0;15;1
1;2;6;4;9;10;10;10;11;10;12;10;12;9;12;8;12;7;12;6;12;5;12;4;12;3;12;2;12;1;12;0;13;0;13;1;13;2;13;3;13;4;13;5;14;5;14;4;14;3;14;2;14;1;14;0;15;0;15;1;15;2
1;2;6;4;10;10;11;10;12;10;12;9;12;8;12;7;12;6;12;5;12;4;12;3;12;2;12;1;12;0;13;0;13;1;13;2;13;3;13;4;13;5;14;5;14;4;14;3;14;2;14;1;14;0;15;0;15;1;15;2;15;3
1;2;6;4;11;10;12;10;12;9;12;8;12;7;12;6;12;5;12;4;12;3;12;2;12;1;12;0;13;0;13;1;13;2;13;3;13;4;13;5;14;5;14;4;14;3;14;2;14;1;14;0;15;0;15;1;15;2;15;3;15;4
1;2;6;4;12;10;12;9;12;8;12;7;12;6;12;5;12;4;12;3;12;2;12;1;12;0;13;0;13;1;13;2;13;3;13;4;13;5;14;5;14;4;14;3;14;2;14;1;14;0;15;0;15;1;15;2;15;3;15;4;15;5
1;2;6;4;12;9;12;8;12;7;12;6;12;5;12;4;12;3;12;2;12;1;12;0;13;0;13;1;13;2;13;3;13;4;13;5;14;5;14;4;14;3;14;2;14;1;14;0;15;0;15;1;15;2;15;3;15;4;15;5;15;6
1;1;6;4;12;8;12;7;12;6;12;5;12;4;12;3;12;2;12;1;12;0;13;0;13;1;13;2;13;3;13;4;13;5;14;5;14;4;14;3;14;2;14;1;14;0;15;0;15;1;15;2;15;3;15;4;15;5;15;6;16;6
1;1;6;4;12;7;12;6;12;5;12;4;12;3;12;2;12;1;12;0;13;0;13;1;13;2;13;3;13;4;13;5;14;5;14;4;14;3;14;2;14;1;14;0;15;0;15;1;15;2;15;3;15;4;15;5;15;6;16;6;17;6
1;2;6;4;12;6;12;5;12;4;12;3;12;2;12;1;12;0;13;0;13;1;13;2;13;3;13;4;13;5;14;5;14;4;14;3;14;2;14;1;14;0;15;0;15;1;15;2;15;3;15;4;15;5;15;6;16;6;17;6;17;7
1;3;6;4;12;5;12;4;12;3;12;2;12;1;12;0;13;0;13;1;13;2;13;3;13;4;13;5;14;5;14;4;14;3;14;2;14;1;14;0;15;0;15;1;15;2;15;3;15;4;15;5;15;6;16;6;17;6;17;7;16;7
1;3;6;4;12;4;12;3;12;2;12;1;12;0;13;0;13;1;13;2;13;3;13;4;13;5;14;5;14;4;14;3;14;2;14;1;14;0;15;0;15;1;15;2;15;3;15;4;15;5;15;6;16;6;17;6;17;7;16;7;15;7
1;3;6;4;12;3;12;2;12;1;12;0;13;0;13;1;13;2;13;3;13;4;13;5;14;5;14;4;14;3;14;2;14;1;14;0;15;0;15;1;15;2;15;3;15;4;15;5;15;6;16;6;17;6;17;7;16;7;15;7;14;7
1;3;6;4;12;2;12;1;12;0;13;0;13;1;13;2;13;3;13;4;13;5;14;5;14;4;14;3;14;2;14;1;14;0;15;0;15;1;15;2;15;3;15;4;15;5;15;6;16;6;17;6;17;7;16;7;15;7;14;7;13;7
1;0;6;4;12;1;12;0;13;0;13;1;13;2;13;3;13;4;13;5;14;5;14;4;14;3;14;2;14;1;14;0;15;0;15;1;15;2;15;3;15;4;15;5;15;6;16;6;17;6;17;7;16;7;15;7;14;7;13;7;13;6
1;3;6;4;12;0;13;0;13;1;13;2;13;3;13;4;13;5;14;5;14;4;14;3;14;2;14;1;14;0;15;0;15;1;15;2;15;3;15;4;15;5;15;6;16;6;17;6;17;7;16;7;15;7;14;7;13;7;13;6;12;6
1;0;6;4;13;0;13;1;13;2;13;3;13;4;13;5;14;5;14;4;14;3;14;2;14;1;14;0;15;0;15;1;15;2;15;3;15;4;15;5;15;6;16;6;17;6;17;7;16;7;15;7;14;7;13;7;13;6;12;6;12;5
1;0;6;4;13;1;13;2;13;3;13;4;13;5;14;5;14;4;14;3;14;2;14;1;14;0;15;0;15;1;15;2;15;3;15;4;15;5;15;6;16;6;17;6;17;7;16;7;15;7;14;7;13;7;13;6;12;6;12;5;12;4
1;3;6;4;13;2;13;3;13;4;13;5;14;5;14;4;14;3;14;2;14;1;14;0;15;0;15;1;15;2;15;3;15;4;15;5;15;6;16;6;17;6;17;7;16;7;15;7;14;7;13;7;13;6;12;6;12;5;12;4;11;4
1;3;6;4;13;3;13;4;13;5;14;5;14;4;14;3;14;2;14;1;14;0;15;0;15;1;15;2;15;3;15;4;15;5;15;6;16;6;17;6;17;7;16;7;15;7;14;7;13;7;13;6;12;6;12;5;12;4;11;4;10;4
1;3;6;4;13;4;13;5;14;5;14;4;14;3;14;2;14;1;14;0;15;0;15;1;15;2;15;3;15;4;15;5;15;6;16;6;17;6;17;7;16;7;15;7;14;7;13;7;13;6;12;6;12;5;12;4;11;4;10;4;9;4
1;3;6;4;13;5;14;5;14;4;14;3;14;2;14;1;14;0;15;0;15;1;15;2;15;3;15;4;15;5;15;6;16;6;17;6;17;7;16;7;15;7;14;7;13;7;13;6;12;6;12;5;12;4;11;4;10;4;9;4;8;4
1;3;6;4;14;5;14;4;14;3;14;2;14;1;14;0;15;0;15;1;15;2;15;3;15;4;15;5;15;6;16;6;17;6;17;7;16;7;15;7;14;7;13;7;13;6;12;6;12;5;12;4;11;4;10;4;9;4;8;4;7;4
1;3;6;5;14;4;14;4;14;3;14;2;14;1;14;0;15;0;15;1;15;2;15;3;15;4;15;5;15;6;16;6;17;6;17;7;16;7;15;7;14;7;13;7;13;6;12;6;12;5;12;4;11;4;10;4;9;4;8;4;7;4;6;4
1;3;6;5;14;4;14;3;14;2;14;1;14;0;15;0;15;1;15;2;15;3;15;4;15;5;15;6;16;6;17;6;17;7;16;7;15;7;14;7;13;7;13;6;12;6;12;5;12;4;11;4;10;4;9;4;8;4;7;4;6;4;5;4
1;2;6;5;14;3;14;2;14;1;14;0;15;0;15;1;15;2;15;3;15;4;15;5;15;6;16;6;17;6;17;7;16;7;15;7;14;7;13;7;13;6;12;6;12;5;12;4;11;4;10;4;9;4;8;4;7;4;6;4;5;4;5;5
1;1;12;8;14;2;14;2;14;1;14;0;15;0;15;1;15;2;15;3;15;4;15;5;15;6;16;6;17;6;17;7;16;7;15;7;14;7;13;7;13;6;12;6;12;5;12;4;11;4;10;4;9;4;8;4;7;4;6;4;5;4;5;5;6;5
1;2;12;8;14;2;14;1;14;0;15;0;15;1;15;2;15;3;15;4;15;5;15;6;16;6;17;6;17;7;16;7;15;7;14;7;13;7;13;6;12;6;12;5;12;4;11;4;10;4;9;4;8;4;7;4;6;4;5;4;5;5;6;5;6;6
1;2;12;8;14;1;14;0;15;0;15;1;15;2;15;3;15;4;15;5;15;6;16;6;17;6;17;7;16;7;15;7;14;7;13;7;13;6;12;6;12;5;12;4;11;4;10;4;9;4;8;4;7;4;6;4;5;4;5;5;6;5;6;6;6;7
1;2;12;8;14;0;15;0;15;1;15;2;15;3;15;4;15;5;15;6;16;6;17;6;17;7;16;7;15;7;14;7;13;7;13;6;12;6;12;5;12;4;11;4;10;4;9;4;8;4;7;4;6;4;5;4;5;5;6;5;6;6;6;7;6;8
1;1;12;8;15;0;15;1;15;2;15;3;15;4;15;5;15;6;16;6;17;6;17;7;16;7;15;7;14;7;13;7;13;6;12;6;12;5;12;4;11;4;10;4;9;4;8;4;7;4;6;4;5;4;5;5;6;5;6;6;6;7;6;8;7;8
1;1;12;8;15;1;15;2;15;3;15;4;15;5;15;6;16;6;17;6;17;7;16;7;15;7;14;7;13;7;13;6;12;6;12;5;12;4;11;4;10;4;9;4;8;4;7;4;6;4;5;4;5;5;6;5;6;6;6;7;6;8;7;8;8;8
1;1;12;8;15;2;15;3;15;4;15;5;15;6;16;6;17;6;17;7;16;7;15;7;14;7;13;7;13;6;12;6;12;5;12;4;11;4;10;4;9;4;8;4;7;4;6;4;5;4;5;5;6;5;6;6;6;7;6;8;7;8;8;8;9;8
1;1;12;8;15;3;15;4;15;5;15;6;16;6;17;6;17;7;16;7;15;7;14;7;13;7;13;6;12;6;12;5;12;4;11;4;10;4;9;4;8;4;7;4;6;4;5;4;5;5;6;5;6;6;6;7;6;8;7;8;8;8;9;8;10;8
1;1;12;8;15;4;15;5;15;6;16;6;17;6;17;7;16;7;15;7;14;7;13;7;13;6;12;6;12;5;12;4;11;4;10;4;9;4;8;4;7;4;6;4;5;4;5;5;6;5;6;6;6;7;6;8;7;8;8;8;9;8;10;8;11;8
1;1;7;16;15;5;15;5;15;6;16;6;17;6;17;7;16;7;15;7;14;7;13;7;13;6;12;6;12;5;12;4;11;4;10;4;9;4;8;4;7;4;6;4;5;4;5;5;6;5;6;6;6;7;6;8;7;8;8;8;9;8;10;8;11;8;12;8
1;0;7;16;15;5;15;6;16;6;17;6;17;7;16;7;15;7;14;7;13;7;13;6;12;6;12;5;12;4;11;4;10;4;9;4;8;4;7;4;6;4;5;4;5;5;6;5;6;6;6;7;6;8;7;8;8;8;9;8;10;8;11;8;12;8;12;7
1;3;7;16;15;6;16;6;17;6;17;7;16;7;15;7;14;7;13;7;13;6;12;6;12;5;12;4;11;4;10;4;9;4;8;4;7;4;6;4;5;4;5;5;6;5;6;6;6;7;6;8;7;8;8;8;9;8;10;8;11;8;12;8;12;7;11;7
1;0;7;16;16;6;17;6;17;7;16;7;15;7;14;7;13;7;13;6;12;6;12;5;12;4;11;4;10;4;9;4;8;4;7;4;6;4;5;4;5;5;6;5;6;6;6;7;6;8;7;8;8;8;9;8;10;8;11;8;12;8;12;7;11;7;11;6
1;0;7;16;17;6;17;7;16;7;15;7;14;7;13;7;13;6;12;6;12;5;12;4;11;4;10;4;9;4;8;4;7;4;6;4;5;4;5;5;6;5;6;6;6;7;6;8;7;8;8;8;9;8;10;8;11;8;12;8;12;7;11;7;11;6;11;5
1;3;7;16;17;7;16;7;15;7;14;7;13;7;13;6;12;6;12;5;12;4;11;4;10;4;9;4;8;4;7;4;6;4;5;4;5;5;6;5;6;6;6;7;6;8;7;8;8;8;9;8;10;8;11;8;12;8;12;7;11;7;11;6;11;5;10;5
1;3;7;16;16;7;15;7;14;7;13;7;13;6;12;6;12;5;12;4;11;4;10;4;9;4;8;4;7;4;6;4;5;4;5;5;6;5;6;6;6;7;6;8;7;8;8;8;9;8;10;8;11;8;12;8;12;7;11;7;11;6;11;5;10;5;9;5
1;3;7;16;15;7;14;7;13;7;13;6;12;6;12;5;12;4;11;4;10;4;9;4;8;4;7;4;6;4;5;4;5;5;6;5;6;6;6;7;6;8;7;8;8;8;9;8;10;8;11;8;12;8;12;7;11;7;11;6;11;5;10;5;9;5;8;5
1;3;7;16;14;7;13;7;13;6;12;6;12;5;12;4;11;4;10;4;9;4;8;4;7;4;6;4;5;4;5;5;6;5;6;6;6;7;6;8;7;8;8;8;9;8;10;8;11;8;12;8;12;7;11;7;11;6;11;5;10;5;9;5;8;5;7;5
1;2;7;16;13;7;13;6;12;6;12;5;12;4;11;4;10;4;9;4;8;4;7;4;6;4;5;4;5;5;6;5;6;6;6;7;6;8;7;8;8;8;9;8;10;8;11;8;12;8;12;7;11;7;11;6;11;5;10;5;9;5;8;5;7;5;7;6
1;1;7;16;13;6;12;6;12;5;12;4;11;4;10;4;9;4;8;4;7;4;6;4;5;4;5;5;6;5;6;6;6;7;6;8;7;8;8;8;9;8;10;8;11;8;12;8;12;7;11;7;11;6;11;5;10;5;9;5;8;5;7;5;7;6;8;6
1;1;7;16;12;6;12;5;12;4;11;4;10;4;9;4;8;4;7;4;6;4;5;4;5;5;6;5;6;6;6;7;6;8;7;8;8;8;9;8;10;8;11;8;12;8;12;7;11;7;11;6;11;5;10;5;9;5;8;5;7;5;7;6;8;6;9;6
1;1;7;16;12;5;12;4;11;4;10;4;9;4;8;4;7;4;6;4;5;4;5;5;6;5;6;6;6;7;6;8;7;8;8;8;9;8;10;8;11;8;12;8;12;7;11;7;11;6;11;5;10;5;9;5;8;5;7;5;7;6;8;6;9;6;10;6
1;2;7;16;12;4;11;4;10;4;9;4;8;4;7;4;6;4;5;4;5;5;6;5;6;6;6;7;6;8;7;8;8;8;9;8;10;8;11;8;12;8;12;7;11;7;11;6;11;5;10;5;9;5;8;5;7;5;7;6;8;6;9;6;10;6;10;7
1;3;7;16;11;4;10;4;9;4;8;4;7;4;6;4;5;4;5;5;6;5;6;6;6;7;6;8;7;8;8;8;9;8;10;8;11;8;12;8;12;7;11;7;11;6;11;5;10;5;9;5;8;5;7;5;7;6;8;6;9;6;10;6;10;7;9;7
1;3;7;16;10;4;9;4;8;4;7;4;6;4;5;4;5;5;6;5;6;6;6;7;6;8;7;8;8;8;9;8;10;8;11;8;12;8;12;7;11;7;11;6;11;5;10;5;9;5;8;5;7;5;7;6;8;6;9;6;10;6;10;7;9;7;8;7
1;3;7;16;9;4;8;4;7;4;6;4;5;4;5;5;6;5;6;6;6;7;6;8;7;8;8;8;9;8;10;8;11;8;12;8;12;7;11;7;11;6;11;5;10;5;9;5;8;5;7;5;7;6;8;6;9;6;10;6;10;7;9;7;8;7;7;7
