20
1;1;4;13;8;10;9;10;10;10
1;2;4;13;9;10;10;10;10;11
1;3;4;13;10;10;10;11;9;11
1;3;4;13;10;11;9;11;8;11
1;2;4;13;9;11;8;11;8;12
1;2;4;13;8;11;8;12;8;13
1;3;4;13;8;12;8;13;7;13
1;3;4;13;8;13;7;13;6;13
1;3;4;13;7;13;6;13;5;13
1;3;14;11;6;13;6;13;5;13;4;13
1;0;14;11;6;13;5;13;4;13;4;12
1;0;14;11;5;13;4;13;4;12;4;11
1;1;14;11;4;13;4;12;4;11;5;11
1;1;14;11;4;12;4;11;5;11;6;11
1;1;14;11;4;11;5;11;6;11;7;11
1;1;14;11;5;11;6;11;7;11;8;11
1;1;14;11;6;11;7;11;8;11;9;11
1;1;14;11;7;11;8;11;9;11;10;11
1;1;14;11;8;11;9;11;10;11;11;11
1;1;14;11;9;11;10;11;11;11;12;11
1;1;14;11;10;11;11;11;12;11;13;11
1;1;15;19;11;11;11;11;12;11;13;11;14;11
1;1;15;19;11;11;12;11;13;11;14;11;15;11
1;2;15;19;12;11;13;11;14;11;15;11;15;12
1;2;15;19;13;11;14;11;15;11;15;12;15;13
1;2;15;19;14;11;15;11;15;12;15;13;15;14
1;2;15;19;15;11;15;12;15;13;15;14;15;15
1;2;15;19;15;12;15;13;15;14;15;15;15;16
1;2;15;19;15;13;15;14;15;15;15;16;15;17
1;2;15;19;15;14;15;15;15;16;15;17;15;18
1;2;3;13;15;15;15;15;15;16;15;17;15;18;15;19
1;3;3;13;15;15;15;16;15;17;15;18;15;19;14;19
1;0;3;13;15;16;15;17;15;18;15;19;14;19;14;18
1;0;3;13;15;17;15;18;15;19;14;19;14;18;14;17
1;0;3;13;15;18;15;19;14;19;14;18;14;17;14;16
1;0;3;13;15;19;14;19;14;18;14;17;14;16;14;15
1;0;3;13;14;19;14;18;14;17;14;16;14;15;14;14
1;0;3;13;14;18;14;17;14;16;14;15;14;14;14;13
1;3;3;13;14;17;14;16;14;15;14;14;14;13;13;13
1;3;3;13;14;16;14;15;14;14;14;13;13;13;12;13
1;3;3;13;14;15;14;14;14;13;13;13;12;13;11;13
1;3;3;13;14;14;14;13;13;13;12;13;11;13;10;13
1;3;3;13;14;13;13;13;12;13;11;13;10;13;9;13
1;3;3;13;13;13;12;13;11;13;10;13;9;13;8;13
1;3;3;13;12;13;11;13;10;13;9;13;8;13;7;13
1;3;3;13;11;13;10;13;9;13;8;13;7;13;6;13
1;3;3;13;10;13;9;13;8;13;7;13;6;13;5;13
1;3;3;13;9;13;8;13;7;13;6;13;5;13;4;13
1;3;8;14;8;13;8;13;7;13;6;13;5;13;4;13;3;13
1;2;8;14;8;13;7;13;6;13;5;13;4;13;3;13;3;14
1;1;8;14;7;13;6;13;5;13;4;13;3;13;3;14;4;14
1;1;8;14;6;13;5;13;4;13;3;13;3;14;4;14;5;14
1;1;8;14;5;13;4;13;3;13;3;14;4;14;5;14;6;14
1;1;8;14;4;13;3;13;3;14;4;14;5;14;6;14;7;14
1;1;6;2;3;13;3;13;3;14;4;14;5;14;6;14;7;14;8;14
1;0;6;2;3;13;3;14;4;14;5;14;6;14;7;14;8;14;8;13
1;0;6;2;3;14;4;14;5;14;6;14;7;14;8;14;8;13;8;12
1;3;6;2;4;14;5;14;6;14;7;14;8;14;8;13;8;12;7;12
1;3;6;2;5;14;6;14;7;14;8;14;8;13;8;12;7;12;6;12
1;0;6;2;6;14;7;14;8;14;8;13;8;12;7;12;6;12;6;11
1;0;6;2;7;14;8;14;8;13;8;12;7;12;6;12;6;11;6;10
1;0;6;2;8;14;8;13;8;12;7;12;6;12;6;11;6;10;6;9
1;0;6;2;8;13;8;12;7;12;6;12;6;11;6;10;6;9;6;8
1;0;6;2;8;12;7;12;6;12;6;11;6;10;6;9;6;8;6;7
1;0;6;2;7;12;6;12;6;11;6;10;6;9;6;8;6;7;6;6
1;0;6;2;6;12;6;11;6;10;6;9;6;8;6;7;6;6;6;5
1;0;6;2;6;11;6;10;6;9;6;8;6;7;6;6;6;5;6;4
1;0;6;2;6;10;6;9;6;8;6;7;6;6;6;5;6;4;6;3
1;0;16;15;6;9;6;9;6;8;6;7;6;6;6;5;6;4;6;3;6;2
1;1;16;15;6;9;6;8;6;7;6;6;6;5;6;4;6;3;6;2;7;2
1;2;16;15;6;8;6;7;6;6;6;5;6;4;6;3;6;2;7;2;7;3
1;2;16;15;6;7;6;6;6;5;6;4;6;3;6;2;7;2;7;3;7;4
1;2;16;15;6;6;6;5;6;4;6;3;6;2;7;2;7;3;7;4;7;5
1;2;16;15;6;5;6;4;6;3;6;2;7;2;7;3;7;4;7;5;7;6
1;2;16;15;6;4;6;3;6;2;7;2;7;3;7;4;7;5;7;6;7;7
1;2;16;15;6;3;6;2;7;2;7;3;7;4;7;5;7;6;7;7;7;8
1;2;16;15;6;2;7;2;7;3;7;4;7;5;7;6;7;7;7;8;7;9
1;2;16;15;7;2;7;3;7;4;7;5;7;6;7;7;7;8;7;9;7;10
1;2;16;15;7;3;7;4;7;5;7;6;7;7;7;8;7;9;7;10;7;11
1;2;16;15;7;4;7;5;7;6;7;7;7;8;7;9;7;10;7;11;7;12
1;2;16;15;7;5;7;6;7;7;7;8;7;9;7;10;7;11;7;12;7;13
1;2;16;15;7;6;7;7;7;8;7;9;7;10;7;11;7;12;7;13;7;14
1;2;16;15;7;7;7;8;7;9;7;10;7;11;7;12;7;13;7;14;7;15
1;1;16;15;7;8;7;9;7;10;7;11;7;12;7;13;7;14;7;15;8;15
1;1;16;15;7;9;7;10;7;11;7;12;7;13;7;14;7;15;8;15;9;15
1;1;16;15;7;10;7;11;7;12;7;13;7;14;7;15;8;15;9;15;10;15
1;1;16;15;7;11;7;12;7;13;7;14;7;15;8;15;9;15;10;15;11;15
1;1;16;15;7;12;7;13;7;14;7;15;8;15;9;15;10;15;11;15;12;15
1;1;16;15;7;13;7;14;7;15;8;15;9;15;10;15;11;15;12;15;13;15
1;1;16;15;7;14;7;15;8;15;9;15;10;15;11;15;12;15;13;15;14;15
1;1;16;15;7;15;8;15;9;15;10;15;11;15;12;15;13;15;14;15;15;15
1;1;13;2;8;15;8;15;9;15;10;15;11;15;12;15;13;15;14;15;15;15;16;15
1;0;13;2;8;15;9;15;10;15;11;15;12;15;13;15;14;15;15;15;16;15;16;14
1;0;13;2;9;15;10;15;11;15;12;15;13;15;14;15;15;15;16;15;16;14;16;13
1;0;13;2;10;15;11;15;12;15;13;15;14;15;15;15;16;15;16;14;16;13;16;12
1;0;13;2;11;15;12;15;13;15;14;15;15;15;16;15;16;14;16;13;16;12;16;11
1;0;13;2;12;15;13;15;14;15;15;15;16;15;16;14;16;13;16;12;16;11;16;10
1;0;13;2;13;15;14;15;15;15;16;15;16;14;16;13;16;12;16;11;16;10;16;9
1;3;13;2;14;15;15;15;16;15;16;14;16;13;16;12;16;11;16;10;16;9;15;9
1;3;13;2;15;15;16;15;16;14;16;13;16;12;16;11;16;10;16;9;15;9;14;9
1;3;13;2;16;15;16;14;16;13;16;12;16;11;16;10;16;9;15;9;14;9;13;9
1;0;13;2;16;14;16;13;16;12;16;11;16;10;16;9;15;9;14;9;13;9;13;8
1;0;13;2;16;13;16;12;16;11;16;10;16;9;15;9;14;9;13;9;13;8;13;7
1;0;13;2;16;12;16;11;16;10;16;9;15;9;14;9;13;9;13;8;13;7;13;6
1;0;13;2;16;11;16;10;16;9;15;9;14;9;13;9;13;8;13;7;13;6;13;5
1;0;13;2;16;10;16;9;15;9;14;9;13;9;13;8;13;7;13;6;13;5;13;4
1;0;13;2;16;9;15;9;14;9;13;9;13;8;13;7;13;6;13;5;13;4;13;3
1;0;15;15;15;9;15;9;14;9;13;9;13;8;13;7;13;6;13;5;13;4;13;3;13;2
1;1;15;15;15;9;14;9;13;9;13;8;13;7;13;6;13;5;13;4;13;3;13;2;14;2
1;1;15;15;14;9;13;9;13;8;13;7;13;6;13;5;13;4;13;3;13;2;14;2;15;2
1;2;15;15;13;9;13;8;13;7;13;6;13;5;13;4;13;3;13;2;14;2;15;2;15;3
1;2;15;15;13;8;13;7;13;6;13;5;13;4;13;3;13;2;14;2;15;2;15;3;15;4
1;2;15;15;13;7;13;6;13;5;13;4;13;3;13;2;14;2;15;2;15;3;15;4;15;5
1;2;15;15;13;6;13;5;13;4;13;3;13;2;14;2;15;2;15;3;15;4;15;5;15;6
1;2;15;15;13;5;13;4;13;3;13;2;14;2;15;2;15;3;15;4;15;5;15;6;15;7
1;2;15;15;13;4;13;3;13;2;14;2;15;2;15;3;15;4;15;5;15;6;15;7;15;8
1;2;15;15;13;3;13;2;14;2;15;2;15;3;15;4;15;5;15;6;15;7;15;8;15;9
1;2;15;15;13;2;14;2;15;2;15;3;15;4;15;5;15;6;15;7;15;8;15;9;15;10
1;2;15;15;14;2;15;2;15;3;15;4;15;5;15;6;15;7;15;8;15;9;15;10;15;11
1;2;15;15;15;2;15;3;15;4;15;5;15;6;15;7;15;8;15;9;15;10;15;11;15;12
1;2;15;15;15;3;15;4;15;5;15;6;15;7;15;8;15;9;15;10;15;11;15;12;15;13
1;2;15;15;15;4;15;5;15;6;15;7;15;8;15;9;15;10;15;11;15;12;15;13;15;14
1;2;9;10;15;5;15;5;15;6;15;7;15;8;15;9;15;10;15;11;15;12;15;13;15;14;15;15
1;3;9;10;15;5;15;6;15;7;15;8;15;9;15;10;15;11;15;12;15;13;15;14;15;15;14;15
1;0;9;10;15;6;15;7;15;8;15;9;15;10;15;11;15;12;15;13;15;14;15;15;14;15;14;14
1;0;9;10;15;7;15;8;15;9;15;10;15;11;15;12;15;13;15;14;15;15;14;15;14;14;14;13
1;0;9;10;15;8;15;9;15;10;15;11;15;12;15;13;15;14;15;15;14;15;14;14;14;13;14;12
1;0;9;10;15;9;15;10;15;11;15;12;15;13;15;14;15;15;14;15;14;14;14;13;14;12;14;11
1;0;9;10;15;10;15;11;15;12;15;13;15;14;15;15;14;15;14;14;14;13;14;12;14;11;14;10
1;3;9;10;15;11;15;12;15;13;15;14;15;15;14;15;14;14;14;13;14;12;14;11;14;10;13;10
1;3;9;10;15;12;15;13;15;14;15;15;14;15;14;14;14;13;14;12;14;11;14;10;13;10;12;10
1;3;9;10;15;13;15;14;15;15;14;15;14;14;14;13;14;12;14;11;14;10;13;10;12;10;11;10
1;3;9;10;15;14;15;15;14;15;14;14;14;13;14;12;14;11;14;10;13;10;12;10;11;10;10;10
1;3;8;16;15;15;15;15;14;15;14;14;14;13;14;12;14;11;14;10;13;10;12;10;11;10;10;10;9;10
1;3;8;16;15;15;14;15;14;14;14;13;14;12;14;11;14;10;13;10;12;10;11;10;10;10;9;10;8;10
1;2;8;16;14;15;14;14;14;13;14;12;14;11;14;10;13;10;12;10;11;10;10;10;9;10;8;10;8;11
1;2;8;16;14;14;14;13;14;12;14;11;14;10;13;10;12;10;11;10;10;10;9;10;8;10;8;11;8;12
1;2;8;16;14;13;14;12;14;11;14;10;13;10;12;10;11;10;10;10;9;10;8;10;8;11;8;12;8;13
1;2;8;16;14;12;14;11;14;10;13;10;12;10;11;10;10;10;9;10;8;10;8;11;8;12;8;13;8;14
1;2;8;16;14;11;14;10;13;10;12;10;11;10;10;10;9;10;8;10;8;11;8;12;8;13;8;14;8;15
1;2;9;9;14;10;14;10;13;10;12;10;11;10;10;10;9;10;8;10;8;11;8;12;8;13;8;14;8;15;8;16
1;1;9;9;14;10;13;10;12;10;11;10;10;10;9;10;8;10;8;11;8;12;8;13;8;14;8;15;8;16;9;16
1;0;9;9;13;10;12;10;11;10;10;10;9;10;8;10;8;11;8;12;8;13;8;14;8;15;8;16;9;16;9;15
1;0;9;9;12;10;11;10;10;10;9;10;8;10;8;11;8;12;8;13;8;14;8;15;8;16;9;16;9;15;9;14
1;0;9;9;11;10;10;10;9;10;8;10;8;11;8;12;8;13;8;14;8;15;8;16;9;16;9;15;9;14;9;13
1;0;9;9;10;10;9;10;8;10;8;11;8;12;8;13;8;14;8;15;8;16;9;16;9;15;9;14;9;13;9;12
1;0;9;9;9;10;8;10;8;11;8;12;8;13;8;14;8;15;8;16;9;16;9;15;9;14;9;13;9;12;9;11
1;0;9;9;8;10;8;11;8;12;8;13;8;14;8;15;8;16;9;16;9;15;9;14;9;13;9;12;9;11;9;10
1;0;19;17;8;11;8;11;8;12;8;13;8;14;8;15;8;16;9;16;9;15;9;14;9;13;9;12;9;11;9;10;9;9
1;1;19;17;8;11;8;12;8;13;8;14;8;15;8;16;9;16;9;15;9;14;9;13;9;12;9;11;9;10;9;9;10;9
1;2;19;17;8;12;8;13;8;14;8;15;8;16;9;16;9;15;9;14;9;13;9;12;9;11;9;10;9;9;10;9;10;10
1;2;19;17;8;13;8;14;8;15;8;16;9;16;9;15;9;14;9;13;9;12;9;11;9;10;9;9;10;9;10;10;10;11
1;2;19;17;8;14;8;15;8;16;9;16;9;15;9;14;9;13;9;12;9;11;9;10;9;9;10;9;10;10;10;11;10;12
1;2;19;17;8;15;8;16;9;16;9;15;9;14;9;13;9;12;9;11;9;10;9;9;10;9;10;10;10;11;10;12;10;13
1;2;19;17;8;16;9;16;9;15;9;14;9;13;9;12;9;11;9;10;9;9;10;9;10;10;10;11;10;12;10;13;10;14
1;2;19;17;9;16;9;15;9;14;9;13;9;12;9;11;9;10;9;9;10;9;10;10;10;11;10;12;10;13;10;14;10;15
1;2;19;17;9;15;9;14;9;13;9;12;9;11;9;10;9;9;10;9;10;10;10;11;10;12;10;13;10;14;10;15;10;16
1;2;19;17;9;14;9;13;9;12;9;11;9;10;9;9;10;9;10;10;10;11;10;12;10;13;10;14;10;15;10;16;10;17
1;1;19;17;9;13;9;12;9;11;9;10;9;9;10;9;10;10;10;11;10;12;10;13;10;14;10;15;10;16;10;17;11;17
1;1;19;17;9;12;9;11;9;10;9;9;10;9;10;10;10;11;10;12;10;13;10;14;10;15;10;16;10;17;11;17;12;17
1;1;19;17;9;11;9;10;9;9;10;9;10;10;10;11;10;12;10;13;10;14;10;15;10;16;10;17;11;17;12;17;13;17
1;1;19;17;9;10;9;9;10;9;10;10;10;11;10;12;10;13;10;14;10;15;10;16;10;17;11;17;12;17;13;17;14;17
1;1;19;17;9;9;10;9;10;10;10;11;10;12;10;13;10;14;10;15;10;16;10;17;11;17;12;17;13;17;14;17;15;17
1;1;19;17;10;9;10;10;10;11;10;12;10;13;10;14;10;15;10;16;10;17;11;17;12;17;13;17;14;17;15;17;16;17
1;1;19;17;10;10;10;11;10;12;10;13;10;14;10;15;10;16;10;17;11;17;12;17;13;17;14;17;15;17;16;17;17;17
1;1;19;17;10;11;10;12;10;13;10;14;10;15;10;16;10;17;11;17;12;17;13;17;14;17;15;17;16;17;17;17;18;17
1;1;8;9;10;12;10;12;10;13;10;14;10;15;10;16;10;17;11;17;12;17;13;17;14;17;15;17;16;17;17;17;18;17;19;17
1;0;8;9;10;12;10;13;10;14;10;15;10;16;10;17;11;17;12;17;13;17;14;17;15;17;16;17;17;17;18;17;19;17;19;16
1;0;8;9;10;13;10;14;10;15;10;16;10;17;11;17;12;17;13;17;14;17;15;17;16;17;17;17;18;17;19;17;19;16;19;15
1;0;8;9;10;14;10;15;10;16;10;17;11;17;12;17;13;17;14;17;15;17;16;17;17;17;18;17;19;17;19;16;19;15;19;14
1;0;8;9;10;15;10;16;10;17;11;17;12;17;13;17;14;17;15;17;16;17;17;17;18;17;19;17;19;16;19;15;19;14;19;13
1;0;8;9;10;16;10;17;11;17;12;17;13;17;14;17;15;17;16;17;17;17;18;17;19;17;19;16;19;15;19;14;19;13;19;12
1;0;8;9;10;17;11;17;12;17;13;17;14;17;15;17;16;17;17;17;18;17;19;17;19;16;19;15;19;14;19;13;19;12;19;11
1;0;8;9;11;17;12;17;13;17;14;17;15;17;16;17;17;17;18;17;19;17;19;16;19;15;19;14;19;13;19;12;19;11;19;10
1;0;8;9;12;17;13;17;14;17;15;17;16;17;17;17;18;17;19;17;19;16;19;15;19;14;19;13;19;12;19;11;19;10;19;9
1;3;8;9;13;17;14;17;15;17;16;17;17;17;18;17;19;17;19;16;19;15;19;14;19;13;19;12;19;11;19;10;19;9;18;9
1;3;8;9;14;17;15;17;16;17;17;17;18;17;19;17;19;16;19;15;19;14;19;13;19;12;19;11;19;10;19;9;18;9;17;9
1;3;8;9;15;17;16;17;17;17;18;17;19;17;19;16;19;15;19;14;19;13;19;12;19;11;19;10;19;9;18;9;17;9;16;9
1;3;8;9;16;17;17;17;18;17;19;17;19;16;19;15;19;14;19;13;19;12;19;11;19;10;19;9;18;9;17;9;16;9;15;9
1;3;8;9;17;17;18;17;19;17;19;16;19;15;19;14;19;13;19;12;19;11;19;10;19;9;18;9;17;9;16;9;15;9;14;9
1;3;8;9;18;17;19;17;19;16;19;15;19;14;19;13;19;12;19;11;19;10;19;9;18;9;17;9;16;9;15;9;14;9;13;9
1;3;8;9;19;17;19;16;19;15;19;14;19;13;19;12;19;11;19;10;19;9;18;9;17;9;16;9;15;9;14;9;13;9;12;9
1;3;8;9;19;16;19;15;19;14;19;13;19;12;19;11;19;10;19;9;18;9;17;9;16;9;15;9;14;9;13;9;12;9;11;9
1;3;8;9;19;15;19;14;19;13;19;12;19;11;19;10;19;9;18;9;17;9;16;9;15;9;14;9;13;9;12;9;11;9;10;9
1;3;8;9;19;14;19;13;19;12;19;11;19;10;19;9;18;9;17;9;16;9;15;9;14;9;13;9;12;9;11;9;10;9;9;9
1;3;18;16;19;13;19;13;19;12;19;11;19;10;19;9;18;9;17;9;16;9;15;9;14;9;13;9;12;9;11;9;10;9;9;9;8;9
1;2;18;16;19;13;19;12;19;11;19;10;19;9;18;9;17;9;16;9;15;9;14;9;13;9;12;9;11;9;10;9;9;9;8;9;8;10
1;1;18;16;19;12;19;11;19;10;19;9;18;9;17;9;16;9;15;9;14;9;13;9;12;9;11;9;10;9;9;9;8;9;8;10;9;10
1;1;18;16;19;11;19;10;19;9;18;9;17;9;16;9;15;9;14;9;13;9;12;9;11;9;10;9;9;9;8;9;8;10;9;10;10;10
1;1;18;16;19;10;19;9;18;9;17;9;16;9;15;9;14;9;13;9;12;9;11;9;10;9;9;9;8;9;8;10;9;10;10;10;11;10
1;1;18;16;19;9;18;9;17;9;16;9;15;9;14;9;13;9;12;9;11;9;10;9;9;9;8;9;8;10;9;10;10;10;11;10;12;10
1;1;18;16;18;9;17;9;16;9;15;9;14;9;13;9;12;9;11;9;10;9;9;9;8;9;8;10;9;10;10;10;11;10;12;10;13;10
1;1;18;16;17;9;16;9;15;9;14;9;13;9;12;9;11;9;10;9;9;9;8;9;8;10;9;10;10;10;11;10;12;10;13;10;14;10
1;1;18;16;16;9;15;9;14;9;13;9;12;9;11;9;10;9;9;9;8;9;8;10;9;10;10;10;11;10;12;10;13;10;14;10;15;10
1;1;18;16;15;9;14;9;13;9;12;9;11;9;10;9;9;9;8;9;8;10;9;10;10;10;11;10;12;10;13;10;14;10;15;10;16;10
1;2;18;16;14;9;13;9;12;9;11;9;10;9;9;9;8;9;8;10;9;10;10;10;11;10;12;10;13;10;14;10;15;10;16;10;16;11
1;2;18;16;13;9;12;9;11;9;10;9;9;9;8;9;8;10;9;10;10;10;11;10;12;10;13;10;14;10;15;10;16;10;16;11;16;12
1;2;18;16;12;9;11;9;10;9;9;9;8;9;8;10;9;10;10;10;11;10;12;10;13;10;14;10;15;10;16;10;16;11;16;12;16;13
1;2;18;16;11;9;10;9;9;9;8;9;8;10;9;10;10;10;11;10;12;10;13;10;14;10;15;10;16;10;16;11;16;12;16;13;16;14
1;2;18;16;10;9;9;9;8;9;8;10;9;10;10;10;11;10;12;10;13;10;14;10;15;10;16;10;16;11;16;12;16;13;16;14;16;15
1;2;18;16;9;9;8;9;8;10;9;10;10;10;11;10;12;10;13;10;14;10;15;10;16;10;16;11;16;12;16;13;16;14;16;15;16;16
1;1;18;16;8;9;8;10;9;10;10;10;11;10;12;10;13;10;14;10;15;10;16;10;16;11;16;12;16;13;16;14;16;15;16;16;17;16
1;1;13;17;8;10;8;10;9;10;10;10;11;10;12;10;13;10;14;10;15;10;16;10;16;11;16;12;16;13;16;14;16;15;16;16;17;16;18;16
1;2;13;17;8;10;9;10;10;10;11;10;12;10;13;10;14;10;15;10;16;10;16;11;16;12;16;13;16;14;16;15;16;16;17;16;18;16;18;17
1;3;13;17;9;10;10;10;11;10;12;10;13;10;14;10;15;10;16;10;16;11;16;12;16;13;16;14;16;15;16;16;17;16;18;16;18;17;17;17
1;3;13;17;10;10;11;10;12;10;13;10;14;10;15;10;16;10;16;11;16;12;16;13;16;14;16;15;16;16;17;16;18;16;18;17;17;17;16;17
1;3;13;17;11;10;12;10;13;10;14;10;15;10;16;10;16;11;16;12;16;13;16;14;16;15;16;16;17;16;18;16;18;17;17;17;16;17;15;17
1;3;13;17;12;10;13;10;14;10;15;10;16;10;16;11;16;12;16;13;16;14;16;15;16;16;17;16;18;16;18;17;17;17;16;17;15;17;14;17
1;3;11;15;13;10;13;10;14;10;15;10;16;10;16;11;16;12;16;13;16;14;16;15;16;16;17;16;18;16;18;17;17;17;16;17;15;17;14;17;13;17
1;3;11;15;13;10;14;10;15;10;16;10;16;11;16;12;16;13;16;14;16;15;16;16;17;16;18;16;18;17;17;17;16;17;15;17;14;17;13;17;12;17
1;0;11;15;14;10;15;10;16;10;16;11;16;12;16;13;16;14;16;15;16;16;17;16;18;16;18;17;17;17;16;17;15;17;14;17;13;17;12;17;12;16
1;0;11;15;15;10;16;10;16;11;16;12;16;13;16;14;16;15;16;16;17;16;18;16;18;17;17;17;16;17;15;17;14;17;13;17;12;17;12;16;12;15
1;0;11;15;16;10;16;11;16;12;16;13;16;14;16;15;16;16;17;16;18;16;18;17;17;17;16;17;15;17;14;17;13;17;12;17;12;16;12;15;12;14
1;3;11;15;16;11;16;12;16;13;16;14;16;15;16;16;17;16;18;16;18;17;17;17;16;17;15;17;14;17;13;17;12;17;12;16;12;15;12;14;11;14
1;2;15;1;16;12;16;12;16;13;16;14;16;15;16;16;17;16;18;16;18;17;17;17;16;17;15;17;14;17;13;17;12;17;12;16;12;15;12;14;11;14;11;15
1;3;15;1;16;12;16;13;16;14;16;15;16;16;17;16;18;16;18;17;17;17;16;17;15;17;14;17;13;17;12;17;12;16;12;15;12;14;11;14;11;15;10;15
1;0;15;1;16;13;16;14;16;15;16;16;17;16;18;16;18;17;17;17;16;17;15;17;14;17;13;17;12;17;12;16;12;15;12;14;11;14;11;15;10;15;10;14
1;0;15;1;16;14;16;15;16;16;17;16;18;16;18;17;17;17;16;17;15;17;14;17;13;17;12;17;12;16;12;15;12;14;11;14;11;15;10;15;10;14;10;13
1;1;15;1;16;15;16;16;17;16;18;16;18;17;17;17;16;17;15;17;14;17;13;17;12;17;12;16;12;15;12;14;11;14;11;15;10;15;10;14;10;13;11;13
1;1;15;1;16;16;17;16;18;16;18;17;17;17;16;17;15;17;14;17;13;17;12;17;12;16;12;15;12;14;11;14;11;15;10;15;10;14;10;13;11;13;12;13
1;1;15;1;17;16;18;16;18;17;17;17;16;17;15;17;14;17;13;17;12;17;12;16;12;15;12;14;11;14;11;15;10;15;10;14;10;13;11;13;12;13;13;13
1;1;15;1;18;16;18;17;17;17;16;17;15;17;14;17;13;17;12;17;12;16;12;15;12;14;11;14;11;15;10;15;10;14;10;13;11;13;12;13;13;13;14;13
1;1;15;1;18;17;17;17;16;17;15;17;14;17;13;17;12;17;12;16;12;15;12;14;11;14;11;15;10;15;10;14;10;13;11;13;12;13;13;13;14;13;15;13
1;0;15;1;17;17;16;17;15;17;14;17;13;17;12;17;12;16;12;15;12;14;11;14;11;15;10;15;10;14;10;13;11;13;12;13;13;13;14;13;15;13;15;12
1;0;15;1;16;17;15;17;14;17;13;17;12;17;12;16;12;15;12;14;11;14;11;15;10;15;10;14;10;13;11;13;12;13;13;13;14;13;15;13;15;12;15;11
1;0;15;1;15;17;14;17;13;17;12;17;12;16;12;15;12;14;11;14;11;15;10;15;10;14;10;13;11;13;12;13;13;13;14;13;15;13;15;12;15;11;15;10
1;0;15;1;14;17;13;17;12;17;12;16;12;15;12;14;11;14;11;15;10;15;10;14;10;13;11;13;12;13;13;13;14;13;15;13;15;12;15;11;15;10;15;9
1;0;15;1;13;17;12;17;12;16;12;15;12;14;11;14;11;15;10;15;10;14;10;13;11;13;12;13;13;13;14;13;15;13;15;12;15;11;15;10;15;9;15;8
1;0;15;1;12;17;12;16;12;15;12;14;11;14;11;15;10;15;10;14;10;13;11;13;12;13;13;13;14;13;15;13;15;12;15;11;15;10;15;9;15;8;15;7
1;0;15;1;12;16;12;15;12;14;11;14;11;15;10;15;10;14;10;13;11;13;12;13;13;13;14;13;15;13;15;12;15;11;15;10;15;9;15;8;15;7;15;6
1;0;15;1;12;15;12;14;11;14;11;15;10;15;10;14;10;13;11;13;12;13;13;13;14;13;15;13;15;12;15;11;15;10;15;9;15;8;15;7;15;6;15;5
1;0;15;1;12;14;11;14;11;15;10;15;10;14;10;13;11;13;12;13;13;13;14;13;15;13;15;12;15;11;15;10;15;9;15;8;15;7;15;6;15;5;15;4
1;0;15;1;11;14;11;15;10;15;10;14;10;13;11;13;12;13;13;13;14;13;15;13;15;12;15;11;15;10;15;9;15;8;15;7;15;6;15;5;15;4;15;3
1;0;15;1;11;15;10;15;10;14;10;13;11;13;12;13;13;13;14;13;15;13;15;12;15;11;15;10;15;9;15;8;15;7;15;6;15;5;15;4;15;3;15;2
1;0;12;0;10;15;10;15;10;14;10;13;11;13;12;13;13;13;14;13;15;13;15;12;15;11;15;10;15;9;15;8;15;7;15;6;15;5;15;4;15;3;15;2;15;1
1;0;12;0;10;15;10;14;10;13;11;13;12;13;13;13;14;13;15;13;15;12;15;11;15;10;15;9;15;8;15;7;15;6;15;5;15;4;15;3;15;2;15;1;15;0
1;3;12;0;10;14;10;13;11;13;12;13;13;13;14;13;15;13;15;12;15;11;15;10;15;9;15;8;15;7;15;6;15;5;15;4;15;3;15;2;15;1;15;0;14;0
1;3;12;0;10;13;11;13;12;13;13;13;14;13;15;13;15;12;15;11;15;10;15;9;15;8;15;7;15;6;15;5;15;4;15;3;15;2;15;1;15;0;14;0;13;0
1;3;11;2;11;13;11;13;12;13;13;13;14;13;15;13;15;12;15;11;15;10;15;9;15;8;15;7;15;6;15;5;15;4;15;3;15;2;15;1;15;0;14;0;13;0;12;0
1;3;11;2;11;13;12;13;13;13;14;13;15;13;15;12;15;11;15;10;15;9;15;8;15;7;15;6;15;5;15;4;15;3;15;2;15;1;15;0;14;0;13;0;12;0;11;0
1;2;11;2;12;13;13;13;14;13;15;13;15;12;15;11;15;10;15;9;15;8;15;7;15;6;15;5;15;4;15;3;15;2;15;1;15;0;14;0;13;0;12;0;11;0;11;1
1;2;14;10;13;13;13;13;14;13;15;13;15;12;15;11;15;10;15;9;15;8;15;7;15;6;15;5;15;4;15;3;15;2;15;1;15;0;14;0;13;0;12;0;11;0;11;1;11;2
1;2;14;10;13;13;14;13;15;13;15;12;15;11;15;10;15;9;15;8;15;7;15;6;15;5;15;4;15;3;15;2;15;1;15;0;14;0;13;0;12;0;11;0;11;1;11;2;11;3
1;2;14;10;14;13;15;13;15;12;15;11;15;10;15;9;15;8;15;7;15;6;15;5;15;4;15;3;15;2;15;1;15;0;14;0;13;0;12;0;11;0;11;1;11;2;11;3;11;4
1;2;14;10;15;13;15;12;15;11;15;10;15;9;15;8;15;7;15;6;15;5;15;4;15;3;15;2;15;1;15;0;14;0;13;0;12;0;11;0;11;1;11;2;11;3;11;4;11;5
1;2;14;10;15;12;15;11;15;10;15;9;15;8;15;7;15;6;15;5;15;4;15;3;15;2;15;1;15;0;14;0;13;0;12;0;11;0;11;1;11;2;11;3;11;4;11;5;11;6
1;2;14;10;15;11;15;10;15;9;15;8;15;7;15;6;15;5;15;4;15;3;15;2;15;1;15;0;14;0;13;0;12;0;11;0;11;1;11;2;11;3;11;4;11;5;11;6;11;7
1;2;14;10;15;10;15;9;15;8;15;7;15;6;15;5;15;4;15;3;15;2;15;1;15;0;14;0;13;0;12;0;11;0;11;1;11;2;11;3;11;4;11;5;11;6;11;7;11;8
1;2;14;10;15;9;15;8;15;7;15;6;15;5;15;4;15;3;15;2;15;1;15;0;14;0;13;0;12;0;11;0;11;1;11;2;11;3;11;4;11;5;11;6;11;7;11;8;11;9
1;2;14;10;15;8;15;7;15;6;15;5;15;4;15;3;15;2;15;1;15;0;14;0;13;0;12;0;11;0;11;1;11;2;11;3;11;4;11;5;11;6;11;7;11;8;11;9;11;10
1;1;14;10;15;7;15;6;15;5;15;4;15;3;15;2;15;1;15;0;14;0;13;0;12;0;11;0;11;1;11;2;11;3;11;4;11;5;11;6;11;7;11;8;11;9;11;10;12;10
1;1;14;10;15;6;15;5;15;4;15;3;15;2;15;1;15;0;14;0;13;0;12;0;11;0;11;1;11;2;11;3;11;4;11;5;11;6;11;7;11;8;11;9;11;10;12;10;13;10
1;1;5;1;15;5;15;5;15;4;15;3;15;2;15;1;15;0;14;0;13;0;12;0;11;0;11;1;11;2;11;3;11;4;11;5;11;6;11;7;11;8;11;9;11;10;12;10;13;10;14;10
1;0;5;1;15;5;15;4;15;3;15;2;15;1;15;0;14;0;13;0;12;0;11;0;11;1;11;2;11;3;11;4;11;5;11;6;11;7;11;8;11;9;11;10;12;10;13;10;14;10;14;9
1;0;5;1;15;4;15;3;15;2;15;1;15;0;14;0;13;0;12;0;11;0;11;1;11;2;11;3;11;4;11;5;11;6;11;7;11;8;11;9;11;10;12;10;13;10;14;10;14;9;14;8
1;0;5;1;15;3;15;2;15;1;15;0;14;0;13;0;12;0;11;0;11;1;11;2;11;3;11;4;11;5;11;6;11;7;11;8;11;9;11;10;12;10;13;10;14;10;14;9;14;8;14;7
1;0;5;1;15;2;15;1;15;0;14;0;13;0;12;0;11;0;11;1;11;2;11;3;11;4;11;5;11;6;11;7;11;8;11;9;11;10;12;10;13;10;14;10;14;9;14;8;14;7;14;6
1;0;5;1;15;1;15;0;14;0;13;0;12;0;11;0;11;1;11;2;11;3;11;4;11;5;11;6;11;7;11;8;11;9;11;10;12;10;13;10;14;10;14;9;14;8;14;7;14;6;14;5
1;0;5;1;15;0;14;0;13;0;12;0;11;0;11;1;11;2;11;3;11;4;11;5;11;6;11;7;11;8;11;9;11;10;12;10;13;10;14;10;14;9;14;8;14;7;14;6;14;5;14;4
1;0;5;1;14;0;13;0;12;0;11;0;11;1;11;2;11;3;11;4;11;5;11;6;11;7;11;8;11;9;11;10;12;10;13;10;14;10;14;9;14;8;14;7;14;6;14;5;14;4;14;3
1;0;5;1;13;0;12;0;11;0;11;1;11;2;11;3;11;4;11;5;11;6;11;7;11;8;11;9;11;10;12;10;13;10;14;10;14;9;14;8;14;7;14;6;14;5;14;4;14;3;14;2
1;0;5;1;12;0;11;0;11;1;11;2;11;3;11;4;11;5;11;6;11;7;11;8;11;9;11;10;12;10;13;10;14;10;14;9;14;8;14;7;14;6;14;5;14;4;14;3;14;2;14;1
1;3;5;1;11;0;11;1;11;2;11;3;11;4;11;5;11;6;11;7;11;8;11;9;11;10;12;10;13;10;14;10;14;9;14;8;14;7;14;6;14;5;14;4;14;3;14;2;14;1;13;1
1;3;5;1;11;1;11;2;11;3;11;4;11;5;11;6;11;7;11;8;11;9;11;10;12;10;13;10;14;10;14;9;14;8;14;7;14;6;14;5;14;4;14;3;14;2;14;1;13;1;12;1
1;3;5;1;11;2;11;3;11;4;11;5;11;6;11;7;11;8;11;9;11;10;12;10;13;10;14;10;14;9;14;8;14;7;14;6;14;5;14;4;14;3;14;2;14;1;13;1;12;1;11;1
1;3;5;1;11;3;11;4;11;5;11;6;11;7;11;8;11;9;11;10;12;10;13;10;14;10;14;9;14;8;14;7;14;6;14;5;14;4;14;3;14;2;14;1;13;1;12;1;11;1;10;1
1;3;5;1;11;4;11;5;11;6;11;7;11;8;11;9;11;10;12;10;13;10;14;10;14;9;14;8;14;7;14;6;14;5;14;4;14;3;14;2;14;1;13;1;12;1;11;1;10;1;9;1
1;3;5;1;11;5;11;6;11;7;11;8;11;9;11;10;12;10;13;10;14;10;14;9;14;8;14;7;14;6;14;5;14;4;14;3;14;2;14;1;13;1;12;1;11;1;10;1;9;1;8;1
1;3;5;1;11;6;11;7;11;8;11;9;11;10;12;10;13;10;14;10;14;9;14;8;14;7;14;6;14;5;14;4;14;3;14;2;14;1;13;1;12;1;11;1;10;1;9;1;8;1;7;1
1;3;5;1;11;7;11;8;11;9;11;10;12;10;13;10;14;10;14;9;14;8;14;7;14;6;14;5;14;4;14;3;14;2;14;1;13;1;12;1;11;1;10;1;9;1;8;1;7;1;6;1
1;3;0;8;11;8;11;8;11;9;11;10;12;10;13;10;14;10;14;9;14;8;14;7;14;6;14;5;14;4;14;3;14;2;14;1;13;1;12;1;11;1;10;1;9;1;8;1;7;1;6;1;5;1
1;2;0;8;11;8;11;9;11;10;12;10;13;10;14;10;14;9;14;8;14;7;14;6;14;5;14;4;14;3;14;2;14;1;13;1;12;1;11;1;10;1;9;1;8;1;7;1;6;1;5;1;5;2
1;2;0;8;11;9;11;10;12;10;13;10;14;10;14;9;14;8;14;7;14;6;14;5;14;4;14;3;14;2;14;1;13;1;12;1;11;1;10;1;9;1;8;1;7;1;6;1;5;1;5;2;5;3
1;2;0;8;11;10;12;10;13;10;14;10;14;9;14;8;14;7;14;6;14;5;14;4;14;3;14;2;14;1;13;1;12;1;11;1;10;1;9;1;8;1;7;1;6;1;5;1;5;2;5;3;5;4
1;2;0;8;12;10;13;10;14;10;14;9;14;8;14;7;14;6;14;5;14;4;14;3;14;2;14;1;13;1;12;1;11;1;10;1;9;1;8;1;7;1;6;1;5;1;5;2;5;3;5;4;5;5
1;2;0;8;13;10;14;10;14;9;14;8;14;7;14;6;14;5;14;4;14;3;14;2;14;1;13;1;12;1;11;1;10;1;9;1;8;1;7;1;6;1;5;1;5;2;5;3;5;4;5;5;5;6
1;2;0;8;14;10;14;9;14;8;14;7;14;6;14;5;14;4;14;3;14;2;14;1;13;1;12;1;11;1;10;1;9;1;8;1;7;1;6;1;5;1;5;2;5;3;5;4;5;5;5;6;5;7
1;2;0;8;14;9;14;8;14;7;14;6;14;5;14;4;14;3;14;2;14;1;13;1;12;1;11;1;10;1;9;1;8;1;7;1;6;1;5;1;5;2;5;3;5;4;5;5;5;6;5;7;5;8
1;3;0;8;14;8;14;7;14;6;14;5;14;4;14;3;14;2;14;1;13;1;12;1;11;1;10;1;9;1;8;1;7;1;6;1;5;1;5;2;5;3;5;4;5;5;5;6;5;7;5;8;4;8
1;3;0;8;14;7;14;6;14;5;14;4;14;3;14;2;14;1;13;1;12;1;11;1;10;1;9;1;8;1;7;1;6;1;5;1;5;2;5;3;5;4;5;5;5;6;5;7;5;8;4;8;3;8
1;3;0;8;14;6;14;5;14;4;14;3;14;2;14;1;13;1;12;1;11;1;10;1;9;1;8;1;7;1;6;1;5;1;5;2;5;3;5;4;5;5;5;6;5;7;5;8;4;8;3;8;2;8
1;3;0;8;14;5;14;4;14;3;14;2;14;1;13;1;12;1;11;1;10;1;9;1;8;1;7;1;6;1;5;1;5;2;5;3;5;4;5;5;5;6;5;7;5;8;4;8;3;8;2;8;1;8
1;3;11;6;14;4;14;4;14;3;14;2;14;1;13;1;12;1;11;1;10;1;9;1;8;1;7;1;6;1;5;1;5;2;5;3;5;4;5;5;5;6;5;7;5;8;4;8;3;8;2;8;1;8;0;8
1;2;11;6;14;4;14;3;14;2;14;1;13;1;12;1;11;1;10;1;9;1;8;1;7;1;6;1;5;1;5;2;5;3;5;4;5;5;5;6;5;7;5;8;4;8;3;8;2;8;1;8;0;8;0;9
1;1;11;6;14;3;14;2;14;1;13;1;12;1;11;1;10;1;9;1;8;1;7;1;6;1;5;1;5;2;5;3;5;4;5;5;5;6;5;7;5;8;4;8;3;8;2;8;1;8;0;8;0;9;1;9
1;1;11;6;14;2;14;1;13;1;12;1;11;1;10;1;9;1;8;1;7;1;6;1;5;1;5;2;5;3;5;4;5;5;5;6;5;7;5;8;4;8;3;8;2;8;1;8;0;8;0;9;1;9;2;9
1;1;11;6;14;1;13;1;12;1;11;1;10;1;9;1;8;1;7;1;6;1;5;1;5;2;5;3;5;4;5;5;5;6;5;7;5;8;4;8;3;8;2;8;1;8;0;8;0;9;1;9;2;9;3;9
1;1;11;6;13;1;12;1;11;1;10;1;9;1;8;1;7;1;6;1;5;1;5;2;5;3;5;4;5;5;5;6;5;7;5;8;4;8;3;8;2;8;1;8;0;8;0;9;1;9;2;9;3;9;4;9
1;1;11;6;12;1;11;1;10;1;9;1;8;1;7;1;6;1;5;1;5;2;5;3;5;4;5;5;5;6;5;7;5;8;4;8;3;8;2;8;1;8;0;8;0;9;1;9;2;9;3;9;4;9;5;9
1;1;11;6;11;1;10;1;9;1;8;1;7;1;6;1;5;1;5;2;5;3;5;4;5;5;5;6;5;7;5;8;4;8;3;8;2;8;1;8;0;8;0;9;1;9;2;9;3;9;4;9;5;9;6;9
1;1;11;6;10;1;9;1;8;1;7;1;6;1;5;1;5;2;5;3;5;4;5;5;5;6;5;7;5;8;4;8;3;8;2;8;1;8;0;8;0;9;1;9;2;9;3;9;4;9;5;9;6;9;7;9
1;1;11;6;9;1;8;1;7;1;6;1;5;1;5;2;5;3;5;4;5;5;5;6;5;7;5;8;4;8;3;8;2;8;1;8;0;8;0;9;1;9;2;9;3;9;4;9;5;9;6;9;7;9;8;9
1;1;11;6;8;1;7;1;6;1;5;1;5;2;5;3;5;4;5;5;5;6;5;7;5;8;4;8;3;8;2;8;1;8;0;8;0;9;1;9;2;9;3;9;4;9;5;9;6;9;7;9;8;9;9;9
1;1;11;6;7;1;6;1;5;1;5;2;5;3;5;4;5;5;5;6;5;7;5;8;4;8;3;8;2;8;1;8;0;8;0;9;1;9;2;9;3;9;4;9;5;9;6;9;7;9;8;9;9;9;10;9
1;0;11;6;6;1;5;1;5;2;5;3;5;4;5;5;5;6;5;7;5;8;4;8;3;8;2;8;1;8;0;8;0;9;1;9;2;9;3;9;4;9;5;9;6;9;7;9;8;9;9;9;10;9;10;8
1;0;11;6;5;1;5;2;5;3;5;4;5;5;5;6;5;7;5;8;4;8;3;8;2;8;1;8;0;8;0;9;1;9;2;9;3;9;4;9;5;9;6;9;7;9;8;9;9;9;10;9;10;8;10;7
1;0;11;6;5;2;5;3;5;4;5;5;5;6;5;7;5;8;4;8;3;8;2;8;1;8;0;8;0;9;1;9;2;9;3;9;4;9;5;9;6;9;7;9;8;9;9;9;10;9;10;8;10;7;10;6
1;1;2;10;5;3;5;3;5;4;5;5;5;6;5;7;5;8;4;8;3;8;2;8;1;8;0;8;0;9;1;9;2;9;3;9;4;9;5;9;6;9;7;9;8;9;9;9;10;9;10;8;10;7;10;6;11;6
1;2;2;10;5;3;5;4;5;5;5;6;5;7;5;8;4;8;3;8;2;8;1;8;0;8;0;9;1;9;2;9;3;9;4;9;5;9;6;9;7;9;8;9;9;9;10;9;10;8;10;7;10;6;11;6;11;7
1;2;2;10;5;4;5;5;5;6;5;7;5;8;4;8;3;8;2;8;1;8;0;8;0;9;1;9;2;9;3;9;4;9;5;9;6;9;7;9;8;9;9;9;10;9;10;8;10;7;10;6;11;6;11;7;11;8
1;2;2;10;5;5;5;6;5;7;5;8;4;8;3;8;2;8;1;8;0;8;0;9;1;9;2;9;3;9;4;9;5;9;6;9;7;9;8;9;9;9;10;9;10;8;10;7;10;6;11;6;11;7;11;8;11;9
1;2;2;10;5;6;5;7;5;8;4;8;3;8;2;8;1;8;0;8;0;9;1;9;2;9;3;9;4;9;5;9;6;9;7;9;8;9;9;9;10;9;10;8;10;7;10;6;11;6;11;7;11;8;11;9;11;10
1;3;2;10;5;7;5;8;4;8;3;8;2;8;1;8;0;8;0;9;1;9;2;9;3;9;4;9;5;9;6;9;7;9;8;9;9;9;10;9;10;8;10;7;10;6;11;6;11;7;11;8;11;9;11;10;10;10
1;3;2;10;5;8;4;8;3;8;2;8;1;8;0;8;0;9;1;9;2;9;3;9;4;9;5;9;6;9;7;9;8;9;9;9;10;9;10;8;10;7;10;6;11;6;11;7;11;8;11;9;11;10;10;10;9;10
1;3;2;10;4;8;3;8;2;8;1;8;0;8;0;9;1;9;2;9;3;9;4;9;5;9;6;9;7;9;8;9;9;9;10;9;10;8;10;7;10;6;11;6;11;7;11;8;11;9;11;10;10;10;9;10;8;10
1;3;2;10;3;8;2;8;1;8;0;8;0;9;1;9;2;9;3;9;4;9;5;9;6;9;7;9;8;9;9;9;10;9;10;8;10;7;10;6;11;6;11;7;11;8;11;9;11;10;10;10;9;10;8;10;7;10
1;3;2;10;2;8;1;8;0;8;0;9;1;9;2;9;3;9;4;9;5;9;6;9;7;9;8;9;9;9;10;9;10;8;10;7;10;6;11;6;11;7;11;8;11;9;11;10;10;10;9;10;8;10;7;10;6;10
1;3;2;10;1;8;0;8;0;9;1;9;2;9;3;9;4;9;5;9;6;9;7;9;8;9;9;9;10;9;10;8;10;7;10;6;11;6;11;7;11;8;11;9;11;10;10;10;9;10;8;10;7;10;6;10;5;10
1;3;2;10;0;8;0;9;1;9;2;9;3;9;4;9;5;9;6;9;7;9;8;9;9;9;10;9;10;8;10;7;10;6;11;6;11;7;11;8;11;9;11;10;10;10;9;10;8;10;7;10;6;10;5;10;4;10
1;3;2;10;0;9;1;9;2;9;3;9;4;9;5;9;6;9;7;9;8;9;9;9;10;9;10;8;10;7;10;6;11;6;11;7;11;8;11;9;11;10;10;10;9;10;8;10;7;10;6;10;5;10;4;10;3;10
1;3;16;4;1;9;1;9;2;9;3;9;4;9;5;9;6;9;7;9;8;9;9;9;10;9;10;8;10;7;10;6;11;6;11;7;11;8;11;9;11;10;10;10;9;10;8;10;7;10;6;10;5;10;4;10;3;10;2;10
1;2;16;4;1;9;2;9;3;9;4;9;5;9;6;9;7;9;8;9;9;9;10;9;10;8;10;7;10;6;11;6;11;7;11;8;11;9;11;10;10;10;9;10;8;10;7;10;6;10;5;10;4;10;3;10;2;10;2;11
1;1;16;4;2;9;3;9;4;9;5;9;6;9;7;9;8;9;9;9;10;9;10;8;10;7;10;6;11;6;11;7;11;8;11;9;11;10;10;10;9;10;8;10;7;10;6;10;5;10;4;10;3;10;2;10;2;11;3;11
1;1;16;4;3;9;4;9;5;9;6;9;7;9;8;9;9;9;10;9;10;8;10;7;10;6;11;6;11;7;11;8;11;9;11;10;10;10;9;10;8;10;7;10;6;10;5;10;4;10;3;10;2;10;2;11;3;11;4;11
1;1;16;4;4;9;5;9;6;9;7;9;8;9;9;9;10;9;10;8;10;7;10;6;11;6;11;7;11;8;11;9;11;10;10;10;9;10;8;10;7;10;6;10;5;10;4;10;3;10;2;10;2;11;3;11;4;11;5;11
1;1;16;4;5;9;6;9;7;9;8;9;9;9;10;9;10;8;10;7;10;6;11;6;11;7;11;8;11;9;11;10;10;10;9;10;8;10;7;10;6;10;5;10;4;10;3;10;2;10;2;11;3;11;4;11;5;11;6;11
1;1;16;4;6;9;7;9;8;9;9;9;10;9;10;8;10;7;10;6;11;6;11;7;11;8;11;9;11;10;10;10;9;10;8;10;7;10;6;10;5;10;4;10;3;10;2;10;2;11;3;11;4;11;5;11;6;11;7;11
1;1;16;4;7;9;8;9;9;9;10;9;10;8;10;7;10;6;11;6;11;7;11;8;11;9;11;10;10;10;9;10;8;10;7;10;6;10;5;10;4;10;3;10;2;10;2;11;3;11;4;11;5;11;6;11;7;11;8;11
1;1;16;4;8;9;9;9;10;9;10;8;10;7;10;6;11;6;11;7;11;8;11;9;11;10;10;10;9;10;8;10;7;10;6;10;5;10;4;10;3;10;2;10;2;11;3;11;4;11;5;11;6;11;7;11;8;11;9;11
1;1;16;4;9;9;10;9;10;8;10;7;10;6;11;6;11;7;11;8;11;9;11;10;10;10;9;10;8;10;7;10;6;10;5;10;4;10;3;10;2;10;2;11;3;11;4;11;5;11;6;11;7;11;8;11;9;11;10;11
1;1;16;4;10;9;10;8;10;7;10;6;11;6;11;7;11;8;11;9;11;10;10;10;9;10;8;10;7;10;6;10;5;10;4;10;3;10;2;10;2;11;3;11;4;11;5;11;6;11;7;11;8;11;9;11;10;11;11;11
1;1;16;4;10;8;10;7;10;6;11;6;11;7;11;8;11;9;11;10;10;10;9;10;8;10;7;10;6;10;5;10;4;10;3;10;2;10;2;11;3;11;4;11;5;11;6;11;7;11;8;11;9;11;10;11;11;11;12;11
1;1;16;4;10;7;10;6;11;6;11;7;11;8;11;9;11;10;10;10;9;10;8;10;7;10;6;10;5;10;4;10;3;10;2;10;2;11;3;11;4;11;5;11;6;11;7;11;8;11;9;11;10;11;11;11;12;11;13;11
1;1;16;4;10;6;11;6;11;7;11;8;11;9;11;10;10;10;9;10;8;10;7;10;6;10;5;10;4;10;3;10;2;10;2;11;3;11;4;11;5;11;6;11;7;11;8;11;9;11;10;11;11;11;12;11;13;11;14;11
1;1;16;4;11;6;11;7;11;8;11;9;11;10;10;10;9;10;8;10;7;10;6;10;5;10;4;10;3;10;2;10;2;11;3;11;4;11;5;11;6;11;7;11;8;11;9;11;10;11;11;11;12;11;13;11;14;11;15;11
1;1;16;4;11;7;11;8;11;9;11;10;10;10;9;10;8;10;7;10;6;10;5;10;4;10;3;10;2;10;2;11;3;11;4;11;5;11;6;11;7;11;8;11;9;11;10;11;11;11;12;11;13;11;14;11;15;11;16;11
1;0;16;4;11;8;11;9;11;10;10;10;9;10;8;10;7;10;6;10;5;10;4;10;3;10;2;10;2;11;3;11;4;11;5;11;6;11;7;11;8;11;9;11;10;11;11;11;12;11;13;11;14;11;15;11;16;11;16;10
1;0;16;4;11;9;11;10;10;10;9;10;8;10;7;10;6;10;5;10;4;10;3;10;2;10;2;11;3;11;4;11;5;11;6;11;7;11;8;11;9;11;10;11;11;11;12;11;13;11;14;11;15;11;16;11;16;10;16;9
1;0;16;4;11;10;10;10;9;10;8;10;7;10;6;10;5;10;4;10;3;10;2;10;2;11;3;11;4;11;5;11;6;11;7;11;8;11;9;11;10;11;11;11;12;11;13;11;14;11;15;11;16;11;16;10;16;9;16;8
1;0;16;4;10;10;9;10;8;10;7;10;6;10;5;10;4;10;3;10;2;10;2;11;3;11;4;11;5;11;6;11;7;11;8;11;9;11;10;11;11;11;12;11;13;11;14;11;15;11;16;11;16;10;16;9;16;8;16;7
1;0;16;4;9;10;8;10;7;10;6;10;5;10;4;10;3;10;2;10;2;11;3;11;4;11;5;11;6;11;7;11;8;11;9;11;10;11;11;11;12;11;13;11;14;11;15;11;16;11;16;10;16;9;16;8;16;7;16;6
1;0;16;4;8;10;7;10;6;10;5;10;4;10;3;10;2;10;2;11;3;11;4;11;5;11;6;11;7;11;8;11;9;11;10;11;11;11;12;11;13;11;14;11;15;11;16;11;16;10;16;9;16;8;16;7;16;6;16;5
1;0;10;6;7;10;7;10;6;10;5;10;4;10;3;10;2;10;2;11;3;11;4;11;5;11;6;11;7;11;8;11;9;11;10;11;11;11;12;11;13;11;14;11;15;11;16;11;16;10;16;9;16;8;16;7;16;6;16;5;16;4
1;3;10;6;7;10;6;10;5;10;4;10;3;10;2;10;2;11;3;11;4;11;5;11;6;11;7;11;8;11;9;11;10;11;11;11;12;11;13;11;14;11;15;11;16;11;16;10;16;9;16;8;16;7;16;6;16;5;16;4;15;4
1;3;10;6;6;10;5;10;4;10;3;10;2;10;2;11;3;11;4;11;5;11;6;11;7;11;8;11;9;11;10;11;11;11;12;11;13;11;14;11;15;11;16;11;16;10;16;9;16;8;16;7;16;6;16;5;16;4;15;4;14;4
1;3;10;6;5;10;4;10;3;10;2;10;2;11;3;11;4;11;5;11;6;11;7;11;8;11;9;11;10;11;11;11;12;11;13;11;14;11;15;11;16;11;16;10;16;9;16;8;16;7;16;6;16;5;16;4;15;4;14;4;13;4
1;3;10;6;4;10;3;10;2;10;2;11;3;11;4;11;5;11;6;11;7;11;8;11;9;11;10;11;11;11;12;11;13;11;14;11;15;11;16;11;16;10;16;9;16;8;16;7;16;6;16;5;16;4;15;4;14;4;13;4;12;4
1;3;10;6;3;10;2;10;2;11;3;11;4;11;5;11;6;11;7;11;8;11;9;11;10;11;11;11;12;11;13;11;14;11;15;11;16;11;16;10;16;9;16;8;16;7;16;6;16;5;16;4;15;4;14;4;13;4;12;4;11;4
1;3;10;6;2;10;2;11;3;11;4;11;5;11;6;11;7;11;8;11;9;11;10;11;11;11;12;11;13;11;14;11;15;11;16;11;16;10;16;9;16;8;16;7;16;6;16;5;16;4;15;4;14;4;13;4;12;4;11;4;10;4
1;3;10;6;2;11;3;11;4;11;5;11;6;11;7;11;8;11;9;11;10;11;11;11;12;11;13;11;14;11;15;11;16;11;16;10;16;9;16;8;16;7;16;6;16;5;16;4;15;4;14;4;13;4;12;4;11;4;10;4;9;4
1;2;10;6;3;11;4;11;5;11;6;11;7;11;8;11;9;11;10;11;11;11;12;11;13;11;14;11;15;11;16;11;16;10;16;9;16;8;16;7;16;6;16;5;16;4;15;4;14;4;13;4;12;4;11;4;10;4;9;4;9;5
1;2;10;6;4;11;5;11;6;11;7;11;8;11;9;11;10;11;11;11;12;11;13;11;14;11;15;11;16;11;16;10;16;9;16;8;16;7;16;6;16;5;16;4;15;4;14;4;13;4;12;4;11;4;10;4;9;4;9;5;9;6
1;1;19;7;5;11;5;11;6;11;7;11;8;11;9;11;10;11;11;11;12;11;13;11;14;11;15;11;16;11;16;10;16;9;16;8;16;7;16;6;16;5;16;4;15;4;14;4;13;4;12;4;11;4;10;4;9;4;9;5;9;6;10;6
1;2;19;7;5;11;6;11;7;11;8;11;9;11;10;11;11;11;12;11;13;11;14;11;15;11;16;11;16;10;16;9;16;8;16;7;16;6;16;5;16;4;15;4;14;4;13;4;12;4;11;4;10;4;9;4;9;5;9;6;10;6;10;7
1;3;19;7;6;11;7;11;8;11;9;11;10;11;11;11;12;11;13;11;14;11;15;11;16;11;16;10;16;9;16;8;16;7;16;6;16;5;16;4;15;4;14;4;13;4;12;4;11;4;10;4;9;4;9;5;9;6;10;6;10;7;9;7
1;3;19;7;7;11;8;11;9;11;10;11;11;11;12;11;13;11;14;11;15;11;16;11;16;10;16;9;16;8;16;7;16;6;16;5;16;4;15;4;14;4;13;4;12;4;11;4;10;4;9;4;9;5;9;6;10;6;10;7;9;7;8;7
1;0;19;7;8;11;9;11;10;11;11;11;12;11;13;11;14;11;15;11;16;11;16;10;16;9;16;8;16;7;16;6;16;5;16;4;15;4;14;4;13;4;12;4;11;4;10;4;9;4;9;5;9;6;10;6;10;7;9;7;8;7;8;6
1;3;19;7;9;11;10;11;11;11;12;11;13;11;14;11;15;11;16;11;16;10;16;9;16;8;16;7;16;6;16;5;16;4;15;4;14;4;13;4;12;4;11;4;10;4;9;4;9;5;9;6;10;6;10;7;9;7;8;7;8;6;7;6
1;2;19;7;10;11;11;11;12;11;13;11;14;11;15;11;16;11;16;10;16;9;16;8;16;7;16;6;16;5;16;4;15;4;14;4;13;4;12;4;11;4;10;4;9;4;9;5;9;6;10;6;10;7;9;7;8;7;8;6;7;6;7;7
1;2;19;7;11;11;12;11;13;11;14;11;15;11;16;11;16;10;16;9;16;8;16;7;16;6;16;5;16;4;15;4;14;4;13;4;12;4;11;4;10;4;9;4;9;5;9;6;10;6;10;7;9;7;8;7;8;6;7;6;7;7;7;8
1;1;19;7;12;11;13;11;14;11;15;11;16;11;16;10;16;9;16;8;16;7;16;6;16;5;16;4;15;4;14;4;13;4;12;4;11;4;10;4;9;4;9;5;9;6;10;6;10;7;9;7;8;7;8;6;7;6;7;7;7;8;8;8
1;1;19;7;13;11;14;11;15;11;16;11;16;10;16;9;16;8;16;7;16;6;16;5;16;4;15;4;14;4;13;4;12;4;11;4;10;4;9;4;9;5;9;6;10;6;10;7;9;7;8;7;8;6;7;6;7;7;7;8;8;8;9;8
1;1;19;7;14;11;15;11;16;11;16;10;16;9;16;8;16;7;16;6;16;5;16;4;15;4;14;4;13;4;12;4;11;4;10;4;9;4;9;5;9;6;10;6;10;7;9;7;8;7;8;6;7;6;7;7;7;8;8;8;9;8;10;8
1;1;19;7;15;11;16;11;16;10;16;9;16;8;16;7;16;6;16;5;16;4;15;4;14;4;13;4;12;4;11;4;10;4;9;4;9;5;9;6;10;6;10;7;9;7;8;7;8;6;7;6;7;7;7;8;8;8;9;8;10;8;11;8
1;1;19;7;16;11;16;10;16;9;16;8;16;7;16;6;16;5;16;4;15;4;14;4;13;4;12;4;11;4;10;4;9;4;9;5;9;6;10;6;10;7;9;7;8;7;8;6;7;6;7;7;7;8;8;8;9;8;10;8;11;8;12;8
1;1;19;7;16;10;16;9;16;8;16;7;16;6;16;5;16;4;15;4;14;4;13;4;12;4;11;4;10;4;9;4;9;5;9;6;10;6;10;7;9;7;8;7;8;6;7;6;7;7;7;8;8;8;9;8;10;8;11;8;12;8;13;8
1;1;19;7;16;9;16;8;16;7;16;6;16;5;16;4;15;4;14;4;13;4;12;4;11;4;10;4;9;4;9;5;9;6;10;6;10;7;9;7;8;7;8;6;7;6;7;7;7;8;8;8;9;8;10;8;11;8;12;8;13;8;14;8
1;1;19;7;16;8;16;7;16;6;16;5;16;4;15;4;14;4;13;4;12;4;11;4;10;4;9;4;9;5;9;6;10;6;10;7;9;7;8;7;8;6;7;6;7;7;7;8;8;8;9;8;10;8;11;8;12;8;13;8;14;8;15;8
1;0;19;7;16;7;16;6;16;5;16;4;15;4;14;4;13;4;12;4;11;4;10;4;9;4;9;5;9;6;10;6;10;7;9;7;8;7;8;6;7;6;7;7;7;8;8;8;9;8;10;8;11;8;12;8;13;8;14;8;15;8;15;7
1;1;19;7;16;6;16;5;16;4;15;4;14;4;13;4;12;4;11;4;10;4;9;4;9;5;9;6;10;6;10;7;9;7;8;7;8;6;7;6;7;7;7;8;8;8;9;8;10;8;11;8;12;8;13;8;14;8;15;8;15;7;16;7
1;1;19;7;16;5;16;4;15;4;14;4;13;4;12;4;11;4;10;4;9;4;9;5;9;6;10;6;10;7;9;7;8;7;8;6;7;6;7;7;7;8;8;8;9;8;10;8;11;8;12;8;13;8;14;8;15;8;15;7;16;7;17;7
1;1;19;7;16;4;15;4;14;4;13;4;12;4;11;4;10;4;9;4;9;5;9;6;10;6;10;7;9;7;8;7;8;6;7;6;7;7;7;8;8;8;9;8;10;8;11;8;12;8;13;8;14;8;15;8;15;7;16;7;17;7;18;7
1;1;1;3;15;4;15;4;14;4;13;4;12;4;11;4;10;4;9;4;9;5;9;6;10;6;10;7;9;7;8;7;8;6;7;6;7;7;7;8;8;8;9;8;10;8;11;8;12;8;13;8;14;8;15;8;15;7;16;7;17;7;18;7;19;7
1;0;1;3;15;4;14;4;13;4;12;4;11;4;10;4;9;4;9;5;9;6;10;6;10;7;9;7;8;7;8;6;7;6;7;7;7;8;8;8;9;8;10;8;11;8;12;8;13;8;14;8;15;8;15;7;16;7;17;7;18;7;19;7;19;6
1;0;1;3;14;4;13;4;12;4;11;4;10;4;9;4;9;5;9;6;10;6;10;7;9;7;8;7;8;6;7;6;7;7;7;8;8;8;9;8;10;8;11;8;12;8;13;8;14;8;15;8;15;7;16;7;17;7;18;7;19;7;19;6;19;5
1;0;1;3;13;4;12;4;11;4;10;4;9;4;9;5;9;6;10;6;10;7;9;7;8;7;8;6;7;6;7;7;7;8;8;8;9;8;10;8;11;8;12;8;13;8;14;8;15;8;15;7;16;7;17;7;18;7;19;7;19;6;19;5;19;4
1;0;1;3;12;4;11;4;10;4;9;4;9;5;9;6;10;6;10;7;9;7;8;7;8;6;7;6;7;7;7;8;8;8;9;8;10;8;11;8;12;8;13;8;14;8;15;8;15;7;16;7;17;7;18;7;19;7;19;6;19;5;19;4;19;3
1;3;1;3;11;4;10;4;9;4;9;5;9;6;10;6;10;7;9;7;8;7;8;6;7;6;7;7;7;8;8;8;9;8;10;8;11;8;12;8;13;8;14;8;15;8;15;7;16;7;17;7;18;7;19;7;19;6;19;5;19;4;19;3;18;3
1;3;1;3;10;4;9;4;9;5;9;6;10;6;10;7;9;7;8;7;8;6;7;6;7;7;7;8;8;8;9;8;10;8;11;8;12;8;13;8;14;8;15;8;15;7;16;7;17;7;18;7;19;7;19;6;19;5;19;4;19;3;18;3;17;3
1;3;1;3;9;4;9;5;9;6;10;6;10;7;9;7;8;7;8;6;7;6;7;7;7;8;8;8;9;8;10;8;11;8;12;8;13;8;14;8;15;8;15;7;16;7;17;7;18;7;19;7;19;6;19;5;19;4;19;3;18;3;17;3;16;3
1;3;1;3;9;5;9;6;10;6;10;7;9;7;8;7;8;6;7;6;7;7;7;8;8;8;9;8;10;8;11;8;12;8;13;8;14;8;15;8;15;7;16;7;17;7;18;7;19;7;19;6;19;5;19;4;19;3;18;3;17;3;16;3;15;3
1;3;1;3;9;6;10;6;10;7;9;7;8;7;8;6;7;6;7;7;7;8;8;8;9;8;10;8;11;8;12;8;13;8;14;8;15;8;15;7;16;7;17;7;18;7;19;7;19;6;19;5;19;4;19;3;18;3;17;3;16;3;15;3;14;3
1;3;1;3;10;6;10;7;9;7;8;7;8;6;7;6;7;7;7;8;8;8;9;8;10;8;11;8;12;8;13;8;14;8;15;8;15;7;16;7;17;7;18;7;19;7;19;6;19;5;19;4;19;3;18;3;17;3;16;3;15;3;14;3;13;3
1;3;1;3;10;7;9;7;8;7;8;6;7;6;7;7;7;8;8;8;9;8;10;8;11;8;12;8;13;8;14;8;15;8;15;7;16;7;17;7;18;7;19;7;19;6;19;5;19;4;19;3;18;3;17;3;16;3;15;3;14;3;13;3;12;3
1;3;1;3;9;7;8;7;8;6;7;6;7;7;7;8;8;8;9;8;10;8;11;8;12;8;13;8;14;8;15;8;15;7;16;7;17;7;18;7;19;7;19;6;19;5;19;4;19;3;18;3;17;3;16;3;15;3;14;3;13;3;12;3;11;3
1;3;1;3;8;7;8;6;7;6;7;7;7;8;8;8;9;8;10;8;11;8;12;8;13;8;14;8;15;8;15;7;16;7;17;7;18;7;19;7;19;6;19;5;19;4;19;3;18;3;17;3;16;3;15;3;14;3;13;3;12;3;11;3;10;3
1;3;1;3;8;6;7;6;7;7;7;8;8;8;9;8;10;8;11;8;12;8;13;8;14;8;15;8;15;7;16;7;17;7;18;7;19;7;19;6;19;5;19;4;19;3;18;3;17;3;16;3;15;3;14;3;13;3;12;3;11;3;10;3;9;3
1;3;1;3;7;6;7;7;7;8;8;8;9;8;10;8;11;8;12;8;13;8;14;8;15;8;15;7;16;7;17;7;18;7;19;7;19;6;19;5;19;4;19;3;18;3;17;3;16;3;15;3;14;3;13;3;12;3;11;3;10;3;9;3;8;3
1;3;1;3;7;7;7;8;8;8;9;8;10;8;11;8;12;8;13;8;14;8;15;8;15;7;16;7;17;7;18;7;19;7;19;6;19;5;19;4;19;3;18;3;17;3;16;3;15;3;14;3;13;3;12;3;11;3;10;3;9;3;8;3;7;3
1;3;1;3;7;8;8;8;9;8;10;8;11;8;12;8;13;8;14;8;15;8;15;7;16;7;17;7;18;7;19;7;19;6;19;5;19;4;19;3;18;3;17;3;16;3;15;3;14;3;13;3;12;3;11;3;10;3;9;3;8;3;7;3;6;3
1;3;1;3;8;8;9;8;10;8;11;8;12;8;13;8;14;8;15;8;15;7;16;7;17;7;18;7;19;7;19;6;19;5;19;4;19;3;18;3;17;3;16;3;15;3;14;3;13;3;12;3;11;3;10;3;9;3;8;3;7;3;6;3;5;3
1;3;1;3;9;8;10;8;11;8;12;8;13;8;14;8;15;8;15;7;16;7;17;7;18;7;19;7;19;6;19;5;19;4;19;3;18;3;17;3;16;3;15;3;14;3;13;3;12;3;11;3;10;3;9;3;8;3;7;3;6;3;5;3;4;3
1;3;1;3;10;8;11;8;12;8;13;8;14;8;15;8;15;7;16;7;17;7;18;7;19;7;19;6;19;5;19;4;19;3;18;3;17;3;16;3;15;3;14;3;13;3;12;3;11;3;10;3;9;3;8;3;7;3;6;3;5;3;4;3;3;3
1;3;1;3;11;8;12;8;13;8;14;8;15;8;15;7;16;7;17;7;18;7;19;7;19;6;19;5;19;4;19;3;18;3;17;3;16;3;15;3;14;3;13;3;12;3;11;3;10;3;9;3;8;3;7;3;6;3;5;3;4;3;3;3;2;3
1;3;7;4;12;8;12;8;13;8;14;8;15;8;15;7;16;7;17;7;18;7;19;7;19;6;19;5;19;4;19;3;18;3;17;3;16;3;15;3;14;3;13;3;12;3;11;3;10;3;9;3;8;3;7;3;6;3;5;3;4;3;3;3;2;3;1;3
1;2;7;4;12;8;13;8;14;8;15;8;15;7;16;7;17;7;18;7;19;7;19;6;19;5;19;4;19;3;18;3;17;3;16;3;15;3;14;3;13;3;12;3;11;3;10;3;9;3;8;3;7;3;6;3;5;3;4;3;3;3;2;3;1;3;1;4
1;1;7;4;13;8;14;8;15;8;15;7;16;7;17;7;18;7;19;7;19;6;19;5;19;4;19;3;18;3;17;3;16;3;15;3;14;3;13;3;12;3;11;3;10;3;9;3;8;3;7;3;6;3;5;3;4;3;3;3;2;3;1;3;1;4;2;4
1;1;7;4;14;8;15;8;15;7;16;7;17;7;18;7;19;7;19;6;19;5;19;4;19;3;18;3;17;3;16;3;15;3;14;3;13;3;12;3;11;3;10;3;9;3;8;3;7;3;6;3;5;3;4;3;3;3;2;3;1;3;1;4;2;4;3;4
1;1;7;4;15;8;15;7;16;7;17;7;18;7;19;7;19;6;19;5;19;4;19;3;18;3;17;3;16;3;15;3;14;3;13;3;12;3;11;3;10;3;9;3;8;3;7;3;6;3;5;3;4;3;3;3;2;3;1;3;1;4;2;4;3;4;4;4
1;1;7;4;15;7;16;7;17;7;18;7;19;7;19;6;19;5;19;4;19;3;18;3;17;3;16;3;15;3;14;3;13;3;12;3;11;3;10;3;9;3;8;3;7;3;6;3;5;3;4;3;3;3;2;3;1;3;1;4;2;4;3;4;4;4;5;4
1;1;7;4;16;7;17;7;18;7;19;7;19;6;19;5;19;4;19;3;18;3;17;3;16;3;15;3;14;3;13;3;12;3;11;3;10;3;9;3;8;3;7;3;6;3;5;3;4;3;3;3;2;3;1;3;1;4;2;4;3;4;4;4;5;4;6;4
1;1;4;12;17;7;17;7;18;7;19;7;19;6;19;5;19;4;19;3;18;3;17;3;16;3;15;3;14;3;13;3;12;3;11;3;10;3;9;3;8;3;7;3;6;3;5;3;4;3;3;3;2;3;1;3;1;4;2;4;3;4;4;4;5;4;6;4;7;4
1;2;4;12;17;7;18;7;19;7;19;6;19;5;19;4;19;3;18;3;17;3;16;3;15;3;14;3;13;3;12;3;11;3;10;3;9;3;8;3;7;3;6;3;5;3;4;3;3;3;2;3;1;3;1;4;2;4;3;4;4;4;5;4;6;4;7;4;7;5
1;3;4;12;18;7;19;7;19;6;19;5;19;4;19;3;18;3;17;3;16;3;15;3;14;3;13;3;12;3;11;3;10;3;9;3;8;3;7;3;6;3;5;3;4;3;3;3;2;3;1;3;1;4;2;4;3;4;4;4;5;4;6;4;7;4;7;5;6;5
1;3;4;12;19;7;19;6;19;5;19;4;19;3;18;3;17;3;16;3;15;3;14;3;13;3;12;3;11;3;10;3;9;3;8;3;7;3;6;3;5;3;4;3;3;3;2;3;1;3;1;4;2;4;3;4;4;4;5;4;6;4;7;4;7;5;6;5;5;5
1;3;4;12;19;6;19;5;19;4;19;3;18;3;17;3;16;3;15;3;14;3;13;3;12;3;11;3;10;3;9;3;8;3;7;3;6;3;5;3;4;3;3;3;2;3;1;3;1;4;2;4;3;4;4;4;5;4;6;4;7;4;7;5;6;5;5;5;4;5
1;2;4;12;19;5;19;4;19;3;18;3;17;3;16;3;15;3;14;3;13;3;12;3;11;3;10;3;9;3;8;3;7;3;6;3;5;3;4;3;3;3;2;3;1;3;1;4;2;4;3;4;4;4;5;4;6;4;7;4;7;5;6;5;5;5;4;5;4;6
1;2;4;12;19;4;19;3;18;3;17;3;16;3;15;3;14;3;13;3;12;3;11;3;10;3;9;3;8;3;7;3;6;3;5;3;4;3;3;3;2;3;1;3;1;4;2;4;3;4;4;4;5;4;6;4;7;4;7;5;6;5;5;5;4;5;4;6;4;7
1;2;4;12;19;3;18;3;17;3;16;3;15;3;14;3;13;3;12;3;11;3;10;3;9;3;8;3;7;3;6;3;5;3;4;3;3;3;2;3;1;3;1;4;2;4;3;4;4;4;5;4;6;4;7;4;7;5;6;5;5;5;4;5;4;6;4;7;4;8
1;2;4;12;18;3;17;3;16;3;15;3;14;3;13;3;12;3;11;3;10;3;9;3;8;3;7;3;6;3;5;3;4;3;3;3;2;3;1;3;1;4;2;4;3;4;4;4;5;4;6;4;7;4;7;5;6;5;5;5;4;5;4;6;4;7;4;8;4;9
1;2;4;12;17;3;16;3;15;3;14;3;13;3;12;3;11;3;10;3;9;3;8;3;7;3;6;3;5;3;4;3;3;3;2;3;1;3;1;4;2;4;3;4;4;4;5;4;6;4;7;4;7;5;6;5;5;5;4;5;4;6;4;7;4;8;4;9;4;10
1;2;4;12;16;3;15;3;14;3;13;3;12;3;11;3;10;3;9;3;8;3;7;3;6;3;5;3;4;3;3;3;2;3;1;3;1;4;2;4;3;4;4;4;5;4;6;4;7;4;7;5;6;5;5;5;4;5;4;6;4;7;4;8;4;9;4;10;4;11
1;2;18;17;15;3;15;3;14;3;13;3;12;3;11;3;10;3;9;3;8;3;7;3;6;3;5;3;4;3;3;3;2;3;1;3;1;4;2;4;3;4;4;4;5;4;6;4;7;4;7;5;6;5;5;5;4;5;4;6;4;7;4;8;4;9;4;10;4;11;4;12
1;1;18;17;15;3;14;3;13;3;12;3;11;3;10;3;9;3;8;3;7;3;6;3;5;3;4;3;3;3;2;3;1;3;1;4;2;4;3;4;4;4;5;4;6;4;7;4;7;5;6;5;5;5;4;5;4;6;4;7;4;8;4;9;4;10;4;11;4;12;5;12
1;1;18;17;14;3;13;3;12;3;11;3;10;3;9;3;8;3;7;3;6;3;5;3;4;3;3;3;2;3;1;3;1;4;2;4;3;4;4;4;5;4;6;4;7;4;7;5;6;5;5;5;4;5;4;6;4;7;4;8;4;9;4;10;4;11;4;12;5;12;6;12
1;1;18;17;13;3;12;3;11;3;10;3;9;3;8;3;7;3;6;3;5;3;4;3;3;3;2;3;1;3;1;4;2;4;3;4;4;4;5;4;6;4;7;4;7;5;6;5;5;5;4;5;4;6;4;7;4;8;4;9;4;10;4;11;4;12;5;12;6;12;7;12
1;1;18;17;12;3;11;3;10;3;9;3;8;3;7;3;6;3;5;3;4;3;3;3;2;3;1;3;1;4;2;4;3;4;4;4;5;4;6;4;7;4;7;5;6;5;5;5;4;5;4;6;4;7;4;8;4;9;4;10;4;11;4;12;5;12;6;12;7;12;8;12
1;2;18;17;11;3;10;3;9;3;8;3;7;3;6;3;5;3;4;3;3;3;2;3;1;3;1;4;2;4;3;4;4;4;5;4;6;4;7;4;7;5;6;5;5;5;4;5;4;6;4;7;4;8;4;9;4;10;4;11;4;12;5;12;6;12;7;12;8;12;8;13
1;2;18;17;10;3;9;3;8;3;7;3;6;3;5;3;4;3;3;3;2;3;1;3;1;4;2;4;3;4;4;4;5;4;6;4;7;4;7;5;6;5;5;5;4;5;4;6;4;7;4;8;4;9;4;10;4;11;4;12;5;12;6;12;7;12;8;12;8;13;8;14
1;2;18;17;9;3;8;3;7;3;6;3;5;3;4;3;3;3;2;3;1;3;1;4;2;4;3;4;4;4;5;4;6;4;7;4;7;5;6;5;5;5;4;5;4;6;4;7;4;8;4;9;4;10;4;11;4;12;5;12;6;12;7;12;8;12;8;13;8;14;8;15
1;2;18;17;8;3;7;3;6;3;5;3;4;3;3;3;2;3;1;3;1;4;2;4;3;4;4;4;5;4;6;4;7;4;7;5;6;5;5;5;4;5;4;6;4;7;4;8;4;9;4;10;4;11;4;12;5;12;6;12;7;12;8;12;8;13;8;14;8;15;8;16
1;2;18;17;7;3;6;3;5;3;4;3;3;3;2;3;1;3;1;4;2;4;3;4;4;4;5;4;6;4;7;4;7;5;6;5;5;5;4;5;4;6;4;7;4;8;4;9;4;10;4;11;4;12;5;12;6;12;7;12;8;12;8;13;8;14;8;15;8;16;8;17
1;1;18;17;6;3;5;3;4;3;3;3;2;3;1;3;1;4;2;4;3;4;4;4;5;4;6;4;7;4;7;5;6;5;5;5;4;5;4;6;4;7;4;8;4;9;4;10;4;11;4;12;5;12;6;12;7;12;8;12;8;13;8;14;8;15;8;16;8;17;9;17
1;1;18;17;5;3;4;3;3;3;2;3;1;3;1;4;2;4;3;4;4;4;5;4;6;4;7;4;7;5;6;5;5;5;4;5;4;6;4;7;4;8;4;9;4;10;4;11;4;12;5;12;6;12;7;12;8;12;8;13;8;14;8;15;8;16;8;17;9;17;10;17
1;1;18;17;4;3;3;3;2;3;1;3;1;4;2;4;3;4;4;4;5;4;6;4;7;4;7;5;6;5;5;5;4;5;4;6;4;7;4;8;4;9;4;10;4;11;4;12;5;12;6;12;7;12;8;12;8;13;8;14;8;15;8;16;8;17;9;17;10;17;11;17
1;1;18;17;3;3;2;3;1;3;1;4;2;4;3;4;4;4;5;4;6;4;7;4;7;5;6;5;5;5;4;5;4;6;4;7;4;8;4;9;4;10;4;11;4;12;5;12;6;12;7;12;8;12;8;13;8;14;8;15;8;16;8;17;9;17;10;17;11;17;12;17
1;1;18;17;2;3;1;3;1;4;2;4;3;4;4;4;5;4;6;4;7;4;7;5;6;5;5;5;4;5;4;6;4;7;4;8;4;9;4;10;4;11;4;12;5;12;6;12;7;12;8;12;8;13;8;14;8;15;8;16;8;17;9;17;10;17;11;17;12;17;13;17
1;1;18;17;1;3;1;4;2;4;3;4;4;4;5;4;6;4;7;4;7;5;6;5;5;5;4;5;4;6;4;7;4;8;4;9;4;10;4;11;4;12;5;12;6;12;7;12;8;12;8;13;8;14;8;15;8;16;8;17;9;17;10;17;11;17;12;17;13;17;14;17
1;1;18;17;1;4;2;4;3;4;4;4;5;4;6;4;7;4;7;5;6;5;5;5;4;5;4;6;4;7;4;8;4;9;4;10;4;11;4;12;5;12;6;12;7;12;8;12;8;13;8;14;8;15;8;16;8;17;9;17;10;17;11;17;12;17;13;17;14;17;15;17
1;1;18;17;2;4;3;4;4;4;5;4;6;4;7;4;7;5;6;5;5;5;4;5;4;6;4;7;4;8;4;9;4;10;4;11;4;12;5;12;6;12;7;12;8;12;8;13;8;14;8;15;8;16;8;17;9;17;10;17;11;17;12;17;13;17;14;17;15;17;16;17
1;1;18;17;3;4;4;4;5;4;6;4;7;4;7;5;6;5;5;5;4;5;4;6;4;7;4;8;4;9;4;10;4;11;4;12;5;12;6;12;7;12;8;12;8;13;8;14;8;15;8;16;8;17;9;17;10;17;11;17;12;17;13;17;14;17;15;17;16;17;17;17
1;1;9;15;4;4;4;4;5;4;6;4;7;4;7;5;6;5;5;5;4;5;4;6;4;7;4;8;4;9;4;10;4;11;4;12;5;12;6;12;7;12;8;12;8;13;8;14;8;15;8;16;8;17;9;17;10;17;11;17;12;17;13;17;14;17;15;17;16;17;17;17;18;17
1;0;9;15;4;4;5;4;6;4;7;4;7;5;6;5;5;5;4;5;4;6;4;7;4;8;4;9;4;10;4;11;4;12;5;12;6;12;7;12;8;12;8;13;8;14;8;15;8;16;8;17;9;17;10;17;11;17;12;17;13;17;14;17;15;17;16;17;17;17;18;17;18;16
1;0;9;15;5;4;6;4;7;4;7;5;6;5;5;5;4;5;4;6;4;7;4;8;4;9;4;10;4;11;4;12;5;12;6;12;7;12;8;12;8;13;8;14;8;15;8;16;8;17;9;17;10;17;11;17;12;17;13;17;14;17;15;17;16;17;17;17;18;17;18;16;18;15
1;3;9;15;6;4;7;4;7;5;6;5;5;5;4;5;4;6;4;7;4;8;4;9;4;10;4;11;4;12;5;12;6;12;7;12;8;12;8;13;8;14;8;15;8;16;8;17;9;17;10;17;11;17;12;17;13;17;14;17;15;17;16;17;17;17;18;17;18;16;18;15;17;15
1;3;9;15;7;4;7;5;6;5;5;5;4;5;4;6;4;7;4;8;4;9;4;10;4;11;4;12;5;12;6;12;7;12;8;12;8;13;8;14;8;15;8;16;8;17;9;17;10;17;11;17;12;17;13;17;14;17;15;17;16;17;17;17;18;17;18;16;18;15;17;15;16;15
1;3;9;15;7;5;6;5;5;5;4;5;4;6;4;7;4;8;4;9;4;10;4;11;4;12;5;12;6;12;7;12;8;12;8;13;8;14;8;15;8;16;8;17;9;17;10;17;11;17;12;17;13;17;14;17;15;17;16;17;17;17;18;17;18;16;18;15;17;15;16;15;15;15
1;3;9;15;6;5;5;5;4;5;4;6;4;7;4;8;4;9;4;10;4;11;4;12;5;12;6;12;7;12;8;12;8;13;8;14;8;15;8;16;8;17;9;17;10;17;11;17;12;17;13;17;14;17;15;17;16;17;17;17;18;17;18;16;18;15;17;15;16;15;15;15;14;15
1;3;9;15;5;5;4;5;4;6;4;7;4;8;4;9;4;10;4;11;4;12;5;12;6;12;7;12;8;12;8;13;8;14;8;15;8;16;8;17;9;17;10;17;11;17;12;17;13;17;14;17;15;17;16;17;17;17;18;17;18;16;18;15;17;15;16;15;15;15;14;15;13;15
1;3;9;15;4;5;4;6;4;7;4;8;4;9;4;10;4;11;4;12;5;12;6;12;7;12;8;12;8;13;8;14;8;15;8;16;8;17;9;17;10;17;11;17;12;17;13;17;14;17;15;17;16;17;17;17;18;17;18;16;18;15;17;15;16;15;15;15;14;15;13;15;12;15
1;3;9;15;4;6;4;7;4;8;4;9;4;10;4;11;4;12;5;12;6;12;7;12;8;12;8;13;8;14;8;15;8;16;8;17;9;17;10;17;11;17;12;17;13;17;14;17;15;17;16;17;17;17;18;17;18;16;18;15;17;15;16;15;15;15;14;15;13;15;12;15;11;15
1;3;9;15;4;7;4;8;4;9;4;10;4;11;4;12;5;12;6;12;7;12;8;12;8;13;8;14;8;15;8;16;8;17;9;17;10;17;11;17;12;17;13;17;14;17;15;17;16;17;17;17;18;17;18;16;18;15;17;15;16;15;15;15;14;15;13;15;12;15;11;15;10;15
1;3;10;9;4;8;4;8;4;9;4;10;4;11;4;12;5;12;6;12;7;12;8;12;8;13;8;14;8;15;8;16;8;17;9;17;10;17;11;17;12;17;13;17;14;17;15;17;16;17;17;17;18;17;18;16;18;15;17;15;16;15;15;15;14;15;13;15;12;15;11;15;10;15;9;15
1;0;10;9;4;8;4;9;4;10;4;11;4;12;5;12;6;12;7;12;8;12;8;13;8;14;8;15;8;16;8;17;9;17;10;17;11;17;12;17;13;17;14;17;15;17;16;17;17;17;18;17;18;16;18;15;17;15;16;15;15;15;14;15;13;15;12;15;11;15;10;15;9;15;9;14
1;1;10;9;4;9;4;10;4;11;4;12;5;12;6;12;7;12;8;12;8;13;8;14;8;15;8;16;8;17;9;17;10;17;11;17;12;17;13;17;14;17;15;17;16;17;17;17;18;17;18;16;18;15;17;15;16;15;15;15;14;15;13;15;12;15;11;15;10;15;9;15;9;14;10;14
1;0;10;9;4;10;4;11;4;12;5;12;6;12;7;12;8;12;8;13;8;14;8;15;8;16;8;17;9;17;10;17;11;17;12;17;13;17;14;17;15;17;16;17;17;17;18;17;18;16;18;15;17;15;16;15;15;15;14;15;13;15;12;15;11;15;10;15;9;15;9;14;10;14;10;13
1;0;10;9;4;11;4;12;5;12;6;12;7;12;8;12;8;13;8;14;8;15;8;16;8;17;9;17;10;17;11;17;12;17;13;17;14;17;15;17;16;17;17;17;18;17;18;16;18;15;17;15;16;15;15;15;14;15;13;15;12;15;11;15;10;15;9;15;9;14;10;14;10;13;10;12
1;0;10;9;4;12;5;12;6;12;7;12;8;12;8;13;8;14;8;15;8;16;8;17;9;17;10;17;11;17;12;17;13;17;14;17;15;17;16;17;17;17;18;17;18;16;18;15;17;15;16;15;15;15;14;15;13;15;12;15;11;15;10;15;9;15;9;14;10;14;10;13;10;12;10;11
1;0;10;9;5;12;6;12;7;12;8;12;8;13;8;14;8;15;8;16;8;17;9;17;10;17;11;17;12;17;13;17;14;17;15;17;16;17;17;17;18;17;18;16;18;15;17;15;16;15;15;15;14;15;13;15;12;15;11;15;10;15;9;15;9;14;10;14;10;13;10;12;10;11;10;10
1;0;5;19;6;12;6;12;7;12;8;12;8;13;8;14;8;15;8;16;8;17;9;17;10;17;11;17;12;17;13;17;14;17;15;17;16;17;17;17;18;17;18;16;18;15;17;15;16;15;15;15;14;15;13;15;12;15;11;15;10;15;9;15;9;14;10;14;10;13;10;12;10;11;10;10;10;9
1;3;5;19;6;12;7;12;8;12;8;13;8;14;8;15;8;16;8;17;9;17;10;17;11;17;12;17;13;17;14;17;15;17;16;17;17;17;18;17;18;16;18;15;17;15;16;15;15;15;14;15;13;15;12;15;11;15;10;15;9;15;9;14;10;14;10;13;10;12;10;11;10;10;10;9;9;9
1;3;5;19;7;12;8;12;8;13;8;14;8;15;8;16;8;17;9;17;10;17;11;17;12;17;13;17;14;17;15;17;16;17;17;17;18;17;18;16;18;15;17;15;16;15;15;15;14;15;13;15;12;15;11;15;10;15;9;15;9;14;10;14;10;13;10;12;10;11;10;10;10;9;9;9;8;9
1;3;5;19;8;12;8;13;8;14;8;15;8;16;8;17;9;17;10;17;11;17;12;17;13;17;14;17;15;17;16;17;17;17;18;17;18;16;18;15;17;15;16;15;15;15;14;15;13;15;12;15;11;15;10;15;9;15;9;14;10;14;10;13;10;12;10;11;10;10;10;9;9;9;8;9;7;9
1;3;5;19;8;13;8;14;8;15;8;16;8;17;9;17;10;17;11;17;12;17;13;17;14;17;15;17;16;17;17;17;18;17;18;16;18;15;17;15;16;15;15;15;14;15;13;15;12;15;11;15;10;15;9;15;9;14;10;14;10;13;10;12;10;11;10;10;10;9;9;9;8;9;7;9;6;9
1;3;5;19;8;14;8;15;8;16;8;17;9;17;10;17;11;17;12;17;13;17;14;17;15;17;16;17;17;17;18;17;18;16;18;15;17;15;16;15;15;15;14;15;13;15;12;15;11;15;10;15;9;15;9;14;10;14;10;13;10;12;10;11;10;10;10;9;9;9;8;9;7;9;6;9;5;9
1;2;5;19;8;15;8;16;8;17;9;17;10;17;11;17;12;17;13;17;14;17;15;17;16;17;17;17;18;17;18;16;18;15;17;15;16;15;15;15;14;15;13;15;12;15;11;15;10;15;9;15;9;14;10;14;10;13;10;12;10;11;10;10;10;9;9;9;8;9;7;9;6;9;5;9;5;10
1;2;5;19;8;16;8;17;9;17;10;17;11;17;12;17;13;17;14;17;15;17;16;17;17;17;18;17;18;16;18;15;17;15;16;15;15;15;14;15;13;15;12;15;11;15;10;15;9;15;9;14;10;14;10;13;10;12;10;11;10;10;10;9;9;9;8;9;7;9;6;9;5;9;5;10;5;11
1;2;5;19;8;17;9;17;10;17;11;17;12;17;13;17;14;17;15;17;16;17;17;17;18;17;18;16;18;15;17;15;16;15;15;15;14;15;13;15;12;15;11;15;10;15;9;15;9;14;10;14;10;13;10;12;10;11;10;10;10;9;9;9;8;9;7;9;6;9;5;9;5;10;5;11;5;12
1;2;5;19;9;17;10;17;11;17;12;17;13;17;14;17;15;17;16;17;17;17;18;17;18;16;18;15;17;15;16;15;15;15;14;15;13;15;12;15;11;15;10;15;9;15;9;14;10;14;10;13;10;12;10;11;10;10;10;9;9;9;8;9;7;9;6;9;5;9;5;10;5;11;5;12;5;13
1;2;5;19;10;17;11;17;12;17;13;17;14;17;15;17;16;17;17;17;18;17;18;16;18;15;17;15;16;15;15;15;14;15;13;15;12;15;11;15;10;15;9;15;9;14;10;14;10;13;10;12;10;11;10;10;10;9;9;9;8;9;7;9;6;9;5;9;5;10;5;11;5;12;5;13;5;14
1;2;5;19;11;17;12;17;13;17;14;17;15;17;16;17;17;17;18;17;18;16;18;15;17;15;16;15;15;15;14;15;13;15;12;15;11;15;10;15;9;15;9;14;10;14;10;13;10;12;10;11;10;10;10;9;9;9;8;9;7;9;6;9;5;9;5;10;5;11;5;12;5;13;5;14;5;15
1;2;5;19;12;17;13;17;14;17;15;17;16;17;17;17;18;17;18;16;18;15;17;15;16;15;15;15;14;15;13;15;12;15;11;15;10;15;9;15;9;14;10;14;10;13;10;12;10;11;10;10;10;9;9;9;8;9;7;9;6;9;5;9;5;10;5;11;5;12;5;13;5;14;5;15;5;16
1;2;5;19;13;17;14;17;15;17;16;17;17;17;18;17;18;16;18;15;17;15;16;15;15;15;14;15;13;15;12;15;11;15;10;15;9;15;9;14;10;14;10;13;10;12;10;11;10;10;10;9;9;9;8;9;7;9;6;9;5;9;5;10;5;11;5;12;5;13;5;14;5;15;5;16;5;17
1;2;5;19;14;17;15;17;16;17;17;17;18;17;18;16;18;15;17;15;16;15;15;15;14;15;13;15;12;15;11;15;10;15;9;15;9;14;10;14;10;13;10;12;10;11;10;10;10;9;9;9;8;9;7;9;6;9;5;9;5;10;5;11;5;12;5;13;5;14;5;15;5;16;5;17;5;18
1;2;8;3;15;17;15;17;16;17;17;17;18;17;18;16;18;15;17;15;16;15;15;15;14;15;13;15;12;15;11;15;10;15;9;15;9;14;10;14;10;13;10;12;10;11;10;10;10;9;9;9;8;9;7;9;6;9;5;9;5;10;5;11;5;12;5;13;5;14;5;15;5;16;5;17;5;18;5;19
1;1;8;3;15;17;16;17;17;17;18;17;18;16;18;15;17;15;16;15;15;15;14;15;13;15;12;15;11;15;10;15;9;15;9;14;10;14;10;13;10;12;10;11;10;10;10;9;9;9;8;9;7;9;6;9;5;9;5;10;5;11;5;12;5;13;5;14;5;15;5;16;5;17;5;18;5;19;6;19
1;1;8;3;16;17;17;17;18;17;18;16;18;15;17;15;16;15;15;15;14;15;13;15;12;15;11;15;10;15;9;15;9;14;10;14;10;13;10;12;10;11;10;10;10;9;9;9;8;9;7;9;6;9;5;9;5;10;5;11;5;12;5;13;5;14;5;15;5;16;5;17;5;18;5;19;6;19;7;19
1;1;8;3;17;17;18;17;18;16;18;15;17;15;16;15;15;15;14;15;13;15;12;15;11;15;10;15;9;15;9;14;10;14;10;13;10;12;10;11;10;10;10;9;9;9;8;9;7;9;6;9;5;9;5;10;5;11;5;12;5;13;5;14;5;15;5;16;5;17;5;18;5;19;6;19;7;19;8;19
1;0;8;3;18;17;18;16;18;15;17;15;16;15;15;15;14;15;13;15;12;15;11;15;10;15;9;15;9;14;10;14;10;13;10;12;10;11;10;10;10;9;9;9;8;9;7;9;6;9;5;9;5;10;5;11;5;12;5;13;5;14;5;15;5;16;5;17;5;18;5;19;6;19;7;19;8;19;8;18
1;0;8;3;18;16;18;15;17;15;16;15;15;15;14;15;13;15;12;15;11;15;10;15;9;15;9;14;10;14;10;13;10;12;10;11;10;10;10;9;9;9;8;9;7;9;6;9;5;9;5;10;5;11;5;12;5;13;5;14;5;15;5;16;5;17;5;18;5;19;6;19;7;19;8;19;8;18;8;17
1;0;8;3;18;15;17;15;16;15;15;15;14;15;13;15;12;15;11;15;10;15;9;15;9;14;10;14;10;13;10;12;10;11;10;10;10;9;9;9;8;9;7;9;6;9;5;9;5;10;5;11;5;12;5;13;5;14;5;15;5;16;5;17;5;18;5;19;6;19;7;19;8;19;8;18;8;17;8;16
1;0;8;3;17;15;16;15;15;15;14;15;13;15;12;15;11;15;10;15;9;15;9;14;10;14;10;13;10;12;10;11;10;10;10;9;9;9;8;9;7;9;6;9;5;9;5;10;5;11;5;12;5;13;5;14;5;15;5;16;5;17;5;18;5;19;6;19;7;19;8;19;8;18;8;17;8;16;8;15
1;0;8;3;16;15;15;15;14;15;13;15;12;15;11;15;10;15;9;15;9;14;10;14;10;13;10;12;10;11;10;10;10;9;9;9;8;9;7;9;6;9;5;9;5;10;5;11;5;12;5;13;5;14;5;15;5;16;5;17;5;18;5;19;6;19;7;19;8;19;8;18;8;17;8;16;8;15;8;14
1;0;8;3;15;15;14;15;13;15;12;15;11;15;10;15;9;15;9;14;10;14;10;13;10;12;10;11;10;10;10;9;9;9;8;9;7;9;6;9;5;9;5;10;5;11;5;12;5;13;5;14;5;15;5;16;5;17;5;18;5;19;6;19;7;19;8;19;8;18;8;17;8;16;8;15;8;14;8;13
1;0;8;3;14;15;13;15;12;15;11;15;10;15;9;15;9;14;10;14;10;13;10;12;10;11;10;10;10;9;9;9;8;9;7;9;6;9;5;9;5;10;5;11;5;12;5;13;5;14;5;15;5;16;5;17;5;18;5;19;6;19;7;19;8;19;8;18;8;17;8;16;8;15;8;14;8;13;8;12
1;0;8;3;13;15;12;15;11;15;10;15;9;15;9;14;10;14;10;13;10;12;10;11;10;10;10;9;9;9;8;9;7;9;6;9;5;9;5;10;5;11;5;12;5;13;5;14;5;15;5;16;5;17;5;18;5;19;6;19;7;19;8;19;8;18;8;17;8;16;8;15;8;14;8;13;8;12;8;11
1;0;8;3;12;15;11;15;10;15;9;15;9;14;10;14;10;13;10;12;10;11;10;10;10;9;9;9;8;9;7;9;6;9;5;9;5;10;5;11;5;12;5;13;5;14;5;15;5;16;5;17;5;18;5;19;6;19;7;19;8;19;8;18;8;17;8;16;8;15;8;14;8;13;8;12;8;11;8;10
1;1;8;3;11;15;10;15;9;15;9;14;10;14;10;13;10;12;10;11;10;10;10;9;9;9;8;9;7;9;6;9;5;9;5;10;5;11;5;12;5;13;5;14;5;15;5;16;5;17;5;18;5;19;6;19;7;19;8;19;8;18;8;17;8;16;8;15;8;14;8;13;8;12;8;11;8;10;9;10
1;2;8;3;10;15;9;15;9;14;10;14;10;13;10;12;10;11;10;10;10;9;9;9;8;9;7;9;6;9;5;9;5;10;5;11;5;12;5;13;5;14;5;15;5;16;5;17;5;18;5;19;6;19;7;19;8;19;8;18;8;17;8;16;8;15;8;14;8;13;8;12;8;11;8;10;9;10;9;11
1;2;8;3;9;15;9;14;10;14;10;13;10;12;10;11;10;10;10;9;9;9;8;9;7;9;6;9;5;9;5;10;5;11;5;12;5;13;5;14;5;15;5;16;5;17;5;18;5;19;6;19;7;19;8;19;8;18;8;17;8;16;8;15;8;14;8;13;8;12;8;11;8;10;9;10;9;11;9;12
1;2;8;3;9;14;10;14;10;13;10;12;10;11;10;10;10;9;9;9;8;9;7;9;6;9;5;9;5;10;5;11;5;12;5;13;5;14;5;15;5;16;5;17;5;18;5;19;6;19;7;19;8;19;8;18;8;17;8;16;8;15;8;14;8;13;8;12;8;11;8;10;9;10;9;11;9;12;9;13
1;2;8;3;10;14;10;13;10;12;10;11;10;10;10;9;9;9;8;9;7;9;6;9;5;9;5;10;5;11;5;12;5;13;5;14;5;15;5;16;5;17;5;18;5;19;6;19;7;19;8;19;8;18;8;17;8;16;8;15;8;14;8;13;8;12;8;11;8;10;9;10;9;11;9;12;9;13;9;14
1;2;8;3;10;13;10;12;10;11;10;10;10;9;9;9;8;9;7;9;6;9;5;9;5;10;5;11;5;12;5;13;5;14;5;15;5;16;5;17;5;18;5;19;6;19;7;19;8;19;8;18;8;17;8;16;8;15;8;14;8;13;8;12;8;11;8;10;9;10;9;11;9;12;9;13;9;14;9;15
1;1;8;3;10;12;10;11;10;10;10;9;9;9;8;9;7;9;6;9;5;9;5;10;5;11;5;12;5;13;5;14;5;15;5;16;5;17;5;18;5;19;6;19;7;19;8;19;8;18;8;17;8;16;8;15;8;14;8;13;8;12;8;11;8;10;9;10;9;11;9;12;9;13;9;14;9;15;10;15
1;0;8;3;10;11;10;10;10;9;9;9;8;9;7;9;6;9;5;9;5;10;5;11;5;12;5;13;5;14;5;15;5;16;5;17;5;18;5;19;6;19;7;19;8;19;8;18;8;17;8;16;8;15;8;14;8;13;8;12;8;11;8;10;9;10;9;11;9;12;9;13;9;14;9;15;10;15;10;14
1;0;8;3;10;10;10;9;9;9;8;9;7;9;6;9;5;9;5;10;5;11;5;12;5;13;5;14;5;15;5;16;5;17;5;18;5;19;6;19;7;19;8;19;8;18;8;17;8;16;8;15;8;14;8;13;8;12;8;11;8;10;9;10;9;11;9;12;9;13;9;14;9;15;10;15;10;14;10;13
1;0;8;3;10;9;9;9;8;9;7;9;6;9;5;9;5;10;5;11;5;12;5;13;5;14;5;15;5;16;5;17;5;18;5;19;6;19;7;19;8;19;8;18;8;17;8;16;8;15;8;14;8;13;8;12;8;11;8;10;9;10;9;11;9;12;9;13;9;14;9;15;10;15;10;14;10;13;10;12
1;0;8;3;9;9;8;9;7;9;6;9;5;9;5;10;5;11;5;12;5;13;5;14;5;15;5;16;5;17;5;18;5;19;6;19;7;19;8;19;8;18;8;17;8;16;8;15;8;14;8;13;8;12;8;11;8;10;9;10;9;11;9;12;9;13;9;14;9;15;10;15;10;14;10;13;10;12;10;11
1;0;8;3;8;9;7;9;6;9;5;9;5;10;5;11;5;12;5;13;5;14;5;15;5;16;5;17;5;18;5;19;6;19;7;19;8;19;8;18;8;17;8;16;8;15;8;14;8;13;8;12;8;11;8;10;9;10;9;11;9;12;9;13;9;14;9;15;10;15;10;14;10;13;10;12;10;11;10;10
1;0;8;3;7;9;6;9;5;9;5;10;5;11;5;12;5;13;5;14;5;15;5;16;5;17;5;18;5;19;6;19;7;19;8;19;8;18;8;17;8;16;8;15;8;14;8;13;8;12;8;11;8;10;9;10;9;11;9;12;9;13;9;14;9;15;10;15;10;14;10;13;10;12;10;11;10;10;10;9
1;0;8;3;6;9;5;9;5;10;5;11;5;12;5;13;5;14;5;15;5;16;5;17;5;18;5;19;6;19;7;19;8;19;8;18;8;17;8;16;8;15;8;14;8;13;8;12;8;11;8;10;9;10;9;11;9;12;9;13;9;14;9;15;10;15;10;14;10;13;10;12;10;11;10;10;10;9;10;8
1;3;8;3;5;9;5;10;5;11;5;12;5;13;5;14;5;15;5;16;5;17;5;18;5;19;6;19;7;19;8;19;8;18;8;17;8;16;8;15;8;14;8;13;8;12;8;11;8;10;9;10;9;11;9;12;9;13;9;14;9;15;10;15;10;14;10;13;10;12;10;11;10;10;10;9;10;8;9;8
1;3;8;3;5;10;5;11;5;12;5;13;5;14;5;15;5;16;5;17;5;18;5;19;6;19;7;19;8;19;8;18;8;17;8;16;8;15;8;14;8;13;8;12;8;11;8;10;9;10;9;11;9;12;9;13;9;14;9;15;10;15;10;14;10;13;10;12;10;11;10;10;10;9;10;8;9;8;8;8
1;0;8;3;5;11;5;12;5;13;5;14;5;15;5;16;5;17;5;18;5;19;6;19;7;19;8;19;8;18;8;17;8;16;8;15;8;14;8;13;8;12;8;11;8;10;9;10;9;11;9;12;9;13;9;14;9;15;10;15;10;14;10;13;10;12;10;11;10;10;10;9;10;8;9;8;8;8;8;7
1;0;8;3;5;12;5;13;5;14;5;15;5;16;5;17;5;18;5;19;6;19;7;19;8;19;8;18;8;17;8;16;8;15;8;14;8;13;8;12;8;11;8;10;9;10;9;11;9;12;9;13;9;14;9;15;10;15;10;14;10;13;10;12;10;11;10;10;10;9;10;8;9;8;8;8;8;7;8;6
1;0;8;3;5;13;5;14;5;15;5;16;5;17;5;18;5;19;6;19;7;19;8;19;8;18;8;17;8;16;8;15;8;14;8;13;8;12;8;11;8;10;9;10;9;11;9;12;9;13;9;14;9;15;10;15;10;14;10;13;10;12;10;11;10;10;10;9;10;8;9;8;8;8;8;7;8;6;8;5
1;0;8;3;5;14;5;15;5;16;5;17;5;18;5;19;6;19;7;19;8;19;8;18;8;17;8;16;8;15;8;14;8;13;8;12;8;11;8;10;9;10;9;11;9;12;9;13;9;14;9;15;10;15;10;14;10;13;10;12;10;11;10;10;10;9;10;8;9;8;8;8;8;7;8;6;8;5;8;4
1;0;18;15;5;15;5;15;5;16;5;17;5;18;5;19;6;19;7;19;8;19;8;18;8;17;8;16;8;15;8;14;8;13;8;12;8;11;8;10;9;10;9;11;9;12;9;13;9;14;9;15;10;15;10;14;10;13;10;12;10;11;10;10;10;9;10;8;9;8;8;8;8;7;8;6;8;5;8;4;8;3
1;1;18;15;5;15;5;16;5;17;5;18;5;19;6;19;7;19;8;19;8;18;8;17;8;16;8;15;8;14;8;13;8;12;8;11;8;10;9;10;9;11;9;12;9;13;9;14;9;15;10;15;10;14;10;13;10;12;10;11;10;10;10;9;10;8;9;8;8;8;8;7;8;6;8;5;8;4;8;3;9;3
1;1;18;15;5;16;5;17;5;18;5;19;6;19;7;19;8;19;8;18;8;17;8;16;8;15;8;14;8;13;8;12;8;11;8;10;9;10;9;11;9;12;9;13;9;14;9;15;10;15;10;14;10;13;10;12;10;11;10;10;10;9;10;8;9;8;8;8;8;7;8;6;8;5;8;4;8;3;9;3;10;3
1;1;18;15;5;17;5;18;5;19;6;19;7;19;8;19;8;18;8;17;8;16;8;15;8;14;8;13;8;12;8;11;8;10;9;10;9;11;9;12;9;13;9;14;9;15;10;15;10;14;10;13;10;12;10;11;10;10;10;9;10;8;9;8;8;8;8;7;8;6;8;5;8;4;8;3;9;3;10;3;11;3
1;2;18;15;5;18;5;19;6;19;7;19;8;19;8;18;8;17;8;16;8;15;8;14;8;13;8;12;8;11;8;10;9;10;9;11;9;12;9;13;9;14;9;15;10;15;10;14;10;13;10;12;10;11;10;10;10;9;10;8;9;8;8;8;8;7;8;6;8;5;8;4;8;3;9;3;10;3;11;3;11;4
1;2;18;15;5;19;6;19;7;19;8;19;8;18;8;17;8;16;8;15;8;14;8;13;8;12;8;11;8;10;9;10;9;11;9;12;9;13;9;14;9;15;10;15;10;14;10;13;10;12;10;11;10;10;10;9;10;8;9;8;8;8;8;7;8;6;8;5;8;4;8;3;9;3;10;3;11;3;11;4;11;5
1;2;18;15;6;19;7;19;8;19;8;18;8;17;8;16;8;15;8;14;8;13;8;12;8;11;8;10;9;10;9;11;9;12;9;13;9;14;9;15;10;15;10;14;10;13;10;12;10;11;10;10;10;9;10;8;9;8;8;8;8;7;8;6;8;5;8;4;8;3;9;3;10;3;11;3;11;4;11;5;11;6
1;2;18;15;7;19;8;19;8;18;8;17;8;16;8;15;8;14;8;13;8;12;8;11;8;10;9;10;9;11;9;12;9;13;9;14;9;15;10;15;10;14;10;13;10;12;10;11;10;10;10;9;10;8;9;8;8;8;8;7;8;6;8;5;8;4;8;3;9;3;10;3;11;3;11;4;11;5;11;6;11;7
1;2;18;15;8;19;8;18;8;17;8;16;8;15;8;14;8;13;8;12;8;11;8;10;9;10;9;11;9;12;9;13;9;14;9;15;10;15;10;14;10;13;10;12;10;11;10;10;10;9;10;8;9;8;8;8;8;7;8;6;8;5;8;4;8;3;9;3;10;3;11;3;11;4;11;5;11;6;11;7;11;8
1;2;18;15;8;18;8;17;8;16;8;15;8;14;8;13;8;12;8;11;8;10;9;10;9;11;9;12;9;13;9;14;9;15;10;15;10;14;10;13;10;12;10;11;10;10;10;9;10;8;9;8;8;8;8;7;8;6;8;5;8;4;8;3;9;3;10;3;11;3;11;4;11;5;11;6;11;7;11;8;11;9
1;2;18;15;8;17;8;16;8;15;8;14;8;13;8;12;8;11;8;10;9;10;9;11;9;12;9;13;9;14;9;15;10;15;10;14;10;13;10;12;10;11;10;10;10;9;10;8;9;8;8;8;8;7;8;6;8;5;8;4;8;3;9;3;10;3;11;3;11;4;11;5;11;6;11;7;11;8;11;9;11;10
1;2;18;15;8;16;8;15;8;14;8;13;8;12;8;11;8;10;9;10;9;11;9;12;9;13;9;14;9;15;10;15;10;14;10;13;10;12;10;11;10;10;10;9;10;8;9;8;8;8;8;7;8;6;8;5;8;4;8;3;9;3;10;3;11;3;11;4;11;5;11;6;11;7;11;8;11;9;11;10;11;11
1;2;18;15;8;15;8;14;8;13;8;12;8;11;8;10;9;10;9;11;9;12;9;13;9;14;9;15;10;15;10;14;10;13;10;12;10;11;10;10;10;9;10;8;9;8;8;8;8;7;8;6;8;5;8;4;8;3;9;3;10;3;11;3;11;4;11;5;11;6;11;7;11;8;11;9;11;10;11;11;11;12
1;2;18;15;8;14;8;13;8;12;8;11;8;10;9;10;9;11;9;12;9;13;9;14;9;15;10;15;10;14;10;13;10;12;10;11;10;10;10;9;10;8;9;8;8;8;8;7;8;6;8;5;8;4;8;3;9;3;10;3;11;3;11;4;11;5;11;6;11;7;11;8;11;9;11;10;11;11;11;12;11;13
1;2;18;15;8;13;8;12;8;11;8;10;9;10;9;11;9;12;9;13;9;14;9;15;10;15;10;14;10;13;10;12;10;11;10;10;10;9;10;8;9;8;8;8;8;7;8;6;8;5;8;4;8;3;9;3;10;3;11;3;11;4;11;5;11;6;11;7;11;8;11;9;11;10;11;11;11;12;11;13;11;14
1;2;18;15;8;12;8;11;8;10;9;10;9;11;9;12;9;13;9;14;9;15;10;15;10;14;10;13;10;12;10;11;10;10;10;9;10;8;9;8;8;8;8;7;8;6;8;5;8;4;8;3;9;3;10;3;11;3;11;4;11;5;11;6;11;7;11;8;11;9;11;10;11;11;11;12;11;13;11;14;11;15
1;1;18;15;8;11;8;10;9;10;9;11;9;12;9;13;9;14;9;15;10;15;10;14;10;13;10;12;10;11;10;10;10;9;10;8;9;8;8;8;8;7;8;6;8;5;8;4;8;3;9;3;10;3;11;3;11;4;11;5;11;6;11;7;11;8;11;9;11;10;11;11;11;12;11;13;11;14;11;15;12;15
1;1;18;15;8;10;9;10;9;11;9;12;9;13;9;14;9;15;10;15;10;14;10;13;10;12;10;11;10;10;10;9;10;8;9;8;8;8;8;7;8;6;8;5;8;4;8;3;9;3;10;3;11;3;11;4;11;5;11;6;11;7;11;8;11;9;11;10;11;11;11;12;11;13;11;14;11;15;12;15;13;15
1;1;18;15;9;10;9;11;9;12;9;13;9;14;9;15;10;15;10;14;10;13;10;12;10;11;10;10;10;9;10;8;9;8;8;8;8;7;8;6;8;5;8;4;8;3;9;3;10;3;11;3;11;4;11;5;11;6;11;7;11;8;11;9;11;10;11;11;11;12;11;13;11;14;11;15;12;15;13;15;14;15
1;1;18;15;9;11;9;12;9;13;9;14;9;15;10;15;10;14;10;13;10;12;10;11;10;10;10;9;10;8;9;8;8;8;8;7;8;6;8;5;8;4;8;3;9;3;10;3;11;3;11;4;11;5;11;6;11;7;11;8;11;9;11;10;11;11;11;12;11;13;11;14;11;15;12;15;13;15;14;15;15;15
1;1;18;15;9;12;9;13;9;14;9;15;10;15;10;14;10;13;10;12;10;11;10;10;10;9;10;8;9;8;8;8;8;7;8;6;8;5;8;4;8;3;9;3;10;3;11;3;11;4;11;5;11;6;11;7;11;8;11;9;11;10;11;11;11;12;11;13;11;14;11;15;12;15;13;15;14;15;15;15;16;15
1;1;18;15;9;13;9;14;9;15;10;15;10;14;10;13;10;12;10;11;10;10;10;9;10;8;9;8;8;8;8;7;8;6;8;5;8;4;8;3;9;3;10;3;11;3;11;4;11;5;11;6;11;7;11;8;11;9;11;10;11;11;11;12;11;13;11;14;11;15;12;15;13;15;14;15;15;15;16;15;17;15
1;1;16;13;9;14;9;14;9;15;10;15;10;14;10;13;10;12;10;11;10;10;10;9;10;8;9;8;8;8;8;7;8;6;8;5;8;4;8;3;9;3;10;3;11;3;11;4;11;5;11;6;11;7;11;8;11;9;11;10;11;11;11;12;11;13;11;14;11;15;12;15;13;15;14;15;15;15;16;15;17;15;18;15
1;0;16;13;9;14;9;15;10;15;10;14;10;13;10;12;10;11;10;10;10;9;10;8;9;8;8;8;8;7;8;6;8;5;8;4;8;3;9;3;10;3;11;3;11;4;11;5;11;6;11;7;11;8;11;9;11;10;11;11;11;12;11;13;11;14;11;15;12;15;13;15;14;15;15;15;16;15;17;15;18;15;18;14
1;0;16;13;9;15;10;15;10;14;10;13;10;12;10;11;10;10;10;9;10;8;9;8;8;8;8;7;8;6;8;5;8;4;8;3;9;3;10;3;11;3;11;4;11;5;11;6;11;7;11;8;11;9;11;10;11;11;11;12;11;13;11;14;11;15;12;15;13;15;14;15;15;15;16;15;17;15;18;15;18;14;18;13
1;3;16;13;10;15;10;14;10;13;10;12;10;11;10;10;10;9;10;8;9;8;8;8;8;7;8;6;8;5;8;4;8;3;9;3;10;3;11;3;11;4;11;5;11;6;11;7;11;8;11;9;11;10;11;11;11;12;11;13;11;14;11;15;12;15;13;15;14;15;15;15;16;15;17;15;18;15;18;14;18;13;17;13
1;3;7;19;10;14;10;14;10;13;10;12;10;11;10;10;10;9;10;8;9;8;8;8;8;7;8;6;8;5;8;4;8;3;9;3;10;3;11;3;11;4;11;5;11;6;11;7;11;8;11;9;11;10;11;11;11;12;11;13;11;14;11;15;12;15;13;15;14;15;15;15;16;15;17;15;18;15;18;14;18;13;17;13;16;13
1;3;7;19;10;14;10;13;10;12;10;11;10;10;10;9;10;8;9;8;8;8;8;7;8;6;8;5;8;4;8;3;9;3;10;3;11;3;11;4;11;5;11;6;11;7;11;8;11;9;11;10;11;11;11;12;11;13;11;14;11;15;12;15;13;15;14;15;15;15;16;15;17;15;18;15;18;14;18;13;17;13;16;13;15;13
1;3;7;19;10;13;10;12;10;11;10;10;10;9;10;8;9;8;8;8;8;7;8;6;8;5;8;4;8;3;9;3;10;3;11;3;11;4;11;5;11;6;11;7;11;8;11;9;11;10;11;11;11;12;11;13;11;14;11;15;12;15;13;15;14;15;15;15;16;15;17;15;18;15;18;14;18;13;17;13;16;13;15;13;14;13
1;3;7;19;10;12;10;11;10;10;10;9;10;8;9;8;8;8;8;7;8;6;8;5;8;4;8;3;9;3;10;3;11;3;11;4;11;5;11;6;11;7;11;8;11;9;11;10;11;11;11;12;11;13;11;14;11;15;12;15;13;15;14;15;15;15;16;15;17;15;18;15;18;14;18;13;17;13;16;13;15;13;14;13;13;13
1;3;7;19;10;11;10;10;10;9;10;8;9;8;8;8;8;7;8;6;8;5;8;4;8;3;9;3;10;3;11;3;11;4;11;5;11;6;11;7;11;8;11;9;11;10;11;11;11;12;11;13;11;14;11;15;12;15;13;15;14;15;15;15;16;15;17;15;18;15;18;14;18;13;17;13;16;13;15;13;14;13;13;13;12;13
1;2;7;19;10;10;10;9;10;8;9;8;8;8;8;7;8;6;8;5;8;4;8;3;9;3;10;3;11;3;11;4;11;5;11;6;11;7;11;8;11;9;11;10;11;11;11;12;11;13;11;14;11;15;12;15;13;15;14;15;15;15;16;15;17;15;18;15;18;14;18;13;17;13;16;13;15;13;14;13;13;13;12;13;12;14
1;1;7;19;10;9;10;8;9;8;8;8;8;7;8;6;8;5;8;4;8;3;9;3;10;3;11;3;11;4;11;5;11;6;11;7;11;8;11;9;11;10;11;11;11;12;11;13;11;14;11;15;12;15;13;15;14;15;15;15;16;15;17;15;18;15;18;14;18;13;17;13;16;13;15;13;14;13;13;13;12;13;12;14;13;14
