20
1;1;16;12;8;10;9;10;10;10
1;2;16;12;9;10;10;10;10;11
1;2;16;12;10;10;10;11;10;12
1;1;16;12;10;11;10;12;11;12
1;1;16;12;10;12;11;12;12;12
1;1;16;12;11;12;12;12;13;12
1;1;16;12;12;12;13;12;14;12
1;1;16;12;13;12;14;12;15;12
1;0;16;12;14;12;15;12;15;11
1;1;16;12;15;12;15;11;16;11
1;2;4;7;15;11;15;11;16;11;16;12
1;3;4;7;15;11;16;11;16;12;15;12
1;0;4;7;16;11;16;12;15;12;15;11
1;0;4;7;16;12;15;12;15;11;15;10
1;0;4;7;15;12;15;11;15;10;15;9
1;0;4;7;15;11;15;10;15;9;15;8
1;0;4;7;15;10;15;9;15;8;15;7
1;3;4;7;15;9;15;8;15;7;14;7
1;3;4;7;15;8;15;7;14;7;13;7
1;3;4;7;15;7;14;7;13;7;12;7
1;3;4;7;14;7;13;7;12;7;11;7
1;3;4;7;13;7;12;7;11;7;10;7
1;3;4;7;12;7;11;7;10;7;9;7
1;3;4;7;11;7;10;7;9;7;8;7
1;3;4;7;10;7;9;7;8;7;7;7
1;3;4;7;9;7;8;7;7;7;6;7
1;3;4;7;8;7;7;7;6;7;5;7
1;2;4;7;7;7;6;7;5;7;5;8
1;3;4;7;6;7;5;7;5;8;4;8
1;0;14;1;5;7;5;7;5;8;4;8;4;7
1;0;14;1;5;7;5;8;4;8;4;7;4;6
1;1;14;1;5;8;4;8;4;7;4;6;5;6
1;1;14;1;4;8;4;7;4;6;5;6;6;6
1;1;14;1;4;7;4;6;5;6;6;6;7;6
1;1;14;1;4;6;5;6;6;6;7;6;8;6
1;1;14;1;5;6;6;6;7;6;8;6;9;6
1;1;14;1;6;6;7;6;8;6;9;6;10;6
1;1;14;1;7;6;8;6;9;6;10;6;11;6
1;1;14;1;8;6;9;6;10;6;11;6;12;6
1;1;14;1;9;6;10;6;11;6;12;6;13;6
1;1;14;1;10;6;11;6;12;6;13;6;14;6
1;0;14;1;11;6;12;6;13;6;14;6;14;5
1;0;14;1;12;6;13;6;14;6;14;5;14;4
1;0;14;1;13;6;14;6;14;5;14;4;14;3
1;0;14;1;14;6;14;5;14;4;14;3;14;2
1;3;14;1;14;5;14;4;14;3;14;2;13;2
1;0;14;1;14;4;14;3;14;2;13;2;13;1
1;1;10;13;14;3;14;3;14;2;13;2;13;1;14;1
1;0;10;13;14;3;14;2;13;2;13;1;14;1;14;0
1;3;10;13;14;2;13;2;13;1;14;1;14;0;13;0
1;3;10;13;13;2;13;1;14;1;14;0;13;0;12;0
1;3;10;13;13;1;14;1;14;0;13;0;12;0;11;0
1;3;10;13;14;1;14;0;13;0;12;0;11;0;10;0
1;2;10;13;14;0;13;0;12;0;11;0;10;0;10;1
1;2;10;13;13;0;12;0;11;0;10;0;10;1;10;2
1;2;10;13;12;0;11;0;10;0;10;1;10;2;10;3
1;2;10;13;11;0;10;0;10;1;10;2;10;3;10;4
1;2;10;13;10;0;10;1;10;2;10;3;10;4;10;5
1;2;10;13;10;1;10;2;10;3;10;4;10;5;10;6
1;2;10;13;10;2;10;3;10;4;10;5;10;6;10;7
1;2;10;13;10;3;10;4;10;5;10;6;10;7;10;8
1;2;10;13;10;4;10;5;10;6;10;7;10;8;10;9
1;2;10;13;10;5;10;6;10;7;10;8;10;9;10;10
1;2;10;13;10;6;10;7;10;8;10;9;10;10;10;11
1;2;10;13;10;7;10;8;10;9;10;10;10;11;10;12
1;2;19;4;10;8;10;8;10;9;10;10;10;11;10;12;10;13
1;1;19;4;10;8;10;9;10;10;10;11;10;12;10;13;11;13
1;0;19;4;10;9;10;10;10;11;10;12;10;13;11;13;11;12
1;0;19;4;10;10;10;11;10;12;10;13;11;13;11;12;11;11
1;0;19;4;10;11;10;12;10;13;11;13;11;12;11;11;11;10
1;1;19;4;10;12;10;13;11;13;11;12;11;11;11;10;12;10
1;0;19;4;10;13;11;13;11;12;11;11;11;10;12;10;12;9
1;1;19;4;11;13;11;12;11;11;11;10;12;10;12;9;13;9
1;0;19;4;11;12;11;11;11;10;12;10;12;9;13;9;13;8
1;1;19;4;11;11;11;10;12;10;12;9;13;9;13;8;14;8
1;0;19;4;11;10;12;10;12;9;13;9;13;8;14;8;14;7
1;1;19;4;12;10;12;9;13;9;13;8;14;8;14;7;15;7
1;0;19;4;12;9;13;9;13;8;14;8;14;7;15;7;15;6
1;0;19;4;13;9;13;8;14;8;14;7;15;7;15;6;15;5
1;0;19;4;13;8;14;8;14;7;15;7;15;6;15;5;15;4
1;1;19;4;14;8;14;7;15;7;15;6;15;5;15;4;16;4
1;1;19;4;14;7;15;7;15;6;15;5;15;4;16;4;17;4
1;2;19;4;15;7;15;6;15;5;15;4;16;4;17;4;17;5
1;1;19;4;15;6;15;5;15;4;16;4;17;4;17;5;18;5
1;0;19;4;15;5;15;4;16;4;17;4;17;5;18;5;18;4
1;1;5;17;15;4;15;4;16;4;17;4;17;5;18;5;18;4;19;4
1;2;5;17;15;4;16;4;17;4;17;5;18;5;18;4;19;4;19;5
1;2;5;17;16;4;17;4;17;5;18;5;18;4;19;4;19;5;19;6
1;3;5;17;17;4;17;5;18;5;18;4;19;4;19;5;19;6;18;6
1;3;5;17;17;5;18;5;18;4;19;4;19;5;19;6;18;6;17;6
1;3;5;17;18;5;18;4;19;4;19;5;19;6;18;6;17;6;16;6
1;2;5;17;18;4;19;4;19;5;19;6;18;6;17;6;16;6;16;7
1;2;5;17;19;4;19;5;19;6;18;6;17;6;16;6;16;7;16;8
1;2;5;17;19;5;19;6;18;6;17;6;16;6;16;7;16;8;16;9
1;2;5;17;19;6;18;6;17;6;16;6;16;7;16;8;16;9;16;10
1;2;5;17;18;6;17;6;16;6;16;7;16;8;16;9;16;10;16;11
1;2;5;17;17;6;16;6;16;7;16;8;16;9;16;10;16;11;16;12
1;2;5;17;16;6;16;7;16;8;16;9;16;10;16;11;16;12;16;13
1;2;5;17;16;7;16;8;16;9;16;10;16;11;16;12;16;13;16;14
1;3;5;17;16;8;16;9;16;10;16;11;16;12;16;13;16;14;15;14
1;3;5;17;16;9;16;10;16;11;16;12;16;13;16;14;15;14;14;14
1;3;5;17;16;10;16;11;16;12;16;13;16;14;15;14;14;14;13;14
1;3;5;17;16;11;16;12;16;13;16;14;15;14;14;14;13;14;12;14
1;3;5;17;16;12;16;13;16;14;15;14;14;14;13;14;12;14;11;14
1;3;5;17;16;13;16;14;15;14;14;14;13;14;12;14;11;14;10;14
1;3;5;17;16;14;15;14;14;14;13;14;12;14;11;14;10;14;9;14
1;3;5;17;15;14;14;14;13;14;12;14;11;14;10;14;9;14;8;14
1;3;5;17;14;14;13;14;12;14;11;14;10;14;9;14;8;14;7;14
1;3;5;17;13;14;12;14;11;14;10;14;9;14;8;14;7;14;6;14
1;3;5;17;12;14;11;14;10;14;9;14;8;14;7;14;6;14;5;14
1;2;5;17;11;14;10;14;9;14;8;14;7;14;6;14;5;14;5;15
1;1;5;17;10;14;9;14;8;14;7;14;6;14;5;14;5;15;6;15
1;2;5;17;9;14;8;14;7;14;6;14;5;14;5;15;6;15;6;16
1;1;5;17;8;14;7;14;6;14;5;14;5;15;6;15;6;16;7;16
1;2;5;17;7;14;6;14;5;14;5;15;6;15;6;16;7;16;7;17
1;3;5;17;6;14;5;14;5;15;6;15;6;16;7;16;7;17;6;17
1;3;15;11;5;14;5;14;5;15;6;15;6;16;7;16;7;17;6;17;5;17
1;2;15;11;5;14;5;15;6;15;6;16;7;16;7;17;6;17;5;17;5;18
1;1;15;11;5;15;6;15;6;16;7;16;7;17;6;17;5;17;5;18;6;18
1;1;15;11;6;15;6;16;7;16;7;17;6;17;5;17;5;18;6;18;7;18
1;1;15;11;6;16;7;16;7;17;6;17;5;17;5;18;6;18;7;18;8;18
1;1;15;11;7;16;7;17;6;17;5;17;5;18;6;18;7;18;8;18;9;18
1;1;15;11;7;17;6;17;5;17;5;18;6;18;7;18;8;18;9;18;10;18
1;1;15;11;6;17;5;17;5;18;6;18;7;18;8;18;9;18;10;18;11;18
1;1;15;11;5;17;5;18;6;18;7;18;8;18;9;18;10;18;11;18;12;18
1;1;15;11;5;18;6;18;7;18;8;18;9;18;10;18;11;18;12;18;13;18
1;1;15;11;6;18;7;18;8;18;9;18;10;18;11;18;12;18;13;18;14;18
1;1;15;11;7;18;8;18;9;18;10;18;11;18;12;18;13;18;14;18;15;18
1;0;15;11;8;18;9;18;10;18;11;18;12;18;13;18;14;18;15;18;15;17
1;0;15;11;9;18;10;18;11;18;12;18;13;18;14;18;15;18;15;17;15;16
1;0;15;11;10;18;11;18;12;18;13;18;14;18;15;18;15;17;15;16;15;15
1;0;15;11;11;18;12;18;13;18;14;18;15;18;15;17;15;16;15;15;15;14
1;0;15;11;12;18;13;18;14;18;15;18;15;17;15;16;15;15;15;14;15;13
1;0;15;11;13;18;14;18;15;18;15;17;15;16;15;15;15;14;15;13;15;12
1;0;1;6;14;18;14;18;15;18;15;17;15;16;15;15;15;14;15;13;15;12;15;11
1;0;1;6;14;18;15;18;15;17;15;16;15;15;15;14;15;13;15;12;15;11;15;10
1;0;1;6;15;18;15;17;15;16;15;15;15;14;15;13;15;12;15;11;15;10;15;9
1;0;1;6;15;17;15;16;15;15;15;14;15;13;15;12;15;11;15;10;15;9;15;8
1;0;1;6;15;16;15;15;15;14;15;13;15;12;15;11;15;10;15;9;15;8;15;7
1;0;1;6;15;15;15;14;15;13;15;12;15;11;15;10;15;9;15;8;15;7;15;6
1;3;1;6;15;14;15;13;15;12;15;11;15;10;15;9;15;8;15;7;15;6;14;6
1;3;1;6;15;13;15;12;15;11;15;10;15;9;15;8;15;7;15;6;14;6;13;6
1;3;1;6;15;12;15;11;15;10;15;9;15;8;15;7;15;6;14;6;13;6;12;6
1;3;1;6;15;11;15;10;15;9;15;8;15;7;15;6;14;6;13;6;12;6;11;6
1;3;1;6;15;10;15;9;15;8;15;7;15;6;14;6;13;6;12;6;11;6;10;6
1;3;1;6;15;9;15;8;15;7;15;6;14;6;13;6;12;6;11;6;10;6;9;6
1;3;1;6;15;8;15;7;15;6;14;6;13;6;12;6;11;6;10;6;9;6;8;6
1;3;1;6;15;7;15;6;14;6;13;6;12;6;11;6;10;6;9;6;8;6;7;6
1;3;1;6;15;6;14;6;13;6;12;6;11;6;10;6;9;6;8;6;7;6;6;6
1;3;1;6;14;6;13;6;12;6;11;6;10;6;9;6;8;6;7;6;6;6;5;6
1;3;1;6;13;6;12;6;11;6;10;6;9;6;8;6;7;6;6;6;5;6;4;6
1;3;1;6;12;6;11;6;10;6;9;6;8;6;7;6;6;6;5;6;4;6;3;6
1;2;1;6;11;6;10;6;9;6;8;6;7;6;6;6;5;6;4;6;3;6;3;7
1;3;1;6;10;6;9;6;8;6;7;6;6;6;5;6;4;6;3;6;3;7;2;7
1;2;1;6;9;6;8;6;7;6;6;6;5;6;4;6;3;6;3;7;2;7;2;8
1;3;1;6;8;6;7;6;6;6;5;6;4;6;3;6;3;7;2;7;2;8;1;8
1;0;1;6;7;6;6;6;5;6;4;6;3;6;3;7;2;7;2;8;1;8;1;7
1;0;0;6;6;6;6;6;5;6;4;6;3;6;3;7;2;7;2;8;1;8;1;7;1;6
1;3;2;6;6;6;6;6;5;6;4;6;3;6;3;7;2;7;2;8;1;8;1;7;1;6;0;6
1;0;2;6;6;6;5;6;4;6;3;6;3;7;2;7;2;8;1;8;1;7;1;6;0;6;0;5
1;1;2;6;5;6;4;6;3;6;3;7;2;7;2;8;1;8;1;7;1;6;0;6;0;5;1;5
1;1;2;6;4;6;3;6;3;7;2;7;2;8;1;8;1;7;1;6;0;6;0;5;1;5;2;5
1;2;4;19;3;6;3;6;3;7;2;7;2;8;1;8;1;7;1;6;0;6;0;5;1;5;2;5;2;6
