20
1;1;6;13;8;10;9;10;10;10
1;2;6;13;9;10;10;10;10;11
1;2;6;13;10;10;10;11;10;12
1;2;6;13;10;11;10;12;10;13
1;3;6;13;10;12;10;13;9;13
1;3;6;13;10;13;9;13;8;13
1;3;6;13;9;13;8;13;7;13
1;3;8;1;8;13;8;13;7;13;6;13
1;0;8;1;8;13;7;13;6;13;6;12
1;1;8;1;7;13;6;13;6;12;7;12
1;1;8;1;6;13;6;12;7;12;8;12
1;0;8;1;6;12;7;12;8;12;8;11
1;0;8;1;7;12;8;12;8;11;8;10
1;0;8;1;8;12;8;11;8;10;8;9
1;0;8;1;8;11;8;10;8;9;8;8
1;0;8;1;8;10;8;9;8;8;8;7
1;0;8;1;8;9;8;8;8;7;8;6
1;0;8;1;8;8;8;7;8;6;8;5
1;0;8;1;8;7;8;6;8;5;8;4
1;0;8;1;8;6;8;5;8;4;8;3
1;0;8;1;8;5;8;4;8;3;8;2
1;0;6;7;8;4;8;4;8;3;8;2;8;1
1;3;6;7;8;4;8;3;8;2;8;1;7;1
1;3;6;7;8;3;8;2;8;1;7;1;6;1
1;2;6;7;8;2;8;1;7;1;6;1;6;2
1;2;6;7;8;1;7;1;6;1;6;2;6;3
1;2;6;7;7;1;6;1;6;2;6;3;6;4
1;2;6;7;6;1;6;2;6;3;6;4;6;5
1;2;6;7;6;2;6;3;6;4;6;5;6;6
1;2;8;15;6;3;6;3;6;4;6;5;6;6;6;7
1;1;8;15;6;3;6;4;6;5;6;6;6;7;7;7
1;1;8;15;6;4;6;5;6;6;6;7;7;7;8;7
1;2;8;15;6;5;6;6;6;7;7;7;8;7;8;8
1;2;8;15;6;6;6;7;7;7;8;7;8;8;8;9
1;2;8;15;6;7;7;7;8;7;8;8;8;9;8;10
1;2;8;15;7;7;8;7;8;8;8;9;8;10;8;11
1;2;8;15;8;7;8;8;8;9;8;10;8;11;8;12
1;2;8;15;8;8;8;9;8;10;8;11;8;12;8;13
1;2;8;15;8;9;8;10;8;11;8;12;8;13;8;14
1;2;15;1;8;10;8;10;8;11;8;12;8;13;8;14;8;15
1;1;15;1;8;10;8;11;8;12;8;13;8;14;8;15;9;15
1;1;15;1;8;11;8;12;8;13;8;14;8;15;9;15;10;15
1;1;15;1;8;12;8;13;8;14;8;15;9;15;10;15;11;15
1;1;15;1;8;13;8;14;8;15;9;15;10;15;11;15;12;15
1;1;15;1;8;14;8;15;9;15;10;15;11;15;12;15;13;15
1;1;15;1;8;15;9;15;10;15;11;15;12;15;13;15;14;15
1;1;15;1;9;15;10;15;11;15;12;15;13;15;14;15;15;15
1;0;15;1;10;15;11;15;12;15;13;15;14;15;15;15;15;14
1;0;15;1;11;15;12;15;13;15;14;15;15;15;15;14;15;13
1;0;15;1;12;15;13;15;14;15;15;15;15;14;15;13;15;12
1;0;15;1;13;15;14;15;15;15;15;14;15;13;15;12;15;11
1;0;15;1;14;15;15;15;15;14;15;13;15;12;15;11;15;10
1;0;15;1;15;15;15;14;15;13;15;12;15;11;15;10;15;9
1;0;15;1;15;14;15;13;15;12;15;11;15;10;15;9;15;8
1;0;15;1;15;13;15;12;15;11;15;10;15;9;15;8;15;7
1;0;15;1;15;12;15;11;15;10;15;9;15;8;15;7;15;6
1;0;15;1;15;11;15;10;15;9;15;8;15;7;15;6;15;5
1;0;15;1;15;10;15;9;15;8;15;7;15;6;15;5;15;4
1;0;15;1;15;9;15;8;15;7;15;6;15;5;15;4;15;3
1;0;15;1;15;8;15;7;15;6;15;5;15;4;15;3;15;2
1;0;5;6;15;7;15;7;15;6;15;5;15;4;15;3;15;2;15;1
1;3;5;6;15;7;15;6;15;5;15;4;15;3;15;2;15;1;14;1
1;3;5;6;15;6;15;5;15;4;15;3;15;2;15;1;14;1;13;1
1;3;5;6;15;5;15;4;15;3;15;2;15;1;14;1;13;1;12;1
1;3;5;6;15;4;15;3;15;2;15;1;14;1;13;1;12;1;11;1
1;3;5;6;15;3;15;2;15;1;14;1;13;1;12;1;11;1;10;1
1;3;5;6;15;2;15;1;14;1;13;1;12;1;11;1;10;1;9;1
1;3;5;6;15;1;14;1;13;1;12;1;11;1;10;1;9;1;8;1
1;3;5;6;14;1;13;1;12;1;11;1;10;1;9;1;8;1;7;1
1;3;5;6;13;1;12;1;11;1;10;1;9;1;8;1;7;1;6;1
1;3;5;6;12;1;11;1;10;1;9;1;8;1;7;1;6;1;5;1
1;2;5;6;11;1;10;1;9;1;8;1;7;1;6;1;5;1;5;2
1;2;5;6;10;1;9;1;8;1;7;1;6;1;5;1;5;2;5;3
1;2;5;6;9;1;8;1;7;1;6;1;5;1;5;2;5;3;5;4
1;2;5;6;8;1;7;1;6;1;5;1;5;2;5;3;5;4;5;5
1;2;10;4;7;1;7;1;6;1;5;1;5;2;5;3;5;4;5;5;5;6
1;1;10;4;7;1;6;1;5;1;5;2;5;3;5;4;5;5;5;6;6;6
1;0;10;4;6;1;5;1;5;2;5;3;5;4;5;5;5;6;6;6;6;5
1;0;10;4;5;1;5;2;5;3;5;4;5;5;5;6;6;6;6;5;6;4
1;1;10;4;5;2;5;3;5;4;5;5;5;6;6;6;6;5;6;4;7;4
1;1;10;4;5;3;5;4;5;5;5;6;6;6;6;5;6;4;7;4;8;4
1;1;10;4;5;4;5;5;5;6;6;6;6;5;6;4;7;4;8;4;9;4
1;1;18;1;5;5;5;5;5;6;6;6;6;5;6;4;7;4;8;4;9;4;10;4
1;0;18;1;5;5;5;6;6;6;6;5;6;4;7;4;8;4;9;4;10;4;10;3
1;0;18;1;5;6;6;6;6;5;6;4;7;4;8;4;9;4;10;4;10;3;10;2
1;0;18;1;6;6;6;5;6;4;7;4;8;4;9;4;10;4;10;3;10;2;10;1
1;1;18;1;6;5;6;4;7;4;8;4;9;4;10;4;10;3;10;2;10;1;11;1
1;1;18;1;6;4;7;4;8;4;9;4;10;4;10;3;10;2;10;1;11;1;12;1
1;1;18;1;7;4;8;4;9;4;10;4;10;3;10;2;10;1;11;1;12;1;13;1
1;1;18;1;8;4;9;4;10;4;10;3;10;2;10;1;11;1;12;1;13;1;14;1
1;1;18;1;9;4;10;4;10;3;10;2;10;1;11;1;12;1;13;1;14;1;15;1
1;1;18;1;10;4;10;3;10;2;10;1;11;1;12;1;13;1;14;1;15;1;16;1
1;1;18;1;10;3;10;2;10;1;11;1;12;1;13;1;14;1;15;1;16;1;17;1
1;1;6;5;10;2;10;2;10;1;11;1;12;1;13;1;14;1;15;1;16;1;17;1;18;1
1;2;6;5;10;2;10;1;11;1;12;1;13;1;14;1;15;1;16;1;17;1;18;1;18;2
1;2;6;5;10;1;11;1;12;1;13;1;14;1;15;1;16;1;17;1;18;1;18;2;18;3
1;2;6;5;11;1;12;1;13;1;14;1;15;1;16;1;17;1;18;1;18;2;18;3;18;4
1;2;6;5;12;1;13;1;14;1;15;1;16;1;17;1;18;1;18;2;18;3;18;4;18;5
1;3;6;5;13;1;14;1;15;1;16;1;17;1;18;1;18;2;18;3;18;4;18;5;17;5
1;3;6;5;14;1;15;1;16;1;17;1;18;1;18;2;18;3;18;4;18;5;17;5;16;5
1;3;6;5;15;1;16;1;17;1;18;1;18;2;18;3;18;4;18;5;17;5;16;5;15;5
1;3;6;5;16;1;17;1;18;1;18;2;18;3;18;4;18;5;17;5;16;5;15;5;14;5
1;3;6;5;17;1;18;1;18;2;18;3;18;4;18;5;17;5;16;5;15;5;14;5;13;5
1;3;6;5;18;1;18;2;18;3;18;4;18;5;17;5;16;5;15;5;14;5;13;5;12;5
1;3;6;5;18;2;18;3;18;4;18;5;17;5;16;5;15;5;14;5;13;5;12;5;11;5
1;3;6;5;18;3;18;4;18;5;17;5;16;5;15;5;14;5;13;5;12;5;11;5;10;5
1;3;6;5;18;4;18;5;17;5;16;5;15;5;14;5;13;5;12;5;11;5;10;5;9;5
1;3;6;5;18;5;17;5;16;5;15;5;14;5;13;5;12;5;11;5;10;5;9;5;8;5
1;3;6;5;17;5;16;5;15;5;14;5;13;5;12;5;11;5;10;5;9;5;8;5;7;5
1;3;2;4;16;5;16;5;15;5;14;5;13;5;12;5;11;5;10;5;9;5;8;5;7;5;6;5
1;0;2;4;16;5;15;5;14;5;13;5;12;5;11;5;10;5;9;5;8;5;7;5;6;5;6;4
1;3;2;4;15;5;14;5;13;5;12;5;11;5;10;5;9;5;8;5;7;5;6;5;6;4;5;4
1;3;2;4;14;5;13;5;12;5;11;5;10;5;9;5;8;5;7;5;6;5;6;4;5;4;4;4
1;3;2;4;13;5;12;5;11;5;10;5;9;5;8;5;7;5;6;5;6;4;5;4;4;4;3;4
1;3;2;0;12;5;12;5;11;5;10;5;9;5;8;5;7;5;6;5;6;4;5;4;4;4;3;4;2;4
1;0;2;0;12;5;11;5;10;5;9;5;8;5;7;5;6;5;6;4;5;4;4;4;3;4;2;4;2;3
1;0;2;0;11;5;10;5;9;5;8;5;7;5;6;5;6;4;5;4;4;4;3;4;2;4;2;3;2;2
1;0;2;0;10;5;9;5;8;5;7;5;6;5;6;4;5;4;4;4;3;4;2;4;2;3;2;2;2;1
1;0;4;13;9;5;9;5;8;5;7;5;6;5;6;4;5;4;4;4;3;4;2;4;2;3;2;2;2;1;2;0
1;1;4;13;9;5;8;5;7;5;6;5;6;4;5;4;4;4;3;4;2;4;2;3;2;2;2;1;2;0;3;0
1;1;4;13;8;5;7;5;6;5;6;4;5;4;4;4;3;4;2;4;2;3;2;2;2;1;2;0;3;0;4;0
1;2;4;13;7;5;6;5;6;4;5;4;4;4;3;4;2;4;2;3;2;2;2;1;2;0;3;0;4;0;4;1
1;2;4;13;6;5;6;4;5;4;4;4;3;4;2;4;2;3;2;2;2;1;2;0;3;0;4;0;4;1;4;2
1;2;4;13;6;4;5;4;4;4;3;4;2;4;2;3;2;2;2;1;2;0;3;0;4;0;4;1;4;2;4;3
1;1;4;13;5;4;4;4;3;4;2;4;2;3;2;2;2;1;2;0;3;0;4;0;4;1;4;2;4;3;5;3
1;2;4;13;4;4;3;4;2;4;2;3;2;2;2;1;2;0;3;0;4;0;4;1;4;2;4;3;5;3;5;4
1;3;4;13;3;4;2;4;2;3;2;2;2;1;2;0;3;0;4;0;4;1;4;2;4;3;5;3;5;4;4;4
1;2;4;13;2;4;2;3;2;2;2;1;2;0;3;0;4;0;4;1;4;2;4;3;5;3;5;4;4;4;4;5
1;2;4;13;2;3;2;2;2;1;2;0;3;0;4;0;4;1;4;2;4;3;5;3;5;4;4;4;4;5;4;6
1;2;4;13;2;2;2;1;2;0;3;0;4;0;4;1;4;2;4;3;5;3;5;4;4;4;4;5;4;6;4;7
1;2;4;13;2;1;2;0;3;0;4;0;4;1;4;2;4;3;5;3;5;4;4;4;4;5;4;6;4;7;4;8
1;2;4;13;2;0;3;0;4;0;4;1;4;2;4;3;5;3;5;4;4;4;4;5;4;6;4;7;4;8;4;9
1;2;4;13;3;0;4;0;4;1;4;2;4;3;5;3;5;4;4;4;4;5;4;6;4;7;4;8;4;9;4;10
1;2;4;13;4;0;4;1;4;2;4;3;5;3;5;4;4;4;4;5;4;6;4;7;4;8;4;9;4;10;4;11
1;2;4;13;4;1;4;2;4;3;5;3;5;4;4;4;4;5;4;6;4;7;4;8;4;9;4;10;4;11;4;12
1;2;5;13;4;2;4;2;4;3;5;3;5;4;4;4;4;5;4;6;4;7;4;8;4;9;4;10;4;11;4;12;4;13
1;1;15;1;4;2;4;2;4;3;5;3;5;4;4;4;4;5;4;6;4;7;4;8;4;9;4;10;4;11;4;12;4;13;5;13
1;1;15;1;4;2;4;3;5;3;5;4;4;4;4;5;4;6;4;7;4;8;4;9;4;10;4;11;4;12;4;13;5;13;6;13
1;1;15;1;4;3;5;3;5;4;4;4;4;5;4;6;4;7;4;8;4;9;4;10;4;11;4;12;4;13;5;13;6;13;7;13
1;1;15;1;5;3;5;4;4;4;4;5;4;6;4;7;4;8;4;9;4;10;4;11;4;12;4;13;5;13;6;13;7;13;8;13
1;1;15;1;5;4;4;4;4;5;4;6;4;7;4;8;4;9;4;10;4;11;4;12;4;13;5;13;6;13;7;13;8;13;9;13
1;1;15;1;4;4;4;5;4;6;4;7;4;8;4;9;4;10;4;11;4;12;4;13;5;13;6;13;7;13;8;13;9;13;10;13
1;1;15;1;4;5;4;6;4;7;4;8;4;9;4;10;4;11;4;12;4;13;5;13;6;13;7;13;8;13;9;13;10;13;11;13
1;1;15;1;4;6;4;7;4;8;4;9;4;10;4;11;4;12;4;13;5;13;6;13;7;13;8;13;9;13;10;13;11;13;12;13
1;1;15;1;4;7;4;8;4;9;4;10;4;11;4;12;4;13;5;13;6;13;7;13;8;13;9;13;10;13;11;13;12;13;13;13
1;1;15;1;4;8;4;9;4;10;4;11;4;12;4;13;5;13;6;13;7;13;8;13;9;13;10;13;11;13;12;13;13;13;14;13
1;1;15;1;4;9;4;10;4;11;4;12;4;13;5;13;6;13;7;13;8;13;9;13;10;13;11;13;12;13;13;13;14;13;15;13
1;0;15;1;4;10;4;11;4;12;4;13;5;13;6;13;7;13;8;13;9;13;10;13;11;13;12;13;13;13;14;13;15;13;15;12
1;0;15;1;4;11;4;12;4;13;5;13;6;13;7;13;8;13;9;13;10;13;11;13;12;13;13;13;14;13;15;13;15;12;15;11
1;0;15;1;4;12;4;13;5;13;6;13;7;13;8;13;9;13;10;13;11;13;12;13;13;13;14;13;15;13;15;12;15;11;15;10
1;0;15;1;4;13;5;13;6;13;7;13;8;13;9;13;10;13;11;13;12;13;13;13;14;13;15;13;15;12;15;11;15;10;15;9
1;0;15;1;5;13;6;13;7;13;8;13;9;13;10;13;11;13;12;13;13;13;14;13;15;13;15;12;15;11;15;10;15;9;15;8
1;0;15;1;6;13;7;13;8;13;9;13;10;13;11;13;12;13;13;13;14;13;15;13;15;12;15;11;15;10;15;9;15;8;15;7
1;0;15;1;7;13;8;13;9;13;10;13;11;13;12;13;13;13;14;13;15;13;15;12;15;11;15;10;15;9;15;8;15;7;15;6
1;0;15;1;8;13;9;13;10;13;11;13;12;13;13;13;14;13;15;13;15;12;15;11;15;10;15;9;15;8;15;7;15;6;15;5
1;0;15;1;9;13;10;13;11;13;12;13;13;13;14;13;15;13;15;12;15;11;15;10;15;9;15;8;15;7;15;6;15;5;15;4
1;0;15;1;10;13;11;13;12;13;13;13;14;13;15;13;15;12;15;11;15;10;15;9;15;8;15;7;15;6;15;5;15;4;15;3
1;0;15;1;11;13;12;13;13;13;14;13;15;13;15;12;15;11;15;10;15;9;15;8;15;7;15;6;15;5;15;4;15;3;15;2
1;0;1;13;12;13;12;13;13;13;14;13;15;13;15;12;15;11;15;10;15;9;15;8;15;7;15;6;15;5;15;4;15;3;15;2;15;1
1;3;1;13;12;13;13;13;14;13;15;13;15;12;15;11;15;10;15;9;15;8;15;7;15;6;15;5;15;4;15;3;15;2;15;1;14;1
1;3;1;13;13;13;14;13;15;13;15;12;15;11;15;10;15;9;15;8;15;7;15;6;15;5;15;4;15;3;15;2;15;1;14;1;13;1
1;3;1;13;14;13;15;13;15;12;15;11;15;10;15;9;15;8;15;7;15;6;15;5;15;4;15;3;15;2;15;1;14;1;13;1;12;1
1;3;1;13;15;13;15;12;15;11;15;10;15;9;15;8;15;7;15;6;15;5;15;4;15;3;15;2;15;1;14;1;13;1;12;1;11;1
1;3;1;13;15;12;15;11;15;10;15;9;15;8;15;7;15;6;15;5;15;4;15;3;15;2;15;1;14;1;13;1;12;1;11;1;10;1
1;3;1;13;15;11;15;10;15;9;15;8;15;7;15;6;15;5;15;4;15;3;15;2;15;1;14;1;13;1;12;1;11;1;10;1;9;1
1;3;1;13;15;10;15;9;15;8;15;7;15;6;15;5;15;4;15;3;15;2;15;1;14;1;13;1;12;1;11;1;10;1;9;1;8;1
1;3;1;13;15;9;15;8;15;7;15;6;15;5;15;4;15;3;15;2;15;1;14;1;13;1;12;1;11;1;10;1;9;1;8;1;7;1
1;3;1;13;15;8;15;7;15;6;15;5;15;4;15;3;15;2;15;1;14;1;13;1;12;1;11;1;10;1;9;1;8;1;7;1;6;1
1;3;1;13;15;7;15;6;15;5;15;4;15;3;15;2;15;1;14;1;13;1;12;1;11;1;10;1;9;1;8;1;7;1;6;1;5;1
1;3;1;13;15;6;15;5;15;4;15;3;15;2;15;1;14;1;13;1;12;1;11;1;10;1;9;1;8;1;7;1;6;1;5;1;4;1
1;3;1;13;15;5;15;4;15;3;15;2;15;1;14;1;13;1;12;1;11;1;10;1;9;1;8;1;7;1;6;1;5;1;4;1;3;1
1;3;1;13;15;4;15;3;15;2;15;1;14;1;13;1;12;1;11;1;10;1;9;1;8;1;7;1;6;1;5;1;4;1;3;1;2;1
1;3;1;13;15;3;15;2;15;1;14;1;13;1;12;1;11;1;10;1;9;1;8;1;7;1;6;1;5;1;4;1;3;1;2;1;1;1
1;2;1;13;15;2;15;1;14;1;13;1;12;1;11;1;10;1;9;1;8;1;7;1;6;1;5;1;4;1;3;1;2;1;1;1;1;2
1;2;1;13;15;1;14;1;13;1;12;1;11;1;10;1;9;1;8;1;7;1;6;1;5;1;4;1;3;1;2;1;1;1;1;2;1;3
1;2;1;13;14;1;13;1;12;1;11;1;10;1;9;1;8;1;7;1;6;1;5;1;4;1;3;1;2;1;1;1;1;2;1;3;1;4
1;2;1;13;13;1;12;1;11;1;10;1;9;1;8;1;7;1;6;1;5;1;4;1;3;1;2;1;1;1;1;2;1;3;1;4;1;5
1;2;1;13;12;1;11;1;10;1;9;1;8;1;7;1;6;1;5;1;4;1;3;1;2;1;1;1;1;2;1;3;1;4;1;5;1;6
1;2;1;13;11;1;10;1;9;1;8;1;7;1;6;1;5;1;4;1;3;1;2;1;1;1;1;2;1;3;1;4;1;5;1;6;1;7
1;2;1;13;10;1;9;1;8;1;7;1;6;1;5;1;4;1;3;1;2;1;1;1;1;2;1;3;1;4;1;5;1;6;1;7;1;8
1;2;1;13;9;1;8;1;7;1;6;1;5;1;4;1;3;1;2;1;1;1;1;2;1;3;1;4;1;5;1;6;1;7;1;8;1;9
1;2;1;13;8;1;7;1;6;1;5;1;4;1;3;1;2;1;1;1;1;2;1;3;1;4;1;5;1;6;1;7;1;8;1;9;1;10
1;2;1;13;7;1;6;1;5;1;4;1;3;1;2;1;1;1;1;2;1;3;1;4;1;5;1;6;1;7;1;8;1;9;1;10;1;11
1;2;1;13;6;1;5;1;4;1;3;1;2;1;1;1;1;2;1;3;1;4;1;5;1;6;1;7;1;8;1;9;1;10;1;11;1;12
1;2;10;3;5;1;5;1;4;1;3;1;2;1;1;1;1;2;1;3;1;4;1;5;1;6;1;7;1;8;1;9;1;10;1;11;1;12;1;13
1;1;10;3;5;1;4;1;3;1;2;1;1;1;1;2;1;3;1;4;1;5;1;6;1;7;1;8;1;9;1;10;1;11;1;12;1;13;2;13
1;1;10;3;4;1;3;1;2;1;1;1;1;2;1;3;1;4;1;5;1;6;1;7;1;8;1;9;1;10;1;11;1;12;1;13;2;13;3;13
1;1;10;3;3;1;2;1;1;1;1;2;1;3;1;4;1;5;1;6;1;7;1;8;1;9;1;10;1;11;1;12;1;13;2;13;3;13;4;13
1;1;10;3;2;1;1;1;1;2;1;3;1;4;1;5;1;6;1;7;1;8;1;9;1;10;1;11;1;12;1;13;2;13;3;13;4;13;5;13
1;1;10;3;1;1;1;2;1;3;1;4;1;5;1;6;1;7;1;8;1;9;1;10;1;11;1;12;1;13;2;13;3;13;4;13;5;13;6;13
1;1;10;3;1;2;1;3;1;4;1;5;1;6;1;7;1;8;1;9;1;10;1;11;1;12;1;13;2;13;3;13;4;13;5;13;6;13;7;13
1;1;10;3;1;3;1;4;1;5;1;6;1;7;1;8;1;9;1;10;1;11;1;12;1;13;2;13;3;13;4;13;5;13;6;13;7;13;8;13
1;1;10;3;1;4;1;5;1;6;1;7;1;8;1;9;1;10;1;11;1;12;1;13;2;13;3;13;4;13;5;13;6;13;7;13;8;13;9;13
1;1;10;3;1;5;1;6;1;7;1;8;1;9;1;10;1;11;1;12;1;13;2;13;3;13;4;13;5;13;6;13;7;13;8;13;9;13;10;13
1;0;10;3;1;6;1;7;1;8;1;9;1;10;1;11;1;12;1;13;2;13;3;13;4;13;5;13;6;13;7;13;8;13;9;13;10;13;10;12
1;0;10;3;1;7;1;8;1;9;1;10;1;11;1;12;1;13;2;13;3;13;4;13;5;13;6;13;7;13;8;13;9;13;10;13;10;12;10;11
1;0;10;3;1;8;1;9;1;10;1;11;1;12;1;13;2;13;3;13;4;13;5;13;6;13;7;13;8;13;9;13;10;13;10;12;10;11;10;10
1;0;10;3;1;9;1;10;1;11;1;12;1;13;2;13;3;13;4;13;5;13;6;13;7;13;8;13;9;13;10;13;10;12;10;11;10;10;10;9
1;0;10;3;1;10;1;11;1;12;1;13;2;13;3;13;4;13;5;13;6;13;7;13;8;13;9;13;10;13;10;12;10;11;10;10;10;9;10;8
1;0;10;3;1;11;1;12;1;13;2;13;3;13;4;13;5;13;6;13;7;13;8;13;9;13;10;13;10;12;10;11;10;10;10;9;10;8;10;7
1;0;10;3;1;12;1;13;2;13;3;13;4;13;5;13;6;13;7;13;8;13;9;13;10;13;10;12;10;11;10;10;10;9;10;8;10;7;10;6
1;0;10;3;1;13;2;13;3;13;4;13;5;13;6;13;7;13;8;13;9;13;10;13;10;12;10;11;10;10;10;9;10;8;10;7;10;6;10;5
1;0;10;3;2;13;3;13;4;13;5;13;6;13;7;13;8;13;9;13;10;13;10;12;10;11;10;10;10;9;10;8;10;7;10;6;10;5;10;4
1;0;9;3;3;13;3;13;4;13;5;13;6;13;7;13;8;13;9;13;10;13;10;12;10;11;10;10;10;9;10;8;10;7;10;6;10;5;10;4;10;3
1;3;11;14;3;13;3;13;4;13;5;13;6;13;7;13;8;13;9;13;10;13;10;12;10;11;10;10;10;9;10;8;10;7;10;6;10;5;10;4;10;3;9;3
1;0;11;14;3;13;4;13;5;13;6;13;7;13;8;13;9;13;10;13;10;12;10;11;10;10;10;9;10;8;10;7;10;6;10;5;10;4;10;3;9;3;9;2
1;1;11;14;4;13;5;13;6;13;7;13;8;13;9;13;10;13;10;12;10;11;10;10;10;9;10;8;10;7;10;6;10;5;10;4;10;3;9;3;9;2;10;2
1;1;11;14;5;13;6;13;7;13;8;13;9;13;10;13;10;12;10;11;10;10;10;9;10;8;10;7;10;6;10;5;10;4;10;3;9;3;9;2;10;2;11;2
1;2;11;14;6;13;7;13;8;13;9;13;10;13;10;12;10;11;10;10;10;9;10;8;10;7;10;6;10;5;10;4;10;3;9;3;9;2;10;2;11;2;11;3
1;2;11;14;7;13;8;13;9;13;10;13;10;12;10;11;10;10;10;9;10;8;10;7;10;6;10;5;10;4;10;3;9;3;9;2;10;2;11;2;11;3;11;4
1;2;11;14;8;13;9;13;10;13;10;12;10;11;10;10;10;9;10;8;10;7;10;6;10;5;10;4;10;3;9;3;9;2;10;2;11;2;11;3;11;4;11;5
1;2;11;14;9;13;10;13;10;12;10;11;10;10;10;9;10;8;10;7;10;6;10;5;10;4;10;3;9;3;9;2;10;2;11;2;11;3;11;4;11;5;11;6
1;2;11;14;10;13;10;12;10;11;10;10;10;9;10;8;10;7;10;6;10;5;10;4;10;3;9;3;9;2;10;2;11;2;11;3;11;4;11;5;11;6;11;7
1;2;11;14;10;12;10;11;10;10;10;9;10;8;10;7;10;6;10;5;10;4;10;3;9;3;9;2;10;2;11;2;11;3;11;4;11;5;11;6;11;7;11;8
1;2;11;14;10;11;10;10;10;9;10;8;10;7;10;6;10;5;10;4;10;3;9;3;9;2;10;2;11;2;11;3;11;4;11;5;11;6;11;7;11;8;11;9
1;2;11;14;10;10;10;9;10;8;10;7;10;6;10;5;10;4;10;3;9;3;9;2;10;2;11;2;11;3;11;4;11;5;11;6;11;7;11;8;11;9;11;10
1;2;11;14;10;9;10;8;10;7;10;6;10;5;10;4;10;3;9;3;9;2;10;2;11;2;11;3;11;4;11;5;11;6;11;7;11;8;11;9;11;10;11;11
1;2;11;14;10;8;10;7;10;6;10;5;10;4;10;3;9;3;9;2;10;2;11;2;11;3;11;4;11;5;11;6;11;7;11;8;11;9;11;10;11;11;11;12
1;2;11;14;10;7;10;6;10;5;10;4;10;3;9;3;9;2;10;2;11;2;11;3;11;4;11;5;11;6;11;7;11;8;11;9;11;10;11;11;11;12;11;13
1;2;7;10;10;6;10;6;10;5;10;4;10;3;9;3;9;2;10;2;11;2;11;3;11;4;11;5;11;6;11;7;11;8;11;9;11;10;11;11;11;12;11;13;11;14
1;3;7;10;10;6;10;5;10;4;10;3;9;3;9;2;10;2;11;2;11;3;11;4;11;5;11;6;11;7;11;8;11;9;11;10;11;11;11;12;11;13;11;14;10;14
1;3;7;10;10;5;10;4;10;3;9;3;9;2;10;2;11;2;11;3;11;4;11;5;11;6;11;7;11;8;11;9;11;10;11;11;11;12;11;13;11;14;10;14;9;14
1;3;7;10;10;4;10;3;9;3;9;2;10;2;11;2;11;3;11;4;11;5;11;6;11;7;11;8;11;9;11;10;11;11;11;12;11;13;11;14;10;14;9;14;8;14
1;3;7;10;10;3;9;3;9;2;10;2;11;2;11;3;11;4;11;5;11;6;11;7;11;8;11;9;11;10;11;11;11;12;11;13;11;14;10;14;9;14;8;14;7;14
1;0;7;10;9;3;9;2;10;2;11;2;11;3;11;4;11;5;11;6;11;7;11;8;11;9;11;10;11;11;11;12;11;13;11;14;10;14;9;14;8;14;7;14;7;13
1;0;7;10;9;2;10;2;11;2;11;3;11;4;11;5;11;6;11;7;11;8;11;9;11;10;11;11;11;12;11;13;11;14;10;14;9;14;8;14;7;14;7;13;7;12
1;0;7;10;10;2;11;2;11;3;11;4;11;5;11;6;11;7;11;8;11;9;11;10;11;11;11;12;11;13;11;14;10;14;9;14;8;14;7;14;7;13;7;12;7;11
1;0;12;4;11;2;11;2;11;3;11;4;11;5;11;6;11;7;11;8;11;9;11;10;11;11;11;12;11;13;11;14;10;14;9;14;8;14;7;14;7;13;7;12;7;11;7;10
1;0;12;4;11;2;11;3;11;4;11;5;11;6;11;7;11;8;11;9;11;10;11;11;11;12;11;13;11;14;10;14;9;14;8;14;7;14;7;13;7;12;7;11;7;10;7;9
1;0;12;4;11;3;11;4;11;5;11;6;11;7;11;8;11;9;11;10;11;11;11;12;11;13;11;14;10;14;9;14;8;14;7;14;7;13;7;12;7;11;7;10;7;9;7;8
1;0;12;4;11;4;11;5;11;6;11;7;11;8;11;9;11;10;11;11;11;12;11;13;11;14;10;14;9;14;8;14;7;14;7;13;7;12;7;11;7;10;7;9;7;8;7;7
1;0;12;4;11;5;11;6;11;7;11;8;11;9;11;10;11;11;11;12;11;13;11;14;10;14;9;14;8;14;7;14;7;13;7;12;7;11;7;10;7;9;7;8;7;7;7;6
1;0;12;4;11;6;11;7;11;8;11;9;11;10;11;11;11;12;11;13;11;14;10;14;9;14;8;14;7;14;7;13;7;12;7;11;7;10;7;9;7;8;7;7;7;6;7;5
1;0;12;4;11;7;11;8;11;9;11;10;11;11;11;12;11;13;11;14;10;14;9;14;8;14;7;14;7;13;7;12;7;11;7;10;7;9;7;8;7;7;7;6;7;5;7;4
1;1;12;4;11;8;11;9;11;10;11;11;11;12;11;13;11;14;10;14;9;14;8;14;7;14;7;13;7;12;7;11;7;10;7;9;7;8;7;7;7;6;7;5;7;4;8;4
1;1;12;4;11;9;11;10;11;11;11;12;11;13;11;14;10;14;9;14;8;14;7;14;7;13;7;12;7;11;7;10;7;9;7;8;7;7;7;6;7;5;7;4;8;4;9;4
1;1;12;4;11;10;11;11;11;12;11;13;11;14;10;14;9;14;8;14;7;14;7;13;7;12;7;11;7;10;7;9;7;8;7;7;7;6;7;5;7;4;8;4;9;4;10;4
1;1;12;4;11;11;11;12;11;13;11;14;10;14;9;14;8;14;7;14;7;13;7;12;7;11;7;10;7;9;7;8;7;7;7;6;7;5;7;4;8;4;9;4;10;4;11;4
1;1;5;10;11;12;11;12;11;13;11;14;10;14;9;14;8;14;7;14;7;13;7;12;7;11;7;10;7;9;7;8;7;7;7;6;7;5;7;4;8;4;9;4;10;4;11;4;12;4
1;2;5;10;11;12;11;13;11;14;10;14;9;14;8;14;7;14;7;13;7;12;7;11;7;10;7;9;7;8;7;7;7;6;7;5;7;4;8;4;9;4;10;4;11;4;12;4;12;5
1;2;5;10;11;13;11;14;10;14;9;14;8;14;7;14;7;13;7;12;7;11;7;10;7;9;7;8;7;7;7;6;7;5;7;4;8;4;9;4;10;4;11;4;12;4;12;5;12;6
1;2;5;10;11;14;10;14;9;14;8;14;7;14;7;13;7;12;7;11;7;10;7;9;7;8;7;7;7;6;7;5;7;4;8;4;9;4;10;4;11;4;12;4;12;5;12;6;12;7
1;2;5;10;10;14;9;14;8;14;7;14;7;13;7;12;7;11;7;10;7;9;7;8;7;7;7;6;7;5;7;4;8;4;9;4;10;4;11;4;12;4;12;5;12;6;12;7;12;8
1;2;5;10;9;14;8;14;7;14;7;13;7;12;7;11;7;10;7;9;7;8;7;7;7;6;7;5;7;4;8;4;9;4;10;4;11;4;12;4;12;5;12;6;12;7;12;8;12;9
1;2;5;10;8;14;7;14;7;13;7;12;7;11;7;10;7;9;7;8;7;7;7;6;7;5;7;4;8;4;9;4;10;4;11;4;12;4;12;5;12;6;12;7;12;8;12;9;12;10
1;3;5;10;7;14;7;13;7;12;7;11;7;10;7;9;7;8;7;7;7;6;7;5;7;4;8;4;9;4;10;4;11;4;12;4;12;5;12;6;12;7;12;8;12;9;12;10;11;10
1;3;5;10;7;13;7;12;7;11;7;10;7;9;7;8;7;7;7;6;7;5;7;4;8;4;9;4;10;4;11;4;12;4;12;5;12;6;12;7;12;8;12;9;12;10;11;10;10;10
1;3;5;10;7;12;7;11;7;10;7;9;7;8;7;7;7;6;7;5;7;4;8;4;9;4;10;4;11;4;12;4;12;5;12;6;12;7;12;8;12;9;12;10;11;10;10;10;9;10
1;3;5;10;7;11;7;10;7;9;7;8;7;7;7;6;7;5;7;4;8;4;9;4;10;4;11;4;12;4;12;5;12;6;12;7;12;8;12;9;12;10;11;10;10;10;9;10;8;10
1;2;5;10;7;10;7;9;7;8;7;7;7;6;7;5;7;4;8;4;9;4;10;4;11;4;12;4;12;5;12;6;12;7;12;8;12;9;12;10;11;10;10;10;9;10;8;10;8;11
1;3;5;10;7;9;7;8;7;7;7;6;7;5;7;4;8;4;9;4;10;4;11;4;12;4;12;5;12;6;12;7;12;8;12;9;12;10;11;10;10;10;9;10;8;10;8;11;7;11
1;0;5;10;7;8;7;7;7;6;7;5;7;4;8;4;9;4;10;4;11;4;12;4;12;5;12;6;12;7;12;8;12;9;12;10;11;10;10;10;9;10;8;10;8;11;7;11;7;10
1;3;5;10;7;7;7;6;7;5;7;4;8;4;9;4;10;4;11;4;12;4;12;5;12;6;12;7;12;8;12;9;12;10;11;10;10;10;9;10;8;10;8;11;7;11;7;10;6;10
1;3;9;12;7;6;7;6;7;5;7;4;8;4;9;4;10;4;11;4;12;4;12;5;12;6;12;7;12;8;12;9;12;10;11;10;10;10;9;10;8;10;8;11;7;11;7;10;6;10;5;10
1;2;9;12;7;6;7;5;7;4;8;4;9;4;10;4;11;4;12;4;12;5;12;6;12;7;12;8;12;9;12;10;11;10;10;10;9;10;8;10;8;11;7;11;7;10;6;10;5;10;5;11
1;2;9;12;7;5;7;4;8;4;9;4;10;4;11;4;12;4;12;5;12;6;12;7;12;8;12;9;12;10;11;10;10;10;9;10;8;10;8;11;7;11;7;10;6;10;5;10;5;11;5;12
1;1;9;12;7;4;8;4;9;4;10;4;11;4;12;4;12;5;12;6;12;7;12;8;12;9;12;10;11;10;10;10;9;10;8;10;8;11;7;11;7;10;6;10;5;10;5;11;5;12;6;12
1;1;9;12;8;4;9;4;10;4;11;4;12;4;12;5;12;6;12;7;12;8;12;9;12;10;11;10;10;10;9;10;8;10;8;11;7;11;7;10;6;10;5;10;5;11;5;12;6;12;7;12
1;1;9;12;9;4;10;4;11;4;12;4;12;5;12;6;12;7;12;8;12;9;12;10;11;10;10;10;9;10;8;10;8;11;7;11;7;10;6;10;5;10;5;11;5;12;6;12;7;12;8;12
1;1;10;7;10;4;10;4;11;4;12;4;12;5;12;6;12;7;12;8;12;9;12;10;11;10;10;10;9;10;8;10;8;11;7;11;7;10;6;10;5;10;5;11;5;12;6;12;7;12;8;12;9;12
1;2;10;7;10;4;11;4;12;4;12;5;12;6;12;7;12;8;12;9;12;10;11;10;10;10;9;10;8;10;8;11;7;11;7;10;6;10;5;10;5;11;5;12;6;12;7;12;8;12;9;12;9;13
1;2;10;7;11;4;12;4;12;5;12;6;12;7;12;8;12;9;12;10;11;10;10;10;9;10;8;10;8;11;7;11;7;10;6;10;5;10;5;11;5;12;6;12;7;12;8;12;9;12;9;13;9;14
1;2;10;7;12;4;12;5;12;6;12;7;12;8;12;9;12;10;11;10;10;10;9;10;8;10;8;11;7;11;7;10;6;10;5;10;5;11;5;12;6;12;7;12;8;12;9;12;9;13;9;14;9;15
1;1;10;7;12;5;12;6;12;7;12;8;12;9;12;10;11;10;10;10;9;10;8;10;8;11;7;11;7;10;6;10;5;10;5;11;5;12;6;12;7;12;8;12;9;12;9;13;9;14;9;15;10;15
1;0;10;7;12;6;12;7;12;8;12;9;12;10;11;10;10;10;9;10;8;10;8;11;7;11;7;10;6;10;5;10;5;11;5;12;6;12;7;12;8;12;9;12;9;13;9;14;9;15;10;15;10;14
1;0;10;7;12;7;12;8;12;9;12;10;11;10;10;10;9;10;8;10;8;11;7;11;7;10;6;10;5;10;5;11;5;12;6;12;7;12;8;12;9;12;9;13;9;14;9;15;10;15;10;14;10;13
1;0;10;7;12;8;12;9;12;10;11;10;10;10;9;10;8;10;8;11;7;11;7;10;6;10;5;10;5;11;5;12;6;12;7;12;8;12;9;12;9;13;9;14;9;15;10;15;10;14;10;13;10;12
1;0;10;7;12;9;12;10;11;10;10;10;9;10;8;10;8;11;7;11;7;10;6;10;5;10;5;11;5;12;6;12;7;12;8;12;9;12;9;13;9;14;9;15;10;15;10;14;10;13;10;12;10;11
1;1;10;7;12;10;11;10;10;10;9;10;8;10;8;11;7;11;7;10;6;10;5;10;5;11;5;12;6;12;7;12;8;12;9;12;9;13;9;14;9;15;10;15;10;14;10;13;10;12;10;11;11;11
1;1;10;7;11;10;10;10;9;10;8;10;8;11;7;11;7;10;6;10;5;10;5;11;5;12;6;12;7;12;8;12;9;12;9;13;9;14;9;15;10;15;10;14;10;13;10;12;10;11;11;11;12;11
1;0;10;7;10;10;9;10;8;10;8;11;7;11;7;10;6;10;5;10;5;11;5;12;6;12;7;12;8;12;9;12;9;13;9;14;9;15;10;15;10;14;10;13;10;12;10;11;11;11;12;11;12;10
1;3;10;7;9;10;8;10;8;11;7;11;7;10;6;10;5;10;5;11;5;12;6;12;7;12;8;12;9;12;9;13;9;14;9;15;10;15;10;14;10;13;10;12;10;11;11;11;12;11;12;10;11;10
1;3;10;7;8;10;8;11;7;11;7;10;6;10;5;10;5;11;5;12;6;12;7;12;8;12;9;12;9;13;9;14;9;15;10;15;10;14;10;13;10;12;10;11;11;11;12;11;12;10;11;10;10;10
1;0;10;7;8;11;7;11;7;10;6;10;5;10;5;11;5;12;6;12;7;12;8;12;9;12;9;13;9;14;9;15;10;15;10;14;10;13;10;12;10;11;11;11;12;11;12;10;11;10;10;10;10;9
1;0;10;7;7;11;7;10;6;10;5;10;5;11;5;12;6;12;7;12;8;12;9;12;9;13;9;14;9;15;10;15;10;14;10;13;10;12;10;11;11;11;12;11;12;10;11;10;10;10;10;9;10;8
1;0;0;19;7;10;7;10;6;10;5;10;5;11;5;12;6;12;7;12;8;12;9;12;9;13;9;14;9;15;10;15;10;14;10;13;10;12;10;11;11;11;12;11;12;10;11;10;10;10;10;9;10;8;10;7
1;3;0;19;7;10;6;10;5;10;5;11;5;12;6;12;7;12;8;12;9;12;9;13;9;14;9;15;10;15;10;14;10;13;10;12;10;11;11;11;12;11;12;10;11;10;10;10;10;9;10;8;10;7;9;7
1;3;0;19;6;10;5;10;5;11;5;12;6;12;7;12;8;12;9;12;9;13;9;14;9;15;10;15;10;14;10;13;10;12;10;11;11;11;12;11;12;10;11;10;10;10;10;9;10;8;10;7;9;7;8;7
1;2;0;19;5;10;5;11;5;12;6;12;7;12;8;12;9;12;9;13;9;14;9;15;10;15;10;14;10;13;10;12;10;11;11;11;12;11;12;10;11;10;10;10;10;9;10;8;10;7;9;7;8;7;8;8
1;2;0;19;5;11;5;12;6;12;7;12;8;12;9;12;9;13;9;14;9;15;10;15;10;14;10;13;10;12;10;11;11;11;12;11;12;10;11;10;10;10;10;9;10;8;10;7;9;7;8;7;8;8;8;9
1;2;0;19;5;12;6;12;7;12;8;12;9;12;9;13;9;14;9;15;10;15;10;14;10;13;10;12;10;11;11;11;12;11;12;10;11;10;10;10;10;9;10;8;10;7;9;7;8;7;8;8;8;9;8;10
1;2;0;19;6;12;7;12;8;12;9;12;9;13;9;14;9;15;10;15;10;14;10;13;10;12;10;11;11;11;12;11;12;10;11;10;10;10;10;9;10;8;10;7;9;7;8;7;8;8;8;9;8;10;8;11
1;3;0;19;7;12;8;12;9;12;9;13;9;14;9;15;10;15;10;14;10;13;10;12;10;11;11;11;12;11;12;10;11;10;10;10;10;9;10;8;10;7;9;7;8;7;8;8;8;9;8;10;8;11;7;11
1;3;0;19;8;12;9;12;9;13;9;14;9;15;10;15;10;14;10;13;10;12;10;11;11;11;12;11;12;10;11;10;10;10;10;9;10;8;10;7;9;7;8;7;8;8;8;9;8;10;8;11;7;11;6;11
1;3;0;19;9;12;9;13;9;14;9;15;10;15;10;14;10;13;10;12;10;11;11;11;12;11;12;10;11;10;10;10;10;9;10;8;10;7;9;7;8;7;8;8;8;9;8;10;8;11;7;11;6;11;5;11
1;3;0;19;9;13;9;14;9;15;10;15;10;14;10;13;10;12;10;11;11;11;12;11;12;10;11;10;10;10;10;9;10;8;10;7;9;7;8;7;8;8;8;9;8;10;8;11;7;11;6;11;5;11;4;11
1;3;0;19;9;14;9;15;10;15;10;14;10;13;10;12;10;11;11;11;12;11;12;10;11;10;10;10;10;9;10;8;10;7;9;7;8;7;8;8;8;9;8;10;8;11;7;11;6;11;5;11;4;11;3;11
1;3;0;19;9;15;10;15;10;14;10;13;10;12;10;11;11;11;12;11;12;10;11;10;10;10;10;9;10;8;10;7;9;7;8;7;8;8;8;9;8;10;8;11;7;11;6;11;5;11;4;11;3;11;2;11
1;3;0;19;10;15;10;14;10;13;10;12;10;11;11;11;12;11;12;10;11;10;10;10;10;9;10;8;10;7;9;7;8;7;8;8;8;9;8;10;8;11;7;11;6;11;5;11;4;11;3;11;2;11;1;11
1;3;0;19;10;14;10;13;10;12;10;11;11;11;12;11;12;10;11;10;10;10;10;9;10;8;10;7;9;7;8;7;8;8;8;9;8;10;8;11;7;11;6;11;5;11;4;11;3;11;2;11;1;11;0;11
1;2;0;19;10;13;10;12;10;11;11;11;12;11;12;10;11;10;10;10;10;9;10;8;10;7;9;7;8;7;8;8;8;9;8;10;8;11;7;11;6;11;5;11;4;11;3;11;2;11;1;11;0;11;0;12
1;2;0;19;10;12;10;11;11;11;12;11;12;10;11;10;10;10;10;9;10;8;10;7;9;7;8;7;8;8;8;9;8;10;8;11;7;11;6;11;5;11;4;11;3;11;2;11;1;11;0;11;0;12;0;13
1;2;0;19;10;11;11;11;12;11;12;10;11;10;10;10;10;9;10;8;10;7;9;7;8;7;8;8;8;9;8;10;8;11;7;11;6;11;5;11;4;11;3;11;2;11;1;11;0;11;0;12;0;13;0;14
1;2;0;19;11;11;12;11;12;10;11;10;10;10;10;9;10;8;10;7;9;7;8;7;8;8;8;9;8;10;8;11;7;11;6;11;5;11;4;11;3;11;2;11;1;11;0;11;0;12;0;13;0;14;0;15
1;2;0;19;12;11;12;10;11;10;10;10;10;9;10;8;10;7;9;7;8;7;8;8;8;9;8;10;8;11;7;11;6;11;5;11;4;11;3;11;2;11;1;11;0;11;0;12;0;13;0;14;0;15;0;16
1;2;0;19;12;10;11;10;10;10;10;9;10;8;10;7;9;7;8;7;8;8;8;9;8;10;8;11;7;11;6;11;5;11;4;11;3;11;2;11;1;11;0;11;0;12;0;13;0;14;0;15;0;16;0;17
1;2;0;19;11;10;10;10;10;9;10;8;10;7;9;7;8;7;8;8;8;9;8;10;8;11;7;11;6;11;5;11;4;11;3;11;2;11;1;11;0;11;0;12;0;13;0;14;0;15;0;16;0;17;0;18
1;2;14;5;10;10;10;10;10;9;10;8;10;7;9;7;8;7;8;8;8;9;8;10;8;11;7;11;6;11;5;11;4;11;3;11;2;11;1;11;0;11;0;12;0;13;0;14;0;15;0;16;0;17;0;18;0;19
1;1;14;5;10;10;10;9;10;8;10;7;9;7;8;7;8;8;8;9;8;10;8;11;7;11;6;11;5;11;4;11;3;11;2;11;1;11;0;11;0;12;0;13;0;14;0;15;0;16;0;17;0;18;0;19;1;19
1;1;14;5;10;9;10;8;10;7;9;7;8;7;8;8;8;9;8;10;8;11;7;11;6;11;5;11;4;11;3;11;2;11;1;11;0;11;0;12;0;13;0;14;0;15;0;16;0;17;0;18;0;19;1;19;2;19
1;1;14;5;10;8;10;7;9;7;8;7;8;8;8;9;8;10;8;11;7;11;6;11;5;11;4;11;3;11;2;11;1;11;0;11;0;12;0;13;0;14;0;15;0;16;0;17;0;18;0;19;1;19;2;19;3;19
1;1;14;5;10;7;9;7;8;7;8;8;8;9;8;10;8;11;7;11;6;11;5;11;4;11;3;11;2;11;1;11;0;11;0;12;0;13;0;14;0;15;0;16;0;17;0;18;0;19;1;19;2;19;3;19;4;19
1;1;14;5;9;7;8;7;8;8;8;9;8;10;8;11;7;11;6;11;5;11;4;11;3;11;2;11;1;11;0;11;0;12;0;13;0;14;0;15;0;16;0;17;0;18;0;19;1;19;2;19;3;19;4;19;5;19
1;1;14;5;8;7;8;8;8;9;8;10;8;11;7;11;6;11;5;11;4;11;3;11;2;11;1;11;0;11;0;12;0;13;0;14;0;15;0;16;0;17;0;18;0;19;1;19;2;19;3;19;4;19;5;19;6;19
1;1;14;5;8;8;8;9;8;10;8;11;7;11;6;11;5;11;4;11;3;11;2;11;1;11;0;11;0;12;0;13;0;14;0;15;0;16;0;17;0;18;0;19;1;19;2;19;3;19;4;19;5;19;6;19;7;19
1;1;14;5;8;9;8;10;8;11;7;11;6;11;5;11;4;11;3;11;2;11;1;11;0;11;0;12;0;13;0;14;0;15;0;16;0;17;0;18;0;19;1;19;2;19;3;19;4;19;5;19;6;19;7;19;8;19
1;1;14;5;8;10;8;11;7;11;6;11;5;11;4;11;3;11;2;11;1;11;0;11;0;12;0;13;0;14;0;15;0;16;0;17;0;18;0;19;1;19;2;19;3;19;4;19;5;19;6;19;7;19;8;19;9;19
1;1;14;5;8;11;7;11;6;11;5;11;4;11;3;11;2;11;1;11;0;11;0;12;0;13;0;14;0;15;0;16;0;17;0;18;0;19;1;19;2;19;3;19;4;19;5;19;6;19;7;19;8;19;9;19;10;19
1;1;14;5;7;11;6;11;5;11;4;11;3;11;2;11;1;11;0;11;0;12;0;13;0;14;0;15;0;16;0;17;0;18;0;19;1;19;2;19;3;19;4;19;5;19;6;19;7;19;8;19;9;19;10;19;11;19
1;1;14;5;6;11;5;11;4;11;3;11;2;11;1;11;0;11;0;12;0;13;0;14;0;15;0;16;0;17;0;18;0;19;1;19;2;19;3;19;4;19;5;19;6;19;7;19;8;19;9;19;10;19;11;19;12;19
1;1;14;5;5;11;4;11;3;11;2;11;1;11;0;11;0;12;0;13;0;14;0;15;0;16;0;17;0;18;0;19;1;19;2;19;3;19;4;19;5;19;6;19;7;19;8;19;9;19;10;19;11;19;12;19;13;19
1;1;14;5;4;11;3;11;2;11;1;11;0;11;0;12;0;13;0;14;0;15;0;16;0;17;0;18;0;19;1;19;2;19;3;19;4;19;5;19;6;19;7;19;8;19;9;19;10;19;11;19;12;19;13;19;14;19
1;0;14;5;3;11;2;11;1;11;0;11;0;12;0;13;0;14;0;15;0;16;0;17;0;18;0;19;1;19;2;19;3;19;4;19;5;19;6;19;7;19;8;19;9;19;10;19;11;19;12;19;13;19;14;19;14;18
1;0;14;5;2;11;1;11;0;11;0;12;0;13;0;14;0;15;0;16;0;17;0;18;0;19;1;19;2;19;3;19;4;19;5;19;6;19;7;19;8;19;9;19;10;19;11;19;12;19;13;19;14;19;14;18;14;17
1;0;14;5;1;11;0;11;0;12;0;13;0;14;0;15;0;16;0;17;0;18;0;19;1;19;2;19;3;19;4;19;5;19;6;19;7;19;8;19;9;19;10;19;11;19;12;19;13;19;14;19;14;18;14;17;14;16
1;0;14;5;0;11;0;12;0;13;0;14;0;15;0;16;0;17;0;18;0;19;1;19;2;19;3;19;4;19;5;19;6;19;7;19;8;19;9;19;10;19;11;19;12;19;13;19;14;19;14;18;14;17;14;16;14;15
1;0;14;5;0;12;0;13;0;14;0;15;0;16;0;17;0;18;0;19;1;19;2;19;3;19;4;19;5;19;6;19;7;19;8;19;9;19;10;19;11;19;12;19;13;19;14;19;14;18;14;17;14;16;14;15;14;14
1;0;14;5;0;13;0;14;0;15;0;16;0;17;0;18;0;19;1;19;2;19;3;19;4;19;5;19;6;19;7;19;8;19;9;19;10;19;11;19;12;19;13;19;14;19;14;18;14;17;14;16;14;15;14;14;14;13
1;0;14;5;0;14;0;15;0;16;0;17;0;18;0;19;1;19;2;19;3;19;4;19;5;19;6;19;7;19;8;19;9;19;10;19;11;19;12;19;13;19;14;19;14;18;14;17;14;16;14;15;14;14;14;13;14;12
1;0;14;5;0;15;0;16;0;17;0;18;0;19;1;19;2;19;3;19;4;19;5;19;6;19;7;19;8;19;9;19;10;19;11;19;12;19;13;19;14;19;14;18;14;17;14;16;14;15;14;14;14;13;14;12;14;11
1;0;14;5;0;16;0;17;0;18;0;19;1;19;2;19;3;19;4;19;5;19;6;19;7;19;8;19;9;19;10;19;11;19;12;19;13;19;14;19;14;18;14;17;14;16;14;15;14;14;14;13;14;12;14;11;14;10
1;0;14;5;0;17;0;18;0;19;1;19;2;19;3;19;4;19;5;19;6;19;7;19;8;19;9;19;10;19;11;19;12;19;13;19;14;19;14;18;14;17;14;16;14;15;14;14;14;13;14;12;14;11;14;10;14;9
1;0;14;5;0;18;0;19;1;19;2;19;3;19;4;19;5;19;6;19;7;19;8;19;9;19;10;19;11;19;12;19;13;19;14;19;14;18;14;17;14;16;14;15;14;14;14;13;14;12;14;11;14;10;14;9;14;8
1;0;14;5;0;19;1;19;2;19;3;19;4;19;5;19;6;19;7;19;8;19;9;19;10;19;11;19;12;19;13;19;14;19;14;18;14;17;14;16;14;15;14;14;14;13;14;12;14;11;14;10;14;9;14;8;14;7
1;0;14;5;1;19;2;19;3;19;4;19;5;19;6;19;7;19;8;19;9;19;10;19;11;19;12;19;13;19;14;19;14;18;14;17;14;16;14;15;14;14;14;13;14;12;14;11;14;10;14;9;14;8;14;7;14;6
1;0;10;1;2;19;2;19;3;19;4;19;5;19;6;19;7;19;8;19;9;19;10;19;11;19;12;19;13;19;14;19;14;18;14;17;14;16;14;15;14;14;14;13;14;12;14;11;14;10;14;9;14;8;14;7;14;6;14;5
1;0;10;1;2;19;3;19;4;19;5;19;6;19;7;19;8;19;9;19;10;19;11;19;12;19;13;19;14;19;14;18;14;17;14;16;14;15;14;14;14;13;14;12;14;11;14;10;14;9;14;8;14;7;14;6;14;5;14;4
1;0;10;1;3;19;4;19;5;19;6;19;7;19;8;19;9;19;10;19;11;19;12;19;13;19;14;19;14;18;14;17;14;16;14;15;14;14;14;13;14;12;14;11;14;10;14;9;14;8;14;7;14;6;14;5;14;4;14;3
1;0;10;1;4;19;5;19;6;19;7;19;8;19;9;19;10;19;11;19;12;19;13;19;14;19;14;18;14;17;14;16;14;15;14;14;14;13;14;12;14;11;14;10;14;9;14;8;14;7;14;6;14;5;14;4;14;3;14;2
1;0;10;1;5;19;6;19;7;19;8;19;9;19;10;19;11;19;12;19;13;19;14;19;14;18;14;17;14;16;14;15;14;14;14;13;14;12;14;11;14;10;14;9;14;8;14;7;14;6;14;5;14;4;14;3;14;2;14;1
1;3;10;1;6;19;7;19;8;19;9;19;10;19;11;19;12;19;13;19;14;19;14;18;14;17;14;16;14;15;14;14;14;13;14;12;14;11;14;10;14;9;14;8;14;7;14;6;14;5;14;4;14;3;14;2;14;1;13;1
1;3;10;1;7;19;8;19;9;19;10;19;11;19;12;19;13;19;14;19;14;18;14;17;14;16;14;15;14;14;14;13;14;12;14;11;14;10;14;9;14;8;14;7;14;6;14;5;14;4;14;3;14;2;14;1;13;1;12;1
1;3;10;1;8;19;9;19;10;19;11;19;12;19;13;19;14;19;14;18;14;17;14;16;14;15;14;14;14;13;14;12;14;11;14;10;14;9;14;8;14;7;14;6;14;5;14;4;14;3;14;2;14;1;13;1;12;1;11;1
1;3;2;10;9;19;9;19;10;19;11;19;12;19;13;19;14;19;14;18;14;17;14;16;14;15;14;14;14;13;14;12;14;11;14;10;14;9;14;8;14;7;14;6;14;5;14;4;14;3;14;2;14;1;13;1;12;1;11;1;10;1
1;3;2;10;9;19;10;19;11;19;12;19;13;19;14;19;14;18;14;17;14;16;14;15;14;14;14;13;14;12;14;11;14;10;14;9;14;8;14;7;14;6;14;5;14;4;14;3;14;2;14;1;13;1;12;1;11;1;10;1;9;1
1;3;2;10;10;19;11;19;12;19;13;19;14;19;14;18;14;17;14;16;14;15;14;14;14;13;14;12;14;11;14;10;14;9;14;8;14;7;14;6;14;5;14;4;14;3;14;2;14;1;13;1;12;1;11;1;10;1;9;1;8;1
1;3;2;10;11;19;12;19;13;19;14;19;14;18;14;17;14;16;14;15;14;14;14;13;14;12;14;11;14;10;14;9;14;8;14;7;14;6;14;5;14;4;14;3;14;2;14;1;13;1;12;1;11;1;10;1;9;1;8;1;7;1
1;3;2;10;12;19;13;19;14;19;14;18;14;17;14;16;14;15;14;14;14;13;14;12;14;11;14;10;14;9;14;8;14;7;14;6;14;5;14;4;14;3;14;2;14;1;13;1;12;1;11;1;10;1;9;1;8;1;7;1;6;1
1;3;2;10;13;19;14;19;14;18;14;17;14;16;14;15;14;14;14;13;14;12;14;11;14;10;14;9;14;8;14;7;14;6;14;5;14;4;14;3;14;2;14;1;13;1;12;1;11;1;10;1;9;1;8;1;7;1;6;1;5;1
1;3;2;10;14;19;14;18;14;17;14;16;14;15;14;14;14;13;14;12;14;11;14;10;14;9;14;8;14;7;14;6;14;5;14;4;14;3;14;2;14;1;13;1;12;1;11;1;10;1;9;1;8;1;7;1;6;1;5;1;4;1
1;3;2;10;14;18;14;17;14;16;14;15;14;14;14;13;14;12;14;11;14;10;14;9;14;8;14;7;14;6;14;5;14;4;14;3;14;2;14;1;13;1;12;1;11;1;10;1;9;1;8;1;7;1;6;1;5;1;4;1;3;1
1;3;2;10;14;17;14;16;14;15;14;14;14;13;14;12;14;11;14;10;14;9;14;8;14;7;14;6;14;5;14;4;14;3;14;2;14;1;13;1;12;1;11;1;10;1;9;1;8;1;7;1;6;1;5;1;4;1;3;1;2;1
1;2;2;10;14;16;14;15;14;14;14;13;14;12;14;11;14;10;14;9;14;8;14;7;14;6;14;5;14;4;14;3;14;2;14;1;13;1;12;1;11;1;10;1;9;1;8;1;7;1;6;1;5;1;4;1;3;1;2;1;2;2
1;2;2;10;14;15;14;14;14;13;14;12;14;11;14;10;14;9;14;8;14;7;14;6;14;5;14;4;14;3;14;2;14;1;13;1;12;1;11;1;10;1;9;1;8;1;7;1;6;1;5;1;4;1;3;1;2;1;2;2;2;3
1;2;2;10;14;14;14;13;14;12;14;11;14;10;14;9;14;8;14;7;14;6;14;5;14;4;14;3;14;2;14;1;13;1;12;1;11;1;10;1;9;1;8;1;7;1;6;1;5;1;4;1;3;1;2;1;2;2;2;3;2;4
1;2;2;10;14;13;14;12;14;11;14;10;14;9;14;8;14;7;14;6;14;5;14;4;14;3;14;2;14;1;13;1;12;1;11;1;10;1;9;1;8;1;7;1;6;1;5;1;4;1;3;1;2;1;2;2;2;3;2;4;2;5
1;2;2;10;14;12;14;11;14;10;14;9;14;8;14;7;14;6;14;5;14;4;14;3;14;2;14;1;13;1;12;1;11;1;10;1;9;1;8;1;7;1;6;1;5;1;4;1;3;1;2;1;2;2;2;3;2;4;2;5;2;6
1;2;2;10;14;11;14;10;14;9;14;8;14;7;14;6;14;5;14;4;14;3;14;2;14;1;13;1;12;1;11;1;10;1;9;1;8;1;7;1;6;1;5;1;4;1;3;1;2;1;2;2;2;3;2;4;2;5;2;6;2;7
1;2;2;10;14;10;14;9;14;8;14;7;14;6;14;5;14;4;14;3;14;2;14;1;13;1;12;1;11;1;10;1;9;1;8;1;7;1;6;1;5;1;4;1;3;1;2;1;2;2;2;3;2;4;2;5;2;6;2;7;2;8
1;2;2;10;14;9;14;8;14;7;14;6;14;5;14;4;14;3;14;2;14;1;13;1;12;1;11;1;10;1;9;1;8;1;7;1;6;1;5;1;4;1;3;1;2;1;2;2;2;3;2;4;2;5;2;6;2;7;2;8;2;9
1;2;16;4;14;8;14;8;14;7;14;6;14;5;14;4;14;3;14;2;14;1;13;1;12;1;11;1;10;1;9;1;8;1;7;1;6;1;5;1;4;1;3;1;2;1;2;2;2;3;2;4;2;5;2;6;2;7;2;8;2;9;2;10
1;1;16;4;14;8;14;7;14;6;14;5;14;4;14;3;14;2;14;1;13;1;12;1;11;1;10;1;9;1;8;1;7;1;6;1;5;1;4;1;3;1;2;1;2;2;2;3;2;4;2;5;2;6;2;7;2;8;2;9;2;10;3;10
1;1;16;4;14;7;14;6;14;5;14;4;14;3;14;2;14;1;13;1;12;1;11;1;10;1;9;1;8;1;7;1;6;1;5;1;4;1;3;1;2;1;2;2;2;3;2;4;2;5;2;6;2;7;2;8;2;9;2;10;3;10;4;10
1;1;16;4;14;6;14;5;14;4;14;3;14;2;14;1;13;1;12;1;11;1;10;1;9;1;8;1;7;1;6;1;5;1;4;1;3;1;2;1;2;2;2;3;2;4;2;5;2;6;2;7;2;8;2;9;2;10;3;10;4;10;5;10
1;1;16;4;14;5;14;4;14;3;14;2;14;1;13;1;12;1;11;1;10;1;9;1;8;1;7;1;6;1;5;1;4;1;3;1;2;1;2;2;2;3;2;4;2;5;2;6;2;7;2;8;2;9;2;10;3;10;4;10;5;10;6;10
1;1;16;4;14;4;14;3;14;2;14;1;13;1;12;1;11;1;10;1;9;1;8;1;7;1;6;1;5;1;4;1;3;1;2;1;2;2;2;3;2;4;2;5;2;6;2;7;2;8;2;9;2;10;3;10;4;10;5;10;6;10;7;10
1;1;16;4;14;3;14;2;14;1;13;1;12;1;11;1;10;1;9;1;8;1;7;1;6;1;5;1;4;1;3;1;2;1;2;2;2;3;2;4;2;5;2;6;2;7;2;8;2;9;2;10;3;10;4;10;5;10;6;10;7;10;8;10
1;0;16;4;14;2;14;1;13;1;12;1;11;1;10;1;9;1;8;1;7;1;6;1;5;1;4;1;3;1;2;1;2;2;2;3;2;4;2;5;2;6;2;7;2;8;2;9;2;10;3;10;4;10;5;10;6;10;7;10;8;10;8;9
1;0;16;4;14;1;13;1;12;1;11;1;10;1;9;1;8;1;7;1;6;1;5;1;4;1;3;1;2;1;2;2;2;3;2;4;2;5;2;6;2;7;2;8;2;9;2;10;3;10;4;10;5;10;6;10;7;10;8;10;8;9;8;8
1;0;16;4;13;1;12;1;11;1;10;1;9;1;8;1;7;1;6;1;5;1;4;1;3;1;2;1;2;2;2;3;2;4;2;5;2;6;2;7;2;8;2;9;2;10;3;10;4;10;5;10;6;10;7;10;8;10;8;9;8;8;8;7
1;0;16;4;12;1;11;1;10;1;9;1;8;1;7;1;6;1;5;1;4;1;3;1;2;1;2;2;2;3;2;4;2;5;2;6;2;7;2;8;2;9;2;10;3;10;4;10;5;10;6;10;7;10;8;10;8;9;8;8;8;7;8;6
1;0;16;4;11;1;10;1;9;1;8;1;7;1;6;1;5;1;4;1;3;1;2;1;2;2;2;3;2;4;2;5;2;6;2;7;2;8;2;9;2;10;3;10;4;10;5;10;6;10;7;10;8;10;8;9;8;8;8;7;8;6;8;5
1;0;16;4;10;1;9;1;8;1;7;1;6;1;5;1;4;1;3;1;2;1;2;2;2;3;2;4;2;5;2;6;2;7;2;8;2;9;2;10;3;10;4;10;5;10;6;10;7;10;8;10;8;9;8;8;8;7;8;6;8;5;8;4
1;1;16;4;9;1;8;1;7;1;6;1;5;1;4;1;3;1;2;1;2;2;2;3;2;4;2;5;2;6;2;7;2;8;2;9;2;10;3;10;4;10;5;10;6;10;7;10;8;10;8;9;8;8;8;7;8;6;8;5;8;4;9;4
1;1;16;4;8;1;7;1;6;1;5;1;4;1;3;1;2;1;2;2;2;3;2;4;2;5;2;6;2;7;2;8;2;9;2;10;3;10;4;10;5;10;6;10;7;10;8;10;8;9;8;8;8;7;8;6;8;5;8;4;9;4;10;4
1;1;16;4;7;1;6;1;5;1;4;1;3;1;2;1;2;2;2;3;2;4;2;5;2;6;2;7;2;8;2;9;2;10;3;10;4;10;5;10;6;10;7;10;8;10;8;9;8;8;8;7;8;6;8;5;8;4;9;4;10;4;11;4
1;1;16;4;6;1;5;1;4;1;3;1;2;1;2;2;2;3;2;4;2;5;2;6;2;7;2;8;2;9;2;10;3;10;4;10;5;10;6;10;7;10;8;10;8;9;8;8;8;7;8;6;8;5;8;4;9;4;10;4;11;4;12;4
1;1;16;4;5;1;4;1;3;1;2;1;2;2;2;3;2;4;2;5;2;6;2;7;2;8;2;9;2;10;3;10;4;10;5;10;6;10;7;10;8;10;8;9;8;8;8;7;8;6;8;5;8;4;9;4;10;4;11;4;12;4;13;4
1;1;16;4;4;1;3;1;2;1;2;2;2;3;2;4;2;5;2;6;2;7;2;8;2;9;2;10;3;10;4;10;5;10;6;10;7;10;8;10;8;9;8;8;8;7;8;6;8;5;8;4;9;4;10;4;11;4;12;4;13;4;14;4
1;1;16;4;3;1;2;1;2;2;2;3;2;4;2;5;2;6;2;7;2;8;2;9;2;10;3;10;4;10;5;10;6;10;7;10;8;10;8;9;8;8;8;7;8;6;8;5;8;4;9;4;10;4;11;4;12;4;13;4;14;4;15;4
1;1;7;0;2;1;2;1;2;2;2;3;2;4;2;5;2;6;2;7;2;8;2;9;2;10;3;10;4;10;5;10;6;10;7;10;8;10;8;9;8;8;8;7;8;6;8;5;8;4;9;4;10;4;11;4;12;4;13;4;14;4;15;4;16;4
1;0;7;0;2;1;2;2;2;3;2;4;2;5;2;6;2;7;2;8;2;9;2;10;3;10;4;10;5;10;6;10;7;10;8;10;8;9;8;8;8;7;8;6;8;5;8;4;9;4;10;4;11;4;12;4;13;4;14;4;15;4;16;4;16;3
1;0;7;0;2;2;2;3;2;4;2;5;2;6;2;7;2;8;2;9;2;10;3;10;4;10;5;10;6;10;7;10;8;10;8;9;8;8;8;7;8;6;8;5;8;4;9;4;10;4;11;4;12;4;13;4;14;4;15;4;16;4;16;3;16;2
1;0;7;0;2;3;2;4;2;5;2;6;2;7;2;8;2;9;2;10;3;10;4;10;5;10;6;10;7;10;8;10;8;9;8;8;8;7;8;6;8;5;8;4;9;4;10;4;11;4;12;4;13;4;14;4;15;4;16;4;16;3;16;2;16;1
1;0;7;0;2;4;2;5;2;6;2;7;2;8;2;9;2;10;3;10;4;10;5;10;6;10;7;10;8;10;8;9;8;8;8;7;8;6;8;5;8;4;9;4;10;4;11;4;12;4;13;4;14;4;15;4;16;4;16;3;16;2;16;1;16;0
1;3;7;0;2;5;2;6;2;7;2;8;2;9;2;10;3;10;4;10;5;10;6;10;7;10;8;10;8;9;8;8;8;7;8;6;8;5;8;4;9;4;10;4;11;4;12;4;13;4;14;4;15;4;16;4;16;3;16;2;16;1;16;0;15;0
1;3;7;0;2;6;2;7;2;8;2;9;2;10;3;10;4;10;5;10;6;10;7;10;8;10;8;9;8;8;8;7;8;6;8;5;8;4;9;4;10;4;11;4;12;4;13;4;14;4;15;4;16;4;16;3;16;2;16;1;16;0;15;0;14;0
1;3;7;0;2;7;2;8;2;9;2;10;3;10;4;10;5;10;6;10;7;10;8;10;8;9;8;8;8;7;8;6;8;5;8;4;9;4;10;4;11;4;12;4;13;4;14;4;15;4;16;4;16;3;16;2;16;1;16;0;15;0;14;0;13;0
1;3;7;0;2;8;2;9;2;10;3;10;4;10;5;10;6;10;7;10;8;10;8;9;8;8;8;7;8;6;8;5;8;4;9;4;10;4;11;4;12;4;13;4;14;4;15;4;16;4;16;3;16;2;16;1;16;0;15;0;14;0;13;0;12;0
1;3;7;0;2;9;2;10;3;10;4;10;5;10;6;10;7;10;8;10;8;9;8;8;8;7;8;6;8;5;8;4;9;4;10;4;11;4;12;4;13;4;14;4;15;4;16;4;16;3;16;2;16;1;16;0;15;0;14;0;13;0;12;0;11;0
1;3;7;0;2;10;3;10;4;10;5;10;6;10;7;10;8;10;8;9;8;8;8;7;8;6;8;5;8;4;9;4;10;4;11;4;12;4;13;4;14;4;15;4;16;4;16;3;16;2;16;1;16;0;15;0;14;0;13;0;12;0;11;0;10;0
1;3;7;0;3;10;4;10;5;10;6;10;7;10;8;10;8;9;8;8;8;7;8;6;8;5;8;4;9;4;10;4;11;4;12;4;13;4;14;4;15;4;16;4;16;3;16;2;16;1;16;0;15;0;14;0;13;0;12;0;11;0;10;0;9;0
1;3;7;0;4;10;5;10;6;10;7;10;8;10;8;9;8;8;8;7;8;6;8;5;8;4;9;4;10;4;11;4;12;4;13;4;14;4;15;4;16;4;16;3;16;2;16;1;16;0;15;0;14;0;13;0;12;0;11;0;10;0;9;0;8;0
1;3;8;15;5;10;5;10;6;10;7;10;8;10;8;9;8;8;8;7;8;6;8;5;8;4;9;4;10;4;11;4;12;4;13;4;14;4;15;4;16;4;16;3;16;2;16;1;16;0;15;0;14;0;13;0;12;0;11;0;10;0;9;0;8;0;7;0
1;2;8;15;5;10;6;10;7;10;8;10;8;9;8;8;8;7;8;6;8;5;8;4;9;4;10;4;11;4;12;4;13;4;14;4;15;4;16;4;16;3;16;2;16;1;16;0;15;0;14;0;13;0;12;0;11;0;10;0;9;0;8;0;7;0;7;1
1;2;8;15;6;10;7;10;8;10;8;9;8;8;8;7;8;6;8;5;8;4;9;4;10;4;11;4;12;4;13;4;14;4;15;4;16;4;16;3;16;2;16;1;16;0;15;0;14;0;13;0;12;0;11;0;10;0;9;0;8;0;7;0;7;1;7;2
1;2;8;15;7;10;8;10;8;9;8;8;8;7;8;6;8;5;8;4;9;4;10;4;11;4;12;4;13;4;14;4;15;4;16;4;16;3;16;2;16;1;16;0;15;0;14;0;13;0;12;0;11;0;10;0;9;0;8;0;7;0;7;1;7;2;7;3
1;2;8;15;8;10;8;9;8;8;8;7;8;6;8;5;8;4;9;4;10;4;11;4;12;4;13;4;14;4;15;4;16;4;16;3;16;2;16;1;16;0;15;0;14;0;13;0;12;0;11;0;10;0;9;0;8;0;7;0;7;1;7;2;7;3;7;4
1;2;8;15;8;9;8;8;8;7;8;6;8;5;8;4;9;4;10;4;11;4;12;4;13;4;14;4;15;4;16;4;16;3;16;2;16;1;16;0;15;0;14;0;13;0;12;0;11;0;10;0;9;0;8;0;7;0;7;1;7;2;7;3;7;4;7;5
1;2;8;15;8;8;8;7;8;6;8;5;8;4;9;4;10;4;11;4;12;4;13;4;14;4;15;4;16;4;16;3;16;2;16;1;16;0;15;0;14;0;13;0;12;0;11;0;10;0;9;0;8;0;7;0;7;1;7;2;7;3;7;4;7;5;7;6
1;2;8;15;8;7;8;6;8;5;8;4;9;4;10;4;11;4;12;4;13;4;14;4;15;4;16;4;16;3;16;2;16;1;16;0;15;0;14;0;13;0;12;0;11;0;10;0;9;0;8;0;7;0;7;1;7;2;7;3;7;4;7;5;7;6;7;7
1;1;8;15;8;6;8;5;8;4;9;4;10;4;11;4;12;4;13;4;14;4;15;4;16;4;16;3;16;2;16;1;16;0;15;0;14;0;13;0;12;0;11;0;10;0;9;0;8;0;7;0;7;1;7;2;7;3;7;4;7;5;7;6;7;7;8;7
1;2;8;15;8;5;8;4;9;4;10;4;11;4;12;4;13;4;14;4;15;4;16;4;16;3;16;2;16;1;16;0;15;0;14;0;13;0;12;0;11;0;10;0;9;0;8;0;7;0;7;1;7;2;7;3;7;4;7;5;7;6;7;7;8;7;8;8
1;2;8;15;8;4;9;4;10;4;11;4;12;4;13;4;14;4;15;4;16;4;16;3;16;2;16;1;16;0;15;0;14;0;13;0;12;0;11;0;10;0;9;0;8;0;7;0;7;1;7;2;7;3;7;4;7;5;7;6;7;7;8;7;8;8;8;9
1;2;8;15;9;4;10;4;11;4;12;4;13;4;14;4;15;4;16;4;16;3;16;2;16;1;16;0;15;0;14;0;13;0;12;0;11;0;10;0;9;0;8;0;7;0;7;1;7;2;7;3;7;4;7;5;7;6;7;7;8;7;8;8;8;9;8;10
1;2;8;15;10;4;11;4;12;4;13;4;14;4;15;4;16;4;16;3;16;2;16;1;16;0;15;0;14;0;13;0;12;0;11;0;10;0;9;0;8;0;7;0;7;1;7;2;7;3;7;4;7;5;7;6;7;7;8;7;8;8;8;9;8;10;8;11
1;2;8;15;11;4;12;4;13;4;14;4;15;4;16;4;16;3;16;2;16;1;16;0;15;0;14;0;13;0;12;0;11;0;10;0;9;0;8;0;7;0;7;1;7;2;7;3;7;4;7;5;7;6;7;7;8;7;8;8;8;9;8;10;8;11;8;12
1;2;8;15;12;4;13;4;14;4;15;4;16;4;16;3;16;2;16;1;16;0;15;0;14;0;13;0;12;0;11;0;10;0;9;0;8;0;7;0;7;1;7;2;7;3;7;4;7;5;7;6;7;7;8;7;8;8;8;9;8;10;8;11;8;12;8;13
1;2;8;15;13;4;14;4;15;4;16;4;16;3;16;2;16;1;16;0;15;0;14;0;13;0;12;0;11;0;10;0;9;0;8;0;7;0;7;1;7;2;7;3;7;4;7;5;7;6;7;7;8;7;8;8;8;9;8;10;8;11;8;12;8;13;8;14
1;2;19;17;14;4;14;4;15;4;16;4;16;3;16;2;16;1;16;0;15;0;14;0;13;0;12;0;11;0;10;0;9;0;8;0;7;0;7;1;7;2;7;3;7;4;7;5;7;6;7;7;8;7;8;8;8;9;8;10;8;11;8;12;8;13;8;14;8;15
1;2;19;17;14;4;15;4;16;4;16;3;16;2;16;1;16;0;15;0;14;0;13;0;12;0;11;0;10;0;9;0;8;0;7;0;7;1;7;2;7;3;7;4;7;5;7;6;7;7;8;7;8;8;8;9;8;10;8;11;8;12;8;13;8;14;8;15;8;16
1;2;19;17;15;4;16;4;16;3;16;2;16;1;16;0;15;0;14;0;13;0;12;0;11;0;10;0;9;0;8;0;7;0;7;1;7;2;7;3;7;4;7;5;7;6;7;7;8;7;8;8;8;9;8;10;8;11;8;12;8;13;8;14;8;15;8;16;8;17
1;1;19;17;16;4;16;3;16;2;16;1;16;0;15;0;14;0;13;0;12;0;11;0;10;0;9;0;8;0;7;0;7;1;7;2;7;3;7;4;7;5;7;6;7;7;8;7;8;8;8;9;8;10;8;11;8;12;8;13;8;14;8;15;8;16;8;17;9;17
1;1;19;17;16;3;16;2;16;1;16;0;15;0;14;0;13;0;12;0;11;0;10;0;9;0;8;0;7;0;7;1;7;2;7;3;7;4;7;5;7;6;7;7;8;7;8;8;8;9;8;10;8;11;8;12;8;13;8;14;8;15;8;16;8;17;9;17;10;17
1;1;19;17;16;2;16;1;16;0;15;0;14;0;13;0;12;0;11;0;10;0;9;0;8;0;7;0;7;1;7;2;7;3;7;4;7;5;7;6;7;7;8;7;8;8;8;9;8;10;8;11;8;12;8;13;8;14;8;15;8;16;8;17;9;17;10;17;11;17
1;1;19;17;16;1;16;0;15;0;14;0;13;0;12;0;11;0;10;0;9;0;8;0;7;0;7;1;7;2;7;3;7;4;7;5;7;6;7;7;8;7;8;8;8;9;8;10;8;11;8;12;8;13;8;14;8;15;8;16;8;17;9;17;10;17;11;17;12;17
1;1;19;17;16;0;15;0;14;0;13;0;12;0;11;0;10;0;9;0;8;0;7;0;7;1;7;2;7;3;7;4;7;5;7;6;7;7;8;7;8;8;8;9;8;10;8;11;8;12;8;13;8;14;8;15;8;16;8;17;9;17;10;17;11;17;12;17;13;17
1;1;19;17;15;0;14;0;13;0;12;0;11;0;10;0;9;0;8;0;7;0;7;1;7;2;7;3;7;4;7;5;7;6;7;7;8;7;8;8;8;9;8;10;8;11;8;12;8;13;8;14;8;15;8;16;8;17;9;17;10;17;11;17;12;17;13;17;14;17
1;1;19;17;14;0;13;0;12;0;11;0;10;0;9;0;8;0;7;0;7;1;7;2;7;3;7;4;7;5;7;6;7;7;8;7;8;8;8;9;8;10;8;11;8;12;8;13;8;14;8;15;8;16;8;17;9;17;10;17;11;17;12;17;13;17;14;17;15;17
1;1;19;17;13;0;12;0;11;0;10;0;9;0;8;0;7;0;7;1;7;2;7;3;7;4;7;5;7;6;7;7;8;7;8;8;8;9;8;10;8;11;8;12;8;13;8;14;8;15;8;16;8;17;9;17;10;17;11;17;12;17;13;17;14;17;15;17;16;17
1;1;19;17;12;0;11;0;10;0;9;0;8;0;7;0;7;1;7;2;7;3;7;4;7;5;7;6;7;7;8;7;8;8;8;9;8;10;8;11;8;12;8;13;8;14;8;15;8;16;8;17;9;17;10;17;11;17;12;17;13;17;14;17;15;17;16;17;17;17
1;1;19;17;11;0;10;0;9;0;8;0;7;0;7;1;7;2;7;3;7;4;7;5;7;6;7;7;8;7;8;8;8;9;8;10;8;11;8;12;8;13;8;14;8;15;8;16;8;17;9;17;10;17;11;17;12;17;13;17;14;17;15;17;16;17;17;17;18;17
1;1;5;18;10;0;10;0;9;0;8;0;7;0;7;1;7;2;7;3;7;4;7;5;7;6;7;7;8;7;8;8;8;9;8;10;8;11;8;12;8;13;8;14;8;15;8;16;8;17;9;17;10;17;11;17;12;17;13;17;14;17;15;17;16;17;17;17;18;17;19;17
1;2;5;18;10;0;9;0;8;0;7;0;7;1;7;2;7;3;7;4;7;5;7;6;7;7;8;7;8;8;8;9;8;10;8;11;8;12;8;13;8;14;8;15;8;16;8;17;9;17;10;17;11;17;12;17;13;17;14;17;15;17;16;17;17;17;18;17;19;17;19;18
1;3;5;18;9;0;8;0;7;0;7;1;7;2;7;3;7;4;7;5;7;6;7;7;8;7;8;8;8;9;8;10;8;11;8;12;8;13;8;14;8;15;8;16;8;17;9;17;10;17;11;17;12;17;13;17;14;17;15;17;16;17;17;17;18;17;19;17;19;18;18;18
1;3;5;18;8;0;7;0;7;1;7;2;7;3;7;4;7;5;7;6;7;7;8;7;8;8;8;9;8;10;8;11;8;12;8;13;8;14;8;15;8;16;8;17;9;17;10;17;11;17;12;17;13;17;14;17;15;17;16;17;17;17;18;17;19;17;19;18;18;18;17;18
1;3;5;18;7;0;7;1;7;2;7;3;7;4;7;5;7;6;7;7;8;7;8;8;8;9;8;10;8;11;8;12;8;13;8;14;8;15;8;16;8;17;9;17;10;17;11;17;12;17;13;17;14;17;15;17;16;17;17;17;18;17;19;17;19;18;18;18;17;18;16;18
1;3;5;18;7;1;7;2;7;3;7;4;7;5;7;6;7;7;8;7;8;8;8;9;8;10;8;11;8;12;8;13;8;14;8;15;8;16;8;17;9;17;10;17;11;17;12;17;13;17;14;17;15;17;16;17;17;17;18;17;19;17;19;18;18;18;17;18;16;18;15;18
1;3;5;18;7;2;7;3;7;4;7;5;7;6;7;7;8;7;8;8;8;9;8;10;8;11;8;12;8;13;8;14;8;15;8;16;8;17;9;17;10;17;11;17;12;17;13;17;14;17;15;17;16;17;17;17;18;17;19;17;19;18;18;18;17;18;16;18;15;18;14;18
1;3;5;18;7;3;7;4;7;5;7;6;7;7;8;7;8;8;8;9;8;10;8;11;8;12;8;13;8;14;8;15;8;16;8;17;9;17;10;17;11;17;12;17;13;17;14;17;15;17;16;17;17;17;18;17;19;17;19;18;18;18;17;18;16;18;15;18;14;18;13;18
1;3;5;18;7;4;7;5;7;6;7;7;8;7;8;8;8;9;8;10;8;11;8;12;8;13;8;14;8;15;8;16;8;17;9;17;10;17;11;17;12;17;13;17;14;17;15;17;16;17;17;17;18;17;19;17;19;18;18;18;17;18;16;18;15;18;14;18;13;18;12;18
1;3;5;18;7;5;7;6;7;7;8;7;8;8;8;9;8;10;8;11;8;12;8;13;8;14;8;15;8;16;8;17;9;17;10;17;11;17;12;17;13;17;14;17;15;17;16;17;17;17;18;17;19;17;19;18;18;18;17;18;16;18;15;18;14;18;13;18;12;18;11;18
1;3;5;18;7;6;7;7;8;7;8;8;8;9;8;10;8;11;8;12;8;13;8;14;8;15;8;16;8;17;9;17;10;17;11;17;12;17;13;17;14;17;15;17;16;17;17;17;18;17;19;17;19;18;18;18;17;18;16;18;15;18;14;18;13;18;12;18;11;18;10;18
1;3;5;18;7;7;8;7;8;8;8;9;8;10;8;11;8;12;8;13;8;14;8;15;8;16;8;17;9;17;10;17;11;17;12;17;13;17;14;17;15;17;16;17;17;17;18;17;19;17;19;18;18;18;17;18;16;18;15;18;14;18;13;18;12;18;11;18;10;18;9;18
1;3;5;18;8;7;8;8;8;9;8;10;8;11;8;12;8;13;8;14;8;15;8;16;8;17;9;17;10;17;11;17;12;17;13;17;14;17;15;17;16;17;17;17;18;17;19;17;19;18;18;18;17;18;16;18;15;18;14;18;13;18;12;18;11;18;10;18;9;18;8;18
1;3;5;18;8;8;8;9;8;10;8;11;8;12;8;13;8;14;8;15;8;16;8;17;9;17;10;17;11;17;12;17;13;17;14;17;15;17;16;17;17;17;18;17;19;17;19;18;18;18;17;18;16;18;15;18;14;18;13;18;12;18;11;18;10;18;9;18;8;18;7;18
1;3;5;18;8;9;8;10;8;11;8;12;8;13;8;14;8;15;8;16;8;17;9;17;10;17;11;17;12;17;13;17;14;17;15;17;16;17;17;17;18;17;19;17;19;18;18;18;17;18;16;18;15;18;14;18;13;18;12;18;11;18;10;18;9;18;8;18;7;18;6;18
1;3;0;3;8;10;8;10;8;11;8;12;8;13;8;14;8;15;8;16;8;17;9;17;10;17;11;17;12;17;13;17;14;17;15;17;16;17;17;17;18;17;19;17;19;18;18;18;17;18;16;18;15;18;14;18;13;18;12;18;11;18;10;18;9;18;8;18;7;18;6;18;5;18
1;3;0;3;8;10;8;11;8;12;8;13;8;14;8;15;8;16;8;17;9;17;10;17;11;17;12;17;13;17;14;17;15;17;16;17;17;17;18;17;19;17;19;18;18;18;17;18;16;18;15;18;14;18;13;18;12;18;11;18;10;18;9;18;8;18;7;18;6;18;5;18;4;18
1;3;0;3;8;11;8;12;8;13;8;14;8;15;8;16;8;17;9;17;10;17;11;17;12;17;13;17;14;17;15;17;16;17;17;17;18;17;19;17;19;18;18;18;17;18;16;18;15;18;14;18;13;18;12;18;11;18;10;18;9;18;8;18;7;18;6;18;5;18;4;18;3;18
1;3;0;3;8;12;8;13;8;14;8;15;8;16;8;17;9;17;10;17;11;17;12;17;13;17;14;17;15;17;16;17;17;17;18;17;19;17;19;18;18;18;17;18;16;18;15;18;14;18;13;18;12;18;11;18;10;18;9;18;8;18;7;18;6;18;5;18;4;18;3;18;2;18
1;3;0;3;8;13;8;14;8;15;8;16;8;17;9;17;10;17;11;17;12;17;13;17;14;17;15;17;16;17;17;17;18;17;19;17;19;18;18;18;17;18;16;18;15;18;14;18;13;18;12;18;11;18;10;18;9;18;8;18;7;18;6;18;5;18;4;18;3;18;2;18;1;18
1;3;0;3;8;14;8;15;8;16;8;17;9;17;10;17;11;17;12;17;13;17;14;17;15;17;16;17;17;17;18;17;19;17;19;18;18;18;17;18;16;18;15;18;14;18;13;18;12;18;11;18;10;18;9;18;8;18;7;18;6;18;5;18;4;18;3;18;2;18;1;18;0;18
1;0;0;3;8;15;8;16;8;17;9;17;10;17;11;17;12;17;13;17;14;17;15;17;16;17;17;17;18;17;19;17;19;18;18;18;17;18;16;18;15;18;14;18;13;18;12;18;11;18;10;18;9;18;8;18;7;18;6;18;5;18;4;18;3;18;2;18;1;18;0;18;0;17
1;0;0;3;8;16;8;17;9;17;10;17;11;17;12;17;13;17;14;17;15;17;16;17;17;17;18;17;19;17;19;18;18;18;17;18;16;18;15;18;14;18;13;18;12;18;11;18;10;18;9;18;8;18;7;18;6;18;5;18;4;18;3;18;2;18;1;18;0;18;0;17;0;16
1;0;0;3;8;17;9;17;10;17;11;17;12;17;13;17;14;17;15;17;16;17;17;17;18;17;19;17;19;18;18;18;17;18;16;18;15;18;14;18;13;18;12;18;11;18;10;18;9;18;8;18;7;18;6;18;5;18;4;18;3;18;2;18;1;18;0;18;0;17;0;16;0;15
1;0;0;3;9;17;10;17;11;17;12;17;13;17;14;17;15;17;16;17;17;17;18;17;19;17;19;18;18;18;17;18;16;18;15;18;14;18;13;18;12;18;11;18;10;18;9;18;8;18;7;18;6;18;5;18;4;18;3;18;2;18;1;18;0;18;0;17;0;16;0;15;0;14
1;0;0;3;10;17;11;17;12;17;13;17;14;17;15;17;16;17;17;17;18;17;19;17;19;18;18;18;17;18;16;18;15;18;14;18;13;18;12;18;11;18;10;18;9;18;8;18;7;18;6;18;5;18;4;18;3;18;2;18;1;18;0;18;0;17;0;16;0;15;0;14;0;13
1;0;0;3;11;17;12;17;13;17;14;17;15;17;16;17;17;17;18;17;19;17;19;18;18;18;17;18;16;18;15;18;14;18;13;18;12;18;11;18;10;18;9;18;8;18;7;18;6;18;5;18;4;18;3;18;2;18;1;18;0;18;0;17;0;16;0;15;0;14;0;13;0;12
1;0;0;3;12;17;13;17;14;17;15;17;16;17;17;17;18;17;19;17;19;18;18;18;17;18;16;18;15;18;14;18;13;18;12;18;11;18;10;18;9;18;8;18;7;18;6;18;5;18;4;18;3;18;2;18;1;18;0;18;0;17;0;16;0;15;0;14;0;13;0;12;0;11
1;0;0;3;13;17;14;17;15;17;16;17;17;17;18;17;19;17;19;18;18;18;17;18;16;18;15;18;14;18;13;18;12;18;11;18;10;18;9;18;8;18;7;18;6;18;5;18;4;18;3;18;2;18;1;18;0;18;0;17;0;16;0;15;0;14;0;13;0;12;0;11;0;10
1;0;0;3;14;17;15;17;16;17;17;17;18;17;19;17;19;18;18;18;17;18;16;18;15;18;14;18;13;18;12;18;11;18;10;18;9;18;8;18;7;18;6;18;5;18;4;18;3;18;2;18;1;18;0;18;0;17;0;16;0;15;0;14;0;13;0;12;0;11;0;10;0;9
1;0;0;3;15;17;16;17;17;17;18;17;19;17;19;18;18;18;17;18;16;18;15;18;14;18;13;18;12;18;11;18;10;18;9;18;8;18;7;18;6;18;5;18;4;18;3;18;2;18;1;18;0;18;0;17;0;16;0;15;0;14;0;13;0;12;0;11;0;10;0;9;0;8
1;0;0;3;16;17;17;17;18;17;19;17;19;18;18;18;17;18;16;18;15;18;14;18;13;18;12;18;11;18;10;18;9;18;8;18;7;18;6;18;5;18;4;18;3;18;2;18;1;18;0;18;0;17;0;16;0;15;0;14;0;13;0;12;0;11;0;10;0;9;0;8;0;7
1;0;0;3;17;17;18;17;19;17;19;18;18;18;17;18;16;18;15;18;14;18;13;18;12;18;11;18;10;18;9;18;8;18;7;18;6;18;5;18;4;18;3;18;2;18;1;18;0;18;0;17;0;16;0;15;0;14;0;13;0;12;0;11;0;10;0;9;0;8;0;7;0;6
1;0;0;3;18;17;19;17;19;18;18;18;17;18;16;18;15;18;14;18;13;18;12;18;11;18;10;18;9;18;8;18;7;18;6;18;5;18;4;18;3;18;2;18;1;18;0;18;0;17;0;16;0;15;0;14;0;13;0;12;0;11;0;10;0;9;0;8;0;7;0;6;0;5
1;0;0;3;19;17;19;18;18;18;17;18;16;18;15;18;14;18;13;18;12;18;11;18;10;18;9;18;8;18;7;18;6;18;5;18;4;18;3;18;2;18;1;18;0;18;0;17;0;16;0;15;0;14;0;13;0;12;0;11;0;10;0;9;0;8;0;7;0;6;0;5;0;4
1;0;10;9;19;18;19;18;18;18;17;18;16;18;15;18;14;18;13;18;12;18;11;18;10;18;9;18;8;18;7;18;6;18;5;18;4;18;3;18;2;18;1;18;0;18;0;17;0;16;0;15;0;14;0;13;0;12;0;11;0;10;0;9;0;8;0;7;0;6;0;5;0;4;0;3
1;1;10;9;19;18;18;18;17;18;16;18;15;18;14;18;13;18;12;18;11;18;10;18;9;18;8;18;7;18;6;18;5;18;4;18;3;18;2;18;1;18;0;18;0;17;0;16;0;15;0;14;0;13;0;12;0;11;0;10;0;9;0;8;0;7;0;6;0;5;0;4;0;3;1;3
1;1;10;9;18;18;17;18;16;18;15;18;14;18;13;18;12;18;11;18;10;18;9;18;8;18;7;18;6;18;5;18;4;18;3;18;2;18;1;18;0;18;0;17;0;16;0;15;0;14;0;13;0;12;0;11;0;10;0;9;0;8;0;7;0;6;0;5;0;4;0;3;1;3;2;3
1;1;10;9;17;18;16;18;15;18;14;18;13;18;12;18;11;18;10;18;9;18;8;18;7;18;6;18;5;18;4;18;3;18;2;18;1;18;0;18;0;17;0;16;0;15;0;14;0;13;0;12;0;11;0;10;0;9;0;8;0;7;0;6;0;5;0;4;0;3;1;3;2;3;3;3
1;1;10;9;16;18;15;18;14;18;13;18;12;18;11;18;10;18;9;18;8;18;7;18;6;18;5;18;4;18;3;18;2;18;1;18;0;18;0;17;0;16;0;15;0;14;0;13;0;12;0;11;0;10;0;9;0;8;0;7;0;6;0;5;0;4;0;3;1;3;2;3;3;3;4;3
1;1;10;9;15;18;14;18;13;18;12;18;11;18;10;18;9;18;8;18;7;18;6;18;5;18;4;18;3;18;2;18;1;18;0;18;0;17;0;16;0;15;0;14;0;13;0;12;0;11;0;10;0;9;0;8;0;7;0;6;0;5;0;4;0;3;1;3;2;3;3;3;4;3;5;3
1;1;10;9;14;18;13;18;12;18;11;18;10;18;9;18;8;18;7;18;6;18;5;18;4;18;3;18;2;18;1;18;0;18;0;17;0;16;0;15;0;14;0;13;0;12;0;11;0;10;0;9;0;8;0;7;0;6;0;5;0;4;0;3;1;3;2;3;3;3;4;3;5;3;6;3
1;1;10;9;13;18;12;18;11;18;10;18;9;18;8;18;7;18;6;18;5;18;4;18;3;18;2;18;1;18;0;18;0;17;0;16;0;15;0;14;0;13;0;12;0;11;0;10;0;9;0;8;0;7;0;6;0;5;0;4;0;3;1;3;2;3;3;3;4;3;5;3;6;3;7;3
1;1;10;9;12;18;11;18;10;18;9;18;8;18;7;18;6;18;5;18;4;18;3;18;2;18;1;18;0;18;0;17;0;16;0;15;0;14;0;13;0;12;0;11;0;10;0;9;0;8;0;7;0;6;0;5;0;4;0;3;1;3;2;3;3;3;4;3;5;3;6;3;7;3;8;3
1;1;10;9;11;18;10;18;9;18;8;18;7;18;6;18;5;18;4;18;3;18;2;18;1;18;0;18;0;17;0;16;0;15;0;14;0;13;0;12;0;11;0;10;0;9;0;8;0;7;0;6;0;5;0;4;0;3;1;3;2;3;3;3;4;3;5;3;6;3;7;3;8;3;9;3
1;1;10;9;10;18;9;18;8;18;7;18;6;18;5;18;4;18;3;18;2;18;1;18;0;18;0;17;0;16;0;15;0;14;0;13;0;12;0;11;0;10;0;9;0;8;0;7;0;6;0;5;0;4;0;3;1;3;2;3;3;3;4;3;5;3;6;3;7;3;8;3;9;3;10;3
1;2;10;9;9;18;8;18;7;18;6;18;5;18;4;18;3;18;2;18;1;18;0;18;0;17;0;16;0;15;0;14;0;13;0;12;0;11;0;10;0;9;0;8;0;7;0;6;0;5;0;4;0;3;1;3;2;3;3;3;4;3;5;3;6;3;7;3;8;3;9;3;10;3;10;4
1;2;10;9;8;18;7;18;6;18;5;18;4;18;3;18;2;18;1;18;0;18;0;17;0;16;0;15;0;14;0;13;0;12;0;11;0;10;0;9;0;8;0;7;0;6;0;5;0;4;0;3;1;3;2;3;3;3;4;3;5;3;6;3;7;3;8;3;9;3;10;3;10;4;10;5
1;2;10;9;7;18;6;18;5;18;4;18;3;18;2;18;1;18;0;18;0;17;0;16;0;15;0;14;0;13;0;12;0;11;0;10;0;9;0;8;0;7;0;6;0;5;0;4;0;3;1;3;2;3;3;3;4;3;5;3;6;3;7;3;8;3;9;3;10;3;10;4;10;5;10;6
1;2;10;9;6;18;5;18;4;18;3;18;2;18;1;18;0;18;0;17;0;16;0;15;0;14;0;13;0;12;0;11;0;10;0;9;0;8;0;7;0;6;0;5;0;4;0;3;1;3;2;3;3;3;4;3;5;3;6;3;7;3;8;3;9;3;10;3;10;4;10;5;10;6;10;7
1;2;10;9;5;18;4;18;3;18;2;18;1;18;0;18;0;17;0;16;0;15;0;14;0;13;0;12;0;11;0;10;0;9;0;8;0;7;0;6;0;5;0;4;0;3;1;3;2;3;3;3;4;3;5;3;6;3;7;3;8;3;9;3;10;3;10;4;10;5;10;6;10;7;10;8
1;2;18;4;4;18;4;18;3;18;2;18;1;18;0;18;0;17;0;16;0;15;0;14;0;13;0;12;0;11;0;10;0;9;0;8;0;7;0;6;0;5;0;4;0;3;1;3;2;3;3;3;4;3;5;3;6;3;7;3;8;3;9;3;10;3;10;4;10;5;10;6;10;7;10;8;10;9
1;1;18;4;4;18;3;18;2;18;1;18;0;18;0;17;0;16;0;15;0;14;0;13;0;12;0;11;0;10;0;9;0;8;0;7;0;6;0;5;0;4;0;3;1;3;2;3;3;3;4;3;5;3;6;3;7;3;8;3;9;3;10;3;10;4;10;5;10;6;10;7;10;8;10;9;11;9
1;0;18;4;3;18;2;18;1;18;0;18;0;17;0;16;0;15;0;14;0;13;0;12;0;11;0;10;0;9;0;8;0;7;0;6;0;5;0;4;0;3;1;3;2;3;3;3;4;3;5;3;6;3;7;3;8;3;9;3;10;3;10;4;10;5;10;6;10;7;10;8;10;9;11;9;11;8
1;0;18;4;2;18;1;18;0;18;0;17;0;16;0;15;0;14;0;13;0;12;0;11;0;10;0;9;0;8;0;7;0;6;0;5;0;4;0;3;1;3;2;3;3;3;4;3;5;3;6;3;7;3;8;3;9;3;10;3;10;4;10;5;10;6;10;7;10;8;10;9;11;9;11;8;11;7
1;0;18;4;1;18;0;18;0;17;0;16;0;15;0;14;0;13;0;12;0;11;0;10;0;9;0;8;0;7;0;6;0;5;0;4;0;3;1;3;2;3;3;3;4;3;5;3;6;3;7;3;8;3;9;3;10;3;10;4;10;5;10;6;10;7;10;8;10;9;11;9;11;8;11;7;11;6
1;0;18;4;0;18;0;17;0;16;0;15;0;14;0;13;0;12;0;11;0;10;0;9;0;8;0;7;0;6;0;5;0;4;0;3;1;3;2;3;3;3;4;3;5;3;6;3;7;3;8;3;9;3;10;3;10;4;10;5;10;6;10;7;10;8;10;9;11;9;11;8;11;7;11;6;11;5
1;0;18;4;0;17;0;16;0;15;0;14;0;13;0;12;0;11;0;10;0;9;0;8;0;7;0;6;0;5;0;4;0;3;1;3;2;3;3;3;4;3;5;3;6;3;7;3;8;3;9;3;10;3;10;4;10;5;10;6;10;7;10;8;10;9;11;9;11;8;11;7;11;6;11;5;11;4
1;1;18;4;0;16;0;15;0;14;0;13;0;12;0;11;0;10;0;9;0;8;0;7;0;6;0;5;0;4;0;3;1;3;2;3;3;3;4;3;5;3;6;3;7;3;8;3;9;3;10;3;10;4;10;5;10;6;10;7;10;8;10;9;11;9;11;8;11;7;11;6;11;5;11;4;12;4
1;1;18;4;0;15;0;14;0;13;0;12;0;11;0;10;0;9;0;8;0;7;0;6;0;5;0;4;0;3;1;3;2;3;3;3;4;3;5;3;6;3;7;3;8;3;9;3;10;3;10;4;10;5;10;6;10;7;10;8;10;9;11;9;11;8;11;7;11;6;11;5;11;4;12;4;13;4
1;1;18;4;0;14;0;13;0;12;0;11;0;10;0;9;0;8;0;7;0;6;0;5;0;4;0;3;1;3;2;3;3;3;4;3;5;3;6;3;7;3;8;3;9;3;10;3;10;4;10;5;10;6;10;7;10;8;10;9;11;9;11;8;11;7;11;6;11;5;11;4;12;4;13;4;14;4
1;1;18;4;0;13;0;12;0;11;0;10;0;9;0;8;0;7;0;6;0;5;0;4;0;3;1;3;2;3;3;3;4;3;5;3;6;3;7;3;8;3;9;3;10;3;10;4;10;5;10;6;10;7;10;8;10;9;11;9;11;8;11;7;11;6;11;5;11;4;12;4;13;4;14;4;15;4
1;1;18;4;0;12;0;11;0;10;0;9;0;8;0;7;0;6;0;5;0;4;0;3;1;3;2;3;3;3;4;3;5;3;6;3;7;3;8;3;9;3;10;3;10;4;10;5;10;6;10;7;10;8;10;9;11;9;11;8;11;7;11;6;11;5;11;4;12;4;13;4;14;4;15;4;16;4
1;1;18;4;0;11;0;10;0;9;0;8;0;7;0;6;0;5;0;4;0;3;1;3;2;3;3;3;4;3;5;3;6;3;7;3;8;3;9;3;10;3;10;4;10;5;10;6;10;7;10;8;10;9;11;9;11;8;11;7;11;6;11;5;11;4;12;4;13;4;14;4;15;4;16;4;17;4
1;1;8;9;0;10;0;10;0;9;0;8;0;7;0;6;0;5;0;4;0;3;1;3;2;3;3;3;4;3;5;3;6;3;7;3;8;3;9;3;10;3;10;4;10;5;10;6;10;7;10;8;10;9;11;9;11;8;11;7;11;6;11;5;11;4;12;4;13;4;14;4;15;4;16;4;17;4;18;4
1;2;8;9;0;10;0;9;0;8;0;7;0;6;0;5;0;4;0;3;1;3;2;3;3;3;4;3;5;3;6;3;7;3;8;3;9;3;10;3;10;4;10;5;10;6;10;7;10;8;10;9;11;9;11;8;11;7;11;6;11;5;11;4;12;4;13;4;14;4;15;4;16;4;17;4;18;4;18;5
1;2;8;9;0;9;0;8;0;7;0;6;0;5;0;4;0;3;1;3;2;3;3;3;4;3;5;3;6;3;7;3;8;3;9;3;10;3;10;4;10;5;10;6;10;7;10;8;10;9;11;9;11;8;11;7;11;6;11;5;11;4;12;4;13;4;14;4;15;4;16;4;17;4;18;4;18;5;18;6
1;2;8;9;0;8;0;7;0;6;0;5;0;4;0;3;1;3;2;3;3;3;4;3;5;3;6;3;7;3;8;3;9;3;10;3;10;4;10;5;10;6;10;7;10;8;10;9;11;9;11;8;11;7;11;6;11;5;11;4;12;4;13;4;14;4;15;4;16;4;17;4;18;4;18;5;18;6;18;7
1;2;8;9;0;7;0;6;0;5;0;4;0;3;1;3;2;3;3;3;4;3;5;3;6;3;7;3;8;3;9;3;10;3;10;4;10;5;10;6;10;7;10;8;10;9;11;9;11;8;11;7;11;6;11;5;11;4;12;4;13;4;14;4;15;4;16;4;17;4;18;4;18;5;18;6;18;7;18;8
1;2;8;9;0;6;0;5;0;4;0;3;1;3;2;3;3;3;4;3;5;3;6;3;7;3;8;3;9;3;10;3;10;4;10;5;10;6;10;7;10;8;10;9;11;9;11;8;11;7;11;6;11;5;11;4;12;4;13;4;14;4;15;4;16;4;17;4;18;4;18;5;18;6;18;7;18;8;18;9
1;3;8;9;0;5;0;4;0;3;1;3;2;3;3;3;4;3;5;3;6;3;7;3;8;3;9;3;10;3;10;4;10;5;10;6;10;7;10;8;10;9;11;9;11;8;11;7;11;6;11;5;11;4;12;4;13;4;14;4;15;4;16;4;17;4;18;4;18;5;18;6;18;7;18;8;18;9;17;9
1;3;8;9;0;4;0;3;1;3;2;3;3;3;4;3;5;3;6;3;7;3;8;3;9;3;10;3;10;4;10;5;10;6;10;7;10;8;10;9;11;9;11;8;11;7;11;6;11;5;11;4;12;4;13;4;14;4;15;4;16;4;17;4;18;4;18;5;18;6;18;7;18;8;18;9;17;9;16;9
1;3;8;9;0;3;1;3;2;3;3;3;4;3;5;3;6;3;7;3;8;3;9;3;10;3;10;4;10;5;10;6;10;7;10;8;10;9;11;9;11;8;11;7;11;6;11;5;11;4;12;4;13;4;14;4;15;4;16;4;17;4;18;4;18;5;18;6;18;7;18;8;18;9;17;9;16;9;15;9
1;3;8;9;1;3;2;3;3;3;4;3;5;3;6;3;7;3;8;3;9;3;10;3;10;4;10;5;10;6;10;7;10;8;10;9;11;9;11;8;11;7;11;6;11;5;11;4;12;4;13;4;14;4;15;4;16;4;17;4;18;4;18;5;18;6;18;7;18;8;18;9;17;9;16;9;15;9;14;9
1;3;8;9;2;3;3;3;4;3;5;3;6;3;7;3;8;3;9;3;10;3;10;4;10;5;10;6;10;7;10;8;10;9;11;9;11;8;11;7;11;6;11;5;11;4;12;4;13;4;14;4;15;4;16;4;17;4;18;4;18;5;18;6;18;7;18;8;18;9;17;9;16;9;15;9;14;9;13;9
1;3;8;9;3;3;4;3;5;3;6;3;7;3;8;3;9;3;10;3;10;4;10;5;10;6;10;7;10;8;10;9;11;9;11;8;11;7;11;6;11;5;11;4;12;4;13;4;14;4;15;4;16;4;17;4;18;4;18;5;18;6;18;7;18;8;18;9;17;9;16;9;15;9;14;9;13;9;12;9
1;2;8;9;4;3;5;3;6;3;7;3;8;3;9;3;10;3;10;4;10;5;10;6;10;7;10;8;10;9;11;9;11;8;11;7;11;6;11;5;11;4;12;4;13;4;14;4;15;4;16;4;17;4;18;4;18;5;18;6;18;7;18;8;18;9;17;9;16;9;15;9;14;9;13;9;12;9;12;10
1;3;8;9;5;3;6;3;7;3;8;3;9;3;10;3;10;4;10;5;10;6;10;7;10;8;10;9;11;9;11;8;11;7;11;6;11;5;11;4;12;4;13;4;14;4;15;4;16;4;17;4;18;4;18;5;18;6;18;7;18;8;18;9;17;9;16;9;15;9;14;9;13;9;12;9;12;10;11;10
1;3;8;9;6;3;7;3;8;3;9;3;10;3;10;4;10;5;10;6;10;7;10;8;10;9;11;9;11;8;11;7;11;6;11;5;11;4;12;4;13;4;14;4;15;4;16;4;17;4;18;4;18;5;18;6;18;7;18;8;18;9;17;9;16;9;15;9;14;9;13;9;12;9;12;10;11;10;10;10
1;3;8;9;7;3;8;3;9;3;10;3;10;4;10;5;10;6;10;7;10;8;10;9;11;9;11;8;11;7;11;6;11;5;11;4;12;4;13;4;14;4;15;4;16;4;17;4;18;4;18;5;18;6;18;7;18;8;18;9;17;9;16;9;15;9;14;9;13;9;12;9;12;10;11;10;10;10;9;10
1;0;8;9;8;3;9;3;10;3;10;4;10;5;10;6;10;7;10;8;10;9;11;9;11;8;11;7;11;6;11;5;11;4;12;4;13;4;14;4;15;4;16;4;17;4;18;4;18;5;18;6;18;7;18;8;18;9;17;9;16;9;15;9;14;9;13;9;12;9;12;10;11;10;10;10;9;10;9;9
1;3;8;14;9;3;9;3;10;3;10;4;10;5;10;6;10;7;10;8;10;9;11;9;11;8;11;7;11;6;11;5;11;4;12;4;13;4;14;4;15;4;16;4;17;4;18;4;18;5;18;6;18;7;18;8;18;9;17;9;16;9;15;9;14;9;13;9;12;9;12;10;11;10;10;10;9;10;9;9;8;9
1;2;8;14;9;3;10;3;10;4;10;5;10;6;10;7;10;8;10;9;11;9;11;8;11;7;11;6;11;5;11;4;12;4;13;4;14;4;15;4;16;4;17;4;18;4;18;5;18;6;18;7;18;8;18;9;17;9;16;9;15;9;14;9;13;9;12;9;12;10;11;10;10;10;9;10;9;9;8;9;8;10
1;2;8;14;10;3;10;4;10;5;10;6;10;7;10;8;10;9;11;9;11;8;11;7;11;6;11;5;11;4;12;4;13;4;14;4;15;4;16;4;17;4;18;4;18;5;18;6;18;7;18;8;18;9;17;9;16;9;15;9;14;9;13;9;12;9;12;10;11;10;10;10;9;10;9;9;8;9;8;10;8;11
1;2;8;14;10;4;10;5;10;6;10;7;10;8;10;9;11;9;11;8;11;7;11;6;11;5;11;4;12;4;13;4;14;4;15;4;16;4;17;4;18;4;18;5;18;6;18;7;18;8;18;9;17;9;16;9;15;9;14;9;13;9;12;9;12;10;11;10;10;10;9;10;9;9;8;9;8;10;8;11;8;12
1;2;8;14;10;5;10;6;10;7;10;8;10;9;11;9;11;8;11;7;11;6;11;5;11;4;12;4;13;4;14;4;15;4;16;4;17;4;18;4;18;5;18;6;18;7;18;8;18;9;17;9;16;9;15;9;14;9;13;9;12;9;12;10;11;10;10;10;9;10;9;9;8;9;8;10;8;11;8;12;8;13
1;2;0;17;10;6;10;6;10;7;10;8;10;9;11;9;11;8;11;7;11;6;11;5;11;4;12;4;13;4;14;4;15;4;16;4;17;4;18;4;18;5;18;6;18;7;18;8;18;9;17;9;16;9;15;9;14;9;13;9;12;9;12;10;11;10;10;10;9;10;9;9;8;9;8;10;8;11;8;12;8;13;8;14
1;2;0;17;10;6;10;7;10;8;10;9;11;9;11;8;11;7;11;6;11;5;11;4;12;4;13;4;14;4;15;4;16;4;17;4;18;4;18;5;18;6;18;7;18;8;18;9;17;9;16;9;15;9;14;9;13;9;12;9;12;10;11;10;10;10;9;10;9;9;8;9;8;10;8;11;8;12;8;13;8;14;8;15
1;2;0;17;10;7;10;8;10;9;11;9;11;8;11;7;11;6;11;5;11;4;12;4;13;4;14;4;15;4;16;4;17;4;18;4;18;5;18;6;18;7;18;8;18;9;17;9;16;9;15;9;14;9;13;9;12;9;12;10;11;10;10;10;9;10;9;9;8;9;8;10;8;11;8;12;8;13;8;14;8;15;8;16
1;2;0;17;10;8;10;9;11;9;11;8;11;7;11;6;11;5;11;4;12;4;13;4;14;4;15;4;16;4;17;4;18;4;18;5;18;6;18;7;18;8;18;9;17;9;16;9;15;9;14;9;13;9;12;9;12;10;11;10;10;10;9;10;9;9;8;9;8;10;8;11;8;12;8;13;8;14;8;15;8;16;8;17
1;3;0;17;10;9;11;9;11;8;11;7;11;6;11;5;11;4;12;4;13;4;14;4;15;4;16;4;17;4;18;4;18;5;18;6;18;7;18;8;18;9;17;9;16;9;15;9;14;9;13;9;12;9;12;10;11;10;10;10;9;10;9;9;8;9;8;10;8;11;8;12;8;13;8;14;8;15;8;16;8;17;7;17
1;3;0;17;11;9;11;8;11;7;11;6;11;5;11;4;12;4;13;4;14;4;15;4;16;4;17;4;18;4;18;5;18;6;18;7;18;8;18;9;17;9;16;9;15;9;14;9;13;9;12;9;12;10;11;10;10;10;9;10;9;9;8;9;8;10;8;11;8;12;8;13;8;14;8;15;8;16;8;17;7;17;6;17
1;3;0;17;11;8;11;7;11;6;11;5;11;4;12;4;13;4;14;4;15;4;16;4;17;4;18;4;18;5;18;6;18;7;18;8;18;9;17;9;16;9;15;9;14;9;13;9;12;9;12;10;11;10;10;10;9;10;9;9;8;9;8;10;8;11;8;12;8;13;8;14;8;15;8;16;8;17;7;17;6;17;5;17
1;3;0;17;11;7;11;6;11;5;11;4;12;4;13;4;14;4;15;4;16;4;17;4;18;4;18;5;18;6;18;7;18;8;18;9;17;9;16;9;15;9;14;9;13;9;12;9;12;10;11;10;10;10;9;10;9;9;8;9;8;10;8;11;8;12;8;13;8;14;8;15;8;16;8;17;7;17;6;17;5;17;4;17
1;3;0;17;11;6;11;5;11;4;12;4;13;4;14;4;15;4;16;4;17;4;18;4;18;5;18;6;18;7;18;8;18;9;17;9;16;9;15;9;14;9;13;9;12;9;12;10;11;10;10;10;9;10;9;9;8;9;8;10;8;11;8;12;8;13;8;14;8;15;8;16;8;17;7;17;6;17;5;17;4;17;3;17
1;3;0;17;11;5;11;4;12;4;13;4;14;4;15;4;16;4;17;4;18;4;18;5;18;6;18;7;18;8;18;9;17;9;16;9;15;9;14;9;13;9;12;9;12;10;11;10;10;10;9;10;9;9;8;9;8;10;8;11;8;12;8;13;8;14;8;15;8;16;8;17;7;17;6;17;5;17;4;17;3;17;2;17
1;3;0;17;11;4;12;4;13;4;14;4;15;4;16;4;17;4;18;4;18;5;18;6;18;7;18;8;18;9;17;9;16;9;15;9;14;9;13;9;12;9;12;10;11;10;10;10;9;10;9;9;8;9;8;10;8;11;8;12;8;13;8;14;8;15;8;16;8;17;7;17;6;17;5;17;4;17;3;17;2;17;1;17
1;3;0;10;12;4;12;4;13;4;14;4;15;4;16;4;17;4;18;4;18;5;18;6;18;7;18;8;18;9;17;9;16;9;15;9;14;9;13;9;12;9;12;10;11;10;10;10;9;10;9;9;8;9;8;10;8;11;8;12;8;13;8;14;8;15;8;16;8;17;7;17;6;17;5;17;4;17;3;17;2;17;1;17;0;17
1;0;0;10;12;4;13;4;14;4;15;4;16;4;17;4;18;4;18;5;18;6;18;7;18;8;18;9;17;9;16;9;15;9;14;9;13;9;12;9;12;10;11;10;10;10;9;10;9;9;8;9;8;10;8;11;8;12;8;13;8;14;8;15;8;16;8;17;7;17;6;17;5;17;4;17;3;17;2;17;1;17;0;17;0;16
1;0;0;10;13;4;14;4;15;4;16;4;17;4;18;4;18;5;18;6;18;7;18;8;18;9;17;9;16;9;15;9;14;9;13;9;12;9;12;10;11;10;10;10;9;10;9;9;8;9;8;10;8;11;8;12;8;13;8;14;8;15;8;16;8;17;7;17;6;17;5;17;4;17;3;17;2;17;1;17;0;17;0;16;0;15
1;0;0;10;14;4;15;4;16;4;17;4;18;4;18;5;18;6;18;7;18;8;18;9;17;9;16;9;15;9;14;9;13;9;12;9;12;10;11;10;10;10;9;10;9;9;8;9;8;10;8;11;8;12;8;13;8;14;8;15;8;16;8;17;7;17;6;17;5;17;4;17;3;17;2;17;1;17;0;17;0;16;0;15;0;14
1;0;0;10;15;4;16;4;17;4;18;4;18;5;18;6;18;7;18;8;18;9;17;9;16;9;15;9;14;9;13;9;12;9;12;10;11;10;10;10;9;10;9;9;8;9;8;10;8;11;8;12;8;13;8;14;8;15;8;16;8;17;7;17;6;17;5;17;4;17;3;17;2;17;1;17;0;17;0;16;0;15;0;14;0;13
1;0;0;10;16;4;17;4;18;4;18;5;18;6;18;7;18;8;18;9;17;9;16;9;15;9;14;9;13;9;12;9;12;10;11;10;10;10;9;10;9;9;8;9;8;10;8;11;8;12;8;13;8;14;8;15;8;16;8;17;7;17;6;17;5;17;4;17;3;17;2;17;1;17;0;17;0;16;0;15;0;14;0;13;0;12
1;0;0;10;17;4;18;4;18;5;18;6;18;7;18;8;18;9;17;9;16;9;15;9;14;9;13;9;12;9;12;10;11;10;10;10;9;10;9;9;8;9;8;10;8;11;8;12;8;13;8;14;8;15;8;16;8;17;7;17;6;17;5;17;4;17;3;17;2;17;1;17;0;17;0;16;0;15;0;14;0;13;0;12;0;11
1;0;11;9;18;4;18;4;18;5;18;6;18;7;18;8;18;9;17;9;16;9;15;9;14;9;13;9;12;9;12;10;11;10;10;10;9;10;9;9;8;9;8;10;8;11;8;12;8;13;8;14;8;15;8;16;8;17;7;17;6;17;5;17;4;17;3;17;2;17;1;17;0;17;0;16;0;15;0;14;0;13;0;12;0;11;0;10
1;0;11;9;18;4;18;5;18;6;18;7;18;8;18;9;17;9;16;9;15;9;14;9;13;9;12;9;12;10;11;10;10;10;9;10;9;9;8;9;8;10;8;11;8;12;8;13;8;14;8;15;8;16;8;17;7;17;6;17;5;17;4;17;3;17;2;17;1;17;0;17;0;16;0;15;0;14;0;13;0;12;0;11;0;10;0;9
1;1;11;9;18;5;18;6;18;7;18;8;18;9;17;9;16;9;15;9;14;9;13;9;12;9;12;10;11;10;10;10;9;10;9;9;8;9;8;10;8;11;8;12;8;13;8;14;8;15;8;16;8;17;7;17;6;17;5;17;4;17;3;17;2;17;1;17;0;17;0;16;0;15;0;14;0;13;0;12;0;11;0;10;0;9;1;9
1;1;11;9;18;6;18;7;18;8;18;9;17;9;16;9;15;9;14;9;13;9;12;9;12;10;11;10;10;10;9;10;9;9;8;9;8;10;8;11;8;12;8;13;8;14;8;15;8;16;8;17;7;17;6;17;5;17;4;17;3;17;2;17;1;17;0;17;0;16;0;15;0;14;0;13;0;12;0;11;0;10;0;9;1;9;2;9
1;1;11;9;18;7;18;8;18;9;17;9;16;9;15;9;14;9;13;9;12;9;12;10;11;10;10;10;9;10;9;9;8;9;8;10;8;11;8;12;8;13;8;14;8;15;8;16;8;17;7;17;6;17;5;17;4;17;3;17;2;17;1;17;0;17;0;16;0;15;0;14;0;13;0;12;0;11;0;10;0;9;1;9;2;9;3;9
1;1;11;9;18;8;18;9;17;9;16;9;15;9;14;9;13;9;12;9;12;10;11;10;10;10;9;10;9;9;8;9;8;10;8;11;8;12;8;13;8;14;8;15;8;16;8;17;7;17;6;17;5;17;4;17;3;17;2;17;1;17;0;17;0;16;0;15;0;14;0;13;0;12;0;11;0;10;0;9;1;9;2;9;3;9;4;9
1;1;11;9;18;9;17;9;16;9;15;9;14;9;13;9;12;9;12;10;11;10;10;10;9;10;9;9;8;9;8;10;8;11;8;12;8;13;8;14;8;15;8;16;8;17;7;17;6;17;5;17;4;17;3;17;2;17;1;17;0;17;0;16;0;15;0;14;0;13;0;12;0;11;0;10;0;9;1;9;2;9;3;9;4;9;5;9
1;1;11;9;17;9;16;9;15;9;14;9;13;9;12;9;12;10;11;10;10;10;9;10;9;9;8;9;8;10;8;11;8;12;8;13;8;14;8;15;8;16;8;17;7;17;6;17;5;17;4;17;3;17;2;17;1;17;0;17;0;16;0;15;0;14;0;13;0;12;0;11;0;10;0;9;1;9;2;9;3;9;4;9;5;9;6;9
1;1;11;9;16;9;15;9;14;9;13;9;12;9;12;10;11;10;10;10;9;10;9;9;8;9;8;10;8;11;8;12;8;13;8;14;8;15;8;16;8;17;7;17;6;17;5;17;4;17;3;17;2;17;1;17;0;17;0;16;0;15;0;14;0;13;0;12;0;11;0;10;0;9;1;9;2;9;3;9;4;9;5;9;6;9;7;9
1;0;11;9;15;9;14;9;13;9;12;9;12;10;11;10;10;10;9;10;9;9;8;9;8;10;8;11;8;12;8;13;8;14;8;15;8;16;8;17;7;17;6;17;5;17;4;17;3;17;2;17;1;17;0;17;0;16;0;15;0;14;0;13;0;12;0;11;0;10;0;9;1;9;2;9;3;9;4;9;5;9;6;9;7;9;7;8
1;1;11;9;14;9;13;9;12;9;12;10;11;10;10;10;9;10;9;9;8;9;8;10;8;11;8;12;8;13;8;14;8;15;8;16;8;17;7;17;6;17;5;17;4;17;3;17;2;17;1;17;0;17;0;16;0;15;0;14;0;13;0;12;0;11;0;10;0;9;1;9;2;9;3;9;4;9;5;9;6;9;7;9;7;8;8;8
1;1;11;9;13;9;12;9;12;10;11;10;10;10;9;10;9;9;8;9;8;10;8;11;8;12;8;13;8;14;8;15;8;16;8;17;7;17;6;17;5;17;4;17;3;17;2;17;1;17;0;17;0;16;0;15;0;14;0;13;0;12;0;11;0;10;0;9;1;9;2;9;3;9;4;9;5;9;6;9;7;9;7;8;8;8;9;8
1;1;11;9;12;9;12;10;11;10;10;10;9;10;9;9;8;9;8;10;8;11;8;12;8;13;8;14;8;15;8;16;8;17;7;17;6;17;5;17;4;17;3;17;2;17;1;17;0;17;0;16;0;15;0;14;0;13;0;12;0;11;0;10;0;9;1;9;2;9;3;9;4;9;5;9;6;9;7;9;7;8;8;8;9;8;10;8
1;2;11;9;12;10;11;10;10;10;9;10;9;9;8;9;8;10;8;11;8;12;8;13;8;14;8;15;8;16;8;17;7;17;6;17;5;17;4;17;3;17;2;17;1;17;0;17;0;16;0;15;0;14;0;13;0;12;0;11;0;10;0;9;1;9;2;9;3;9;4;9;5;9;6;9;7;9;7;8;8;8;9;8;10;8;10;9
1;1;18;2;11;10;11;10;10;10;9;10;9;9;8;9;8;10;8;11;8;12;8;13;8;14;8;15;8;16;8;17;7;17;6;17;5;17;4;17;3;17;2;17;1;17;0;17;0;16;0;15;0;14;0;13;0;12;0;11;0;10;0;9;1;9;2;9;3;9;4;9;5;9;6;9;7;9;7;8;8;8;9;8;10;8;10;9;11;9
1;1;18;2;11;10;10;10;9;10;9;9;8;9;8;10;8;11;8;12;8;13;8;14;8;15;8;16;8;17;7;17;6;17;5;17;4;17;3;17;2;17;1;17;0;17;0;16;0;15;0;14;0;13;0;12;0;11;0;10;0;9;1;9;2;9;3;9;4;9;5;9;6;9;7;9;7;8;8;8;9;8;10;8;10;9;11;9;12;9
1;1;18;2;10;10;9;10;9;9;8;9;8;10;8;11;8;12;8;13;8;14;8;15;8;16;8;17;7;17;6;17;5;17;4;17;3;17;2;17;1;17;0;17;0;16;0;15;0;14;0;13;0;12;0;11;0;10;0;9;1;9;2;9;3;9;4;9;5;9;6;9;7;9;7;8;8;8;9;8;10;8;10;9;11;9;12;9;13;9
1;1;18;2;9;10;9;9;8;9;8;10;8;11;8;12;8;13;8;14;8;15;8;16;8;17;7;17;6;17;5;17;4;17;3;17;2;17;1;17;0;17;0;16;0;15;0;14;0;13;0;12;0;11;0;10;0;9;1;9;2;9;3;9;4;9;5;9;6;9;7;9;7;8;8;8;9;8;10;8;10;9;11;9;12;9;13;9;14;9
1;1;18;2;9;9;8;9;8;10;8;11;8;12;8;13;8;14;8;15;8;16;8;17;7;17;6;17;5;17;4;17;3;17;2;17;1;17;0;17;0;16;0;15;0;14;0;13;0;12;0;11;0;10;0;9;1;9;2;9;3;9;4;9;5;9;6;9;7;9;7;8;8;8;9;8;10;8;10;9;11;9;12;9;13;9;14;9;15;9
1;1;18;2;8;9;8;10;8;11;8;12;8;13;8;14;8;15;8;16;8;17;7;17;6;17;5;17;4;17;3;17;2;17;1;17;0;17;0;16;0;15;0;14;0;13;0;12;0;11;0;10;0;9;1;9;2;9;3;9;4;9;5;9;6;9;7;9;7;8;8;8;9;8;10;8;10;9;11;9;12;9;13;9;14;9;15;9;16;9
1;1;18;2;8;10;8;11;8;12;8;13;8;14;8;15;8;16;8;17;7;17;6;17;5;17;4;17;3;17;2;17;1;17;0;17;0;16;0;15;0;14;0;13;0;12;0;11;0;10;0;9;1;9;2;9;3;9;4;9;5;9;6;9;7;9;7;8;8;8;9;8;10;8;10;9;11;9;12;9;13;9;14;9;15;9;16;9;17;9
1;1;18;2;8;11;8;12;8;13;8;14;8;15;8;16;8;17;7;17;6;17;5;17;4;17;3;17;2;17;1;17;0;17;0;16;0;15;0;14;0;13;0;12;0;11;0;10;0;9;1;9;2;9;3;9;4;9;5;9;6;9;7;9;7;8;8;8;9;8;10;8;10;9;11;9;12;9;13;9;14;9;15;9;16;9;17;9;18;9
1;0;18;2;8;12;8;13;8;14;8;15;8;16;8;17;7;17;6;17;5;17;4;17;3;17;2;17;1;17;0;17;0;16;0;15;0;14;0;13;0;12;0;11;0;10;0;9;1;9;2;9;3;9;4;9;5;9;6;9;7;9;7;8;8;8;9;8;10;8;10;9;11;9;12;9;13;9;14;9;15;9;16;9;17;9;18;9;18;8
1;0;18;2;8;13;8;14;8;15;8;16;8;17;7;17;6;17;5;17;4;17;3;17;2;17;1;17;0;17;0;16;0;15;0;14;0;13;0;12;0;11;0;10;0;9;1;9;2;9;3;9;4;9;5;9;6;9;7;9;7;8;8;8;9;8;10;8;10;9;11;9;12;9;13;9;14;9;15;9;16;9;17;9;18;9;18;8;18;7
1;0;18;2;8;14;8;15;8;16;8;17;7;17;6;17;5;17;4;17;3;17;2;17;1;17;0;17;0;16;0;15;0;14;0;13;0;12;0;11;0;10;0;9;1;9;2;9;3;9;4;9;5;9;6;9;7;9;7;8;8;8;9;8;10;8;10;9;11;9;12;9;13;9;14;9;15;9;16;9;17;9;18;9;18;8;18;7;18;6
1;0;18;2;8;15;8;16;8;17;7;17;6;17;5;17;4;17;3;17;2;17;1;17;0;17;0;16;0;15;0;14;0;13;0;12;0;11;0;10;0;9;1;9;2;9;3;9;4;9;5;9;6;9;7;9;7;8;8;8;9;8;10;8;10;9;11;9;12;9;13;9;14;9;15;9;16;9;17;9;18;9;18;8;18;7;18;6;18;5
1;0;18;2;8;16;8;17;7;17;6;17;5;17;4;17;3;17;2;17;1;17;0;17;0;16;0;15;0;14;0;13;0;12;0;11;0;10;0;9;1;9;2;9;3;9;4;9;5;9;6;9;7;9;7;8;8;8;9;8;10;8;10;9;11;9;12;9;13;9;14;9;15;9;16;9;17;9;18;9;18;8;18;7;18;6;18;5;18;4
1;0;18;2;8;17;7;17;6;17;5;17;4;17;3;17;2;17;1;17;0;17;0;16;0;15;0;14;0;13;0;12;0;11;0;10;0;9;1;9;2;9;3;9;4;9;5;9;6;9;7;9;7;8;8;8;9;8;10;8;10;9;11;9;12;9;13;9;14;9;15;9;16;9;17;9;18;9;18;8;18;7;18;6;18;5;18;4;18;3
1;0;14;7;7;17;7;17;6;17;5;17;4;17;3;17;2;17;1;17;0;17;0;16;0;15;0;14;0;13;0;12;0;11;0;10;0;9;1;9;2;9;3;9;4;9;5;9;6;9;7;9;7;8;8;8;9;8;10;8;10;9;11;9;12;9;13;9;14;9;15;9;16;9;17;9;18;9;18;8;18;7;18;6;18;5;18;4;18;3;18;2
1;3;14;7;7;17;6;17;5;17;4;17;3;17;2;17;1;17;0;17;0;16;0;15;0;14;0;13;0;12;0;11;0;10;0;9;1;9;2;9;3;9;4;9;5;9;6;9;7;9;7;8;8;8;9;8;10;8;10;9;11;9;12;9;13;9;14;9;15;9;16;9;17;9;18;9;18;8;18;7;18;6;18;5;18;4;18;3;18;2;17;2
1;3;14;7;6;17;5;17;4;17;3;17;2;17;1;17;0;17;0;16;0;15;0;14;0;13;0;12;0;11;0;10;0;9;1;9;2;9;3;9;4;9;5;9;6;9;7;9;7;8;8;8;9;8;10;8;10;9;11;9;12;9;13;9;14;9;15;9;16;9;17;9;18;9;18;8;18;7;18;6;18;5;18;4;18;3;18;2;17;2;16;2
1;3;14;7;5;17;4;17;3;17;2;17;1;17;0;17;0;16;0;15;0;14;0;13;0;12;0;11;0;10;0;9;1;9;2;9;3;9;4;9;5;9;6;9;7;9;7;8;8;8;9;8;10;8;10;9;11;9;12;9;13;9;14;9;15;9;16;9;17;9;18;9;18;8;18;7;18;6;18;5;18;4;18;3;18;2;17;2;16;2;15;2
1;3;14;7;4;17;3;17;2;17;1;17;0;17;0;16;0;15;0;14;0;13;0;12;0;11;0;10;0;9;1;9;2;9;3;9;4;9;5;9;6;9;7;9;7;8;8;8;9;8;10;8;10;9;11;9;12;9;13;9;14;9;15;9;16;9;17;9;18;9;18;8;18;7;18;6;18;5;18;4;18;3;18;2;17;2;16;2;15;2;14;2
1;2;14;7;3;17;2;17;1;17;0;17;0;16;0;15;0;14;0;13;0;12;0;11;0;10;0;9;1;9;2;9;3;9;4;9;5;9;6;9;7;9;7;8;8;8;9;8;10;8;10;9;11;9;12;9;13;9;14;9;15;9;16;9;17;9;18;9;18;8;18;7;18;6;18;5;18;4;18;3;18;2;17;2;16;2;15;2;14;2;14;3
1;2;14;7;2;17;1;17;0;17;0;16;0;15;0;14;0;13;0;12;0;11;0;10;0;9;1;9;2;9;3;9;4;9;5;9;6;9;7;9;7;8;8;8;9;8;10;8;10;9;11;9;12;9;13;9;14;9;15;9;16;9;17;9;18;9;18;8;18;7;18;6;18;5;18;4;18;3;18;2;17;2;16;2;15;2;14;2;14;3;14;4
1;2;14;7;1;17;0;17;0;16;0;15;0;14;0;13;0;12;0;11;0;10;0;9;1;9;2;9;3;9;4;9;5;9;6;9;7;9;7;8;8;8;9;8;10;8;10;9;11;9;12;9;13;9;14;9;15;9;16;9;17;9;18;9;18;8;18;7;18;6;18;5;18;4;18;3;18;2;17;2;16;2;15;2;14;2;14;3;14;4;14;5
1;2;14;7;0;17;0;16;0;15;0;14;0;13;0;12;0;11;0;10;0;9;1;9;2;9;3;9;4;9;5;9;6;9;7;9;7;8;8;8;9;8;10;8;10;9;11;9;12;9;13;9;14;9;15;9;16;9;17;9;18;9;18;8;18;7;18;6;18;5;18;4;18;3;18;2;17;2;16;2;15;2;14;2;14;3;14;4;14;5;14;6
1;2;7;16;0;16;0;16;0;15;0;14;0;13;0;12;0;11;0;10;0;9;1;9;2;9;3;9;4;9;5;9;6;9;7;9;7;8;8;8;9;8;10;8;10;9;11;9;12;9;13;9;14;9;15;9;16;9;17;9;18;9;18;8;18;7;18;6;18;5;18;4;18;3;18;2;17;2;16;2;15;2;14;2;14;3;14;4;14;5;14;6;14;7
1;2;7;16;0;16;0;15;0;14;0;13;0;12;0;11;0;10;0;9;1;9;2;9;3;9;4;9;5;9;6;9;7;9;7;8;8;8;9;8;10;8;10;9;11;9;12;9;13;9;14;9;15;9;16;9;17;9;18;9;18;8;18;7;18;6;18;5;18;4;18;3;18;2;17;2;16;2;15;2;14;2;14;3;14;4;14;5;14;6;14;7;14;8
1;3;7;16;0;15;0;14;0;13;0;12;0;11;0;10;0;9;1;9;2;9;3;9;4;9;5;9;6;9;7;9;7;8;8;8;9;8;10;8;10;9;11;9;12;9;13;9;14;9;15;9;16;9;17;9;18;9;18;8;18;7;18;6;18;5;18;4;18;3;18;2;17;2;16;2;15;2;14;2;14;3;14;4;14;5;14;6;14;7;14;8;13;8
1;3;7;16;0;14;0;13;0;12;0;11;0;10;0;9;1;9;2;9;3;9;4;9;5;9;6;9;7;9;7;8;8;8;9;8;10;8;10;9;11;9;12;9;13;9;14;9;15;9;16;9;17;9;18;9;18;8;18;7;18;6;18;5;18;4;18;3;18;2;17;2;16;2;15;2;14;2;14;3;14;4;14;5;14;6;14;7;14;8;13;8;12;8
1;3;7;16;0;13;0;12;0;11;0;10;0;9;1;9;2;9;3;9;4;9;5;9;6;9;7;9;7;8;8;8;9;8;10;8;10;9;11;9;12;9;13;9;14;9;15;9;16;9;17;9;18;9;18;8;18;7;18;6;18;5;18;4;18;3;18;2;17;2;16;2;15;2;14;2;14;3;14;4;14;5;14;6;14;7;14;8;13;8;12;8;11;8
1;0;7;16;0;12;0;11;0;10;0;9;1;9;2;9;3;9;4;9;5;9;6;9;7;9;7;8;8;8;9;8;10;8;10;9;11;9;12;9;13;9;14;9;15;9;16;9;17;9;18;9;18;8;18;7;18;6;18;5;18;4;18;3;18;2;17;2;16;2;15;2;14;2;14;3;14;4;14;5;14;6;14;7;14;8;13;8;12;8;11;8;11;7
1;0;7;16;0;11;0;10;0;9;1;9;2;9;3;9;4;9;5;9;6;9;7;9;7;8;8;8;9;8;10;8;10;9;11;9;12;9;13;9;14;9;15;9;16;9;17;9;18;9;18;8;18;7;18;6;18;5;18;4;18;3;18;2;17;2;16;2;15;2;14;2;14;3;14;4;14;5;14;6;14;7;14;8;13;8;12;8;11;8;11;7;11;6
1;3;7;16;0;10;0;9;1;9;2;9;3;9;4;9;5;9;6;9;7;9;7;8;8;8;9;8;10;8;10;9;11;9;12;9;13;9;14;9;15;9;16;9;17;9;18;9;18;8;18;7;18;6;18;5;18;4;18;3;18;2;17;2;16;2;15;2;14;2;14;3;14;4;14;5;14;6;14;7;14;8;13;8;12;8;11;8;11;7;11;6;10;6
1;3;7;16;0;9;1;9;2;9;3;9;4;9;5;9;6;9;7;9;7;8;8;8;9;8;10;8;10;9;11;9;12;9;13;9;14;9;15;9;16;9;17;9;18;9;18;8;18;7;18;6;18;5;18;4;18;3;18;2;17;2;16;2;15;2;14;2;14;3;14;4;14;5;14;6;14;7;14;8;13;8;12;8;11;8;11;7;11;6;10;6;9;6
1;3;7;16;1;9;2;9;3;9;4;9;5;9;6;9;7;9;7;8;8;8;9;8;10;8;10;9;11;9;12;9;13;9;14;9;15;9;16;9;17;9;18;9;18;8;18;7;18;6;18;5;18;4;18;3;18;2;17;2;16;2;15;2;14;2;14;3;14;4;14;5;14;6;14;7;14;8;13;8;12;8;11;8;11;7;11;6;10;6;9;6;8;6
1;3;7;16;2;9;3;9;4;9;5;9;6;9;7;9;7;8;8;8;9;8;10;8;10;9;11;9;12;9;13;9;14;9;15;9;16;9;17;9;18;9;18;8;18;7;18;6;18;5;18;4;18;3;18;2;17;2;16;2;15;2;14;2;14;3;14;4;14;5;14;6;14;7;14;8;13;8;12;8;11;8;11;7;11;6;10;6;9;6;8;6;7;6
1;2;7;16;3;9;4;9;5;9;6;9;7;9;7;8;8;8;9;8;10;8;10;9;11;9;12;9;13;9;14;9;15;9;16;9;17;9;18;9;18;8;18;7;18;6;18;5;18;4;18;3;18;2;17;2;16;2;15;2;14;2;14;3;14;4;14;5;14;6;14;7;14;8;13;8;12;8;11;8;11;7;11;6;10;6;9;6;8;6;7;6;7;7
1;3;7;16;4;9;5;9;6;9;7;9;7;8;8;8;9;8;10;8;10;9;11;9;12;9;13;9;14;9;15;9;16;9;17;9;18;9;18;8;18;7;18;6;18;5;18;4;18;3;18;2;17;2;16;2;15;2;14;2;14;3;14;4;14;5;14;6;14;7;14;8;13;8;12;8;11;8;11;7;11;6;10;6;9;6;8;6;7;6;7;7;6;7
1;2;7;16;5;9;6;9;7;9;7;8;8;8;9;8;10;8;10;9;11;9;12;9;13;9;14;9;15;9;16;9;17;9;18;9;18;8;18;7;18;6;18;5;18;4;18;3;18;2;17;2;16;2;15;2;14;2;14;3;14;4;14;5;14;6;14;7;14;8;13;8;12;8;11;8;11;7;11;6;10;6;9;6;8;6;7;6;7;7;6;7;6;8
1;3;7;16;6;9;7;9;7;8;8;8;9;8;10;8;10;9;11;9;12;9;13;9;14;9;15;9;16;9;17;9;18;9;18;8;18;7;18;6;18;5;18;4;18;3;18;2;17;2;16;2;15;2;14;2;14;3;14;4;14;5;14;6;14;7;14;8;13;8;12;8;11;8;11;7;11;6;10;6;9;6;8;6;7;6;7;7;6;7;6;8;5;8
1;2;7;16;7;9;7;8;8;8;9;8;10;8;10;9;11;9;12;9;13;9;14;9;15;9;16;9;17;9;18;9;18;8;18;7;18;6;18;5;18;4;18;3;18;2;17;2;16;2;15;2;14;2;14;3;14;4;14;5;14;6;14;7;14;8;13;8;12;8;11;8;11;7;11;6;10;6;9;6;8;6;7;6;7;7;6;7;6;8;5;8;5;9
1;1;7;16;7;8;8;8;9;8;10;8;10;9;11;9;12;9;13;9;14;9;15;9;16;9;17;9;18;9;18;8;18;7;18;6;18;5;18;4;18;3;18;2;17;2;16;2;15;2;14;2;14;3;14;4;14;5;14;6;14;7;14;8;13;8;12;8;11;8;11;7;11;6;10;6;9;6;8;6;7;6;7;7;6;7;6;8;5;8;5;9;6;9
1;1;7;16;8;8;9;8;10;8;10;9;11;9;12;9;13;9;14;9;15;9;16;9;17;9;18;9;18;8;18;7;18;6;18;5;18;4;18;3;18;2;17;2;16;2;15;2;14;2;14;3;14;4;14;5;14;6;14;7;14;8;13;8;12;8;11;8;11;7;11;6;10;6;9;6;8;6;7;6;7;7;6;7;6;8;5;8;5;9;6;9;7;9
1;2;7;16;9;8;10;8;10;9;11;9;12;9;13;9;14;9;15;9;16;9;17;9;18;9;18;8;18;7;18;6;18;5;18;4;18;3;18;2;17;2;16;2;15;2;14;2;14;3;14;4;14;5;14;6;14;7;14;8;13;8;12;8;11;8;11;7;11;6;10;6;9;6;8;6;7;6;7;7;6;7;6;8;5;8;5;9;6;9;7;9;7;10
1;2;7;16;10;8;10;9;11;9;12;9;13;9;14;9;15;9;16;9;17;9;18;9;18;8;18;7;18;6;18;5;18;4;18;3;18;2;17;2;16;2;15;2;14;2;14;3;14;4;14;5;14;6;14;7;14;8;13;8;12;8;11;8;11;7;11;6;10;6;9;6;8;6;7;6;7;7;6;7;6;8;5;8;5;9;6;9;7;9;7;10;7;11
1;2;7;16;10;9;11;9;12;9;13;9;14;9;15;9;16;9;17;9;18;9;18;8;18;7;18;6;18;5;18;4;18;3;18;2;17;2;16;2;15;2;14;2;14;3;14;4;14;5;14;6;14;7;14;8;13;8;12;8;11;8;11;7;11;6;10;6;9;6;8;6;7;6;7;7;6;7;6;8;5;8;5;9;6;9;7;9;7;10;7;11;7;12
1;2;7;16;11;9;12;9;13;9;14;9;15;9;16;9;17;9;18;9;18;8;18;7;18;6;18;5;18;4;18;3;18;2;17;2;16;2;15;2;14;2;14;3;14;4;14;5;14;6;14;7;14;8;13;8;12;8;11;8;11;7;11;6;10;6;9;6;8;6;7;6;7;7;6;7;6;8;5;8;5;9;6;9;7;9;7;10;7;11;7;12;7;13
1;2;7;16;12;9;13;9;14;9;15;9;16;9;17;9;18;9;18;8;18;7;18;6;18;5;18;4;18;3;18;2;17;2;16;2;15;2;14;2;14;3;14;4;14;5;14;6;14;7;14;8;13;8;12;8;11;8;11;7;11;6;10;6;9;6;8;6;7;6;7;7;6;7;6;8;5;8;5;9;6;9;7;9;7;10;7;11;7;12;7;13;7;14
1;2;7;16;13;9;14;9;15;9;16;9;17;9;18;9;18;8;18;7;18;6;18;5;18;4;18;3;18;2;17;2;16;2;15;2;14;2;14;3;14;4;14;5;14;6;14;7;14;8;13;8;12;8;11;8;11;7;11;6;10;6;9;6;8;6;7;6;7;7;6;7;6;8;5;8;5;9;6;9;7;9;7;10;7;11;7;12;7;13;7;14;7;15
1;2;17;19;14;9;14;9;15;9;16;9;17;9;18;9;18;8;18;7;18;6;18;5;18;4;18;3;18;2;17;2;16;2;15;2;14;2;14;3;14;4;14;5;14;6;14;7;14;8;13;8;12;8;11;8;11;7;11;6;10;6;9;6;8;6;7;6;7;7;6;7;6;8;5;8;5;9;6;9;7;9;7;10;7;11;7;12;7;13;7;14;7;15;7;16
1;2;17;19;14;9;15;9;16;9;17;9;18;9;18;8;18;7;18;6;18;5;18;4;18;3;18;2;17;2;16;2;15;2;14;2;14;3;14;4;14;5;14;6;14;7;14;8;13;8;12;8;11;8;11;7;11;6;10;6;9;6;8;6;7;6;7;7;6;7;6;8;5;8;5;9;6;9;7;9;7;10;7;11;7;12;7;13;7;14;7;15;7;16;7;17
1;2;17;19;15;9;16;9;17;9;18;9;18;8;18;7;18;6;18;5;18;4;18;3;18;2;17;2;16;2;15;2;14;2;14;3;14;4;14;5;14;6;14;7;14;8;13;8;12;8;11;8;11;7;11;6;10;6;9;6;8;6;7;6;7;7;6;7;6;8;5;8;5;9;6;9;7;9;7;10;7;11;7;12;7;13;7;14;7;15;7;16;7;17;7;18
1;2;17;19;16;9;17;9;18;9;18;8;18;7;18;6;18;5;18;4;18;3;18;2;17;2;16;2;15;2;14;2;14;3;14;4;14;5;14;6;14;7;14;8;13;8;12;8;11;8;11;7;11;6;10;6;9;6;8;6;7;6;7;7;6;7;6;8;5;8;5;9;6;9;7;9;7;10;7;11;7;12;7;13;7;14;7;15;7;16;7;17;7;18;7;19
1;1;17;19;17;9;18;9;18;8;18;7;18;6;18;5;18;4;18;3;18;2;17;2;16;2;15;2;14;2;14;3;14;4;14;5;14;6;14;7;14;8;13;8;12;8;11;8;11;7;11;6;10;6;9;6;8;6;7;6;7;7;6;7;6;8;5;8;5;9;6;9;7;9;7;10;7;11;7;12;7;13;7;14;7;15;7;16;7;17;7;18;7;19;8;19
1;1;17;19;18;9;18;8;18;7;18;6;18;5;18;4;18;3;18;2;17;2;16;2;15;2;14;2;14;3;14;4;14;5;14;6;14;7;14;8;13;8;12;8;11;8;11;7;11;6;10;6;9;6;8;6;7;6;7;7;6;7;6;8;5;8;5;9;6;9;7;9;7;10;7;11;7;12;7;13;7;14;7;15;7;16;7;17;7;18;7;19;8;19;9;19
1;1;17;19;18;8;18;7;18;6;18;5;18;4;18;3;18;2;17;2;16;2;15;2;14;2;14;3;14;4;14;5;14;6;14;7;14;8;13;8;12;8;11;8;11;7;11;6;10;6;9;6;8;6;7;6;7;7;6;7;6;8;5;8;5;9;6;9;7;9;7;10;7;11;7;12;7;13;7;14;7;15;7;16;7;17;7;18;7;19;8;19;9;19;10;19
1;1;17;19;18;7;18;6;18;5;18;4;18;3;18;2;17;2;16;2;15;2;14;2;14;3;14;4;14;5;14;6;14;7;14;8;13;8;12;8;11;8;11;7;11;6;10;6;9;6;8;6;7;6;7;7;6;7;6;8;5;8;5;9;6;9;7;9;7;10;7;11;7;12;7;13;7;14;7;15;7;16;7;17;7;18;7;19;8;19;9;19;10;19;11;19
1;1;17;19;18;6;18;5;18;4;18;3;18;2;17;2;16;2;15;2;14;2;14;3;14;4;14;5;14;6;14;7;14;8;13;8;12;8;11;8;11;7;11;6;10;6;9;6;8;6;7;6;7;7;6;7;6;8;5;8;5;9;6;9;7;9;7;10;7;11;7;12;7;13;7;14;7;15;7;16;7;17;7;18;7;19;8;19;9;19;10;19;11;19;12;19
1;1;17;19;18;5;18;4;18;3;18;2;17;2;16;2;15;2;14;2;14;3;14;4;14;5;14;6;14;7;14;8;13;8;12;8;11;8;11;7;11;6;10;6;9;6;8;6;7;6;7;7;6;7;6;8;5;8;5;9;6;9;7;9;7;10;7;11;7;12;7;13;7;14;7;15;7;16;7;17;7;18;7;19;8;19;9;19;10;19;11;19;12;19;13;19
1;1;17;19;18;4;18;3;18;2;17;2;16;2;15;2;14;2;14;3;14;4;14;5;14;6;14;7;14;8;13;8;12;8;11;8;11;7;11;6;10;6;9;6;8;6;7;6;7;7;6;7;6;8;5;8;5;9;6;9;7;9;7;10;7;11;7;12;7;13;7;14;7;15;7;16;7;17;7;18;7;19;8;19;9;19;10;19;11;19;12;19;13;19;14;19
1;1;17;19;18;3;18;2;17;2;16;2;15;2;14;2;14;3;14;4;14;5;14;6;14;7;14;8;13;8;12;8;11;8;11;7;11;6;10;6;9;6;8;6;7;6;7;7;6;7;6;8;5;8;5;9;6;9;7;9;7;10;7;11;7;12;7;13;7;14;7;15;7;16;7;17;7;18;7;19;8;19;9;19;10;19;11;19;12;19;13;19;14;19;15;19
1;1;17;19;18;2;17;2;16;2;15;2;14;2;14;3;14;4;14;5;14;6;14;7;14;8;13;8;12;8;11;8;11;7;11;6;10;6;9;6;8;6;7;6;7;7;6;7;6;8;5;8;5;9;6;9;7;9;7;10;7;11;7;12;7;13;7;14;7;15;7;16;7;17;7;18;7;19;8;19;9;19;10;19;11;19;12;19;13;19;14;19;15;19;16;19
1;1;9;14;17;2;17;2;16;2;15;2;14;2;14;3;14;4;14;5;14;6;14;7;14;8;13;8;12;8;11;8;11;7;11;6;10;6;9;6;8;6;7;6;7;7;6;7;6;8;5;8;5;9;6;9;7;9;7;10;7;11;7;12;7;13;7;14;7;15;7;16;7;17;7;18;7;19;8;19;9;19;10;19;11;19;12;19;13;19;14;19;15;19;16;19;17;19
1;0;9;14;17;2;16;2;15;2;14;2;14;3;14;4;14;5;14;6;14;7;14;8;13;8;12;8;11;8;11;7;11;6;10;6;9;6;8;6;7;6;7;7;6;7;6;8;5;8;5;9;6;9;7;9;7;10;7;11;7;12;7;13;7;14;7;15;7;16;7;17;7;18;7;19;8;19;9;19;10;19;11;19;12;19;13;19;14;19;15;19;16;19;17;19;17;18
1;0;9;14;16;2;15;2;14;2;14;3;14;4;14;5;14;6;14;7;14;8;13;8;12;8;11;8;11;7;11;6;10;6;9;6;8;6;7;6;7;7;6;7;6;8;5;8;5;9;6;9;7;9;7;10;7;11;7;12;7;13;7;14;7;15;7;16;7;17;7;18;7;19;8;19;9;19;10;19;11;19;12;19;13;19;14;19;15;19;16;19;17;19;17;18;17;17
1;0;9;14;15;2;14;2;14;3;14;4;14;5;14;6;14;7;14;8;13;8;12;8;11;8;11;7;11;6;10;6;9;6;8;6;7;6;7;7;6;7;6;8;5;8;5;9;6;9;7;9;7;10;7;11;7;12;7;13;7;14;7;15;7;16;7;17;7;18;7;19;8;19;9;19;10;19;11;19;12;19;13;19;14;19;15;19;16;19;17;19;17;18;17;17;17;16
1;0;9;14;14;2;14;3;14;4;14;5;14;6;14;7;14;8;13;8;12;8;11;8;11;7;11;6;10;6;9;6;8;6;7;6;7;7;6;7;6;8;5;8;5;9;6;9;7;9;7;10;7;11;7;12;7;13;7;14;7;15;7;16;7;17;7;18;7;19;8;19;9;19;10;19;11;19;12;19;13;19;14;19;15;19;16;19;17;19;17;18;17;17;17;16;17;15
1;0;9;14;14;3;14;4;14;5;14;6;14;7;14;8;13;8;12;8;11;8;11;7;11;6;10;6;9;6;8;6;7;6;7;7;6;7;6;8;5;8;5;9;6;9;7;9;7;10;7;11;7;12;7;13;7;14;7;15;7;16;7;17;7;18;7;19;8;19;9;19;10;19;11;19;12;19;13;19;14;19;15;19;16;19;17;19;17;18;17;17;17;16;17;15;17;14
1;3;9;14;14;4;14;5;14;6;14;7;14;8;13;8;12;8;11;8;11;7;11;6;10;6;9;6;8;6;7;6;7;7;6;7;6;8;5;8;5;9;6;9;7;9;7;10;7;11;7;12;7;13;7;14;7;15;7;16;7;17;7;18;7;19;8;19;9;19;10;19;11;19;12;19;13;19;14;19;15;19;16;19;17;19;17;18;17;17;17;16;17;15;17;14;16;14
1;3;9;14;14;5;14;6;14;7;14;8;13;8;12;8;11;8;11;7;11;6;10;6;9;6;8;6;7;6;7;7;6;7;6;8;5;8;5;9;6;9;7;9;7;10;7;11;7;12;7;13;7;14;7;15;7;16;7;17;7;18;7;19;8;19;9;19;10;19;11;19;12;19;13;19;14;19;15;19;16;19;17;19;17;18;17;17;17;16;17;15;17;14;16;14;15;14
1;3;9;14;14;6;14;7;14;8;13;8;12;8;11;8;11;7;11;6;10;6;9;6;8;6;7;6;7;7;6;7;6;8;5;8;5;9;6;9;7;9;7;10;7;11;7;12;7;13;7;14;7;15;7;16;7;17;7;18;7;19;8;19;9;19;10;19;11;19;12;19;13;19;14;19;15;19;16;19;17;19;17;18;17;17;17;16;17;15;17;14;16;14;15;14;14;14
1;3;9;14;14;7;14;8;13;8;12;8;11;8;11;7;11;6;10;6;9;6;8;6;7;6;7;7;6;7;6;8;5;8;5;9;6;9;7;9;7;10;7;11;7;12;7;13;7;14;7;15;7;16;7;17;7;18;7;19;8;19;9;19;10;19;11;19;12;19;13;19;14;19;15;19;16;19;17;19;17;18;17;17;17;16;17;15;17;14;16;14;15;14;14;14;13;14
1;3;9;14;14;8;13;8;12;8;11;8;11;7;11;6;10;6;9;6;8;6;7;6;7;7;6;7;6;8;5;8;5;9;6;9;7;9;7;10;7;11;7;12;7;13;7;14;7;15;7;16;7;17;7;18;7;19;8;19;9;19;10;19;11;19;12;19;13;19;14;19;15;19;16;19;17;19;17;18;17;17;17;16;17;15;17;14;16;14;15;14;14;14;13;14;12;14
1;3;9;14;13;8;12;8;11;8;11;7;11;6;10;6;9;6;8;6;7;6;7;7;6;7;6;8;5;8;5;9;6;9;7;9;7;10;7;11;7;12;7;13;7;14;7;15;7;16;7;17;7;18;7;19;8;19;9;19;10;19;11;19;12;19;13;19;14;19;15;19;16;19;17;19;17;18;17;17;17;16;17;15;17;14;16;14;15;14;14;14;13;14;12;14;11;14
1;3;9;14;12;8;11;8;11;7;11;6;10;6;9;6;8;6;7;6;7;7;6;7;6;8;5;8;5;9;6;9;7;9;7;10;7;11;7;12;7;13;7;14;7;15;7;16;7;17;7;18;7;19;8;19;9;19;10;19;11;19;12;19;13;19;14;19;15;19;16;19;17;19;17;18;17;17;17;16;17;15;17;14;16;14;15;14;14;14;13;14;12;14;11;14;10;14
1;3;11;3;11;8;11;8;11;7;11;6;10;6;9;6;8;6;7;6;7;7;6;7;6;8;5;8;5;9;6;9;7;9;7;10;7;11;7;12;7;13;7;14;7;15;7;16;7;17;7;18;7;19;8;19;9;19;10;19;11;19;12;19;13;19;14;19;15;19;16;19;17;19;17;18;17;17;17;16;17;15;17;14;16;14;15;14;14;14;13;14;12;14;11;14;10;14;9;14
1;0;11;3;11;8;11;7;11;6;10;6;9;6;8;6;7;6;7;7;6;7;6;8;5;8;5;9;6;9;7;9;7;10;7;11;7;12;7;13;7;14;7;15;7;16;7;17;7;18;7;19;8;19;9;19;10;19;11;19;12;19;13;19;14;19;15;19;16;19;17;19;17;18;17;17;17;16;17;15;17;14;16;14;15;14;14;14;13;14;12;14;11;14;10;14;9;14;9;13
1;1;11;3;11;7;11;6;10;6;9;6;8;6;7;6;7;7;6;7;6;8;5;8;5;9;6;9;7;9;7;10;7;11;7;12;7;13;7;14;7;15;7;16;7;17;7;18;7;19;8;19;9;19;10;19;11;19;12;19;13;19;14;19;15;19;16;19;17;19;17;18;17;17;17;16;17;15;17;14;16;14;15;14;14;14;13;14;12;14;11;14;10;14;9;14;9;13;10;13
1;1;11;3;11;6;10;6;9;6;8;6;7;6;7;7;6;7;6;8;5;8;5;9;6;9;7;9;7;10;7;11;7;12;7;13;7;14;7;15;7;16;7;17;7;18;7;19;8;19;9;19;10;19;11;19;12;19;13;19;14;19;15;19;16;19;17;19;17;18;17;17;17;16;17;15;17;14;16;14;15;14;14;14;13;14;12;14;11;14;10;14;9;14;9;13;10;13;11;13
1;0;11;3;10;6;9;6;8;6;7;6;7;7;6;7;6;8;5;8;5;9;6;9;7;9;7;10;7;11;7;12;7;13;7;14;7;15;7;16;7;17;7;18;7;19;8;19;9;19;10;19;11;19;12;19;13;19;14;19;15;19;16;19;17;19;17;18;17;17;17;16;17;15;17;14;16;14;15;14;14;14;13;14;12;14;11;14;10;14;9;14;9;13;10;13;11;13;11;12
1;0;11;3;9;6;8;6;7;6;7;7;6;7;6;8;5;8;5;9;6;9;7;9;7;10;7;11;7;12;7;13;7;14;7;15;7;16;7;17;7;18;7;19;8;19;9;19;10;19;11;19;12;19;13;19;14;19;15;19;16;19;17;19;17;18;17;17;17;16;17;15;17;14;16;14;15;14;14;14;13;14;12;14;11;14;10;14;9;14;9;13;10;13;11;13;11;12;11;11
1;0;11;3;8;6;7;6;7;7;6;7;6;8;5;8;5;9;6;9;7;9;7;10;7;11;7;12;7;13;7;14;7;15;7;16;7;17;7;18;7;19;8;19;9;19;10;19;11;19;12;19;13;19;14;19;15;19;16;19;17;19;17;18;17;17;17;16;17;15;17;14;16;14;15;14;14;14;13;14;12;14;11;14;10;14;9;14;9;13;10;13;11;13;11;12;11;11;11;10
1;0;11;3;7;6;7;7;6;7;6;8;5;8;5;9;6;9;7;9;7;10;7;11;7;12;7;13;7;14;7;15;7;16;7;17;7;18;7;19;8;19;9;19;10;19;11;19;12;19;13;19;14;19;15;19;16;19;17;19;17;18;17;17;17;16;17;15;17;14;16;14;15;14;14;14;13;14;12;14;11;14;10;14;9;14;9;13;10;13;11;13;11;12;11;11;11;10;11;9
1;0;11;3;7;7;6;7;6;8;5;8;5;9;6;9;7;9;7;10;7;11;7;12;7;13;7;14;7;15;7;16;7;17;7;18;7;19;8;19;9;19;10;19;11;19;12;19;13;19;14;19;15;19;16;19;17;19;17;18;17;17;17;16;17;15;17;14;16;14;15;14;14;14;13;14;12;14;11;14;10;14;9;14;9;13;10;13;11;13;11;12;11;11;11;10;11;9;11;8
1;0;11;3;6;7;6;8;5;8;5;9;6;9;7;9;7;10;7;11;7;12;7;13;7;14;7;15;7;16;7;17;7;18;7;19;8;19;9;19;10;19;11;19;12;19;13;19;14;19;15;19;16;19;17;19;17;18;17;17;17;16;17;15;17;14;16;14;15;14;14;14;13;14;12;14;11;14;10;14;9;14;9;13;10;13;11;13;11;12;11;11;11;10;11;9;11;8;11;7
1;0;11;3;6;8;5;8;5;9;6;9;7;9;7;10;7;11;7;12;7;13;7;14;7;15;7;16;7;17;7;18;7;19;8;19;9;19;10;19;11;19;12;19;13;19;14;19;15;19;16;19;17;19;17;18;17;17;17;16;17;15;17;14;16;14;15;14;14;14;13;14;12;14;11;14;10;14;9;14;9;13;10;13;11;13;11;12;11;11;11;10;11;9;11;8;11;7;11;6
1;0;11;3;5;8;5;9;6;9;7;9;7;10;7;11;7;12;7;13;7;14;7;15;7;16;7;17;7;18;7;19;8;19;9;19;10;19;11;19;12;19;13;19;14;19;15;19;16;19;17;19;17;18;17;17;17;16;17;15;17;14;16;14;15;14;14;14;13;14;12;14;11;14;10;14;9;14;9;13;10;13;11;13;11;12;11;11;11;10;11;9;11;8;11;7;11;6;11;5
1;0;11;3;5;9;6;9;7;9;7;10;7;11;7;12;7;13;7;14;7;15;7;16;7;17;7;18;7;19;8;19;9;19;10;19;11;19;12;19;13;19;14;19;15;19;16;19;17;19;17;18;17;17;17;16;17;15;17;14;16;14;15;14;14;14;13;14;12;14;11;14;10;14;9;14;9;13;10;13;11;13;11;12;11;11;11;10;11;9;11;8;11;7;11;6;11;5;11;4
1;0;8;8;6;9;6;9;7;9;7;10;7;11;7;12;7;13;7;14;7;15;7;16;7;17;7;18;7;19;8;19;9;19;10;19;11;19;12;19;13;19;14;19;15;19;16;19;17;19;17;18;17;17;17;16;17;15;17;14;16;14;15;14;14;14;13;14;12;14;11;14;10;14;9;14;9;13;10;13;11;13;11;12;11;11;11;10;11;9;11;8;11;7;11;6;11;5;11;4;11;3
1;3;8;8;6;9;7;9;7;10;7;11;7;12;7;13;7;14;7;15;7;16;7;17;7;18;7;19;8;19;9;19;10;19;11;19;12;19;13;19;14;19;15;19;16;19;17;19;17;18;17;17;17;16;17;15;17;14;16;14;15;14;14;14;13;14;12;14;11;14;10;14;9;14;9;13;10;13;11;13;11;12;11;11;11;10;11;9;11;8;11;7;11;6;11;5;11;4;11;3;10;3
1;3;8;8;7;9;7;10;7;11;7;12;7;13;7;14;7;15;7;16;7;17;7;18;7;19;8;19;9;19;10;19;11;19;12;19;13;19;14;19;15;19;16;19;17;19;17;18;17;17;17;16;17;15;17;14;16;14;15;14;14;14;13;14;12;14;11;14;10;14;9;14;9;13;10;13;11;13;11;12;11;11;11;10;11;9;11;8;11;7;11;6;11;5;11;4;11;3;10;3;9;3
1;3;8;8;7;10;7;11;7;12;7;13;7;14;7;15;7;16;7;17;7;18;7;19;8;19;9;19;10;19;11;19;12;19;13;19;14;19;15;19;16;19;17;19;17;18;17;17;17;16;17;15;17;14;16;14;15;14;14;14;13;14;12;14;11;14;10;14;9;14;9;13;10;13;11;13;11;12;11;11;11;10;11;9;11;8;11;7;11;6;11;5;11;4;11;3;10;3;9;3;8;3
1;2;8;8;7;11;7;12;7;13;7;14;7;15;7;16;7;17;7;18;7;19;8;19;9;19;10;19;11;19;12;19;13;19;14;19;15;19;16;19;17;19;17;18;17;17;17;16;17;15;17;14;16;14;15;14;14;14;13;14;12;14;11;14;10;14;9;14;9;13;10;13;11;13;11;12;11;11;11;10;11;9;11;8;11;7;11;6;11;5;11;4;11;3;10;3;9;3;8;3;8;4
1;2;8;8;7;12;7;13;7;14;7;15;7;16;7;17;7;18;7;19;8;19;9;19;10;19;11;19;12;19;13;19;14;19;15;19;16;19;17;19;17;18;17;17;17;16;17;15;17;14;16;14;15;14;14;14;13;14;12;14;11;14;10;14;9;14;9;13;10;13;11;13;11;12;11;11;11;10;11;9;11;8;11;7;11;6;11;5;11;4;11;3;10;3;9;3;8;3;8;4;8;5
1;2;8;8;7;13;7;14;7;15;7;16;7;17;7;18;7;19;8;19;9;19;10;19;11;19;12;19;13;19;14;19;15;19;16;19;17;19;17;18;17;17;17;16;17;15;17;14;16;14;15;14;14;14;13;14;12;14;11;14;10;14;9;14;9;13;10;13;11;13;11;12;11;11;11;10;11;9;11;8;11;7;11;6;11;5;11;4;11;3;10;3;9;3;8;3;8;4;8;5;8;6
1;2;8;8;7;14;7;15;7;16;7;17;7;18;7;19;8;19;9;19;10;19;11;19;12;19;13;19;14;19;15;19;16;19;17;19;17;18;17;17;17;16;17;15;17;14;16;14;15;14;14;14;13;14;12;14;11;14;10;14;9;14;9;13;10;13;11;13;11;12;11;11;11;10;11;9;11;8;11;7;11;6;11;5;11;4;11;3;10;3;9;3;8;3;8;4;8;5;8;6;8;7
1;2;7;14;7;15;7;15;7;16;7;17;7;18;7;19;8;19;9;19;10;19;11;19;12;19;13;19;14;19;15;19;16;19;17;19;17;18;17;17;17;16;17;15;17;14;16;14;15;14;14;14;13;14;12;14;11;14;10;14;9;14;9;13;10;13;11;13;11;12;11;11;11;10;11;9;11;8;11;7;11;6;11;5;11;4;11;3;10;3;9;3;8;3;8;4;8;5;8;6;8;7;8;8
1;3;7;14;7;15;7;16;7;17;7;18;7;19;8;19;9;19;10;19;11;19;12;19;13;19;14;19;15;19;16;19;17;19;17;18;17;17;17;16;17;15;17;14;16;14;15;14;14;14;13;14;12;14;11;14;10;14;9;14;9;13;10;13;11;13;11;12;11;11;11;10;11;9;11;8;11;7;11;6;11;5;11;4;11;3;10;3;9;3;8;3;8;4;8;5;8;6;8;7;8;8;7;8
1;2;7;14;7;16;7;17;7;18;7;19;8;19;9;19;10;19;11;19;12;19;13;19;14;19;15;19;16;19;17;19;17;18;17;17;17;16;17;15;17;14;16;14;15;14;14;14;13;14;12;14;11;14;10;14;9;14;9;13;10;13;11;13;11;12;11;11;11;10;11;9;11;8;11;7;11;6;11;5;11;4;11;3;10;3;9;3;8;3;8;4;8;5;8;6;8;7;8;8;7;8;7;9
1;2;7;14;7;17;7;18;7;19;8;19;9;19;10;19;11;19;12;19;13;19;14;19;15;19;16;19;17;19;17;18;17;17;17;16;17;15;17;14;16;14;15;14;14;14;13;14;12;14;11;14;10;14;9;14;9;13;10;13;11;13;11;12;11;11;11;10;11;9;11;8;11;7;11;6;11;5;11;4;11;3;10;3;9;3;8;3;8;4;8;5;8;6;8;7;8;8;7;8;7;9;7;10
1;2;7;14;7;18;7;19;8;19;9;19;10;19;11;19;12;19;13;19;14;19;15;19;16;19;17;19;17;18;17;17;17;16;17;15;17;14;16;14;15;14;14;14;13;14;12;14;11;14;10;14;9;14;9;13;10;13;11;13;11;12;11;11;11;10;11;9;11;8;11;7;11;6;11;5;11;4;11;3;10;3;9;3;8;3;8;4;8;5;8;6;8;7;8;8;7;8;7;9;7;10;7;11
1;2;7;14;7;19;8;19;9;19;10;19;11;19;12;19;13;19;14;19;15;19;16;19;17;19;17;18;17;17;17;16;17;15;17;14;16;14;15;14;14;14;13;14;12;14;11;14;10;14;9;14;9;13;10;13;11;13;11;12;11;11;11;10;11;9;11;8;11;7;11;6;11;5;11;4;11;3;10;3;9;3;8;3;8;4;8;5;8;6;8;7;8;8;7;8;7;9;7;10;7;11;7;12
1;2;7;14;8;19;9;19;10;19;11;19;12;19;13;19;14;19;15;19;16;19;17;19;17;18;17;17;17;16;17;15;17;14;16;14;15;14;14;14;13;14;12;14;11;14;10;14;9;14;9;13;10;13;11;13;11;12;11;11;11;10;11;9;11;8;11;7;11;6;11;5;11;4;11;3;10;3;9;3;8;3;8;4;8;5;8;6;8;7;8;8;7;8;7;9;7;10;7;11;7;12;7;13
1;2;12;12;9;19;9;19;10;19;11;19;12;19;13;19;14;19;15;19;16;19;17;19;17;18;17;17;17;16;17;15;17;14;16;14;15;14;14;14;13;14;12;14;11;14;10;14;9;14;9;13;10;13;11;13;11;12;11;11;11;10;11;9;11;8;11;7;11;6;11;5;11;4;11;3;10;3;9;3;8;3;8;4;8;5;8;6;8;7;8;8;7;8;7;9;7;10;7;11;7;12;7;13;7;14
1;1;12;12;9;19;10;19;11;19;12;19;13;19;14;19;15;19;16;19;17;19;17;18;17;17;17;16;17;15;17;14;16;14;15;14;14;14;13;14;12;14;11;14;10;14;9;14;9;13;10;13;11;13;11;12;11;11;11;10;11;9;11;8;11;7;11;6;11;5;11;4;11;3;10;3;9;3;8;3;8;4;8;5;8;6;8;7;8;8;7;8;7;9;7;10;7;11;7;12;7;13;7;14;8;14
1;0;12;12;10;19;11;19;12;19;13;19;14;19;15;19;16;19;17;19;17;18;17;17;17;16;17;15;17;14;16;14;15;14;14;14;13;14;12;14;11;14;10;14;9;14;9;13;10;13;11;13;11;12;11;11;11;10;11;9;11;8;11;7;11;6;11;5;11;4;11;3;10;3;9;3;8;3;8;4;8;5;8;6;8;7;8;8;7;8;7;9;7;10;7;11;7;12;7;13;7;14;8;14;8;13
1;0;12;12;11;19;12;19;13;19;14;19;15;19;16;19;17;19;17;18;17;17;17;16;17;15;17;14;16;14;15;14;14;14;13;14;12;14;11;14;10;14;9;14;9;13;10;13;11;13;11;12;11;11;11;10;11;9;11;8;11;7;11;6;11;5;11;4;11;3;10;3;9;3;8;3;8;4;8;5;8;6;8;7;8;8;7;8;7;9;7;10;7;11;7;12;7;13;7;14;8;14;8;13;8;12
1;1;12;12;12;19;13;19;14;19;15;19;16;19;17;19;17;18;17;17;17;16;17;15;17;14;16;14;15;14;14;14;13;14;12;14;11;14;10;14;9;14;9;13;10;13;11;13;11;12;11;11;11;10;11;9;11;8;11;7;11;6;11;5;11;4;11;3;10;3;9;3;8;3;8;4;8;5;8;6;8;7;8;8;7;8;7;9;7;10;7;11;7;12;7;13;7;14;8;14;8;13;8;12;9;12
1;0;12;12;13;19;14;19;15;19;16;19;17;19;17;18;17;17;17;16;17;15;17;14;16;14;15;14;14;14;13;14;12;14;11;14;10;14;9;14;9;13;10;13;11;13;11;12;11;11;11;10;11;9;11;8;11;7;11;6;11;5;11;4;11;3;10;3;9;3;8;3;8;4;8;5;8;6;8;7;8;8;7;8;7;9;7;10;7;11;7;12;7;13;7;14;8;14;8;13;8;12;9;12;9;11
1;3;12;12;14;19;15;19;16;19;17;19;17;18;17;17;17;16;17;15;17;14;16;14;15;14;14;14;13;14;12;14;11;14;10;14;9;14;9;13;10;13;11;13;11;12;11;11;11;10;11;9;11;8;11;7;11;6;11;5;11;4;11;3;10;3;9;3;8;3;8;4;8;5;8;6;8;7;8;8;7;8;7;9;7;10;7;11;7;12;7;13;7;14;8;14;8;13;8;12;9;12;9;11;8;11
1;0;12;12;15;19;16;19;17;19;17;18;17;17;17;16;17;15;17;14;16;14;15;14;14;14;13;14;12;14;11;14;10;14;9;14;9;13;10;13;11;13;11;12;11;11;11;10;11;9;11;8;11;7;11;6;11;5;11;4;11;3;10;3;9;3;8;3;8;4;8;5;8;6;8;7;8;8;7;8;7;9;7;10;7;11;7;12;7;13;7;14;8;14;8;13;8;12;9;12;9;11;8;11;8;10
1;1;12;12;16;19;17;19;17;18;17;17;17;16;17;15;17;14;16;14;15;14;14;14;13;14;12;14;11;14;10;14;9;14;9;13;10;13;11;13;11;12;11;11;11;10;11;9;11;8;11;7;11;6;11;5;11;4;11;3;10;3;9;3;8;3;8;4;8;5;8;6;8;7;8;8;7;8;7;9;7;10;7;11;7;12;7;13;7;14;8;14;8;13;8;12;9;12;9;11;8;11;8;10;9;10
1;0;12;12;17;19;17;18;17;17;17;16;17;15;17;14;16;14;15;14;14;14;13;14;12;14;11;14;10;14;9;14;9;13;10;13;11;13;11;12;11;11;11;10;11;9;11;8;11;7;11;6;11;5;11;4;11;3;10;3;9;3;8;3;8;4;8;5;8;6;8;7;8;8;7;8;7;9;7;10;7;11;7;12;7;13;7;14;8;14;8;13;8;12;9;12;9;11;8;11;8;10;9;10;9;9
1;0;12;12;17;18;17;17;17;16;17;15;17;14;16;14;15;14;14;14;13;14;12;14;11;14;10;14;9;14;9;13;10;13;11;13;11;12;11;11;11;10;11;9;11;8;11;7;11;6;11;5;11;4;11;3;10;3;9;3;8;3;8;4;8;5;8;6;8;7;8;8;7;8;7;9;7;10;7;11;7;12;7;13;7;14;8;14;8;13;8;12;9;12;9;11;8;11;8;10;9;10;9;9;9;8
1;0;12;12;17;17;17;16;17;15;17;14;16;14;15;14;14;14;13;14;12;14;11;14;10;14;9;14;9;13;10;13;11;13;11;12;11;11;11;10;11;9;11;8;11;7;11;6;11;5;11;4;11;3;10;3;9;3;8;3;8;4;8;5;8;6;8;7;8;8;7;8;7;9;7;10;7;11;7;12;7;13;7;14;8;14;8;13;8;12;9;12;9;11;8;11;8;10;9;10;9;9;9;8;9;7
1;1;12;12;17;16;17;15;17;14;16;14;15;14;14;14;13;14;12;14;11;14;10;14;9;14;9;13;10;13;11;13;11;12;11;11;11;10;11;9;11;8;11;7;11;6;11;5;11;4;11;3;10;3;9;3;8;3;8;4;8;5;8;6;8;7;8;8;7;8;7;9;7;10;7;11;7;12;7;13;7;14;8;14;8;13;8;12;9;12;9;11;8;11;8;10;9;10;9;9;9;8;9;7;10;7
1;0;12;12;17;15;17;14;16;14;15;14;14;14;13;14;12;14;11;14;10;14;9;14;9;13;10;13;11;13;11;12;11;11;11;10;11;9;11;8;11;7;11;6;11;5;11;4;11;3;10;3;9;3;8;3;8;4;8;5;8;6;8;7;8;8;7;8;7;9;7;10;7;11;7;12;7;13;7;14;8;14;8;13;8;12;9;12;9;11;8;11;8;10;9;10;9;9;9;8;9;7;10;7;10;6
1;3;12;12;17;14;16;14;15;14;14;14;13;14;12;14;11;14;10;14;9;14;9;13;10;13;11;13;11;12;11;11;11;10;11;9;11;8;11;7;11;6;11;5;11;4;11;3;10;3;9;3;8;3;8;4;8;5;8;6;8;7;8;8;7;8;7;9;7;10;7;11;7;12;7;13;7;14;8;14;8;13;8;12;9;12;9;11;8;11;8;10;9;10;9;9;9;8;9;7;10;7;10;6;9;6
