15
1;1;2;7;5;7;6;7;7;7
1;2;2;7;6;7;7;7;7;8
1;3;2;7;7;7;7;8;6;8
1;0;2;7;7;8;6;8;6;7
1;3;2;7;6;8;6;7;5;7
1;3;2;7;6;7;5;7;4;7
1;3;2;7;5;7;4;7;3;7
1;3;7;10;4;7;4;7;3;7;2;7
1;2;7;10;4;7;3;7;2;7;2;8
1;2;7;10;3;7;2;7;2;8;2;9
1;2;7;10;2;7;2;8;2;9;2;10
1;1;7;10;2;8;2;9;2;10;3;10
1;1;7;10;2;9;2;10;3;10;4;10
1;1;7;10;2;10;3;10;4;10;5;10
1;1;7;10;3;10;4;10;5;10;6;10
1;1;0;1;4;10;4;10;5;10;6;10;7;10
1;0;0;1;4;10;5;10;6;10;7;10;7;9
1;0;0;1;5;10;6;10;7;10;7;9;7;8
1;0;0;1;6;10;7;10;7;9;7;8;7;7
1;0;0;1;7;10;7;9;7;8;7;7;7;6
1;0;0;1;7;9;7;8;7;7;7;6;7;5
1;0;0;1;7;8;7;7;7;6;7;5;7;4
1;0;0;1;7;7;7;6;7;5;7;4;7;3
1;0;0;1;7;6;7;5;7;4;7;3;7;2
1;0;0;1;7;5;7;4;7;3;7;2;7;1
1;3;0;1;7;4;7;3;7;2;7;1;6;1
1;3;0;1;7;3;7;2;7;1;6;1;5;1
1;3;0;1;7;2;7;1;6;1;5;1;4;1
1;3;0;1;7;1;6;1;5;1;4;1;3;1
1;3;0;1;6;1;5;1;4;1;3;1;2;1
1;3;0;1;5;1;4;1;3;1;2;1;1;1
1;3;13;11;4;1;4;1;3;1;2;1;1;1;0;1
1;2;13;11;4;1;3;1;2;1;1;1;0;1;0;2
1;2;13;11;3;1;2;1;1;1;0;1;0;2;0;3
1;2;13;11;2;1;1;1;0;1;0;2;0;3;0;4
1;2;13;11;1;1;0;1;0;2;0;3;0;4;0;5
1;2;13;11;0;1;0;2;0;3;0;4;0;5;0;6
1;2;13;11;0;2;0;3;0;4;0;5;0;6;0;7
1;2;13;11;0;3;0;4;0;5;0;6;0;7;0;8
1;2;13;11;0;4;0;5;0;6;0;7;0;8;0;9
1;2;13;11;0;5;0;6;0;7;0;8;0;9;0;10
1;2;13;11;0;6;0;7;0;8;0;9;0;10;0;11
1;1;13;11;0;7;0;8;0;9;0;10;0;11;1;11
1;1;13;11;0;8;0;9;0;10;0;11;1;11;2;11
1;1;13;11;0;9;0;10;0;11;1;11;2;11;3;11
1;1;13;11;0;10;0;11;1;11;2;11;3;11;4;11
1;1;13;11;0;11;1;11;2;11;3;11;4;11;5;11
1;1;13;11;1;11;2;11;3;11;4;11;5;11;6;11
1;1;13;11;2;11;3;11;4;11;5;11;6;11;7;11
1;1;13;11;3;11;4;11;5;11;6;11;7;11;8;11
1;1;13;11;4;11;5;11;6;11;7;11;8;11;9;11
1;1;13;11;5;11;6;11;7;11;8;11;9;11;10;11
1;1;13;11;6;11;7;11;8;11;9;11;10;11;11;11
1;1;13;11;7;11;8;11;9;11;10;11;11;11;12;11
1;1;4;5;8;11;8;11;9;11;10;11;11;11;12;11;13;11
1;0;4;5;8;11;9;11;10;11;11;11;12;11;13;11;13;10
1;0;4;5;9;11;10;11;11;11;12;11;13;11;13;10;13;9
1;0;4;5;10;11;11;11;12;11;13;11;13;10;13;9;13;8
1;0;4;5;11;11;12;11;13;11;13;10;13;9;13;8;13;7
1;0;4;5;12;11;13;11;13;10;13;9;13;8;13;7;13;6
1;0;4;5;13;11;13;10;13;9;13;8;13;7;13;6;13;5
1;3;4;5;13;10;13;9;13;8;13;7;13;6;13;5;12;5
1;3;4;5;13;9;13;8;13;7;13;6;13;5;12;5;11;5
1;3;4;5;13;8;13;7;13;6;13;5;12;5;11;5;10;5
1;3;4;5;13;7;13;6;13;5;12;5;11;5;10;5;9;5
1;3;4;5;13;6;13;5;12;5;11;5;10;5;9;5;8;5
1;3;4;5;13;5;12;5;11;5;10;5;9;5;8;5;7;5
1;3;4;5;12;5;11;5;10;5;9;5;8;5;7;5;6;5
1;3;4;5;11;5;10;5;9;5;8;5;7;5;6;5;5;5
1;3;12;10;10;5;10;5;9;5;8;5;7;5;6;5;5;5;4;5
1;2;12;10;10;5;9;5;8;5;7;5;6;5;5;5;4;5;4;6
1;2;12;10;9;5;8;5;7;5;6;5;5;5;4;5;4;6;4;7
1;2;12;10;8;5;7;5;6;5;5;5;4;5;4;6;4;7;4;8
1;2;12;10;7;5;6;5;5;5;4;5;4;6;4;7;4;8;4;9
1;2;12;10;6;5;5;5;4;5;4;6;4;7;4;8;4;9;4;10
1;1;12;10;5;5;4;5;4;6;4;7;4;8;4;9;4;10;5;10
1;1;12;10;4;5;4;6;4;7;4;8;4;9;4;10;5;10;6;10
1;1;12;10;4;6;4;7;4;8;4;9;4;10;5;10;6;10;7;10
1;1;12;10;4;7;4;8;4;9;4;10;5;10;6;10;7;10;8;10
1;1;12;10;4;8;4;9;4;10;5;10;6;10;7;10;8;10;9;10
1;1;12;10;4;9;4;10;5;10;6;10;7;10;8;10;9;10;10;10
1;1;12;10;4;10;5;10;6;10;7;10;8;10;9;10;10;10;11;10
1;1;6;7;5;10;5;10;6;10;7;10;8;10;9;10;10;10;11;10;12;10
1;0;6;7;5;10;6;10;7;10;8;10;9;10;10;10;11;10;12;10;12;9
1;0;6;7;6;10;7;10;8;10;9;10;10;10;11;10;12;10;12;9;12;8
1;0;6;7;7;10;8;10;9;10;10;10;11;10;12;10;12;9;12;8;12;7
1;3;6;7;8;10;9;10;10;10;11;10;12;10;12;9;12;8;12;7;11;7
1;3;6;7;9;10;10;10;11;10;12;10;12;9;12;8;12;7;11;7;10;7
1;3;6;7;10;10;11;10;12;10;12;9;12;8;12;7;11;7;10;7;9;7
1;3;6;7;11;10;12;10;12;9;12;8;12;7;11;7;10;7;9;7;8;7
1;3;6;7;12;10;12;9;12;8;12;7;11;7;10;7;9;7;8;7;7;7
1;3;7;0;12;9;12;9;12;8;12;7;11;7;10;7;9;7;8;7;7;7;6;7
1;0;7;0;12;9;12;8;12;7;11;7;10;7;9;7;8;7;7;7;6;7;6;6
1;1;7;0;12;8;12;7;11;7;10;7;9;7;8;7;7;7;6;7;6;6;7;6
1;0;7;0;12;7;11;7;10;7;9;7;8;7;7;7;6;7;6;6;7;6;7;5
1;0;7;0;11;7;10;7;9;7;8;7;7;7;6;7;6;6;7;6;7;5;7;4
1;0;7;0;10;7;9;7;8;7;7;7;6;7;6;6;7;6;7;5;7;4;7;3
1;0;7;0;9;7;8;7;7;7;6;7;6;6;7;6;7;5;7;4;7;3;7;2
1;0;7;0;8;7;7;7;6;7;6;6;7;6;7;5;7;4;7;3;7;2;7;1
1;0;3;14;7;7;7;7;6;7;6;6;7;6;7;5;7;4;7;3;7;2;7;1;7;0
1;3;3;14;7;7;6;7;6;6;7;6;7;5;7;4;7;3;7;2;7;1;7;0;6;0
1;3;3;14;6;7;6;6;7;6;7;5;7;4;7;3;7;2;7;1;7;0;6;0;5;0
1;2;3;14;6;6;7;6;7;5;7;4;7;3;7;2;7;1;7;0;6;0;5;0;5;1
1;2;3;14;7;6;7;5;7;4;7;3;7;2;7;1;7;0;6;0;5;0;5;1;5;2
1;2;3;14;7;5;7;4;7;3;7;2;7;1;7;0;6;0;5;0;5;1;5;2;5;3
1;2;3;14;7;4;7;3;7;2;7;1;7;0;6;0;5;0;5;1;5;2;5;3;5;4
1;2;3;14;7;3;7;2;7;1;7;0;6;0;5;0;5;1;5;2;5;3;5;4;5;5
1;3;3;14;7;2;7;1;7;0;6;0;5;0;5;1;5;2;5;3;5;4;5;5;4;5
1;3;3;14;7;1;7;0;6;0;5;0;5;1;5;2;5;3;5;4;5;5;4;5;3;5
1;2;3;14;7;0;6;0;5;0;5;1;5;2;5;3;5;4;5;5;4;5;3;5;3;6
1;2;3;14;6;0;5;0;5;1;5;2;5;3;5;4;5;5;4;5;3;5;3;6;3;7
1;2;3;14;5;0;5;1;5;2;5;3;5;4;5;5;4;5;3;5;3;6;3;7;3;8
1;2;3;14;5;1;5;2;5;3;5;4;5;5;4;5;3;5;3;6;3;7;3;8;3;9
1;2;3;14;5;2;5;3;5;4;5;5;4;5;3;5;3;6;3;7;3;8;3;9;3;10
1;2;3;14;5;3;5;4;5;5;4;5;3;5;3;6;3;7;3;8;3;9;3;10;3;11
1;2;3;14;5;4;5;5;4;5;3;5;3;6;3;7;3;8;3;9;3;10;3;11;3;12
1;2;3;14;5;5;4;5;3;5;3;6;3;7;3;8;3;9;3;10;3;11;3;12;3;13
1;2;14;9;4;5;4;5;3;5;3;6;3;7;3;8;3;9;3;10;3;11;3;12;3;13;3;14
1;1;14;9;4;5;3;5;3;6;3;7;3;8;3;9;3;10;3;11;3;12;3;13;3;14;4;14
1;1;14;9;3;5;3;6;3;7;3;8;3;9;3;10;3;11;3;12;3;13;3;14;4;14;5;14
1;1;14;9;3;6;3;7;3;8;3;9;3;10;3;11;3;12;3;13;3;14;4;14;5;14;6;14
1;1;14;9;3;7;3;8;3;9;3;10;3;11;3;12;3;13;3;14;4;14;5;14;6;14;7;14
1;1;14;9;3;8;3;9;3;10;3;11;3;12;3;13;3;14;4;14;5;14;6;14;7;14;8;14
1;1;14;9;3;9;3;10;3;11;3;12;3;13;3;14;4;14;5;14;6;14;7;14;8;14;9;14
1;1;14;9;3;10;3;11;3;12;3;13;3;14;4;14;5;14;6;14;7;14;8;14;9;14;10;14
1;1;14;9;3;11;3;12;3;13;3;14;4;14;5;14;6;14;7;14;8;14;9;14;10;14;11;14
1;1;14;9;3;12;3;13;3;14;4;14;5;14;6;14;7;14;8;14;9;14;10;14;11;14;12;14
1;1;14;9;3;13;3;14;4;14;5;14;6;14;7;14;8;14;9;14;10;14;11;14;12;14;13;14
1;1;14;9;3;14;4;14;5;14;6;14;7;14;8;14;9;14;10;14;11;14;12;14;13;14;14;14
1;0;14;9;4;14;5;14;6;14;7;14;8;14;9;14;10;14;11;14;12;14;13;14;14;14;14;13
1;0;14;9;5;14;6;14;7;14;8;14;9;14;10;14;11;14;12;14;13;14;14;14;14;13;14;12
1;0;14;9;6;14;7;14;8;14;9;14;10;14;11;14;12;14;13;14;14;14;14;13;14;12;14;11
1;0;14;9;7;14;8;14;9;14;10;14;11;14;12;14;13;14;14;14;14;13;14;12;14;11;14;10
1;0;8;5;8;14;8;14;9;14;10;14;11;14;12;14;13;14;14;14;14;13;14;12;14;11;14;10;14;9
1;0;8;5;8;14;9;14;10;14;11;14;12;14;13;14;14;14;14;13;14;12;14;11;14;10;14;9;14;8
1;0;8;5;9;14;10;14;11;14;12;14;13;14;14;14;14;13;14;12;14;11;14;10;14;9;14;8;14;7
1;0;8;5;10;14;11;14;12;14;13;14;14;14;14;13;14;12;14;11;14;10;14;9;14;8;14;7;14;6
1;0;8;5;11;14;12;14;13;14;14;14;14;13;14;12;14;11;14;10;14;9;14;8;14;7;14;6;14;5
1;3;8;5;12;14;13;14;14;14;14;13;14;12;14;11;14;10;14;9;14;8;14;7;14;6;14;5;13;5
1;3;8;5;13;14;14;14;14;13;14;12;14;11;14;10;14;9;14;8;14;7;14;6;14;5;13;5;12;5
1;3;8;5;14;14;14;13;14;12;14;11;14;10;14;9;14;8;14;7;14;6;14;5;13;5;12;5;11;5
1;3;8;5;14;13;14;12;14;11;14;10;14;9;14;8;14;7;14;6;14;5;13;5;12;5;11;5;10;5
1;3;8;5;14;12;14;11;14;10;14;9;14;8;14;7;14;6;14;5;13;5;12;5;11;5;10;5;9;5
1;3;9;12;14;11;14;11;14;10;14;9;14;8;14;7;14;6;14;5;13;5;12;5;11;5;10;5;9;5;8;5
1;2;9;12;14;11;14;10;14;9;14;8;14;7;14;6;14;5;13;5;12;5;11;5;10;5;9;5;8;5;8;6
1;2;9;12;14;10;14;9;14;8;14;7;14;6;14;5;13;5;12;5;11;5;10;5;9;5;8;5;8;6;8;7
1;2;9;12;14;9;14;8;14;7;14;6;14;5;13;5;12;5;11;5;10;5;9;5;8;5;8;6;8;7;8;8
1;2;9;12;14;8;14;7;14;6;14;5;13;5;12;5;11;5;10;5;9;5;8;5;8;6;8;7;8;8;8;9
1;1;9;12;14;7;14;6;14;5;13;5;12;5;11;5;10;5;9;5;8;5;8;6;8;7;8;8;8;9;9;9
1;2;9;12;14;6;14;5;13;5;12;5;11;5;10;5;9;5;8;5;8;6;8;7;8;8;8;9;9;9;9;10
1;2;9;12;14;5;13;5;12;5;11;5;10;5;9;5;8;5;8;6;8;7;8;8;8;9;9;9;9;10;9;11
1;2;2;4;13;5;13;5;12;5;11;5;10;5;9;5;8;5;8;6;8;7;8;8;8;9;9;9;9;10;9;11;9;12
1;3;2;4;13;5;12;5;11;5;10;5;9;5;8;5;8;6;8;7;8;8;8;9;9;9;9;10;9;11;9;12;8;12
1;3;2;4;12;5;11;5;10;5;9;5;8;5;8;6;8;7;8;8;8;9;9;9;9;10;9;11;9;12;8;12;7;12
1;0;2;4;11;5;10;5;9;5;8;5;8;6;8;7;8;8;8;9;9;9;9;10;9;11;9;12;8;12;7;12;7;11
1;0;2;4;10;5;9;5;8;5;8;6;8;7;8;8;8;9;9;9;9;10;9;11;9;12;8;12;7;12;7;11;7;10
1;0;2;4;9;5;8;5;8;6;8;7;8;8;8;9;9;9;9;10;9;11;9;12;8;12;7;12;7;11;7;10;7;9
1;0;2;4;8;5;8;6;8;7;8;8;8;9;9;9;9;10;9;11;9;12;8;12;7;12;7;11;7;10;7;9;7;8
1;0;2;4;8;6;8;7;8;8;8;9;9;9;9;10;9;11;9;12;8;12;7;12;7;11;7;10;7;9;7;8;7;7
1;0;2;4;8;7;8;8;8;9;9;9;9;10;9;11;9;12;8;12;7;12;7;11;7;10;7;9;7;8;7;7;7;6
1;3;2;4;8;8;8;9;9;9;9;10;9;11;9;12;8;12;7;12;7;11;7;10;7;9;7;8;7;7;7;6;6;6
1;0;2;4;8;9;9;9;9;10;9;11;9;12;8;12;7;12;7;11;7;10;7;9;7;8;7;7;7;6;6;6;6;5
1;3;2;4;9;9;9;10;9;11;9;12;8;12;7;12;7;11;7;10;7;9;7;8;7;7;7;6;6;6;6;5;5;5
1;0;2;4;9;10;9;11;9;12;8;12;7;12;7;11;7;10;7;9;7;8;7;7;7;6;6;6;6;5;5;5;5;4
1;3;2;4;9;11;9;12;8;12;7;12;7;11;7;10;7;9;7;8;7;7;7;6;6;6;6;5;5;5;5;4;4;4
1;3;2;4;9;12;8;12;7;12;7;11;7;10;7;9;7;8;7;7;7;6;6;6;6;5;5;5;5;4;4;4;3;4
1;3;0;5;8;12;8;12;7;12;7;11;7;10;7;9;7;8;7;7;7;6;6;6;6;5;5;5;5;4;4;4;3;4;2;4
1;2;0;5;8;12;7;12;7;11;7;10;7;9;7;8;7;7;7;6;6;6;6;5;5;5;5;4;4;4;3;4;2;4;2;5
1;3;0;5;7;12;7;11;7;10;7;9;7;8;7;7;7;6;6;6;6;5;5;5;5;4;4;4;3;4;2;4;2;5;1;5
1;3;5;6;7;11;7;11;7;10;7;9;7;8;7;7;7;6;6;6;6;5;5;5;5;4;4;4;3;4;2;4;2;5;1;5;0;5
1;2;5;6;7;11;7;10;7;9;7;8;7;7;7;6;6;6;6;5;5;5;5;4;4;4;3;4;2;4;2;5;1;5;0;5;0;6
1;1;5;6;7;10;7;9;7;8;7;7;7;6;6;6;6;5;5;5;5;4;4;4;3;4;2;4;2;5;1;5;0;5;0;6;1;6
1;1;5;6;7;9;7;8;7;7;7;6;6;6;6;5;5;5;5;4;4;4;3;4;2;4;2;5;1;5;0;5;0;6;1;6;2;6
1;1;5;6;7;8;7;7;7;6;6;6;6;5;5;5;5;4;4;4;3;4;2;4;2;5;1;5;0;5;0;6;1;6;2;6;3;6
1;1;5;6;7;7;7;6;6;6;6;5;5;5;5;4;4;4;3;4;2;4;2;5;1;5;0;5;0;6;1;6;2;6;3;6;4;6
1;1;11;9;7;6;7;6;6;6;6;5;5;5;5;4;4;4;3;4;2;4;2;5;1;5;0;5;0;6;1;6;2;6;3;6;4;6;5;6
1;2;11;9;7;6;6;6;6;5;5;5;5;4;4;4;3;4;2;4;2;5;1;5;0;5;0;6;1;6;2;6;3;6;4;6;5;6;5;7
1;1;11;9;6;6;6;5;5;5;5;4;4;4;3;4;2;4;2;5;1;5;0;5;0;6;1;6;2;6;3;6;4;6;5;6;5;7;6;7
1;1;11;9;6;5;5;5;5;4;4;4;3;4;2;4;2;5;1;5;0;5;0;6;1;6;2;6;3;6;4;6;5;6;5;7;6;7;7;7
1;2;11;9;5;5;5;4;4;4;3;4;2;4;2;5;1;5;0;5;0;6;1;6;2;6;3;6;4;6;5;6;5;7;6;7;7;7;7;8
1;1;11;9;5;4;4;4;3;4;2;4;2;5;1;5;0;5;0;6;1;6;2;6;3;6;4;6;5;6;5;7;6;7;7;7;7;8;8;8
1;2;11;9;4;4;3;4;2;4;2;5;1;5;0;5;0;6;1;6;2;6;3;6;4;6;5;6;5;7;6;7;7;7;7;8;8;8;8;9
1;1;11;9;3;4;2;4;2;5;1;5;0;5;0;6;1;6;2;6;3;6;4;6;5;6;5;7;6;7;7;7;7;8;8;8;8;9;9;9
1;1;11;9;2;4;2;5;1;5;0;5;0;6;1;6;2;6;3;6;4;6;5;6;5;7;6;7;7;7;7;8;8;8;8;9;9;9;10;9
1;1;5;14;2;5;2;5;1;5;0;5;0;6;1;6;2;6;3;6;4;6;5;6;5;7;6;7;7;7;7;8;8;8;8;9;9;9;10;9;11;9
1;2;5;14;2;5;1;5;0;5;0;6;1;6;2;6;3;6;4;6;5;6;5;7;6;7;7;7;7;8;8;8;8;9;9;9;10;9;11;9;11;10
1;3;5;14;1;5;0;5;0;6;1;6;2;6;3;6;4;6;5;6;5;7;6;7;7;7;7;8;8;8;8;9;9;9;10;9;11;9;11;10;10;10
1;3;5;14;0;5;0;6;1;6;2;6;3;6;4;6;5;6;5;7;6;7;7;7;7;8;8;8;8;9;9;9;10;9;11;9;11;10;10;10;9;10
1;3;5;14;0;6;1;6;2;6;3;6;4;6;5;6;5;7;6;7;7;7;7;8;8;8;8;9;9;9;10;9;11;9;11;10;10;10;9;10;8;10
1;3;5;14;1;6;2;6;3;6;4;6;5;6;5;7;6;7;7;7;7;8;8;8;8;9;9;9;10;9;11;9;11;10;10;10;9;10;8;10;7;10
1;3;5;14;2;6;3;6;4;6;5;6;5;7;6;7;7;7;7;8;8;8;8;9;9;9;10;9;11;9;11;10;10;10;9;10;8;10;7;10;6;10
1;3;5;14;3;6;4;6;5;6;5;7;6;7;7;7;7;8;8;8;8;9;9;9;10;9;11;9;11;10;10;10;9;10;8;10;7;10;6;10;5;10
1;2;5;14;4;6;5;6;5;7;6;7;7;7;7;8;8;8;8;9;9;9;10;9;11;9;11;10;10;10;9;10;8;10;7;10;6;10;5;10;5;11
1;2;5;14;5;6;5;7;6;7;7;7;7;8;8;8;8;9;9;9;10;9;11;9;11;10;10;10;9;10;8;10;7;10;6;10;5;10;5;11;5;12
1;2;5;14;5;7;6;7;7;7;7;8;8;8;8;9;9;9;10;9;11;9;11;10;10;10;9;10;8;10;7;10;6;10;5;10;5;11;5;12;5;13
1;2;7;2;6;7;6;7;7;7;7;8;8;8;8;9;9;9;10;9;11;9;11;10;10;10;9;10;8;10;7;10;6;10;5;10;5;11;5;12;5;13;5;14
1;1;7;2;6;7;7;7;7;8;8;8;8;9;9;9;10;9;11;9;11;10;10;10;9;10;8;10;7;10;6;10;5;10;5;11;5;12;5;13;5;14;6;14
1;1;7;2;7;7;7;8;8;8;8;9;9;9;10;9;11;9;11;10;10;10;9;10;8;10;7;10;6;10;5;10;5;11;5;12;5;13;5;14;6;14;7;14
1;1;7;2;7;8;8;8;8;9;9;9;10;9;11;9;11;10;10;10;9;10;8;10;7;10;6;10;5;10;5;11;5;12;5;13;5;14;6;14;7;14;8;14
1;1;7;2;8;8;8;9;9;9;10;9;11;9;11;10;10;10;9;10;8;10;7;10;6;10;5;10;5;11;5;12;5;13;5;14;6;14;7;14;8;14;9;14
1;1;7;2;8;9;9;9;10;9;11;9;11;10;10;10;9;10;8;10;7;10;6;10;5;10;5;11;5;12;5;13;5;14;6;14;7;14;8;14;9;14;10;14
1;1;7;2;9;9;10;9;11;9;11;10;10;10;9;10;8;10;7;10;6;10;5;10;5;11;5;12;5;13;5;14;6;14;7;14;8;14;9;14;10;14;11;14
1;1;7;2;10;9;11;9;11;10;10;10;9;10;8;10;7;10;6;10;5;10;5;11;5;12;5;13;5;14;6;14;7;14;8;14;9;14;10;14;11;14;12;14
1;0;7;2;11;9;11;10;10;10;9;10;8;10;7;10;6;10;5;10;5;11;5;12;5;13;5;14;6;14;7;14;8;14;9;14;10;14;11;14;12;14;12;13
1;0;7;2;11;10;10;10;9;10;8;10;7;10;6;10;5;10;5;11;5;12;5;13;5;14;6;14;7;14;8;14;9;14;10;14;11;14;12;14;12;13;12;12
1;0;7;2;10;10;9;10;8;10;7;10;6;10;5;10;5;11;5;12;5;13;5;14;6;14;7;14;8;14;9;14;10;14;11;14;12;14;12;13;12;12;12;11
1;0;7;2;9;10;8;10;7;10;6;10;5;10;5;11;5;12;5;13;5;14;6;14;7;14;8;14;9;14;10;14;11;14;12;14;12;13;12;12;12;11;12;10
1;0;7;2;8;10;7;10;6;10;5;10;5;11;5;12;5;13;5;14;6;14;7;14;8;14;9;14;10;14;11;14;12;14;12;13;12;12;12;11;12;10;12;9
1;3;7;2;7;10;6;10;5;10;5;11;5;12;5;13;5;14;6;14;7;14;8;14;9;14;10;14;11;14;12;14;12;13;12;12;12;11;12;10;12;9;11;9
1;3;7;2;6;10;5;10;5;11;5;12;5;13;5;14;6;14;7;14;8;14;9;14;10;14;11;14;12;14;12;13;12;12;12;11;12;10;12;9;11;9;10;9
1;3;7;2;5;10;5;11;5;12;5;13;5;14;6;14;7;14;8;14;9;14;10;14;11;14;12;14;12;13;12;12;12;11;12;10;12;9;11;9;10;9;9;9
1;3;7;2;5;11;5;12;5;13;5;14;6;14;7;14;8;14;9;14;10;14;11;14;12;14;12;13;12;12;12;11;12;10;12;9;11;9;10;9;9;9;8;9
1;3;7;2;5;12;5;13;5;14;6;14;7;14;8;14;9;14;10;14;11;14;12;14;12;13;12;12;12;11;12;10;12;9;11;9;10;9;9;9;8;9;7;9
1;0;7;2;5;13;5;14;6;14;7;14;8;14;9;14;10;14;11;14;12;14;12;13;12;12;12;11;12;10;12;9;11;9;10;9;9;9;8;9;7;9;7;8
1;0;7;2;5;14;6;14;7;14;8;14;9;14;10;14;11;14;12;14;12;13;12;12;12;11;12;10;12;9;11;9;10;9;9;9;8;9;7;9;7;8;7;7
1;0;7;2;6;14;7;14;8;14;9;14;10;14;11;14;12;14;12;13;12;12;12;11;12;10;12;9;11;9;10;9;9;9;8;9;7;9;7;8;7;7;7;6
1;0;7;2;7;14;8;14;9;14;10;14;11;14;12;14;12;13;12;12;12;11;12;10;12;9;11;9;10;9;9;9;8;9;7;9;7;8;7;7;7;6;7;5
1;0;7;2;8;14;9;14;10;14;11;14;12;14;12;13;12;12;12;11;12;10;12;9;11;9;10;9;9;9;8;9;7;9;7;8;7;7;7;6;7;5;7;4
1;0;7;2;9;14;10;14;11;14;12;14;12;13;12;12;12;11;12;10;12;9;11;9;10;9;9;9;8;9;7;9;7;8;7;7;7;6;7;5;7;4;7;3
1;0;11;6;10;14;10;14;11;14;12;14;12;13;12;12;12;11;12;10;12;9;11;9;10;9;9;9;8;9;7;9;7;8;7;7;7;6;7;5;7;4;7;3;7;2
1;1;11;6;10;14;11;14;12;14;12;13;12;12;12;11;12;10;12;9;11;9;10;9;9;9;8;9;7;9;7;8;7;7;7;6;7;5;7;4;7;3;7;2;8;2
1;1;11;6;11;14;12;14;12;13;12;12;12;11;12;10;12;9;11;9;10;9;9;9;8;9;7;9;7;8;7;7;7;6;7;5;7;4;7;3;7;2;8;2;9;2
1;1;11;6;12;14;12;13;12;12;12;11;12;10;12;9;11;9;10;9;9;9;8;9;7;9;7;8;7;7;7;6;7;5;7;4;7;3;7;2;8;2;9;2;10;2
1;1;11;6;12;13;12;12;12;11;12;10;12;9;11;9;10;9;9;9;8;9;7;9;7;8;7;7;7;6;7;5;7;4;7;3;7;2;8;2;9;2;10;2;11;2
1;2;11;6;12;12;12;11;12;10;12;9;11;9;10;9;9;9;8;9;7;9;7;8;7;7;7;6;7;5;7;4;7;3;7;2;8;2;9;2;10;2;11;2;11;3
1;2;11;6;12;11;12;10;12;9;11;9;10;9;9;9;8;9;7;9;7;8;7;7;7;6;7;5;7;4;7;3;7;2;8;2;9;2;10;2;11;2;11;3;11;4
1;2;11;6;12;10;12;9;11;9;10;9;9;9;8;9;7;9;7;8;7;7;7;6;7;5;7;4;7;3;7;2;8;2;9;2;10;2;11;2;11;3;11;4;11;5
1;2;2;5;12;9;12;9;11;9;10;9;9;9;8;9;7;9;7;8;7;7;7;6;7;5;7;4;7;3;7;2;8;2;9;2;10;2;11;2;11;3;11;4;11;5;11;6
1;3;2;5;12;9;11;9;10;9;9;9;8;9;7;9;7;8;7;7;7;6;7;5;7;4;7;3;7;2;8;2;9;2;10;2;11;2;11;3;11;4;11;5;11;6;10;6
1;0;2;5;11;9;10;9;9;9;8;9;7;9;7;8;7;7;7;6;7;5;7;4;7;3;7;2;8;2;9;2;10;2;11;2;11;3;11;4;11;5;11;6;10;6;10;5
1;0;2;5;10;9;9;9;8;9;7;9;7;8;7;7;7;6;7;5;7;4;7;3;7;2;8;2;9;2;10;2;11;2;11;3;11;4;11;5;11;6;10;6;10;5;10;4
1;3;2;5;9;9;8;9;7;9;7;8;7;7;7;6;7;5;7;4;7;3;7;2;8;2;9;2;10;2;11;2;11;3;11;4;11;5;11;6;10;6;10;5;10;4;9;4
1;3;2;5;8;9;7;9;7;8;7;7;7;6;7;5;7;4;7;3;7;2;8;2;9;2;10;2;11;2;11;3;11;4;11;5;11;6;10;6;10;5;10;4;9;4;8;4
1;2;2;5;7;9;7;8;7;7;7;6;7;5;7;4;7;3;7;2;8;2;9;2;10;2;11;2;11;3;11;4;11;5;11;6;10;6;10;5;10;4;9;4;8;4;8;5
1;2;2;5;7;8;7;7;7;6;7;5;7;4;7;3;7;2;8;2;9;2;10;2;11;2;11;3;11;4;11;5;11;6;10;6;10;5;10;4;9;4;8;4;8;5;8;6
1;2;2;5;7;7;7;6;7;5;7;4;7;3;7;2;8;2;9;2;10;2;11;2;11;3;11;4;11;5;11;6;10;6;10;5;10;4;9;4;8;4;8;5;8;6;8;7
1;3;2;5;7;6;7;5;7;4;7;3;7;2;8;2;9;2;10;2;11;2;11;3;11;4;11;5;11;6;10;6;10;5;10;4;9;4;8;4;8;5;8;6;8;7;7;7
1;3;2;5;7;5;7;4;7;3;7;2;8;2;9;2;10;2;11;2;11;3;11;4;11;5;11;6;10;6;10;5;10;4;9;4;8;4;8;5;8;6;8;7;7;7;6;7
1;0;2;5;7;4;7;3;7;2;8;2;9;2;10;2;11;2;11;3;11;4;11;5;11;6;10;6;10;5;10;4;9;4;8;4;8;5;8;6;8;7;7;7;6;7;6;6
1;0;2;5;7;3;7;2;8;2;9;2;10;2;11;2;11;3;11;4;11;5;11;6;10;6;10;5;10;4;9;4;8;4;8;5;8;6;8;7;7;7;6;7;6;6;6;5
1;3;2;5;7;2;8;2;9;2;10;2;11;2;11;3;11;4;11;5;11;6;10;6;10;5;10;4;9;4;8;4;8;5;8;6;8;7;7;7;6;7;6;6;6;5;5;5
1;3;2;5;8;2;9;2;10;2;11;2;11;3;11;4;11;5;11;6;10;6;10;5;10;4;9;4;8;4;8;5;8;6;8;7;7;7;6;7;6;6;6;5;5;5;4;5
1;3;2;5;9;2;10;2;11;2;11;3;11;4;11;5;11;6;10;6;10;5;10;4;9;4;8;4;8;5;8;6;8;7;7;7;6;7;6;6;6;5;5;5;4;5;3;5
1;3;4;13;10;2;10;2;11;2;11;3;11;4;11;5;11;6;10;6;10;5;10;4;9;4;8;4;8;5;8;6;8;7;7;7;6;7;6;6;6;5;5;5;4;5;3;5;2;5
1;2;4;13;10;2;11;2;11;3;11;4;11;5;11;6;10;6;10;5;10;4;9;4;8;4;8;5;8;6;8;7;7;7;6;7;6;6;6;5;5;5;4;5;3;5;2;5;2;6
1;2;4;13;11;2;11;3;11;4;11;5;11;6;10;6;10;5;10;4;9;4;8;4;8;5;8;6;8;7;7;7;6;7;6;6;6;5;5;5;4;5;3;5;2;5;2;6;2;7
1;2;4;13;11;3;11;4;11;5;11;6;10;6;10;5;10;4;9;4;8;4;8;5;8;6;8;7;7;7;6;7;6;6;6;5;5;5;4;5;3;5;2;5;2;6;2;7;2;8
1;1;4;13;11;4;11;5;11;6;10;6;10;5;10;4;9;4;8;4;8;5;8;6;8;7;7;7;6;7;6;6;6;5;5;5;4;5;3;5;2;5;2;6;2;7;2;8;3;8
1;1;4;13;11;5;11;6;10;6;10;5;10;4;9;4;8;4;8;5;8;6;8;7;7;7;6;7;6;6;6;5;5;5;4;5;3;5;2;5;2;6;2;7;2;8;3;8;4;8
1;2;4;13;11;6;10;6;10;5;10;4;9;4;8;4;8;5;8;6;8;7;7;7;6;7;6;6;6;5;5;5;4;5;3;5;2;5;2;6;2;7;2;8;3;8;4;8;4;9
1;2;4;13;10;6;10;5;10;4;9;4;8;4;8;5;8;6;8;7;7;7;6;7;6;6;6;5;5;5;4;5;3;5;2;5;2;6;2;7;2;8;3;8;4;8;4;9;4;10
1;2;4;13;10;5;10;4;9;4;8;4;8;5;8;6;8;7;7;7;6;7;6;6;6;5;5;5;4;5;3;5;2;5;2;6;2;7;2;8;3;8;4;8;4;9;4;10;4;11
1;2;4;13;10;4;9;4;8;4;8;5;8;6;8;7;7;7;6;7;6;6;6;5;5;5;4;5;3;5;2;5;2;6;2;7;2;8;3;8;4;8;4;9;4;10;4;11;4;12
1;2;2;2;9;4;9;4;8;4;8;5;8;6;8;7;7;7;6;7;6;6;6;5;5;5;4;5;3;5;2;5;2;6;2;7;2;8;3;8;4;8;4;9;4;10;4;11;4;12;4;13
1;3;2;2;9;4;8;4;8;5;8;6;8;7;7;7;6;7;6;6;6;5;5;5;4;5;3;5;2;5;2;6;2;7;2;8;3;8;4;8;4;9;4;10;4;11;4;12;4;13;3;13
1;3;2;2;8;4;8;5;8;6;8;7;7;7;6;7;6;6;6;5;5;5;4;5;3;5;2;5;2;6;2;7;2;8;3;8;4;8;4;9;4;10;4;11;4;12;4;13;3;13;2;13
1;0;2;2;8;5;8;6;8;7;7;7;6;7;6;6;6;5;5;5;4;5;3;5;2;5;2;6;2;7;2;8;3;8;4;8;4;9;4;10;4;11;4;12;4;13;3;13;2;13;2;12
1;0;2;2;8;6;8;7;7;7;6;7;6;6;6;5;5;5;4;5;3;5;2;5;2;6;2;7;2;8;3;8;4;8;4;9;4;10;4;11;4;12;4;13;3;13;2;13;2;12;2;11
1;0;2;2;8;7;7;7;6;7;6;6;6;5;5;5;4;5;3;5;2;5;2;6;2;7;2;8;3;8;4;8;4;9;4;10;4;11;4;12;4;13;3;13;2;13;2;12;2;11;2;10
1;0;2;2;7;7;6;7;6;6;6;5;5;5;4;5;3;5;2;5;2;6;2;7;2;8;3;8;4;8;4;9;4;10;4;11;4;12;4;13;3;13;2;13;2;12;2;11;2;10;2;9
1;3;2;2;6;7;6;6;6;5;5;5;4;5;3;5;2;5;2;6;2;7;2;8;3;8;4;8;4;9;4;10;4;11;4;12;4;13;3;13;2;13;2;12;2;11;2;10;2;9;1;9
1;0;2;2;6;6;6;5;5;5;4;5;3;5;2;5;2;6;2;7;2;8;3;8;4;8;4;9;4;10;4;11;4;12;4;13;3;13;2;13;2;12;2;11;2;10;2;9;1;9;1;8
1;0;2;2;6;5;5;5;4;5;3;5;2;5;2;6;2;7;2;8;3;8;4;8;4;9;4;10;4;11;4;12;4;13;3;13;2;13;2;12;2;11;2;10;2;9;1;9;1;8;1;7
1;0;2;2;5;5;4;5;3;5;2;5;2;6;2;7;2;8;3;8;4;8;4;9;4;10;4;11;4;12;4;13;3;13;2;13;2;12;2;11;2;10;2;9;1;9;1;8;1;7;1;6
1;0;2;2;4;5;3;5;2;5;2;6;2;7;2;8;3;8;4;8;4;9;4;10;4;11;4;12;4;13;3;13;2;13;2;12;2;11;2;10;2;9;1;9;1;8;1;7;1;6;1;5
1;0;2;2;3;5;2;5;2;6;2;7;2;8;3;8;4;8;4;9;4;10;4;11;4;12;4;13;3;13;2;13;2;12;2;11;2;10;2;9;1;9;1;8;1;7;1;6;1;5;1;4
1;1;2;2;2;5;2;6;2;7;2;8;3;8;4;8;4;9;4;10;4;11;4;12;4;13;3;13;2;13;2;12;2;11;2;10;2;9;1;9;1;8;1;7;1;6;1;5;1;4;2;4
1;0;2;2;2;6;2;7;2;8;3;8;4;8;4;9;4;10;4;11;4;12;4;13;3;13;2;13;2;12;2;11;2;10;2;9;1;9;1;8;1;7;1;6;1;5;1;4;2;4;2;3
1;0;4;6;2;7;2;7;2;8;3;8;4;8;4;9;4;10;4;11;4;12;4;13;3;13;2;13;2;12;2;11;2;10;2;9;1;9;1;8;1;7;1;6;1;5;1;4;2;4;2;3;2;2
1;1;4;6;2;7;2;8;3;8;4;8;4;9;4;10;4;11;4;12;4;13;3;13;2;13;2;12;2;11;2;10;2;9;1;9;1;8;1;7;1;6;1;5;1;4;2;4;2;3;2;2;3;2
1;1;4;6;2;8;3;8;4;8;4;9;4;10;4;11;4;12;4;13;3;13;2;13;2;12;2;11;2;10;2;9;1;9;1;8;1;7;1;6;1;5;1;4;2;4;2;3;2;2;3;2;4;2
1;2;4;6;3;8;4;8;4;9;4;10;4;11;4;12;4;13;3;13;2;13;2;12;2;11;2;10;2;9;1;9;1;8;1;7;1;6;1;5;1;4;2;4;2;3;2;2;3;2;4;2;4;3
1;2;4;6;4;8;4;9;4;10;4;11;4;12;4;13;3;13;2;13;2;12;2;11;2;10;2;9;1;9;1;8;1;7;1;6;1;5;1;4;2;4;2;3;2;2;3;2;4;2;4;3;4;4
1;2;4;6;4;9;4;10;4;11;4;12;4;13;3;13;2;13;2;12;2;11;2;10;2;9;1;9;1;8;1;7;1;6;1;5;1;4;2;4;2;3;2;2;3;2;4;2;4;3;4;4;4;5
1;2;10;14;4;10;4;10;4;11;4;12;4;13;3;13;2;13;2;12;2;11;2;10;2;9;1;9;1;8;1;7;1;6;1;5;1;4;2;4;2;3;2;2;3;2;4;2;4;3;4;4;4;5;4;6
1;1;10;14;4;10;4;11;4;12;4;13;3;13;2;13;2;12;2;11;2;10;2;9;1;9;1;8;1;7;1;6;1;5;1;4;2;4;2;3;2;2;3;2;4;2;4;3;4;4;4;5;4;6;5;6
1;2;10;14;4;11;4;12;4;13;3;13;2;13;2;12;2;11;2;10;2;9;1;9;1;8;1;7;1;6;1;5;1;4;2;4;2;3;2;2;3;2;4;2;4;3;4;4;4;5;4;6;5;6;5;7
1;1;10;14;4;12;4;13;3;13;2;13;2;12;2;11;2;10;2;9;1;9;1;8;1;7;1;6;1;5;1;4;2;4;2;3;2;2;3;2;4;2;4;3;4;4;4;5;4;6;5;6;5;7;6;7
1;1;10;14;4;13;3;13;2;13;2;12;2;11;2;10;2;9;1;9;1;8;1;7;1;6;1;5;1;4;2;4;2;3;2;2;3;2;4;2;4;3;4;4;4;5;4;6;5;6;5;7;6;7;7;7
1;1;10;14;3;13;2;13;2;12;2;11;2;10;2;9;1;9;1;8;1;7;1;6;1;5;1;4;2;4;2;3;2;2;3;2;4;2;4;3;4;4;4;5;4;6;5;6;5;7;6;7;7;7;8;7
1;2;10;14;2;13;2;12;2;11;2;10;2;9;1;9;1;8;1;7;1;6;1;5;1;4;2;4;2;3;2;2;3;2;4;2;4;3;4;4;4;5;4;6;5;6;5;7;6;7;7;7;8;7;8;8
1;1;10;14;2;12;2;11;2;10;2;9;1;9;1;8;1;7;1;6;1;5;1;4;2;4;2;3;2;2;3;2;4;2;4;3;4;4;4;5;4;6;5;6;5;7;6;7;7;7;8;7;8;8;9;8
1;2;10;14;2;11;2;10;2;9;1;9;1;8;1;7;1;6;1;5;1;4;2;4;2;3;2;2;3;2;4;2;4;3;4;4;4;5;4;6;5;6;5;7;6;7;7;7;8;7;8;8;9;8;9;9
1;1;10;14;2;10;2;9;1;9;1;8;1;7;1;6;1;5;1;4;2;4;2;3;2;2;3;2;4;2;4;3;4;4;4;5;4;6;5;6;5;7;6;7;7;7;8;7;8;8;9;8;9;9;10;9
1;2;10;14;2;9;1;9;1;8;1;7;1;6;1;5;1;4;2;4;2;3;2;2;3;2;4;2;4;3;4;4;4;5;4;6;5;6;5;7;6;7;7;7;8;7;8;8;9;8;9;9;10;9;10;10
1;2;10;14;1;9;1;8;1;7;1;6;1;5;1;4;2;4;2;3;2;2;3;2;4;2;4;3;4;4;4;5;4;6;5;6;5;7;6;7;7;7;8;7;8;8;9;8;9;9;10;9;10;10;10;11
1;2;10;14;1;8;1;7;1;6;1;5;1;4;2;4;2;3;2;2;3;2;4;2;4;3;4;4;4;5;4;6;5;6;5;7;6;7;7;7;8;7;8;8;9;8;9;9;10;9;10;10;10;11;10;12
1;2;10;14;1;7;1;6;1;5;1;4;2;4;2;3;2;2;3;2;4;2;4;3;4;4;4;5;4;6;5;6;5;7;6;7;7;7;8;7;8;8;9;8;9;9;10;9;10;10;10;11;10;12;10;13
1;2;14;8;1;6;1;6;1;5;1;4;2;4;2;3;2;2;3;2;4;2;4;3;4;4;4;5;4;6;5;6;5;7;6;7;7;7;8;7;8;8;9;8;9;9;10;9;10;10;10;11;10;12;10;13;10;14
1;1;14;8;1;6;1;5;1;4;2;4;2;3;2;2;3;2;4;2;4;3;4;4;4;5;4;6;5;6;5;7;6;7;7;7;8;7;8;8;9;8;9;9;10;9;10;10;10;11;10;12;10;13;10;14;11;14
1;0;14;8;1;5;1;4;2;4;2;3;2;2;3;2;4;2;4;3;4;4;4;5;4;6;5;6;5;7;6;7;7;7;8;7;8;8;9;8;9;9;10;9;10;10;10;11;10;12;10;13;10;14;11;14;11;13
1;0;14;8;1;4;2;4;2;3;2;2;3;2;4;2;4;3;4;4;4;5;4;6;5;6;5;7;6;7;7;7;8;7;8;8;9;8;9;9;10;9;10;10;10;11;10;12;10;13;10;14;11;14;11;13;11;12
1;0;14;8;2;4;2;3;2;2;3;2;4;2;4;3;4;4;4;5;4;6;5;6;5;7;6;7;7;7;8;7;8;8;9;8;9;9;10;9;10;10;10;11;10;12;10;13;10;14;11;14;11;13;11;12;11;11
1;0;14;8;2;3;2;2;3;2;4;2;4;3;4;4;4;5;4;6;5;6;5;7;6;7;7;7;8;7;8;8;9;8;9;9;10;9;10;10;10;11;10;12;10;13;10;14;11;14;11;13;11;12;11;11;11;10
1;0;14;8;2;2;3;2;4;2;4;3;4;4;4;5;4;6;5;6;5;7;6;7;7;7;8;7;8;8;9;8;9;9;10;9;10;10;10;11;10;12;10;13;10;14;11;14;11;13;11;12;11;11;11;10;11;9
1;0;14;8;3;2;4;2;4;3;4;4;4;5;4;6;5;6;5;7;6;7;7;7;8;7;8;8;9;8;9;9;10;9;10;10;10;11;10;12;10;13;10;14;11;14;11;13;11;12;11;11;11;10;11;9;11;8
1;1;14;8;4;2;4;3;4;4;4;5;4;6;5;6;5;7;6;7;7;7;8;7;8;8;9;8;9;9;10;9;10;10;10;11;10;12;10;13;10;14;11;14;11;13;11;12;11;11;11;10;11;9;11;8;12;8
1;1;14;8;4;3;4;4;4;5;4;6;5;6;5;7;6;7;7;7;8;7;8;8;9;8;9;9;10;9;10;10;10;11;10;12;10;13;10;14;11;14;11;13;11;12;11;11;11;10;11;9;11;8;12;8;13;8
1;1;6;4;4;4;4;4;4;5;4;6;5;6;5;7;6;7;7;7;8;7;8;8;9;8;9;9;10;9;10;10;10;11;10;12;10;13;10;14;11;14;11;13;11;12;11;11;11;10;11;9;11;8;12;8;13;8;14;8
1;0;6;4;4;4;4;5;4;6;5;6;5;7;6;7;7;7;8;7;8;8;9;8;9;9;10;9;10;10;10;11;10;12;10;13;10;14;11;14;11;13;11;12;11;11;11;10;11;9;11;8;12;8;13;8;14;8;14;7
1;0;6;4;4;5;4;6;5;6;5;7;6;7;7;7;8;7;8;8;9;8;9;9;10;9;10;10;10;11;10;12;10;13;10;14;11;14;11;13;11;12;11;11;11;10;11;9;11;8;12;8;13;8;14;8;14;7;14;6
1;0;6;4;4;6;5;6;5;7;6;7;7;7;8;7;8;8;9;8;9;9;10;9;10;10;10;11;10;12;10;13;10;14;11;14;11;13;11;12;11;11;11;10;11;9;11;8;12;8;13;8;14;8;14;7;14;6;14;5
1;3;6;4;5;6;5;7;6;7;7;7;8;7;8;8;9;8;9;9;10;9;10;10;10;11;10;12;10;13;10;14;11;14;11;13;11;12;11;11;11;10;11;9;11;8;12;8;13;8;14;8;14;7;14;6;14;5;13;5
1;3;6;4;5;7;6;7;7;7;8;7;8;8;9;8;9;9;10;9;10;10;10;11;10;12;10;13;10;14;11;14;11;13;11;12;11;11;11;10;11;9;11;8;12;8;13;8;14;8;14;7;14;6;14;5;13;5;12;5
1;3;6;4;6;7;7;7;8;7;8;8;9;8;9;9;10;9;10;10;10;11;10;12;10;13;10;14;11;14;11;13;11;12;11;11;11;10;11;9;11;8;12;8;13;8;14;8;14;7;14;6;14;5;13;5;12;5;11;5
1;3;6;4;7;7;8;7;8;8;9;8;9;9;10;9;10;10;10;11;10;12;10;13;10;14;11;14;11;13;11;12;11;11;11;10;11;9;11;8;12;8;13;8;14;8;14;7;14;6;14;5;13;5;12;5;11;5;10;5
1;3;6;4;8;7;8;8;9;8;9;9;10;9;10;10;10;11;10;12;10;13;10;14;11;14;11;13;11;12;11;11;11;10;11;9;11;8;12;8;13;8;14;8;14;7;14;6;14;5;13;5;12;5;11;5;10;5;9;5
1;3;6;4;8;8;9;8;9;9;10;9;10;10;10;11;10;12;10;13;10;14;11;14;11;13;11;12;11;11;11;10;11;9;11;8;12;8;13;8;14;8;14;7;14;6;14;5;13;5;12;5;11;5;10;5;9;5;8;5
1;3;6;4;9;8;9;9;10;9;10;10;10;11;10;12;10;13;10;14;11;14;11;13;11;12;11;11;11;10;11;9;11;8;12;8;13;8;14;8;14;7;14;6;14;5;13;5;12;5;11;5;10;5;9;5;8;5;7;5
1;3;6;4;9;9;10;9;10;10;10;11;10;12;10;13;10;14;11;14;11;13;11;12;11;11;11;10;11;9;11;8;12;8;13;8;14;8;14;7;14;6;14;5;13;5;12;5;11;5;10;5;9;5;8;5;7;5;6;5
1;0;9;9;10;9;10;9;10;10;10;11;10;12;10;13;10;14;11;14;11;13;11;12;11;11;11;10;11;9;11;8;12;8;13;8;14;8;14;7;14;6;14;5;13;5;12;5;11;5;10;5;9;5;8;5;7;5;6;5;6;4
1;1;9;9;10;9;10;10;10;11;10;12;10;13;10;14;11;14;11;13;11;12;11;11;11;10;11;9;11;8;12;8;13;8;14;8;14;7;14;6;14;5;13;5;12;5;11;5;10;5;9;5;8;5;7;5;6;5;6;4;7;4
1;1;9;9;10;10;10;11;10;12;10;13;10;14;11;14;11;13;11;12;11;11;11;10;11;9;11;8;12;8;13;8;14;8;14;7;14;6;14;5;13;5;12;5;11;5;10;5;9;5;8;5;7;5;6;5;6;4;7;4;8;4
1;1;9;9;10;11;10;12;10;13;10;14;11;14;11;13;11;12;11;11;11;10;11;9;11;8;12;8;13;8;14;8;14;7;14;6;14;5;13;5;12;5;11;5;10;5;9;5;8;5;7;5;6;5;6;4;7;4;8;4;9;4
1;1;9;9;10;12;10;13;10;14;11;14;11;13;11;12;11;11;11;10;11;9;11;8;12;8;13;8;14;8;14;7;14;6;14;5;13;5;12;5;11;5;10;5;9;5;8;5;7;5;6;5;6;4;7;4;8;4;9;4;10;4
1;1;9;9;10;13;10;14;11;14;11;13;11;12;11;11;11;10;11;9;11;8;12;8;13;8;14;8;14;7;14;6;14;5;13;5;12;5;11;5;10;5;9;5;8;5;7;5;6;5;6;4;7;4;8;4;9;4;10;4;11;4
1;1;9;9;10;14;11;14;11;13;11;12;11;11;11;10;11;9;11;8;12;8;13;8;14;8;14;7;14;6;14;5;13;5;12;5;11;5;10;5;9;5;8;5;7;5;6;5;6;4;7;4;8;4;9;4;10;4;11;4;12;4
1;1;9;9;11;14;11;13;11;12;11;11;11;10;11;9;11;8;12;8;13;8;14;8;14;7;14;6;14;5;13;5;12;5;11;5;10;5;9;5;8;5;7;5;6;5;6;4;7;4;8;4;9;4;10;4;11;4;12;4;13;4
1;1;9;9;11;13;11;12;11;11;11;10;11;9;11;8;12;8;13;8;14;8;14;7;14;6;14;5;13;5;12;5;11;5;10;5;9;5;8;5;7;5;6;5;6;4;7;4;8;4;9;4;10;4;11;4;12;4;13;4;14;4
1;0;9;9;11;12;11;11;11;10;11;9;11;8;12;8;13;8;14;8;14;7;14;6;14;5;13;5;12;5;11;5;10;5;9;5;8;5;7;5;6;5;6;4;7;4;8;4;9;4;10;4;11;4;12;4;13;4;14;4;14;3
1;3;9;9;11;11;11;10;11;9;11;8;12;8;13;8;14;8;14;7;14;6;14;5;13;5;12;5;11;5;10;5;9;5;8;5;7;5;6;5;6;4;7;4;8;4;9;4;10;4;11;4;12;4;13;4;14;4;14;3;13;3
1;3;9;9;11;10;11;9;11;8;12;8;13;8;14;8;14;7;14;6;14;5;13;5;12;5;11;5;10;5;9;5;8;5;7;5;6;5;6;4;7;4;8;4;9;4;10;4;11;4;12;4;13;4;14;4;14;3;13;3;12;3
1;3;9;9;11;9;11;8;12;8;13;8;14;8;14;7;14;6;14;5;13;5;12;5;11;5;10;5;9;5;8;5;7;5;6;5;6;4;7;4;8;4;9;4;10;4;11;4;12;4;13;4;14;4;14;3;13;3;12;3;11;3
1;3;9;9;11;8;12;8;13;8;14;8;14;7;14;6;14;5;13;5;12;5;11;5;10;5;9;5;8;5;7;5;6;5;6;4;7;4;8;4;9;4;10;4;11;4;12;4;13;4;14;4;14;3;13;3;12;3;11;3;10;3
1;3;9;9;12;8;13;8;14;8;14;7;14;6;14;5;13;5;12;5;11;5;10;5;9;5;8;5;7;5;6;5;6;4;7;4;8;4;9;4;10;4;11;4;12;4;13;4;14;4;14;3;13;3;12;3;11;3;10;3;9;3
1;3;9;9;13;8;14;8;14;7;14;6;14;5;13;5;12;5;11;5;10;5;9;5;8;5;7;5;6;5;6;4;7;4;8;4;9;4;10;4;11;4;12;4;13;4;14;4;14;3;13;3;12;3;11;3;10;3;9;3;8;3
1;3;9;9;14;8;14;7;14;6;14;5;13;5;12;5;11;5;10;5;9;5;8;5;7;5;6;5;6;4;7;4;8;4;9;4;10;4;11;4;12;4;13;4;14;4;14;3;13;3;12;3;11;3;10;3;9;3;8;3;7;3
1;3;9;9;14;7;14;6;14;5;13;5;12;5;11;5;10;5;9;5;8;5;7;5;6;5;6;4;7;4;8;4;9;4;10;4;11;4;12;4;13;4;14;4;14;3;13;3;12;3;11;3;10;3;9;3;8;3;7;3;6;3
1;3;9;9;14;6;14;5;13;5;12;5;11;5;10;5;9;5;8;5;7;5;6;5;6;4;7;4;8;4;9;4;10;4;11;4;12;4;13;4;14;4;14;3;13;3;12;3;11;3;10;3;9;3;8;3;7;3;6;3;5;3
1;2;9;9;14;5;13;5;12;5;11;5;10;5;9;5;8;5;7;5;6;5;6;4;7;4;8;4;9;4;10;4;11;4;12;4;13;4;14;4;14;3;13;3;12;3;11;3;10;3;9;3;8;3;7;3;6;3;5;3;5;4
1;2;9;9;13;5;12;5;11;5;10;5;9;5;8;5;7;5;6;5;6;4;7;4;8;4;9;4;10;4;11;4;12;4;13;4;14;4;14;3;13;3;12;3;11;3;10;3;9;3;8;3;7;3;6;3;5;3;5;4;5;5
1;2;9;9;12;5;11;5;10;5;9;5;8;5;7;5;6;5;6;4;7;4;8;4;9;4;10;4;11;4;12;4;13;4;14;4;14;3;13;3;12;3;11;3;10;3;9;3;8;3;7;3;6;3;5;3;5;4;5;5;5;6
1;1;9;9;11;5;10;5;9;5;8;5;7;5;6;5;6;4;7;4;8;4;9;4;10;4;11;4;12;4;13;4;14;4;14;3;13;3;12;3;11;3;10;3;9;3;8;3;7;3;6;3;5;3;5;4;5;5;5;6;6;6
1;1;9;9;10;5;9;5;8;5;7;5;6;5;6;4;7;4;8;4;9;4;10;4;11;4;12;4;13;4;14;4;14;3;13;3;12;3;11;3;10;3;9;3;8;3;7;3;6;3;5;3;5;4;5;5;5;6;6;6;7;6
1;1;9;9;9;5;8;5;7;5;6;5;6;4;7;4;8;4;9;4;10;4;11;4;12;4;13;4;14;4;14;3;13;3;12;3;11;3;10;3;9;3;8;3;7;3;6;3;5;3;5;4;5;5;5;6;6;6;7;6;8;6
1;1;9;9;8;5;7;5;6;5;6;4;7;4;8;4;9;4;10;4;11;4;12;4;13;4;14;4;14;3;13;3;12;3;11;3;10;3;9;3;8;3;7;3;6;3;5;3;5;4;5;5;5;6;6;6;7;6;8;6;9;6
1;2;9;9;7;5;6;5;6;4;7;4;8;4;9;4;10;4;11;4;12;4;13;4;14;4;14;3;13;3;12;3;11;3;10;3;9;3;8;3;7;3;6;3;5;3;5;4;5;5;5;6;6;6;7;6;8;6;9;6;9;7
1;2;9;9;6;5;6;4;7;4;8;4;9;4;10;4;11;4;12;4;13;4;14;4;14;3;13;3;12;3;11;3;10;3;9;3;8;3;7;3;6;3;5;3;5;4;5;5;5;6;6;6;7;6;8;6;9;6;9;7;9;8
1;2;7;8;6;4;6;4;7;4;8;4;9;4;10;4;11;4;12;4;13;4;14;4;14;3;13;3;12;3;11;3;10;3;9;3;8;3;7;3;6;3;5;3;5;4;5;5;5;6;6;6;7;6;8;6;9;6;9;7;9;8;9;9
1;3;7;8;6;4;7;4;8;4;9;4;10;4;11;4;12;4;13;4;14;4;14;3;13;3;12;3;11;3;10;3;9;3;8;3;7;3;6;3;5;3;5;4;5;5;5;6;6;6;7;6;8;6;9;6;9;7;9;8;9;9;8;9
1;3;7;8;7;4;8;4;9;4;10;4;11;4;12;4;13;4;14;4;14;3;13;3;12;3;11;3;10;3;9;3;8;3;7;3;6;3;5;3;5;4;5;5;5;6;6;6;7;6;8;6;9;6;9;7;9;8;9;9;8;9;7;9
1;0;11;9;8;4;8;4;9;4;10;4;11;4;12;4;13;4;14;4;14;3;13;3;12;3;11;3;10;3;9;3;8;3;7;3;6;3;5;3;5;4;5;5;5;6;6;6;7;6;8;6;9;6;9;7;9;8;9;9;8;9;7;9;7;8
1;1;11;9;8;4;9;4;10;4;11;4;12;4;13;4;14;4;14;3;13;3;12;3;11;3;10;3;9;3;8;3;7;3;6;3;5;3;5;4;5;5;5;6;6;6;7;6;8;6;9;6;9;7;9;8;9;9;8;9;7;9;7;8;8;8
1;0;11;9;9;4;10;4;11;4;12;4;13;4;14;4;14;3;13;3;12;3;11;3;10;3;9;3;8;3;7;3;6;3;5;3;5;4;5;5;5;6;6;6;7;6;8;6;9;6;9;7;9;8;9;9;8;9;7;9;7;8;8;8;8;7
1;3;11;9;10;4;11;4;12;4;13;4;14;4;14;3;13;3;12;3;11;3;10;3;9;3;8;3;7;3;6;3;5;3;5;4;5;5;5;6;6;6;7;6;8;6;9;6;9;7;9;8;9;9;8;9;7;9;7;8;8;8;8;7;7;7
1;3;11;9;11;4;12;4;13;4;14;4;14;3;13;3;12;3;11;3;10;3;9;3;8;3;7;3;6;3;5;3;5;4;5;5;5;6;6;6;7;6;8;6;9;6;9;7;9;8;9;9;8;9;7;9;7;8;8;8;8;7;7;7;6;7
1;2;11;9;12;4;13;4;14;4;14;3;13;3;12;3;11;3;10;3;9;3;8;3;7;3;6;3;5;3;5;4;5;5;5;6;6;6;7;6;8;6;9;6;9;7;9;8;9;9;8;9;7;9;7;8;8;8;8;7;7;7;6;7;6;8
1;2;11;9;13;4;14;4;14;3;13;3;12;3;11;3;10;3;9;3;8;3;7;3;6;3;5;3;5;4;5;5;5;6;6;6;7;6;8;6;9;6;9;7;9;8;9;9;8;9;7;9;7;8;8;8;8;7;7;7;6;7;6;8;6;9
1;3;11;9;14;4;14;3;13;3;12;3;11;3;10;3;9;3;8;3;7;3;6;3;5;3;5;4;5;5;5;6;6;6;7;6;8;6;9;6;9;7;9;8;9;9;8;9;7;9;7;8;8;8;8;7;7;7;6;7;6;8;6;9;5;9
1;2;11;9;14;3;13;3;12;3;11;3;10;3;9;3;8;3;7;3;6;3;5;3;5;4;5;5;5;6;6;6;7;6;8;6;9;6;9;7;9;8;9;9;8;9;7;9;7;8;8;8;8;7;7;7;6;7;6;8;6;9;5;9;5;10
1;1;11;9;13;3;12;3;11;3;10;3;9;3;8;3;7;3;6;3;5;3;5;4;5;5;5;6;6;6;7;6;8;6;9;6;9;7;9;8;9;9;8;9;7;9;7;8;8;8;8;7;7;7;6;7;6;8;6;9;5;9;5;10;6;10
1;1;11;9;12;3;11;3;10;3;9;3;8;3;7;3;6;3;5;3;5;4;5;5;5;6;6;6;7;6;8;6;9;6;9;7;9;8;9;9;8;9;7;9;7;8;8;8;8;7;7;7;6;7;6;8;6;9;5;9;5;10;6;10;7;10
1;1;11;9;11;3;10;3;9;3;8;3;7;3;6;3;5;3;5;4;5;5;5;6;6;6;7;6;8;6;9;6;9;7;9;8;9;9;8;9;7;9;7;8;8;8;8;7;7;7;6;7;6;8;6;9;5;9;5;10;6;10;7;10;8;10
1;1;11;9;10;3;9;3;8;3;7;3;6;3;5;3;5;4;5;5;5;6;6;6;7;6;8;6;9;6;9;7;9;8;9;9;8;9;7;9;7;8;8;8;8;7;7;7;6;7;6;8;6;9;5;9;5;10;6;10;7;10;8;10;9;10
1;1;11;9;9;3;8;3;7;3;6;3;5;3;5;4;5;5;5;6;6;6;7;6;8;6;9;6;9;7;9;8;9;9;8;9;7;9;7;8;8;8;8;7;7;7;6;7;6;8;6;9;5;9;5;10;6;10;7;10;8;10;9;10;10;10
1;0;11;9;8;3;7;3;6;3;5;3;5;4;5;5;5;6;6;6;7;6;8;6;9;6;9;7;9;8;9;9;8;9;7;9;7;8;8;8;8;7;7;7;6;7;6;8;6;9;5;9;5;10;6;10;7;10;8;10;9;10;10;10;10;9
1;1;1;8;7;3;7;3;6;3;5;3;5;4;5;5;5;6;6;6;7;6;8;6;9;6;9;7;9;8;9;9;8;9;7;9;7;8;8;8;8;7;7;7;6;7;6;8;6;9;5;9;5;10;6;10;7;10;8;10;9;10;10;10;10;9;11;9
1;2;1;8;7;3;6;3;5;3;5;4;5;5;5;6;6;6;7;6;8;6;9;6;9;7;9;8;9;9;8;9;7;9;7;8;8;8;8;7;7;7;6;7;6;8;6;9;5;9;5;10;6;10;7;10;8;10;9;10;10;10;10;9;11;9;11;10
1;2;1;8;6;3;5;3;5;4;5;5;5;6;6;6;7;6;8;6;9;6;9;7;9;8;9;9;8;9;7;9;7;8;8;8;8;7;7;7;6;7;6;8;6;9;5;9;5;10;6;10;7;10;8;10;9;10;10;10;10;9;11;9;11;10;11;11
1;3;1;8;5;3;5;4;5;5;5;6;6;6;7;6;8;6;9;6;9;7;9;8;9;9;8;9;7;9;7;8;8;8;8;7;7;7;6;7;6;8;6;9;5;9;5;10;6;10;7;10;8;10;9;10;10;10;10;9;11;9;11;10;11;11;10;11
1;3;1;8;5;4;5;5;5;6;6;6;7;6;8;6;9;6;9;7;9;8;9;9;8;9;7;9;7;8;8;8;8;7;7;7;6;7;6;8;6;9;5;9;5;10;6;10;7;10;8;10;9;10;10;10;10;9;11;9;11;10;11;11;10;11;9;11
1;3;1;8;5;5;5;6;6;6;7;6;8;6;9;6;9;7;9;8;9;9;8;9;7;9;7;8;8;8;8;7;7;7;6;7;6;8;6;9;5;9;5;10;6;10;7;10;8;10;9;10;10;10;10;9;11;9;11;10;11;11;10;11;9;11;8;11
1;3;1;8;5;6;6;6;7;6;8;6;9;6;9;7;9;8;9;9;8;9;7;9;7;8;8;8;8;7;7;7;6;7;6;8;6;9;5;9;5;10;6;10;7;10;8;10;9;10;10;10;10;9;11;9;11;10;11;11;10;11;9;11;8;11;7;11
1;3;1;8;6;6;7;6;8;6;9;6;9;7;9;8;9;9;8;9;7;9;7;8;8;8;8;7;7;7;6;7;6;8;6;9;5;9;5;10;6;10;7;10;8;10;9;10;10;10;10;9;11;9;11;10;11;11;10;11;9;11;8;11;7;11;6;11
1;3;1;8;7;6;8;6;9;6;9;7;9;8;9;9;8;9;7;9;7;8;8;8;8;7;7;7;6;7;6;8;6;9;5;9;5;10;6;10;7;10;8;10;9;10;10;10;10;9;11;9;11;10;11;11;10;11;9;11;8;11;7;11;6;11;5;11
1;3;1;8;8;6;9;6;9;7;9;8;9;9;8;9;7;9;7;8;8;8;8;7;7;7;6;7;6;8;6;9;5;9;5;10;6;10;7;10;8;10;9;10;10;10;10;9;11;9;11;10;11;11;10;11;9;11;8;11;7;11;6;11;5;11;4;11
1;0;1;8;9;6;9;7;9;8;9;9;8;9;7;9;7;8;8;8;8;7;7;7;6;7;6;8;6;9;5;9;5;10;6;10;7;10;8;10;9;10;10;10;10;9;11;9;11;10;11;11;10;11;9;11;8;11;7;11;6;11;5;11;4;11;4;10
1;0;1;8;9;7;9;8;9;9;8;9;7;9;7;8;8;8;8;7;7;7;6;7;6;8;6;9;5;9;5;10;6;10;7;10;8;10;9;10;10;10;10;9;11;9;11;10;11;11;10;11;9;11;8;11;7;11;6;11;5;11;4;11;4;10;4;9
1;0;1;8;9;8;9;9;8;9;7;9;7;8;8;8;8;7;7;7;6;7;6;8;6;9;5;9;5;10;6;10;7;10;8;10;9;10;10;10;10;9;11;9;11;10;11;11;10;11;9;11;8;11;7;11;6;11;5;11;4;11;4;10;4;9;4;8
1;3;1;8;9;9;8;9;7;9;7;8;8;8;8;7;7;7;6;7;6;8;6;9;5;9;5;10;6;10;7;10;8;10;9;10;10;10;10;9;11;9;11;10;11;11;10;11;9;11;8;11;7;11;6;11;5;11;4;11;4;10;4;9;4;8;3;8
1;3;1;8;8;9;7;9;7;8;8;8;8;7;7;7;6;7;6;8;6;9;5;9;5;10;6;10;7;10;8;10;9;10;10;10;10;9;11;9;11;10;11;11;10;11;9;11;8;11;7;11;6;11;5;11;4;11;4;10;4;9;4;8;3;8;2;8
1;3;12;3;7;9;7;9;7;8;8;8;8;7;7;7;6;7;6;8;6;9;5;9;5;10;6;10;7;10;8;10;9;10;10;10;10;9;11;9;11;10;11;11;10;11;9;11;8;11;7;11;6;11;5;11;4;11;4;10;4;9;4;8;3;8;2;8;1;8
1;0;12;3;7;9;7;8;8;8;8;7;7;7;6;7;6;8;6;9;5;9;5;10;6;10;7;10;8;10;9;10;10;10;10;9;11;9;11;10;11;11;10;11;9;11;8;11;7;11;6;11;5;11;4;11;4;10;4;9;4;8;3;8;2;8;1;8;1;7
1;0;12;3;7;8;8;8;8;7;7;7;6;7;6;8;6;9;5;9;5;10;6;10;7;10;8;10;9;10;10;10;10;9;11;9;11;10;11;11;10;11;9;11;8;11;7;11;6;11;5;11;4;11;4;10;4;9;4;8;3;8;2;8;1;8;1;7;1;6
1;1;12;3;8;8;8;7;7;7;6;7;6;8;6;9;5;9;5;10;6;10;7;10;8;10;9;10;10;10;10;9;11;9;11;10;11;11;10;11;9;11;8;11;7;11;6;11;5;11;4;11;4;10;4;9;4;8;3;8;2;8;1;8;1;7;1;6;2;6
1;1;12;3;8;7;7;7;6;7;6;8;6;9;5;9;5;10;6;10;7;10;8;10;9;10;10;10;10;9;11;9;11;10;11;11;10;11;9;11;8;11;7;11;6;11;5;11;4;11;4;10;4;9;4;8;3;8;2;8;1;8;1;7;1;6;2;6;3;6
1;1;12;3;7;7;6;7;6;8;6;9;5;9;5;10;6;10;7;10;8;10;9;10;10;10;10;9;11;9;11;10;11;11;10;11;9;11;8;11;7;11;6;11;5;11;4;11;4;10;4;9;4;8;3;8;2;8;1;8;1;7;1;6;2;6;3;6;4;6
1;1;12;3;6;7;6;8;6;9;5;9;5;10;6;10;7;10;8;10;9;10;10;10;10;9;11;9;11;10;11;11;10;11;9;11;8;11;7;11;6;11;5;11;4;11;4;10;4;9;4;8;3;8;2;8;1;8;1;7;1;6;2;6;3;6;4;6;5;6
1;1;12;3;6;8;6;9;5;9;5;10;6;10;7;10;8;10;9;10;10;10;10;9;11;9;11;10;11;11;10;11;9;11;8;11;7;11;6;11;5;11;4;11;4;10;4;9;4;8;3;8;2;8;1;8;1;7;1;6;2;6;3;6;4;6;5;6;6;6
1;0;12;3;6;9;5;9;5;10;6;10;7;10;8;10;9;10;10;10;10;9;11;9;11;10;11;11;10;11;9;11;8;11;7;11;6;11;5;11;4;11;4;10;4;9;4;8;3;8;2;8;1;8;1;7;1;6;2;6;3;6;4;6;5;6;6;6;6;5
1;1;12;3;5;9;5;10;6;10;7;10;8;10;9;10;10;10;10;9;11;9;11;10;11;11;10;11;9;11;8;11;7;11;6;11;5;11;4;11;4;10;4;9;4;8;3;8;2;8;1;8;1;7;1;6;2;6;3;6;4;6;5;6;6;6;6;5;7;5
1;0;12;3;5;10;6;10;7;10;8;10;9;10;10;10;10;9;11;9;11;10;11;11;10;11;9;11;8;11;7;11;6;11;5;11;4;11;4;10;4;9;4;8;3;8;2;8;1;8;1;7;1;6;2;6;3;6;4;6;5;6;6;6;6;5;7;5;7;4
1;1;12;3;6;10;7;10;8;10;9;10;10;10;10;9;11;9;11;10;11;11;10;11;9;11;8;11;7;11;6;11;5;11;4;11;4;10;4;9;4;8;3;8;2;8;1;8;1;7;1;6;2;6;3;6;4;6;5;6;6;6;6;5;7;5;7;4;8;4
1;0;12;3;7;10;8;10;9;10;10;10;10;9;11;9;11;10;11;11;10;11;9;11;8;11;7;11;6;11;5;11;4;11;4;10;4;9;4;8;3;8;2;8;1;8;1;7;1;6;2;6;3;6;4;6;5;6;6;6;6;5;7;5;7;4;8;4;8;3
1;1;12;3;8;10;9;10;10;10;10;9;11;9;11;10;11;11;10;11;9;11;8;11;7;11;6;11;5;11;4;11;4;10;4;9;4;8;3;8;2;8;1;8;1;7;1;6;2;6;3;6;4;6;5;6;6;6;6;5;7;5;7;4;8;4;8;3;9;3
1;1;12;3;9;10;10;10;10;9;11;9;11;10;11;11;10;11;9;11;8;11;7;11;6;11;5;11;4;11;4;10;4;9;4;8;3;8;2;8;1;8;1;7;1;6;2;6;3;6;4;6;5;6;6;6;6;5;7;5;7;4;8;4;8;3;9;3;10;3
1;1;12;3;10;10;10;9;11;9;11;10;11;11;10;11;9;11;8;11;7;11;6;11;5;11;4;11;4;10;4;9;4;8;3;8;2;8;1;8;1;7;1;6;2;6;3;6;4;6;5;6;6;6;6;5;7;5;7;4;8;4;8;3;9;3;10;3;11;3
1;1;8;7;10;9;10;9;11;9;11;10;11;11;10;11;9;11;8;11;7;11;6;11;5;11;4;11;4;10;4;9;4;8;3;8;2;8;1;8;1;7;1;6;2;6;3;6;4;6;5;6;6;6;6;5;7;5;7;4;8;4;8;3;9;3;10;3;11;3;12;3
1;2;8;7;10;9;11;9;11;10;11;11;10;11;9;11;8;11;7;11;6;11;5;11;4;11;4;10;4;9;4;8;3;8;2;8;1;8;1;7;1;6;2;6;3;6;4;6;5;6;6;6;6;5;7;5;7;4;8;4;8;3;9;3;10;3;11;3;12;3;12;4
1;2;8;7;11;9;11;10;11;11;10;11;9;11;8;11;7;11;6;11;5;11;4;11;4;10;4;9;4;8;3;8;2;8;1;8;1;7;1;6;2;6;3;6;4;6;5;6;6;6;6;5;7;5;7;4;8;4;8;3;9;3;10;3;11;3;12;3;12;4;12;5
1;2;8;7;11;10;11;11;10;11;9;11;8;11;7;11;6;11;5;11;4;11;4;10;4;9;4;8;3;8;2;8;1;8;1;7;1;6;2;6;3;6;4;6;5;6;6;6;6;5;7;5;7;4;8;4;8;3;9;3;10;3;11;3;12;3;12;4;12;5;12;6
1;2;8;7;11;11;10;11;9;11;8;11;7;11;6;11;5;11;4;11;4;10;4;9;4;8;3;8;2;8;1;8;1;7;1;6;2;6;3;6;4;6;5;6;6;6;6;5;7;5;7;4;8;4;8;3;9;3;10;3;11;3;12;3;12;4;12;5;12;6;12;7
1;3;8;7;10;11;9;11;8;11;7;11;6;11;5;11;4;11;4;10;4;9;4;8;3;8;2;8;1;8;1;7;1;6;2;6;3;6;4;6;5;6;6;6;6;5;7;5;7;4;8;4;8;3;9;3;10;3;11;3;12;3;12;4;12;5;12;6;12;7;11;7
1;3;8;7;9;11;8;11;7;11;6;11;5;11;4;11;4;10;4;9;4;8;3;8;2;8;1;8;1;7;1;6;2;6;3;6;4;6;5;6;6;6;6;5;7;5;7;4;8;4;8;3;9;3;10;3;11;3;12;3;12;4;12;5;12;6;12;7;11;7;10;7
1;3;8;7;8;11;7;11;6;11;5;11;4;11;4;10;4;9;4;8;3;8;2;8;1;8;1;7;1;6;2;6;3;6;4;6;5;6;6;6;6;5;7;5;7;4;8;4;8;3;9;3;10;3;11;3;12;3;12;4;12;5;12;6;12;7;11;7;10;7;9;7
1;3;0;6;7;11;7;11;6;11;5;11;4;11;4;10;4;9;4;8;3;8;2;8;1;8;1;7;1;6;2;6;3;6;4;6;5;6;6;6;6;5;7;5;7;4;8;4;8;3;9;3;10;3;11;3;12;3;12;4;12;5;12;6;12;7;11;7;10;7;9;7;8;7
1;0;0;6;7;11;6;11;5;11;4;11;4;10;4;9;4;8;3;8;2;8;1;8;1;7;1;6;2;6;3;6;4;6;5;6;6;6;6;5;7;5;7;4;8;4;8;3;9;3;10;3;11;3;12;3;12;4;12;5;12;6;12;7;11;7;10;7;9;7;8;7;8;6
1;3;0;6;6;11;5;11;4;11;4;10;4;9;4;8;3;8;2;8;1;8;1;7;1;6;2;6;3;6;4;6;5;6;6;6;6;5;7;5;7;4;8;4;8;3;9;3;10;3;11;3;12;3;12;4;12;5;12;6;12;7;11;7;10;7;9;7;8;7;8;6;7;6
1;2;0;6;5;11;4;11;4;10;4;9;4;8;3;8;2;8;1;8;1;7;1;6;2;6;3;6;4;6;5;6;6;6;6;5;7;5;7;4;8;4;8;3;9;3;10;3;11;3;12;3;12;4;12;5;12;6;12;7;11;7;10;7;9;7;8;7;8;6;7;6;7;7
1;3;0;6;4;11;4;10;4;9;4;8;3;8;2;8;1;8;1;7;1;6;2;6;3;6;4;6;5;6;6;6;6;5;7;5;7;4;8;4;8;3;9;3;10;3;11;3;12;3;12;4;12;5;12;6;12;7;11;7;10;7;9;7;8;7;8;6;7;6;7;7;6;7
1;3;0;6;4;10;4;9;4;8;3;8;2;8;1;8;1;7;1;6;2;6;3;6;4;6;5;6;6;6;6;5;7;5;7;4;8;4;8;3;9;3;10;3;11;3;12;3;12;4;12;5;12;6;12;7;11;7;10;7;9;7;8;7;8;6;7;6;7;7;6;7;5;7
1;2;0;6;4;9;4;8;3;8;2;8;1;8;1;7;1;6;2;6;3;6;4;6;5;6;6;6;6;5;7;5;7;4;8;4;8;3;9;3;10;3;11;3;12;3;12;4;12;5;12;6;12;7;11;7;10;7;9;7;8;7;8;6;7;6;7;7;6;7;5;7;5;8
1;2;0;6;4;8;3;8;2;8;1;8;1;7;1;6;2;6;3;6;4;6;5;6;6;6;6;5;7;5;7;4;8;4;8;3;9;3;10;3;11;3;12;3;12;4;12;5;12;6;12;7;11;7;10;7;9;7;8;7;8;6;7;6;7;7;6;7;5;7;5;8;5;9
1;3;0;6;3;8;2;8;1;8;1;7;1;6;2;6;3;6;4;6;5;6;6;6;6;5;7;5;7;4;8;4;8;3;9;3;10;3;11;3;12;3;12;4;12;5;12;6;12;7;11;7;10;7;9;7;8;7;8;6;7;6;7;7;6;7;5;7;5;8;5;9;4;9
1;3;0;6;2;8;1;8;1;7;1;6;2;6;3;6;4;6;5;6;6;6;6;5;7;5;7;4;8;4;8;3;9;3;10;3;11;3;12;3;12;4;12;5;12;6;12;7;11;7;10;7;9;7;8;7;8;6;7;6;7;7;6;7;5;7;5;8;5;9;4;9;3;9
1;3;0;6;1;8;1;7;1;6;2;6;3;6;4;6;5;6;6;6;6;5;7;5;7;4;8;4;8;3;9;3;10;3;11;3;12;3;12;4;12;5;12;6;12;7;11;7;10;7;9;7;8;7;8;6;7;6;7;7;6;7;5;7;5;8;5;9;4;9;3;9;2;9
1;2;0;6;1;7;1;6;2;6;3;6;4;6;5;6;6;6;6;5;7;5;7;4;8;4;8;3;9;3;10;3;11;3;12;3;12;4;12;5;12;6;12;7;11;7;10;7;9;7;8;7;8;6;7;6;7;7;6;7;5;7;5;8;5;9;4;9;3;9;2;9;2;10
1;3;0;6;1;6;2;6;3;6;4;6;5;6;6;6;6;5;7;5;7;4;8;4;8;3;9;3;10;3;11;3;12;3;12;4;12;5;12;6;12;7;11;7;10;7;9;7;8;7;8;6;7;6;7;7;6;7;5;7;5;8;5;9;4;9;3;9;2;9;2;10;1;10
1;2;0;6;2;6;3;6;4;6;5;6;6;6;6;5;7;5;7;4;8;4;8;3;9;3;10;3;11;3;12;3;12;4;12;5;12;6;12;7;11;7;10;7;9;7;8;7;8;6;7;6;7;7;6;7;5;7;5;8;5;9;4;9;3;9;2;9;2;10;1;10;1;11
1;3;0;6;3;6;4;6;5;6;6;6;6;5;7;5;7;4;8;4;8;3;9;3;10;3;11;3;12;3;12;4;12;5;12;6;12;7;11;7;10;7;9;7;8;7;8;6;7;6;7;7;6;7;5;7;5;8;5;9;4;9;3;9;2;9;2;10;1;10;1;11;0;11
1;0;0;6;4;6;5;6;6;6;6;5;7;5;7;4;8;4;8;3;9;3;10;3;11;3;12;3;12;4;12;5;12;6;12;7;11;7;10;7;9;7;8;7;8;6;7;6;7;7;6;7;5;7;5;8;5;9;4;9;3;9;2;9;2;10;1;10;1;11;0;11;0;10
1;0;0;6;5;6;6;6;6;5;7;5;7;4;8;4;8;3;9;3;10;3;11;3;12;3;12;4;12;5;12;6;12;7;11;7;10;7;9;7;8;7;8;6;7;6;7;7;6;7;5;7;5;8;5;9;4;9;3;9;2;9;2;10;1;10;1;11;0;11;0;10;0;9
1;0;0;6;6;6;6;5;7;5;7;4;8;4;8;3;9;3;10;3;11;3;12;3;12;4;12;5;12;6;12;7;11;7;10;7;9;7;8;7;8;6;7;6;7;7;6;7;5;7;5;8;5;9;4;9;3;9;2;9;2;10;1;10;1;11;0;11;0;10;0;9;0;8
1;0;0;6;6;5;7;5;7;4;8;4;8;3;9;3;10;3;11;3;12;3;12;4;12;5;12;6;12;7;11;7;10;7;9;7;8;7;8;6;7;6;7;7;6;7;5;7;5;8;5;9;4;9;3;9;2;9;2;10;1;10;1;11;0;11;0;10;0;9;0;8;0;7
1;0;12;11;7;5;7;5;7;4;8;4;8;3;9;3;10;3;11;3;12;3;12;4;12;5;12;6;12;7;11;7;10;7;9;7;8;7;8;6;7;6;7;7;6;7;5;7;5;8;5;9;4;9;3;9;2;9;2;10;1;10;1;11;0;11;0;10;0;9;0;8;0;7;0;6
1;1;12;11;7;5;7;4;8;4;8;3;9;3;10;3;11;3;12;3;12;4;12;5;12;6;12;7;11;7;10;7;9;7;8;7;8;6;7;6;7;7;6;7;5;7;5;8;5;9;4;9;3;9;2;9;2;10;1;10;1;11;0;11;0;10;0;9;0;8;0;7;0;6;1;6
1;2;12;11;7;4;8;4;8;3;9;3;10;3;11;3;12;3;12;4;12;5;12;6;12;7;11;7;10;7;9;7;8;7;8;6;7;6;7;7;6;7;5;7;5;8;5;9;4;9;3;9;2;9;2;10;1;10;1;11;0;11;0;10;0;9;0;8;0;7;0;6;1;6;1;7
1;2;12;11;8;4;8;3;9;3;10;3;11;3;12;3;12;4;12;5;12;6;12;7;11;7;10;7;9;7;8;7;8;6;7;6;7;7;6;7;5;7;5;8;5;9;4;9;3;9;2;9;2;10;1;10;1;11;0;11;0;10;0;9;0;8;0;7;0;6;1;6;1;7;1;8
1;1;12;11;8;3;9;3;10;3;11;3;12;3;12;4;12;5;12;6;12;7;11;7;10;7;9;7;8;7;8;6;7;6;7;7;6;7;5;7;5;8;5;9;4;9;3;9;2;9;2;10;1;10;1;11;0;11;0;10;0;9;0;8;0;7;0;6;1;6;1;7;1;8;2;8
1;0;12;11;9;3;10;3;11;3;12;3;12;4;12;5;12;6;12;7;11;7;10;7;9;7;8;7;8;6;7;6;7;7;6;7;5;7;5;8;5;9;4;9;3;9;2;9;2;10;1;10;1;11;0;11;0;10;0;9;0;8;0;7;0;6;1;6;1;7;1;8;2;8;2;7
1;0;12;11;10;3;11;3;12;3;12;4;12;5;12;6;12;7;11;7;10;7;9;7;8;7;8;6;7;6;7;7;6;7;5;7;5;8;5;9;4;9;3;9;2;9;2;10;1;10;1;11;0;11;0;10;0;9;0;8;0;7;0;6;1;6;1;7;1;8;2;8;2;7;2;6
1;1;12;11;11;3;12;3;12;4;12;5;12;6;12;7;11;7;10;7;9;7;8;7;8;6;7;6;7;7;6;7;5;7;5;8;5;9;4;9;3;9;2;9;2;10;1;10;1;11;0;11;0;10;0;9;0;8;0;7;0;6;1;6;1;7;1;8;2;8;2;7;2;6;3;6
1;2;12;11;12;3;12;4;12;5;12;6;12;7;11;7;10;7;9;7;8;7;8;6;7;6;7;7;6;7;5;7;5;8;5;9;4;9;3;9;2;9;2;10;1;10;1;11;0;11;0;10;0;9;0;8;0;7;0;6;1;6;1;7;1;8;2;8;2;7;2;6;3;6;3;7
1;2;12;11;12;4;12;5;12;6;12;7;11;7;10;7;9;7;8;7;8;6;7;6;7;7;6;7;5;7;5;8;5;9;4;9;3;9;2;9;2;10;1;10;1;11;0;11;0;10;0;9;0;8;0;7;0;6;1;6;1;7;1;8;2;8;2;7;2;6;3;6;3;7;3;8
1;1;12;11;12;5;12;6;12;7;11;7;10;7;9;7;8;7;8;6;7;6;7;7;6;7;5;7;5;8;5;9;4;9;3;9;2;9;2;10;1;10;1;11;0;11;0;10;0;9;0;8;0;7;0;6;1;6;1;7;1;8;2;8;2;7;2;6;3;6;3;7;3;8;4;8
1;0;12;11;12;6;12;7;11;7;10;7;9;7;8;7;8;6;7;6;7;7;6;7;5;7;5;8;5;9;4;9;3;9;2;9;2;10;1;10;1;11;0;11;0;10;0;9;0;8;0;7;0;6;1;6;1;7;1;8;2;8;2;7;2;6;3;6;3;7;3;8;4;8;4;7
1;0;12;11;12;7;11;7;10;7;9;7;8;7;8;6;7;6;7;7;6;7;5;7;5;8;5;9;4;9;3;9;2;9;2;10;1;10;1;11;0;11;0;10;0;9;0;8;0;7;0;6;1;6;1;7;1;8;2;8;2;7;2;6;3;6;3;7;3;8;4;8;4;7;4;6
1;0;12;11;11;7;10;7;9;7;8;7;8;6;7;6;7;7;6;7;5;7;5;8;5;9;4;9;3;9;2;9;2;10;1;10;1;11;0;11;0;10;0;9;0;8;0;7;0;6;1;6;1;7;1;8;2;8;2;7;2;6;3;6;3;7;3;8;4;8;4;7;4;6;4;5
1;1;12;11;10;7;9;7;8;7;8;6;7;6;7;7;6;7;5;7;5;8;5;9;4;9;3;9;2;9;2;10;1;10;1;11;0;11;0;10;0;9;0;8;0;7;0;6;1;6;1;7;1;8;2;8;2;7;2;6;3;6;3;7;3;8;4;8;4;7;4;6;4;5;5;5
1;1;12;11;9;7;8;7;8;6;7;6;7;7;6;7;5;7;5;8;5;9;4;9;3;9;2;9;2;10;1;10;1;11;0;11;0;10;0;9;0;8;0;7;0;6;1;6;1;7;1;8;2;8;2;7;2;6;3;6;3;7;3;8;4;8;4;7;4;6;4;5;5;5;6;5
1;1;12;11;8;7;8;6;7;6;7;7;6;7;5;7;5;8;5;9;4;9;3;9;2;9;2;10;1;10;1;11;0;11;0;10;0;9;0;8;0;7;0;6;1;6;1;7;1;8;2;8;2;7;2;6;3;6;3;7;3;8;4;8;4;7;4;6;4;5;5;5;6;5;7;5
1;1;12;11;8;6;7;6;7;7;6;7;5;7;5;8;5;9;4;9;3;9;2;9;2;10;1;10;1;11;0;11;0;10;0;9;0;8;0;7;0;6;1;6;1;7;1;8;2;8;2;7;2;6;3;6;3;7;3;8;4;8;4;7;4;6;4;5;5;5;6;5;7;5;8;5
1;0;12;11;7;6;7;7;6;7;5;7;5;8;5;9;4;9;3;9;2;9;2;10;1;10;1;11;0;11;0;10;0;9;0;8;0;7;0;6;1;6;1;7;1;8;2;8;2;7;2;6;3;6;3;7;3;8;4;8;4;7;4;6;4;5;5;5;6;5;7;5;8;5;8;4
1;1;12;11;7;7;6;7;5;7;5;8;5;9;4;9;3;9;2;9;2;10;1;10;1;11;0;11;0;10;0;9;0;8;0;7;0;6;1;6;1;7;1;8;2;8;2;7;2;6;3;6;3;7;3;8;4;8;4;7;4;6;4;5;5;5;6;5;7;5;8;5;8;4;9;4
1;2;12;11;6;7;5;7;5;8;5;9;4;9;3;9;2;9;2;10;1;10;1;11;0;11;0;10;0;9;0;8;0;7;0;6;1;6;1;7;1;8;2;8;2;7;2;6;3;6;3;7;3;8;4;8;4;7;4;6;4;5;5;5;6;5;7;5;8;5;8;4;9;4;9;5
1;2;12;11;5;7;5;8;5;9;4;9;3;9;2;9;2;10;1;10;1;11;0;11;0;10;0;9;0;8;0;7;0;6;1;6;1;7;1;8;2;8;2;7;2;6;3;6;3;7;3;8;4;8;4;7;4;6;4;5;5;5;6;5;7;5;8;5;8;4;9;4;9;5;9;6
1;1;12;11;5;8;5;9;4;9;3;9;2;9;2;10;1;10;1;11;0;11;0;10;0;9;0;8;0;7;0;6;1;6;1;7;1;8;2;8;2;7;2;6;3;6;3;7;3;8;4;8;4;7;4;6;4;5;5;5;6;5;7;5;8;5;8;4;9;4;9;5;9;6;10;6
1;2;12;11;5;9;4;9;3;9;2;9;2;10;1;10;1;11;0;11;0;10;0;9;0;8;0;7;0;6;1;6;1;7;1;8;2;8;2;7;2;6;3;6;3;7;3;8;4;8;4;7;4;6;4;5;5;5;6;5;7;5;8;5;8;4;9;4;9;5;9;6;10;6;10;7
1;1;12;11;4;9;3;9;2;9;2;10;1;10;1;11;0;11;0;10;0;9;0;8;0;7;0;6;1;6;1;7;1;8;2;8;2;7;2;6;3;6;3;7;3;8;4;8;4;7;4;6;4;5;5;5;6;5;7;5;8;5;8;4;9;4;9;5;9;6;10;6;10;7;11;7
1;2;12;11;3;9;2;9;2;10;1;10;1;11;0;11;0;10;0;9;0;8;0;7;0;6;1;6;1;7;1;8;2;8;2;7;2;6;3;6;3;7;3;8;4;8;4;7;4;6;4;5;5;5;6;5;7;5;8;5;8;4;9;4;9;5;9;6;10;6;10;7;11;7;11;8
1;1;12;11;2;9;2;10;1;10;1;11;0;11;0;10;0;9;0;8;0;7;0;6;1;6;1;7;1;8;2;8;2;7;2;6;3;6;3;7;3;8;4;8;4;7;4;6;4;5;5;5;6;5;7;5;8;5;8;4;9;4;9;5;9;6;10;6;10;7;11;7;11;8;12;8
1;2;12;11;2;10;1;10;1;11;0;11;0;10;0;9;0;8;0;7;0;6;1;6;1;7;1;8;2;8;2;7;2;6;3;6;3;7;3;8;4;8;4;7;4;6;4;5;5;5;6;5;7;5;8;5;8;4;9;4;9;5;9;6;10;6;10;7;11;7;11;8;12;8;12;9
1;2;12;11;1;10;1;11;0;11;0;10;0;9;0;8;0;7;0;6;1;6;1;7;1;8;2;8;2;7;2;6;3;6;3;7;3;8;4;8;4;7;4;6;4;5;5;5;6;5;7;5;8;5;8;4;9;4;9;5;9;6;10;6;10;7;11;7;11;8;12;8;12;9;12;10
1;2;5;9;1;11;1;11;0;11;0;10;0;9;0;8;0;7;0;6;1;6;1;7;1;8;2;8;2;7;2;6;3;6;3;7;3;8;4;8;4;7;4;6;4;5;5;5;6;5;7;5;8;5;8;4;9;4;9;5;9;6;10;6;10;7;11;7;11;8;12;8;12;9;12;10;12;11
1;3;5;9;1;11;0;11;0;10;0;9;0;8;0;7;0;6;1;6;1;7;1;8;2;8;2;7;2;6;3;6;3;7;3;8;4;8;4;7;4;6;4;5;5;5;6;5;7;5;8;5;8;4;9;4;9;5;9;6;10;6;10;7;11;7;11;8;12;8;12;9;12;10;12;11;11;11
1;0;5;9;0;11;0;10;0;9;0;8;0;7;0;6;1;6;1;7;1;8;2;8;2;7;2;6;3;6;3;7;3;8;4;8;4;7;4;6;4;5;5;5;6;5;7;5;8;5;8;4;9;4;9;5;9;6;10;6;10;7;11;7;11;8;12;8;12;9;12;10;12;11;11;11;11;10
1;0;5;9;0;10;0;9;0;8;0;7;0;6;1;6;1;7;1;8;2;8;2;7;2;6;3;6;3;7;3;8;4;8;4;7;4;6;4;5;5;5;6;5;7;5;8;5;8;4;9;4;9;5;9;6;10;6;10;7;11;7;11;8;12;8;12;9;12;10;12;11;11;11;11;10;11;9
1;3;5;9;0;9;0;8;0;7;0;6;1;6;1;7;1;8;2;8;2;7;2;6;3;6;3;7;3;8;4;8;4;7;4;6;4;5;5;5;6;5;7;5;8;5;8;4;9;4;9;5;9;6;10;6;10;7;11;7;11;8;12;8;12;9;12;10;12;11;11;11;11;10;11;9;10;9
1;3;5;9;0;8;0;7;0;6;1;6;1;7;1;8;2;8;2;7;2;6;3;6;3;7;3;8;4;8;4;7;4;6;4;5;5;5;6;5;7;5;8;5;8;4;9;4;9;5;9;6;10;6;10;7;11;7;11;8;12;8;12;9;12;10;12;11;11;11;11;10;11;9;10;9;9;9
1;3;5;9;0;7;0;6;1;6;1;7;1;8;2;8;2;7;2;6;3;6;3;7;3;8;4;8;4;7;4;6;4;5;5;5;6;5;7;5;8;5;8;4;9;4;9;5;9;6;10;6;10;7;11;7;11;8;12;8;12;9;12;10;12;11;11;11;11;10;11;9;10;9;9;9;8;9
1;3;5;9;0;6;1;6;1;7;1;8;2;8;2;7;2;6;3;6;3;7;3;8;4;8;4;7;4;6;4;5;5;5;6;5;7;5;8;5;8;4;9;4;9;5;9;6;10;6;10;7;11;7;11;8;12;8;12;9;12;10;12;11;11;11;11;10;11;9;10;9;9;9;8;9;7;9
1;3;5;9;1;6;1;7;1;8;2;8;2;7;2;6;3;6;3;7;3;8;4;8;4;7;4;6;4;5;5;5;6;5;7;5;8;5;8;4;9;4;9;5;9;6;10;6;10;7;11;7;11;8;12;8;12;9;12;10;12;11;11;11;11;10;11;9;10;9;9;9;8;9;7;9;6;9
1;3;8;10;1;7;1;7;1;8;2;8;2;7;2;6;3;6;3;7;3;8;4;8;4;7;4;6;4;5;5;5;6;5;7;5;8;5;8;4;9;4;9;5;9;6;10;6;10;7;11;7;11;8;12;8;12;9;12;10;12;11;11;11;11;10;11;9;10;9;9;9;8;9;7;9;6;9;5;9
1;2;8;10;1;7;1;8;2;8;2;7;2;6;3;6;3;7;3;8;4;8;4;7;4;6;4;5;5;5;6;5;7;5;8;5;8;4;9;4;9;5;9;6;10;6;10;7;11;7;11;8;12;8;12;9;12;10;12;11;11;11;11;10;11;9;10;9;9;9;8;9;7;9;6;9;5;9;5;10
1;1;8;10;1;8;2;8;2;7;2;6;3;6;3;7;3;8;4;8;4;7;4;6;4;5;5;5;6;5;7;5;8;5;8;4;9;4;9;5;9;6;10;6;10;7;11;7;11;8;12;8;12;9;12;10;12;11;11;11;11;10;11;9;10;9;9;9;8;9;7;9;6;9;5;9;5;10;6;10
1;1;8;10;2;8;2;7;2;6;3;6;3;7;3;8;4;8;4;7;4;6;4;5;5;5;6;5;7;5;8;5;8;4;9;4;9;5;9;6;10;6;10;7;11;7;11;8;12;8;12;9;12;10;12;11;11;11;11;10;11;9;10;9;9;9;8;9;7;9;6;9;5;9;5;10;6;10;7;10
1;1;0;9;2;7;2;7;2;6;3;6;3;7;3;8;4;8;4;7;4;6;4;5;5;5;6;5;7;5;8;5;8;4;9;4;9;5;9;6;10;6;10;7;11;7;11;8;12;8;12;9;12;10;12;11;11;11;11;10;11;9;10;9;9;9;8;9;7;9;6;9;5;9;5;10;6;10;7;10;8;10
1;2;0;9;2;7;2;6;3;6;3;7;3;8;4;8;4;7;4;6;4;5;5;5;6;5;7;5;8;5;8;4;9;4;9;5;9;6;10;6;10;7;11;7;11;8;12;8;12;9;12;10;12;11;11;11;11;10;11;9;10;9;9;9;8;9;7;9;6;9;5;9;5;10;6;10;7;10;8;10;8;11
1;3;0;9;2;6;3;6;3;7;3;8;4;8;4;7;4;6;4;5;5;5;6;5;7;5;8;5;8;4;9;4;9;5;9;6;10;6;10;7;11;7;11;8;12;8;12;9;12;10;12;11;11;11;11;10;11;9;10;9;9;9;8;9;7;9;6;9;5;9;5;10;6;10;7;10;8;10;8;11;7;11
1;3;0;9;3;6;3;7;3;8;4;8;4;7;4;6;4;5;5;5;6;5;7;5;8;5;8;4;9;4;9;5;9;6;10;6;10;7;11;7;11;8;12;8;12;9;12;10;12;11;11;11;11;10;11;9;10;9;9;9;8;9;7;9;6;9;5;9;5;10;6;10;7;10;8;10;8;11;7;11;6;11
1;3;0;9;3;7;3;8;4;8;4;7;4;6;4;5;5;5;6;5;7;5;8;5;8;4;9;4;9;5;9;6;10;6;10;7;11;7;11;8;12;8;12;9;12;10;12;11;11;11;11;10;11;9;10;9;9;9;8;9;7;9;6;9;5;9;5;10;6;10;7;10;8;10;8;11;7;11;6;11;5;11
1;3;0;9;3;8;4;8;4;7;4;6;4;5;5;5;6;5;7;5;8;5;8;4;9;4;9;5;9;6;10;6;10;7;11;7;11;8;12;8;12;9;12;10;12;11;11;11;11;10;11;9;10;9;9;9;8;9;7;9;6;9;5;9;5;10;6;10;7;10;8;10;8;11;7;11;6;11;5;11;4;11
1;0;0;9;4;8;4;7;4;6;4;5;5;5;6;5;7;5;8;5;8;4;9;4;9;5;9;6;10;6;10;7;11;7;11;8;12;8;12;9;12;10;12;11;11;11;11;10;11;9;10;9;9;9;8;9;7;9;6;9;5;9;5;10;6;10;7;10;8;10;8;11;7;11;6;11;5;11;4;11;4;10
1;0;0;9;4;7;4;6;4;5;5;5;6;5;7;5;8;5;8;4;9;4;9;5;9;6;10;6;10;7;11;7;11;8;12;8;12;9;12;10;12;11;11;11;11;10;11;9;10;9;9;9;8;9;7;9;6;9;5;9;5;10;6;10;7;10;8;10;8;11;7;11;6;11;5;11;4;11;4;10;4;9
1;3;0;9;4;6;4;5;5;5;6;5;7;5;8;5;8;4;9;4;9;5;9;6;10;6;10;7;11;7;11;8;12;8;12;9;12;10;12;11;11;11;11;10;11;9;10;9;9;9;8;9;7;9;6;9;5;9;5;10;6;10;7;10;8;10;8;11;7;11;6;11;5;11;4;11;4;10;4;9;3;9
1;3;0;9;4;5;5;5;6;5;7;5;8;5;8;4;9;4;9;5;9;6;10;6;10;7;11;7;11;8;12;8;12;9;12;10;12;11;11;11;11;10;11;9;10;9;9;9;8;9;7;9;6;9;5;9;5;10;6;10;7;10;8;10;8;11;7;11;6;11;5;11;4;11;4;10;4;9;3;9;2;9
1;3;0;9;5;5;6;5;7;5;8;5;8;4;9;4;9;5;9;6;10;6;10;7;11;7;11;8;12;8;12;9;12;10;12;11;11;11;11;10;11;9;10;9;9;9;8;9;7;9;6;9;5;9;5;10;6;10;7;10;8;10;8;11;7;11;6;11;5;11;4;11;4;10;4;9;3;9;2;9;1;9
1;3;13;4;6;5;6;5;7;5;8;5;8;4;9;4;9;5;9;6;10;6;10;7;11;7;11;8;12;8;12;9;12;10;12;11;11;11;11;10;11;9;10;9;9;9;8;9;7;9;6;9;5;9;5;10;6;10;7;10;8;10;8;11;7;11;6;11;5;11;4;11;4;10;4;9;3;9;2;9;1;9;0;9
1;0;13;4;6;5;7;5;8;5;8;4;9;4;9;5;9;6;10;6;10;7;11;7;11;8;12;8;12;9;12;10;12;11;11;11;11;10;11;9;10;9;9;9;8;9;7;9;6;9;5;9;5;10;6;10;7;10;8;10;8;11;7;11;6;11;5;11;4;11;4;10;4;9;3;9;2;9;1;9;0;9;0;8
1;0;13;4;7;5;8;5;8;4;9;4;9;5;9;6;10;6;10;7;11;7;11;8;12;8;12;9;12;10;12;11;11;11;11;10;11;9;10;9;9;9;8;9;7;9;6;9;5;9;5;10;6;10;7;10;8;10;8;11;7;11;6;11;5;11;4;11;4;10;4;9;3;9;2;9;1;9;0;9;0;8;0;7
1;0;13;4;8;5;8;4;9;4;9;5;9;6;10;6;10;7;11;7;11;8;12;8;12;9;12;10;12;11;11;11;11;10;11;9;10;9;9;9;8;9;7;9;6;9;5;9;5;10;6;10;7;10;8;10;8;11;7;11;6;11;5;11;4;11;4;10;4;9;3;9;2;9;1;9;0;9;0;8;0;7;0;6
1;0;13;4;8;4;9;4;9;5;9;6;10;6;10;7;11;7;11;8;12;8;12;9;12;10;12;11;11;11;11;10;11;9;10;9;9;9;8;9;7;9;6;9;5;9;5;10;6;10;7;10;8;10;8;11;7;11;6;11;5;11;4;11;4;10;4;9;3;9;2;9;1;9;0;9;0;8;0;7;0;6;0;5
1;0;13;4;9;4;9;5;9;6;10;6;10;7;11;7;11;8;12;8;12;9;12;10;12;11;11;11;11;10;11;9;10;9;9;9;8;9;7;9;6;9;5;9;5;10;6;10;7;10;8;10;8;11;7;11;6;11;5;11;4;11;4;10;4;9;3;9;2;9;1;9;0;9;0;8;0;7;0;6;0;5;0;4
1;1;13;4;9;5;9;6;10;6;10;7;11;7;11;8;12;8;12;9;12;10;12;11;11;11;11;10;11;9;10;9;9;9;8;9;7;9;6;9;5;9;5;10;6;10;7;10;8;10;8;11;7;11;6;11;5;11;4;11;4;10;4;9;3;9;2;9;1;9;0;9;0;8;0;7;0;6;0;5;0;4;1;4
1;1;13;4;9;6;10;6;10;7;11;7;11;8;12;8;12;9;12;10;12;11;11;11;11;10;11;9;10;9;9;9;8;9;7;9;6;9;5;9;5;10;6;10;7;10;8;10;8;11;7;11;6;11;5;11;4;11;4;10;4;9;3;9;2;9;1;9;0;9;0;8;0;7;0;6;0;5;0;4;1;4;2;4
1;1;13;4;10;6;10;7;11;7;11;8;12;8;12;9;12;10;12;11;11;11;11;10;11;9;10;9;9;9;8;9;7;9;6;9;5;9;5;10;6;10;7;10;8;10;8;11;7;11;6;11;5;11;4;11;4;10;4;9;3;9;2;9;1;9;0;9;0;8;0;7;0;6;0;5;0;4;1;4;2;4;3;4
1;1;13;4;10;7;11;7;11;8;12;8;12;9;12;10;12;11;11;11;11;10;11;9;10;9;9;9;8;9;7;9;6;9;5;9;5;10;6;10;7;10;8;10;8;11;7;11;6;11;5;11;4;11;4;10;4;9;3;9;2;9;1;9;0;9;0;8;0;7;0;6;0;5;0;4;1;4;2;4;3;4;4;4
1;1;13;4;11;7;11;8;12;8;12;9;12;10;12;11;11;11;11;10;11;9;10;9;9;9;8;9;7;9;6;9;5;9;5;10;6;10;7;10;8;10;8;11;7;11;6;11;5;11;4;11;4;10;4;9;3;9;2;9;1;9;0;9;0;8;0;7;0;6;0;5;0;4;1;4;2;4;3;4;4;4;5;4
1;1;13;4;11;8;12;8;12;9;12;10;12;11;11;11;11;10;11;9;10;9;9;9;8;9;7;9;6;9;5;9;5;10;6;10;7;10;8;10;8;11;7;11;6;11;5;11;4;11;4;10;4;9;3;9;2;9;1;9;0;9;0;8;0;7;0;6;0;5;0;4;1;4;2;4;3;4;4;4;5;4;6;4
1;1;13;4;12;8;12;9;12;10;12;11;11;11;11;10;11;9;10;9;9;9;8;9;7;9;6;9;5;9;5;10;6;10;7;10;8;10;8;11;7;11;6;11;5;11;4;11;4;10;4;9;3;9;2;9;1;9;0;9;0;8;0;7;0;6;0;5;0;4;1;4;2;4;3;4;4;4;5;4;6;4;7;4
1;1;13;4;12;9;12;10;12;11;11;11;11;10;11;9;10;9;9;9;8;9;7;9;6;9;5;9;5;10;6;10;7;10;8;10;8;11;7;11;6;11;5;11;4;11;4;10;4;9;3;9;2;9;1;9;0;9;0;8;0;7;0;6;0;5;0;4;1;4;2;4;3;4;4;4;5;4;6;4;7;4;8;4
1;1;13;4;12;10;12;11;11;11;11;10;11;9;10;9;9;9;8;9;7;9;6;9;5;9;5;10;6;10;7;10;8;10;8;11;7;11;6;11;5;11;4;11;4;10;4;9;3;9;2;9;1;9;0;9;0;8;0;7;0;6;0;5;0;4;1;4;2;4;3;4;4;4;5;4;6;4;7;4;8;4;9;4
1;1;13;4;12;11;11;11;11;10;11;9;10;9;9;9;8;9;7;9;6;9;5;9;5;10;6;10;7;10;8;10;8;11;7;11;6;11;5;11;4;11;4;10;4;9;3;9;2;9;1;9;0;9;0;8;0;7;0;6;0;5;0;4;1;4;2;4;3;4;4;4;5;4;6;4;7;4;8;4;9;4;10;4
1;1;13;4;11;11;11;10;11;9;10;9;9;9;8;9;7;9;6;9;5;9;5;10;6;10;7;10;8;10;8;11;7;11;6;11;5;11;4;11;4;10;4;9;3;9;2;9;1;9;0;9;0;8;0;7;0;6;0;5;0;4;1;4;2;4;3;4;4;4;5;4;6;4;7;4;8;4;9;4;10;4;11;4
1;1;13;4;11;10;11;9;10;9;9;9;8;9;7;9;6;9;5;9;5;10;6;10;7;10;8;10;8;11;7;11;6;11;5;11;4;11;4;10;4;9;3;9;2;9;1;9;0;9;0;8;0;7;0;6;0;5;0;4;1;4;2;4;3;4;4;4;5;4;6;4;7;4;8;4;9;4;10;4;11;4;12;4
1;1;0;1;11;9;11;9;10;9;9;9;8;9;7;9;6;9;5;9;5;10;6;10;7;10;8;10;8;11;7;11;6;11;5;11;4;11;4;10;4;9;3;9;2;9;1;9;0;9;0;8;0;7;0;6;0;5;0;4;1;4;2;4;3;4;4;4;5;4;6;4;7;4;8;4;9;4;10;4;11;4;12;4;13;4
1;0;0;1;11;9;10;9;9;9;8;9;7;9;6;9;5;9;5;10;6;10;7;10;8;10;8;11;7;11;6;11;5;11;4;11;4;10;4;9;3;9;2;9;1;9;0;9;0;8;0;7;0;6;0;5;0;4;1;4;2;4;3;4;4;4;5;4;6;4;7;4;8;4;9;4;10;4;11;4;12;4;13;4;13;3
1;3;0;1;10;9;9;9;8;9;7;9;6;9;5;9;5;10;6;10;7;10;8;10;8;11;7;11;6;11;5;11;4;11;4;10;4;9;3;9;2;9;1;9;0;9;0;8;0;7;0;6;0;5;0;4;1;4;2;4;3;4;4;4;5;4;6;4;7;4;8;4;9;4;10;4;11;4;12;4;13;4;13;3;12;3
1;3;0;1;9;9;8;9;7;9;6;9;5;9;5;10;6;10;7;10;8;10;8;11;7;11;6;11;5;11;4;11;4;10;4;9;3;9;2;9;1;9;0;9;0;8;0;7;0;6;0;5;0;4;1;4;2;4;3;4;4;4;5;4;6;4;7;4;8;4;9;4;10;4;11;4;12;4;13;4;13;3;12;3;11;3
1;3;0;1;8;9;7;9;6;9;5;9;5;10;6;10;7;10;8;10;8;11;7;11;6;11;5;11;4;11;4;10;4;9;3;9;2;9;1;9;0;9;0;8;0;7;0;6;0;5;0;4;1;4;2;4;3;4;4;4;5;4;6;4;7;4;8;4;9;4;10;4;11;4;12;4;13;4;13;3;12;3;11;3;10;3
1;3;0;1;7;9;6;9;5;9;5;10;6;10;7;10;8;10;8;11;7;11;6;11;5;11;4;11;4;10;4;9;3;9;2;9;1;9;0;9;0;8;0;7;0;6;0;5;0;4;1;4;2;4;3;4;4;4;5;4;6;4;7;4;8;4;9;4;10;4;11;4;12;4;13;4;13;3;12;3;11;3;10;3;9;3
1;3;0;1;6;9;5;9;5;10;6;10;7;10;8;10;8;11;7;11;6;11;5;11;4;11;4;10;4;9;3;9;2;9;1;9;0;9;0;8;0;7;0;6;0;5;0;4;1;4;2;4;3;4;4;4;5;4;6;4;7;4;8;4;9;4;10;4;11;4;12;4;13;4;13;3;12;3;11;3;10;3;9;3;8;3
1;3;0;1;5;9;5;10;6;10;7;10;8;10;8;11;7;11;6;11;5;11;4;11;4;10;4;9;3;9;2;9;1;9;0;9;0;8;0;7;0;6;0;5;0;4;1;4;2;4;3;4;4;4;5;4;6;4;7;4;8;4;9;4;10;4;11;4;12;4;13;4;13;3;12;3;11;3;10;3;9;3;8;3;7;3
1;3;0;1;5;10;6;10;7;10;8;10;8;11;7;11;6;11;5;11;4;11;4;10;4;9;3;9;2;9;1;9;0;9;0;8;0;7;0;6;0;5;0;4;1;4;2;4;3;4;4;4;5;4;6;4;7;4;8;4;9;4;10;4;11;4;12;4;13;4;13;3;12;3;11;3;10;3;9;3;8;3;7;3;6;3
1;3;0;1;6;10;7;10;8;10;8;11;7;11;6;11;5;11;4;11;4;10;4;9;3;9;2;9;1;9;0;9;0;8;0;7;0;6;0;5;0;4;1;4;2;4;3;4;4;4;5;4;6;4;7;4;8;4;9;4;10;4;11;4;12;4;13;4;13;3;12;3;11;3;10;3;9;3;8;3;7;3;6;3;5;3
1;3;0;1;7;10;8;10;8;11;7;11;6;11;5;11;4;11;4;10;4;9;3;9;2;9;1;9;0;9;0;8;0;7;0;6;0;5;0;4;1;4;2;4;3;4;4;4;5;4;6;4;7;4;8;4;9;4;10;4;11;4;12;4;13;4;13;3;12;3;11;3;10;3;9;3;8;3;7;3;6;3;5;3;4;3
1;3;0;1;8;10;8;11;7;11;6;11;5;11;4;11;4;10;4;9;3;9;2;9;1;9;0;9;0;8;0;7;0;6;0;5;0;4;1;4;2;4;3;4;4;4;5;4;6;4;7;4;8;4;9;4;10;4;11;4;12;4;13;4;13;3;12;3;11;3;10;3;9;3;8;3;7;3;6;3;5;3;4;3;3;3
1;3;0;1;8;11;7;11;6;11;5;11;4;11;4;10;4;9;3;9;2;9;1;9;0;9;0;8;0;7;0;6;0;5;0;4;1;4;2;4;3;4;4;4;5;4;6;4;7;4;8;4;9;4;10;4;11;4;12;4;13;4;13;3;12;3;11;3;10;3;9;3;8;3;7;3;6;3;5;3;4;3;3;3;2;3
1;3;0;1;7;11;6;11;5;11;4;11;4;10;4;9;3;9;2;9;1;9;0;9;0;8;0;7;0;6;0;5;0;4;1;4;2;4;3;4;4;4;5;4;6;4;7;4;8;4;9;4;10;4;11;4;12;4;13;4;13;3;12;3;11;3;10;3;9;3;8;3;7;3;6;3;5;3;4;3;3;3;2;3;1;3
1;3;0;1;6;11;5;11;4;11;4;10;4;9;3;9;2;9;1;9;0;9;0;8;0;7;0;6;0;5;0;4;1;4;2;4;3;4;4;4;5;4;6;4;7;4;8;4;9;4;10;4;11;4;12;4;13;4;13;3;12;3;11;3;10;3;9;3;8;3;7;3;6;3;5;3;4;3;3;3;2;3;1;3;0;3
1;0;0;1;5;11;4;11;4;10;4;9;3;9;2;9;1;9;0;9;0;8;0;7;0;6;0;5;0;4;1;4;2;4;3;4;4;4;5;4;6;4;7;4;8;4;9;4;10;4;11;4;12;4;13;4;13;3;12;3;11;3;10;3;9;3;8;3;7;3;6;3;5;3;4;3;3;3;2;3;1;3;0;3;0;2
1;0;9;11;4;11;4;11;4;10;4;9;3;9;2;9;1;9;0;9;0;8;0;7;0;6;0;5;0;4;1;4;2;4;3;4;4;4;5;4;6;4;7;4;8;4;9;4;10;4;11;4;12;4;13;4;13;3;12;3;11;3;10;3;9;3;8;3;7;3;6;3;5;3;4;3;3;3;2;3;1;3;0;3;0;2;0;1
1;1;9;11;4;11;4;10;4;9;3;9;2;9;1;9;0;9;0;8;0;7;0;6;0;5;0;4;1;4;2;4;3;4;4;4;5;4;6;4;7;4;8;4;9;4;10;4;11;4;12;4;13;4;13;3;12;3;11;3;10;3;9;3;8;3;7;3;6;3;5;3;4;3;3;3;2;3;1;3;0;3;0;2;0;1;1;1
1;1;9;11;4;10;4;9;3;9;2;9;1;9;0;9;0;8;0;7;0;6;0;5;0;4;1;4;2;4;3;4;4;4;5;4;6;4;7;4;8;4;9;4;10;4;11;4;12;4;13;4;13;3;12;3;11;3;10;3;9;3;8;3;7;3;6;3;5;3;4;3;3;3;2;3;1;3;0;3;0;2;0;1;1;1;2;1
1;1;9;11;4;9;3;9;2;9;1;9;0;9;0;8;0;7;0;6;0;5;0;4;1;4;2;4;3;4;4;4;5;4;6;4;7;4;8;4;9;4;10;4;11;4;12;4;13;4;13;3;12;3;11;3;10;3;9;3;8;3;7;3;6;3;5;3;4;3;3;3;2;3;1;3;0;3;0;2;0;1;1;1;2;1;3;1
1;1;9;11;3;9;2;9;1;9;0;9;0;8;0;7;0;6;0;5;0;4;1;4;2;4;3;4;4;4;5;4;6;4;7;4;8;4;9;4;10;4;11;4;12;4;13;4;13;3;12;3;11;3;10;3;9;3;8;3;7;3;6;3;5;3;4;3;3;3;2;3;1;3;0;3;0;2;0;1;1;1;2;1;3;1;4;1
1;1;9;11;2;9;1;9;0;9;0;8;0;7;0;6;0;5;0;4;1;4;2;4;3;4;4;4;5;4;6;4;7;4;8;4;9;4;10;4;11;4;12;4;13;4;13;3;12;3;11;3;10;3;9;3;8;3;7;3;6;3;5;3;4;3;3;3;2;3;1;3;0;3;0;2;0;1;1;1;2;1;3;1;4;1;5;1
1;1;9;11;1;9;0;9;0;8;0;7;0;6;0;5;0;4;1;4;2;4;3;4;4;4;5;4;6;4;7;4;8;4;9;4;10;4;11;4;12;4;13;4;13;3;12;3;11;3;10;3;9;3;8;3;7;3;6;3;5;3;4;3;3;3;2;3;1;3;0;3;0;2;0;1;1;1;2;1;3;1;4;1;5;1;6;1
1;1;9;11;0;9;0;8;0;7;0;6;0;5;0;4;1;4;2;4;3;4;4;4;5;4;6;4;7;4;8;4;9;4;10;4;11;4;12;4;13;4;13;3;12;3;11;3;10;3;9;3;8;3;7;3;6;3;5;3;4;3;3;3;2;3;1;3;0;3;0;2;0;1;1;1;2;1;3;1;4;1;5;1;6;1;7;1
1;1;9;11;0;8;0;7;0;6;0;5;0;4;1;4;2;4;3;4;4;4;5;4;6;4;7;4;8;4;9;4;10;4;11;4;12;4;13;4;13;3;12;3;11;3;10;3;9;3;8;3;7;3;6;3;5;3;4;3;3;3;2;3;1;3;0;3;0;2;0;1;1;1;2;1;3;1;4;1;5;1;6;1;7;1;8;1
1;1;9;11;0;7;0;6;0;5;0;4;1;4;2;4;3;4;4;4;5;4;6;4;7;4;8;4;9;4;10;4;11;4;12;4;13;4;13;3;12;3;11;3;10;3;9;3;8;3;7;3;6;3;5;3;4;3;3;3;2;3;1;3;0;3;0;2;0;1;1;1;2;1;3;1;4;1;5;1;6;1;7;1;8;1;9;1
1;1;9;11;0;6;0;5;0;4;1;4;2;4;3;4;4;4;5;4;6;4;7;4;8;4;9;4;10;4;11;4;12;4;13;4;13;3;12;3;11;3;10;3;9;3;8;3;7;3;6;3;5;3;4;3;3;3;2;3;1;3;0;3;0;2;0;1;1;1;2;1;3;1;4;1;5;1;6;1;7;1;8;1;9;1;10;1
1;1;9;11;0;5;0;4;1;4;2;4;3;4;4;4;5;4;6;4;7;4;8;4;9;4;10;4;11;4;12;4;13;4;13;3;12;3;11;3;10;3;9;3;8;3;7;3;6;3;5;3;4;3;3;3;2;3;1;3;0;3;0;2;0;1;1;1;2;1;3;1;4;1;5;1;6;1;7;1;8;1;9;1;10;1;11;1
1;2;9;11;0;4;1;4;2;4;3;4;4;4;5;4;6;4;7;4;8;4;9;4;10;4;11;4;12;4;13;4;13;3;12;3;11;3;10;3;9;3;8;3;7;3;6;3;5;3;4;3;3;3;2;3;1;3;0;3;0;2;0;1;1;1;2;1;3;1;4;1;5;1;6;1;7;1;8;1;9;1;10;1;11;1;11;2
1;3;9;11;1;4;2;4;3;4;4;4;5;4;6;4;7;4;8;4;9;4;10;4;11;4;12;4;13;4;13;3;12;3;11;3;10;3;9;3;8;3;7;3;6;3;5;3;4;3;3;3;2;3;1;3;0;3;0;2;0;1;1;1;2;1;3;1;4;1;5;1;6;1;7;1;8;1;9;1;10;1;11;1;11;2;10;2
1;3;9;11;2;4;3;4;4;4;5;4;6;4;7;4;8;4;9;4;10;4;11;4;12;4;13;4;13;3;12;3;11;3;10;3;9;3;8;3;7;3;6;3;5;3;4;3;3;3;2;3;1;3;0;3;0;2;0;1;1;1;2;1;3;1;4;1;5;1;6;1;7;1;8;1;9;1;10;1;11;1;11;2;10;2;9;2
1;3;9;11;3;4;4;4;5;4;6;4;7;4;8;4;9;4;10;4;11;4;12;4;13;4;13;3;12;3;11;3;10;3;9;3;8;3;7;3;6;3;5;3;4;3;3;3;2;3;1;3;0;3;0;2;0;1;1;1;2;1;3;1;4;1;5;1;6;1;7;1;8;1;9;1;10;1;11;1;11;2;10;2;9;2;8;2
1;3;9;11;4;4;5;4;6;4;7;4;8;4;9;4;10;4;11;4;12;4;13;4;13;3;12;3;11;3;10;3;9;3;8;3;7;3;6;3;5;3;4;3;3;3;2;3;1;3;0;3;0;2;0;1;1;1;2;1;3;1;4;1;5;1;6;1;7;1;8;1;9;1;10;1;11;1;11;2;10;2;9;2;8;2;7;2
1;3;9;11;5;4;6;4;7;4;8;4;9;4;10;4;11;4;12;4;13;4;13;3;12;3;11;3;10;3;9;3;8;3;7;3;6;3;5;3;4;3;3;3;2;3;1;3;0;3;0;2;0;1;1;1;2;1;3;1;4;1;5;1;6;1;7;1;8;1;9;1;10;1;11;1;11;2;10;2;9;2;8;2;7;2;6;2
