20
1;1;2;6;8;10;9;10;10;10
1;0;2;6;9;10;10;10;10;9
1;0;2;6;10;10;10;9;10;8
1;0;2;6;10;9;10;8;10;7
1;0;2;6;10;8;10;7;10;6
1;3;2;6;10;7;10;6;9;6
1;3;2;6;10;6;9;6;8;6
1;3;2;6;9;6;8;6;7;6
1;3;2;6;8;6;7;6;6;6
1;3;2;6;7;6;6;6;5;6
1;3;2;6;6;6;5;6;4;6
1;3;2;6;5;6;4;6;3;6
1;3;3;15;4;6;4;6;3;6;2;6
1;2;3;15;4;6;3;6;2;6;2;7
1;2;3;15;3;6;2;6;2;7;2;8
1;2;3;15;2;6;2;7;2;8;2;9
1;2;3;15;2;7;2;8;2;9;2;10
1;2;3;15;2;8;2;9;2;10;2;11
1;2;3;15;2;9;2;10;2;11;2;12
1;2;3;15;2;10;2;11;2;12;2;13
1;2;3;15;2;11;2;12;2;13;2;14
1;1;3;15;2;12;2;13;2;14;3;14
1;1;3;15;2;13;2;14;3;14;4;14
1;2;3;15;2;14;3;14;4;14;4;15
1;3;7;10;3;14;3;14;4;14;4;15;3;15
1;3;7;10;3;14;4;14;4;15;3;15;2;15
1;0;7;10;4;14;4;15;3;15;2;15;2;14
1;0;7;10;4;15;3;15;2;15;2;14;2;13
1;1;7;10;3;15;2;15;2;14;2;13;3;13
1;1;7;10;2;15;2;14;2;13;3;13;4;13
1;1;7;10;2;14;2;13;3;13;4;13;5;13
1;1;7;10;2;13;3;13;4;13;5;13;6;13
1;1;7;10;3;13;4;13;5;13;6;13;7;13
1;0;7;10;4;13;5;13;6;13;7;13;7;12
1;0;7;10;5;13;6;13;7;13;7;12;7;11
1;0;19;19;6;13;6;13;7;13;7;12;7;11;7;10
1;1;19;19;6;13;7;13;7;12;7;11;7;10;8;10
1;2;19;19;7;13;7;12;7;11;7;10;8;10;8;11
1;2;19;19;7;12;7;11;7;10;8;10;8;11;8;12
1;2;19;19;7;11;7;10;8;10;8;11;8;12;8;13
1;2;19;19;7;10;8;10;8;11;8;12;8;13;8;14
1;2;19;19;8;10;8;11;8;12;8;13;8;14;8;15
1;2;19;19;8;11;8;12;8;13;8;14;8;15;8;16
1;2;19;19;8;12;8;13;8;14;8;15;8;16;8;17
1;2;19;19;8;13;8;14;8;15;8;16;8;17;8;18
1;2;19;19;8;14;8;15;8;16;8;17;8;18;8;19
1;1;19;19;8;15;8;16;8;17;8;18;8;19;9;19
1;1;19;19;8;16;8;17;8;18;8;19;9;19;10;19
1;1;19;19;8;17;8;18;8;19;9;19;10;19;11;19
1;1;19;19;8;18;8;19;9;19;10;19;11;19;12;19
1;1;19;19;8;19;9;19;10;19;11;19;12;19;13;19
1;1;19;19;9;19;10;19;11;19;12;19;13;19;14;19
1;1;19;19;10;19;11;19;12;19;13;19;14;19;15;19
1;1;19;19;11;19;12;19;13;19;14;19;15;19;16;19
1;1;19;19;12;19;13;19;14;19;15;19;16;19;17;19
1;1;19;19;13;19;14;19;15;19;16;19;17;19;18;19
1;1;14;2;14;19;14;19;15;19;16;19;17;19;18;19;19;19
1;0;14;2;14;19;15;19;16;19;17;19;18;19;19;19;19;18
1;0;14;2;15;19;16;19;17;19;18;19;19;19;19;18;19;17
1;0;14;2;16;19;17;19;18;19;19;19;19;18;19;17;19;16
1;0;14;2;17;19;18;19;19;19;19;18;19;17;19;16;19;15
1;0;14;2;18;19;19;19;19;18;19;17;19;16;19;15;19;14
1;0;14;2;19;19;19;18;19;17;19;16;19;15;19;14;19;13
1;0;14;2;19;18;19;17;19;16;19;15;19;14;19;13;19;12
1;0;14;2;19;17;19;16;19;15;19;14;19;13;19;12;19;11
1;0;14;2;19;16;19;15;19;14;19;13;19;12;19;11;19;10
1;0;14;2;19;15;19;14;19;13;19;12;19;11;19;10;19;9
1;0;14;2;19;14;19;13;19;12;19;11;19;10;19;9;19;8
1;0;14;2;19;13;19;12;19;11;19;10;19;9;19;8;19;7
1;0;14;2;19;12;19;11;19;10;19;9;19;8;19;7;19;6
1;0;14;2;19;11;19;10;19;9;19;8;19;7;19;6;19;5
1;0;14;2;19;10;19;9;19;8;19;7;19;6;19;5;19;4
1;0;14;2;19;9;19;8;19;7;19;6;19;5;19;4;19;3
1;0;14;2;19;8;19;7;19;6;19;5;19;4;19;3;19;2
1;3;14;2;19;7;19;6;19;5;19;4;19;3;19;2;18;2
1;3;14;2;19;6;19;5;19;4;19;3;19;2;18;2;17;2
1;3;14;2;19;5;19;4;19;3;19;2;18;2;17;2;16;2
1;3;14;2;19;4;19;3;19;2;18;2;17;2;16;2;15;2
1;3;10;10;19;3;19;3;19;2;18;2;17;2;16;2;15;2;14;2
1;3;10;10;19;3;19;2;18;2;17;2;16;2;15;2;14;2;13;2
1;3;10;10;19;2;18;2;17;2;16;2;15;2;14;2;13;2;12;2
1;3;10;10;18;2;17;2;16;2;15;2;14;2;13;2;12;2;11;2
1;3;10;10;17;2;16;2;15;2;14;2;13;2;12;2;11;2;10;2
1;2;10;10;16;2;15;2;14;2;13;2;12;2;11;2;10;2;10;3
1;2;10;10;15;2;14;2;13;2;12;2;11;2;10;2;10;3;10;4
1;2;10;10;14;2;13;2;12;2;11;2;10;2;10;3;10;4;10;5
1;2;10;10;13;2;12;2;11;2;10;2;10;3;10;4;10;5;10;6
1;2;10;10;12;2;11;2;10;2;10;3;10;4;10;5;10;6;10;7
1;2;10;10;11;2;10;2;10;3;10;4;10;5;10;6;10;7;10;8
1;2;10;10;10;2;10;3;10;4;10;5;10;6;10;7;10;8;10;9
1;2;19;16;10;3;10;3;10;4;10;5;10;6;10;7;10;8;10;9;10;10
1;2;19;16;10;3;10;4;10;5;10;6;10;7;10;8;10;9;10;10;10;11
1;2;19;16;10;4;10;5;10;6;10;7;10;8;10;9;10;10;10;11;10;12
1;2;19;16;10;5;10;6;10;7;10;8;10;9;10;10;10;11;10;12;10;13
1;2;19;16;10;6;10;7;10;8;10;9;10;10;10;11;10;12;10;13;10;14
1;2;19;16;10;7;10;8;10;9;10;10;10;11;10;12;10;13;10;14;10;15
1;2;19;16;10;8;10;9;10;10;10;11;10;12;10;13;10;14;10;15;10;16
1;1;19;16;10;9;10;10;10;11;10;12;10;13;10;14;10;15;10;16;11;16
1;1;19;16;10;10;10;11;10;12;10;13;10;14;10;15;10;16;11;16;12;16
1;1;19;16;10;11;10;12;10;13;10;14;10;15;10;16;11;16;12;16;13;16
1;1;19;16;10;12;10;13;10;14;10;15;10;16;11;16;12;16;13;16;14;16
1;1;19;16;10;13;10;14;10;15;10;16;11;16;12;16;13;16;14;16;15;16
1;1;19;16;10;14;10;15;10;16;11;16;12;16;13;16;14;16;15;16;16;16
1;1;19;16;10;15;10;16;11;16;12;16;13;16;14;16;15;16;16;16;17;16
1;1;19;16;10;16;11;16;12;16;13;16;14;16;15;16;16;16;17;16;18;16
1;1;3;2;11;16;11;16;12;16;13;16;14;16;15;16;16;16;17;16;18;16;19;16
1;0;3;2;11;16;12;16;13;16;14;16;15;16;16;16;17;16;18;16;19;16;19;15
1;0;3;2;12;16;13;16;14;16;15;16;16;16;17;16;18;16;19;16;19;15;19;14
1;0;3;2;13;16;14;16;15;16;16;16;17;16;18;16;19;16;19;15;19;14;19;13
1;0;3;2;14;16;15;16;16;16;17;16;18;16;19;16;19;15;19;14;19;13;19;12
1;0;3;2;15;16;16;16;17;16;18;16;19;16;19;15;19;14;19;13;19;12;19;11
1;0;3;2;16;16;17;16;18;16;19;16;19;15;19;14;19;13;19;12;19;11;19;10
1;0;3;2;17;16;18;16;19;16;19;15;19;14;19;13;19;12;19;11;19;10;19;9
1;0;3;2;18;16;19;16;19;15;19;14;19;13;19;12;19;11;19;10;19;9;19;8
1;0;3;2;19;16;19;15;19;14;19;13;19;12;19;11;19;10;19;9;19;8;19;7
1;0;3;2;19;15;19;14;19;13;19;12;19;11;19;10;19;9;19;8;19;7;19;6
1;0;3;2;19;14;19;13;19;12;19;11;19;10;19;9;19;8;19;7;19;6;19;5
1;0;3;2;19;13;19;12;19;11;19;10;19;9;19;8;19;7;19;6;19;5;19;4
1;0;3;2;19;12;19;11;19;10;19;9;19;8;19;7;19;6;19;5;19;4;19;3
1;0;3;2;19;11;19;10;19;9;19;8;19;7;19;6;19;5;19;4;19;3;19;2
1;3;3;2;19;10;19;9;19;8;19;7;19;6;19;5;19;4;19;3;19;2;18;2
1;3;3;2;19;9;19;8;19;7;19;6;19;5;19;4;19;3;19;2;18;2;17;2
1;3;3;2;19;8;19;7;19;6;19;5;19;4;19;3;19;2;18;2;17;2;16;2
1;3;3;2;19;7;19;6;19;5;19;4;19;3;19;2;18;2;17;2;16;2;15;2
1;3;3;2;19;6;19;5;19;4;19;3;19;2;18;2;17;2;16;2;15;2;14;2
1;3;3;2;19;5;19;4;19;3;19;2;18;2;17;2;16;2;15;2;14;2;13;2
1;3;3;2;19;4;19;3;19;2;18;2;17;2;16;2;15;2;14;2;13;2;12;2
1;3;3;2;19;3;19;2;18;2;17;2;16;2;15;2;14;2;13;2;12;2;11;2
1;3;3;2;19;2;18;2;17;2;16;2;15;2;14;2;13;2;12;2;11;2;10;2
1;3;3;2;18;2;17;2;16;2;15;2;14;2;13;2;12;2;11;2;10;2;9;2
1;3;3;2;17;2;16;2;15;2;14;2;13;2;12;2;11;2;10;2;9;2;8;2
1;3;3;2;16;2;15;2;14;2;13;2;12;2;11;2;10;2;9;2;8;2;7;2
1;3;3;2;15;2;14;2;13;2;12;2;11;2;10;2;9;2;8;2;7;2;6;2
1;3;3;2;14;2;13;2;12;2;11;2;10;2;9;2;8;2;7;2;6;2;5;2
1;3;3;2;13;2;12;2;11;2;10;2;9;2;8;2;7;2;6;2;5;2;4;2
1;3;15;11;12;2;12;2;11;2;10;2;9;2;8;2;7;2;6;2;5;2;4;2;3;2
1;2;15;11;12;2;11;2;10;2;9;2;8;2;7;2;6;2;5;2;4;2;3;2;3;3
1;2;15;11;11;2;10;2;9;2;8;2;7;2;6;2;5;2;4;2;3;2;3;3;3;4
1;2;15;11;10;2;9;2;8;2;7;2;6;2;5;2;4;2;3;2;3;3;3;4;3;5
1;2;15;11;9;2;8;2;7;2;6;2;5;2;4;2;3;2;3;3;3;4;3;5;3;6
1;2;15;11;8;2;7;2;6;2;5;2;4;2;3;2;3;3;3;4;3;5;3;6;3;7
1;2;15;11;7;2;6;2;5;2;4;2;3;2;3;3;3;4;3;5;3;6;3;7;3;8
1;2;15;11;6;2;5;2;4;2;3;2;3;3;3;4;3;5;3;6;3;7;3;8;3;9
1;2;15;11;5;2;4;2;3;2;3;3;3;4;3;5;3;6;3;7;3;8;3;9;3;10
1;2;15;11;4;2;3;2;3;3;3;4;3;5;3;6;3;7;3;8;3;9;3;10;3;11
1;1;15;11;3;2;3;3;3;4;3;5;3;6;3;7;3;8;3;9;3;10;3;11;4;11
1;1;15;11;3;3;3;4;3;5;3;6;3;7;3;8;3;9;3;10;3;11;4;11;5;11
1;1;15;11;3;4;3;5;3;6;3;7;3;8;3;9;3;10;3;11;4;11;5;11;6;11
1;1;15;11;3;5;3;6;3;7;3;8;3;9;3;10;3;11;4;11;5;11;6;11;7;11
1;1;15;11;3;6;3;7;3;8;3;9;3;10;3;11;4;11;5;11;6;11;7;11;8;11
1;1;15;11;3;7;3;8;3;9;3;10;3;11;4;11;5;11;6;11;7;11;8;11;9;11
1;1;15;11;3;8;3;9;3;10;3;11;4;11;5;11;6;11;7;11;8;11;9;11;10;11
1;1;15;11;3;9;3;10;3;11;4;11;5;11;6;11;7;11;8;11;9;11;10;11;11;11
1;1;15;11;3;10;3;11;4;11;5;11;6;11;7;11;8;11;9;11;10;11;11;11;12;11
1;1;15;11;3;11;4;11;5;11;6;11;7;11;8;11;9;11;10;11;11;11;12;11;13;11
1;1;15;11;4;11;5;11;6;11;7;11;8;11;9;11;10;11;11;11;12;11;13;11;14;11
1;1;9;13;5;11;5;11;6;11;7;11;8;11;9;11;10;11;11;11;12;11;13;11;14;11;15;11
1;2;9;13;5;11;6;11;7;11;8;11;9;11;10;11;11;11;12;11;13;11;14;11;15;11;15;12
1;3;9;13;6;11;7;11;8;11;9;11;10;11;11;11;12;11;13;11;14;11;15;11;15;12;14;12
1;3;9;13;7;11;8;11;9;11;10;11;11;11;12;11;13;11;14;11;15;11;15;12;14;12;13;12
1;3;9;13;8;11;9;11;10;11;11;11;12;11;13;11;14;11;15;11;15;12;14;12;13;12;12;12
1;3;9;13;9;11;10;11;11;11;12;11;13;11;14;11;15;11;15;12;14;12;13;12;12;12;11;12
1;3;9;13;10;11;11;11;12;11;13;11;14;11;15;11;15;12;14;12;13;12;12;12;11;12;10;12
1;3;9;13;11;11;12;11;13;11;14;11;15;11;15;12;14;12;13;12;12;12;11;12;10;12;9;12
1;2;9;1;12;11;12;11;13;11;14;11;15;11;15;12;14;12;13;12;12;12;11;12;10;12;9;12;9;13
1;3;9;1;12;11;13;11;14;11;15;11;15;12;14;12;13;12;12;12;11;12;10;12;9;12;9;13;8;13
1;0;9;1;13;11;14;11;15;11;15;12;14;12;13;12;12;12;11;12;10;12;9;12;9;13;8;13;8;12
1;0;9;1;14;11;15;11;15;12;14;12;13;12;12;12;11;12;10;12;9;12;9;13;8;13;8;12;8;11
1;1;9;1;15;11;15;12;14;12;13;12;12;12;11;12;10;12;9;12;9;13;8;13;8;12;8;11;9;11
1;0;9;1;15;12;14;12;13;12;12;12;11;12;10;12;9;12;9;13;8;13;8;12;8;11;9;11;9;10
1;0;9;1;14;12;13;12;12;12;11;12;10;12;9;12;9;13;8;13;8;12;8;11;9;11;9;10;9;9
1;0;9;1;13;12;12;12;11;12;10;12;9;12;9;13;8;13;8;12;8;11;9;11;9;10;9;9;9;8
1;0;9;1;12;12;11;12;10;12;9;12;9;13;8;13;8;12;8;11;9;11;9;10;9;9;9;8;9;7
1;0;9;1;11;12;10;12;9;12;9;13;8;13;8;12;8;11;9;11;9;10;9;9;9;8;9;7;9;6
1;0;9;1;10;12;9;12;9;13;8;13;8;12;8;11;9;11;9;10;9;9;9;8;9;7;9;6;9;5
1;0;9;1;9;12;9;13;8;13;8;12;8;11;9;11;9;10;9;9;9;8;9;7;9;6;9;5;9;4
1;0;9;1;9;13;8;13;8;12;8;11;9;11;9;10;9;9;9;8;9;7;9;6;9;5;9;4;9;3
1;0;9;1;8;13;8;12;8;11;9;11;9;10;9;9;9;8;9;7;9;6;9;5;9;4;9;3;9;2
1;0;18;10;8;12;8;12;8;11;9;11;9;10;9;9;9;8;9;7;9;6;9;5;9;4;9;3;9;2;9;1
1;1;18;10;8;12;8;11;9;11;9;10;9;9;9;8;9;7;9;6;9;5;9;4;9;3;9;2;9;1;10;1
1;2;18;10;8;11;9;11;9;10;9;9;9;8;9;7;9;6;9;5;9;4;9;3;9;2;9;1;10;1;10;2
1;2;18;10;9;11;9;10;9;9;9;8;9;7;9;6;9;5;9;4;9;3;9;2;9;1;10;1;10;2;10;3
1;2;18;10;9;10;9;9;9;8;9;7;9;6;9;5;9;4;9;3;9;2;9;1;10;1;10;2;10;3;10;4
1;2;18;10;9;9;9;8;9;7;9;6;9;5;9;4;9;3;9;2;9;1;10;1;10;2;10;3;10;4;10;5
1;2;18;10;9;8;9;7;9;6;9;5;9;4;9;3;9;2;9;1;10;1;10;2;10;3;10;4;10;5;10;6
1;2;18;10;9;7;9;6;9;5;9;4;9;3;9;2;9;1;10;1;10;2;10;3;10;4;10;5;10;6;10;7
1;2;18;10;9;6;9;5;9;4;9;3;9;2;9;1;10;1;10;2;10;3;10;4;10;5;10;6;10;7;10;8
1;2;18;10;9;5;9;4;9;3;9;2;9;1;10;1;10;2;10;3;10;4;10;5;10;6;10;7;10;8;10;9
1;2;18;10;9;4;9;3;9;2;9;1;10;1;10;2;10;3;10;4;10;5;10;6;10;7;10;8;10;9;10;10
1;1;18;10;9;3;9;2;9;1;10;1;10;2;10;3;10;4;10;5;10;6;10;7;10;8;10;9;10;10;11;10
1;1;18;10;9;2;9;1;10;1;10;2;10;3;10;4;10;5;10;6;10;7;10;8;10;9;10;10;11;10;12;10
1;1;18;10;9;1;10;1;10;2;10;3;10;4;10;5;10;6;10;7;10;8;10;9;10;10;11;10;12;10;13;10
1;1;18;10;10;1;10;2;10;3;10;4;10;5;10;6;10;7;10;8;10;9;10;10;11;10;12;10;13;10;14;10
1;1;18;10;10;2;10;3;10;4;10;5;10;6;10;7;10;8;10;9;10;10;11;10;12;10;13;10;14;10;15;10
1;1;18;10;10;3;10;4;10;5;10;6;10;7;10;8;10;9;10;10;11;10;12;10;13;10;14;10;15;10;16;10
1;1;18;10;10;4;10;5;10;6;10;7;10;8;10;9;10;10;11;10;12;10;13;10;14;10;15;10;16;10;17;10
1;1;7;7;10;5;10;5;10;6;10;7;10;8;10;9;10;10;11;10;12;10;13;10;14;10;15;10;16;10;17;10;18;10
1;0;7;7;10;5;10;6;10;7;10;8;10;9;10;10;11;10;12;10;13;10;14;10;15;10;16;10;17;10;18;10;18;9
1;0;7;7;10;6;10;7;10;8;10;9;10;10;11;10;12;10;13;10;14;10;15;10;16;10;17;10;18;10;18;9;18;8
1;0;7;7;10;7;10;8;10;9;10;10;11;10;12;10;13;10;14;10;15;10;16;10;17;10;18;10;18;9;18;8;18;7
1;3;7;7;10;8;10;9;10;10;11;10;12;10;13;10;14;10;15;10;16;10;17;10;18;10;18;9;18;8;18;7;17;7
1;3;7;7;10;9;10;10;11;10;12;10;13;10;14;10;15;10;16;10;17;10;18;10;18;9;18;8;18;7;17;7;16;7
1;3;7;7;10;10;11;10;12;10;13;10;14;10;15;10;16;10;17;10;18;10;18;9;18;8;18;7;17;7;16;7;15;7
1;3;7;7;11;10;12;10;13;10;14;10;15;10;16;10;17;10;18;10;18;9;18;8;18;7;17;7;16;7;15;7;14;7
1;3;7;7;12;10;13;10;14;10;15;10;16;10;17;10;18;10;18;9;18;8;18;7;17;7;16;7;15;7;14;7;13;7
1;3;7;7;13;10;14;10;15;10;16;10;17;10;18;10;18;9;18;8;18;7;17;7;16;7;15;7;14;7;13;7;12;7
1;3;7;7;14;10;15;10;16;10;17;10;18;10;18;9;18;8;18;7;17;7;16;7;15;7;14;7;13;7;12;7;11;7
1;3;7;7;15;10;16;10;17;10;18;10;18;9;18;8;18;7;17;7;16;7;15;7;14;7;13;7;12;7;11;7;10;7
1;3;7;7;16;10;17;10;18;10;18;9;18;8;18;7;17;7;16;7;15;7;14;7;13;7;12;7;11;7;10;7;9;7
1;3;7;7;17;10;18;10;18;9;18;8;18;7;17;7;16;7;15;7;14;7;13;7;12;7;11;7;10;7;9;7;8;7
1;3;6;8;18;10;18;10;18;9;18;8;18;7;17;7;16;7;15;7;14;7;13;7;12;7;11;7;10;7;9;7;8;7;7;7
1;2;6;8;18;10;18;9;18;8;18;7;17;7;16;7;15;7;14;7;13;7;12;7;11;7;10;7;9;7;8;7;7;7;7;8
1;3;2;4;18;9;18;9;18;8;18;7;17;7;16;7;15;7;14;7;13;7;12;7;11;7;10;7;9;7;8;7;7;7;7;8;6;8
1;0;2;4;18;9;18;8;18;7;17;7;16;7;15;7;14;7;13;7;12;7;11;7;10;7;9;7;8;7;7;7;7;8;6;8;6;7
1;0;2;4;18;8;18;7;17;7;16;7;15;7;14;7;13;7;12;7;11;7;10;7;9;7;8;7;7;7;7;8;6;8;6;7;6;6
1;0;2;4;18;7;17;7;16;7;15;7;14;7;13;7;12;7;11;7;10;7;9;7;8;7;7;7;7;8;6;8;6;7;6;6;6;5
1;0;2;4;17;7;16;7;15;7;14;7;13;7;12;7;11;7;10;7;9;7;8;7;7;7;7;8;6;8;6;7;6;6;6;5;6;4
1;3;2;4;16;7;15;7;14;7;13;7;12;7;11;7;10;7;9;7;8;7;7;7;7;8;6;8;6;7;6;6;6;5;6;4;5;4
1;3;2;4;15;7;14;7;13;7;12;7;11;7;10;7;9;7;8;7;7;7;7;8;6;8;6;7;6;6;6;5;6;4;5;4;4;4
1;3;2;4;14;7;13;7;12;7;11;7;10;7;9;7;8;7;7;7;7;8;6;8;6;7;6;6;6;5;6;4;5;4;4;4;3;4
1;3;2;9;13;7;13;7;12;7;11;7;10;7;9;7;8;7;7;7;7;8;6;8;6;7;6;6;6;5;6;4;5;4;4;4;3;4;2;4
1;2;2;9;13;7;12;7;11;7;10;7;9;7;8;7;7;7;7;8;6;8;6;7;6;6;6;5;6;4;5;4;4;4;3;4;2;4;2;5
1;2;2;9;12;7;11;7;10;7;9;7;8;7;7;7;7;8;6;8;6;7;6;6;6;5;6;4;5;4;4;4;3;4;2;4;2;5;2;6
1;2;2;9;11;7;10;7;9;7;8;7;7;7;7;8;6;8;6;7;6;6;6;5;6;4;5;4;4;4;3;4;2;4;2;5;2;6;2;7
1;2;2;9;10;7;9;7;8;7;7;7;7;8;6;8;6;7;6;6;6;5;6;4;5;4;4;4;3;4;2;4;2;5;2;6;2;7;2;8
1;2;16;15;9;7;9;7;8;7;7;7;7;8;6;8;6;7;6;6;6;5;6;4;5;4;4;4;3;4;2;4;2;5;2;6;2;7;2;8;2;9
1;2;16;15;9;7;8;7;7;7;7;8;6;8;6;7;6;6;6;5;6;4;5;4;4;4;3;4;2;4;2;5;2;6;2;7;2;8;2;9;2;10
1;2;16;15;8;7;7;7;7;8;6;8;6;7;6;6;6;5;6;4;5;4;4;4;3;4;2;4;2;5;2;6;2;7;2;8;2;9;2;10;2;11
1;2;16;15;7;7;7;8;6;8;6;7;6;6;6;5;6;4;5;4;4;4;3;4;2;4;2;5;2;6;2;7;2;8;2;9;2;10;2;11;2;12
1;2;16;15;7;8;6;8;6;7;6;6;6;5;6;4;5;4;4;4;3;4;2;4;2;5;2;6;2;7;2;8;2;9;2;10;2;11;2;12;2;13
1;2;16;15;6;8;6;7;6;6;6;5;6;4;5;4;4;4;3;4;2;4;2;5;2;6;2;7;2;8;2;9;2;10;2;11;2;12;2;13;2;14
1;2;16;15;6;7;6;6;6;5;6;4;5;4;4;4;3;4;2;4;2;5;2;6;2;7;2;8;2;9;2;10;2;11;2;12;2;13;2;14;2;15
1;1;16;15;6;6;6;5;6;4;5;4;4;4;3;4;2;4;2;5;2;6;2;7;2;8;2;9;2;10;2;11;2;12;2;13;2;14;2;15;3;15
1;1;16;15;6;5;6;4;5;4;4;4;3;4;2;4;2;5;2;6;2;7;2;8;2;9;2;10;2;11;2;12;2;13;2;14;2;15;3;15;4;15
1;1;16;15;6;4;5;4;4;4;3;4;2;4;2;5;2;6;2;7;2;8;2;9;2;10;2;11;2;12;2;13;2;14;2;15;3;15;4;15;5;15
1;1;16;15;5;4;4;4;3;4;2;4;2;5;2;6;2;7;2;8;2;9;2;10;2;11;2;12;2;13;2;14;2;15;3;15;4;15;5;15;6;15
1;1;16;15;4;4;3;4;2;4;2;5;2;6;2;7;2;8;2;9;2;10;2;11;2;12;2;13;2;14;2;15;3;15;4;15;5;15;6;15;7;15
1;1;16;15;3;4;2;4;2;5;2;6;2;7;2;8;2;9;2;10;2;11;2;12;2;13;2;14;2;15;3;15;4;15;5;15;6;15;7;15;8;15
1;1;16;15;2;4;2;5;2;6;2;7;2;8;2;9;2;10;2;11;2;12;2;13;2;14;2;15;3;15;4;15;5;15;6;15;7;15;8;15;9;15
1;1;16;15;2;5;2;6;2;7;2;8;2;9;2;10;2;11;2;12;2;13;2;14;2;15;3;15;4;15;5;15;6;15;7;15;8;15;9;15;10;15
1;1;16;15;2;6;2;7;2;8;2;9;2;10;2;11;2;12;2;13;2;14;2;15;3;15;4;15;5;15;6;15;7;15;8;15;9;15;10;15;11;15
1;1;16;15;2;7;2;8;2;9;2;10;2;11;2;12;2;13;2;14;2;15;3;15;4;15;5;15;6;15;7;15;8;15;9;15;10;15;11;15;12;15
1;1;16;15;2;8;2;9;2;10;2;11;2;12;2;13;2;14;2;15;3;15;4;15;5;15;6;15;7;15;8;15;9;15;10;15;11;15;12;15;13;15
1;1;16;15;2;9;2;10;2;11;2;12;2;13;2;14;2;15;3;15;4;15;5;15;6;15;7;15;8;15;9;15;10;15;11;15;12;15;13;15;14;15
1;1;16;15;2;10;2;11;2;12;2;13;2;14;2;15;3;15;4;15;5;15;6;15;7;15;8;15;9;15;10;15;11;15;12;15;13;15;14;15;15;15
1;1;12;4;2;11;2;11;2;12;2;13;2;14;2;15;3;15;4;15;5;15;6;15;7;15;8;15;9;15;10;15;11;15;12;15;13;15;14;15;15;15;16;15
1;0;12;4;2;11;2;12;2;13;2;14;2;15;3;15;4;15;5;15;6;15;7;15;8;15;9;15;10;15;11;15;12;15;13;15;14;15;15;15;16;15;16;14
1;0;12;4;2;12;2;13;2;14;2;15;3;15;4;15;5;15;6;15;7;15;8;15;9;15;10;15;11;15;12;15;13;15;14;15;15;15;16;15;16;14;16;13
1;0;12;4;2;13;2;14;2;15;3;15;4;15;5;15;6;15;7;15;8;15;9;15;10;15;11;15;12;15;13;15;14;15;15;15;16;15;16;14;16;13;16;12
1;0;12;4;2;14;2;15;3;15;4;15;5;15;6;15;7;15;8;15;9;15;10;15;11;15;12;15;13;15;14;15;15;15;16;15;16;14;16;13;16;12;16;11
1;0;12;4;2;15;3;15;4;15;5;15;6;15;7;15;8;15;9;15;10;15;11;15;12;15;13;15;14;15;15;15;16;15;16;14;16;13;16;12;16;11;16;10
1;0;12;4;3;15;4;15;5;15;6;15;7;15;8;15;9;15;10;15;11;15;12;15;13;15;14;15;15;15;16;15;16;14;16;13;16;12;16;11;16;10;16;9
1;0;12;4;4;15;5;15;6;15;7;15;8;15;9;15;10;15;11;15;12;15;13;15;14;15;15;15;16;15;16;14;16;13;16;12;16;11;16;10;16;9;16;8
1;0;12;4;5;15;6;15;7;15;8;15;9;15;10;15;11;15;12;15;13;15;14;15;15;15;16;15;16;14;16;13;16;12;16;11;16;10;16;9;16;8;16;7
1;0;12;4;6;15;7;15;8;15;9;15;10;15;11;15;12;15;13;15;14;15;15;15;16;15;16;14;16;13;16;12;16;11;16;10;16;9;16;8;16;7;16;6
1;0;12;4;7;15;8;15;9;15;10;15;11;15;12;15;13;15;14;15;15;15;16;15;16;14;16;13;16;12;16;11;16;10;16;9;16;8;16;7;16;6;16;5
1;0;12;4;8;15;9;15;10;15;11;15;12;15;13;15;14;15;15;15;16;15;16;14;16;13;16;12;16;11;16;10;16;9;16;8;16;7;16;6;16;5;16;4
1;3;12;4;9;15;10;15;11;15;12;15;13;15;14;15;15;15;16;15;16;14;16;13;16;12;16;11;16;10;16;9;16;8;16;7;16;6;16;5;16;4;15;4
1;3;12;4;10;15;11;15;12;15;13;15;14;15;15;15;16;15;16;14;16;13;16;12;16;11;16;10;16;9;16;8;16;7;16;6;16;5;16;4;15;4;14;4
1;3;12;4;11;15;12;15;13;15;14;15;15;15;16;15;16;14;16;13;16;12;16;11;16;10;16;9;16;8;16;7;16;6;16;5;16;4;15;4;14;4;13;4
1;3;15;13;12;15;12;15;13;15;14;15;15;15;16;15;16;14;16;13;16;12;16;11;16;10;16;9;16;8;16;7;16;6;16;5;16;4;15;4;14;4;13;4;12;4
1;2;15;13;12;15;13;15;14;15;15;15;16;15;16;14;16;13;16;12;16;11;16;10;16;9;16;8;16;7;16;6;16;5;16;4;15;4;14;4;13;4;12;4;12;5
1;2;15;13;13;15;14;15;15;15;16;15;16;14;16;13;16;12;16;11;16;10;16;9;16;8;16;7;16;6;16;5;16;4;15;4;14;4;13;4;12;4;12;5;12;6
1;2;15;13;14;15;15;15;16;15;16;14;16;13;16;12;16;11;16;10;16;9;16;8;16;7;16;6;16;5;16;4;15;4;14;4;13;4;12;4;12;5;12;6;12;7
1;2;15;13;15;15;16;15;16;14;16;13;16;12;16;11;16;10;16;9;16;8;16;7;16;6;16;5;16;4;15;4;14;4;13;4;12;4;12;5;12;6;12;7;12;8
1;2;15;13;16;15;16;14;16;13;16;12;16;11;16;10;16;9;16;8;16;7;16;6;16;5;16;4;15;4;14;4;13;4;12;4;12;5;12;6;12;7;12;8;12;9
1;2;15;13;16;14;16;13;16;12;16;11;16;10;16;9;16;8;16;7;16;6;16;5;16;4;15;4;14;4;13;4;12;4;12;5;12;6;12;7;12;8;12;9;12;10
1;2;15;13;16;13;16;12;16;11;16;10;16;9;16;8;16;7;16;6;16;5;16;4;15;4;14;4;13;4;12;4;12;5;12;6;12;7;12;8;12;9;12;10;12;11
1;2;15;13;16;12;16;11;16;10;16;9;16;8;16;7;16;6;16;5;16;4;15;4;14;4;13;4;12;4;12;5;12;6;12;7;12;8;12;9;12;10;12;11;12;12
1;2;15;13;16;11;16;10;16;9;16;8;16;7;16;6;16;5;16;4;15;4;14;4;13;4;12;4;12;5;12;6;12;7;12;8;12;9;12;10;12;11;12;12;12;13
1;1;15;13;16;10;16;9;16;8;16;7;16;6;16;5;16;4;15;4;14;4;13;4;12;4;12;5;12;6;12;7;12;8;12;9;12;10;12;11;12;12;12;13;13;13
1;1;15;13;16;9;16;8;16;7;16;6;16;5;16;4;15;4;14;4;13;4;12;4;12;5;12;6;12;7;12;8;12;9;12;10;12;11;12;12;12;13;13;13;14;13
1;1;9;8;16;8;16;8;16;7;16;6;16;5;16;4;15;4;14;4;13;4;12;4;12;5;12;6;12;7;12;8;12;9;12;10;12;11;12;12;12;13;13;13;14;13;15;13
1;0;9;8;16;8;16;7;16;6;16;5;16;4;15;4;14;4;13;4;12;4;12;5;12;6;12;7;12;8;12;9;12;10;12;11;12;12;12;13;13;13;14;13;15;13;15;12
1;0;9;8;16;7;16;6;16;5;16;4;15;4;14;4;13;4;12;4;12;5;12;6;12;7;12;8;12;9;12;10;12;11;12;12;12;13;13;13;14;13;15;13;15;12;15;11
1;0;9;8;16;6;16;5;16;4;15;4;14;4;13;4;12;4;12;5;12;6;12;7;12;8;12;9;12;10;12;11;12;12;12;13;13;13;14;13;15;13;15;12;15;11;15;10
1;0;9;8;16;5;16;4;15;4;14;4;13;4;12;4;12;5;12;6;12;7;12;8;12;9;12;10;12;11;12;12;12;13;13;13;14;13;15;13;15;12;15;11;15;10;15;9
1;3;9;8;16;4;15;4;14;4;13;4;12;4;12;5;12;6;12;7;12;8;12;9;12;10;12;11;12;12;12;13;13;13;14;13;15;13;15;12;15;11;15;10;15;9;14;9
1;3;9;8;15;4;14;4;13;4;12;4;12;5;12;6;12;7;12;8;12;9;12;10;12;11;12;12;12;13;13;13;14;13;15;13;15;12;15;11;15;10;15;9;14;9;13;9
1;0;9;8;14;4;13;4;12;4;12;5;12;6;12;7;12;8;12;9;12;10;12;11;12;12;12;13;13;13;14;13;15;13;15;12;15;11;15;10;15;9;14;9;13;9;13;8
1;1;9;8;13;4;12;4;12;5;12;6;12;7;12;8;12;9;12;10;12;11;12;12;12;13;13;13;14;13;15;13;15;12;15;11;15;10;15;9;14;9;13;9;13;8;14;8
1;1;9;8;12;4;12;5;12;6;12;7;12;8;12;9;12;10;12;11;12;12;12;13;13;13;14;13;15;13;15;12;15;11;15;10;15;9;14;9;13;9;13;8;14;8;15;8
1;0;9;8;12;5;12;6;12;7;12;8;12;9;12;10;12;11;12;12;12;13;13;13;14;13;15;13;15;12;15;11;15;10;15;9;14;9;13;9;13;8;14;8;15;8;15;7
1;3;9;8;12;6;12;7;12;8;12;9;12;10;12;11;12;12;12;13;13;13;14;13;15;13;15;12;15;11;15;10;15;9;14;9;13;9;13;8;14;8;15;8;15;7;14;7
1;3;9;8;12;7;12;8;12;9;12;10;12;11;12;12;12;13;13;13;14;13;15;13;15;12;15;11;15;10;15;9;14;9;13;9;13;8;14;8;15;8;15;7;14;7;13;7
1;3;9;8;12;8;12;9;12;10;12;11;12;12;12;13;13;13;14;13;15;13;15;12;15;11;15;10;15;9;14;9;13;9;13;8;14;8;15;8;15;7;14;7;13;7;12;7
1;3;9;8;12;9;12;10;12;11;12;12;12;13;13;13;14;13;15;13;15;12;15;11;15;10;15;9;14;9;13;9;13;8;14;8;15;8;15;7;14;7;13;7;12;7;11;7
1;3;9;8;12;10;12;11;12;12;12;13;13;13;14;13;15;13;15;12;15;11;15;10;15;9;14;9;13;9;13;8;14;8;15;8;15;7;14;7;13;7;12;7;11;7;10;7
1;3;9;8;12;11;12;12;12;13;13;13;14;13;15;13;15;12;15;11;15;10;15;9;14;9;13;9;13;8;14;8;15;8;15;7;14;7;13;7;12;7;11;7;10;7;9;7
1;2;9;2;12;12;12;12;12;13;13;13;14;13;15;13;15;12;15;11;15;10;15;9;14;9;13;9;13;8;14;8;15;8;15;7;14;7;13;7;12;7;11;7;10;7;9;7;9;8
1;3;9;2;12;12;12;13;13;13;14;13;15;13;15;12;15;11;15;10;15;9;14;9;13;9;13;8;14;8;15;8;15;7;14;7;13;7;12;7;11;7;10;7;9;7;9;8;8;8
1;0;9;2;12;13;13;13;14;13;15;13;15;12;15;11;15;10;15;9;14;9;13;9;13;8;14;8;15;8;15;7;14;7;13;7;12;7;11;7;10;7;9;7;9;8;8;8;8;7
1;0;9;2;13;13;14;13;15;13;15;12;15;11;15;10;15;9;14;9;13;9;13;8;14;8;15;8;15;7;14;7;13;7;12;7;11;7;10;7;9;7;9;8;8;8;8;7;8;6
1;1;9;2;14;13;15;13;15;12;15;11;15;10;15;9;14;9;13;9;13;8;14;8;15;8;15;7;14;7;13;7;12;7;11;7;10;7;9;7;9;8;8;8;8;7;8;6;9;6
1;0;9;2;15;13;15;12;15;11;15;10;15;9;14;9;13;9;13;8;14;8;15;8;15;7;14;7;13;7;12;7;11;7;10;7;9;7;9;8;8;8;8;7;8;6;9;6;9;5
1;0;9;2;15;12;15;11;15;10;15;9;14;9;13;9;13;8;14;8;15;8;15;7;14;7;13;7;12;7;11;7;10;7;9;7;9;8;8;8;8;7;8;6;9;6;9;5;9;4
1;0;9;2;15;11;15;10;15;9;14;9;13;9;13;8;14;8;15;8;15;7;14;7;13;7;12;7;11;7;10;7;9;7;9;8;8;8;8;7;8;6;9;6;9;5;9;4;9;3
1;0;6;5;15;10;15;10;15;9;14;9;13;9;13;8;14;8;15;8;15;7;14;7;13;7;12;7;11;7;10;7;9;7;9;8;8;8;8;7;8;6;9;6;9;5;9;4;9;3;9;2
1;3;6;5;15;10;15;9;14;9;13;9;13;8;14;8;15;8;15;7;14;7;13;7;12;7;11;7;10;7;9;7;9;8;8;8;8;7;8;6;9;6;9;5;9;4;9;3;9;2;8;2
1;3;6;5;15;9;14;9;13;9;13;8;14;8;15;8;15;7;14;7;13;7;12;7;11;7;10;7;9;7;9;8;8;8;8;7;8;6;9;6;9;5;9;4;9;3;9;2;8;2;7;2
1;3;6;5;14;9;13;9;13;8;14;8;15;8;15;7;14;7;13;7;12;7;11;7;10;7;9;7;9;8;8;8;8;7;8;6;9;6;9;5;9;4;9;3;9;2;8;2;7;2;6;2
1;2;6;5;13;9;13;8;14;8;15;8;15;7;14;7;13;7;12;7;11;7;10;7;9;7;9;8;8;8;8;7;8;6;9;6;9;5;9;4;9;3;9;2;8;2;7;2;6;2;6;3
1;2;6;5;13;8;14;8;15;8;15;7;14;7;13;7;12;7;11;7;10;7;9;7;9;8;8;8;8;7;8;6;9;6;9;5;9;4;9;3;9;2;8;2;7;2;6;2;6;3;6;4
1;2;15;5;14;8;14;8;15;8;15;7;14;7;13;7;12;7;11;7;10;7;9;7;9;8;8;8;8;7;8;6;9;6;9;5;9;4;9;3;9;2;8;2;7;2;6;2;6;3;6;4;6;5
1;2;15;5;14;8;15;8;15;7;14;7;13;7;12;7;11;7;10;7;9;7;9;8;8;8;8;7;8;6;9;6;9;5;9;4;9;3;9;2;8;2;7;2;6;2;6;3;6;4;6;5;6;6
1;2;15;5;15;8;15;7;14;7;13;7;12;7;11;7;10;7;9;7;9;8;8;8;8;7;8;6;9;6;9;5;9;4;9;3;9;2;8;2;7;2;6;2;6;3;6;4;6;5;6;6;6;7
1;2;15;5;15;7;14;7;13;7;12;7;11;7;10;7;9;7;9;8;8;8;8;7;8;6;9;6;9;5;9;4;9;3;9;2;8;2;7;2;6;2;6;3;6;4;6;5;6;6;6;7;6;8
1;2;15;5;14;7;13;7;12;7;11;7;10;7;9;7;9;8;8;8;8;7;8;6;9;6;9;5;9;4;9;3;9;2;8;2;7;2;6;2;6;3;6;4;6;5;6;6;6;7;6;8;6;9
1;1;15;5;13;7;12;7;11;7;10;7;9;7;9;8;8;8;8;7;8;6;9;6;9;5;9;4;9;3;9;2;8;2;7;2;6;2;6;3;6;4;6;5;6;6;6;7;6;8;6;9;7;9
1;1;15;5;12;7;11;7;10;7;9;7;9;8;8;8;8;7;8;6;9;6;9;5;9;4;9;3;9;2;8;2;7;2;6;2;6;3;6;4;6;5;6;6;6;7;6;8;6;9;7;9;8;9
1;1;15;5;11;7;10;7;9;7;9;8;8;8;8;7;8;6;9;6;9;5;9;4;9;3;9;2;8;2;7;2;6;2;6;3;6;4;6;5;6;6;6;7;6;8;6;9;7;9;8;9;9;9
1;1;15;5;10;7;9;7;9;8;8;8;8;7;8;6;9;6;9;5;9;4;9;3;9;2;8;2;7;2;6;2;6;3;6;4;6;5;6;6;6;7;6;8;6;9;7;9;8;9;9;9;10;9
1;1;15;5;9;7;9;8;8;8;8;7;8;6;9;6;9;5;9;4;9;3;9;2;8;2;7;2;6;2;6;3;6;4;6;5;6;6;6;7;6;8;6;9;7;9;8;9;9;9;10;9;11;9
1;1;15;5;9;8;8;8;8;7;8;6;9;6;9;5;9;4;9;3;9;2;8;2;7;2;6;2;6;3;6;4;6;5;6;6;6;7;6;8;6;9;7;9;8;9;9;9;10;9;11;9;12;9
1;1;15;5;8;8;8;7;8;6;9;6;9;5;9;4;9;3;9;2;8;2;7;2;6;2;6;3;6;4;6;5;6;6;6;7;6;8;6;9;7;9;8;9;9;9;10;9;11;9;12;9;13;9
1;1;15;5;8;7;8;6;9;6;9;5;9;4;9;3;9;2;8;2;7;2;6;2;6;3;6;4;6;5;6;6;6;7;6;8;6;9;7;9;8;9;9;9;10;9;11;9;12;9;13;9;14;9
1;1;15;5;8;6;9;6;9;5;9;4;9;3;9;2;8;2;7;2;6;2;6;3;6;4;6;5;6;6;6;7;6;8;6;9;7;9;8;9;9;9;10;9;11;9;12;9;13;9;14;9;15;9
1;0;15;5;9;6;9;5;9;4;9;3;9;2;8;2;7;2;6;2;6;3;6;4;6;5;6;6;6;7;6;8;6;9;7;9;8;9;9;9;10;9;11;9;12;9;13;9;14;9;15;9;15;8
1;0;15;5;9;5;9;4;9;3;9;2;8;2;7;2;6;2;6;3;6;4;6;5;6;6;6;7;6;8;6;9;7;9;8;9;9;9;10;9;11;9;12;9;13;9;14;9;15;9;15;8;15;7
1;0;15;5;9;4;9;3;9;2;8;2;7;2;6;2;6;3;6;4;6;5;6;6;6;7;6;8;6;9;7;9;8;9;9;9;10;9;11;9;12;9;13;9;14;9;15;9;15;8;15;7;15;6
1;0;0;18;9;3;9;3;9;2;8;2;7;2;6;2;6;3;6;4;6;5;6;6;6;7;6;8;6;9;7;9;8;9;9;9;10;9;11;9;12;9;13;9;14;9;15;9;15;8;15;7;15;6;15;5
1;3;0;18;9;3;9;2;8;2;7;2;6;2;6;3;6;4;6;5;6;6;6;7;6;8;6;9;7;9;8;9;9;9;10;9;11;9;12;9;13;9;14;9;15;9;15;8;15;7;15;6;15;5;14;5
1;3;0;18;9;2;8;2;7;2;6;2;6;3;6;4;6;5;6;6;6;7;6;8;6;9;7;9;8;9;9;9;10;9;11;9;12;9;13;9;14;9;15;9;15;8;15;7;15;6;15;5;14;5;13;5
1;3;0;18;8;2;7;2;6;2;6;3;6;4;6;5;6;6;6;7;6;8;6;9;7;9;8;9;9;9;10;9;11;9;12;9;13;9;14;9;15;9;15;8;15;7;15;6;15;5;14;5;13;5;12;5
1;3;0;18;7;2;6;2;6;3;6;4;6;5;6;6;6;7;6;8;6;9;7;9;8;9;9;9;10;9;11;9;12;9;13;9;14;9;15;9;15;8;15;7;15;6;15;5;14;5;13;5;12;5;11;5
1;3;0;18;6;2;6;3;6;4;6;5;6;6;6;7;6;8;6;9;7;9;8;9;9;9;10;9;11;9;12;9;13;9;14;9;15;9;15;8;15;7;15;6;15;5;14;5;13;5;12;5;11;5;10;5
1;3;0;18;6;3;6;4;6;5;6;6;6;7;6;8;6;9;7;9;8;9;9;9;10;9;11;9;12;9;13;9;14;9;15;9;15;8;15;7;15;6;15;5;14;5;13;5;12;5;11;5;10;5;9;5
1;3;0;18;6;4;6;5;6;6;6;7;6;8;6;9;7;9;8;9;9;9;10;9;11;9;12;9;13;9;14;9;15;9;15;8;15;7;15;6;15;5;14;5;13;5;12;5;11;5;10;5;9;5;8;5
1;3;0;18;6;5;6;6;6;7;6;8;6;9;7;9;8;9;9;9;10;9;11;9;12;9;13;9;14;9;15;9;15;8;15;7;15;6;15;5;14;5;13;5;12;5;11;5;10;5;9;5;8;5;7;5
1;3;0;18;6;6;6;7;6;8;6;9;7;9;8;9;9;9;10;9;11;9;12;9;13;9;14;9;15;9;15;8;15;7;15;6;15;5;14;5;13;5;12;5;11;5;10;5;9;5;8;5;7;5;6;5
1;3;0;18;6;7;6;8;6;9;7;9;8;9;9;9;10;9;11;9;12;9;13;9;14;9;15;9;15;8;15;7;15;6;15;5;14;5;13;5;12;5;11;5;10;5;9;5;8;5;7;5;6;5;5;5
1;2;0;18;6;8;6;9;7;9;8;9;9;9;10;9;11;9;12;9;13;9;14;9;15;9;15;8;15;7;15;6;15;5;14;5;13;5;12;5;11;5;10;5;9;5;8;5;7;5;6;5;5;5;5;6
1;2;0;18;6;9;7;9;8;9;9;9;10;9;11;9;12;9;13;9;14;9;15;9;15;8;15;7;15;6;15;5;14;5;13;5;12;5;11;5;10;5;9;5;8;5;7;5;6;5;5;5;5;6;5;7
1;3;0;18;7;9;8;9;9;9;10;9;11;9;12;9;13;9;14;9;15;9;15;8;15;7;15;6;15;5;14;5;13;5;12;5;11;5;10;5;9;5;8;5;7;5;6;5;5;5;5;6;5;7;4;7
1;3;0;18;8;9;9;9;10;9;11;9;12;9;13;9;14;9;15;9;15;8;15;7;15;6;15;5;14;5;13;5;12;5;11;5;10;5;9;5;8;5;7;5;6;5;5;5;5;6;5;7;4;7;3;7
1;3;0;18;9;9;10;9;11;9;12;9;13;9;14;9;15;9;15;8;15;7;15;6;15;5;14;5;13;5;12;5;11;5;10;5;9;5;8;5;7;5;6;5;5;5;5;6;5;7;4;7;3;7;2;7
1;3;0;18;10;9;11;9;12;9;13;9;14;9;15;9;15;8;15;7;15;6;15;5;14;5;13;5;12;5;11;5;10;5;9;5;8;5;7;5;6;5;5;5;5;6;5;7;4;7;3;7;2;7;1;7
1;3;0;18;11;9;12;9;13;9;14;9;15;9;15;8;15;7;15;6;15;5;14;5;13;5;12;5;11;5;10;5;9;5;8;5;7;5;6;5;5;5;5;6;5;7;4;7;3;7;2;7;1;7;0;7
1;2;0;18;12;9;13;9;14;9;15;9;15;8;15;7;15;6;15;5;14;5;13;5;12;5;11;5;10;5;9;5;8;5;7;5;6;5;5;5;5;6;5;7;4;7;3;7;2;7;1;7;0;7;0;8
1;2;0;18;13;9;14;9;15;9;15;8;15;7;15;6;15;5;14;5;13;5;12;5;11;5;10;5;9;5;8;5;7;5;6;5;5;5;5;6;5;7;4;7;3;7;2;7;1;7;0;7;0;8;0;9
1;2;0;18;14;9;15;9;15;8;15;7;15;6;15;5;14;5;13;5;12;5;11;5;10;5;9;5;8;5;7;5;6;5;5;5;5;6;5;7;4;7;3;7;2;7;1;7;0;7;0;8;0;9;0;10
1;2;0;18;15;9;15;8;15;7;15;6;15;5;14;5;13;5;12;5;11;5;10;5;9;5;8;5;7;5;6;5;5;5;5;6;5;7;4;7;3;7;2;7;1;7;0;7;0;8;0;9;0;10;0;11
1;2;0;18;15;8;15;7;15;6;15;5;14;5;13;5;12;5;11;5;10;5;9;5;8;5;7;5;6;5;5;5;5;6;5;7;4;7;3;7;2;7;1;7;0;7;0;8;0;9;0;10;0;11;0;12
1;2;0;18;15;7;15;6;15;5;14;5;13;5;12;5;11;5;10;5;9;5;8;5;7;5;6;5;5;5;5;6;5;7;4;7;3;7;2;7;1;7;0;7;0;8;0;9;0;10;0;11;0;12;0;13
1;2;0;18;15;6;15;5;14;5;13;5;12;5;11;5;10;5;9;5;8;5;7;5;6;5;5;5;5;6;5;7;4;7;3;7;2;7;1;7;0;7;0;8;0;9;0;10;0;11;0;12;0;13;0;14
1;2;0;18;15;5;14;5;13;5;12;5;11;5;10;5;9;5;8;5;7;5;6;5;5;5;5;6;5;7;4;7;3;7;2;7;1;7;0;7;0;8;0;9;0;10;0;11;0;12;0;13;0;14;0;15
1;2;0;18;14;5;13;5;12;5;11;5;10;5;9;5;8;5;7;5;6;5;5;5;5;6;5;7;4;7;3;7;2;7;1;7;0;7;0;8;0;9;0;10;0;11;0;12;0;13;0;14;0;15;0;16
1;2;0;18;13;5;12;5;11;5;10;5;9;5;8;5;7;5;6;5;5;5;5;6;5;7;4;7;3;7;2;7;1;7;0;7;0;8;0;9;0;10;0;11;0;12;0;13;0;14;0;15;0;16;0;17
1;2;3;16;12;5;12;5;11;5;10;5;9;5;8;5;7;5;6;5;5;5;5;6;5;7;4;7;3;7;2;7;1;7;0;7;0;8;0;9;0;10;0;11;0;12;0;13;0;14;0;15;0;16;0;17;0;18
1;1;3;16;12;5;11;5;10;5;9;5;8;5;7;5;6;5;5;5;5;6;5;7;4;7;3;7;2;7;1;7;0;7;0;8;0;9;0;10;0;11;0;12;0;13;0;14;0;15;0;16;0;17;0;18;1;18
1;1;3;16;11;5;10;5;9;5;8;5;7;5;6;5;5;5;5;6;5;7;4;7;3;7;2;7;1;7;0;7;0;8;0;9;0;10;0;11;0;12;0;13;0;14;0;15;0;16;0;17;0;18;1;18;2;18
1;1;3;16;10;5;9;5;8;5;7;5;6;5;5;5;5;6;5;7;4;7;3;7;2;7;1;7;0;7;0;8;0;9;0;10;0;11;0;12;0;13;0;14;0;15;0;16;0;17;0;18;1;18;2;18;3;18
1;0;3;16;9;5;8;5;7;5;6;5;5;5;5;6;5;7;4;7;3;7;2;7;1;7;0;7;0;8;0;9;0;10;0;11;0;12;0;13;0;14;0;15;0;16;0;17;0;18;1;18;2;18;3;18;3;17
1;0;10;1;8;5;8;5;7;5;6;5;5;5;5;6;5;7;4;7;3;7;2;7;1;7;0;7;0;8;0;9;0;10;0;11;0;12;0;13;0;14;0;15;0;16;0;17;0;18;1;18;2;18;3;18;3;17;3;16
1;1;10;1;8;5;7;5;6;5;5;5;5;6;5;7;4;7;3;7;2;7;1;7;0;7;0;8;0;9;0;10;0;11;0;12;0;13;0;14;0;15;0;16;0;17;0;18;1;18;2;18;3;18;3;17;3;16;4;16
1;1;10;1;7;5;6;5;5;5;5;6;5;7;4;7;3;7;2;7;1;7;0;7;0;8;0;9;0;10;0;11;0;12;0;13;0;14;0;15;0;16;0;17;0;18;1;18;2;18;3;18;3;17;3;16;4;16;5;16
1;1;10;1;6;5;5;5;5;6;5;7;4;7;3;7;2;7;1;7;0;7;0;8;0;9;0;10;0;11;0;12;0;13;0;14;0;15;0;16;0;17;0;18;1;18;2;18;3;18;3;17;3;16;4;16;5;16;6;16
1;1;10;1;5;5;5;6;5;7;4;7;3;7;2;7;1;7;0;7;0;8;0;9;0;10;0;11;0;12;0;13;0;14;0;15;0;16;0;17;0;18;1;18;2;18;3;18;3;17;3;16;4;16;5;16;6;16;7;16
1;1;10;1;5;6;5;7;4;7;3;7;2;7;1;7;0;7;0;8;0;9;0;10;0;11;0;12;0;13;0;14;0;15;0;16;0;17;0;18;1;18;2;18;3;18;3;17;3;16;4;16;5;16;6;16;7;16;8;16
1;1;10;1;5;7;4;7;3;7;2;7;1;7;0;7;0;8;0;9;0;10;0;11;0;12;0;13;0;14;0;15;0;16;0;17;0;18;1;18;2;18;3;18;3;17;3;16;4;16;5;16;6;16;7;16;8;16;9;16
1;1;10;1;4;7;3;7;2;7;1;7;0;7;0;8;0;9;0;10;0;11;0;12;0;13;0;14;0;15;0;16;0;17;0;18;1;18;2;18;3;18;3;17;3;16;4;16;5;16;6;16;7;16;8;16;9;16;10;16
1;0;10;1;3;7;2;7;1;7;0;7;0;8;0;9;0;10;0;11;0;12;0;13;0;14;0;15;0;16;0;17;0;18;1;18;2;18;3;18;3;17;3;16;4;16;5;16;6;16;7;16;8;16;9;16;10;16;10;15
1;0;10;1;2;7;1;7;0;7;0;8;0;9;0;10;0;11;0;12;0;13;0;14;0;15;0;16;0;17;0;18;1;18;2;18;3;18;3;17;3;16;4;16;5;16;6;16;7;16;8;16;9;16;10;16;10;15;10;14
1;0;10;1;1;7;0;7;0;8;0;9;0;10;0;11;0;12;0;13;0;14;0;15;0;16;0;17;0;18;1;18;2;18;3;18;3;17;3;16;4;16;5;16;6;16;7;16;8;16;9;16;10;16;10;15;10;14;10;13
1;0;10;1;0;7;0;8;0;9;0;10;0;11;0;12;0;13;0;14;0;15;0;16;0;17;0;18;1;18;2;18;3;18;3;17;3;16;4;16;5;16;6;16;7;16;8;16;9;16;10;16;10;15;10;14;10;13;10;12
1;0;10;1;0;8;0;9;0;10;0;11;0;12;0;13;0;14;0;15;0;16;0;17;0;18;1;18;2;18;3;18;3;17;3;16;4;16;5;16;6;16;7;16;8;16;9;16;10;16;10;15;10;14;10;13;10;12;10;11
1;0;10;1;0;9;0;10;0;11;0;12;0;13;0;14;0;15;0;16;0;17;0;18;1;18;2;18;3;18;3;17;3;16;4;16;5;16;6;16;7;16;8;16;9;16;10;16;10;15;10;14;10;13;10;12;10;11;10;10
1;0;10;1;0;10;0;11;0;12;0;13;0;14;0;15;0;16;0;17;0;18;1;18;2;18;3;18;3;17;3;16;4;16;5;16;6;16;7;16;8;16;9;16;10;16;10;15;10;14;10;13;10;12;10;11;10;10;10;9
1;0;10;1;0;11;0;12;0;13;0;14;0;15;0;16;0;17;0;18;1;18;2;18;3;18;3;17;3;16;4;16;5;16;6;16;7;16;8;16;9;16;10;16;10;15;10;14;10;13;10;12;10;11;10;10;10;9;10;8
1;0;10;1;0;12;0;13;0;14;0;15;0;16;0;17;0;18;1;18;2;18;3;18;3;17;3;16;4;16;5;16;6;16;7;16;8;16;9;16;10;16;10;15;10;14;10;13;10;12;10;11;10;10;10;9;10;8;10;7
1;0;10;1;0;13;0;14;0;15;0;16;0;17;0;18;1;18;2;18;3;18;3;17;3;16;4;16;5;16;6;16;7;16;8;16;9;16;10;16;10;15;10;14;10;13;10;12;10;11;10;10;10;9;10;8;10;7;10;6
1;0;10;1;0;14;0;15;0;16;0;17;0;18;1;18;2;18;3;18;3;17;3;16;4;16;5;16;6;16;7;16;8;16;9;16;10;16;10;15;10;14;10;13;10;12;10;11;10;10;10;9;10;8;10;7;10;6;10;5
1;0;10;1;0;15;0;16;0;17;0;18;1;18;2;18;3;18;3;17;3;16;4;16;5;16;6;16;7;16;8;16;9;16;10;16;10;15;10;14;10;13;10;12;10;11;10;10;10;9;10;8;10;7;10;6;10;5;10;4
1;0;10;1;0;16;0;17;0;18;1;18;2;18;3;18;3;17;3;16;4;16;5;16;6;16;7;16;8;16;9;16;10;16;10;15;10;14;10;13;10;12;10;11;10;10;10;9;10;8;10;7;10;6;10;5;10;4;10;3
1;0;10;1;0;17;0;18;1;18;2;18;3;18;3;17;3;16;4;16;5;16;6;16;7;16;8;16;9;16;10;16;10;15;10;14;10;13;10;12;10;11;10;10;10;9;10;8;10;7;10;6;10;5;10;4;10;3;10;2
1;0;2;1;0;18;0;18;1;18;2;18;3;18;3;17;3;16;4;16;5;16;6;16;7;16;8;16;9;16;10;16;10;15;10;14;10;13;10;12;10;11;10;10;10;9;10;8;10;7;10;6;10;5;10;4;10;3;10;2;10;1
1;3;2;1;0;18;1;18;2;18;3;18;3;17;3;16;4;16;5;16;6;16;7;16;8;16;9;16;10;16;10;15;10;14;10;13;10;12;10;11;10;10;10;9;10;8;10;7;10;6;10;5;10;4;10;3;10;2;10;1;9;1
1;3;2;1;1;18;2;18;3;18;3;17;3;16;4;16;5;16;6;16;7;16;8;16;9;16;10;16;10;15;10;14;10;13;10;12;10;11;10;10;10;9;10;8;10;7;10;6;10;5;10;4;10;3;10;2;10;1;9;1;8;1
1;3;2;1;2;18;3;18;3;17;3;16;4;16;5;16;6;16;7;16;8;16;9;16;10;16;10;15;10;14;10;13;10;12;10;11;10;10;10;9;10;8;10;7;10;6;10;5;10;4;10;3;10;2;10;1;9;1;8;1;7;1
1;3;2;1;3;18;3;17;3;16;4;16;5;16;6;16;7;16;8;16;9;16;10;16;10;15;10;14;10;13;10;12;10;11;10;10;10;9;10;8;10;7;10;6;10;5;10;4;10;3;10;2;10;1;9;1;8;1;7;1;6;1
1;3;2;1;3;17;3;16;4;16;5;16;6;16;7;16;8;16;9;16;10;16;10;15;10;14;10;13;10;12;10;11;10;10;10;9;10;8;10;7;10;6;10;5;10;4;10;3;10;2;10;1;9;1;8;1;7;1;6;1;5;1
1;3;2;1;3;16;4;16;5;16;6;16;7;16;8;16;9;16;10;16;10;15;10;14;10;13;10;12;10;11;10;10;10;9;10;8;10;7;10;6;10;5;10;4;10;3;10;2;10;1;9;1;8;1;7;1;6;1;5;1;4;1
1;3;2;1;4;16;5;16;6;16;7;16;8;16;9;16;10;16;10;15;10;14;10;13;10;12;10;11;10;10;10;9;10;8;10;7;10;6;10;5;10;4;10;3;10;2;10;1;9;1;8;1;7;1;6;1;5;1;4;1;3;1
1;3;13;14;5;16;5;16;6;16;7;16;8;16;9;16;10;16;10;15;10;14;10;13;10;12;10;11;10;10;10;9;10;8;10;7;10;6;10;5;10;4;10;3;10;2;10;1;9;1;8;1;7;1;6;1;5;1;4;1;3;1;2;1
1;2;13;14;5;16;6;16;7;16;8;16;9;16;10;16;10;15;10;14;10;13;10;12;10;11;10;10;10;9;10;8;10;7;10;6;10;5;10;4;10;3;10;2;10;1;9;1;8;1;7;1;6;1;5;1;4;1;3;1;2;1;2;2
1;2;13;14;6;16;7;16;8;16;9;16;10;16;10;15;10;14;10;13;10;12;10;11;10;10;10;9;10;8;10;7;10;6;10;5;10;4;10;3;10;2;10;1;9;1;8;1;7;1;6;1;5;1;4;1;3;1;2;1;2;2;2;3
1;2;13;14;7;16;8;16;9;16;10;16;10;15;10;14;10;13;10;12;10;11;10;10;10;9;10;8;10;7;10;6;10;5;10;4;10;3;10;2;10;1;9;1;8;1;7;1;6;1;5;1;4;1;3;1;2;1;2;2;2;3;2;4
1;2;13;14;8;16;9;16;10;16;10;15;10;14;10;13;10;12;10;11;10;10;10;9;10;8;10;7;10;6;10;5;10;4;10;3;10;2;10;1;9;1;8;1;7;1;6;1;5;1;4;1;3;1;2;1;2;2;2;3;2;4;2;5
1;2;13;14;9;16;10;16;10;15;10;14;10;13;10;12;10;11;10;10;10;9;10;8;10;7;10;6;10;5;10;4;10;3;10;2;10;1;9;1;8;1;7;1;6;1;5;1;4;1;3;1;2;1;2;2;2;3;2;4;2;5;2;6
1;2;13;14;10;16;10;15;10;14;10;13;10;12;10;11;10;10;10;9;10;8;10;7;10;6;10;5;10;4;10;3;10;2;10;1;9;1;8;1;7;1;6;1;5;1;4;1;3;1;2;1;2;2;2;3;2;4;2;5;2;6;2;7
1;2;13;14;10;15;10;14;10;13;10;12;10;11;10;10;10;9;10;8;10;7;10;6;10;5;10;4;10;3;10;2;10;1;9;1;8;1;7;1;6;1;5;1;4;1;3;1;2;1;2;2;2;3;2;4;2;5;2;6;2;7;2;8
1;2;13;14;10;14;10;13;10;12;10;11;10;10;10;9;10;8;10;7;10;6;10;5;10;4;10;3;10;2;10;1;9;1;8;1;7;1;6;1;5;1;4;1;3;1;2;1;2;2;2;3;2;4;2;5;2;6;2;7;2;8;2;9
1;2;13;14;10;13;10;12;10;11;10;10;10;9;10;8;10;7;10;6;10;5;10;4;10;3;10;2;10;1;9;1;8;1;7;1;6;1;5;1;4;1;3;1;2;1;2;2;2;3;2;4;2;5;2;6;2;7;2;8;2;9;2;10
1;2;13;14;10;12;10;11;10;10;10;9;10;8;10;7;10;6;10;5;10;4;10;3;10;2;10;1;9;1;8;1;7;1;6;1;5;1;4;1;3;1;2;1;2;2;2;3;2;4;2;5;2;6;2;7;2;8;2;9;2;10;2;11
1;2;13;14;10;11;10;10;10;9;10;8;10;7;10;6;10;5;10;4;10;3;10;2;10;1;9;1;8;1;7;1;6;1;5;1;4;1;3;1;2;1;2;2;2;3;2;4;2;5;2;6;2;7;2;8;2;9;2;10;2;11;2;12
1;2;13;14;10;10;10;9;10;8;10;7;10;6;10;5;10;4;10;3;10;2;10;1;9;1;8;1;7;1;6;1;5;1;4;1;3;1;2;1;2;2;2;3;2;4;2;5;2;6;2;7;2;8;2;9;2;10;2;11;2;12;2;13
1;2;13;14;10;9;10;8;10;7;10;6;10;5;10;4;10;3;10;2;10;1;9;1;8;1;7;1;6;1;5;1;4;1;3;1;2;1;2;2;2;3;2;4;2;5;2;6;2;7;2;8;2;9;2;10;2;11;2;12;2;13;2;14
1;1;13;14;10;8;10;7;10;6;10;5;10;4;10;3;10;2;10;1;9;1;8;1;7;1;6;1;5;1;4;1;3;1;2;1;2;2;2;3;2;4;2;5;2;6;2;7;2;8;2;9;2;10;2;11;2;12;2;13;2;14;3;14
1;1;13;14;10;7;10;6;10;5;10;4;10;3;10;2;10;1;9;1;8;1;7;1;6;1;5;1;4;1;3;1;2;1;2;2;2;3;2;4;2;5;2;6;2;7;2;8;2;9;2;10;2;11;2;12;2;13;2;14;3;14;4;14
1;1;13;14;10;6;10;5;10;4;10;3;10;2;10;1;9;1;8;1;7;1;6;1;5;1;4;1;3;1;2;1;2;2;2;3;2;4;2;5;2;6;2;7;2;8;2;9;2;10;2;11;2;12;2;13;2;14;3;14;4;14;5;14
1;1;13;14;10;5;10;4;10;3;10;2;10;1;9;1;8;1;7;1;6;1;5;1;4;1;3;1;2;1;2;2;2;3;2;4;2;5;2;6;2;7;2;8;2;9;2;10;2;11;2;12;2;13;2;14;3;14;4;14;5;14;6;14
1;1;13;14;10;4;10;3;10;2;10;1;9;1;8;1;7;1;6;1;5;1;4;1;3;1;2;1;2;2;2;3;2;4;2;5;2;6;2;7;2;8;2;9;2;10;2;11;2;12;2;13;2;14;3;14;4;14;5;14;6;14;7;14
1;1;13;14;10;3;10;2;10;1;9;1;8;1;7;1;6;1;5;1;4;1;3;1;2;1;2;2;2;3;2;4;2;5;2;6;2;7;2;8;2;9;2;10;2;11;2;12;2;13;2;14;3;14;4;14;5;14;6;14;7;14;8;14
1;1;13;14;10;2;10;1;9;1;8;1;7;1;6;1;5;1;4;1;3;1;2;1;2;2;2;3;2;4;2;5;2;6;2;7;2;8;2;9;2;10;2;11;2;12;2;13;2;14;3;14;4;14;5;14;6;14;7;14;8;14;9;14
1;1;13;14;10;1;9;1;8;1;7;1;6;1;5;1;4;1;3;1;2;1;2;2;2;3;2;4;2;5;2;6;2;7;2;8;2;9;2;10;2;11;2;12;2;13;2;14;3;14;4;14;5;14;6;14;7;14;8;14;9;14;10;14
1;1;13;14;9;1;8;1;7;1;6;1;5;1;4;1;3;1;2;1;2;2;2;3;2;4;2;5;2;6;2;7;2;8;2;9;2;10;2;11;2;12;2;13;2;14;3;14;4;14;5;14;6;14;7;14;8;14;9;14;10;14;11;14
1;1;13;14;8;1;7;1;6;1;5;1;4;1;3;1;2;1;2;2;2;3;2;4;2;5;2;6;2;7;2;8;2;9;2;10;2;11;2;12;2;13;2;14;3;14;4;14;5;14;6;14;7;14;8;14;9;14;10;14;11;14;12;14
1;1;17;18;7;1;7;1;6;1;5;1;4;1;3;1;2;1;2;2;2;3;2;4;2;5;2;6;2;7;2;8;2;9;2;10;2;11;2;12;2;13;2;14;3;14;4;14;5;14;6;14;7;14;8;14;9;14;10;14;11;14;12;14;13;14
1;2;17;18;7;1;6;1;5;1;4;1;3;1;2;1;2;2;2;3;2;4;2;5;2;6;2;7;2;8;2;9;2;10;2;11;2;12;2;13;2;14;3;14;4;14;5;14;6;14;7;14;8;14;9;14;10;14;11;14;12;14;13;14;13;15
1;2;17;18;6;1;5;1;4;1;3;1;2;1;2;2;2;3;2;4;2;5;2;6;2;7;2;8;2;9;2;10;2;11;2;12;2;13;2;14;3;14;4;14;5;14;6;14;7;14;8;14;9;14;10;14;11;14;12;14;13;14;13;15;13;16
1;2;17;18;5;1;4;1;3;1;2;1;2;2;2;3;2;4;2;5;2;6;2;7;2;8;2;9;2;10;2;11;2;12;2;13;2;14;3;14;4;14;5;14;6;14;7;14;8;14;9;14;10;14;11;14;12;14;13;14;13;15;13;16;13;17
1;2;17;18;4;1;3;1;2;1;2;2;2;3;2;4;2;5;2;6;2;7;2;8;2;9;2;10;2;11;2;12;2;13;2;14;3;14;4;14;5;14;6;14;7;14;8;14;9;14;10;14;11;14;12;14;13;14;13;15;13;16;13;17;13;18
1;1;17;18;3;1;2;1;2;2;2;3;2;4;2;5;2;6;2;7;2;8;2;9;2;10;2;11;2;12;2;13;2;14;3;14;4;14;5;14;6;14;7;14;8;14;9;14;10;14;11;14;12;14;13;14;13;15;13;16;13;17;13;18;14;18
1;1;17;18;2;1;2;2;2;3;2;4;2;5;2;6;2;7;2;8;2;9;2;10;2;11;2;12;2;13;2;14;3;14;4;14;5;14;6;14;7;14;8;14;9;14;10;14;11;14;12;14;13;14;13;15;13;16;13;17;13;18;14;18;15;18
1;1;17;18;2;2;2;3;2;4;2;5;2;6;2;7;2;8;2;9;2;10;2;11;2;12;2;13;2;14;3;14;4;14;5;14;6;14;7;14;8;14;9;14;10;14;11;14;12;14;13;14;13;15;13;16;13;17;13;18;14;18;15;18;16;18
1;1;19;12;2;3;2;3;2;4;2;5;2;6;2;7;2;8;2;9;2;10;2;11;2;12;2;13;2;14;3;14;4;14;5;14;6;14;7;14;8;14;9;14;10;14;11;14;12;14;13;14;13;15;13;16;13;17;13;18;14;18;15;18;16;18;17;18
1;1;19;12;2;3;2;4;2;5;2;6;2;7;2;8;2;9;2;10;2;11;2;12;2;13;2;14;3;14;4;14;5;14;6;14;7;14;8;14;9;14;10;14;11;14;12;14;13;14;13;15;13;16;13;17;13;18;14;18;15;18;16;18;17;18;18;18
1;1;19;12;2;4;2;5;2;6;2;7;2;8;2;9;2;10;2;11;2;12;2;13;2;14;3;14;4;14;5;14;6;14;7;14;8;14;9;14;10;14;11;14;12;14;13;14;13;15;13;16;13;17;13;18;14;18;15;18;16;18;17;18;18;18;19;18
1;0;19;12;2;5;2;6;2;7;2;8;2;9;2;10;2;11;2;12;2;13;2;14;3;14;4;14;5;14;6;14;7;14;8;14;9;14;10;14;11;14;12;14;13;14;13;15;13;16;13;17;13;18;14;18;15;18;16;18;17;18;18;18;19;18;19;17
1;0;19;12;2;6;2;7;2;8;2;9;2;10;2;11;2;12;2;13;2;14;3;14;4;14;5;14;6;14;7;14;8;14;9;14;10;14;11;14;12;14;13;14;13;15;13;16;13;17;13;18;14;18;15;18;16;18;17;18;18;18;19;18;19;17;19;16
1;0;19;12;2;7;2;8;2;9;2;10;2;11;2;12;2;13;2;14;3;14;4;14;5;14;6;14;7;14;8;14;9;14;10;14;11;14;12;14;13;14;13;15;13;16;13;17;13;18;14;18;15;18;16;18;17;18;18;18;19;18;19;17;19;16;19;15
1;0;19;12;2;8;2;9;2;10;2;11;2;12;2;13;2;14;3;14;4;14;5;14;6;14;7;14;8;14;9;14;10;14;11;14;12;14;13;14;13;15;13;16;13;17;13;18;14;18;15;18;16;18;17;18;18;18;19;18;19;17;19;16;19;15;19;14
1;0;19;12;2;9;2;10;2;11;2;12;2;13;2;14;3;14;4;14;5;14;6;14;7;14;8;14;9;14;10;14;11;14;12;14;13;14;13;15;13;16;13;17;13;18;14;18;15;18;16;18;17;18;18;18;19;18;19;17;19;16;19;15;19;14;19;13
1;0;11;6;2;10;2;10;2;11;2;12;2;13;2;14;3;14;4;14;5;14;6;14;7;14;8;14;9;14;10;14;11;14;12;14;13;14;13;15;13;16;13;17;13;18;14;18;15;18;16;18;17;18;18;18;19;18;19;17;19;16;19;15;19;14;19;13;19;12
1;0;11;6;2;10;2;11;2;12;2;13;2;14;3;14;4;14;5;14;6;14;7;14;8;14;9;14;10;14;11;14;12;14;13;14;13;15;13;16;13;17;13;18;14;18;15;18;16;18;17;18;18;18;19;18;19;17;19;16;19;15;19;14;19;13;19;12;19;11
1;0;11;6;2;11;2;12;2;13;2;14;3;14;4;14;5;14;6;14;7;14;8;14;9;14;10;14;11;14;12;14;13;14;13;15;13;16;13;17;13;18;14;18;15;18;16;18;17;18;18;18;19;18;19;17;19;16;19;15;19;14;19;13;19;12;19;11;19;10
1;0;11;6;2;12;2;13;2;14;3;14;4;14;5;14;6;14;7;14;8;14;9;14;10;14;11;14;12;14;13;14;13;15;13;16;13;17;13;18;14;18;15;18;16;18;17;18;18;18;19;18;19;17;19;16;19;15;19;14;19;13;19;12;19;11;19;10;19;9
1;0;11;6;2;13;2;14;3;14;4;14;5;14;6;14;7;14;8;14;9;14;10;14;11;14;12;14;13;14;13;15;13;16;13;17;13;18;14;18;15;18;16;18;17;18;18;18;19;18;19;17;19;16;19;15;19;14;19;13;19;12;19;11;19;10;19;9;19;8
1;0;11;6;2;14;3;14;4;14;5;14;6;14;7;14;8;14;9;14;10;14;11;14;12;14;13;14;13;15;13;16;13;17;13;18;14;18;15;18;16;18;17;18;18;18;19;18;19;17;19;16;19;15;19;14;19;13;19;12;19;11;19;10;19;9;19;8;19;7
1;0;11;6;3;14;4;14;5;14;6;14;7;14;8;14;9;14;10;14;11;14;12;14;13;14;13;15;13;16;13;17;13;18;14;18;15;18;16;18;17;18;18;18;19;18;19;17;19;16;19;15;19;14;19;13;19;12;19;11;19;10;19;9;19;8;19;7;19;6
1;3;11;6;4;14;5;14;6;14;7;14;8;14;9;14;10;14;11;14;12;14;13;14;13;15;13;16;13;17;13;18;14;18;15;18;16;18;17;18;18;18;19;18;19;17;19;16;19;15;19;14;19;13;19;12;19;11;19;10;19;9;19;8;19;7;19;6;18;6
1;3;11;6;5;14;6;14;7;14;8;14;9;14;10;14;11;14;12;14;13;14;13;15;13;16;13;17;13;18;14;18;15;18;16;18;17;18;18;18;19;18;19;17;19;16;19;15;19;14;19;13;19;12;19;11;19;10;19;9;19;8;19;7;19;6;18;6;17;6
1;3;11;6;6;14;7;14;8;14;9;14;10;14;11;14;12;14;13;14;13;15;13;16;13;17;13;18;14;18;15;18;16;18;17;18;18;18;19;18;19;17;19;16;19;15;19;14;19;13;19;12;19;11;19;10;19;9;19;8;19;7;19;6;18;6;17;6;16;6
1;3;11;6;7;14;8;14;9;14;10;14;11;14;12;14;13;14;13;15;13;16;13;17;13;18;14;18;15;18;16;18;17;18;18;18;19;18;19;17;19;16;19;15;19;14;19;13;19;12;19;11;19;10;19;9;19;8;19;7;19;6;18;6;17;6;16;6;15;6
1;3;11;6;8;14;9;14;10;14;11;14;12;14;13;14;13;15;13;16;13;17;13;18;14;18;15;18;16;18;17;18;18;18;19;18;19;17;19;16;19;15;19;14;19;13;19;12;19;11;19;10;19;9;19;8;19;7;19;6;18;6;17;6;16;6;15;6;14;6
1;3;11;6;9;14;10;14;11;14;12;14;13;14;13;15;13;16;13;17;13;18;14;18;15;18;16;18;17;18;18;18;19;18;19;17;19;16;19;15;19;14;19;13;19;12;19;11;19;10;19;9;19;8;19;7;19;6;18;6;17;6;16;6;15;6;14;6;13;6
1;3;11;6;10;14;11;14;12;14;13;14;13;15;13;16;13;17;13;18;14;18;15;18;16;18;17;18;18;18;19;18;19;17;19;16;19;15;19;14;19;13;19;12;19;11;19;10;19;9;19;8;19;7;19;6;18;6;17;6;16;6;15;6;14;6;13;6;12;6
1;3;0;7;11;14;11;14;12;14;13;14;13;15;13;16;13;17;13;18;14;18;15;18;16;18;17;18;18;18;19;18;19;17;19;16;19;15;19;14;19;13;19;12;19;11;19;10;19;9;19;8;19;7;19;6;18;6;17;6;16;6;15;6;14;6;13;6;12;6;11;6
1;3;0;7;11;14;12;14;13;14;13;15;13;16;13;17;13;18;14;18;15;18;16;18;17;18;18;18;19;18;19;17;19;16;19;15;19;14;19;13;19;12;19;11;19;10;19;9;19;8;19;7;19;6;18;6;17;6;16;6;15;6;14;6;13;6;12;6;11;6;10;6
1;2;0;7;12;14;13;14;13;15;13;16;13;17;13;18;14;18;15;18;16;18;17;18;18;18;19;18;19;17;19;16;19;15;19;14;19;13;19;12;19;11;19;10;19;9;19;8;19;7;19;6;18;6;17;6;16;6;15;6;14;6;13;6;12;6;11;6;10;6;10;7
1;3;0;7;13;14;13;15;13;16;13;17;13;18;14;18;15;18;16;18;17;18;18;18;19;18;19;17;19;16;19;15;19;14;19;13;19;12;19;11;19;10;19;9;19;8;19;7;19;6;18;6;17;6;16;6;15;6;14;6;13;6;12;6;11;6;10;6;10;7;9;7
1;3;0;7;13;15;13;16;13;17;13;18;14;18;15;18;16;18;17;18;18;18;19;18;19;17;19;16;19;15;19;14;19;13;19;12;19;11;19;10;19;9;19;8;19;7;19;6;18;6;17;6;16;6;15;6;14;6;13;6;12;6;11;6;10;6;10;7;9;7;8;7
1;3;0;7;13;16;13;17;13;18;14;18;15;18;16;18;17;18;18;18;19;18;19;17;19;16;19;15;19;14;19;13;19;12;19;11;19;10;19;9;19;8;19;7;19;6;18;6;17;6;16;6;15;6;14;6;13;6;12;6;11;6;10;6;10;7;9;7;8;7;7;7
1;3;0;7;13;17;13;18;14;18;15;18;16;18;17;18;18;18;19;18;19;17;19;16;19;15;19;14;19;13;19;12;19;11;19;10;19;9;19;8;19;7;19;6;18;6;17;6;16;6;15;6;14;6;13;6;12;6;11;6;10;6;10;7;9;7;8;7;7;7;6;7
1;3;0;7;13;18;14;18;15;18;16;18;17;18;18;18;19;18;19;17;19;16;19;15;19;14;19;13;19;12;19;11;19;10;19;9;19;8;19;7;19;6;18;6;17;6;16;6;15;6;14;6;13;6;12;6;11;6;10;6;10;7;9;7;8;7;7;7;6;7;5;7
1;3;0;7;14;18;15;18;16;18;17;18;18;18;19;18;19;17;19;16;19;15;19;14;19;13;19;12;19;11;19;10;19;9;19;8;19;7;19;6;18;6;17;6;16;6;15;6;14;6;13;6;12;6;11;6;10;6;10;7;9;7;8;7;7;7;6;7;5;7;4;7
1;3;0;7;15;18;16;18;17;18;18;18;19;18;19;17;19;16;19;15;19;14;19;13;19;12;19;11;19;10;19;9;19;8;19;7;19;6;18;6;17;6;16;6;15;6;14;6;13;6;12;6;11;6;10;6;10;7;9;7;8;7;7;7;6;7;5;7;4;7;3;7
1;3;0;7;16;18;17;18;18;18;19;18;19;17;19;16;19;15;19;14;19;13;19;12;19;11;19;10;19;9;19;8;19;7;19;6;18;6;17;6;16;6;15;6;14;6;13;6;12;6;11;6;10;6;10;7;9;7;8;7;7;7;6;7;5;7;4;7;3;7;2;7
1;3;0;7;17;18;18;18;19;18;19;17;19;16;19;15;19;14;19;13;19;12;19;11;19;10;19;9;19;8;19;7;19;6;18;6;17;6;16;6;15;6;14;6;13;6;12;6;11;6;10;6;10;7;9;7;8;7;7;7;6;7;5;7;4;7;3;7;2;7;1;7
1;3;14;14;18;18;18;18;19;18;19;17;19;16;19;15;19;14;19;13;19;12;19;11;19;10;19;9;19;8;19;7;19;6;18;6;17;6;16;6;15;6;14;6;13;6;12;6;11;6;10;6;10;7;9;7;8;7;7;7;6;7;5;7;4;7;3;7;2;7;1;7;0;7
1;2;14;14;18;18;19;18;19;17;19;16;19;15;19;14;19;13;19;12;19;11;19;10;19;9;19;8;19;7;19;6;18;6;17;6;16;6;15;6;14;6;13;6;12;6;11;6;10;6;10;7;9;7;8;7;7;7;6;7;5;7;4;7;3;7;2;7;1;7;0;7;0;8
1;2;14;14;19;18;19;17;19;16;19;15;19;14;19;13;19;12;19;11;19;10;19;9;19;8;19;7;19;6;18;6;17;6;16;6;15;6;14;6;13;6;12;6;11;6;10;6;10;7;9;7;8;7;7;7;6;7;5;7;4;7;3;7;2;7;1;7;0;7;0;8;0;9
1;2;14;14;19;17;19;16;19;15;19;14;19;13;19;12;19;11;19;10;19;9;19;8;19;7;19;6;18;6;17;6;16;6;15;6;14;6;13;6;12;6;11;6;10;6;10;7;9;7;8;7;7;7;6;7;5;7;4;7;3;7;2;7;1;7;0;7;0;8;0;9;0;10
1;2;14;14;19;16;19;15;19;14;19;13;19;12;19;11;19;10;19;9;19;8;19;7;19;6;18;6;17;6;16;6;15;6;14;6;13;6;12;6;11;6;10;6;10;7;9;7;8;7;7;7;6;7;5;7;4;7;3;7;2;7;1;7;0;7;0;8;0;9;0;10;0;11
1;2;14;14;19;15;19;14;19;13;19;12;19;11;19;10;19;9;19;8;19;7;19;6;18;6;17;6;16;6;15;6;14;6;13;6;12;6;11;6;10;6;10;7;9;7;8;7;7;7;6;7;5;7;4;7;3;7;2;7;1;7;0;7;0;8;0;9;0;10;0;11;0;12
1;2;14;14;19;14;19;13;19;12;19;11;19;10;19;9;19;8;19;7;19;6;18;6;17;6;16;6;15;6;14;6;13;6;12;6;11;6;10;6;10;7;9;7;8;7;7;7;6;7;5;7;4;7;3;7;2;7;1;7;0;7;0;8;0;9;0;10;0;11;0;12;0;13
1;2;14;14;19;13;19;12;19;11;19;10;19;9;19;8;19;7;19;6;18;6;17;6;16;6;15;6;14;6;13;6;12;6;11;6;10;6;10;7;9;7;8;7;7;7;6;7;5;7;4;7;3;7;2;7;1;7;0;7;0;8;0;9;0;10;0;11;0;12;0;13;0;14
1;1;14;14;19;12;19;11;19;10;19;9;19;8;19;7;19;6;18;6;17;6;16;6;15;6;14;6;13;6;12;6;11;6;10;6;10;7;9;7;8;7;7;7;6;7;5;7;4;7;3;7;2;7;1;7;0;7;0;8;0;9;0;10;0;11;0;12;0;13;0;14;1;14
1;1;14;14;19;11;19;10;19;9;19;8;19;7;19;6;18;6;17;6;16;6;15;6;14;6;13;6;12;6;11;6;10;6;10;7;9;7;8;7;7;7;6;7;5;7;4;7;3;7;2;7;1;7;0;7;0;8;0;9;0;10;0;11;0;12;0;13;0;14;1;14;2;14
1;1;14;14;19;10;19;9;19;8;19;7;19;6;18;6;17;6;16;6;15;6;14;6;13;6;12;6;11;6;10;6;10;7;9;7;8;7;7;7;6;7;5;7;4;7;3;7;2;7;1;7;0;7;0;8;0;9;0;10;0;11;0;12;0;13;0;14;1;14;2;14;3;14
1;1;14;14;19;9;19;8;19;7;19;6;18;6;17;6;16;6;15;6;14;6;13;6;12;6;11;6;10;6;10;7;9;7;8;7;7;7;6;7;5;7;4;7;3;7;2;7;1;7;0;7;0;8;0;9;0;10;0;11;0;12;0;13;0;14;1;14;2;14;3;14;4;14
1;1;14;14;19;8;19;7;19;6;18;6;17;6;16;6;15;6;14;6;13;6;12;6;11;6;10;6;10;7;9;7;8;7;7;7;6;7;5;7;4;7;3;7;2;7;1;7;0;7;0;8;0;9;0;10;0;11;0;12;0;13;0;14;1;14;2;14;3;14;4;14;5;14
1;1;14;14;19;7;19;6;18;6;17;6;16;6;15;6;14;6;13;6;12;6;11;6;10;6;10;7;9;7;8;7;7;7;6;7;5;7;4;7;3;7;2;7;1;7;0;7;0;8;0;9;0;10;0;11;0;12;0;13;0;14;1;14;2;14;3;14;4;14;5;14;6;14
1;1;14;14;19;6;18;6;17;6;16;6;15;6;14;6;13;6;12;6;11;6;10;6;10;7;9;7;8;7;7;7;6;7;5;7;4;7;3;7;2;7;1;7;0;7;0;8;0;9;0;10;0;11;0;12;0;13;0;14;1;14;2;14;3;14;4;14;5;14;6;14;7;14
1;1;14;14;18;6;17;6;16;6;15;6;14;6;13;6;12;6;11;6;10;6;10;7;9;7;8;7;7;7;6;7;5;7;4;7;3;7;2;7;1;7;0;7;0;8;0;9;0;10;0;11;0;12;0;13;0;14;1;14;2;14;3;14;4;14;5;14;6;14;7;14;8;14
1;1;14;14;17;6;16;6;15;6;14;6;13;6;12;6;11;6;10;6;10;7;9;7;8;7;7;7;6;7;5;7;4;7;3;7;2;7;1;7;0;7;0;8;0;9;0;10;0;11;0;12;0;13;0;14;1;14;2;14;3;14;4;14;5;14;6;14;7;14;8;14;9;14
1;1;14;14;16;6;15;6;14;6;13;6;12;6;11;6;10;6;10;7;9;7;8;7;7;7;6;7;5;7;4;7;3;7;2;7;1;7;0;7;0;8;0;9;0;10;0;11;0;12;0;13;0;14;1;14;2;14;3;14;4;14;5;14;6;14;7;14;8;14;9;14;10;14
1;1;14;14;15;6;14;6;13;6;12;6;11;6;10;6;10;7;9;7;8;7;7;7;6;7;5;7;4;7;3;7;2;7;1;7;0;7;0;8;0;9;0;10;0;11;0;12;0;13;0;14;1;14;2;14;3;14;4;14;5;14;6;14;7;14;8;14;9;14;10;14;11;14
1;1;14;14;14;6;13;6;12;6;11;6;10;6;10;7;9;7;8;7;7;7;6;7;5;7;4;7;3;7;2;7;1;7;0;7;0;8;0;9;0;10;0;11;0;12;0;13;0;14;1;14;2;14;3;14;4;14;5;14;6;14;7;14;8;14;9;14;10;14;11;14;12;14
1;1;14;14;13;6;12;6;11;6;10;6;10;7;9;7;8;7;7;7;6;7;5;7;4;7;3;7;2;7;1;7;0;7;0;8;0;9;0;10;0;11;0;12;0;13;0;14;1;14;2;14;3;14;4;14;5;14;6;14;7;14;8;14;9;14;10;14;11;14;12;14;13;14
1;1;7;0;12;6;12;6;11;6;10;6;10;7;9;7;8;7;7;7;6;7;5;7;4;7;3;7;2;7;1;7;0;7;0;8;0;9;0;10;0;11;0;12;0;13;0;14;1;14;2;14;3;14;4;14;5;14;6;14;7;14;8;14;9;14;10;14;11;14;12;14;13;14;14;14
1;0;7;0;12;6;11;6;10;6;10;7;9;7;8;7;7;7;6;7;5;7;4;7;3;7;2;7;1;7;0;7;0;8;0;9;0;10;0;11;0;12;0;13;0;14;1;14;2;14;3;14;4;14;5;14;6;14;7;14;8;14;9;14;10;14;11;14;12;14;13;14;14;14;14;13
1;0;7;0;11;6;10;6;10;7;9;7;8;7;7;7;6;7;5;7;4;7;3;7;2;7;1;7;0;7;0;8;0;9;0;10;0;11;0;12;0;13;0;14;1;14;2;14;3;14;4;14;5;14;6;14;7;14;8;14;9;14;10;14;11;14;12;14;13;14;14;14;14;13;14;12
1;0;7;0;10;6;10;7;9;7;8;7;7;7;6;7;5;7;4;7;3;7;2;7;1;7;0;7;0;8;0;9;0;10;0;11;0;12;0;13;0;14;1;14;2;14;3;14;4;14;5;14;6;14;7;14;8;14;9;14;10;14;11;14;12;14;13;14;14;14;14;13;14;12;14;11
1;0;7;0;10;7;9;7;8;7;7;7;6;7;5;7;4;7;3;7;2;7;1;7;0;7;0;8;0;9;0;10;0;11;0;12;0;13;0;14;1;14;2;14;3;14;4;14;5;14;6;14;7;14;8;14;9;14;10;14;11;14;12;14;13;14;14;14;14;13;14;12;14;11;14;10
1;0;7;0;9;7;8;7;7;7;6;7;5;7;4;7;3;7;2;7;1;7;0;7;0;8;0;9;0;10;0;11;0;12;0;13;0;14;1;14;2;14;3;14;4;14;5;14;6;14;7;14;8;14;9;14;10;14;11;14;12;14;13;14;14;14;14;13;14;12;14;11;14;10;14;9
1;0;7;0;8;7;7;7;6;7;5;7;4;7;3;7;2;7;1;7;0;7;0;8;0;9;0;10;0;11;0;12;0;13;0;14;1;14;2;14;3;14;4;14;5;14;6;14;7;14;8;14;9;14;10;14;11;14;12;14;13;14;14;14;14;13;14;12;14;11;14;10;14;9;14;8
1;0;7;0;7;7;6;7;5;7;4;7;3;7;2;7;1;7;0;7;0;8;0;9;0;10;0;11;0;12;0;13;0;14;1;14;2;14;3;14;4;14;5;14;6;14;7;14;8;14;9;14;10;14;11;14;12;14;13;14;14;14;14;13;14;12;14;11;14;10;14;9;14;8;14;7
1;0;7;0;6;7;5;7;4;7;3;7;2;7;1;7;0;7;0;8;0;9;0;10;0;11;0;12;0;13;0;14;1;14;2;14;3;14;4;14;5;14;6;14;7;14;8;14;9;14;10;14;11;14;12;14;13;14;14;14;14;13;14;12;14;11;14;10;14;9;14;8;14;7;14;6
1;3;7;0;5;7;4;7;3;7;2;7;1;7;0;7;0;8;0;9;0;10;0;11;0;12;0;13;0;14;1;14;2;14;3;14;4;14;5;14;6;14;7;14;8;14;9;14;10;14;11;14;12;14;13;14;14;14;14;13;14;12;14;11;14;10;14;9;14;8;14;7;14;6;13;6
1;3;7;0;4;7;3;7;2;7;1;7;0;7;0;8;0;9;0;10;0;11;0;12;0;13;0;14;1;14;2;14;3;14;4;14;5;14;6;14;7;14;8;14;9;14;10;14;11;14;12;14;13;14;14;14;14;13;14;12;14;11;14;10;14;9;14;8;14;7;14;6;13;6;12;6
1;3;7;0;3;7;2;7;1;7;0;7;0;8;0;9;0;10;0;11;0;12;0;13;0;14;1;14;2;14;3;14;4;14;5;14;6;14;7;14;8;14;9;14;10;14;11;14;12;14;13;14;14;14;14;13;14;12;14;11;14;10;14;9;14;8;14;7;14;6;13;6;12;6;11;6
1;3;7;0;2;7;1;7;0;7;0;8;0;9;0;10;0;11;0;12;0;13;0;14;1;14;2;14;3;14;4;14;5;14;6;14;7;14;8;14;9;14;10;14;11;14;12;14;13;14;14;14;14;13;14;12;14;11;14;10;14;9;14;8;14;7;14;6;13;6;12;6;11;6;10;6
1;3;7;0;1;7;0;7;0;8;0;9;0;10;0;11;0;12;0;13;0;14;1;14;2;14;3;14;4;14;5;14;6;14;7;14;8;14;9;14;10;14;11;14;12;14;13;14;14;14;14;13;14;12;14;11;14;10;14;9;14;8;14;7;14;6;13;6;12;6;11;6;10;6;9;6
1;3;7;0;0;7;0;8;0;9;0;10;0;11;0;12;0;13;0;14;1;14;2;14;3;14;4;14;5;14;6;14;7;14;8;14;9;14;10;14;11;14;12;14;13;14;14;14;14;13;14;12;14;11;14;10;14;9;14;8;14;7;14;6;13;6;12;6;11;6;10;6;9;6;8;6
1;3;7;0;0;8;0;9;0;10;0;11;0;12;0;13;0;14;1;14;2;14;3;14;4;14;5;14;6;14;7;14;8;14;9;14;10;14;11;14;12;14;13;14;14;14;14;13;14;12;14;11;14;10;14;9;14;8;14;7;14;6;13;6;12;6;11;6;10;6;9;6;8;6;7;6
1;0;7;0;0;9;0;10;0;11;0;12;0;13;0;14;1;14;2;14;3;14;4;14;5;14;6;14;7;14;8;14;9;14;10;14;11;14;12;14;13;14;14;14;14;13;14;12;14;11;14;10;14;9;14;8;14;7;14;6;13;6;12;6;11;6;10;6;9;6;8;6;7;6;7;5
1;0;7;0;0;10;0;11;0;12;0;13;0;14;1;14;2;14;3;14;4;14;5;14;6;14;7;14;8;14;9;14;10;14;11;14;12;14;13;14;14;14;14;13;14;12;14;11;14;10;14;9;14;8;14;7;14;6;13;6;12;6;11;6;10;6;9;6;8;6;7;6;7;5;7;4
1;0;7;0;0;11;0;12;0;13;0;14;1;14;2;14;3;14;4;14;5;14;6;14;7;14;8;14;9;14;10;14;11;14;12;14;13;14;14;14;14;13;14;12;14;11;14;10;14;9;14;8;14;7;14;6;13;6;12;6;11;6;10;6;9;6;8;6;7;6;7;5;7;4;7;3
1;0;7;0;0;12;0;13;0;14;1;14;2;14;3;14;4;14;5;14;6;14;7;14;8;14;9;14;10;14;11;14;12;14;13;14;14;14;14;13;14;12;14;11;14;10;14;9;14;8;14;7;14;6;13;6;12;6;11;6;10;6;9;6;8;6;7;6;7;5;7;4;7;3;7;2
1;0;7;0;0;13;0;14;1;14;2;14;3;14;4;14;5;14;6;14;7;14;8;14;9;14;10;14;11;14;12;14;13;14;14;14;14;13;14;12;14;11;14;10;14;9;14;8;14;7;14;6;13;6;12;6;11;6;10;6;9;6;8;6;7;6;7;5;7;4;7;3;7;2;7;1
1;0;1;9;0;14;0;14;1;14;2;14;3;14;4;14;5;14;6;14;7;14;8;14;9;14;10;14;11;14;12;14;13;14;14;14;14;13;14;12;14;11;14;10;14;9;14;8;14;7;14;6;13;6;12;6;11;6;10;6;9;6;8;6;7;6;7;5;7;4;7;3;7;2;7;1;7;0
1;3;1;9;0;14;1;14;2;14;3;14;4;14;5;14;6;14;7;14;8;14;9;14;10;14;11;14;12;14;13;14;14;14;14;13;14;12;14;11;14;10;14;9;14;8;14;7;14;6;13;6;12;6;11;6;10;6;9;6;8;6;7;6;7;5;7;4;7;3;7;2;7;1;7;0;6;0
1;3;1;9;1;14;2;14;3;14;4;14;5;14;6;14;7;14;8;14;9;14;10;14;11;14;12;14;13;14;14;14;14;13;14;12;14;11;14;10;14;9;14;8;14;7;14;6;13;6;12;6;11;6;10;6;9;6;8;6;7;6;7;5;7;4;7;3;7;2;7;1;7;0;6;0;5;0
1;3;1;9;2;14;3;14;4;14;5;14;6;14;7;14;8;14;9;14;10;14;11;14;12;14;13;14;14;14;14;13;14;12;14;11;14;10;14;9;14;8;14;7;14;6;13;6;12;6;11;6;10;6;9;6;8;6;7;6;7;5;7;4;7;3;7;2;7;1;7;0;6;0;5;0;4;0
1;3;1;9;3;14;4;14;5;14;6;14;7;14;8;14;9;14;10;14;11;14;12;14;13;14;14;14;14;13;14;12;14;11;14;10;14;9;14;8;14;7;14;6;13;6;12;6;11;6;10;6;9;6;8;6;7;6;7;5;7;4;7;3;7;2;7;1;7;0;6;0;5;0;4;0;3;0
1;3;1;9;4;14;5;14;6;14;7;14;8;14;9;14;10;14;11;14;12;14;13;14;14;14;14;13;14;12;14;11;14;10;14;9;14;8;14;7;14;6;13;6;12;6;11;6;10;6;9;6;8;6;7;6;7;5;7;4;7;3;7;2;7;1;7;0;6;0;5;0;4;0;3;0;2;0
1;3;1;9;5;14;6;14;7;14;8;14;9;14;10;14;11;14;12;14;13;14;14;14;14;13;14;12;14;11;14;10;14;9;14;8;14;7;14;6;13;6;12;6;11;6;10;6;9;6;8;6;7;6;7;5;7;4;7;3;7;2;7;1;7;0;6;0;5;0;4;0;3;0;2;0;1;0
1;2;1;9;6;14;7;14;8;14;9;14;10;14;11;14;12;14;13;14;14;14;14;13;14;12;14;11;14;10;14;9;14;8;14;7;14;6;13;6;12;6;11;6;10;6;9;6;8;6;7;6;7;5;7;4;7;3;7;2;7;1;7;0;6;0;5;0;4;0;3;0;2;0;1;0;1;1
1;2;1;9;7;14;8;14;9;14;10;14;11;14;12;14;13;14;14;14;14;13;14;12;14;11;14;10;14;9;14;8;14;7;14;6;13;6;12;6;11;6;10;6;9;6;8;6;7;6;7;5;7;4;7;3;7;2;7;1;7;0;6;0;5;0;4;0;3;0;2;0;1;0;1;1;1;2
1;2;1;9;8;14;9;14;10;14;11;14;12;14;13;14;14;14;14;13;14;12;14;11;14;10;14;9;14;8;14;7;14;6;13;6;12;6;11;6;10;6;9;6;8;6;7;6;7;5;7;4;7;3;7;2;7;1;7;0;6;0;5;0;4;0;3;0;2;0;1;0;1;1;1;2;1;3
1;2;1;9;9;14;10;14;11;14;12;14;13;14;14;14;14;13;14;12;14;11;14;10;14;9;14;8;14;7;14;6;13;6;12;6;11;6;10;6;9;6;8;6;7;6;7;5;7;4;7;3;7;2;7;1;7;0;6;0;5;0;4;0;3;0;2;0;1;0;1;1;1;2;1;3;1;4
1;2;1;9;10;14;11;14;12;14;13;14;14;14;14;13;14;12;14;11;14;10;14;9;14;8;14;7;14;6;13;6;12;6;11;6;10;6;9;6;8;6;7;6;7;5;7;4;7;3;7;2;7;1;7;0;6;0;5;0;4;0;3;0;2;0;1;0;1;1;1;2;1;3;1;4;1;5
1;2;1;9;11;14;12;14;13;14;14;14;14;13;14;12;14;11;14;10;14;9;14;8;14;7;14;6;13;6;12;6;11;6;10;6;9;6;8;6;7;6;7;5;7;4;7;3;7;2;7;1;7;0;6;0;5;0;4;0;3;0;2;0;1;0;1;1;1;2;1;3;1;4;1;5;1;6
1;2;1;9;12;14;13;14;14;14;14;13;14;12;14;11;14;10;14;9;14;8;14;7;14;6;13;6;12;6;11;6;10;6;9;6;8;6;7;6;7;5;7;4;7;3;7;2;7;1;7;0;6;0;5;0;4;0;3;0;2;0;1;0;1;1;1;2;1;3;1;4;1;5;1;6;1;7
1;2;1;9;13;14;14;14;14;13;14;12;14;11;14;10;14;9;14;8;14;7;14;6;13;6;12;6;11;6;10;6;9;6;8;6;7;6;7;5;7;4;7;3;7;2;7;1;7;0;6;0;5;0;4;0;3;0;2;0;1;0;1;1;1;2;1;3;1;4;1;5;1;6;1;7;1;8
1;2;10;11;14;14;14;14;14;13;14;12;14;11;14;10;14;9;14;8;14;7;14;6;13;6;12;6;11;6;10;6;9;6;8;6;7;6;7;5;7;4;7;3;7;2;7;1;7;0;6;0;5;0;4;0;3;0;2;0;1;0;1;1;1;2;1;3;1;4;1;5;1;6;1;7;1;8;1;9
1;2;10;11;14;14;14;13;14;12;14;11;14;10;14;9;14;8;14;7;14;6;13;6;12;6;11;6;10;6;9;6;8;6;7;6;7;5;7;4;7;3;7;2;7;1;7;0;6;0;5;0;4;0;3;0;2;0;1;0;1;1;1;2;1;3;1;4;1;5;1;6;1;7;1;8;1;9;1;10
1;2;10;11;14;13;14;12;14;11;14;10;14;9;14;8;14;7;14;6;13;6;12;6;11;6;10;6;9;6;8;6;7;6;7;5;7;4;7;3;7;2;7;1;7;0;6;0;5;0;4;0;3;0;2;0;1;0;1;1;1;2;1;3;1;4;1;5;1;6;1;7;1;8;1;9;1;10;1;11
1;1;10;11;14;12;14;11;14;10;14;9;14;8;14;7;14;6;13;6;12;6;11;6;10;6;9;6;8;6;7;6;7;5;7;4;7;3;7;2;7;1;7;0;6;0;5;0;4;0;3;0;2;0;1;0;1;1;1;2;1;3;1;4;1;5;1;6;1;7;1;8;1;9;1;10;1;11;2;11
1;1;10;11;14;11;14;10;14;9;14;8;14;7;14;6;13;6;12;6;11;6;10;6;9;6;8;6;7;6;7;5;7;4;7;3;7;2;7;1;7;0;6;0;5;0;4;0;3;0;2;0;1;0;1;1;1;2;1;3;1;4;1;5;1;6;1;7;1;8;1;9;1;10;1;11;2;11;3;11
1;1;10;11;14;10;14;9;14;8;14;7;14;6;13;6;12;6;11;6;10;6;9;6;8;6;7;6;7;5;7;4;7;3;7;2;7;1;7;0;6;0;5;0;4;0;3;0;2;0;1;0;1;1;1;2;1;3;1;4;1;5;1;6;1;7;1;8;1;9;1;10;1;11;2;11;3;11;4;11
1;1;10;11;14;9;14;8;14;7;14;6;13;6;12;6;11;6;10;6;9;6;8;6;7;6;7;5;7;4;7;3;7;2;7;1;7;0;6;0;5;0;4;0;3;0;2;0;1;0;1;1;1;2;1;3;1;4;1;5;1;6;1;7;1;8;1;9;1;10;1;11;2;11;3;11;4;11;5;11
1;1;10;11;14;8;14;7;14;6;13;6;12;6;11;6;10;6;9;6;8;6;7;6;7;5;7;4;7;3;7;2;7;1;7;0;6;0;5;0;4;0;3;0;2;0;1;0;1;1;1;2;1;3;1;4;1;5;1;6;1;7;1;8;1;9;1;10;1;11;2;11;3;11;4;11;5;11;6;11
1;1;10;11;14;7;14;6;13;6;12;6;11;6;10;6;9;6;8;6;7;6;7;5;7;4;7;3;7;2;7;1;7;0;6;0;5;0;4;0;3;0;2;0;1;0;1;1;1;2;1;3;1;4;1;5;1;6;1;7;1;8;1;9;1;10;1;11;2;11;3;11;4;11;5;11;6;11;7;11
1;1;10;11;14;6;13;6;12;6;11;6;10;6;9;6;8;6;7;6;7;5;7;4;7;3;7;2;7;1;7;0;6;0;5;0;4;0;3;0;2;0;1;0;1;1;1;2;1;3;1;4;1;5;1;6;1;7;1;8;1;9;1;10;1;11;2;11;3;11;4;11;5;11;6;11;7;11;8;11
1;1;10;11;13;6;12;6;11;6;10;6;9;6;8;6;7;6;7;5;7;4;7;3;7;2;7;1;7;0;6;0;5;0;4;0;3;0;2;0;1;0;1;1;1;2;1;3;1;4;1;5;1;6;1;7;1;8;1;9;1;10;1;11;2;11;3;11;4;11;5;11;6;11;7;11;8;11;9;11
1;1;6;5;12;6;12;6;11;6;10;6;9;6;8;6;7;6;7;5;7;4;7;3;7;2;7;1;7;0;6;0;5;0;4;0;3;0;2;0;1;0;1;1;1;2;1;3;1;4;1;5;1;6;1;7;1;8;1;9;1;10;1;11;2;11;3;11;4;11;5;11;6;11;7;11;8;11;9;11;10;11
1;0;6;5;12;6;11;6;10;6;9;6;8;6;7;6;7;5;7;4;7;3;7;2;7;1;7;0;6;0;5;0;4;0;3;0;2;0;1;0;1;1;1;2;1;3;1;4;1;5;1;6;1;7;1;8;1;9;1;10;1;11;2;11;3;11;4;11;5;11;6;11;7;11;8;11;9;11;10;11;10;10
1;3;6;5;11;6;10;6;9;6;8;6;7;6;7;5;7;4;7;3;7;2;7;1;7;0;6;0;5;0;4;0;3;0;2;0;1;0;1;1;1;2;1;3;1;4;1;5;1;6;1;7;1;8;1;9;1;10;1;11;2;11;3;11;4;11;5;11;6;11;7;11;8;11;9;11;10;11;10;10;9;10
1;3;6;5;10;6;9;6;8;6;7;6;7;5;7;4;7;3;7;2;7;1;7;0;6;0;5;0;4;0;3;0;2;0;1;0;1;1;1;2;1;3;1;4;1;5;1;6;1;7;1;8;1;9;1;10;1;11;2;11;3;11;4;11;5;11;6;11;7;11;8;11;9;11;10;11;10;10;9;10;8;10
1;3;6;5;9;6;8;6;7;6;7;5;7;4;7;3;7;2;7;1;7;0;6;0;5;0;4;0;3;0;2;0;1;0;1;1;1;2;1;3;1;4;1;5;1;6;1;7;1;8;1;9;1;10;1;11;2;11;3;11;4;11;5;11;6;11;7;11;8;11;9;11;10;11;10;10;9;10;8;10;7;10
1;3;6;5;8;6;7;6;7;5;7;4;7;3;7;2;7;1;7;0;6;0;5;0;4;0;3;0;2;0;1;0;1;1;1;2;1;3;1;4;1;5;1;6;1;7;1;8;1;9;1;10;1;11;2;11;3;11;4;11;5;11;6;11;7;11;8;11;9;11;10;11;10;10;9;10;8;10;7;10;6;10
1;0;6;5;7;6;7;5;7;4;7;3;7;2;7;1;7;0;6;0;5;0;4;0;3;0;2;0;1;0;1;1;1;2;1;3;1;4;1;5;1;6;1;7;1;8;1;9;1;10;1;11;2;11;3;11;4;11;5;11;6;11;7;11;8;11;9;11;10;11;10;10;9;10;8;10;7;10;6;10;6;9
1;0;6;5;7;5;7;4;7;3;7;2;7;1;7;0;6;0;5;0;4;0;3;0;2;0;1;0;1;1;1;2;1;3;1;4;1;5;1;6;1;7;1;8;1;9;1;10;1;11;2;11;3;11;4;11;5;11;6;11;7;11;8;11;9;11;10;11;10;10;9;10;8;10;7;10;6;10;6;9;6;8
1;0;6;5;7;4;7;3;7;2;7;1;7;0;6;0;5;0;4;0;3;0;2;0;1;0;1;1;1;2;1;3;1;4;1;5;1;6;1;7;1;8;1;9;1;10;1;11;2;11;3;11;4;11;5;11;6;11;7;11;8;11;9;11;10;11;10;10;9;10;8;10;7;10;6;10;6;9;6;8;6;7
1;0;6;5;7;3;7;2;7;1;7;0;6;0;5;0;4;0;3;0;2;0;1;0;1;1;1;2;1;3;1;4;1;5;1;6;1;7;1;8;1;9;1;10;1;11;2;11;3;11;4;11;5;11;6;11;7;11;8;11;9;11;10;11;10;10;9;10;8;10;7;10;6;10;6;9;6;8;6;7;6;6
1;0;9;6;7;2;7;2;7;1;7;0;6;0;5;0;4;0;3;0;2;0;1;0;1;1;1;2;1;3;1;4;1;5;1;6;1;7;1;8;1;9;1;10;1;11;2;11;3;11;4;11;5;11;6;11;7;11;8;11;9;11;10;11;10;10;9;10;8;10;7;10;6;10;6;9;6;8;6;7;6;6;6;5
1;1;9;6;7;2;7;1;7;0;6;0;5;0;4;0;3;0;2;0;1;0;1;1;1;2;1;3;1;4;1;5;1;6;1;7;1;8;1;9;1;10;1;11;2;11;3;11;4;11;5;11;6;11;7;11;8;11;9;11;10;11;10;10;9;10;8;10;7;10;6;10;6;9;6;8;6;7;6;6;6;5;7;5
1;1;9;6;7;1;7;0;6;0;5;0;4;0;3;0;2;0;1;0;1;1;1;2;1;3;1;4;1;5;1;6;1;7;1;8;1;9;1;10;1;11;2;11;3;11;4;11;5;11;6;11;7;11;8;11;9;11;10;11;10;10;9;10;8;10;7;10;6;10;6;9;6;8;6;7;6;6;6;5;7;5;8;5
1;1;9;6;7;0;6;0;5;0;4;0;3;0;2;0;1;0;1;1;1;2;1;3;1;4;1;5;1;6;1;7;1;8;1;9;1;10;1;11;2;11;3;11;4;11;5;11;6;11;7;11;8;11;9;11;10;11;10;10;9;10;8;10;7;10;6;10;6;9;6;8;6;7;6;6;6;5;7;5;8;5;9;5
1;2;17;1;6;0;6;0;5;0;4;0;3;0;2;0;1;0;1;1;1;2;1;3;1;4;1;5;1;6;1;7;1;8;1;9;1;10;1;11;2;11;3;11;4;11;5;11;6;11;7;11;8;11;9;11;10;11;10;10;9;10;8;10;7;10;6;10;6;9;6;8;6;7;6;6;6;5;7;5;8;5;9;5;9;6
1;1;17;1;6;0;5;0;4;0;3;0;2;0;1;0;1;1;1;2;1;3;1;4;1;5;1;6;1;7;1;8;1;9;1;10;1;11;2;11;3;11;4;11;5;11;6;11;7;11;8;11;9;11;10;11;10;10;9;10;8;10;7;10;6;10;6;9;6;8;6;7;6;6;6;5;7;5;8;5;9;5;9;6;10;6
1;1;17;1;5;0;4;0;3;0;2;0;1;0;1;1;1;2;1;3;1;4;1;5;1;6;1;7;1;8;1;9;1;10;1;11;2;11;3;11;4;11;5;11;6;11;7;11;8;11;9;11;10;11;10;10;9;10;8;10;7;10;6;10;6;9;6;8;6;7;6;6;6;5;7;5;8;5;9;5;9;6;10;6;11;6
1;0;17;1;4;0;3;0;2;0;1;0;1;1;1;2;1;3;1;4;1;5;1;6;1;7;1;8;1;9;1;10;1;11;2;11;3;11;4;11;5;11;6;11;7;11;8;11;9;11;10;11;10;10;9;10;8;10;7;10;6;10;6;9;6;8;6;7;6;6;6;5;7;5;8;5;9;5;9;6;10;6;11;6;11;5
1;0;17;1;3;0;2;0;1;0;1;1;1;2;1;3;1;4;1;5;1;6;1;7;1;8;1;9;1;10;1;11;2;11;3;11;4;11;5;11;6;11;7;11;8;11;9;11;10;11;10;10;9;10;8;10;7;10;6;10;6;9;6;8;6;7;6;6;6;5;7;5;8;5;9;5;9;6;10;6;11;6;11;5;11;4
1;1;17;1;2;0;1;0;1;1;1;2;1;3;1;4;1;5;1;6;1;7;1;8;1;9;1;10;1;11;2;11;3;11;4;11;5;11;6;11;7;11;8;11;9;11;10;11;10;10;9;10;8;10;7;10;6;10;6;9;6;8;6;7;6;6;6;5;7;5;8;5;9;5;9;6;10;6;11;6;11;5;11;4;12;4
1;0;17;1;1;0;1;1;1;2;1;3;1;4;1;5;1;6;1;7;1;8;1;9;1;10;1;11;2;11;3;11;4;11;5;11;6;11;7;11;8;11;9;11;10;11;10;10;9;10;8;10;7;10;6;10;6;9;6;8;6;7;6;6;6;5;7;5;8;5;9;5;9;6;10;6;11;6;11;5;11;4;12;4;12;3
1;1;17;1;1;1;1;2;1;3;1;4;1;5;1;6;1;7;1;8;1;9;1;10;1;11;2;11;3;11;4;11;5;11;6;11;7;11;8;11;9;11;10;11;10;10;9;10;8;10;7;10;6;10;6;9;6;8;6;7;6;6;6;5;7;5;8;5;9;5;9;6;10;6;11;6;11;5;11;4;12;4;12;3;13;3
1;0;17;1;1;2;1;3;1;4;1;5;1;6;1;7;1;8;1;9;1;10;1;11;2;11;3;11;4;11;5;11;6;11;7;11;8;11;9;11;10;11;10;10;9;10;8;10;7;10;6;10;6;9;6;8;6;7;6;6;6;5;7;5;8;5;9;5;9;6;10;6;11;6;11;5;11;4;12;4;12;3;13;3;13;2
1;1;17;1;1;3;1;4;1;5;1;6;1;7;1;8;1;9;1;10;1;11;2;11;3;11;4;11;5;11;6;11;7;11;8;11;9;11;10;11;10;10;9;10;8;10;7;10;6;10;6;9;6;8;6;7;6;6;6;5;7;5;8;5;9;5;9;6;10;6;11;6;11;5;11;4;12;4;12;3;13;3;13;2;14;2
1;0;17;1;1;4;1;5;1;6;1;7;1;8;1;9;1;10;1;11;2;11;3;11;4;11;5;11;6;11;7;11;8;11;9;11;10;11;10;10;9;10;8;10;7;10;6;10;6;9;6;8;6;7;6;6;6;5;7;5;8;5;9;5;9;6;10;6;11;6;11;5;11;4;12;4;12;3;13;3;13;2;14;2;14;1
1;1;17;1;1;5;1;6;1;7;1;8;1;9;1;10;1;11;2;11;3;11;4;11;5;11;6;11;7;11;8;11;9;11;10;11;10;10;9;10;8;10;7;10;6;10;6;9;6;8;6;7;6;6;6;5;7;5;8;5;9;5;9;6;10;6;11;6;11;5;11;4;12;4;12;3;13;3;13;2;14;2;14;1;15;1
1;1;17;1;1;6;1;7;1;8;1;9;1;10;1;11;2;11;3;11;4;11;5;11;6;11;7;11;8;11;9;11;10;11;10;10;9;10;8;10;7;10;6;10;6;9;6;8;6;7;6;6;6;5;7;5;8;5;9;5;9;6;10;6;11;6;11;5;11;4;12;4;12;3;13;3;13;2;14;2;14;1;15;1;16;1
1;1;15;4;1;7;1;7;1;8;1;9;1;10;1;11;2;11;3;11;4;11;5;11;6;11;7;11;8;11;9;11;10;11;10;10;9;10;8;10;7;10;6;10;6;9;6;8;6;7;6;6;6;5;7;5;8;5;9;5;9;6;10;6;11;6;11;5;11;4;12;4;12;3;13;3;13;2;14;2;14;1;15;1;16;1;17;1
1;2;15;4;1;7;1;8;1;9;1;10;1;11;2;11;3;11;4;11;5;11;6;11;7;11;8;11;9;11;10;11;10;10;9;10;8;10;7;10;6;10;6;9;6;8;6;7;6;6;6;5;7;5;8;5;9;5;9;6;10;6;11;6;11;5;11;4;12;4;12;3;13;3;13;2;14;2;14;1;15;1;16;1;17;1;17;2
1;2;15;4;1;8;1;9;1;10;1;11;2;11;3;11;4;11;5;11;6;11;7;11;8;11;9;11;10;11;10;10;9;10;8;10;7;10;6;10;6;9;6;8;6;7;6;6;6;5;7;5;8;5;9;5;9;6;10;6;11;6;11;5;11;4;12;4;12;3;13;3;13;2;14;2;14;1;15;1;16;1;17;1;17;2;17;3
1;2;15;4;1;9;1;10;1;11;2;11;3;11;4;11;5;11;6;11;7;11;8;11;9;11;10;11;10;10;9;10;8;10;7;10;6;10;6;9;6;8;6;7;6;6;6;5;7;5;8;5;9;5;9;6;10;6;11;6;11;5;11;4;12;4;12;3;13;3;13;2;14;2;14;1;15;1;16;1;17;1;17;2;17;3;17;4
1;3;15;4;1;10;1;11;2;11;3;11;4;11;5;11;6;11;7;11;8;11;9;11;10;11;10;10;9;10;8;10;7;10;6;10;6;9;6;8;6;7;6;6;6;5;7;5;8;5;9;5;9;6;10;6;11;6;11;5;11;4;12;4;12;3;13;3;13;2;14;2;14;1;15;1;16;1;17;1;17;2;17;3;17;4;16;4
1;3;12;15;1;11;1;11;2;11;3;11;4;11;5;11;6;11;7;11;8;11;9;11;10;11;10;10;9;10;8;10;7;10;6;10;6;9;6;8;6;7;6;6;6;5;7;5;8;5;9;5;9;6;10;6;11;6;11;5;11;4;12;4;12;3;13;3;13;2;14;2;14;1;15;1;16;1;17;1;17;2;17;3;17;4;16;4;15;4
1;2;12;15;1;11;2;11;3;11;4;11;5;11;6;11;7;11;8;11;9;11;10;11;10;10;9;10;8;10;7;10;6;10;6;9;6;8;6;7;6;6;6;5;7;5;8;5;9;5;9;6;10;6;11;6;11;5;11;4;12;4;12;3;13;3;13;2;14;2;14;1;15;1;16;1;17;1;17;2;17;3;17;4;16;4;15;4;15;5
1;2;12;15;2;11;3;11;4;11;5;11;6;11;7;11;8;11;9;11;10;11;10;10;9;10;8;10;7;10;6;10;6;9;6;8;6;7;6;6;6;5;7;5;8;5;9;5;9;6;10;6;11;6;11;5;11;4;12;4;12;3;13;3;13;2;14;2;14;1;15;1;16;1;17;1;17;2;17;3;17;4;16;4;15;4;15;5;15;6
1;2;12;15;3;11;4;11;5;11;6;11;7;11;8;11;9;11;10;11;10;10;9;10;8;10;7;10;6;10;6;9;6;8;6;7;6;6;6;5;7;5;8;5;9;5;9;6;10;6;11;6;11;5;11;4;12;4;12;3;13;3;13;2;14;2;14;1;15;1;16;1;17;1;17;2;17;3;17;4;16;4;15;4;15;5;15;6;15;7
1;3;12;15;4;11;5;11;6;11;7;11;8;11;9;11;10;11;10;10;9;10;8;10;7;10;6;10;6;9;6;8;6;7;6;6;6;5;7;5;8;5;9;5;9;6;10;6;11;6;11;5;11;4;12;4;12;3;13;3;13;2;14;2;14;1;15;1;16;1;17;1;17;2;17;3;17;4;16;4;15;4;15;5;15;6;15;7;14;7
1;2;12;15;5;11;6;11;7;11;8;11;9;11;10;11;10;10;9;10;8;10;7;10;6;10;6;9;6;8;6;7;6;6;6;5;7;5;8;5;9;5;9;6;10;6;11;6;11;5;11;4;12;4;12;3;13;3;13;2;14;2;14;1;15;1;16;1;17;1;17;2;17;3;17;4;16;4;15;4;15;5;15;6;15;7;14;7;14;8
1;3;12;15;6;11;7;11;8;11;9;11;10;11;10;10;9;10;8;10;7;10;6;10;6;9;6;8;6;7;6;6;6;5;7;5;8;5;9;5;9;6;10;6;11;6;11;5;11;4;12;4;12;3;13;3;13;2;14;2;14;1;15;1;16;1;17;1;17;2;17;3;17;4;16;4;15;4;15;5;15;6;15;7;14;7;14;8;13;8
1;3;12;15;7;11;8;11;9;11;10;11;10;10;9;10;8;10;7;10;6;10;6;9;6;8;6;7;6;6;6;5;7;5;8;5;9;5;9;6;10;6;11;6;11;5;11;4;12;4;12;3;13;3;13;2;14;2;14;1;15;1;16;1;17;1;17;2;17;3;17;4;16;4;15;4;15;5;15;6;15;7;14;7;14;8;13;8;12;8
1;2;12;15;8;11;9;11;10;11;10;10;9;10;8;10;7;10;6;10;6;9;6;8;6;7;6;6;6;5;7;5;8;5;9;5;9;6;10;6;11;6;11;5;11;4;12;4;12;3;13;3;13;2;14;2;14;1;15;1;16;1;17;1;17;2;17;3;17;4;16;4;15;4;15;5;15;6;15;7;14;7;14;8;13;8;12;8;12;9
1;2;12;15;9;11;10;11;10;10;9;10;8;10;7;10;6;10;6;9;6;8;6;7;6;6;6;5;7;5;8;5;9;5;9;6;10;6;11;6;11;5;11;4;12;4;12;3;13;3;13;2;14;2;14;1;15;1;16;1;17;1;17;2;17;3;17;4;16;4;15;4;15;5;15;6;15;7;14;7;14;8;13;8;12;8;12;9;12;10
1;2;12;15;10;11;10;10;9;10;8;10;7;10;6;10;6;9;6;8;6;7;6;6;6;5;7;5;8;5;9;5;9;6;10;6;11;6;11;5;11;4;12;4;12;3;13;3;13;2;14;2;14;1;15;1;16;1;17;1;17;2;17;3;17;4;16;4;15;4;15;5;15;6;15;7;14;7;14;8;13;8;12;8;12;9;12;10;12;11
1;2;12;15;10;10;9;10;8;10;7;10;6;10;6;9;6;8;6;7;6;6;6;5;7;5;8;5;9;5;9;6;10;6;11;6;11;5;11;4;12;4;12;3;13;3;13;2;14;2;14;1;15;1;16;1;17;1;17;2;17;3;17;4;16;4;15;4;15;5;15;6;15;7;14;7;14;8;13;8;12;8;12;9;12;10;12;11;12;12
1;2;12;15;9;10;8;10;7;10;6;10;6;9;6;8;6;7;6;6;6;5;7;5;8;5;9;5;9;6;10;6;11;6;11;5;11;4;12;4;12;3;13;3;13;2;14;2;14;1;15;1;16;1;17;1;17;2;17;3;17;4;16;4;15;4;15;5;15;6;15;7;14;7;14;8;13;8;12;8;12;9;12;10;12;11;12;12;12;13
1;2;12;15;8;10;7;10;6;10;6;9;6;8;6;7;6;6;6;5;7;5;8;5;9;5;9;6;10;6;11;6;11;5;11;4;12;4;12;3;13;3;13;2;14;2;14;1;15;1;16;1;17;1;17;2;17;3;17;4;16;4;15;4;15;5;15;6;15;7;14;7;14;8;13;8;12;8;12;9;12;10;12;11;12;12;12;13;12;14
1;2;16;13;7;10;7;10;6;10;6;9;6;8;6;7;6;6;6;5;7;5;8;5;9;5;9;6;10;6;11;6;11;5;11;4;12;4;12;3;13;3;13;2;14;2;14;1;15;1;16;1;17;1;17;2;17;3;17;4;16;4;15;4;15;5;15;6;15;7;14;7;14;8;13;8;12;8;12;9;12;10;12;11;12;12;12;13;12;14;12;15
1;1;16;13;7;10;6;10;6;9;6;8;6;7;6;6;6;5;7;5;8;5;9;5;9;6;10;6;11;6;11;5;11;4;12;4;12;3;13;3;13;2;14;2;14;1;15;1;16;1;17;1;17;2;17;3;17;4;16;4;15;4;15;5;15;6;15;7;14;7;14;8;13;8;12;8;12;9;12;10;12;11;12;12;12;13;12;14;12;15;13;15
1;0;16;13;6;10;6;9;6;8;6;7;6;6;6;5;7;5;8;5;9;5;9;6;10;6;11;6;11;5;11;4;12;4;12;3;13;3;13;2;14;2;14;1;15;1;16;1;17;1;17;2;17;3;17;4;16;4;15;4;15;5;15;6;15;7;14;7;14;8;13;8;12;8;12;9;12;10;12;11;12;12;12;13;12;14;12;15;13;15;13;14
1;0;16;13;6;9;6;8;6;7;6;6;6;5;7;5;8;5;9;5;9;6;10;6;11;6;11;5;11;4;12;4;12;3;13;3;13;2;14;2;14;1;15;1;16;1;17;1;17;2;17;3;17;4;16;4;15;4;15;5;15;6;15;7;14;7;14;8;13;8;12;8;12;9;12;10;12;11;12;12;12;13;12;14;12;15;13;15;13;14;13;13
1;1;16;13;6;8;6;7;6;6;6;5;7;5;8;5;9;5;9;6;10;6;11;6;11;5;11;4;12;4;12;3;13;3;13;2;14;2;14;1;15;1;16;1;17;1;17;2;17;3;17;4;16;4;15;4;15;5;15;6;15;7;14;7;14;8;13;8;12;8;12;9;12;10;12;11;12;12;12;13;12;14;12;15;13;15;13;14;13;13;14;13
1;1;16;13;6;7;6;6;6;5;7;5;8;5;9;5;9;6;10;6;11;6;11;5;11;4;12;4;12;3;13;3;13;2;14;2;14;1;15;1;16;1;17;1;17;2;17;3;17;4;16;4;15;4;15;5;15;6;15;7;14;7;14;8;13;8;12;8;12;9;12;10;12;11;12;12;12;13;12;14;12;15;13;15;13;14;13;13;14;13;15;13
1;1;6;10;6;6;6;6;6;5;7;5;8;5;9;5;9;6;10;6;11;6;11;5;11;4;12;4;12;3;13;3;13;2;14;2;14;1;15;1;16;1;17;1;17;2;17;3;17;4;16;4;15;4;15;5;15;6;15;7;14;7;14;8;13;8;12;8;12;9;12;10;12;11;12;12;12;13;12;14;12;15;13;15;13;14;13;13;14;13;15;13;16;13
1;0;6;10;6;6;6;5;7;5;8;5;9;5;9;6;10;6;11;6;11;5;11;4;12;4;12;3;13;3;13;2;14;2;14;1;15;1;16;1;17;1;17;2;17;3;17;4;16;4;15;4;15;5;15;6;15;7;14;7;14;8;13;8;12;8;12;9;12;10;12;11;12;12;12;13;12;14;12;15;13;15;13;14;13;13;14;13;15;13;16;13;16;12
1;0;6;10;6;5;7;5;8;5;9;5;9;6;10;6;11;6;11;5;11;4;12;4;12;3;13;3;13;2;14;2;14;1;15;1;16;1;17;1;17;2;17;3;17;4;16;4;15;4;15;5;15;6;15;7;14;7;14;8;13;8;12;8;12;9;12;10;12;11;12;12;12;13;12;14;12;15;13;15;13;14;13;13;14;13;15;13;16;13;16;12;16;11
1;3;6;10;7;5;8;5;9;5;9;6;10;6;11;6;11;5;11;4;12;4;12;3;13;3;13;2;14;2;14;1;15;1;16;1;17;1;17;2;17;3;17;4;16;4;15;4;15;5;15;6;15;7;14;7;14;8;13;8;12;8;12;9;12;10;12;11;12;12;12;13;12;14;12;15;13;15;13;14;13;13;14;13;15;13;16;13;16;12;16;11;15;11
1;3;6;10;8;5;9;5;9;6;10;6;11;6;11;5;11;4;12;4;12;3;13;3;13;2;14;2;14;1;15;1;16;1;17;1;17;2;17;3;17;4;16;4;15;4;15;5;15;6;15;7;14;7;14;8;13;8;12;8;12;9;12;10;12;11;12;12;12;13;12;14;12;15;13;15;13;14;13;13;14;13;15;13;16;13;16;12;16;11;15;11;14;11
1;3;6;10;9;5;9;6;10;6;11;6;11;5;11;4;12;4;12;3;13;3;13;2;14;2;14;1;15;1;16;1;17;1;17;2;17;3;17;4;16;4;15;4;15;5;15;6;15;7;14;7;14;8;13;8;12;8;12;9;12;10;12;11;12;12;12;13;12;14;12;15;13;15;13;14;13;13;14;13;15;13;16;13;16;12;16;11;15;11;14;11;13;11
1;0;6;10;9;6;10;6;11;6;11;5;11;4;12;4;12;3;13;3;13;2;14;2;14;1;15;1;16;1;17;1;17;2;17;3;17;4;16;4;15;4;15;5;15;6;15;7;14;7;14;8;13;8;12;8;12;9;12;10;12;11;12;12;12;13;12;14;12;15;13;15;13;14;13;13;14;13;15;13;16;13;16;12;16;11;15;11;14;11;13;11;13;10
1;1;6;10;10;6;11;6;11;5;11;4;12;4;12;3;13;3;13;2;14;2;14;1;15;1;16;1;17;1;17;2;17;3;17;4;16;4;15;4;15;5;15;6;15;7;14;7;14;8;13;8;12;8;12;9;12;10;12;11;12;12;12;13;12;14;12;15;13;15;13;14;13;13;14;13;15;13;16;13;16;12;16;11;15;11;14;11;13;11;13;10;14;10
1;1;6;10;11;6;11;5;11;4;12;4;12;3;13;3;13;2;14;2;14;1;15;1;16;1;17;1;17;2;17;3;17;4;16;4;15;4;15;5;15;6;15;7;14;7;14;8;13;8;12;8;12;9;12;10;12;11;12;12;12;13;12;14;12;15;13;15;13;14;13;13;14;13;15;13;16;13;16;12;16;11;15;11;14;11;13;11;13;10;14;10;15;10
1;1;6;10;11;5;11;4;12;4;12;3;13;3;13;2;14;2;14;1;15;1;16;1;17;1;17;2;17;3;17;4;16;4;15;4;15;5;15;6;15;7;14;7;14;8;13;8;12;8;12;9;12;10;12;11;12;12;12;13;12;14;12;15;13;15;13;14;13;13;14;13;15;13;16;13;16;12;16;11;15;11;14;11;13;11;13;10;14;10;15;10;16;10
1;1;6;10;11;4;12;4;12;3;13;3;13;2;14;2;14;1;15;1;16;1;17;1;17;2;17;3;17;4;16;4;15;4;15;5;15;6;15;7;14;7;14;8;13;8;12;8;12;9;12;10;12;11;12;12;12;13;12;14;12;15;13;15;13;14;13;13;14;13;15;13;16;13;16;12;16;11;15;11;14;11;13;11;13;10;14;10;15;10;16;10;17;10
1;2;6;10;12;4;12;3;13;3;13;2;14;2;14;1;15;1;16;1;17;1;17;2;17;3;17;4;16;4;15;4;15;5;15;6;15;7;14;7;14;8;13;8;12;8;12;9;12;10;12;11;12;12;12;13;12;14;12;15;13;15;13;14;13;13;14;13;15;13;16;13;16;12;16;11;15;11;14;11;13;11;13;10;14;10;15;10;16;10;17;10;17;11
1;2;6;10;12;3;13;3;13;2;14;2;14;1;15;1;16;1;17;1;17;2;17;3;17;4;16;4;15;4;15;5;15;6;15;7;14;7;14;8;13;8;12;8;12;9;12;10;12;11;12;12;12;13;12;14;12;15;13;15;13;14;13;13;14;13;15;13;16;13;16;12;16;11;15;11;14;11;13;11;13;10;14;10;15;10;16;10;17;10;17;11;17;12
1;1;6;10;13;3;13;2;14;2;14;1;15;1;16;1;17;1;17;2;17;3;17;4;16;4;15;4;15;5;15;6;15;7;14;7;14;8;13;8;12;8;12;9;12;10;12;11;12;12;12;13;12;14;12;15;13;15;13;14;13;13;14;13;15;13;16;13;16;12;16;11;15;11;14;11;13;11;13;10;14;10;15;10;16;10;17;10;17;11;17;12;18;12
1;0;6;10;13;2;14;2;14;1;15;1;16;1;17;1;17;2;17;3;17;4;16;4;15;4;15;5;15;6;15;7;14;7;14;8;13;8;12;8;12;9;12;10;12;11;12;12;12;13;12;14;12;15;13;15;13;14;13;13;14;13;15;13;16;13;16;12;16;11;15;11;14;11;13;11;13;10;14;10;15;10;16;10;17;10;17;11;17;12;18;12;18;11
1;0;6;10;14;2;14;1;15;1;16;1;17;1;17;2;17;3;17;4;16;4;15;4;15;5;15;6;15;7;14;7;14;8;13;8;12;8;12;9;12;10;12;11;12;12;12;13;12;14;12;15;13;15;13;14;13;13;14;13;15;13;16;13;16;12;16;11;15;11;14;11;13;11;13;10;14;10;15;10;16;10;17;10;17;11;17;12;18;12;18;11;18;10
1;0;6;10;14;1;15;1;16;1;17;1;17;2;17;3;17;4;16;4;15;4;15;5;15;6;15;7;14;7;14;8;13;8;12;8;12;9;12;10;12;11;12;12;12;13;12;14;12;15;13;15;13;14;13;13;14;13;15;13;16;13;16;12;16;11;15;11;14;11;13;11;13;10;14;10;15;10;16;10;17;10;17;11;17;12;18;12;18;11;18;10;18;9
1;0;6;10;15;1;16;1;17;1;17;2;17;3;17;4;16;4;15;4;15;5;15;6;15;7;14;7;14;8;13;8;12;8;12;9;12;10;12;11;12;12;12;13;12;14;12;15;13;15;13;14;13;13;14;13;15;13;16;13;16;12;16;11;15;11;14;11;13;11;13;10;14;10;15;10;16;10;17;10;17;11;17;12;18;12;18;11;18;10;18;9;18;8
1;0;6;10;16;1;17;1;17;2;17;3;17;4;16;4;15;4;15;5;15;6;15;7;14;7;14;8;13;8;12;8;12;9;12;10;12;11;12;12;12;13;12;14;12;15;13;15;13;14;13;13;14;13;15;13;16;13;16;12;16;11;15;11;14;11;13;11;13;10;14;10;15;10;16;10;17;10;17;11;17;12;18;12;18;11;18;10;18;9;18;8;18;7
1;0;6;10;17;1;17;2;17;3;17;4;16;4;15;4;15;5;15;6;15;7;14;7;14;8;13;8;12;8;12;9;12;10;12;11;12;12;12;13;12;14;12;15;13;15;13;14;13;13;14;13;15;13;16;13;16;12;16;11;15;11;14;11;13;11;13;10;14;10;15;10;16;10;17;10;17;11;17;12;18;12;18;11;18;10;18;9;18;8;18;7;18;6
1;0;6;10;17;2;17;3;17;4;16;4;15;4;15;5;15;6;15;7;14;7;14;8;13;8;12;8;12;9;12;10;12;11;12;12;12;13;12;14;12;15;13;15;13;14;13;13;14;13;15;13;16;13;16;12;16;11;15;11;14;11;13;11;13;10;14;10;15;10;16;10;17;10;17;11;17;12;18;12;18;11;18;10;18;9;18;8;18;7;18;6;18;5
1;0;6;10;17;3;17;4;16;4;15;4;15;5;15;6;15;7;14;7;14;8;13;8;12;8;12;9;12;10;12;11;12;12;12;13;12;14;12;15;13;15;13;14;13;13;14;13;15;13;16;13;16;12;16;11;15;11;14;11;13;11;13;10;14;10;15;10;16;10;17;10;17;11;17;12;18;12;18;11;18;10;18;9;18;8;18;7;18;6;18;5;18;4
1;0;6;10;17;4;16;4;15;4;15;5;15;6;15;7;14;7;14;8;13;8;12;8;12;9;12;10;12;11;12;12;12;13;12;14;12;15;13;15;13;14;13;13;14;13;15;13;16;13;16;12;16;11;15;11;14;11;13;11;13;10;14;10;15;10;16;10;17;10;17;11;17;12;18;12;18;11;18;10;18;9;18;8;18;7;18;6;18;5;18;4;18;3
1;3;6;10;16;4;15;4;15;5;15;6;15;7;14;7;14;8;13;8;12;8;12;9;12;10;12;11;12;12;12;13;12;14;12;15;13;15;13;14;13;13;14;13;15;13;16;13;16;12;16;11;15;11;14;11;13;11;13;10;14;10;15;10;16;10;17;10;17;11;17;12;18;12;18;11;18;10;18;9;18;8;18;7;18;6;18;5;18;4;18;3;17;3
1;2;6;10;15;4;15;5;15;6;15;7;14;7;14;8;13;8;12;8;12;9;12;10;12;11;12;12;12;13;12;14;12;15;13;15;13;14;13;13;14;13;15;13;16;13;16;12;16;11;15;11;14;11;13;11;13;10;14;10;15;10;16;10;17;10;17;11;17;12;18;12;18;11;18;10;18;9;18;8;18;7;18;6;18;5;18;4;18;3;17;3;17;4
1;2;6;10;15;5;15;6;15;7;14;7;14;8;13;8;12;8;12;9;12;10;12;11;12;12;12;13;12;14;12;15;13;15;13;14;13;13;14;13;15;13;16;13;16;12;16;11;15;11;14;11;13;11;13;10;14;10;15;10;16;10;17;10;17;11;17;12;18;12;18;11;18;10;18;9;18;8;18;7;18;6;18;5;18;4;18;3;17;3;17;4;17;5
1;2;6;10;15;6;15;7;14;7;14;8;13;8;12;8;12;9;12;10;12;11;12;12;12;13;12;14;12;15;13;15;13;14;13;13;14;13;15;13;16;13;16;12;16;11;15;11;14;11;13;11;13;10;14;10;15;10;16;10;17;10;17;11;17;12;18;12;18;11;18;10;18;9;18;8;18;7;18;6;18;5;18;4;18;3;17;3;17;4;17;5;17;6
1;2;6;10;15;7;14;7;14;8;13;8;12;8;12;9;12;10;12;11;12;12;12;13;12;14;12;15;13;15;13;14;13;13;14;13;15;13;16;13;16;12;16;11;15;11;14;11;13;11;13;10;14;10;15;10;16;10;17;10;17;11;17;12;18;12;18;11;18;10;18;9;18;8;18;7;18;6;18;5;18;4;18;3;17;3;17;4;17;5;17;6;17;7
1;2;6;10;14;7;14;8;13;8;12;8;12;9;12;10;12;11;12;12;12;13;12;14;12;15;13;15;13;14;13;13;14;13;15;13;16;13;16;12;16;11;15;11;14;11;13;11;13;10;14;10;15;10;16;10;17;10;17;11;17;12;18;12;18;11;18;10;18;9;18;8;18;7;18;6;18;5;18;4;18;3;17;3;17;4;17;5;17;6;17;7;17;8
1;2;6;10;14;8;13;8;12;8;12;9;12;10;12;11;12;12;12;13;12;14;12;15;13;15;13;14;13;13;14;13;15;13;16;13;16;12;16;11;15;11;14;11;13;11;13;10;14;10;15;10;16;10;17;10;17;11;17;12;18;12;18;11;18;10;18;9;18;8;18;7;18;6;18;5;18;4;18;3;17;3;17;4;17;5;17;6;17;7;17;8;17;9
1;3;6;10;13;8;12;8;12;9;12;10;12;11;12;12;12;13;12;14;12;15;13;15;13;14;13;13;14;13;15;13;16;13;16;12;16;11;15;11;14;11;13;11;13;10;14;10;15;10;16;10;17;10;17;11;17;12;18;12;18;11;18;10;18;9;18;8;18;7;18;6;18;5;18;4;18;3;17;3;17;4;17;5;17;6;17;7;17;8;17;9;16;9
1;3;6;10;12;8;12;9;12;10;12;11;12;12;12;13;12;14;12;15;13;15;13;14;13;13;14;13;15;13;16;13;16;12;16;11;15;11;14;11;13;11;13;10;14;10;15;10;16;10;17;10;17;11;17;12;18;12;18;11;18;10;18;9;18;8;18;7;18;6;18;5;18;4;18;3;17;3;17;4;17;5;17;6;17;7;17;8;17;9;16;9;15;9
1;3;6;10;12;9;12;10;12;11;12;12;12;13;12;14;12;15;13;15;13;14;13;13;14;13;15;13;16;13;16;12;16;11;15;11;14;11;13;11;13;10;14;10;15;10;16;10;17;10;17;11;17;12;18;12;18;11;18;10;18;9;18;8;18;7;18;6;18;5;18;4;18;3;17;3;17;4;17;5;17;6;17;7;17;8;17;9;16;9;15;9;14;9
1;3;6;10;12;10;12;11;12;12;12;13;12;14;12;15;13;15;13;14;13;13;14;13;15;13;16;13;16;12;16;11;15;11;14;11;13;11;13;10;14;10;15;10;16;10;17;10;17;11;17;12;18;12;18;11;18;10;18;9;18;8;18;7;18;6;18;5;18;4;18;3;17;3;17;4;17;5;17;6;17;7;17;8;17;9;16;9;15;9;14;9;13;9
1;3;6;10;12;11;12;12;12;13;12;14;12;15;13;15;13;14;13;13;14;13;15;13;16;13;16;12;16;11;15;11;14;11;13;11;13;10;14;10;15;10;16;10;17;10;17;11;17;12;18;12;18;11;18;10;18;9;18;8;18;7;18;6;18;5;18;4;18;3;17;3;17;4;17;5;17;6;17;7;17;8;17;9;16;9;15;9;14;9;13;9;12;9
1;2;6;10;12;12;12;13;12;14;12;15;13;15;13;14;13;13;14;13;15;13;16;13;16;12;16;11;15;11;14;11;13;11;13;10;14;10;15;10;16;10;17;10;17;11;17;12;18;12;18;11;18;10;18;9;18;8;18;7;18;6;18;5;18;4;18;3;17;3;17;4;17;5;17;6;17;7;17;8;17;9;16;9;15;9;14;9;13;9;12;9;12;10
1;3;6;10;12;13;12;14;12;15;13;15;13;14;13;13;14;13;15;13;16;13;16;12;16;11;15;11;14;11;13;11;13;10;14;10;15;10;16;10;17;10;17;11;17;12;18;12;18;11;18;10;18;9;18;8;18;7;18;6;18;5;18;4;18;3;17;3;17;4;17;5;17;6;17;7;17;8;17;9;16;9;15;9;14;9;13;9;12;9;12;10;11;10
1;3;6;10;12;14;12;15;13;15;13;14;13;13;14;13;15;13;16;13;16;12;16;11;15;11;14;11;13;11;13;10;14;10;15;10;16;10;17;10;17;11;17;12;18;12;18;11;18;10;18;9;18;8;18;7;18;6;18;5;18;4;18;3;17;3;17;4;17;5;17;6;17;7;17;8;17;9;16;9;15;9;14;9;13;9;12;9;12;10;11;10;10;10
1;3;6;10;12;15;13;15;13;14;13;13;14;13;15;13;16;13;16;12;16;11;15;11;14;11;13;11;13;10;14;10;15;10;16;10;17;10;17;11;17;12;18;12;18;11;18;10;18;9;18;8;18;7;18;6;18;5;18;4;18;3;17;3;17;4;17;5;17;6;17;7;17;8;17;9;16;9;15;9;14;9;13;9;12;9;12;10;11;10;10;10;9;10
1;3;6;10;13;15;13;14;13;13;14;13;15;13;16;13;16;12;16;11;15;11;14;11;13;11;13;10;14;10;15;10;16;10;17;10;17;11;17;12;18;12;18;11;18;10;18;9;18;8;18;7;18;6;18;5;18;4;18;3;17;3;17;4;17;5;17;6;17;7;17;8;17;9;16;9;15;9;14;9;13;9;12;9;12;10;11;10;10;10;9;10;8;10
1;3;6;10;13;14;13;13;14;13;15;13;16;13;16;12;16;11;15;11;14;11;13;11;13;10;14;10;15;10;16;10;17;10;17;11;17;12;18;12;18;11;18;10;18;9;18;8;18;7;18;6;18;5;18;4;18;3;17;3;17;4;17;5;17;6;17;7;17;8;17;9;16;9;15;9;14;9;13;9;12;9;12;10;11;10;10;10;9;10;8;10;7;10
1;3;17;2;13;13;13;13;14;13;15;13;16;13;16;12;16;11;15;11;14;11;13;11;13;10;14;10;15;10;16;10;17;10;17;11;17;12;18;12;18;11;18;10;18;9;18;8;18;7;18;6;18;5;18;4;18;3;17;3;17;4;17;5;17;6;17;7;17;8;17;9;16;9;15;9;14;9;13;9;12;9;12;10;11;10;10;10;9;10;8;10;7;10;6;10
1;0;17;2;13;13;14;13;15;13;16;13;16;12;16;11;15;11;14;11;13;11;13;10;14;10;15;10;16;10;17;10;17;11;17;12;18;12;18;11;18;10;18;9;18;8;18;7;18;6;18;5;18;4;18;3;17;3;17;4;17;5;17;6;17;7;17;8;17;9;16;9;15;9;14;9;13;9;12;9;12;10;11;10;10;10;9;10;8;10;7;10;6;10;6;9
1;0;17;2;14;13;15;13;16;13;16;12;16;11;15;11;14;11;13;11;13;10;14;10;15;10;16;10;17;10;17;11;17;12;18;12;18;11;18;10;18;9;18;8;18;7;18;6;18;5;18;4;18;3;17;3;17;4;17;5;17;6;17;7;17;8;17;9;16;9;15;9;14;9;13;9;12;9;12;10;11;10;10;10;9;10;8;10;7;10;6;10;6;9;6;8
1;1;17;2;15;13;16;13;16;12;16;11;15;11;14;11;13;11;13;10;14;10;15;10;16;10;17;10;17;11;17;12;18;12;18;11;18;10;18;9;18;8;18;7;18;6;18;5;18;4;18;3;17;3;17;4;17;5;17;6;17;7;17;8;17;9;16;9;15;9;14;9;13;9;12;9;12;10;11;10;10;10;9;10;8;10;7;10;6;10;6;9;6;8;7;8
1;1;17;2;16;13;16;12;16;11;15;11;14;11;13;11;13;10;14;10;15;10;16;10;17;10;17;11;17;12;18;12;18;11;18;10;18;9;18;8;18;7;18;6;18;5;18;4;18;3;17;3;17;4;17;5;17;6;17;7;17;8;17;9;16;9;15;9;14;9;13;9;12;9;12;10;11;10;10;10;9;10;8;10;7;10;6;10;6;9;6;8;7;8;8;8
1;1;17;2;16;12;16;11;15;11;14;11;13;11;13;10;14;10;15;10;16;10;17;10;17;11;17;12;18;12;18;11;18;10;18;9;18;8;18;7;18;6;18;5;18;4;18;3;17;3;17;4;17;5;17;6;17;7;17;8;17;9;16;9;15;9;14;9;13;9;12;9;12;10;11;10;10;10;9;10;8;10;7;10;6;10;6;9;6;8;7;8;8;8;9;8
1;1;17;2;16;11;15;11;14;11;13;11;13;10;14;10;15;10;16;10;17;10;17;11;17;12;18;12;18;11;18;10;18;9;18;8;18;7;18;6;18;5;18;4;18;3;17;3;17;4;17;5;17;6;17;7;17;8;17;9;16;9;15;9;14;9;13;9;12;9;12;10;11;10;10;10;9;10;8;10;7;10;6;10;6;9;6;8;7;8;8;8;9;8;10;8
1;1;17;2;15;11;14;11;13;11;13;10;14;10;15;10;16;10;17;10;17;11;17;12;18;12;18;11;18;10;18;9;18;8;18;7;18;6;18;5;18;4;18;3;17;3;17;4;17;5;17;6;17;7;17;8;17;9;16;9;15;9;14;9;13;9;12;9;12;10;11;10;10;10;9;10;8;10;7;10;6;10;6;9;6;8;7;8;8;8;9;8;10;8;11;8
1;1;17;2;14;11;13;11;13;10;14;10;15;10;16;10;17;10;17;11;17;12;18;12;18;11;18;10;18;9;18;8;18;7;18;6;18;5;18;4;18;3;17;3;17;4;17;5;17;6;17;7;17;8;17;9;16;9;15;9;14;9;13;9;12;9;12;10;11;10;10;10;9;10;8;10;7;10;6;10;6;9;6;8;7;8;8;8;9;8;10;8;11;8;12;8
1;1;17;2;13;11;13;10;14;10;15;10;16;10;17;10;17;11;17;12;18;12;18;11;18;10;18;9;18;8;18;7;18;6;18;5;18;4;18;3;17;3;17;4;17;5;17;6;17;7;17;8;17;9;16;9;15;9;14;9;13;9;12;9;12;10;11;10;10;10;9;10;8;10;7;10;6;10;6;9;6;8;7;8;8;8;9;8;10;8;11;8;12;8;13;8
1;1;17;2;13;10;14;10;15;10;16;10;17;10;17;11;17;12;18;12;18;11;18;10;18;9;18;8;18;7;18;6;18;5;18;4;18;3;17;3;17;4;17;5;17;6;17;7;17;8;17;9;16;9;15;9;14;9;13;9;12;9;12;10;11;10;10;10;9;10;8;10;7;10;6;10;6;9;6;8;7;8;8;8;9;8;10;8;11;8;12;8;13;8;14;8
1;1;17;2;14;10;15;10;16;10;17;10;17;11;17;12;18;12;18;11;18;10;18;9;18;8;18;7;18;6;18;5;18;4;18;3;17;3;17;4;17;5;17;6;17;7;17;8;17;9;16;9;15;9;14;9;13;9;12;9;12;10;11;10;10;10;9;10;8;10;7;10;6;10;6;9;6;8;7;8;8;8;9;8;10;8;11;8;12;8;13;8;14;8;15;8
1;1;17;2;15;10;16;10;17;10;17;11;17;12;18;12;18;11;18;10;18;9;18;8;18;7;18;6;18;5;18;4;18;3;17;3;17;4;17;5;17;6;17;7;17;8;17;9;16;9;15;9;14;9;13;9;12;9;12;10;11;10;10;10;9;10;8;10;7;10;6;10;6;9;6;8;7;8;8;8;9;8;10;8;11;8;12;8;13;8;14;8;15;8;16;8
1;0;17;2;16;10;17;10;17;11;17;12;18;12;18;11;18;10;18;9;18;8;18;7;18;6;18;5;18;4;18;3;17;3;17;4;17;5;17;6;17;7;17;8;17;9;16;9;15;9;14;9;13;9;12;9;12;10;11;10;10;10;9;10;8;10;7;10;6;10;6;9;6;8;7;8;8;8;9;8;10;8;11;8;12;8;13;8;14;8;15;8;16;8;16;7
1;3;17;2;17;10;17;11;17;12;18;12;18;11;18;10;18;9;18;8;18;7;18;6;18;5;18;4;18;3;17;3;17;4;17;5;17;6;17;7;17;8;17;9;16;9;15;9;14;9;13;9;12;9;12;10;11;10;10;10;9;10;8;10;7;10;6;10;6;9;6;8;7;8;8;8;9;8;10;8;11;8;12;8;13;8;14;8;15;8;16;8;16;7;15;7
1;3;17;2;17;11;17;12;18;12;18;11;18;10;18;9;18;8;18;7;18;6;18;5;18;4;18;3;17;3;17;4;17;5;17;6;17;7;17;8;17;9;16;9;15;9;14;9;13;9;12;9;12;10;11;10;10;10;9;10;8;10;7;10;6;10;6;9;6;8;7;8;8;8;9;8;10;8;11;8;12;8;13;8;14;8;15;8;16;8;16;7;15;7;14;7
1;3;17;2;17;12;18;12;18;11;18;10;18;9;18;8;18;7;18;6;18;5;18;4;18;3;17;3;17;4;17;5;17;6;17;7;17;8;17;9;16;9;15;9;14;9;13;9;12;9;12;10;11;10;10;10;9;10;8;10;7;10;6;10;6;9;6;8;7;8;8;8;9;8;10;8;11;8;12;8;13;8;14;8;15;8;16;8;16;7;15;7;14;7;13;7
1;3;17;2;18;12;18;11;18;10;18;9;18;8;18;7;18;6;18;5;18;4;18;3;17;3;17;4;17;5;17;6;17;7;17;8;17;9;16;9;15;9;14;9;13;9;12;9;12;10;11;10;10;10;9;10;8;10;7;10;6;10;6;9;6;8;7;8;8;8;9;8;10;8;11;8;12;8;13;8;14;8;15;8;16;8;16;7;15;7;14;7;13;7;12;7
1;3;17;2;18;11;18;10;18;9;18;8;18;7;18;6;18;5;18;4;18;3;17;3;17;4;17;5;17;6;17;7;17;8;17;9;16;9;15;9;14;9;13;9;12;9;12;10;11;10;10;10;9;10;8;10;7;10;6;10;6;9;6;8;7;8;8;8;9;8;10;8;11;8;12;8;13;8;14;8;15;8;16;8;16;7;15;7;14;7;13;7;12;7;11;7
1;3;17;2;18;10;18;9;18;8;18;7;18;6;18;5;18;4;18;3;17;3;17;4;17;5;17;6;17;7;17;8;17;9;16;9;15;9;14;9;13;9;12;9;12;10;11;10;10;10;9;10;8;10;7;10;6;10;6;9;6;8;7;8;8;8;9;8;10;8;11;8;12;8;13;8;14;8;15;8;16;8;16;7;15;7;14;7;13;7;12;7;11;7;10;7
1;3;17;2;18;9;18;8;18;7;18;6;18;5;18;4;18;3;17;3;17;4;17;5;17;6;17;7;17;8;17;9;16;9;15;9;14;9;13;9;12;9;12;10;11;10;10;10;9;10;8;10;7;10;6;10;6;9;6;8;7;8;8;8;9;8;10;8;11;8;12;8;13;8;14;8;15;8;16;8;16;7;15;7;14;7;13;7;12;7;11;7;10;7;9;7
1;3;17;2;18;8;18;7;18;6;18;5;18;4;18;3;17;3;17;4;17;5;17;6;17;7;17;8;17;9;16;9;15;9;14;9;13;9;12;9;12;10;11;10;10;10;9;10;8;10;7;10;6;10;6;9;6;8;7;8;8;8;9;8;10;8;11;8;12;8;13;8;14;8;15;8;16;8;16;7;15;7;14;7;13;7;12;7;11;7;10;7;9;7;8;7
1;3;17;2;18;7;18;6;18;5;18;4;18;3;17;3;17;4;17;5;17;6;17;7;17;8;17;9;16;9;15;9;14;9;13;9;12;9;12;10;11;10;10;10;9;10;8;10;7;10;6;10;6;9;6;8;7;8;8;8;9;8;10;8;11;8;12;8;13;8;14;8;15;8;16;8;16;7;15;7;14;7;13;7;12;7;11;7;10;7;9;7;8;7;7;7
1;0;17;2;18;6;18;5;18;4;18;3;17;3;17;4;17;5;17;6;17;7;17;8;17;9;16;9;15;9;14;9;13;9;12;9;12;10;11;10;10;10;9;10;8;10;7;10;6;10;6;9;6;8;7;8;8;8;9;8;10;8;11;8;12;8;13;8;14;8;15;8;16;8;16;7;15;7;14;7;13;7;12;7;11;7;10;7;9;7;8;7;7;7;7;6
1;1;17;2;18;5;18;4;18;3;17;3;17;4;17;5;17;6;17;7;17;8;17;9;16;9;15;9;14;9;13;9;12;9;12;10;11;10;10;10;9;10;8;10;7;10;6;10;6;9;6;8;7;8;8;8;9;8;10;8;11;8;12;8;13;8;14;8;15;8;16;8;16;7;15;7;14;7;13;7;12;7;11;7;10;7;9;7;8;7;7;7;7;6;8;6
1;1;17;2;18;4;18;3;17;3;17;4;17;5;17;6;17;7;17;8;17;9;16;9;15;9;14;9;13;9;12;9;12;10;11;10;10;10;9;10;8;10;7;10;6;10;6;9;6;8;7;8;8;8;9;8;10;8;11;8;12;8;13;8;14;8;15;8;16;8;16;7;15;7;14;7;13;7;12;7;11;7;10;7;9;7;8;7;7;7;7;6;8;6;9;6
1;1;17;2;18;3;17;3;17;4;17;5;17;6;17;7;17;8;17;9;16;9;15;9;14;9;13;9;12;9;12;10;11;10;10;10;9;10;8;10;7;10;6;10;6;9;6;8;7;8;8;8;9;8;10;8;11;8;12;8;13;8;14;8;15;8;16;8;16;7;15;7;14;7;13;7;12;7;11;7;10;7;9;7;8;7;7;7;7;6;8;6;9;6;10;6
1;1;17;2;17;3;17;4;17;5;17;6;17;7;17;8;17;9;16;9;15;9;14;9;13;9;12;9;12;10;11;10;10;10;9;10;8;10;7;10;6;10;6;9;6;8;7;8;8;8;9;8;10;8;11;8;12;8;13;8;14;8;15;8;16;8;16;7;15;7;14;7;13;7;12;7;11;7;10;7;9;7;8;7;7;7;7;6;8;6;9;6;10;6;11;6
1;1;17;2;17;4;17;5;17;6;17;7;17;8;17;9;16;9;15;9;14;9;13;9;12;9;12;10;11;10;10;10;9;10;8;10;7;10;6;10;6;9;6;8;7;8;8;8;9;8;10;8;11;8;12;8;13;8;14;8;15;8;16;8;16;7;15;7;14;7;13;7;12;7;11;7;10;7;9;7;8;7;7;7;7;6;8;6;9;6;10;6;11;6;12;6
1;1;17;2;17;5;17;6;17;7;17;8;17;9;16;9;15;9;14;9;13;9;12;9;12;10;11;10;10;10;9;10;8;10;7;10;6;10;6;9;6;8;7;8;8;8;9;8;10;8;11;8;12;8;13;8;14;8;15;8;16;8;16;7;15;7;14;7;13;7;12;7;11;7;10;7;9;7;8;7;7;7;7;6;8;6;9;6;10;6;11;6;12;6;13;6
1;1;17;2;17;6;17;7;17;8;17;9;16;9;15;9;14;9;13;9;12;9;12;10;11;10;10;10;9;10;8;10;7;10;6;10;6;9;6;8;7;8;8;8;9;8;10;8;11;8;12;8;13;8;14;8;15;8;16;8;16;7;15;7;14;7;13;7;12;7;11;7;10;7;9;7;8;7;7;7;7;6;8;6;9;6;10;6;11;6;12;6;13;6;14;6
1;1;17;2;17;7;17;8;17;9;16;9;15;9;14;9;13;9;12;9;12;10;11;10;10;10;9;10;8;10;7;10;6;10;6;9;6;8;7;8;8;8;9;8;10;8;11;8;12;8;13;8;14;8;15;8;16;8;16;7;15;7;14;7;13;7;12;7;11;7;10;7;9;7;8;7;7;7;7;6;8;6;9;6;10;6;11;6;12;6;13;6;14;6;15;6
1;1;17;2;17;8;17;9;16;9;15;9;14;9;13;9;12;9;12;10;11;10;10;10;9;10;8;10;7;10;6;10;6;9;6;8;7;8;8;8;9;8;10;8;11;8;12;8;13;8;14;8;15;8;16;8;16;7;15;7;14;7;13;7;12;7;11;7;10;7;9;7;8;7;7;7;7;6;8;6;9;6;10;6;11;6;12;6;13;6;14;6;15;6;16;6
1;1;17;2;17;9;16;9;15;9;14;9;13;9;12;9;12;10;11;10;10;10;9;10;8;10;7;10;6;10;6;9;6;8;7;8;8;8;9;8;10;8;11;8;12;8;13;8;14;8;15;8;16;8;16;7;15;7;14;7;13;7;12;7;11;7;10;7;9;7;8;7;7;7;7;6;8;6;9;6;10;6;11;6;12;6;13;6;14;6;15;6;16;6;17;6
1;0;17;2;16;9;15;9;14;9;13;9;12;9;12;10;11;10;10;10;9;10;8;10;7;10;6;10;6;9;6;8;7;8;8;8;9;8;10;8;11;8;12;8;13;8;14;8;15;8;16;8;16;7;15;7;14;7;13;7;12;7;11;7;10;7;9;7;8;7;7;7;7;6;8;6;9;6;10;6;11;6;12;6;13;6;14;6;15;6;16;6;17;6;17;5
1;0;17;2;15;9;14;9;13;9;12;9;12;10;11;10;10;10;9;10;8;10;7;10;6;10;6;9;6;8;7;8;8;8;9;8;10;8;11;8;12;8;13;8;14;8;15;8;16;8;16;7;15;7;14;7;13;7;12;7;11;7;10;7;9;7;8;7;7;7;7;6;8;6;9;6;10;6;11;6;12;6;13;6;14;6;15;6;16;6;17;6;17;5;17;4
1;0;17;2;14;9;13;9;12;9;12;10;11;10;10;10;9;10;8;10;7;10;6;10;6;9;6;8;7;8;8;8;9;8;10;8;11;8;12;8;13;8;14;8;15;8;16;8;16;7;15;7;14;7;13;7;12;7;11;7;10;7;9;7;8;7;7;7;7;6;8;6;9;6;10;6;11;6;12;6;13;6;14;6;15;6;16;6;17;6;17;5;17;4;17;3
1;0;1;14;13;9;13;9;12;9;12;10;11;10;10;10;9;10;8;10;7;10;6;10;6;9;6;8;7;8;8;8;9;8;10;8;11;8;12;8;13;8;14;8;15;8;16;8;16;7;15;7;14;7;13;7;12;7;11;7;10;7;9;7;8;7;7;7;7;6;8;6;9;6;10;6;11;6;12;6;13;6;14;6;15;6;16;6;17;6;17;5;17;4;17;3;17;2
1;3;1;14;13;9;12;9;12;10;11;10;10;10;9;10;8;10;7;10;6;10;6;9;6;8;7;8;8;8;9;8;10;8;11;8;12;8;13;8;14;8;15;8;16;8;16;7;15;7;14;7;13;7;12;7;11;7;10;7;9;7;8;7;7;7;7;6;8;6;9;6;10;6;11;6;12;6;13;6;14;6;15;6;16;6;17;6;17;5;17;4;17;3;17;2;16;2
1;3;1;14;12;9;12;10;11;10;10;10;9;10;8;10;7;10;6;10;6;9;6;8;7;8;8;8;9;8;10;8;11;8;12;8;13;8;14;8;15;8;16;8;16;7;15;7;14;7;13;7;12;7;11;7;10;7;9;7;8;7;7;7;7;6;8;6;9;6;10;6;11;6;12;6;13;6;14;6;15;6;16;6;17;6;17;5;17;4;17;3;17;2;16;2;15;2
1;3;1;14;12;10;11;10;10;10;9;10;8;10;7;10;6;10;6;9;6;8;7;8;8;8;9;8;10;8;11;8;12;8;13;8;14;8;15;8;16;8;16;7;15;7;14;7;13;7;12;7;11;7;10;7;9;7;8;7;7;7;7;6;8;6;9;6;10;6;11;6;12;6;13;6;14;6;15;6;16;6;17;6;17;5;17;4;17;3;17;2;16;2;15;2;14;2
1;3;1;14;11;10;10;10;9;10;8;10;7;10;6;10;6;9;6;8;7;8;8;8;9;8;10;8;11;8;12;8;13;8;14;8;15;8;16;8;16;7;15;7;14;7;13;7;12;7;11;7;10;7;9;7;8;7;7;7;7;6;8;6;9;6;10;6;11;6;12;6;13;6;14;6;15;6;16;6;17;6;17;5;17;4;17;3;17;2;16;2;15;2;14;2;13;2
1;3;1;14;10;10;9;10;8;10;7;10;6;10;6;9;6;8;7;8;8;8;9;8;10;8;11;8;12;8;13;8;14;8;15;8;16;8;16;7;15;7;14;7;13;7;12;7;11;7;10;7;9;7;8;7;7;7;7;6;8;6;9;6;10;6;11;6;12;6;13;6;14;6;15;6;16;6;17;6;17;5;17;4;17;3;17;2;16;2;15;2;14;2;13;2;12;2
1;3;1;14;9;10;8;10;7;10;6;10;6;9;6;8;7;8;8;8;9;8;10;8;11;8;12;8;13;8;14;8;15;8;16;8;16;7;15;7;14;7;13;7;12;7;11;7;10;7;9;7;8;7;7;7;7;6;8;6;9;6;10;6;11;6;12;6;13;6;14;6;15;6;16;6;17;6;17;5;17;4;17;3;17;2;16;2;15;2;14;2;13;2;12;2;11;2
1;3;1;14;8;10;7;10;6;10;6;9;6;8;7;8;8;8;9;8;10;8;11;8;12;8;13;8;14;8;15;8;16;8;16;7;15;7;14;7;13;7;12;7;11;7;10;7;9;7;8;7;7;7;7;6;8;6;9;6;10;6;11;6;12;6;13;6;14;6;15;6;16;6;17;6;17;5;17;4;17;3;17;2;16;2;15;2;14;2;13;2;12;2;11;2;10;2
1;3;1;14;7;10;6;10;6;9;6;8;7;8;8;8;9;8;10;8;11;8;12;8;13;8;14;8;15;8;16;8;16;7;15;7;14;7;13;7;12;7;11;7;10;7;9;7;8;7;7;7;7;6;8;6;9;6;10;6;11;6;12;6;13;6;14;6;15;6;16;6;17;6;17;5;17;4;17;3;17;2;16;2;15;2;14;2;13;2;12;2;11;2;10;2;9;2
1;3;1;14;6;10;6;9;6;8;7;8;8;8;9;8;10;8;11;8;12;8;13;8;14;8;15;8;16;8;16;7;15;7;14;7;13;7;12;7;11;7;10;7;9;7;8;7;7;7;7;6;8;6;9;6;10;6;11;6;12;6;13;6;14;6;15;6;16;6;17;6;17;5;17;4;17;3;17;2;16;2;15;2;14;2;13;2;12;2;11;2;10;2;9;2;8;2
1;3;1;14;6;9;6;8;7;8;8;8;9;8;10;8;11;8;12;8;13;8;14;8;15;8;16;8;16;7;15;7;14;7;13;7;12;7;11;7;10;7;9;7;8;7;7;7;7;6;8;6;9;6;10;6;11;6;12;6;13;6;14;6;15;6;16;6;17;6;17;5;17;4;17;3;17;2;16;2;15;2;14;2;13;2;12;2;11;2;10;2;9;2;8;2;7;2
1;3;1;14;6;8;7;8;8;8;9;8;10;8;11;8;12;8;13;8;14;8;15;8;16;8;16;7;15;7;14;7;13;7;12;7;11;7;10;7;9;7;8;7;7;7;7;6;8;6;9;6;10;6;11;6;12;6;13;6;14;6;15;6;16;6;17;6;17;5;17;4;17;3;17;2;16;2;15;2;14;2;13;2;12;2;11;2;10;2;9;2;8;2;7;2;6;2
1;3;1;14;7;8;8;8;9;8;10;8;11;8;12;8;13;8;14;8;15;8;16;8;16;7;15;7;14;7;13;7;12;7;11;7;10;7;9;7;8;7;7;7;7;6;8;6;9;6;10;6;11;6;12;6;13;6;14;6;15;6;16;6;17;6;17;5;17;4;17;3;17;2;16;2;15;2;14;2;13;2;12;2;11;2;10;2;9;2;8;2;7;2;6;2;5;2
1;2;1;14;8;8;9;8;10;8;11;8;12;8;13;8;14;8;15;8;16;8;16;7;15;7;14;7;13;7;12;7;11;7;10;7;9;7;8;7;7;7;7;6;8;6;9;6;10;6;11;6;12;6;13;6;14;6;15;6;16;6;17;6;17;5;17;4;17;3;17;2;16;2;15;2;14;2;13;2;12;2;11;2;10;2;9;2;8;2;7;2;6;2;5;2;5;3
1;2;1;14;9;8;10;8;11;8;12;8;13;8;14;8;15;8;16;8;16;7;15;7;14;7;13;7;12;7;11;7;10;7;9;7;8;7;7;7;7;6;8;6;9;6;10;6;11;6;12;6;13;6;14;6;15;6;16;6;17;6;17;5;17;4;17;3;17;2;16;2;15;2;14;2;13;2;12;2;11;2;10;2;9;2;8;2;7;2;6;2;5;2;5;3;5;4
1;2;1;14;10;8;11;8;12;8;13;8;14;8;15;8;16;8;16;7;15;7;14;7;13;7;12;7;11;7;10;7;9;7;8;7;7;7;7;6;8;6;9;6;10;6;11;6;12;6;13;6;14;6;15;6;16;6;17;6;17;5;17;4;17;3;17;2;16;2;15;2;14;2;13;2;12;2;11;2;10;2;9;2;8;2;7;2;6;2;5;2;5;3;5;4;5;5
1;3;1;14;11;8;12;8;13;8;14;8;15;8;16;8;16;7;15;7;14;7;13;7;12;7;11;7;10;7;9;7;8;7;7;7;7;6;8;6;9;6;10;6;11;6;12;6;13;6;14;6;15;6;16;6;17;6;17;5;17;4;17;3;17;2;16;2;15;2;14;2;13;2;12;2;11;2;10;2;9;2;8;2;7;2;6;2;5;2;5;3;5;4;5;5;4;5
1;2;1;14;12;8;13;8;14;8;15;8;16;8;16;7;15;7;14;7;13;7;12;7;11;7;10;7;9;7;8;7;7;7;7;6;8;6;9;6;10;6;11;6;12;6;13;6;14;6;15;6;16;6;17;6;17;5;17;4;17;3;17;2;16;2;15;2;14;2;13;2;12;2;11;2;10;2;9;2;8;2;7;2;6;2;5;2;5;3;5;4;5;5;4;5;4;6
1;2;1;14;13;8;14;8;15;8;16;8;16;7;15;7;14;7;13;7;12;7;11;7;10;7;9;7;8;7;7;7;7;6;8;6;9;6;10;6;11;6;12;6;13;6;14;6;15;6;16;6;17;6;17;5;17;4;17;3;17;2;16;2;15;2;14;2;13;2;12;2;11;2;10;2;9;2;8;2;7;2;6;2;5;2;5;3;5;4;5;5;4;5;4;6;4;7
1;2;1;14;14;8;15;8;16;8;16;7;15;7;14;7;13;7;12;7;11;7;10;7;9;7;8;7;7;7;7;6;8;6;9;6;10;6;11;6;12;6;13;6;14;6;15;6;16;6;17;6;17;5;17;4;17;3;17;2;16;2;15;2;14;2;13;2;12;2;11;2;10;2;9;2;8;2;7;2;6;2;5;2;5;3;5;4;5;5;4;5;4;6;4;7;4;8
1;2;1;14;15;8;16;8;16;7;15;7;14;7;13;7;12;7;11;7;10;7;9;7;8;7;7;7;7;6;8;6;9;6;10;6;11;6;12;6;13;6;14;6;15;6;16;6;17;6;17;5;17;4;17;3;17;2;16;2;15;2;14;2;13;2;12;2;11;2;10;2;9;2;8;2;7;2;6;2;5;2;5;3;5;4;5;5;4;5;4;6;4;7;4;8;4;9
1;2;1;14;16;8;16;7;15;7;14;7;13;7;12;7;11;7;10;7;9;7;8;7;7;7;7;6;8;6;9;6;10;6;11;6;12;6;13;6;14;6;15;6;16;6;17;6;17;5;17;4;17;3;17;2;16;2;15;2;14;2;13;2;12;2;11;2;10;2;9;2;8;2;7;2;6;2;5;2;5;3;5;4;5;5;4;5;4;6;4;7;4;8;4;9;4;10
1;2;1;14;16;7;15;7;14;7;13;7;12;7;11;7;10;7;9;7;8;7;7;7;7;6;8;6;9;6;10;6;11;6;12;6;13;6;14;6;15;6;16;6;17;6;17;5;17;4;17;3;17;2;16;2;15;2;14;2;13;2;12;2;11;2;10;2;9;2;8;2;7;2;6;2;5;2;5;3;5;4;5;5;4;5;4;6;4;7;4;8;4;9;4;10;4;11
1;2;1;14;15;7;14;7;13;7;12;7;11;7;10;7;9;7;8;7;7;7;7;6;8;6;9;6;10;6;11;6;12;6;13;6;14;6;15;6;16;6;17;6;17;5;17;4;17;3;17;2;16;2;15;2;14;2;13;2;12;2;11;2;10;2;9;2;8;2;7;2;6;2;5;2;5;3;5;4;5;5;4;5;4;6;4;7;4;8;4;9;4;10;4;11;4;12
1;2;1;14;14;7;13;7;12;7;11;7;10;7;9;7;8;7;7;7;7;6;8;6;9;6;10;6;11;6;12;6;13;6;14;6;15;6;16;6;17;6;17;5;17;4;17;3;17;2;16;2;15;2;14;2;13;2;12;2;11;2;10;2;9;2;8;2;7;2;6;2;5;2;5;3;5;4;5;5;4;5;4;6;4;7;4;8;4;9;4;10;4;11;4;12;4;13
1;2;1;14;13;7;12;7;11;7;10;7;9;7;8;7;7;7;7;6;8;6;9;6;10;6;11;6;12;6;13;6;14;6;15;6;16;6;17;6;17;5;17;4;17;3;17;2;16;2;15;2;14;2;13;2;12;2;11;2;10;2;9;2;8;2;7;2;6;2;5;2;5;3;5;4;5;5;4;5;4;6;4;7;4;8;4;9;4;10;4;11;4;12;4;13;4;14
1;3;1;14;12;7;11;7;10;7;9;7;8;7;7;7;7;6;8;6;9;6;10;6;11;6;12;6;13;6;14;6;15;6;16;6;17;6;17;5;17;4;17;3;17;2;16;2;15;2;14;2;13;2;12;2;11;2;10;2;9;2;8;2;7;2;6;2;5;2;5;3;5;4;5;5;4;5;4;6;4;7;4;8;4;9;4;10;4;11;4;12;4;13;4;14;3;14
1;3;1;14;11;7;10;7;9;7;8;7;7;7;7;6;8;6;9;6;10;6;11;6;12;6;13;6;14;6;15;6;16;6;17;6;17;5;17;4;17;3;17;2;16;2;15;2;14;2;13;2;12;2;11;2;10;2;9;2;8;2;7;2;6;2;5;2;5;3;5;4;5;5;4;5;4;6;4;7;4;8;4;9;4;10;4;11;4;12;4;13;4;14;3;14;2;14
1;3;17;13;10;7;10;7;9;7;8;7;7;7;7;6;8;6;9;6;10;6;11;6;12;6;13;6;14;6;15;6;16;6;17;6;17;5;17;4;17;3;17;2;16;2;15;2;14;2;13;2;12;2;11;2;10;2;9;2;8;2;7;2;6;2;5;2;5;3;5;4;5;5;4;5;4;6;4;7;4;8;4;9;4;10;4;11;4;12;4;13;4;14;3;14;2;14;1;14
1;0;17;13;10;7;9;7;8;7;7;7;7;6;8;6;9;6;10;6;11;6;12;6;13;6;14;6;15;6;16;6;17;6;17;5;17;4;17;3;17;2;16;2;15;2;14;2;13;2;12;2;11;2;10;2;9;2;8;2;7;2;6;2;5;2;5;3;5;4;5;5;4;5;4;6;4;7;4;8;4;9;4;10;4;11;4;12;4;13;4;14;3;14;2;14;1;14;1;13
1;0;17;13;9;7;8;7;7;7;7;6;8;6;9;6;10;6;11;6;12;6;13;6;14;6;15;6;16;6;17;6;17;5;17;4;17;3;17;2;16;2;15;2;14;2;13;2;12;2;11;2;10;2;9;2;8;2;7;2;6;2;5;2;5;3;5;4;5;5;4;5;4;6;4;7;4;8;4;9;4;10;4;11;4;12;4;13;4;14;3;14;2;14;1;14;1;13;1;12
1;0;17;13;8;7;7;7;7;6;8;6;9;6;10;6;11;6;12;6;13;6;14;6;15;6;16;6;17;6;17;5;17;4;17;3;17;2;16;2;15;2;14;2;13;2;12;2;11;2;10;2;9;2;8;2;7;2;6;2;5;2;5;3;5;4;5;5;4;5;4;6;4;7;4;8;4;9;4;10;4;11;4;12;4;13;4;14;3;14;2;14;1;14;1;13;1;12;1;11
1;0;17;13;7;7;7;6;8;6;9;6;10;6;11;6;12;6;13;6;14;6;15;6;16;6;17;6;17;5;17;4;17;3;17;2;16;2;15;2;14;2;13;2;12;2;11;2;10;2;9;2;8;2;7;2;6;2;5;2;5;3;5;4;5;5;4;5;4;6;4;7;4;8;4;9;4;10;4;11;4;12;4;13;4;14;3;14;2;14;1;14;1;13;1;12;1;11;1;10
1;0;17;13;7;6;8;6;9;6;10;6;11;6;12;6;13;6;14;6;15;6;16;6;17;6;17;5;17;4;17;3;17;2;16;2;15;2;14;2;13;2;12;2;11;2;10;2;9;2;8;2;7;2;6;2;5;2;5;3;5;4;5;5;4;5;4;6;4;7;4;8;4;9;4;10;4;11;4;12;4;13;4;14;3;14;2;14;1;14;1;13;1;12;1;11;1;10;1;9
1;0;17;13;8;6;9;6;10;6;11;6;12;6;13;6;14;6;15;6;16;6;17;6;17;5;17;4;17;3;17;2;16;2;15;2;14;2;13;2;12;2;11;2;10;2;9;2;8;2;7;2;6;2;5;2;5;3;5;4;5;5;4;5;4;6;4;7;4;8;4;9;4;10;4;11;4;12;4;13;4;14;3;14;2;14;1;14;1;13;1;12;1;11;1;10;1;9;1;8
1;0;17;13;9;6;10;6;11;6;12;6;13;6;14;6;15;6;16;6;17;6;17;5;17;4;17;3;17;2;16;2;15;2;14;2;13;2;12;2;11;2;10;2;9;2;8;2;7;2;6;2;5;2;5;3;5;4;5;5;4;5;4;6;4;7;4;8;4;9;4;10;4;11;4;12;4;13;4;14;3;14;2;14;1;14;1;13;1;12;1;11;1;10;1;9;1;8;1;7
1;0;17;13;10;6;11;6;12;6;13;6;14;6;15;6;16;6;17;6;17;5;17;4;17;3;17;2;16;2;15;2;14;2;13;2;12;2;11;2;10;2;9;2;8;2;7;2;6;2;5;2;5;3;5;4;5;5;4;5;4;6;4;7;4;8;4;9;4;10;4;11;4;12;4;13;4;14;3;14;2;14;1;14;1;13;1;12;1;11;1;10;1;9;1;8;1;7;1;6
1;1;17;13;11;6;12;6;13;6;14;6;15;6;16;6;17;6;17;5;17;4;17;3;17;2;16;2;15;2;14;2;13;2;12;2;11;2;10;2;9;2;8;2;7;2;6;2;5;2;5;3;5;4;5;5;4;5;4;6;4;7;4;8;4;9;4;10;4;11;4;12;4;13;4;14;3;14;2;14;1;14;1;13;1;12;1;11;1;10;1;9;1;8;1;7;1;6;2;6
1;1;17;13;12;6;13;6;14;6;15;6;16;6;17;6;17;5;17;4;17;3;17;2;16;2;15;2;14;2;13;2;12;2;11;2;10;2;9;2;8;2;7;2;6;2;5;2;5;3;5;4;5;5;4;5;4;6;4;7;4;8;4;9;4;10;4;11;4;12;4;13;4;14;3;14;2;14;1;14;1;13;1;12;1;11;1;10;1;9;1;8;1;7;1;6;2;6;3;6
1;2;17;13;13;6;14;6;15;6;16;6;17;6;17;5;17;4;17;3;17;2;16;2;15;2;14;2;13;2;12;2;11;2;10;2;9;2;8;2;7;2;6;2;5;2;5;3;5;4;5;5;4;5;4;6;4;7;4;8;4;9;4;10;4;11;4;12;4;13;4;14;3;14;2;14;1;14;1;13;1;12;1;11;1;10;1;9;1;8;1;7;1;6;2;6;3;6;3;7
1;2;17;13;14;6;15;6;16;6;17;6;17;5;17;4;17;3;17;2;16;2;15;2;14;2;13;2;12;2;11;2;10;2;9;2;8;2;7;2;6;2;5;2;5;3;5;4;5;5;4;5;4;6;4;7;4;8;4;9;4;10;4;11;4;12;4;13;4;14;3;14;2;14;1;14;1;13;1;12;1;11;1;10;1;9;1;8;1;7;1;6;2;6;3;6;3;7;3;8
1;2;17;13;15;6;16;6;17;6;17;5;17;4;17;3;17;2;16;2;15;2;14;2;13;2;12;2;11;2;10;2;9;2;8;2;7;2;6;2;5;2;5;3;5;4;5;5;4;5;4;6;4;7;4;8;4;9;4;10;4;11;4;12;4;13;4;14;3;14;2;14;1;14;1;13;1;12;1;11;1;10;1;9;1;8;1;7;1;6;2;6;3;6;3;7;3;8;3;9
1;2;17;13;16;6;17;6;17;5;17;4;17;3;17;2;16;2;15;2;14;2;13;2;12;2;11;2;10;2;9;2;8;2;7;2;6;2;5;2;5;3;5;4;5;5;4;5;4;6;4;7;4;8;4;9;4;10;4;11;4;12;4;13;4;14;3;14;2;14;1;14;1;13;1;12;1;11;1;10;1;9;1;8;1;7;1;6;2;6;3;6;3;7;3;8;3;9;3;10
1;2;17;13;17;6;17;5;17;4;17;3;17;2;16;2;15;2;14;2;13;2;12;2;11;2;10;2;9;2;8;2;7;2;6;2;5;2;5;3;5;4;5;5;4;5;4;6;4;7;4;8;4;9;4;10;4;11;4;12;4;13;4;14;3;14;2;14;1;14;1;13;1;12;1;11;1;10;1;9;1;8;1;7;1;6;2;6;3;6;3;7;3;8;3;9;3;10;3;11
1;2;17;13;17;5;17;4;17;3;17;2;16;2;15;2;14;2;13;2;12;2;11;2;10;2;9;2;8;2;7;2;6;2;5;2;5;3;5;4;5;5;4;5;4;6;4;7;4;8;4;9;4;10;4;11;4;12;4;13;4;14;3;14;2;14;1;14;1;13;1;12;1;11;1;10;1;9;1;8;1;7;1;6;2;6;3;6;3;7;3;8;3;9;3;10;3;11;3;12
1;2;17;13;17;4;17;3;17;2;16;2;15;2;14;2;13;2;12;2;11;2;10;2;9;2;8;2;7;2;6;2;5;2;5;3;5;4;5;5;4;5;4;6;4;7;4;8;4;9;4;10;4;11;4;12;4;13;4;14;3;14;2;14;1;14;1;13;1;12;1;11;1;10;1;9;1;8;1;7;1;6;2;6;3;6;3;7;3;8;3;9;3;10;3;11;3;12;3;13
1;3;17;13;17;3;17;2;16;2;15;2;14;2;13;2;12;2;11;2;10;2;9;2;8;2;7;2;6;2;5;2;5;3;5;4;5;5;4;5;4;6;4;7;4;8;4;9;4;10;4;11;4;12;4;13;4;14;3;14;2;14;1;14;1;13;1;12;1;11;1;10;1;9;1;8;1;7;1;6;2;6;3;6;3;7;3;8;3;9;3;10;3;11;3;12;3;13;2;13
1;0;17;13;17;2;16;2;15;2;14;2;13;2;12;2;11;2;10;2;9;2;8;2;7;2;6;2;5;2;5;3;5;4;5;5;4;5;4;6;4;7;4;8;4;9;4;10;4;11;4;12;4;13;4;14;3;14;2;14;1;14;1;13;1;12;1;11;1;10;1;9;1;8;1;7;1;6;2;6;3;6;3;7;3;8;3;9;3;10;3;11;3;12;3;13;2;13;2;12
