20
1;1;0;3;8;10;9;10;10;10
1;0;0;3;9;10;10;10;10;9
1;0;0;3;10;10;10;9;10;8
1;0;0;3;10;9;10;8;10;7
1;0;0;3;10;8;10;7;10;6
1;0;0;3;10;7;10;6;10;5
1;0;0;3;10;6;10;5;10;4
1;0;0;3;10;5;10;4;10;3
1;3;0;3;10;4;10;3;9;3
1;3;0;3;10;3;9;3;8;3
1;3;0;3;9;3;8;3;7;3
1;3;0;3;8;3;7;3;6;3
1;3;0;3;7;3;6;3;5;3
1;3;0;3;6;3;5;3;4;3
1;3;0;3;5;3;4;3;3;3
1;3;0;3;4;3;3;3;2;3
1;3;0;3;3;3;2;3;1;3
1;3;10;12;2;3;2;3;1;3;0;3
1;2;10;12;2;3;1;3;0;3;0;4
1;2;10;12;1;3;0;3;0;4;0;5
1;2;10;12;0;3;0;4;0;5;0;6
1;2;10;12;0;4;0;5;0;6;0;7
1;2;10;12;0;5;0;6;0;7;0;8
1;2;10;12;0;6;0;7;0;8;0;9
1;2;10;12;0;7;0;8;0;9;0;10
1;2;10;12;0;8;0;9;0;10;0;11
1;2;10;12;0;9;0;10;0;11;0;12
1;1;10;12;0;10;0;11;0;12;1;12
1;1;10;12;0;11;0;12;1;12;2;12
1;1;10;12;0;12;1;12;2;12;3;12
1;1;10;12;1;12;2;12;3;12;4;12
1;1;10;12;2;12;3;12;4;12;5;12
1;1;10;12;3;12;4;12;5;12;6;12
1;1;10;12;4;12;5;12;6;12;7;12
1;1;10;12;5;12;6;12;7;12;8;12
1;1;10;12;6;12;7;12;8;12;9;12
1;1;9;15;7;12;7;12;8;12;9;12;10;12
1;2;9;15;7;12;8;12;9;12;10;12;10;13
1;3;9;15;8;12;9;12;10;12;10;13;9;13
1;2;9;15;9;12;10;12;10;13;9;13;9;14
1;2;7;16;10;12;10;12;10;13;9;13;9;14;9;15
1;3;7;16;10;12;10;13;9;13;9;14;9;15;8;15
1;3;7;16;10;13;9;13;9;14;9;15;8;15;7;15
1;0;7;16;9;13;9;14;9;15;8;15;7;15;7;14
1;3;7;16;9;14;9;15;8;15;7;15;7;14;6;14
1;2;7;16;9;15;8;15;7;15;7;14;6;14;6;15
1;2;7;16;8;15;7;15;7;14;6;14;6;15;6;16
1;1;6;7;7;15;7;15;7;14;6;14;6;15;6;16;7;16
1;1;6;7;7;15;7;14;6;14;6;15;6;16;7;16;8;16
1;0;6;7;7;14;6;14;6;15;6;16;7;16;8;16;8;15
1;0;6;7;6;14;6;15;6;16;7;16;8;16;8;15;8;14
1;0;6;7;6;15;6;16;7;16;8;16;8;15;8;14;8;13
1;3;6;7;6;16;7;16;8;16;8;15;8;14;8;13;7;13
1;3;6;7;7;16;8;16;8;15;8;14;8;13;7;13;6;13
1;0;6;7;8;16;8;15;8;14;8;13;7;13;6;13;6;12
1;0;6;7;8;15;8;14;8;13;7;13;6;13;6;12;6;11
1;0;6;7;8;14;8;13;7;13;6;13;6;12;6;11;6;10
1;0;6;7;8;13;7;13;6;13;6;12;6;11;6;10;6;9
1;0;6;7;7;13;6;13;6;12;6;11;6;10;6;9;6;8
1;0;3;19;6;13;6;13;6;12;6;11;6;10;6;9;6;8;6;7
1;3;3;19;6;13;6;12;6;11;6;10;6;9;6;8;6;7;5;7
1;3;3;19;6;12;6;11;6;10;6;9;6;8;6;7;5;7;4;7
1;3;3;19;6;11;6;10;6;9;6;8;6;7;5;7;4;7;3;7
1;2;3;19;6;10;6;9;6;8;6;7;5;7;4;7;3;7;3;8
1;2;3;19;6;9;6;8;6;7;5;7;4;7;3;7;3;8;3;9
1;2;3;19;6;8;6;7;5;7;4;7;3;7;3;8;3;9;3;10
1;2;3;19;6;7;5;7;4;7;3;7;3;8;3;9;3;10;3;11
1;2;3;19;5;7;4;7;3;7;3;8;3;9;3;10;3;11;3;12
1;2;3;19;4;7;3;7;3;8;3;9;3;10;3;11;3;12;3;13
1;2;3;19;3;7;3;8;3;9;3;10;3;11;3;12;3;13;3;14
1;2;3;19;3;8;3;9;3;10;3;11;3;12;3;13;3;14;3;15
1;2;3;19;3;9;3;10;3;11;3;12;3;13;3;14;3;15;3;16
1;2;3;19;3;10;3;11;3;12;3;13;3;14;3;15;3;16;3;17
1;2;3;19;3;11;3;12;3;13;3;14;3;15;3;16;3;17;3;18
1;2;4;0;3;12;3;12;3;13;3;14;3;15;3;16;3;17;3;18;3;19
1;1;4;0;3;12;3;13;3;14;3;15;3;16;3;17;3;18;3;19;4;19
1;0;4;0;3;13;3;14;3;15;3;16;3;17;3;18;3;19;4;19;4;18
1;0;4;0;3;14;3;15;3;16;3;17;3;18;3;19;4;19;4;18;4;17
1;0;4;0;3;15;3;16;3;17;3;18;3;19;4;19;4;18;4;17;4;16
1;0;4;0;3;16;3;17;3;18;3;19;4;19;4;18;4;17;4;16;4;15
1;0;4;0;3;17;3;18;3;19;4;19;4;18;4;17;4;16;4;15;4;14
1;0;4;0;3;18;3;19;4;19;4;18;4;17;4;16;4;15;4;14;4;13
1;0;4;0;3;19;4;19;4;18;4;17;4;16;4;15;4;14;4;13;4;12
1;0;4;0;4;19;4;18;4;17;4;16;4;15;4;14;4;13;4;12;4;11
1;0;4;0;4;18;4;17;4;16;4;15;4;14;4;13;4;12;4;11;4;10
1;0;4;0;4;17;4;16;4;15;4;14;4;13;4;12;4;11;4;10;4;9
1;0;4;0;4;16;4;15;4;14;4;13;4;12;4;11;4;10;4;9;4;8
1;0;4;0;4;15;4;14;4;13;4;12;4;11;4;10;4;9;4;8;4;7
1;0;4;0;4;14;4;13;4;12;4;11;4;10;4;9;4;8;4;7;4;6
1;0;4;0;4;13;4;12;4;11;4;10;4;9;4;8;4;7;4;6;4;5
1;0;4;0;4;12;4;11;4;10;4;9;4;8;4;7;4;6;4;5;4;4
1;0;4;0;4;11;4;10;4;9;4;8;4;7;4;6;4;5;4;4;4;3
1;0;4;0;4;10;4;9;4;8;4;7;4;6;4;5;4;4;4;3;4;2
1;0;4;0;4;9;4;8;4;7;4;6;4;5;4;4;4;3;4;2;4;1
1;0;8;15;4;8;4;8;4;7;4;6;4;5;4;4;4;3;4;2;4;1;4;0
1;1;8;15;4;8;4;7;4;6;4;5;4;4;4;3;4;2;4;1;4;0;5;0
1;2;8;15;4;7;4;6;4;5;4;4;4;3;4;2;4;1;4;0;5;0;5;1
1;2;8;15;4;6;4;5;4;4;4;3;4;2;4;1;4;0;5;0;5;1;5;2
1;2;8;15;4;5;4;4;4;3;4;2;4;1;4;0;5;0;5;1;5;2;5;3
1;2;8;15;4;4;4;3;4;2;4;1;4;0;5;0;5;1;5;2;5;3;5;4
1;2;8;15;4;3;4;2;4;1;4;0;5;0;5;1;5;2;5;3;5;4;5;5
1;2;8;15;4;2;4;1;4;0;5;0;5;1;5;2;5;3;5;4;5;5;5;6
1;2;8;15;4;1;4;0;5;0;5;1;5;2;5;3;5;4;5;5;5;6;5;7
1;2;8;15;4;0;5;0;5;1;5;2;5;3;5;4;5;5;5;6;5;7;5;8
1;1;8;15;5;0;5;1;5;2;5;3;5;4;5;5;5;6;5;7;5;8;6;8
1;1;8;15;5;1;5;2;5;3;5;4;5;5;5;6;5;7;5;8;6;8;7;8
1;1;8;15;5;2;5;3;5;4;5;5;5;6;5;7;5;8;6;8;7;8;8;8
1;2;8;15;5;3;5;4;5;5;5;6;5;7;5;8;6;8;7;8;8;8;8;9
1;2;8;15;5;4;5;5;5;6;5;7;5;8;6;8;7;8;8;8;8;9;8;10
1;2;8;15;5;5;5;6;5;7;5;8;6;8;7;8;8;8;8;9;8;10;8;11
1;2;8;15;5;6;5;7;5;8;6;8;7;8;8;8;8;9;8;10;8;11;8;12
1;2;8;15;5;7;5;8;6;8;7;8;8;8;8;9;8;10;8;11;8;12;8;13
1;2;8;15;5;8;6;8;7;8;8;8;8;9;8;10;8;11;8;12;8;13;8;14
1;2;5;10;6;8;6;8;7;8;8;8;8;9;8;10;8;11;8;12;8;13;8;14;8;15
1;3;5;10;6;8;7;8;8;8;8;9;8;10;8;11;8;12;8;13;8;14;8;15;7;15
1;3;5;10;7;8;8;8;8;9;8;10;8;11;8;12;8;13;8;14;8;15;7;15;6;15
1;0;5;10;8;8;8;9;8;10;8;11;8;12;8;13;8;14;8;15;7;15;6;15;6;14
1;0;5;10;8;9;8;10;8;11;8;12;8;13;8;14;8;15;7;15;6;15;6;14;6;13
1;0;5;10;8;10;8;11;8;12;8;13;8;14;8;15;7;15;6;15;6;14;6;13;6;12
1;3;5;10;8;11;8;12;8;13;8;14;8;15;7;15;6;15;6;14;6;13;6;12;5;12
1;0;5;10;8;12;8;13;8;14;8;15;7;15;6;15;6;14;6;13;6;12;5;12;5;11
1;0;1;10;8;13;8;13;8;14;8;15;7;15;6;15;6;14;6;13;6;12;5;12;5;11;5;10
1;3;1;10;8;13;8;14;8;15;7;15;6;15;6;14;6;13;6;12;5;12;5;11;5;10;4;10
1;3;1;10;8;14;8;15;7;15;6;15;6;14;6;13;6;12;5;12;5;11;5;10;4;10;3;10
1;3;1;10;8;15;7;15;6;15;6;14;6;13;6;12;5;12;5;11;5;10;4;10;3;10;2;10
1;3;5;7;7;15;7;15;6;15;6;14;6;13;6;12;5;12;5;11;5;10;4;10;3;10;2;10;1;10
1;0;5;7;7;15;6;15;6;14;6;13;6;12;5;12;5;11;5;10;4;10;3;10;2;10;1;10;1;9
1;1;5;7;6;15;6;14;6;13;6;12;5;12;5;11;5;10;4;10;3;10;2;10;1;10;1;9;2;9
1;1;5;7;6;14;6;13;6;12;5;12;5;11;5;10;4;10;3;10;2;10;1;10;1;9;2;9;3;9
1;1;5;7;6;13;6;12;5;12;5;11;5;10;4;10;3;10;2;10;1;10;1;9;2;9;3;9;4;9
1;1;5;7;6;12;5;12;5;11;5;10;4;10;3;10;2;10;1;10;1;9;2;9;3;9;4;9;5;9
1;0;5;7;5;12;5;11;5;10;4;10;3;10;2;10;1;10;1;9;2;9;3;9;4;9;5;9;5;8
1;0;10;4;5;11;5;11;5;10;4;10;3;10;2;10;1;10;1;9;2;9;3;9;4;9;5;9;5;8;5;7
1;0;10;4;5;11;5;10;4;10;3;10;2;10;1;10;1;9;2;9;3;9;4;9;5;9;5;8;5;7;5;6
1;0;10;4;5;10;4;10;3;10;2;10;1;10;1;9;2;9;3;9;4;9;5;9;5;8;5;7;5;6;5;5
1;0;10;4;4;10;3;10;2;10;1;10;1;9;2;9;3;9;4;9;5;9;5;8;5;7;5;6;5;5;5;4
1;1;10;4;3;10;2;10;1;10;1;9;2;9;3;9;4;9;5;9;5;8;5;7;5;6;5;5;5;4;6;4
1;1;10;4;2;10;1;10;1;9;2;9;3;9;4;9;5;9;5;8;5;7;5;6;5;5;5;4;6;4;7;4
1;1;10;4;1;10;1;9;2;9;3;9;4;9;5;9;5;8;5;7;5;6;5;5;5;4;6;4;7;4;8;4
1;1;10;4;1;9;2;9;3;9;4;9;5;9;5;8;5;7;5;6;5;5;5;4;6;4;7;4;8;4;9;4
1;1;1;1;2;9;2;9;3;9;4;9;5;9;5;8;5;7;5;6;5;5;5;4;6;4;7;4;8;4;9;4;10;4
1;0;1;1;2;9;3;9;4;9;5;9;5;8;5;7;5;6;5;5;5;4;6;4;7;4;8;4;9;4;10;4;10;3
1;0;1;1;3;9;4;9;5;9;5;8;5;7;5;6;5;5;5;4;6;4;7;4;8;4;9;4;10;4;10;3;10;2
1;0;1;1;4;9;5;9;5;8;5;7;5;6;5;5;5;4;6;4;7;4;8;4;9;4;10;4;10;3;10;2;10;1
1;3;1;1;5;9;5;8;5;7;5;6;5;5;5;4;6;4;7;4;8;4;9;4;10;4;10;3;10;2;10;1;9;1
1;3;1;1;5;8;5;7;5;6;5;5;5;4;6;4;7;4;8;4;9;4;10;4;10;3;10;2;10;1;9;1;8;1
1;3;1;1;5;7;5;6;5;5;5;4;6;4;7;4;8;4;9;4;10;4;10;3;10;2;10;1;9;1;8;1;7;1
1;3;1;1;5;6;5;5;5;4;6;4;7;4;8;4;9;4;10;4;10;3;10;2;10;1;9;1;8;1;7;1;6;1
1;3;1;1;5;5;5;4;6;4;7;4;8;4;9;4;10;4;10;3;10;2;10;1;9;1;8;1;7;1;6;1;5;1
1;3;1;1;5;4;6;4;7;4;8;4;9;4;10;4;10;3;10;2;10;1;9;1;8;1;7;1;6;1;5;1;4;1
1;3;1;1;6;4;7;4;8;4;9;4;10;4;10;3;10;2;10;1;9;1;8;1;7;1;6;1;5;1;4;1;3;1
1;3;1;1;7;4;8;4;9;4;10;4;10;3;10;2;10;1;9;1;8;1;7;1;6;1;5;1;4;1;3;1;2;1
1;3;6;15;8;4;8;4;9;4;10;4;10;3;10;2;10;1;9;1;8;1;7;1;6;1;5;1;4;1;3;1;2;1;1;1
1;2;6;15;8;4;9;4;10;4;10;3;10;2;10;1;9;1;8;1;7;1;6;1;5;1;4;1;3;1;2;1;1;1;1;2
1;2;6;15;9;4;10;4;10;3;10;2;10;1;9;1;8;1;7;1;6;1;5;1;4;1;3;1;2;1;1;1;1;2;1;3
1;2;6;15;10;4;10;3;10;2;10;1;9;1;8;1;7;1;6;1;5;1;4;1;3;1;2;1;1;1;1;2;1;3;1;4
1;2;6;15;10;3;10;2;10;1;9;1;8;1;7;1;6;1;5;1;4;1;3;1;2;1;1;1;1;2;1;3;1;4;1;5
1;2;6;15;10;2;10;1;9;1;8;1;7;1;6;1;5;1;4;1;3;1;2;1;1;1;1;2;1;3;1;4;1;5;1;6
1;2;6;15;10;1;9;1;8;1;7;1;6;1;5;1;4;1;3;1;2;1;1;1;1;2;1;3;1;4;1;5;1;6;1;7
1;2;6;15;9;1;8;1;7;1;6;1;5;1;4;1;3;1;2;1;1;1;1;2;1;3;1;4;1;5;1;6;1;7;1;8
1;1;6;15;8;1;7;1;6;1;5;1;4;1;3;1;2;1;1;1;1;2;1;3;1;4;1;5;1;6;1;7;1;8;2;8
1;1;6;15;7;1;6;1;5;1;4;1;3;1;2;1;1;1;1;2;1;3;1;4;1;5;1;6;1;7;1;8;2;8;3;8
1;1;6;15;6;1;5;1;4;1;3;1;2;1;1;1;1;2;1;3;1;4;1;5;1;6;1;7;1;8;2;8;3;8;4;8
1;1;6;15;5;1;4;1;3;1;2;1;1;1;1;2;1;3;1;4;1;5;1;6;1;7;1;8;2;8;3;8;4;8;5;8
1;1;6;15;4;1;3;1;2;1;1;1;1;2;1;3;1;4;1;5;1;6;1;7;1;8;2;8;3;8;4;8;5;8;6;8
1;2;6;15;3;1;2;1;1;1;1;2;1;3;1;4;1;5;1;6;1;7;1;8;2;8;3;8;4;8;5;8;6;8;6;9
1;2;6;15;2;1;1;1;1;2;1;3;1;4;1;5;1;6;1;7;1;8;2;8;3;8;4;8;5;8;6;8;6;9;6;10
1;2;6;15;1;1;1;2;1;3;1;4;1;5;1;6;1;7;1;8;2;8;3;8;4;8;5;8;6;8;6;9;6;10;6;11
1;2;6;15;1;2;1;3;1;4;1;5;1;6;1;7;1;8;2;8;3;8;4;8;5;8;6;8;6;9;6;10;6;11;6;12
1;2;6;15;1;3;1;4;1;5;1;6;1;7;1;8;2;8;3;8;4;8;5;8;6;8;6;9;6;10;6;11;6;12;6;13
1;2;6;15;1;4;1;5;1;6;1;7;1;8;2;8;3;8;4;8;5;8;6;8;6;9;6;10;6;11;6;12;6;13;6;14
1;2;9;5;1;5;1;5;1;6;1;7;1;8;2;8;3;8;4;8;5;8;6;8;6;9;6;10;6;11;6;12;6;13;6;14;6;15
1;1;9;5;1;5;1;6;1;7;1;8;2;8;3;8;4;8;5;8;6;8;6;9;6;10;6;11;6;12;6;13;6;14;6;15;7;15
1;1;9;5;1;6;1;7;1;8;2;8;3;8;4;8;5;8;6;8;6;9;6;10;6;11;6;12;6;13;6;14;6;15;7;15;8;15
1;1;9;5;1;7;1;8;2;8;3;8;4;8;5;8;6;8;6;9;6;10;6;11;6;12;6;13;6;14;6;15;7;15;8;15;9;15
1;0;9;5;1;8;2;8;3;8;4;8;5;8;6;8;6;9;6;10;6;11;6;12;6;13;6;14;6;15;7;15;8;15;9;15;9;14
1;0;9;5;2;8;3;8;4;8;5;8;6;8;6;9;6;10;6;11;6;12;6;13;6;14;6;15;7;15;8;15;9;15;9;14;9;13
1;0;9;5;3;8;4;8;5;8;6;8;6;9;6;10;6;11;6;12;6;13;6;14;6;15;7;15;8;15;9;15;9;14;9;13;9;12
1;0;9;5;4;8;5;8;6;8;6;9;6;10;6;11;6;12;6;13;6;14;6;15;7;15;8;15;9;15;9;14;9;13;9;12;9;11
1;0;9;5;5;8;6;8;6;9;6;10;6;11;6;12;6;13;6;14;6;15;7;15;8;15;9;15;9;14;9;13;9;12;9;11;9;10
1;0;9;5;6;8;6;9;6;10;6;11;6;12;6;13;6;14;6;15;7;15;8;15;9;15;9;14;9;13;9;12;9;11;9;10;9;9
1;0;9;5;6;9;6;10;6;11;6;12;6;13;6;14;6;15;7;15;8;15;9;15;9;14;9;13;9;12;9;11;9;10;9;9;9;8
1;0;9;5;6;10;6;11;6;12;6;13;6;14;6;15;7;15;8;15;9;15;9;14;9;13;9;12;9;11;9;10;9;9;9;8;9;7
1;0;9;5;6;11;6;12;6;13;6;14;6;15;7;15;8;15;9;15;9;14;9;13;9;12;9;11;9;10;9;9;9;8;9;7;9;6
1;0;9;1;6;12;6;12;6;13;6;14;6;15;7;15;8;15;9;15;9;14;9;13;9;12;9;11;9;10;9;9;9;8;9;7;9;6;9;5
1;0;9;1;6;12;6;13;6;14;6;15;7;15;8;15;9;15;9;14;9;13;9;12;9;11;9;10;9;9;9;8;9;7;9;6;9;5;9;4
1;0;9;1;6;13;6;14;6;15;7;15;8;15;9;15;9;14;9;13;9;12;9;11;9;10;9;9;9;8;9;7;9;6;9;5;9;4;9;3
1;0;9;1;6;14;6;15;7;15;8;15;9;15;9;14;9;13;9;12;9;11;9;10;9;9;9;8;9;7;9;6;9;5;9;4;9;3;9;2
1;0;6;8;6;15;6;15;7;15;8;15;9;15;9;14;9;13;9;12;9;11;9;10;9;9;9;8;9;7;9;6;9;5;9;4;9;3;9;2;9;1
1;3;6;8;6;15;7;15;8;15;9;15;9;14;9;13;9;12;9;11;9;10;9;9;9;8;9;7;9;6;9;5;9;4;9;3;9;2;9;1;8;1
1;3;6;8;7;15;8;15;9;15;9;14;9;13;9;12;9;11;9;10;9;9;9;8;9;7;9;6;9;5;9;4;9;3;9;2;9;1;8;1;7;1
1;3;6;8;8;15;9;15;9;14;9;13;9;12;9;11;9;10;9;9;9;8;9;7;9;6;9;5;9;4;9;3;9;2;9;1;8;1;7;1;6;1
1;2;6;8;9;15;9;14;9;13;9;12;9;11;9;10;9;9;9;8;9;7;9;6;9;5;9;4;9;3;9;2;9;1;8;1;7;1;6;1;6;2
1;2;6;8;9;14;9;13;9;12;9;11;9;10;9;9;9;8;9;7;9;6;9;5;9;4;9;3;9;2;9;1;8;1;7;1;6;1;6;2;6;3
1;2;6;8;9;13;9;12;9;11;9;10;9;9;9;8;9;7;9;6;9;5;9;4;9;3;9;2;9;1;8;1;7;1;6;1;6;2;6;3;6;4
1;2;6;8;9;12;9;11;9;10;9;9;9;8;9;7;9;6;9;5;9;4;9;3;9;2;9;1;8;1;7;1;6;1;6;2;6;3;6;4;6;5
1;2;6;8;9;11;9;10;9;9;9;8;9;7;9;6;9;5;9;4;9;3;9;2;9;1;8;1;7;1;6;1;6;2;6;3;6;4;6;5;6;6
1;2;6;8;9;10;9;9;9;8;9;7;9;6;9;5;9;4;9;3;9;2;9;1;8;1;7;1;6;1;6;2;6;3;6;4;6;5;6;6;6;7
1;2;2;12;9;9;9;9;9;8;9;7;9;6;9;5;9;4;9;3;9;2;9;1;8;1;7;1;6;1;6;2;6;3;6;4;6;5;6;6;6;7;6;8
1;2;2;12;9;9;9;8;9;7;9;6;9;5;9;4;9;3;9;2;9;1;8;1;7;1;6;1;6;2;6;3;6;4;6;5;6;6;6;7;6;8;6;9
1;2;2;12;9;8;9;7;9;6;9;5;9;4;9;3;9;2;9;1;8;1;7;1;6;1;6;2;6;3;6;4;6;5;6;6;6;7;6;8;6;9;6;10
1;3;2;12;9;7;9;6;9;5;9;4;9;3;9;2;9;1;8;1;7;1;6;1;6;2;6;3;6;4;6;5;6;6;6;7;6;8;6;9;6;10;5;10
1;3;2;12;9;6;9;5;9;4;9;3;9;2;9;1;8;1;7;1;6;1;6;2;6;3;6;4;6;5;6;6;6;7;6;8;6;9;6;10;5;10;4;10
1;3;2;12;9;5;9;4;9;3;9;2;9;1;8;1;7;1;6;1;6;2;6;3;6;4;6;5;6;6;6;7;6;8;6;9;6;10;5;10;4;10;3;10
1;3;2;12;9;4;9;3;9;2;9;1;8;1;7;1;6;1;6;2;6;3;6;4;6;5;6;6;6;7;6;8;6;9;6;10;5;10;4;10;3;10;2;10
1;2;2;12;9;3;9;2;9;1;8;1;7;1;6;1;6;2;6;3;6;4;6;5;6;6;6;7;6;8;6;9;6;10;5;10;4;10;3;10;2;10;2;11
1;2;11;16;9;2;9;2;9;1;8;1;7;1;6;1;6;2;6;3;6;4;6;5;6;6;6;7;6;8;6;9;6;10;5;10;4;10;3;10;2;10;2;11;2;12
1;1;11;16;9;2;9;1;8;1;7;1;6;1;6;2;6;3;6;4;6;5;6;6;6;7;6;8;6;9;6;10;5;10;4;10;3;10;2;10;2;11;2;12;3;12
1;1;11;16;9;1;8;1;7;1;6;1;6;2;6;3;6;4;6;5;6;6;6;7;6;8;6;9;6;10;5;10;4;10;3;10;2;10;2;11;2;12;3;12;4;12
1;1;11;16;8;1;7;1;6;1;6;2;6;3;6;4;6;5;6;6;6;7;6;8;6;9;6;10;5;10;4;10;3;10;2;10;2;11;2;12;3;12;4;12;5;12
1;1;11;16;7;1;6;1;6;2;6;3;6;4;6;5;6;6;6;7;6;8;6;9;6;10;5;10;4;10;3;10;2;10;2;11;2;12;3;12;4;12;5;12;6;12
1;1;11;16;6;1;6;2;6;3;6;4;6;5;6;6;6;7;6;8;6;9;6;10;5;10;4;10;3;10;2;10;2;11;2;12;3;12;4;12;5;12;6;12;7;12
1;2;11;16;6;2;6;3;6;4;6;5;6;6;6;7;6;8;6;9;6;10;5;10;4;10;3;10;2;10;2;11;2;12;3;12;4;12;5;12;6;12;7;12;7;13
1;2;11;16;6;3;6;4;6;5;6;6;6;7;6;8;6;9;6;10;5;10;4;10;3;10;2;10;2;11;2;12;3;12;4;12;5;12;6;12;7;12;7;13;7;14
1;2;11;16;6;4;6;5;6;6;6;7;6;8;6;9;6;10;5;10;4;10;3;10;2;10;2;11;2;12;3;12;4;12;5;12;6;12;7;12;7;13;7;14;7;15
1;2;11;16;6;5;6;6;6;7;6;8;6;9;6;10;5;10;4;10;3;10;2;10;2;11;2;12;3;12;4;12;5;12;6;12;7;12;7;13;7;14;7;15;7;16
1;1;11;16;6;6;6;7;6;8;6;9;6;10;5;10;4;10;3;10;2;10;2;11;2;12;3;12;4;12;5;12;6;12;7;12;7;13;7;14;7;15;7;16;8;16
1;1;11;16;6;7;6;8;6;9;6;10;5;10;4;10;3;10;2;10;2;11;2;12;3;12;4;12;5;12;6;12;7;12;7;13;7;14;7;15;7;16;8;16;9;16
1;1;11;16;6;8;6;9;6;10;5;10;4;10;3;10;2;10;2;11;2;12;3;12;4;12;5;12;6;12;7;12;7;13;7;14;7;15;7;16;8;16;9;16;10;16
1;1;18;18;6;9;6;9;6;10;5;10;4;10;3;10;2;10;2;11;2;12;3;12;4;12;5;12;6;12;7;12;7;13;7;14;7;15;7;16;8;16;9;16;10;16;11;16
1;2;18;18;6;9;6;10;5;10;4;10;3;10;2;10;2;11;2;12;3;12;4;12;5;12;6;12;7;12;7;13;7;14;7;15;7;16;8;16;9;16;10;16;11;16;11;17
1;2;18;18;6;10;5;10;4;10;3;10;2;10;2;11;2;12;3;12;4;12;5;12;6;12;7;12;7;13;7;14;7;15;7;16;8;16;9;16;10;16;11;16;11;17;11;18
1;1;18;18;5;10;4;10;3;10;2;10;2;11;2;12;3;12;4;12;5;12;6;12;7;12;7;13;7;14;7;15;7;16;8;16;9;16;10;16;11;16;11;17;11;18;12;18
1;1;18;18;4;10;3;10;2;10;2;11;2;12;3;12;4;12;5;12;6;12;7;12;7;13;7;14;7;15;7;16;8;16;9;16;10;16;11;16;11;17;11;18;12;18;13;18
1;1;18;18;3;10;2;10;2;11;2;12;3;12;4;12;5;12;6;12;7;12;7;13;7;14;7;15;7;16;8;16;9;16;10;16;11;16;11;17;11;18;12;18;13;18;14;18
1;1;18;18;2;10;2;11;2;12;3;12;4;12;5;12;6;12;7;12;7;13;7;14;7;15;7;16;8;16;9;16;10;16;11;16;11;17;11;18;12;18;13;18;14;18;15;18
1;1;18;18;2;11;2;12;3;12;4;12;5;12;6;12;7;12;7;13;7;14;7;15;7;16;8;16;9;16;10;16;11;16;11;17;11;18;12;18;13;18;14;18;15;18;16;18
1;1;18;18;2;12;3;12;4;12;5;12;6;12;7;12;7;13;7;14;7;15;7;16;8;16;9;16;10;16;11;16;11;17;11;18;12;18;13;18;14;18;15;18;16;18;17;18
1;1;9;1;3;12;3;12;4;12;5;12;6;12;7;12;7;13;7;14;7;15;7;16;8;16;9;16;10;16;11;16;11;17;11;18;12;18;13;18;14;18;15;18;16;18;17;18;18;18
1;0;9;1;3;12;4;12;5;12;6;12;7;12;7;13;7;14;7;15;7;16;8;16;9;16;10;16;11;16;11;17;11;18;12;18;13;18;14;18;15;18;16;18;17;18;18;18;18;17
1;0;9;1;4;12;5;12;6;12;7;12;7;13;7;14;7;15;7;16;8;16;9;16;10;16;11;16;11;17;11;18;12;18;13;18;14;18;15;18;16;18;17;18;18;18;18;17;18;16
1;0;9;1;5;12;6;12;7;12;7;13;7;14;7;15;7;16;8;16;9;16;10;16;11;16;11;17;11;18;12;18;13;18;14;18;15;18;16;18;17;18;18;18;18;17;18;16;18;15
1;0;9;1;6;12;7;12;7;13;7;14;7;15;7;16;8;16;9;16;10;16;11;16;11;17;11;18;12;18;13;18;14;18;15;18;16;18;17;18;18;18;18;17;18;16;18;15;18;14
1;0;9;1;7;12;7;13;7;14;7;15;7;16;8;16;9;16;10;16;11;16;11;17;11;18;12;18;13;18;14;18;15;18;16;18;17;18;18;18;18;17;18;16;18;15;18;14;18;13
1;0;9;1;7;13;7;14;7;15;7;16;8;16;9;16;10;16;11;16;11;17;11;18;12;18;13;18;14;18;15;18;16;18;17;18;18;18;18;17;18;16;18;15;18;14;18;13;18;12
1;3;9;1;7;14;7;15;7;16;8;16;9;16;10;16;11;16;11;17;11;18;12;18;13;18;14;18;15;18;16;18;17;18;18;18;18;17;18;16;18;15;18;14;18;13;18;12;17;12
1;0;9;1;7;15;7;16;8;16;9;16;10;16;11;16;11;17;11;18;12;18;13;18;14;18;15;18;16;18;17;18;18;18;18;17;18;16;18;15;18;14;18;13;18;12;17;12;17;11
1;0;9;1;7;16;8;16;9;16;10;16;11;16;11;17;11;18;12;18;13;18;14;18;15;18;16;18;17;18;18;18;18;17;18;16;18;15;18;14;18;13;18;12;17;12;17;11;17;10
1;3;9;1;8;16;9;16;10;16;11;16;11;17;11;18;12;18;13;18;14;18;15;18;16;18;17;18;18;18;18;17;18;16;18;15;18;14;18;13;18;12;17;12;17;11;17;10;16;10
1;3;9;1;9;16;10;16;11;16;11;17;11;18;12;18;13;18;14;18;15;18;16;18;17;18;18;18;18;17;18;16;18;15;18;14;18;13;18;12;17;12;17;11;17;10;16;10;15;10
1;0;9;1;10;16;11;16;11;17;11;18;12;18;13;18;14;18;15;18;16;18;17;18;18;18;18;17;18;16;18;15;18;14;18;13;18;12;17;12;17;11;17;10;16;10;15;10;15;9
1;3;9;1;11;16;11;17;11;18;12;18;13;18;14;18;15;18;16;18;17;18;18;18;18;17;18;16;18;15;18;14;18;13;18;12;17;12;17;11;17;10;16;10;15;10;15;9;14;9
1;3;9;1;11;17;11;18;12;18;13;18;14;18;15;18;16;18;17;18;18;18;18;17;18;16;18;15;18;14;18;13;18;12;17;12;17;11;17;10;16;10;15;10;15;9;14;9;13;9
1;3;9;1;11;18;12;18;13;18;14;18;15;18;16;18;17;18;18;18;18;17;18;16;18;15;18;14;18;13;18;12;17;12;17;11;17;10;16;10;15;10;15;9;14;9;13;9;12;9
1;3;9;1;12;18;13;18;14;18;15;18;16;18;17;18;18;18;18;17;18;16;18;15;18;14;18;13;18;12;17;12;17;11;17;10;16;10;15;10;15;9;14;9;13;9;12;9;11;9
1;3;9;1;13;18;14;18;15;18;16;18;17;18;18;18;18;17;18;16;18;15;18;14;18;13;18;12;17;12;17;11;17;10;16;10;15;10;15;9;14;9;13;9;12;9;11;9;10;9
1;3;9;1;14;18;15;18;16;18;17;18;18;18;18;17;18;16;18;15;18;14;18;13;18;12;17;12;17;11;17;10;16;10;15;10;15;9;14;9;13;9;12;9;11;9;10;9;9;9
1;0;9;1;15;18;16;18;17;18;18;18;18;17;18;16;18;15;18;14;18;13;18;12;17;12;17;11;17;10;16;10;15;10;15;9;14;9;13;9;12;9;11;9;10;9;9;9;9;8
1;0;9;1;16;18;17;18;18;18;18;17;18;16;18;15;18;14;18;13;18;12;17;12;17;11;17;10;16;10;15;10;15;9;14;9;13;9;12;9;11;9;10;9;9;9;9;8;9;7
1;0;9;1;17;18;18;18;18;17;18;16;18;15;18;14;18;13;18;12;17;12;17;11;17;10;16;10;15;10;15;9;14;9;13;9;12;9;11;9;10;9;9;9;9;8;9;7;9;6
1;0;9;1;18;18;18;17;18;16;18;15;18;14;18;13;18;12;17;12;17;11;17;10;16;10;15;10;15;9;14;9;13;9;12;9;11;9;10;9;9;9;9;8;9;7;9;6;9;5
1;0;9;1;18;17;18;16;18;15;18;14;18;13;18;12;17;12;17;11;17;10;16;10;15;10;15;9;14;9;13;9;12;9;11;9;10;9;9;9;9;8;9;7;9;6;9;5;9;4
1;0;9;1;18;16;18;15;18;14;18;13;18;12;17;12;17;11;17;10;16;10;15;10;15;9;14;9;13;9;12;9;11;9;10;9;9;9;9;8;9;7;9;6;9;5;9;4;9;3
1;0;9;1;18;15;18;14;18;13;18;12;17;12;17;11;17;10;16;10;15;10;15;9;14;9;13;9;12;9;11;9;10;9;9;9;9;8;9;7;9;6;9;5;9;4;9;3;9;2
1;0;15;2;18;14;18;14;18;13;18;12;17;12;17;11;17;10;16;10;15;10;15;9;14;9;13;9;12;9;11;9;10;9;9;9;9;8;9;7;9;6;9;5;9;4;9;3;9;2;9;1
1;1;15;2;18;14;18;13;18;12;17;12;17;11;17;10;16;10;15;10;15;9;14;9;13;9;12;9;11;9;10;9;9;9;9;8;9;7;9;6;9;5;9;4;9;3;9;2;9;1;10;1
1;1;15;2;18;13;18;12;17;12;17;11;17;10;16;10;15;10;15;9;14;9;13;9;12;9;11;9;10;9;9;9;9;8;9;7;9;6;9;5;9;4;9;3;9;2;9;1;10;1;11;1
1;1;15;2;18;12;17;12;17;11;17;10;16;10;15;10;15;9;14;9;13;9;12;9;11;9;10;9;9;9;9;8;9;7;9;6;9;5;9;4;9;3;9;2;9;1;10;1;11;1;12;1
1;1;15;2;17;12;17;11;17;10;16;10;15;10;15;9;14;9;13;9;12;9;11;9;10;9;9;9;9;8;9;7;9;6;9;5;9;4;9;3;9;2;9;1;10;1;11;1;12;1;13;1
1;1;15;2;17;11;17;10;16;10;15;10;15;9;14;9;13;9;12;9;11;9;10;9;9;9;9;8;9;7;9;6;9;5;9;4;9;3;9;2;9;1;10;1;11;1;12;1;13;1;14;1
1;1;15;2;17;10;16;10;15;10;15;9;14;9;13;9;12;9;11;9;10;9;9;9;9;8;9;7;9;6;9;5;9;4;9;3;9;2;9;1;10;1;11;1;12;1;13;1;14;1;15;1
1;0;15;2;16;10;15;10;15;9;14;9;13;9;12;9;11;9;10;9;9;9;9;8;9;7;9;6;9;5;9;4;9;3;9;2;9;1;10;1;11;1;12;1;13;1;14;1;15;1;15;0
1;3;15;2;15;10;15;9;14;9;13;9;12;9;11;9;10;9;9;9;9;8;9;7;9;6;9;5;9;4;9;3;9;2;9;1;10;1;11;1;12;1;13;1;14;1;15;1;15;0;14;0
1;3;15;2;15;9;14;9;13;9;12;9;11;9;10;9;9;9;9;8;9;7;9;6;9;5;9;4;9;3;9;2;9;1;10;1;11;1;12;1;13;1;14;1;15;1;15;0;14;0;13;0
1;3;15;2;14;9;13;9;12;9;11;9;10;9;9;9;9;8;9;7;9;6;9;5;9;4;9;3;9;2;9;1;10;1;11;1;12;1;13;1;14;1;15;1;15;0;14;0;13;0;12;0
1;3;15;2;13;9;12;9;11;9;10;9;9;9;9;8;9;7;9;6;9;5;9;4;9;3;9;2;9;1;10;1;11;1;12;1;13;1;14;1;15;1;15;0;14;0;13;0;12;0;11;0
1;3;15;2;12;9;11;9;10;9;9;9;9;8;9;7;9;6;9;5;9;4;9;3;9;2;9;1;10;1;11;1;12;1;13;1;14;1;15;1;15;0;14;0;13;0;12;0;11;0;10;0
1;3;15;2;11;9;10;9;9;9;9;8;9;7;9;6;9;5;9;4;9;3;9;2;9;1;10;1;11;1;12;1;13;1;14;1;15;1;15;0;14;0;13;0;12;0;11;0;10;0;9;0
1;3;15;2;10;9;9;9;9;8;9;7;9;6;9;5;9;4;9;3;9;2;9;1;10;1;11;1;12;1;13;1;14;1;15;1;15;0;14;0;13;0;12;0;11;0;10;0;9;0;8;0
1;2;15;2;9;9;9;8;9;7;9;6;9;5;9;4;9;3;9;2;9;1;10;1;11;1;12;1;13;1;14;1;15;1;15;0;14;0;13;0;12;0;11;0;10;0;9;0;8;0;8;1
1;2;15;2;9;8;9;7;9;6;9;5;9;4;9;3;9;2;9;1;10;1;11;1;12;1;13;1;14;1;15;1;15;0;14;0;13;0;12;0;11;0;10;0;9;0;8;0;8;1;8;2
1;2;15;2;9;7;9;6;9;5;9;4;9;3;9;2;9;1;10;1;11;1;12;1;13;1;14;1;15;1;15;0;14;0;13;0;12;0;11;0;10;0;9;0;8;0;8;1;8;2;8;3
1;2;15;2;9;6;9;5;9;4;9;3;9;2;9;1;10;1;11;1;12;1;13;1;14;1;15;1;15;0;14;0;13;0;12;0;11;0;10;0;9;0;8;0;8;1;8;2;8;3;8;4
1;3;15;2;9;5;9;4;9;3;9;2;9;1;10;1;11;1;12;1;13;1;14;1;15;1;15;0;14;0;13;0;12;0;11;0;10;0;9;0;8;0;8;1;8;2;8;3;8;4;7;4
1;0;15;2;9;4;9;3;9;2;9;1;10;1;11;1;12;1;13;1;14;1;15;1;15;0;14;0;13;0;12;0;11;0;10;0;9;0;8;0;8;1;8;2;8;3;8;4;7;4;7;3
1;0;15;2;9;3;9;2;9;1;10;1;11;1;12;1;13;1;14;1;15;1;15;0;14;0;13;0;12;0;11;0;10;0;9;0;8;0;8;1;8;2;8;3;8;4;7;4;7;3;7;2
1;3;15;2;9;2;9;1;10;1;11;1;12;1;13;1;14;1;15;1;15;0;14;0;13;0;12;0;11;0;10;0;9;0;8;0;8;1;8;2;8;3;8;4;7;4;7;3;7;2;6;2
1;2;15;2;9;1;10;1;11;1;12;1;13;1;14;1;15;1;15;0;14;0;13;0;12;0;11;0;10;0;9;0;8;0;8;1;8;2;8;3;8;4;7;4;7;3;7;2;6;2;6;3
1;2;15;2;10;1;11;1;12;1;13;1;14;1;15;1;15;0;14;0;13;0;12;0;11;0;10;0;9;0;8;0;8;1;8;2;8;3;8;4;7;4;7;3;7;2;6;2;6;3;6;4
1;3;15;2;11;1;12;1;13;1;14;1;15;1;15;0;14;0;13;0;12;0;11;0;10;0;9;0;8;0;8;1;8;2;8;3;8;4;7;4;7;3;7;2;6;2;6;3;6;4;5;4
1;0;15;2;12;1;13;1;14;1;15;1;15;0;14;0;13;0;12;0;11;0;10;0;9;0;8;0;8;1;8;2;8;3;8;4;7;4;7;3;7;2;6;2;6;3;6;4;5;4;5;3
1;0;15;2;13;1;14;1;15;1;15;0;14;0;13;0;12;0;11;0;10;0;9;0;8;0;8;1;8;2;8;3;8;4;7;4;7;3;7;2;6;2;6;3;6;4;5;4;5;3;5;2
1;3;15;2;14;1;15;1;15;0;14;0;13;0;12;0;11;0;10;0;9;0;8;0;8;1;8;2;8;3;8;4;7;4;7;3;7;2;6;2;6;3;6;4;5;4;5;3;5;2;4;2
1;2;15;2;15;1;15;0;14;0;13;0;12;0;11;0;10;0;9;0;8;0;8;1;8;2;8;3;8;4;7;4;7;3;7;2;6;2;6;3;6;4;5;4;5;3;5;2;4;2;4;3
1;2;15;2;15;0;14;0;13;0;12;0;11;0;10;0;9;0;8;0;8;1;8;2;8;3;8;4;7;4;7;3;7;2;6;2;6;3;6;4;5;4;5;3;5;2;4;2;4;3;4;4
1;2;15;2;14;0;13;0;12;0;11;0;10;0;9;0;8;0;8;1;8;2;8;3;8;4;7;4;7;3;7;2;6;2;6;3;6;4;5;4;5;3;5;2;4;2;4;3;4;4;4;5
1;1;15;2;13;0;12;0;11;0;10;0;9;0;8;0;8;1;8;2;8;3;8;4;7;4;7;3;7;2;6;2;6;3;6;4;5;4;5;3;5;2;4;2;4;3;4;4;4;5;5;5
1;2;15;2;12;0;11;0;10;0;9;0;8;0;8;1;8;2;8;3;8;4;7;4;7;3;7;2;6;2;6;3;6;4;5;4;5;3;5;2;4;2;4;3;4;4;4;5;5;5;5;6
1;1;15;2;11;0;10;0;9;0;8;0;8;1;8;2;8;3;8;4;7;4;7;3;7;2;6;2;6;3;6;4;5;4;5;3;5;2;4;2;4;3;4;4;4;5;5;5;5;6;6;6
1;2;15;2;10;0;9;0;8;0;8;1;8;2;8;3;8;4;7;4;7;3;7;2;6;2;6;3;6;4;5;4;5;3;5;2;4;2;4;3;4;4;4;5;5;5;5;6;6;6;6;7
1;1;15;2;9;0;8;0;8;1;8;2;8;3;8;4;7;4;7;3;7;2;6;2;6;3;6;4;5;4;5;3;5;2;4;2;4;3;4;4;4;5;5;5;5;6;6;6;6;7;7;7
1;2;15;2;8;0;8;1;8;2;8;3;8;4;7;4;7;3;7;2;6;2;6;3;6;4;5;4;5;3;5;2;4;2;4;3;4;4;4;5;5;5;5;6;6;6;6;7;7;7;7;8
1;1;15;2;8;1;8;2;8;3;8;4;7;4;7;3;7;2;6;2;6;3;6;4;5;4;5;3;5;2;4;2;4;3;4;4;4;5;5;5;5;6;6;6;6;7;7;7;7;8;8;8
1;2;15;2;8;2;8;3;8;4;7;4;7;3;7;2;6;2;6;3;6;4;5;4;5;3;5;2;4;2;4;3;4;4;4;5;5;5;5;6;6;6;6;7;7;7;7;8;8;8;8;9
1;1;15;2;8;3;8;4;7;4;7;3;7;2;6;2;6;3;6;4;5;4;5;3;5;2;4;2;4;3;4;4;4;5;5;5;5;6;6;6;6;7;7;7;7;8;8;8;8;9;9;9
1;0;15;2;8;4;7;4;7;3;7;2;6;2;6;3;6;4;5;4;5;3;5;2;4;2;4;3;4;4;4;5;5;5;5;6;6;6;6;7;7;7;7;8;8;8;8;9;9;9;9;8
1;0;15;2;7;4;7;3;7;2;6;2;6;3;6;4;5;4;5;3;5;2;4;2;4;3;4;4;4;5;5;5;5;6;6;6;6;7;7;7;7;8;8;8;8;9;9;9;9;8;9;7
1;0;15;2;7;3;7;2;6;2;6;3;6;4;5;4;5;3;5;2;4;2;4;3;4;4;4;5;5;5;5;6;6;6;6;7;7;7;7;8;8;8;8;9;9;9;9;8;9;7;9;6
1;0;15;2;7;2;6;2;6;3;6;4;5;4;5;3;5;2;4;2;4;3;4;4;4;5;5;5;5;6;6;6;6;7;7;7;7;8;8;8;8;9;9;9;9;8;9;7;9;6;9;5
1;0;15;2;6;2;6;3;6;4;5;4;5;3;5;2;4;2;4;3;4;4;4;5;5;5;5;6;6;6;6;7;7;7;7;8;8;8;8;9;9;9;9;8;9;7;9;6;9;5;9;4
1;0;15;2;6;3;6;4;5;4;5;3;5;2;4;2;4;3;4;4;4;5;5;5;5;6;6;6;6;7;7;7;7;8;8;8;8;9;9;9;9;8;9;7;9;6;9;5;9;4;9;3
1;0;15;2;6;4;5;4;5;3;5;2;4;2;4;3;4;4;4;5;5;5;5;6;6;6;6;7;7;7;7;8;8;8;8;9;9;9;9;8;9;7;9;6;9;5;9;4;9;3;9;2
1;1;15;2;5;4;5;3;5;2;4;2;4;3;4;4;4;5;5;5;5;6;6;6;6;7;7;7;7;8;8;8;8;9;9;9;9;8;9;7;9;6;9;5;9;4;9;3;9;2;10;2
1;1;15;2;5;3;5;2;4;2;4;3;4;4;4;5;5;5;5;6;6;6;6;7;7;7;7;8;8;8;8;9;9;9;9;8;9;7;9;6;9;5;9;4;9;3;9;2;10;2;11;2
1;1;15;2;5;2;4;2;4;3;4;4;4;5;5;5;5;6;6;6;6;7;7;7;7;8;8;8;8;9;9;9;9;8;9;7;9;6;9;5;9;4;9;3;9;2;10;2;11;2;12;2
1;1;15;2;4;2;4;3;4;4;4;5;5;5;5;6;6;6;6;7;7;7;7;8;8;8;8;9;9;9;9;8;9;7;9;6;9;5;9;4;9;3;9;2;10;2;11;2;12;2;13;2
1;1;15;2;4;3;4;4;4;5;5;5;5;6;6;6;6;7;7;7;7;8;8;8;8;9;9;9;9;8;9;7;9;6;9;5;9;4;9;3;9;2;10;2;11;2;12;2;13;2;14;2
1;1;7;4;4;4;4;4;4;5;5;5;5;6;6;6;6;7;7;7;7;8;8;8;8;9;9;9;9;8;9;7;9;6;9;5;9;4;9;3;9;2;10;2;11;2;12;2;13;2;14;2;15;2
1;2;7;4;4;4;4;5;5;5;5;6;6;6;6;7;7;7;7;8;8;8;8;9;9;9;9;8;9;7;9;6;9;5;9;4;9;3;9;2;10;2;11;2;12;2;13;2;14;2;15;2;15;3
1;2;7;4;4;5;5;5;5;6;6;6;6;7;7;7;7;8;8;8;8;9;9;9;9;8;9;7;9;6;9;5;9;4;9;3;9;2;10;2;11;2;12;2;13;2;14;2;15;2;15;3;15;4
1;3;7;4;5;5;5;6;6;6;6;7;7;7;7;8;8;8;8;9;9;9;9;8;9;7;9;6;9;5;9;4;9;3;9;2;10;2;11;2;12;2;13;2;14;2;15;2;15;3;15;4;14;4
1;3;7;4;5;6;6;6;6;7;7;7;7;8;8;8;8;9;9;9;9;8;9;7;9;6;9;5;9;4;9;3;9;2;10;2;11;2;12;2;13;2;14;2;15;2;15;3;15;4;14;4;13;4
1;3;7;4;6;6;6;7;7;7;7;8;8;8;8;9;9;9;9;8;9;7;9;6;9;5;9;4;9;3;9;2;10;2;11;2;12;2;13;2;14;2;15;2;15;3;15;4;14;4;13;4;12;4
1;3;7;4;6;7;7;7;7;8;8;8;8;9;9;9;9;8;9;7;9;6;9;5;9;4;9;3;9;2;10;2;11;2;12;2;13;2;14;2;15;2;15;3;15;4;14;4;13;4;12;4;11;4
1;3;7;4;7;7;7;8;8;8;8;9;9;9;9;8;9;7;9;6;9;5;9;4;9;3;9;2;10;2;11;2;12;2;13;2;14;2;15;2;15;3;15;4;14;4;13;4;12;4;11;4;10;4
1;2;7;4;7;8;8;8;8;9;9;9;9;8;9;7;9;6;9;5;9;4;9;3;9;2;10;2;11;2;12;2;13;2;14;2;15;2;15;3;15;4;14;4;13;4;12;4;11;4;10;4;10;5
1;2;7;4;8;8;8;9;9;9;9;8;9;7;9;6;9;5;9;4;9;3;9;2;10;2;11;2;12;2;13;2;14;2;15;2;15;3;15;4;14;4;13;4;12;4;11;4;10;4;10;5;10;6
1;2;7;4;8;9;9;9;9;8;9;7;9;6;9;5;9;4;9;3;9;2;10;2;11;2;12;2;13;2;14;2;15;2;15;3;15;4;14;4;13;4;12;4;11;4;10;4;10;5;10;6;10;7
1;2;7;4;9;9;9;8;9;7;9;6;9;5;9;4;9;3;9;2;10;2;11;2;12;2;13;2;14;2;15;2;15;3;15;4;14;4;13;4;12;4;11;4;10;4;10;5;10;6;10;7;10;8
1;2;7;4;9;8;9;7;9;6;9;5;9;4;9;3;9;2;10;2;11;2;12;2;13;2;14;2;15;2;15;3;15;4;14;4;13;4;12;4;11;4;10;4;10;5;10;6;10;7;10;8;10;9
1;3;7;4;9;7;9;6;9;5;9;4;9;3;9;2;10;2;11;2;12;2;13;2;14;2;15;2;15;3;15;4;14;4;13;4;12;4;11;4;10;4;10;5;10;6;10;7;10;8;10;9;9;9
1;3;7;4;9;6;9;5;9;4;9;3;9;2;10;2;11;2;12;2;13;2;14;2;15;2;15;3;15;4;14;4;13;4;12;4;11;4;10;4;10;5;10;6;10;7;10;8;10;9;9;9;8;9
1;3;7;4;9;5;9;4;9;3;9;2;10;2;11;2;12;2;13;2;14;2;15;2;15;3;15;4;14;4;13;4;12;4;11;4;10;4;10;5;10;6;10;7;10;8;10;9;9;9;8;9;7;9
1;0;7;4;9;4;9;3;9;2;10;2;11;2;12;2;13;2;14;2;15;2;15;3;15;4;14;4;13;4;12;4;11;4;10;4;10;5;10;6;10;7;10;8;10;9;9;9;8;9;7;9;7;8
1;0;7;4;9;3;9;2;10;2;11;2;12;2;13;2;14;2;15;2;15;3;15;4;14;4;13;4;12;4;11;4;10;4;10;5;10;6;10;7;10;8;10;9;9;9;8;9;7;9;7;8;7;7
1;0;7;4;9;2;10;2;11;2;12;2;13;2;14;2;15;2;15;3;15;4;14;4;13;4;12;4;11;4;10;4;10;5;10;6;10;7;10;8;10;9;9;9;8;9;7;9;7;8;7;7;7;6
1;0;7;4;10;2;11;2;12;2;13;2;14;2;15;2;15;3;15;4;14;4;13;4;12;4;11;4;10;4;10;5;10;6;10;7;10;8;10;9;9;9;8;9;7;9;7;8;7;7;7;6;7;5
1;0;16;15;11;2;11;2;12;2;13;2;14;2;15;2;15;3;15;4;14;4;13;4;12;4;11;4;10;4;10;5;10;6;10;7;10;8;10;9;9;9;8;9;7;9;7;8;7;7;7;6;7;5;7;4
1;3;16;15;11;2;12;2;13;2;14;2;15;2;15;3;15;4;14;4;13;4;12;4;11;4;10;4;10;5;10;6;10;7;10;8;10;9;9;9;8;9;7;9;7;8;7;7;7;6;7;5;7;4;6;4
1;2;16;15;12;2;13;2;14;2;15;2;15;3;15;4;14;4;13;4;12;4;11;4;10;4;10;5;10;6;10;7;10;8;10;9;9;9;8;9;7;9;7;8;7;7;7;6;7;5;7;4;6;4;6;5
1;2;16;15;13;2;14;2;15;2;15;3;15;4;14;4;13;4;12;4;11;4;10;4;10;5;10;6;10;7;10;8;10;9;9;9;8;9;7;9;7;8;7;7;7;6;7;5;7;4;6;4;6;5;6;6
1;2;16;15;14;2;15;2;15;3;15;4;14;4;13;4;12;4;11;4;10;4;10;5;10;6;10;7;10;8;10;9;9;9;8;9;7;9;7;8;7;7;7;6;7;5;7;4;6;4;6;5;6;6;6;7
1;2;16;15;15;2;15;3;15;4;14;4;13;4;12;4;11;4;10;4;10;5;10;6;10;7;10;8;10;9;9;9;8;9;7;9;7;8;7;7;7;6;7;5;7;4;6;4;6;5;6;6;6;7;6;8
1;2;16;15;15;3;15;4;14;4;13;4;12;4;11;4;10;4;10;5;10;6;10;7;10;8;10;9;9;9;8;9;7;9;7;8;7;7;7;6;7;5;7;4;6;4;6;5;6;6;6;7;6;8;6;9
1;2;16;15;15;4;14;4;13;4;12;4;11;4;10;4;10;5;10;6;10;7;10;8;10;9;9;9;8;9;7;9;7;8;7;7;7;6;7;5;7;4;6;4;6;5;6;6;6;7;6;8;6;9;6;10
1;1;16;15;14;4;13;4;12;4;11;4;10;4;10;5;10;6;10;7;10;8;10;9;9;9;8;9;7;9;7;8;7;7;7;6;7;5;7;4;6;4;6;5;6;6;6;7;6;8;6;9;6;10;7;10
1;1;16;15;13;4;12;4;11;4;10;4;10;5;10;6;10;7;10;8;10;9;9;9;8;9;7;9;7;8;7;7;7;6;7;5;7;4;6;4;6;5;6;6;6;7;6;8;6;9;6;10;7;10;8;10
1;1;16;15;12;4;11;4;10;4;10;5;10;6;10;7;10;8;10;9;9;9;8;9;7;9;7;8;7;7;7;6;7;5;7;4;6;4;6;5;6;6;6;7;6;8;6;9;6;10;7;10;8;10;9;10
1;1;16;15;11;4;10;4;10;5;10;6;10;7;10;8;10;9;9;9;8;9;7;9;7;8;7;7;7;6;7;5;7;4;6;4;6;5;6;6;6;7;6;8;6;9;6;10;7;10;8;10;9;10;10;10
1;1;16;15;10;4;10;5;10;6;10;7;10;8;10;9;9;9;8;9;7;9;7;8;7;7;7;6;7;5;7;4;6;4;6;5;6;6;6;7;6;8;6;9;6;10;7;10;8;10;9;10;10;10;11;10
1;2;16;15;10;5;10;6;10;7;10;8;10;9;9;9;8;9;7;9;7;8;7;7;7;6;7;5;7;4;6;4;6;5;6;6;6;7;6;8;6;9;6;10;7;10;8;10;9;10;10;10;11;10;11;11
1;2;16;15;10;6;10;7;10;8;10;9;9;9;8;9;7;9;7;8;7;7;7;6;7;5;7;4;6;4;6;5;6;6;6;7;6;8;6;9;6;10;7;10;8;10;9;10;10;10;11;10;11;11;11;12
1;2;16;15;10;7;10;8;10;9;9;9;8;9;7;9;7;8;7;7;7;6;7;5;7;4;6;4;6;5;6;6;6;7;6;8;6;9;6;10;7;10;8;10;9;10;10;10;11;10;11;11;11;12;11;13
1;2;16;15;10;8;10;9;9;9;8;9;7;9;7;8;7;7;7;6;7;5;7;4;6;4;6;5;6;6;6;7;6;8;6;9;6;10;7;10;8;10;9;10;10;10;11;10;11;11;11;12;11;13;11;14
1;2;16;15;10;9;9;9;8;9;7;9;7;8;7;7;7;6;7;5;7;4;6;4;6;5;6;6;6;7;6;8;6;9;6;10;7;10;8;10;9;10;10;10;11;10;11;11;11;12;11;13;11;14;11;15
1;1;16;15;9;9;8;9;7;9;7;8;7;7;7;6;7;5;7;4;6;4;6;5;6;6;6;7;6;8;6;9;6;10;7;10;8;10;9;10;10;10;11;10;11;11;11;12;11;13;11;14;11;15;12;15
1;1;16;15;8;9;7;9;7;8;7;7;7;6;7;5;7;4;6;4;6;5;6;6;6;7;6;8;6;9;6;10;7;10;8;10;9;10;10;10;11;10;11;11;11;12;11;13;11;14;11;15;12;15;13;15
1;1;16;15;7;9;7;8;7;7;7;6;7;5;7;4;6;4;6;5;6;6;6;7;6;8;6;9;6;10;7;10;8;10;9;10;10;10;11;10;11;11;11;12;11;13;11;14;11;15;12;15;13;15;14;15
1;1;16;15;7;8;7;7;7;6;7;5;7;4;6;4;6;5;6;6;6;7;6;8;6;9;6;10;7;10;8;10;9;10;10;10;11;10;11;11;11;12;11;13;11;14;11;15;12;15;13;15;14;15;15;15
1;1;16;5;7;7;7;7;7;6;7;5;7;4;6;4;6;5;6;6;6;7;6;8;6;9;6;10;7;10;8;10;9;10;10;10;11;10;11;11;11;12;11;13;11;14;11;15;12;15;13;15;14;15;15;15;16;15
1;0;16;5;7;7;7;6;7;5;7;4;6;4;6;5;6;6;6;7;6;8;6;9;6;10;7;10;8;10;9;10;10;10;11;10;11;11;11;12;11;13;11;14;11;15;12;15;13;15;14;15;15;15;16;15;16;14
1;0;16;5;7;6;7;5;7;4;6;4;6;5;6;6;6;7;6;8;6;9;6;10;7;10;8;10;9;10;10;10;11;10;11;11;11;12;11;13;11;14;11;15;12;15;13;15;14;15;15;15;16;15;16;14;16;13
1;0;16;5;7;5;7;4;6;4;6;5;6;6;6;7;6;8;6;9;6;10;7;10;8;10;9;10;10;10;11;10;11;11;11;12;11;13;11;14;11;15;12;15;13;15;14;15;15;15;16;15;16;14;16;13;16;12
1;0;16;5;7;4;6;4;6;5;6;6;6;7;6;8;6;9;6;10;7;10;8;10;9;10;10;10;11;10;11;11;11;12;11;13;11;14;11;15;12;15;13;15;14;15;15;15;16;15;16;14;16;13;16;12;16;11
1;0;16;5;6;4;6;5;6;6;6;7;6;8;6;9;6;10;7;10;8;10;9;10;10;10;11;10;11;11;11;12;11;13;11;14;11;15;12;15;13;15;14;15;15;15;16;15;16;14;16;13;16;12;16;11;16;10
1;0;16;5;6;5;6;6;6;7;6;8;6;9;6;10;7;10;8;10;9;10;10;10;11;10;11;11;11;12;11;13;11;14;11;15;12;15;13;15;14;15;15;15;16;15;16;14;16;13;16;12;16;11;16;10;16;9
1;0;16;5;6;6;6;7;6;8;6;9;6;10;7;10;8;10;9;10;10;10;11;10;11;11;11;12;11;13;11;14;11;15;12;15;13;15;14;15;15;15;16;15;16;14;16;13;16;12;16;11;16;10;16;9;16;8
1;0;16;5;6;7;6;8;6;9;6;10;7;10;8;10;9;10;10;10;11;10;11;11;11;12;11;13;11;14;11;15;12;15;13;15;14;15;15;15;16;15;16;14;16;13;16;12;16;11;16;10;16;9;16;8;16;7
1;0;16;5;6;8;6;9;6;10;7;10;8;10;9;10;10;10;11;10;11;11;11;12;11;13;11;14;11;15;12;15;13;15;14;15;15;15;16;15;16;14;16;13;16;12;16;11;16;10;16;9;16;8;16;7;16;6
1;0;18;8;6;9;6;9;6;10;7;10;8;10;9;10;10;10;11;10;11;11;11;12;11;13;11;14;11;15;12;15;13;15;14;15;15;15;16;15;16;14;16;13;16;12;16;11;16;10;16;9;16;8;16;7;16;6;16;5
1;1;18;8;6;9;6;10;7;10;8;10;9;10;10;10;11;10;11;11;11;12;11;13;11;14;11;15;12;15;13;15;14;15;15;15;16;15;16;14;16;13;16;12;16;11;16;10;16;9;16;8;16;7;16;6;16;5;17;5
1;1;18;8;6;10;7;10;8;10;9;10;10;10;11;10;11;11;11;12;11;13;11;14;11;15;12;15;13;15;14;15;15;15;16;15;16;14;16;13;16;12;16;11;16;10;16;9;16;8;16;7;16;6;16;5;17;5;18;5
1;2;18;8;7;10;8;10;9;10;10;10;11;10;11;11;11;12;11;13;11;14;11;15;12;15;13;15;14;15;15;15;16;15;16;14;16;13;16;12;16;11;16;10;16;9;16;8;16;7;16;6;16;5;17;5;18;5;18;6
1;2;18;8;8;10;9;10;10;10;11;10;11;11;11;12;11;13;11;14;11;15;12;15;13;15;14;15;15;15;16;15;16;14;16;13;16;12;16;11;16;10;16;9;16;8;16;7;16;6;16;5;17;5;18;5;18;6;18;7
1;2;15;6;9;10;9;10;10;10;11;10;11;11;11;12;11;13;11;14;11;15;12;15;13;15;14;15;15;15;16;15;16;14;16;13;16;12;16;11;16;10;16;9;16;8;16;7;16;6;16;5;17;5;18;5;18;6;18;7;18;8
1;2;15;6;9;10;10;10;11;10;11;11;11;12;11;13;11;14;11;15;12;15;13;15;14;15;15;15;16;15;16;14;16;13;16;12;16;11;16;10;16;9;16;8;16;7;16;6;16;5;17;5;18;5;18;6;18;7;18;8;18;9
1;2;15;6;10;10;11;10;11;11;11;12;11;13;11;14;11;15;12;15;13;15;14;15;15;15;16;15;16;14;16;13;16;12;16;11;16;10;16;9;16;8;16;7;16;6;16;5;17;5;18;5;18;6;18;7;18;8;18;9;18;10
1;2;15;6;11;10;11;11;11;12;11;13;11;14;11;15;12;15;13;15;14;15;15;15;16;15;16;14;16;13;16;12;16;11;16;10;16;9;16;8;16;7;16;6;16;5;17;5;18;5;18;6;18;7;18;8;18;9;18;10;18;11
1;3;15;6;11;11;11;12;11;13;11;14;11;15;12;15;13;15;14;15;15;15;16;15;16;14;16;13;16;12;16;11;16;10;16;9;16;8;16;7;16;6;16;5;17;5;18;5;18;6;18;7;18;8;18;9;18;10;18;11;17;11
1;2;15;6;11;12;11;13;11;14;11;15;12;15;13;15;14;15;15;15;16;15;16;14;16;13;16;12;16;11;16;10;16;9;16;8;16;7;16;6;16;5;17;5;18;5;18;6;18;7;18;8;18;9;18;10;18;11;17;11;17;12
1;1;15;6;11;13;11;14;11;15;12;15;13;15;14;15;15;15;16;15;16;14;16;13;16;12;16;11;16;10;16;9;16;8;16;7;16;6;16;5;17;5;18;5;18;6;18;7;18;8;18;9;18;10;18;11;17;11;17;12;18;12
1;1;15;6;11;14;11;15;12;15;13;15;14;15;15;15;16;15;16;14;16;13;16;12;16;11;16;10;16;9;16;8;16;7;16;6;16;5;17;5;18;5;18;6;18;7;18;8;18;9;18;10;18;11;17;11;17;12;18;12;19;12
1;0;15;6;11;15;12;15;13;15;14;15;15;15;16;15;16;14;16;13;16;12;16;11;16;10;16;9;16;8;16;7;16;6;16;5;17;5;18;5;18;6;18;7;18;8;18;9;18;10;18;11;17;11;17;12;18;12;19;12;19;11
1;0;15;6;12;15;13;15;14;15;15;15;16;15;16;14;16;13;16;12;16;11;16;10;16;9;16;8;16;7;16;6;16;5;17;5;18;5;18;6;18;7;18;8;18;9;18;10;18;11;17;11;17;12;18;12;19;12;19;11;19;10
1;0;15;6;13;15;14;15;15;15;16;15;16;14;16;13;16;12;16;11;16;10;16;9;16;8;16;7;16;6;16;5;17;5;18;5;18;6;18;7;18;8;18;9;18;10;18;11;17;11;17;12;18;12;19;12;19;11;19;10;19;9
1;0;15;6;14;15;15;15;16;15;16;14;16;13;16;12;16;11;16;10;16;9;16;8;16;7;16;6;16;5;17;5;18;5;18;6;18;7;18;8;18;9;18;10;18;11;17;11;17;12;18;12;19;12;19;11;19;10;19;9;19;8
1;0;15;6;15;15;16;15;16;14;16;13;16;12;16;11;16;10;16;9;16;8;16;7;16;6;16;5;17;5;18;5;18;6;18;7;18;8;18;9;18;10;18;11;17;11;17;12;18;12;19;12;19;11;19;10;19;9;19;8;19;7
1;0;15;6;16;15;16;14;16;13;16;12;16;11;16;10;16;9;16;8;16;7;16;6;16;5;17;5;18;5;18;6;18;7;18;8;18;9;18;10;18;11;17;11;17;12;18;12;19;12;19;11;19;10;19;9;19;8;19;7;19;6
1;0;15;6;16;14;16;13;16;12;16;11;16;10;16;9;16;8;16;7;16;6;16;5;17;5;18;5;18;6;18;7;18;8;18;9;18;10;18;11;17;11;17;12;18;12;19;12;19;11;19;10;19;9;19;8;19;7;19;6;19;5
1;0;15;6;16;13;16;12;16;11;16;10;16;9;16;8;16;7;16;6;16;5;17;5;18;5;18;6;18;7;18;8;18;9;18;10;18;11;17;11;17;12;18;12;19;12;19;11;19;10;19;9;19;8;19;7;19;6;19;5;19;4
1;3;15;6;16;12;16;11;16;10;16;9;16;8;16;7;16;6;16;5;17;5;18;5;18;6;18;7;18;8;18;9;18;10;18;11;17;11;17;12;18;12;19;12;19;11;19;10;19;9;19;8;19;7;19;6;19;5;19;4;18;4
1;0;15;6;16;11;16;10;16;9;16;8;16;7;16;6;16;5;17;5;18;5;18;6;18;7;18;8;18;9;18;10;18;11;17;11;17;12;18;12;19;12;19;11;19;10;19;9;19;8;19;7;19;6;19;5;19;4;18;4;18;3
1;3;15;6;16;10;16;9;16;8;16;7;16;6;16;5;17;5;18;5;18;6;18;7;18;8;18;9;18;10;18;11;17;11;17;12;18;12;19;12;19;11;19;10;19;9;19;8;19;7;19;6;19;5;19;4;18;4;18;3;17;3
1;3;15;6;16;9;16;8;16;7;16;6;16;5;17;5;18;5;18;6;18;7;18;8;18;9;18;10;18;11;17;11;17;12;18;12;19;12;19;11;19;10;19;9;19;8;19;7;19;6;19;5;19;4;18;4;18;3;17;3;16;3
1;3;15;6;16;8;16;7;16;6;16;5;17;5;18;5;18;6;18;7;18;8;18;9;18;10;18;11;17;11;17;12;18;12;19;12;19;11;19;10;19;9;19;8;19;7;19;6;19;5;19;4;18;4;18;3;17;3;16;3;15;3
1;2;15;6;16;7;16;6;16;5;17;5;18;5;18;6;18;7;18;8;18;9;18;10;18;11;17;11;17;12;18;12;19;12;19;11;19;10;19;9;19;8;19;7;19;6;19;5;19;4;18;4;18;3;17;3;16;3;15;3;15;4
1;2;15;6;16;6;16;5;17;5;18;5;18;6;18;7;18;8;18;9;18;10;18;11;17;11;17;12;18;12;19;12;19;11;19;10;19;9;19;8;19;7;19;6;19;5;19;4;18;4;18;3;17;3;16;3;15;3;15;4;15;5
1;2;4;6;16;5;16;5;17;5;18;5;18;6;18;7;18;8;18;9;18;10;18;11;17;11;17;12;18;12;19;12;19;11;19;10;19;9;19;8;19;7;19;6;19;5;19;4;18;4;18;3;17;3;16;3;15;3;15;4;15;5;15;6
1;3;4;6;16;5;17;5;18;5;18;6;18;7;18;8;18;9;18;10;18;11;17;11;17;12;18;12;19;12;19;11;19;10;19;9;19;8;19;7;19;6;19;5;19;4;18;4;18;3;17;3;16;3;15;3;15;4;15;5;15;6;14;6
1;3;4;6;17;5;18;5;18;6;18;7;18;8;18;9;18;10;18;11;17;11;17;12;18;12;19;12;19;11;19;10;19;9;19;8;19;7;19;6;19;5;19;4;18;4;18;3;17;3;16;3;15;3;15;4;15;5;15;6;14;6;13;6
1;3;4;6;18;5;18;6;18;7;18;8;18;9;18;10;18;11;17;11;17;12;18;12;19;12;19;11;19;10;19;9;19;8;19;7;19;6;19;5;19;4;18;4;18;3;17;3;16;3;15;3;15;4;15;5;15;6;14;6;13;6;12;6
1;3;4;6;18;6;18;7;18;8;18;9;18;10;18;11;17;11;17;12;18;12;19;12;19;11;19;10;19;9;19;8;19;7;19;6;19;5;19;4;18;4;18;3;17;3;16;3;15;3;15;4;15;5;15;6;14;6;13;6;12;6;11;6
1;3;4;6;18;7;18;8;18;9;18;10;18;11;17;11;17;12;18;12;19;12;19;11;19;10;19;9;19;8;19;7;19;6;19;5;19;4;18;4;18;3;17;3;16;3;15;3;15;4;15;5;15;6;14;6;13;6;12;6;11;6;10;6
1;3;4;6;18;8;18;9;18;10;18;11;17;11;17;12;18;12;19;12;19;11;19;10;19;9;19;8;19;7;19;6;19;5;19;4;18;4;18;3;17;3;16;3;15;3;15;4;15;5;15;6;14;6;13;6;12;6;11;6;10;6;9;6
1;3;4;6;18;9;18;10;18;11;17;11;17;12;18;12;19;12;19;11;19;10;19;9;19;8;19;7;19;6;19;5;19;4;18;4;18;3;17;3;16;3;15;3;15;4;15;5;15;6;14;6;13;6;12;6;11;6;10;6;9;6;8;6
1;3;4;6;18;10;18;11;17;11;17;12;18;12;19;12;19;11;19;10;19;9;19;8;19;7;19;6;19;5;19;4;18;4;18;3;17;3;16;3;15;3;15;4;15;5;15;6;14;6;13;6;12;6;11;6;10;6;9;6;8;6;7;6
1;3;4;6;18;11;17;11;17;12;18;12;19;12;19;11;19;10;19;9;19;8;19;7;19;6;19;5;19;4;18;4;18;3;17;3;16;3;15;3;15;4;15;5;15;6;14;6;13;6;12;6;11;6;10;6;9;6;8;6;7;6;6;6
1;3;4;6;17;11;17;12;18;12;19;12;19;11;19;10;19;9;19;8;19;7;19;6;19;5;19;4;18;4;18;3;17;3;16;3;15;3;15;4;15;5;15;6;14;6;13;6;12;6;11;6;10;6;9;6;8;6;7;6;6;6;5;6
1;3;17;18;17;12;17;12;18;12;19;12;19;11;19;10;19;9;19;8;19;7;19;6;19;5;19;4;18;4;18;3;17;3;16;3;15;3;15;4;15;5;15;6;14;6;13;6;12;6;11;6;10;6;9;6;8;6;7;6;6;6;5;6;4;6
1;2;17;18;17;12;18;12;19;12;19;11;19;10;19;9;19;8;19;7;19;6;19;5;19;4;18;4;18;3;17;3;16;3;15;3;15;4;15;5;15;6;14;6;13;6;12;6;11;6;10;6;9;6;8;6;7;6;6;6;5;6;4;6;4;7
1;1;17;18;18;12;19;12;19;11;19;10;19;9;19;8;19;7;19;6;19;5;19;4;18;4;18;3;17;3;16;3;15;3;15;4;15;5;15;6;14;6;13;6;12;6;11;6;10;6;9;6;8;6;7;6;6;6;5;6;4;6;4;7;5;7
1;1;17;18;19;12;19;11;19;10;19;9;19;8;19;7;19;6;19;5;19;4;18;4;18;3;17;3;16;3;15;3;15;4;15;5;15;6;14;6;13;6;12;6;11;6;10;6;9;6;8;6;7;6;6;6;5;6;4;6;4;7;5;7;6;7
1;1;17;18;19;11;19;10;19;9;19;8;19;7;19;6;19;5;19;4;18;4;18;3;17;3;16;3;15;3;15;4;15;5;15;6;14;6;13;6;12;6;11;6;10;6;9;6;8;6;7;6;6;6;5;6;4;6;4;7;5;7;6;7;7;7
1;1;17;18;19;10;19;9;19;8;19;7;19;6;19;5;19;4;18;4;18;3;17;3;16;3;15;3;15;4;15;5;15;6;14;6;13;6;12;6;11;6;10;6;9;6;8;6;7;6;6;6;5;6;4;6;4;7;5;7;6;7;7;7;8;7
1;1;17;18;19;9;19;8;19;7;19;6;19;5;19;4;18;4;18;3;17;3;16;3;15;3;15;4;15;5;15;6;14;6;13;6;12;6;11;6;10;6;9;6;8;6;7;6;6;6;5;6;4;6;4;7;5;7;6;7;7;7;8;7;9;7
1;1;17;18;19;8;19;7;19;6;19;5;19;4;18;4;18;3;17;3;16;3;15;3;15;4;15;5;15;6;14;6;13;6;12;6;11;6;10;6;9;6;8;6;7;6;6;6;5;6;4;6;4;7;5;7;6;7;7;7;8;7;9;7;10;7
1;1;17;18;19;7;19;6;19;5;19;4;18;4;18;3;17;3;16;3;15;3;15;4;15;5;15;6;14;6;13;6;12;6;11;6;10;6;9;6;8;6;7;6;6;6;5;6;4;6;4;7;5;7;6;7;7;7;8;7;9;7;10;7;11;7
1;1;17;18;19;6;19;5;19;4;18;4;18;3;17;3;16;3;15;3;15;4;15;5;15;6;14;6;13;6;12;6;11;6;10;6;9;6;8;6;7;6;6;6;5;6;4;6;4;7;5;7;6;7;7;7;8;7;9;7;10;7;11;7;12;7
1;1;17;18;19;5;19;4;18;4;18;3;17;3;16;3;15;3;15;4;15;5;15;6;14;6;13;6;12;6;11;6;10;6;9;6;8;6;7;6;6;6;5;6;4;6;4;7;5;7;6;7;7;7;8;7;9;7;10;7;11;7;12;7;13;7
1;1;17;18;19;4;18;4;18;3;17;3;16;3;15;3;15;4;15;5;15;6;14;6;13;6;12;6;11;6;10;6;9;6;8;6;7;6;6;6;5;6;4;6;4;7;5;7;6;7;7;7;8;7;9;7;10;7;11;7;12;7;13;7;14;7
1;1;17;18;18;4;18;3;17;3;16;3;15;3;15;4;15;5;15;6;14;6;13;6;12;6;11;6;10;6;9;6;8;6;7;6;6;6;5;6;4;6;4;7;5;7;6;7;7;7;8;7;9;7;10;7;11;7;12;7;13;7;14;7;15;7
1;1;17;18;18;3;17;3;16;3;15;3;15;4;15;5;15;6;14;6;13;6;12;6;11;6;10;6;9;6;8;6;7;6;6;6;5;6;4;6;4;7;5;7;6;7;7;7;8;7;9;7;10;7;11;7;12;7;13;7;14;7;15;7;16;7
1;1;17;18;17;3;16;3;15;3;15;4;15;5;15;6;14;6;13;6;12;6;11;6;10;6;9;6;8;6;7;6;6;6;5;6;4;6;4;7;5;7;6;7;7;7;8;7;9;7;10;7;11;7;12;7;13;7;14;7;15;7;16;7;17;7
1;2;17;18;16;3;15;3;15;4;15;5;15;6;14;6;13;6;12;6;11;6;10;6;9;6;8;6;7;6;6;6;5;6;4;6;4;7;5;7;6;7;7;7;8;7;9;7;10;7;11;7;12;7;13;7;14;7;15;7;16;7;17;7;17;8
1;2;17;18;15;3;15;4;15;5;15;6;14;6;13;6;12;6;11;6;10;6;9;6;8;6;7;6;6;6;5;6;4;6;4;7;5;7;6;7;7;7;8;7;9;7;10;7;11;7;12;7;13;7;14;7;15;7;16;7;17;7;17;8;17;9
1;2;17;18;15;4;15;5;15;6;14;6;13;6;12;6;11;6;10;6;9;6;8;6;7;6;6;6;5;6;4;6;4;7;5;7;6;7;7;7;8;7;9;7;10;7;11;7;12;7;13;7;14;7;15;7;16;7;17;7;17;8;17;9;17;10
1;2;17;18;15;5;15;6;14;6;13;6;12;6;11;6;10;6;9;6;8;6;7;6;6;6;5;6;4;6;4;7;5;7;6;7;7;7;8;7;9;7;10;7;11;7;12;7;13;7;14;7;15;7;16;7;17;7;17;8;17;9;17;10;17;11
1;2;17;18;15;6;14;6;13;6;12;6;11;6;10;6;9;6;8;6;7;6;6;6;5;6;4;6;4;7;5;7;6;7;7;7;8;7;9;7;10;7;11;7;12;7;13;7;14;7;15;7;16;7;17;7;17;8;17;9;17;10;17;11;17;12
1;2;17;18;14;6;13;6;12;6;11;6;10;6;9;6;8;6;7;6;6;6;5;6;4;6;4;7;5;7;6;7;7;7;8;7;9;7;10;7;11;7;12;7;13;7;14;7;15;7;16;7;17;7;17;8;17;9;17;10;17;11;17;12;17;13
1;2;17;18;13;6;12;6;11;6;10;6;9;6;8;6;7;6;6;6;5;6;4;6;4;7;5;7;6;7;7;7;8;7;9;7;10;7;11;7;12;7;13;7;14;7;15;7;16;7;17;7;17;8;17;9;17;10;17;11;17;12;17;13;17;14
1;2;17;18;12;6;11;6;10;6;9;6;8;6;7;6;6;6;5;6;4;6;4;7;5;7;6;7;7;7;8;7;9;7;10;7;11;7;12;7;13;7;14;7;15;7;16;7;17;7;17;8;17;9;17;10;17;11;17;12;17;13;17;14;17;15
1;2;17;18;11;6;10;6;9;6;8;6;7;6;6;6;5;6;4;6;4;7;5;7;6;7;7;7;8;7;9;7;10;7;11;7;12;7;13;7;14;7;15;7;16;7;17;7;17;8;17;9;17;10;17;11;17;12;17;13;17;14;17;15;17;16
1;2;17;18;10;6;9;6;8;6;7;6;6;6;5;6;4;6;4;7;5;7;6;7;7;7;8;7;9;7;10;7;11;7;12;7;13;7;14;7;15;7;16;7;17;7;17;8;17;9;17;10;17;11;17;12;17;13;17;14;17;15;17;16;17;17
1;2;4;3;9;6;9;6;8;6;7;6;6;6;5;6;4;6;4;7;5;7;6;7;7;7;8;7;9;7;10;7;11;7;12;7;13;7;14;7;15;7;16;7;17;7;17;8;17;9;17;10;17;11;17;12;17;13;17;14;17;15;17;16;17;17;17;18
1;3;4;3;9;6;8;6;7;6;6;6;5;6;4;6;4;7;5;7;6;7;7;7;8;7;9;7;10;7;11;7;12;7;13;7;14;7;15;7;16;7;17;7;17;8;17;9;17;10;17;11;17;12;17;13;17;14;17;15;17;16;17;17;17;18;16;18
1;3;4;3;8;6;7;6;6;6;5;6;4;6;4;7;5;7;6;7;7;7;8;7;9;7;10;7;11;7;12;7;13;7;14;7;15;7;16;7;17;7;17;8;17;9;17;10;17;11;17;12;17;13;17;14;17;15;17;16;17;17;17;18;16;18;15;18
1;3;4;3;7;6;6;6;5;6;4;6;4;7;5;7;6;7;7;7;8;7;9;7;10;7;11;7;12;7;13;7;14;7;15;7;16;7;17;7;17;8;17;9;17;10;17;11;17;12;17;13;17;14;17;15;17;16;17;17;17;18;16;18;15;18;14;18
1;3;4;3;6;6;5;6;4;6;4;7;5;7;6;7;7;7;8;7;9;7;10;7;11;7;12;7;13;7;14;7;15;7;16;7;17;7;17;8;17;9;17;10;17;11;17;12;17;13;17;14;17;15;17;16;17;17;17;18;16;18;15;18;14;18;13;18
1;3;4;3;5;6;4;6;4;7;5;7;6;7;7;7;8;7;9;7;10;7;11;7;12;7;13;7;14;7;15;7;16;7;17;7;17;8;17;9;17;10;17;11;17;12;17;13;17;14;17;15;17;16;17;17;17;18;16;18;15;18;14;18;13;18;12;18
1;3;4;3;4;6;4;7;5;7;6;7;7;7;8;7;9;7;10;7;11;7;12;7;13;7;14;7;15;7;16;7;17;7;17;8;17;9;17;10;17;11;17;12;17;13;17;14;17;15;17;16;17;17;17;18;16;18;15;18;14;18;13;18;12;18;11;18
1;3;4;3;4;7;5;7;6;7;7;7;8;7;9;7;10;7;11;7;12;7;13;7;14;7;15;7;16;7;17;7;17;8;17;9;17;10;17;11;17;12;17;13;17;14;17;15;17;16;17;17;17;18;16;18;15;18;14;18;13;18;12;18;11;18;10;18
1;3;4;3;5;7;6;7;7;7;8;7;9;7;10;7;11;7;12;7;13;7;14;7;15;7;16;7;17;7;17;8;17;9;17;10;17;11;17;12;17;13;17;14;17;15;17;16;17;17;17;18;16;18;15;18;14;18;13;18;12;18;11;18;10;18;9;18
1;3;4;3;6;7;7;7;8;7;9;7;10;7;11;7;12;7;13;7;14;7;15;7;16;7;17;7;17;8;17;9;17;10;17;11;17;12;17;13;17;14;17;15;17;16;17;17;17;18;16;18;15;18;14;18;13;18;12;18;11;18;10;18;9;18;8;18
1;3;4;3;7;7;8;7;9;7;10;7;11;7;12;7;13;7;14;7;15;7;16;7;17;7;17;8;17;9;17;10;17;11;17;12;17;13;17;14;17;15;17;16;17;17;17;18;16;18;15;18;14;18;13;18;12;18;11;18;10;18;9;18;8;18;7;18
1;3;4;3;8;7;9;7;10;7;11;7;12;7;13;7;14;7;15;7;16;7;17;7;17;8;17;9;17;10;17;11;17;12;17;13;17;14;17;15;17;16;17;17;17;18;16;18;15;18;14;18;13;18;12;18;11;18;10;18;9;18;8;18;7;18;6;18
1;3;4;3;9;7;10;7;11;7;12;7;13;7;14;7;15;7;16;7;17;7;17;8;17;9;17;10;17;11;17;12;17;13;17;14;17;15;17;16;17;17;17;18;16;18;15;18;14;18;13;18;12;18;11;18;10;18;9;18;8;18;7;18;6;18;5;18
1;3;4;3;10;7;11;7;12;7;13;7;14;7;15;7;16;7;17;7;17;8;17;9;17;10;17;11;17;12;17;13;17;14;17;15;17;16;17;17;17;18;16;18;15;18;14;18;13;18;12;18;11;18;10;18;9;18;8;18;7;18;6;18;5;18;4;18
1;0;4;3;11;7;12;7;13;7;14;7;15;7;16;7;17;7;17;8;17;9;17;10;17;11;17;12;17;13;17;14;17;15;17;16;17;17;17;18;16;18;15;18;14;18;13;18;12;18;11;18;10;18;9;18;8;18;7;18;6;18;5;18;4;18;4;17
1;0;4;3;12;7;13;7;14;7;15;7;16;7;17;7;17;8;17;9;17;10;17;11;17;12;17;13;17;14;17;15;17;16;17;17;17;18;16;18;15;18;14;18;13;18;12;18;11;18;10;18;9;18;8;18;7;18;6;18;5;18;4;18;4;17;4;16
1;0;4;3;13;7;14;7;15;7;16;7;17;7;17;8;17;9;17;10;17;11;17;12;17;13;17;14;17;15;17;16;17;17;17;18;16;18;15;18;14;18;13;18;12;18;11;18;10;18;9;18;8;18;7;18;6;18;5;18;4;18;4;17;4;16;4;15
1;0;4;3;14;7;15;7;16;7;17;7;17;8;17;9;17;10;17;11;17;12;17;13;17;14;17;15;17;16;17;17;17;18;16;18;15;18;14;18;13;18;12;18;11;18;10;18;9;18;8;18;7;18;6;18;5;18;4;18;4;17;4;16;4;15;4;14
1;0;4;3;15;7;16;7;17;7;17;8;17;9;17;10;17;11;17;12;17;13;17;14;17;15;17;16;17;17;17;18;16;18;15;18;14;18;13;18;12;18;11;18;10;18;9;18;8;18;7;18;6;18;5;18;4;18;4;17;4;16;4;15;4;14;4;13
1;0;4;3;16;7;17;7;17;8;17;9;17;10;17;11;17;12;17;13;17;14;17;15;17;16;17;17;17;18;16;18;15;18;14;18;13;18;12;18;11;18;10;18;9;18;8;18;7;18;6;18;5;18;4;18;4;17;4;16;4;15;4;14;4;13;4;12
1;0;4;3;17;7;17;8;17;9;17;10;17;11;17;12;17;13;17;14;17;15;17;16;17;17;17;18;16;18;15;18;14;18;13;18;12;18;11;18;10;18;9;18;8;18;7;18;6;18;5;18;4;18;4;17;4;16;4;15;4;14;4;13;4;12;4;11
1;0;4;3;17;8;17;9;17;10;17;11;17;12;17;13;17;14;17;15;17;16;17;17;17;18;16;18;15;18;14;18;13;18;12;18;11;18;10;18;9;18;8;18;7;18;6;18;5;18;4;18;4;17;4;16;4;15;4;14;4;13;4;12;4;11;4;10
1;0;4;3;17;9;17;10;17;11;17;12;17;13;17;14;17;15;17;16;17;17;17;18;16;18;15;18;14;18;13;18;12;18;11;18;10;18;9;18;8;18;7;18;6;18;5;18;4;18;4;17;4;16;4;15;4;14;4;13;4;12;4;11;4;10;4;9
1;0;4;3;17;10;17;11;17;12;17;13;17;14;17;15;17;16;17;17;17;18;16;18;15;18;14;18;13;18;12;18;11;18;10;18;9;18;8;18;7;18;6;18;5;18;4;18;4;17;4;16;4;15;4;14;4;13;4;12;4;11;4;10;4;9;4;8
1;0;4;3;17;11;17;12;17;13;17;14;17;15;17;16;17;17;17;18;16;18;15;18;14;18;13;18;12;18;11;18;10;18;9;18;8;18;7;18;6;18;5;18;4;18;4;17;4;16;4;15;4;14;4;13;4;12;4;11;4;10;4;9;4;8;4;7
1;0;4;3;17;12;17;13;17;14;17;15;17;16;17;17;17;18;16;18;15;18;14;18;13;18;12;18;11;18;10;18;9;18;8;18;7;18;6;18;5;18;4;18;4;17;4;16;4;15;4;14;4;13;4;12;4;11;4;10;4;9;4;8;4;7;4;6
1;0;4;3;17;13;17;14;17;15;17;16;17;17;17;18;16;18;15;18;14;18;13;18;12;18;11;18;10;18;9;18;8;18;7;18;6;18;5;18;4;18;4;17;4;16;4;15;4;14;4;13;4;12;4;11;4;10;4;9;4;8;4;7;4;6;4;5
1;0;4;3;17;14;17;15;17;16;17;17;17;18;16;18;15;18;14;18;13;18;12;18;11;18;10;18;9;18;8;18;7;18;6;18;5;18;4;18;4;17;4;16;4;15;4;14;4;13;4;12;4;11;4;10;4;9;4;8;4;7;4;6;4;5;4;4
1;0;5;16;17;15;17;15;17;16;17;17;17;18;16;18;15;18;14;18;13;18;12;18;11;18;10;18;9;18;8;18;7;18;6;18;5;18;4;18;4;17;4;16;4;15;4;14;4;13;4;12;4;11;4;10;4;9;4;8;4;7;4;6;4;5;4;4;4;3
1;1;5;16;17;15;17;16;17;17;17;18;16;18;15;18;14;18;13;18;12;18;11;18;10;18;9;18;8;18;7;18;6;18;5;18;4;18;4;17;4;16;4;15;4;14;4;13;4;12;4;11;4;10;4;9;4;8;4;7;4;6;4;5;4;4;4;3;5;3
1;2;5;16;17;16;17;17;17;18;16;18;15;18;14;18;13;18;12;18;11;18;10;18;9;18;8;18;7;18;6;18;5;18;4;18;4;17;4;16;4;15;4;14;4;13;4;12;4;11;4;10;4;9;4;8;4;7;4;6;4;5;4;4;4;3;5;3;5;4
1;2;5;16;17;17;17;18;16;18;15;18;14;18;13;18;12;18;11;18;10;18;9;18;8;18;7;18;6;18;5;18;4;18;4;17;4;16;4;15;4;14;4;13;4;12;4;11;4;10;4;9;4;8;4;7;4;6;4;5;4;4;4;3;5;3;5;4;5;5
1;2;5;16;17;18;16;18;15;18;14;18;13;18;12;18;11;18;10;18;9;18;8;18;7;18;6;18;5;18;4;18;4;17;4;16;4;15;4;14;4;13;4;12;4;11;4;10;4;9;4;8;4;7;4;6;4;5;4;4;4;3;5;3;5;4;5;5;5;6
1;2;5;16;16;18;15;18;14;18;13;18;12;18;11;18;10;18;9;18;8;18;7;18;6;18;5;18;4;18;4;17;4;16;4;15;4;14;4;13;4;12;4;11;4;10;4;9;4;8;4;7;4;6;4;5;4;4;4;3;5;3;5;4;5;5;5;6;5;7
1;2;5;16;15;18;14;18;13;18;12;18;11;18;10;18;9;18;8;18;7;18;6;18;5;18;4;18;4;17;4;16;4;15;4;14;4;13;4;12;4;11;4;10;4;9;4;8;4;7;4;6;4;5;4;4;4;3;5;3;5;4;5;5;5;6;5;7;5;8
1;2;5;16;14;18;13;18;12;18;11;18;10;18;9;18;8;18;7;18;6;18;5;18;4;18;4;17;4;16;4;15;4;14;4;13;4;12;4;11;4;10;4;9;4;8;4;7;4;6;4;5;4;4;4;3;5;3;5;4;5;5;5;6;5;7;5;8;5;9
1;2;5;16;13;18;12;18;11;18;10;18;9;18;8;18;7;18;6;18;5;18;4;18;4;17;4;16;4;15;4;14;4;13;4;12;4;11;4;10;4;9;4;8;4;7;4;6;4;5;4;4;4;3;5;3;5;4;5;5;5;6;5;7;5;8;5;9;5;10
1;2;5;16;12;18;11;18;10;18;9;18;8;18;7;18;6;18;5;18;4;18;4;17;4;16;4;15;4;14;4;13;4;12;4;11;4;10;4;9;4;8;4;7;4;6;4;5;4;4;4;3;5;3;5;4;5;5;5;6;5;7;5;8;5;9;5;10;5;11
1;2;5;16;11;18;10;18;9;18;8;18;7;18;6;18;5;18;4;18;4;17;4;16;4;15;4;14;4;13;4;12;4;11;4;10;4;9;4;8;4;7;4;6;4;5;4;4;4;3;5;3;5;4;5;5;5;6;5;7;5;8;5;9;5;10;5;11;5;12
1;2;5;16;10;18;9;18;8;18;7;18;6;18;5;18;4;18;4;17;4;16;4;15;4;14;4;13;4;12;4;11;4;10;4;9;4;8;4;7;4;6;4;5;4;4;4;3;5;3;5;4;5;5;5;6;5;7;5;8;5;9;5;10;5;11;5;12;5;13
1;2;5;16;9;18;8;18;7;18;6;18;5;18;4;18;4;17;4;16;4;15;4;14;4;13;4;12;4;11;4;10;4;9;4;8;4;7;4;6;4;5;4;4;4;3;5;3;5;4;5;5;5;6;5;7;5;8;5;9;5;10;5;11;5;12;5;13;5;14
1;2;5;16;8;18;7;18;6;18;5;18;4;18;4;17;4;16;4;15;4;14;4;13;4;12;4;11;4;10;4;9;4;8;4;7;4;6;4;5;4;4;4;3;5;3;5;4;5;5;5;6;5;7;5;8;5;9;5;10;5;11;5;12;5;13;5;14;5;15
1;2;1;12;7;18;7;18;6;18;5;18;4;18;4;17;4;16;4;15;4;14;4;13;4;12;4;11;4;10;4;9;4;8;4;7;4;6;4;5;4;4;4;3;5;3;5;4;5;5;5;6;5;7;5;8;5;9;5;10;5;11;5;12;5;13;5;14;5;15;5;16
1;1;1;12;7;18;6;18;5;18;4;18;4;17;4;16;4;15;4;14;4;13;4;12;4;11;4;10;4;9;4;8;4;7;4;6;4;5;4;4;4;3;5;3;5;4;5;5;5;6;5;7;5;8;5;9;5;10;5;11;5;12;5;13;5;14;5;15;5;16;6;16
1;0;1;12;6;18;5;18;4;18;4;17;4;16;4;15;4;14;4;13;4;12;4;11;4;10;4;9;4;8;4;7;4;6;4;5;4;4;4;3;5;3;5;4;5;5;5;6;5;7;5;8;5;9;5;10;5;11;5;12;5;13;5;14;5;15;5;16;6;16;6;15
1;1;1;12;5;18;4;18;4;17;4;16;4;15;4;14;4;13;4;12;4;11;4;10;4;9;4;8;4;7;4;6;4;5;4;4;4;3;5;3;5;4;5;5;5;6;5;7;5;8;5;9;5;10;5;11;5;12;5;13;5;14;5;15;5;16;6;16;6;15;7;15
1;0;1;12;4;18;4;17;4;16;4;15;4;14;4;13;4;12;4;11;4;10;4;9;4;8;4;7;4;6;4;5;4;4;4;3;5;3;5;4;5;5;5;6;5;7;5;8;5;9;5;10;5;11;5;12;5;13;5;14;5;15;5;16;6;16;6;15;7;15;7;14
1;1;1;12;4;17;4;16;4;15;4;14;4;13;4;12;4;11;4;10;4;9;4;8;4;7;4;6;4;5;4;4;4;3;5;3;5;4;5;5;5;6;5;7;5;8;5;9;5;10;5;11;5;12;5;13;5;14;5;15;5;16;6;16;6;15;7;15;7;14;8;14
1;0;1;12;4;16;4;15;4;14;4;13;4;12;4;11;4;10;4;9;4;8;4;7;4;6;4;5;4;4;4;3;5;3;5;4;5;5;5;6;5;7;5;8;5;9;5;10;5;11;5;12;5;13;5;14;5;15;5;16;6;16;6;15;7;15;7;14;8;14;8;13
1;1;1;12;4;15;4;14;4;13;4;12;4;11;4;10;4;9;4;8;4;7;4;6;4;5;4;4;4;3;5;3;5;4;5;5;5;6;5;7;5;8;5;9;5;10;5;11;5;12;5;13;5;14;5;15;5;16;6;16;6;15;7;15;7;14;8;14;8;13;9;13
1;1;1;12;4;14;4;13;4;12;4;11;4;10;4;9;4;8;4;7;4;6;4;5;4;4;4;3;5;3;5;4;5;5;5;6;5;7;5;8;5;9;5;10;5;11;5;12;5;13;5;14;5;15;5;16;6;16;6;15;7;15;7;14;8;14;8;13;9;13;10;13
1;1;1;12;4;13;4;12;4;11;4;10;4;9;4;8;4;7;4;6;4;5;4;4;4;3;5;3;5;4;5;5;5;6;5;7;5;8;5;9;5;10;5;11;5;12;5;13;5;14;5;15;5;16;6;16;6;15;7;15;7;14;8;14;8;13;9;13;10;13;11;13
1;0;1;12;4;12;4;11;4;10;4;9;4;8;4;7;4;6;4;5;4;4;4;3;5;3;5;4;5;5;5;6;5;7;5;8;5;9;5;10;5;11;5;12;5;13;5;14;5;15;5;16;6;16;6;15;7;15;7;14;8;14;8;13;9;13;10;13;11;13;11;12
1;3;1;12;4;11;4;10;4;9;4;8;4;7;4;6;4;5;4;4;4;3;5;3;5;4;5;5;5;6;5;7;5;8;5;9;5;10;5;11;5;12;5;13;5;14;5;15;5;16;6;16;6;15;7;15;7;14;8;14;8;13;9;13;10;13;11;13;11;12;10;12
1;3;1;12;4;10;4;9;4;8;4;7;4;6;4;5;4;4;4;3;5;3;5;4;5;5;5;6;5;7;5;8;5;9;5;10;5;11;5;12;5;13;5;14;5;15;5;16;6;16;6;15;7;15;7;14;8;14;8;13;9;13;10;13;11;13;11;12;10;12;9;12
1;3;1;12;4;9;4;8;4;7;4;6;4;5;4;4;4;3;5;3;5;4;5;5;5;6;5;7;5;8;5;9;5;10;5;11;5;12;5;13;5;14;5;15;5;16;6;16;6;15;7;15;7;14;8;14;8;13;9;13;10;13;11;13;11;12;10;12;9;12;8;12
1;3;1;12;4;8;4;7;4;6;4;5;4;4;4;3;5;3;5;4;5;5;5;6;5;7;5;8;5;9;5;10;5;11;5;12;5;13;5;14;5;15;5;16;6;16;6;15;7;15;7;14;8;14;8;13;9;13;10;13;11;13;11;12;10;12;9;12;8;12;7;12
1;3;1;12;4;7;4;6;4;5;4;4;4;3;5;3;5;4;5;5;5;6;5;7;5;8;5;9;5;10;5;11;5;12;5;13;5;14;5;15;5;16;6;16;6;15;7;15;7;14;8;14;8;13;9;13;10;13;11;13;11;12;10;12;9;12;8;12;7;12;6;12
1;0;1;12;4;6;4;5;4;4;4;3;5;3;5;4;5;5;5;6;5;7;5;8;5;9;5;10;5;11;5;12;5;13;5;14;5;15;5;16;6;16;6;15;7;15;7;14;8;14;8;13;9;13;10;13;11;13;11;12;10;12;9;12;8;12;7;12;6;12;6;11
1;1;1;12;4;5;4;4;4;3;5;3;5;4;5;5;5;6;5;7;5;8;5;9;5;10;5;11;5;12;5;13;5;14;5;15;5;16;6;16;6;15;7;15;7;14;8;14;8;13;9;13;10;13;11;13;11;12;10;12;9;12;8;12;7;12;6;12;6;11;7;11
1;1;1;12;4;4;4;3;5;3;5;4;5;5;5;6;5;7;5;8;5;9;5;10;5;11;5;12;5;13;5;14;5;15;5;16;6;16;6;15;7;15;7;14;8;14;8;13;9;13;10;13;11;13;11;12;10;12;9;12;8;12;7;12;6;12;6;11;7;11;8;11
1;1;1;12;4;3;5;3;5;4;5;5;5;6;5;7;5;8;5;9;5;10;5;11;5;12;5;13;5;14;5;15;5;16;6;16;6;15;7;15;7;14;8;14;8;13;9;13;10;13;11;13;11;12;10;12;9;12;8;12;7;12;6;12;6;11;7;11;8;11;9;11
1;1;1;12;5;3;5;4;5;5;5;6;5;7;5;8;5;9;5;10;5;11;5;12;5;13;5;14;5;15;5;16;6;16;6;15;7;15;7;14;8;14;8;13;9;13;10;13;11;13;11;12;10;12;9;12;8;12;7;12;6;12;6;11;7;11;8;11;9;11;10;11
1;1;1;12;5;4;5;5;5;6;5;7;5;8;5;9;5;10;5;11;5;12;5;13;5;14;5;15;5;16;6;16;6;15;7;15;7;14;8;14;8;13;9;13;10;13;11;13;11;12;10;12;9;12;8;12;7;12;6;12;6;11;7;11;8;11;9;11;10;11;11;11
1;1;1;12;5;5;5;6;5;7;5;8;5;9;5;10;5;11;5;12;5;13;5;14;5;15;5;16;6;16;6;15;7;15;7;14;8;14;8;13;9;13;10;13;11;13;11;12;10;12;9;12;8;12;7;12;6;12;6;11;7;11;8;11;9;11;10;11;11;11;12;11
1;2;1;12;5;6;5;7;5;8;5;9;5;10;5;11;5;12;5;13;5;14;5;15;5;16;6;16;6;15;7;15;7;14;8;14;8;13;9;13;10;13;11;13;11;12;10;12;9;12;8;12;7;12;6;12;6;11;7;11;8;11;9;11;10;11;11;11;12;11;12;12
1;2;1;12;5;7;5;8;5;9;5;10;5;11;5;12;5;13;5;14;5;15;5;16;6;16;6;15;7;15;7;14;8;14;8;13;9;13;10;13;11;13;11;12;10;12;9;12;8;12;7;12;6;12;6;11;7;11;8;11;9;11;10;11;11;11;12;11;12;12;12;13
1;1;1;12;5;8;5;9;5;10;5;11;5;12;5;13;5;14;5;15;5;16;6;16;6;15;7;15;7;14;8;14;8;13;9;13;10;13;11;13;11;12;10;12;9;12;8;12;7;12;6;12;6;11;7;11;8;11;9;11;10;11;11;11;12;11;12;12;12;13;13;13
1;0;1;12;5;9;5;10;5;11;5;12;5;13;5;14;5;15;5;16;6;16;6;15;7;15;7;14;8;14;8;13;9;13;10;13;11;13;11;12;10;12;9;12;8;12;7;12;6;12;6;11;7;11;8;11;9;11;10;11;11;11;12;11;12;12;12;13;13;13;13;12
1;0;1;12;5;10;5;11;5;12;5;13;5;14;5;15;5;16;6;16;6;15;7;15;7;14;8;14;8;13;9;13;10;13;11;13;11;12;10;12;9;12;8;12;7;12;6;12;6;11;7;11;8;11;9;11;10;11;11;11;12;11;12;12;12;13;13;13;13;12;13;11
1;0;1;12;5;11;5;12;5;13;5;14;5;15;5;16;6;16;6;15;7;15;7;14;8;14;8;13;9;13;10;13;11;13;11;12;10;12;9;12;8;12;7;12;6;12;6;11;7;11;8;11;9;11;10;11;11;11;12;11;12;12;12;13;13;13;13;12;13;11;13;10
1;3;1;12;5;12;5;13;5;14;5;15;5;16;6;16;6;15;7;15;7;14;8;14;8;13;9;13;10;13;11;13;11;12;10;12;9;12;8;12;7;12;6;12;6;11;7;11;8;11;9;11;10;11;11;11;12;11;12;12;12;13;13;13;13;12;13;11;13;10;12;10
1;0;1;12;5;13;5;14;5;15;5;16;6;16;6;15;7;15;7;14;8;14;8;13;9;13;10;13;11;13;11;12;10;12;9;12;8;12;7;12;6;12;6;11;7;11;8;11;9;11;10;11;11;11;12;11;12;12;12;13;13;13;13;12;13;11;13;10;12;10;12;9
1;3;1;12;5;14;5;15;5;16;6;16;6;15;7;15;7;14;8;14;8;13;9;13;10;13;11;13;11;12;10;12;9;12;8;12;7;12;6;12;6;11;7;11;8;11;9;11;10;11;11;11;12;11;12;12;12;13;13;13;13;12;13;11;13;10;12;10;12;9;11;9
1;0;1;12;5;15;5;16;6;16;6;15;7;15;7;14;8;14;8;13;9;13;10;13;11;13;11;12;10;12;9;12;8;12;7;12;6;12;6;11;7;11;8;11;9;11;10;11;11;11;12;11;12;12;12;13;13;13;13;12;13;11;13;10;12;10;12;9;11;9;11;8
1;3;1;12;5;16;6;16;6;15;7;15;7;14;8;14;8;13;9;13;10;13;11;13;11;12;10;12;9;12;8;12;7;12;6;12;6;11;7;11;8;11;9;11;10;11;11;11;12;11;12;12;12;13;13;13;13;12;13;11;13;10;12;10;12;9;11;9;11;8;10;8
1;0;1;12;6;16;6;15;7;15;7;14;8;14;8;13;9;13;10;13;11;13;11;12;10;12;9;12;8;12;7;12;6;12;6;11;7;11;8;11;9;11;10;11;11;11;12;11;12;12;12;13;13;13;13;12;13;11;13;10;12;10;12;9;11;9;11;8;10;8;10;7
1;3;1;12;6;15;7;15;7;14;8;14;8;13;9;13;10;13;11;13;11;12;10;12;9;12;8;12;7;12;6;12;6;11;7;11;8;11;9;11;10;11;11;11;12;11;12;12;12;13;13;13;13;12;13;11;13;10;12;10;12;9;11;9;11;8;10;8;10;7;9;7
1;0;1;12;7;15;7;14;8;14;8;13;9;13;10;13;11;13;11;12;10;12;9;12;8;12;7;12;6;12;6;11;7;11;8;11;9;11;10;11;11;11;12;11;12;12;12;13;13;13;13;12;13;11;13;10;12;10;12;9;11;9;11;8;10;8;10;7;9;7;9;6
1;3;1;12;7;14;8;14;8;13;9;13;10;13;11;13;11;12;10;12;9;12;8;12;7;12;6;12;6;11;7;11;8;11;9;11;10;11;11;11;12;11;12;12;12;13;13;13;13;12;13;11;13;10;12;10;12;9;11;9;11;8;10;8;10;7;9;7;9;6;8;6
1;3;1;12;8;14;8;13;9;13;10;13;11;13;11;12;10;12;9;12;8;12;7;12;6;12;6;11;7;11;8;11;9;11;10;11;11;11;12;11;12;12;12;13;13;13;13;12;13;11;13;10;12;10;12;9;11;9;11;8;10;8;10;7;9;7;9;6;8;6;7;6
1;0;1;12;8;13;9;13;10;13;11;13;11;12;10;12;9;12;8;12;7;12;6;12;6;11;7;11;8;11;9;11;10;11;11;11;12;11;12;12;12;13;13;13;13;12;13;11;13;10;12;10;12;9;11;9;11;8;10;8;10;7;9;7;9;6;8;6;7;6;7;5
1;3;1;12;9;13;10;13;11;13;11;12;10;12;9;12;8;12;7;12;6;12;6;11;7;11;8;11;9;11;10;11;11;11;12;11;12;12;12;13;13;13;13;12;13;11;13;10;12;10;12;9;11;9;11;8;10;8;10;7;9;7;9;6;8;6;7;6;7;5;6;5
1;3;1;12;10;13;11;13;11;12;10;12;9;12;8;12;7;12;6;12;6;11;7;11;8;11;9;11;10;11;11;11;12;11;12;12;12;13;13;13;13;12;13;11;13;10;12;10;12;9;11;9;11;8;10;8;10;7;9;7;9;6;8;6;7;6;7;5;6;5;5;5
1;2;1;12;11;13;11;12;10;12;9;12;8;12;7;12;6;12;6;11;7;11;8;11;9;11;10;11;11;11;12;11;12;12;12;13;13;13;13;12;13;11;13;10;12;10;12;9;11;9;11;8;10;8;10;7;9;7;9;6;8;6;7;6;7;5;6;5;5;5;5;6
1;2;1;12;11;12;10;12;9;12;8;12;7;12;6;12;6;11;7;11;8;11;9;11;10;11;11;11;12;11;12;12;12;13;13;13;13;12;13;11;13;10;12;10;12;9;11;9;11;8;10;8;10;7;9;7;9;6;8;6;7;6;7;5;6;5;5;5;5;6;5;7
1;2;1;12;10;12;9;12;8;12;7;12;6;12;6;11;7;11;8;11;9;11;10;11;11;11;12;11;12;12;12;13;13;13;13;12;13;11;13;10;12;10;12;9;11;9;11;8;10;8;10;7;9;7;9;6;8;6;7;6;7;5;6;5;5;5;5;6;5;7;5;8
1;2;1;12;9;12;8;12;7;12;6;12;6;11;7;11;8;11;9;11;10;11;11;11;12;11;12;12;12;13;13;13;13;12;13;11;13;10;12;10;12;9;11;9;11;8;10;8;10;7;9;7;9;6;8;6;7;6;7;5;6;5;5;5;5;6;5;7;5;8;5;9
1;2;1;12;8;12;7;12;6;12;6;11;7;11;8;11;9;11;10;11;11;11;12;11;12;12;12;13;13;13;13;12;13;11;13;10;12;10;12;9;11;9;11;8;10;8;10;7;9;7;9;6;8;6;7;6;7;5;6;5;5;5;5;6;5;7;5;8;5;9;5;10
1;3;1;12;7;12;6;12;6;11;7;11;8;11;9;11;10;11;11;11;12;11;12;12;12;13;13;13;13;12;13;11;13;10;12;10;12;9;11;9;11;8;10;8;10;7;9;7;9;6;8;6;7;6;7;5;6;5;5;5;5;6;5;7;5;8;5;9;5;10;4;10
1;2;1;12;6;12;6;11;7;11;8;11;9;11;10;11;11;11;12;11;12;12;12;13;13;13;13;12;13;11;13;10;12;10;12;9;11;9;11;8;10;8;10;7;9;7;9;6;8;6;7;6;7;5;6;5;5;5;5;6;5;7;5;8;5;9;5;10;4;10;4;11
1;2;1;12;6;11;7;11;8;11;9;11;10;11;11;11;12;11;12;12;12;13;13;13;13;12;13;11;13;10;12;10;12;9;11;9;11;8;10;8;10;7;9;7;9;6;8;6;7;6;7;5;6;5;5;5;5;6;5;7;5;8;5;9;5;10;4;10;4;11;4;12
1;3;1;12;7;11;8;11;9;11;10;11;11;11;12;11;12;12;12;13;13;13;13;12;13;11;13;10;12;10;12;9;11;9;11;8;10;8;10;7;9;7;9;6;8;6;7;6;7;5;6;5;5;5;5;6;5;7;5;8;5;9;5;10;4;10;4;11;4;12;3;12
1;3;1;12;8;11;9;11;10;11;11;11;12;11;12;12;12;13;13;13;13;12;13;11;13;10;12;10;12;9;11;9;11;8;10;8;10;7;9;7;9;6;8;6;7;6;7;5;6;5;5;5;5;6;5;7;5;8;5;9;5;10;4;10;4;11;4;12;3;12;2;12
1;3;6;13;9;11;9;11;10;11;11;11;12;11;12;12;12;13;13;13;13;12;13;11;13;10;12;10;12;9;11;9;11;8;10;8;10;7;9;7;9;6;8;6;7;6;7;5;6;5;5;5;5;6;5;7;5;8;5;9;5;10;4;10;4;11;4;12;3;12;2;12;1;12
1;2;6;13;9;11;10;11;11;11;12;11;12;12;12;13;13;13;13;12;13;11;13;10;12;10;12;9;11;9;11;8;10;8;10;7;9;7;9;6;8;6;7;6;7;5;6;5;5;5;5;6;5;7;5;8;5;9;5;10;4;10;4;11;4;12;3;12;2;12;1;12;1;13
1;1;6;13;10;11;11;11;12;11;12;12;12;13;13;13;13;12;13;11;13;10;12;10;12;9;11;9;11;8;10;8;10;7;9;7;9;6;8;6;7;6;7;5;6;5;5;5;5;6;5;7;5;8;5;9;5;10;4;10;4;11;4;12;3;12;2;12;1;12;1;13;2;13
1;1;6;13;11;11;12;11;12;12;12;13;13;13;13;12;13;11;13;10;12;10;12;9;11;9;11;8;10;8;10;7;9;7;9;6;8;6;7;6;7;5;6;5;5;5;5;6;5;7;5;8;5;9;5;10;4;10;4;11;4;12;3;12;2;12;1;12;1;13;2;13;3;13
1;1;6;13;12;11;12;12;12;13;13;13;13;12;13;11;13;10;12;10;12;9;11;9;11;8;10;8;10;7;9;7;9;6;8;6;7;6;7;5;6;5;5;5;5;6;5;7;5;8;5;9;5;10;4;10;4;11;4;12;3;12;2;12;1;12;1;13;2;13;3;13;4;13
1;1;6;13;12;12;12;13;13;13;13;12;13;11;13;10;12;10;12;9;11;9;11;8;10;8;10;7;9;7;9;6;8;6;7;6;7;5;6;5;5;5;5;6;5;7;5;8;5;9;5;10;4;10;4;11;4;12;3;12;2;12;1;12;1;13;2;13;3;13;4;13;5;13
1;1;6;10;12;13;12;13;13;13;13;12;13;11;13;10;12;10;12;9;11;9;11;8;10;8;10;7;9;7;9;6;8;6;7;6;7;5;6;5;5;5;5;6;5;7;5;8;5;9;5;10;4;10;4;11;4;12;3;12;2;12;1;12;1;13;2;13;3;13;4;13;5;13;6;13
1;0;6;10;12;13;13;13;13;12;13;11;13;10;12;10;12;9;11;9;11;8;10;8;10;7;9;7;9;6;8;6;7;6;7;5;6;5;5;5;5;6;5;7;5;8;5;9;5;10;4;10;4;11;4;12;3;12;2;12;1;12;1;13;2;13;3;13;4;13;5;13;6;13;6;12
1;0;6;10;13;13;13;12;13;11;13;10;12;10;12;9;11;9;11;8;10;8;10;7;9;7;9;6;8;6;7;6;7;5;6;5;5;5;5;6;5;7;5;8;5;9;5;10;4;10;4;11;4;12;3;12;2;12;1;12;1;13;2;13;3;13;4;13;5;13;6;13;6;12;6;11
1;0;3;5;13;12;13;12;13;11;13;10;12;10;12;9;11;9;11;8;10;8;10;7;9;7;9;6;8;6;7;6;7;5;6;5;5;5;5;6;5;7;5;8;5;9;5;10;4;10;4;11;4;12;3;12;2;12;1;12;1;13;2;13;3;13;4;13;5;13;6;13;6;12;6;11;6;10
1;0;3;5;13;12;13;11;13;10;12;10;12;9;11;9;11;8;10;8;10;7;9;7;9;6;8;6;7;6;7;5;6;5;5;5;5;6;5;7;5;8;5;9;5;10;4;10;4;11;4;12;3;12;2;12;1;12;1;13;2;13;3;13;4;13;5;13;6;13;6;12;6;11;6;10;6;9
1;0;3;5;13;11;13;10;12;10;12;9;11;9;11;8;10;8;10;7;9;7;9;6;8;6;7;6;7;5;6;5;5;5;5;6;5;7;5;8;5;9;5;10;4;10;4;11;4;12;3;12;2;12;1;12;1;13;2;13;3;13;4;13;5;13;6;13;6;12;6;11;6;10;6;9;6;8
1;0;3;5;13;10;12;10;12;9;11;9;11;8;10;8;10;7;9;7;9;6;8;6;7;6;7;5;6;5;5;5;5;6;5;7;5;8;5;9;5;10;4;10;4;11;4;12;3;12;2;12;1;12;1;13;2;13;3;13;4;13;5;13;6;13;6;12;6;11;6;10;6;9;6;8;6;7
1;1;3;5;12;10;12;9;11;9;11;8;10;8;10;7;9;7;9;6;8;6;7;6;7;5;6;5;5;5;5;6;5;7;5;8;5;9;5;10;4;10;4;11;4;12;3;12;2;12;1;12;1;13;2;13;3;13;4;13;5;13;6;13;6;12;6;11;6;10;6;9;6;8;6;7;7;7
1;2;3;5;12;9;11;9;11;8;10;8;10;7;9;7;9;6;8;6;7;6;7;5;6;5;5;5;5;6;5;7;5;8;5;9;5;10;4;10;4;11;4;12;3;12;2;12;1;12;1;13;2;13;3;13;4;13;5;13;6;13;6;12;6;11;6;10;6;9;6;8;6;7;7;7;7;8
1;2;3;5;11;9;11;8;10;8;10;7;9;7;9;6;8;6;7;6;7;5;6;5;5;5;5;6;5;7;5;8;5;9;5;10;4;10;4;11;4;12;3;12;2;12;1;12;1;13;2;13;3;13;4;13;5;13;6;13;6;12;6;11;6;10;6;9;6;8;6;7;7;7;7;8;7;9
1;2;3;5;11;8;10;8;10;7;9;7;9;6;8;6;7;6;7;5;6;5;5;5;5;6;5;7;5;8;5;9;5;10;4;10;4;11;4;12;3;12;2;12;1;12;1;13;2;13;3;13;4;13;5;13;6;13;6;12;6;11;6;10;6;9;6;8;6;7;7;7;7;8;7;9;7;10
1;2;3;5;10;8;10;7;9;7;9;6;8;6;7;6;7;5;6;5;5;5;5;6;5;7;5;8;5;9;5;10;4;10;4;11;4;12;3;12;2;12;1;12;1;13;2;13;3;13;4;13;5;13;6;13;6;12;6;11;6;10;6;9;6;8;6;7;7;7;7;8;7;9;7;10;7;11
1;2;3;5;10;7;9;7;9;6;8;6;7;6;7;5;6;5;5;5;5;6;5;7;5;8;5;9;5;10;4;10;4;11;4;12;3;12;2;12;1;12;1;13;2;13;3;13;4;13;5;13;6;13;6;12;6;11;6;10;6;9;6;8;6;7;7;7;7;8;7;9;7;10;7;11;7;12
1;2;3;5;9;7;9;6;8;6;7;6;7;5;6;5;5;5;5;6;5;7;5;8;5;9;5;10;4;10;4;11;4;12;3;12;2;12;1;12;1;13;2;13;3;13;4;13;5;13;6;13;6;12;6;11;6;10;6;9;6;8;6;7;7;7;7;8;7;9;7;10;7;11;7;12;7;13
1;2;3;5;9;6;8;6;7;6;7;5;6;5;5;5;5;6;5;7;5;8;5;9;5;10;4;10;4;11;4;12;3;12;2;12;1;12;1;13;2;13;3;13;4;13;5;13;6;13;6;12;6;11;6;10;6;9;6;8;6;7;7;7;7;8;7;9;7;10;7;11;7;12;7;13;7;14
1;3;3;5;8;6;7;6;7;5;6;5;5;5;5;6;5;7;5;8;5;9;5;10;4;10;4;11;4;12;3;12;2;12;1;12;1;13;2;13;3;13;4;13;5;13;6;13;6;12;6;11;6;10;6;9;6;8;6;7;7;7;7;8;7;9;7;10;7;11;7;12;7;13;7;14;6;14
1;3;3;5;7;6;7;5;6;5;5;5;5;6;5;7;5;8;5;9;5;10;4;10;4;11;4;12;3;12;2;12;1;12;1;13;2;13;3;13;4;13;5;13;6;13;6;12;6;11;6;10;6;9;6;8;6;7;7;7;7;8;7;9;7;10;7;11;7;12;7;13;7;14;6;14;5;14
1;3;3;5;7;5;6;5;5;5;5;6;5;7;5;8;5;9;5;10;4;10;4;11;4;12;3;12;2;12;1;12;1;13;2;13;3;13;4;13;5;13;6;13;6;12;6;11;6;10;6;9;6;8;6;7;7;7;7;8;7;9;7;10;7;11;7;12;7;13;7;14;6;14;5;14;4;14
1;3;3;5;6;5;5;5;5;6;5;7;5;8;5;9;5;10;4;10;4;11;4;12;3;12;2;12;1;12;1;13;2;13;3;13;4;13;5;13;6;13;6;12;6;11;6;10;6;9;6;8;6;7;7;7;7;8;7;9;7;10;7;11;7;12;7;13;7;14;6;14;5;14;4;14;3;14
1;2;3;5;5;5;5;6;5;7;5;8;5;9;5;10;4;10;4;11;4;12;3;12;2;12;1;12;1;13;2;13;3;13;4;13;5;13;6;13;6;12;6;11;6;10;6;9;6;8;6;7;7;7;7;8;7;9;7;10;7;11;7;12;7;13;7;14;6;14;5;14;4;14;3;14;3;15
1;1;3;5;5;6;5;7;5;8;5;9;5;10;4;10;4;11;4;12;3;12;2;12;1;12;1;13;2;13;3;13;4;13;5;13;6;13;6;12;6;11;6;10;6;9;6;8;6;7;7;7;7;8;7;9;7;10;7;11;7;12;7;13;7;14;6;14;5;14;4;14;3;14;3;15;4;15
1;1;3;5;5;7;5;8;5;9;5;10;4;10;4;11;4;12;3;12;2;12;1;12;1;13;2;13;3;13;4;13;5;13;6;13;6;12;6;11;6;10;6;9;6;8;6;7;7;7;7;8;7;9;7;10;7;11;7;12;7;13;7;14;6;14;5;14;4;14;3;14;3;15;4;15;5;15
1;2;3;5;5;8;5;9;5;10;4;10;4;11;4;12;3;12;2;12;1;12;1;13;2;13;3;13;4;13;5;13;6;13;6;12;6;11;6;10;6;9;6;8;6;7;7;7;7;8;7;9;7;10;7;11;7;12;7;13;7;14;6;14;5;14;4;14;3;14;3;15;4;15;5;15;5;16
1;3;3;5;5;9;5;10;4;10;4;11;4;12;3;12;2;12;1;12;1;13;2;13;3;13;4;13;5;13;6;13;6;12;6;11;6;10;6;9;6;8;6;7;7;7;7;8;7;9;7;10;7;11;7;12;7;13;7;14;6;14;5;14;4;14;3;14;3;15;4;15;5;15;5;16;4;16
1;2;3;5;5;10;4;10;4;11;4;12;3;12;2;12;1;12;1;13;2;13;3;13;4;13;5;13;6;13;6;12;6;11;6;10;6;9;6;8;6;7;7;7;7;8;7;9;7;10;7;11;7;12;7;13;7;14;6;14;5;14;4;14;3;14;3;15;4;15;5;15;5;16;4;16;4;17
1;3;3;5;4;10;4;11;4;12;3;12;2;12;1;12;1;13;2;13;3;13;4;13;5;13;6;13;6;12;6;11;6;10;6;9;6;8;6;7;7;7;7;8;7;9;7;10;7;11;7;12;7;13;7;14;6;14;5;14;4;14;3;14;3;15;4;15;5;15;5;16;4;16;4;17;3;17
1;2;3;5;4;11;4;12;3;12;2;12;1;12;1;13;2;13;3;13;4;13;5;13;6;13;6;12;6;11;6;10;6;9;6;8;6;7;7;7;7;8;7;9;7;10;7;11;7;12;7;13;7;14;6;14;5;14;4;14;3;14;3;15;4;15;5;15;5;16;4;16;4;17;3;17;3;18
1;1;3;5;4;12;3;12;2;12;1;12;1;13;2;13;3;13;4;13;5;13;6;13;6;12;6;11;6;10;6;9;6;8;6;7;7;7;7;8;7;9;7;10;7;11;7;12;7;13;7;14;6;14;5;14;4;14;3;14;3;15;4;15;5;15;5;16;4;16;4;17;3;17;3;18;4;18
1;1;3;5;3;12;2;12;1;12;1;13;2;13;3;13;4;13;5;13;6;13;6;12;6;11;6;10;6;9;6;8;6;7;7;7;7;8;7;9;7;10;7;11;7;12;7;13;7;14;6;14;5;14;4;14;3;14;3;15;4;15;5;15;5;16;4;16;4;17;3;17;3;18;4;18;5;18
1;1;3;5;2;12;1;12;1;13;2;13;3;13;4;13;5;13;6;13;6;12;6;11;6;10;6;9;6;8;6;7;7;7;7;8;7;9;7;10;7;11;7;12;7;13;7;14;6;14;5;14;4;14;3;14;3;15;4;15;5;15;5;16;4;16;4;17;3;17;3;18;4;18;5;18;6;18
1;1;3;5;1;12;1;13;2;13;3;13;4;13;5;13;6;13;6;12;6;11;6;10;6;9;6;8;6;7;7;7;7;8;7;9;7;10;7;11;7;12;7;13;7;14;6;14;5;14;4;14;3;14;3;15;4;15;5;15;5;16;4;16;4;17;3;17;3;18;4;18;5;18;6;18;7;18
1;1;3;5;1;13;2;13;3;13;4;13;5;13;6;13;6;12;6;11;6;10;6;9;6;8;6;7;7;7;7;8;7;9;7;10;7;11;7;12;7;13;7;14;6;14;5;14;4;14;3;14;3;15;4;15;5;15;5;16;4;16;4;17;3;17;3;18;4;18;5;18;6;18;7;18;8;18
1;0;3;5;2;13;3;13;4;13;5;13;6;13;6;12;6;11;6;10;6;9;6;8;6;7;7;7;7;8;7;9;7;10;7;11;7;12;7;13;7;14;6;14;5;14;4;14;3;14;3;15;4;15;5;15;5;16;4;16;4;17;3;17;3;18;4;18;5;18;6;18;7;18;8;18;8;17
1;1;3;5;3;13;4;13;5;13;6;13;6;12;6;11;6;10;6;9;6;8;6;7;7;7;7;8;7;9;7;10;7;11;7;12;7;13;7;14;6;14;5;14;4;14;3;14;3;15;4;15;5;15;5;16;4;16;4;17;3;17;3;18;4;18;5;18;6;18;7;18;8;18;8;17;9;17
1;0;3;5;4;13;5;13;6;13;6;12;6;11;6;10;6;9;6;8;6;7;7;7;7;8;7;9;7;10;7;11;7;12;7;13;7;14;6;14;5;14;4;14;3;14;3;15;4;15;5;15;5;16;4;16;4;17;3;17;3;18;4;18;5;18;6;18;7;18;8;18;8;17;9;17;9;16
1;1;3;5;5;13;6;13;6;12;6;11;6;10;6;9;6;8;6;7;7;7;7;8;7;9;7;10;7;11;7;12;7;13;7;14;6;14;5;14;4;14;3;14;3;15;4;15;5;15;5;16;4;16;4;17;3;17;3;18;4;18;5;18;6;18;7;18;8;18;8;17;9;17;9;16;10;16
1;0;3;5;6;13;6;12;6;11;6;10;6;9;6;8;6;7;7;7;7;8;7;9;7;10;7;11;7;12;7;13;7;14;6;14;5;14;4;14;3;14;3;15;4;15;5;15;5;16;4;16;4;17;3;17;3;18;4;18;5;18;6;18;7;18;8;18;8;17;9;17;9;16;10;16;10;15
1;1;3;5;6;12;6;11;6;10;6;9;6;8;6;7;7;7;7;8;7;9;7;10;7;11;7;12;7;13;7;14;6;14;5;14;4;14;3;14;3;15;4;15;5;15;5;16;4;16;4;17;3;17;3;18;4;18;5;18;6;18;7;18;8;18;8;17;9;17;9;16;10;16;10;15;11;15
1;0;3;5;6;11;6;10;6;9;6;8;6;7;7;7;7;8;7;9;7;10;7;11;7;12;7;13;7;14;6;14;5;14;4;14;3;14;3;15;4;15;5;15;5;16;4;16;4;17;3;17;3;18;4;18;5;18;6;18;7;18;8;18;8;17;9;17;9;16;10;16;10;15;11;15;11;14
1;1;3;5;6;10;6;9;6;8;6;7;7;7;7;8;7;9;7;10;7;11;7;12;7;13;7;14;6;14;5;14;4;14;3;14;3;15;4;15;5;15;5;16;4;16;4;17;3;17;3;18;4;18;5;18;6;18;7;18;8;18;8;17;9;17;9;16;10;16;10;15;11;15;11;14;12;14
1;0;3;5;6;9;6;8;6;7;7;7;7;8;7;9;7;10;7;11;7;12;7;13;7;14;6;14;5;14;4;14;3;14;3;15;4;15;5;15;5;16;4;16;4;17;3;17;3;18;4;18;5;18;6;18;7;18;8;18;8;17;9;17;9;16;10;16;10;15;11;15;11;14;12;14;12;13
1;1;3;5;6;8;6;7;7;7;7;8;7;9;7;10;7;11;7;12;7;13;7;14;6;14;5;14;4;14;3;14;3;15;4;15;5;15;5;16;4;16;4;17;3;17;3;18;4;18;5;18;6;18;7;18;8;18;8;17;9;17;9;16;10;16;10;15;11;15;11;14;12;14;12;13;13;13
1;0;3;5;6;7;7;7;7;8;7;9;7;10;7;11;7;12;7;13;7;14;6;14;5;14;4;14;3;14;3;15;4;15;5;15;5;16;4;16;4;17;3;17;3;18;4;18;5;18;6;18;7;18;8;18;8;17;9;17;9;16;10;16;10;15;11;15;11;14;12;14;12;13;13;13;13;12
1;0;3;5;7;7;7;8;7;9;7;10;7;11;7;12;7;13;7;14;6;14;5;14;4;14;3;14;3;15;4;15;5;15;5;16;4;16;4;17;3;17;3;18;4;18;5;18;6;18;7;18;8;18;8;17;9;17;9;16;10;16;10;15;11;15;11;14;12;14;12;13;13;13;13;12;13;11
1;0;3;5;7;8;7;9;7;10;7;11;7;12;7;13;7;14;6;14;5;14;4;14;3;14;3;15;4;15;5;15;5;16;4;16;4;17;3;17;3;18;4;18;5;18;6;18;7;18;8;18;8;17;9;17;9;16;10;16;10;15;11;15;11;14;12;14;12;13;13;13;13;12;13;11;13;10
1;0;3;5;7;9;7;10;7;11;7;12;7;13;7;14;6;14;5;14;4;14;3;14;3;15;4;15;5;15;5;16;4;16;4;17;3;17;3;18;4;18;5;18;6;18;7;18;8;18;8;17;9;17;9;16;10;16;10;15;11;15;11;14;12;14;12;13;13;13;13;12;13;11;13;10;13;9
1;0;3;5;7;10;7;11;7;12;7;13;7;14;6;14;5;14;4;14;3;14;3;15;4;15;5;15;5;16;4;16;4;17;3;17;3;18;4;18;5;18;6;18;7;18;8;18;8;17;9;17;9;16;10;16;10;15;11;15;11;14;12;14;12;13;13;13;13;12;13;11;13;10;13;9;13;8
1;0;3;5;7;11;7;12;7;13;7;14;6;14;5;14;4;14;3;14;3;15;4;15;5;15;5;16;4;16;4;17;3;17;3;18;4;18;5;18;6;18;7;18;8;18;8;17;9;17;9;16;10;16;10;15;11;15;11;14;12;14;12;13;13;13;13;12;13;11;13;10;13;9;13;8;13;7
1;0;3;5;7;12;7;13;7;14;6;14;5;14;4;14;3;14;3;15;4;15;5;15;5;16;4;16;4;17;3;17;3;18;4;18;5;18;6;18;7;18;8;18;8;17;9;17;9;16;10;16;10;15;11;15;11;14;12;14;12;13;13;13;13;12;13;11;13;10;13;9;13;8;13;7;13;6
1;0;3;5;7;13;7;14;6;14;5;14;4;14;3;14;3;15;4;15;5;15;5;16;4;16;4;17;3;17;3;18;4;18;5;18;6;18;7;18;8;18;8;17;9;17;9;16;10;16;10;15;11;15;11;14;12;14;12;13;13;13;13;12;13;11;13;10;13;9;13;8;13;7;13;6;13;5
1;3;3;5;7;14;6;14;5;14;4;14;3;14;3;15;4;15;5;15;5;16;4;16;4;17;3;17;3;18;4;18;5;18;6;18;7;18;8;18;8;17;9;17;9;16;10;16;10;15;11;15;11;14;12;14;12;13;13;13;13;12;13;11;13;10;13;9;13;8;13;7;13;6;13;5;12;5
1;3;3;5;6;14;5;14;4;14;3;14;3;15;4;15;5;15;5;16;4;16;4;17;3;17;3;18;4;18;5;18;6;18;7;18;8;18;8;17;9;17;9;16;10;16;10;15;11;15;11;14;12;14;12;13;13;13;13;12;13;11;13;10;13;9;13;8;13;7;13;6;13;5;12;5;11;5
1;3;3;5;5;14;4;14;3;14;3;15;4;15;5;15;5;16;4;16;4;17;3;17;3;18;4;18;5;18;6;18;7;18;8;18;8;17;9;17;9;16;10;16;10;15;11;15;11;14;12;14;12;13;13;13;13;12;13;11;13;10;13;9;13;8;13;7;13;6;13;5;12;5;11;5;10;5
1;3;3;5;4;14;3;14;3;15;4;15;5;15;5;16;4;16;4;17;3;17;3;18;4;18;5;18;6;18;7;18;8;18;8;17;9;17;9;16;10;16;10;15;11;15;11;14;12;14;12;13;13;13;13;12;13;11;13;10;13;9;13;8;13;7;13;6;13;5;12;5;11;5;10;5;9;5
1;3;3;5;3;14;3;15;4;15;5;15;5;16;4;16;4;17;3;17;3;18;4;18;5;18;6;18;7;18;8;18;8;17;9;17;9;16;10;16;10;15;11;15;11;14;12;14;12;13;13;13;13;12;13;11;13;10;13;9;13;8;13;7;13;6;13;5;12;5;11;5;10;5;9;5;8;5
1;3;3;5;3;15;4;15;5;15;5;16;4;16;4;17;3;17;3;18;4;18;5;18;6;18;7;18;8;18;8;17;9;17;9;16;10;16;10;15;11;15;11;14;12;14;12;13;13;13;13;12;13;11;13;10;13;9;13;8;13;7;13;6;13;5;12;5;11;5;10;5;9;5;8;5;7;5
1;3;3;5;4;15;5;15;5;16;4;16;4;17;3;17;3;18;4;18;5;18;6;18;7;18;8;18;8;17;9;17;9;16;10;16;10;15;11;15;11;14;12;14;12;13;13;13;13;12;13;11;13;10;13;9;13;8;13;7;13;6;13;5;12;5;11;5;10;5;9;5;8;5;7;5;6;5
1;3;3;5;5;15;5;16;4;16;4;17;3;17;3;18;4;18;5;18;6;18;7;18;8;18;8;17;9;17;9;16;10;16;10;15;11;15;11;14;12;14;12;13;13;13;13;12;13;11;13;10;13;9;13;8;13;7;13;6;13;5;12;5;11;5;10;5;9;5;8;5;7;5;6;5;5;5
1;3;3;5;5;16;4;16;4;17;3;17;3;18;4;18;5;18;6;18;7;18;8;18;8;17;9;17;9;16;10;16;10;15;11;15;11;14;12;14;12;13;13;13;13;12;13;11;13;10;13;9;13;8;13;7;13;6;13;5;12;5;11;5;10;5;9;5;8;5;7;5;6;5;5;5;4;5
1;3;1;1;4;16;4;16;4;17;3;17;3;18;4;18;5;18;6;18;7;18;8;18;8;17;9;17;9;16;10;16;10;15;11;15;11;14;12;14;12;13;13;13;13;12;13;11;13;10;13;9;13;8;13;7;13;6;13;5;12;5;11;5;10;5;9;5;8;5;7;5;6;5;5;5;4;5;3;5
1;3;1;1;4;16;4;17;3;17;3;18;4;18;5;18;6;18;7;18;8;18;8;17;9;17;9;16;10;16;10;15;11;15;11;14;12;14;12;13;13;13;13;12;13;11;13;10;13;9;13;8;13;7;13;6;13;5;12;5;11;5;10;5;9;5;8;5;7;5;6;5;5;5;4;5;3;5;2;5
1;3;1;1;4;17;3;17;3;18;4;18;5;18;6;18;7;18;8;18;8;17;9;17;9;16;10;16;10;15;11;15;11;14;12;14;12;13;13;13;13;12;13;11;13;10;13;9;13;8;13;7;13;6;13;5;12;5;11;5;10;5;9;5;8;5;7;5;6;5;5;5;4;5;3;5;2;5;1;5
1;0;1;1;3;17;3;18;4;18;5;18;6;18;7;18;8;18;8;17;9;17;9;16;10;16;10;15;11;15;11;14;12;14;12;13;13;13;13;12;13;11;13;10;13;9;13;8;13;7;13;6;13;5;12;5;11;5;10;5;9;5;8;5;7;5;6;5;5;5;4;5;3;5;2;5;1;5;1;4
1;0;1;1;3;18;4;18;5;18;6;18;7;18;8;18;8;17;9;17;9;16;10;16;10;15;11;15;11;14;12;14;12;13;13;13;13;12;13;11;13;10;13;9;13;8;13;7;13;6;13;5;12;5;11;5;10;5;9;5;8;5;7;5;6;5;5;5;4;5;3;5;2;5;1;5;1;4;1;3
1;0;1;1;4;18;5;18;6;18;7;18;8;18;8;17;9;17;9;16;10;16;10;15;11;15;11;14;12;14;12;13;13;13;13;12;13;11;13;10;13;9;13;8;13;7;13;6;13;5;12;5;11;5;10;5;9;5;8;5;7;5;6;5;5;5;4;5;3;5;2;5;1;5;1;4;1;3;1;2
1;0;15;7;5;18;5;18;6;18;7;18;8;18;8;17;9;17;9;16;10;16;10;15;11;15;11;14;12;14;12;13;13;13;13;12;13;11;13;10;13;9;13;8;13;7;13;6;13;5;12;5;11;5;10;5;9;5;8;5;7;5;6;5;5;5;4;5;3;5;2;5;1;5;1;4;1;3;1;2;1;1
1;1;15;7;5;18;6;18;7;18;8;18;8;17;9;17;9;16;10;16;10;15;11;15;11;14;12;14;12;13;13;13;13;12;13;11;13;10;13;9;13;8;13;7;13;6;13;5;12;5;11;5;10;5;9;5;8;5;7;5;6;5;5;5;4;5;3;5;2;5;1;5;1;4;1;3;1;2;1;1;2;1
1;1;15;7;6;18;7;18;8;18;8;17;9;17;9;16;10;16;10;15;11;15;11;14;12;14;12;13;13;13;13;12;13;11;13;10;13;9;13;8;13;7;13;6;13;5;12;5;11;5;10;5;9;5;8;5;7;5;6;5;5;5;4;5;3;5;2;5;1;5;1;4;1;3;1;2;1;1;2;1;3;1
1;1;15;7;7;18;8;18;8;17;9;17;9;16;10;16;10;15;11;15;11;14;12;14;12;13;13;13;13;12;13;11;13;10;13;9;13;8;13;7;13;6;13;5;12;5;11;5;10;5;9;5;8;5;7;5;6;5;5;5;4;5;3;5;2;5;1;5;1;4;1;3;1;2;1;1;2;1;3;1;4;1
1;1;15;7;8;18;8;17;9;17;9;16;10;16;10;15;11;15;11;14;12;14;12;13;13;13;13;12;13;11;13;10;13;9;13;8;13;7;13;6;13;5;12;5;11;5;10;5;9;5;8;5;7;5;6;5;5;5;4;5;3;5;2;5;1;5;1;4;1;3;1;2;1;1;2;1;3;1;4;1;5;1
1;1;15;7;8;17;9;17;9;16;10;16;10;15;11;15;11;14;12;14;12;13;13;13;13;12;13;11;13;10;13;9;13;8;13;7;13;6;13;5;12;5;11;5;10;5;9;5;8;5;7;5;6;5;5;5;4;5;3;5;2;5;1;5;1;4;1;3;1;2;1;1;2;1;3;1;4;1;5;1;6;1
1;1;15;7;9;17;9;16;10;16;10;15;11;15;11;14;12;14;12;13;13;13;13;12;13;11;13;10;13;9;13;8;13;7;13;6;13;5;12;5;11;5;10;5;9;5;8;5;7;5;6;5;5;5;4;5;3;5;2;5;1;5;1;4;1;3;1;2;1;1;2;1;3;1;4;1;5;1;6;1;7;1
1;1;15;7;9;16;10;16;10;15;11;15;11;14;12;14;12;13;13;13;13;12;13;11;13;10;13;9;13;8;13;7;13;6;13;5;12;5;11;5;10;5;9;5;8;5;7;5;6;5;5;5;4;5;3;5;2;5;1;5;1;4;1;3;1;2;1;1;2;1;3;1;4;1;5;1;6;1;7;1;8;1
1;1;15;7;10;16;10;15;11;15;11;14;12;14;12;13;13;13;13;12;13;11;13;10;13;9;13;8;13;7;13;6;13;5;12;5;11;5;10;5;9;5;8;5;7;5;6;5;5;5;4;5;3;5;2;5;1;5;1;4;1;3;1;2;1;1;2;1;3;1;4;1;5;1;6;1;7;1;8;1;9;1
1;1;15;7;10;15;11;15;11;14;12;14;12;13;13;13;13;12;13;11;13;10;13;9;13;8;13;7;13;6;13;5;12;5;11;5;10;5;9;5;8;5;7;5;6;5;5;5;4;5;3;5;2;5;1;5;1;4;1;3;1;2;1;1;2;1;3;1;4;1;5;1;6;1;7;1;8;1;9;1;10;1
1;1;15;7;11;15;11;14;12;14;12;13;13;13;13;12;13;11;13;10;13;9;13;8;13;7;13;6;13;5;12;5;11;5;10;5;9;5;8;5;7;5;6;5;5;5;4;5;3;5;2;5;1;5;1;4;1;3;1;2;1;1;2;1;3;1;4;1;5;1;6;1;7;1;8;1;9;1;10;1;11;1
1;1;15;7;11;14;12;14;12;13;13;13;13;12;13;11;13;10;13;9;13;8;13;7;13;6;13;5;12;5;11;5;10;5;9;5;8;5;7;5;6;5;5;5;4;5;3;5;2;5;1;5;1;4;1;3;1;2;1;1;2;1;3;1;4;1;5;1;6;1;7;1;8;1;9;1;10;1;11;1;12;1
1;1;15;7;12;14;12;13;13;13;13;12;13;11;13;10;13;9;13;8;13;7;13;6;13;5;12;5;11;5;10;5;9;5;8;5;7;5;6;5;5;5;4;5;3;5;2;5;1;5;1;4;1;3;1;2;1;1;2;1;3;1;4;1;5;1;6;1;7;1;8;1;9;1;10;1;11;1;12;1;13;1
1;1;15;7;12;13;13;13;13;12;13;11;13;10;13;9;13;8;13;7;13;6;13;5;12;5;11;5;10;5;9;5;8;5;7;5;6;5;5;5;4;5;3;5;2;5;1;5;1;4;1;3;1;2;1;1;2;1;3;1;4;1;5;1;6;1;7;1;8;1;9;1;10;1;11;1;12;1;13;1;14;1
1;2;15;7;13;13;13;12;13;11;13;10;13;9;13;8;13;7;13;6;13;5;12;5;11;5;10;5;9;5;8;5;7;5;6;5;5;5;4;5;3;5;2;5;1;5;1;4;1;3;1;2;1;1;2;1;3;1;4;1;5;1;6;1;7;1;8;1;9;1;10;1;11;1;12;1;13;1;14;1;14;2
1;2;15;7;13;12;13;11;13;10;13;9;13;8;13;7;13;6;13;5;12;5;11;5;10;5;9;5;8;5;7;5;6;5;5;5;4;5;3;5;2;5;1;5;1;4;1;3;1;2;1;1;2;1;3;1;4;1;5;1;6;1;7;1;8;1;9;1;10;1;11;1;12;1;13;1;14;1;14;2;14;3
1;2;15;7;13;11;13;10;13;9;13;8;13;7;13;6;13;5;12;5;11;5;10;5;9;5;8;5;7;5;6;5;5;5;4;5;3;5;2;5;1;5;1;4;1;3;1;2;1;1;2;1;3;1;4;1;5;1;6;1;7;1;8;1;9;1;10;1;11;1;12;1;13;1;14;1;14;2;14;3;14;4
1;2;15;7;13;10;13;9;13;8;13;7;13;6;13;5;12;5;11;5;10;5;9;5;8;5;7;5;6;5;5;5;4;5;3;5;2;5;1;5;1;4;1;3;1;2;1;1;2;1;3;1;4;1;5;1;6;1;7;1;8;1;9;1;10;1;11;1;12;1;13;1;14;1;14;2;14;3;14;4;14;5
1;2;15;7;13;9;13;8;13;7;13;6;13;5;12;5;11;5;10;5;9;5;8;5;7;5;6;5;5;5;4;5;3;5;2;5;1;5;1;4;1;3;1;2;1;1;2;1;3;1;4;1;5;1;6;1;7;1;8;1;9;1;10;1;11;1;12;1;13;1;14;1;14;2;14;3;14;4;14;5;14;6
1;1;15;7;13;8;13;7;13;6;13;5;12;5;11;5;10;5;9;5;8;5;7;5;6;5;5;5;4;5;3;5;2;5;1;5;1;4;1;3;1;2;1;1;2;1;3;1;4;1;5;1;6;1;7;1;8;1;9;1;10;1;11;1;12;1;13;1;14;1;14;2;14;3;14;4;14;5;14;6;15;6
1;2;13;13;13;7;13;7;13;6;13;5;12;5;11;5;10;5;9;5;8;5;7;5;6;5;5;5;4;5;3;5;2;5;1;5;1;4;1;3;1;2;1;1;2;1;3;1;4;1;5;1;6;1;7;1;8;1;9;1;10;1;11;1;12;1;13;1;14;1;14;2;14;3;14;4;14;5;14;6;15;6;15;7
1;2;13;13;13;7;13;6;13;5;12;5;11;5;10;5;9;5;8;5;7;5;6;5;5;5;4;5;3;5;2;5;1;5;1;4;1;3;1;2;1;1;2;1;3;1;4;1;5;1;6;1;7;1;8;1;9;1;10;1;11;1;12;1;13;1;14;1;14;2;14;3;14;4;14;5;14;6;15;6;15;7;15;8
1;3;13;13;13;6;13;5;12;5;11;5;10;5;9;5;8;5;7;5;6;5;5;5;4;5;3;5;2;5;1;5;1;4;1;3;1;2;1;1;2;1;3;1;4;1;5;1;6;1;7;1;8;1;9;1;10;1;11;1;12;1;13;1;14;1;14;2;14;3;14;4;14;5;14;6;15;6;15;7;15;8;14;8
1;3;13;13;13;5;12;5;11;5;10;5;9;5;8;5;7;5;6;5;5;5;4;5;3;5;2;5;1;5;1;4;1;3;1;2;1;1;2;1;3;1;4;1;5;1;6;1;7;1;8;1;9;1;10;1;11;1;12;1;13;1;14;1;14;2;14;3;14;4;14;5;14;6;15;6;15;7;15;8;14;8;13;8
1;2;13;13;12;5;11;5;10;5;9;5;8;5;7;5;6;5;5;5;4;5;3;5;2;5;1;5;1;4;1;3;1;2;1;1;2;1;3;1;4;1;5;1;6;1;7;1;8;1;9;1;10;1;11;1;12;1;13;1;14;1;14;2;14;3;14;4;14;5;14;6;15;6;15;7;15;8;14;8;13;8;13;9
1;2;13;13;11;5;10;5;9;5;8;5;7;5;6;5;5;5;4;5;3;5;2;5;1;5;1;4;1;3;1;2;1;1;2;1;3;1;4;1;5;1;6;1;7;1;8;1;9;1;10;1;11;1;12;1;13;1;14;1;14;2;14;3;14;4;14;5;14;6;15;6;15;7;15;8;14;8;13;8;13;9;13;10
1;2;13;13;10;5;9;5;8;5;7;5;6;5;5;5;4;5;3;5;2;5;1;5;1;4;1;3;1;2;1;1;2;1;3;1;4;1;5;1;6;1;7;1;8;1;9;1;10;1;11;1;12;1;13;1;14;1;14;2;14;3;14;4;14;5;14;6;15;6;15;7;15;8;14;8;13;8;13;9;13;10;13;11
1;2;13;13;9;5;8;5;7;5;6;5;5;5;4;5;3;5;2;5;1;5;1;4;1;3;1;2;1;1;2;1;3;1;4;1;5;1;6;1;7;1;8;1;9;1;10;1;11;1;12;1;13;1;14;1;14;2;14;3;14;4;14;5;14;6;15;6;15;7;15;8;14;8;13;8;13;9;13;10;13;11;13;12
1;2;16;3;8;5;8;5;7;5;6;5;5;5;4;5;3;5;2;5;1;5;1;4;1;3;1;2;1;1;2;1;3;1;4;1;5;1;6;1;7;1;8;1;9;1;10;1;11;1;12;1;13;1;14;1;14;2;14;3;14;4;14;5;14;6;15;6;15;7;15;8;14;8;13;8;13;9;13;10;13;11;13;12;13;13
1;3;16;3;8;5;7;5;6;5;5;5;4;5;3;5;2;5;1;5;1;4;1;3;1;2;1;1;2;1;3;1;4;1;5;1;6;1;7;1;8;1;9;1;10;1;11;1;12;1;13;1;14;1;14;2;14;3;14;4;14;5;14;6;15;6;15;7;15;8;14;8;13;8;13;9;13;10;13;11;13;12;13;13;12;13
1;0;16;3;7;5;6;5;5;5;4;5;3;5;2;5;1;5;1;4;1;3;1;2;1;1;2;1;3;1;4;1;5;1;6;1;7;1;8;1;9;1;10;1;11;1;12;1;13;1;14;1;14;2;14;3;14;4;14;5;14;6;15;6;15;7;15;8;14;8;13;8;13;9;13;10;13;11;13;12;13;13;12;13;12;12
1;0;16;3;6;5;5;5;4;5;3;5;2;5;1;5;1;4;1;3;1;2;1;1;2;1;3;1;4;1;5;1;6;1;7;1;8;1;9;1;10;1;11;1;12;1;13;1;14;1;14;2;14;3;14;4;14;5;14;6;15;6;15;7;15;8;14;8;13;8;13;9;13;10;13;11;13;12;13;13;12;13;12;12;12;11
1;0;16;3;5;5;4;5;3;5;2;5;1;5;1;4;1;3;1;2;1;1;2;1;3;1;4;1;5;1;6;1;7;1;8;1;9;1;10;1;11;1;12;1;13;1;14;1;14;2;14;3;14;4;14;5;14;6;15;6;15;7;15;8;14;8;13;8;13;9;13;10;13;11;13;12;13;13;12;13;12;12;12;11;12;10
1;0;16;3;4;5;3;5;2;5;1;5;1;4;1;3;1;2;1;1;2;1;3;1;4;1;5;1;6;1;7;1;8;1;9;1;10;1;11;1;12;1;13;1;14;1;14;2;14;3;14;4;14;5;14;6;15;6;15;7;15;8;14;8;13;8;13;9;13;10;13;11;13;12;13;13;12;13;12;12;12;11;12;10;12;9
1;0;16;3;3;5;2;5;1;5;1;4;1;3;1;2;1;1;2;1;3;1;4;1;5;1;6;1;7;1;8;1;9;1;10;1;11;1;12;1;13;1;14;1;14;2;14;3;14;4;14;5;14;6;15;6;15;7;15;8;14;8;13;8;13;9;13;10;13;11;13;12;13;13;12;13;12;12;12;11;12;10;12;9;12;8
1;0;16;3;2;5;1;5;1;4;1;3;1;2;1;1;2;1;3;1;4;1;5;1;6;1;7;1;8;1;9;1;10;1;11;1;12;1;13;1;14;1;14;2;14;3;14;4;14;5;14;6;15;6;15;7;15;8;14;8;13;8;13;9;13;10;13;11;13;12;13;13;12;13;12;12;12;11;12;10;12;9;12;8;12;7
1;1;16;3;1;5;1;4;1;3;1;2;1;1;2;1;3;1;4;1;5;1;6;1;7;1;8;1;9;1;10;1;11;1;12;1;13;1;14;1;14;2;14;3;14;4;14;5;14;6;15;6;15;7;15;8;14;8;13;8;13;9;13;10;13;11;13;12;13;13;12;13;12;12;12;11;12;10;12;9;12;8;12;7;13;7
1;0;16;3;1;4;1;3;1;2;1;1;2;1;3;1;4;1;5;1;6;1;7;1;8;1;9;1;10;1;11;1;12;1;13;1;14;1;14;2;14;3;14;4;14;5;14;6;15;6;15;7;15;8;14;8;13;8;13;9;13;10;13;11;13;12;13;13;12;13;12;12;12;11;12;10;12;9;12;8;12;7;13;7;13;6
1;0;16;3;1;3;1;2;1;1;2;1;3;1;4;1;5;1;6;1;7;1;8;1;9;1;10;1;11;1;12;1;13;1;14;1;14;2;14;3;14;4;14;5;14;6;15;6;15;7;15;8;14;8;13;8;13;9;13;10;13;11;13;12;13;13;12;13;12;12;12;11;12;10;12;9;12;8;12;7;13;7;13;6;13;5
1;0;16;3;1;2;1;1;2;1;3;1;4;1;5;1;6;1;7;1;8;1;9;1;10;1;11;1;12;1;13;1;14;1;14;2;14;3;14;4;14;5;14;6;15;6;15;7;15;8;14;8;13;8;13;9;13;10;13;11;13;12;13;13;12;13;12;12;12;11;12;10;12;9;12;8;12;7;13;7;13;6;13;5;13;4
1;3;16;3;1;1;2;1;3;1;4;1;5;1;6;1;7;1;8;1;9;1;10;1;11;1;12;1;13;1;14;1;14;2;14;3;14;4;14;5;14;6;15;6;15;7;15;8;14;8;13;8;13;9;13;10;13;11;13;12;13;13;12;13;12;12;12;11;12;10;12;9;12;8;12;7;13;7;13;6;13;5;13;4;12;4
1;3;16;3;2;1;3;1;4;1;5;1;6;1;7;1;8;1;9;1;10;1;11;1;12;1;13;1;14;1;14;2;14;3;14;4;14;5;14;6;15;6;15;7;15;8;14;8;13;8;13;9;13;10;13;11;13;12;13;13;12;13;12;12;12;11;12;10;12;9;12;8;12;7;13;7;13;6;13;5;13;4;12;4;11;4
1;0;16;3;3;1;4;1;5;1;6;1;7;1;8;1;9;1;10;1;11;1;12;1;13;1;14;1;14;2;14;3;14;4;14;5;14;6;15;6;15;7;15;8;14;8;13;8;13;9;13;10;13;11;13;12;13;13;12;13;12;12;12;11;12;10;12;9;12;8;12;7;13;7;13;6;13;5;13;4;12;4;11;4;11;3
1;1;16;3;4;1;5;1;6;1;7;1;8;1;9;1;10;1;11;1;12;1;13;1;14;1;14;2;14;3;14;4;14;5;14;6;15;6;15;7;15;8;14;8;13;8;13;9;13;10;13;11;13;12;13;13;12;13;12;12;12;11;12;10;12;9;12;8;12;7;13;7;13;6;13;5;13;4;12;4;11;4;11;3;12;3
1;1;16;3;5;1;6;1;7;1;8;1;9;1;10;1;11;1;12;1;13;1;14;1;14;2;14;3;14;4;14;5;14;6;15;6;15;7;15;8;14;8;13;8;13;9;13;10;13;11;13;12;13;13;12;13;12;12;12;11;12;10;12;9;12;8;12;7;13;7;13;6;13;5;13;4;12;4;11;4;11;3;12;3;13;3
1;0;16;3;6;1;7;1;8;1;9;1;10;1;11;1;12;1;13;1;14;1;14;2;14;3;14;4;14;5;14;6;15;6;15;7;15;8;14;8;13;8;13;9;13;10;13;11;13;12;13;13;12;13;12;12;12;11;12;10;12;9;12;8;12;7;13;7;13;6;13;5;13;4;12;4;11;4;11;3;12;3;13;3;13;2
1;3;16;3;7;1;8;1;9;1;10;1;11;1;12;1;13;1;14;1;14;2;14;3;14;4;14;5;14;6;15;6;15;7;15;8;14;8;13;8;13;9;13;10;13;11;13;12;13;13;12;13;12;12;12;11;12;10;12;9;12;8;12;7;13;7;13;6;13;5;13;4;12;4;11;4;11;3;12;3;13;3;13;2;12;2
1;3;16;3;8;1;9;1;10;1;11;1;12;1;13;1;14;1;14;2;14;3;14;4;14;5;14;6;15;6;15;7;15;8;14;8;13;8;13;9;13;10;13;11;13;12;13;13;12;13;12;12;12;11;12;10;12;9;12;8;12;7;13;7;13;6;13;5;13;4;12;4;11;4;11;3;12;3;13;3;13;2;12;2;11;2
1;3;16;3;9;1;10;1;11;1;12;1;13;1;14;1;14;2;14;3;14;4;14;5;14;6;15;6;15;7;15;8;14;8;13;8;13;9;13;10;13;11;13;12;13;13;12;13;12;12;12;11;12;10;12;9;12;8;12;7;13;7;13;6;13;5;13;4;12;4;11;4;11;3;12;3;13;3;13;2;12;2;11;2;10;2
1;2;16;3;10;1;11;1;12;1;13;1;14;1;14;2;14;3;14;4;14;5;14;6;15;6;15;7;15;8;14;8;13;8;13;9;13;10;13;11;13;12;13;13;12;13;12;12;12;11;12;10;12;9;12;8;12;7;13;7;13;6;13;5;13;4;12;4;11;4;11;3;12;3;13;3;13;2;12;2;11;2;10;2;10;3
1;3;16;3;11;1;12;1;13;1;14;1;14;2;14;3;14;4;14;5;14;6;15;6;15;7;15;8;14;8;13;8;13;9;13;10;13;11;13;12;13;13;12;13;12;12;12;11;12;10;12;9;12;8;12;7;13;7;13;6;13;5;13;4;12;4;11;4;11;3;12;3;13;3;13;2;12;2;11;2;10;2;10;3;9;3
1;0;16;3;12;1;13;1;14;1;14;2;14;3;14;4;14;5;14;6;15;6;15;7;15;8;14;8;13;8;13;9;13;10;13;11;13;12;13;13;12;13;12;12;12;11;12;10;12;9;12;8;12;7;13;7;13;6;13;5;13;4;12;4;11;4;11;3;12;3;13;3;13;2;12;2;11;2;10;2;10;3;9;3;9;2
1;0;16;3;13;1;14;1;14;2;14;3;14;4;14;5;14;6;15;6;15;7;15;8;14;8;13;8;13;9;13;10;13;11;13;12;13;13;12;13;12;12;12;11;12;10;12;9;12;8;12;7;13;7;13;6;13;5;13;4;12;4;11;4;11;3;12;3;13;3;13;2;12;2;11;2;10;2;10;3;9;3;9;2;9;1
1;1;16;3;14;1;14;2;14;3;14;4;14;5;14;6;15;6;15;7;15;8;14;8;13;8;13;9;13;10;13;11;13;12;13;13;12;13;12;12;12;11;12;10;12;9;12;8;12;7;13;7;13;6;13;5;13;4;12;4;11;4;11;3;12;3;13;3;13;2;12;2;11;2;10;2;10;3;9;3;9;2;9;1;10;1
1;1;16;3;14;2;14;3;14;4;14;5;14;6;15;6;15;7;15;8;14;8;13;8;13;9;13;10;13;11;13;12;13;13;12;13;12;12;12;11;12;10;12;9;12;8;12;7;13;7;13;6;13;5;13;4;12;4;11;4;11;3;12;3;13;3;13;2;12;2;11;2;10;2;10;3;9;3;9;2;9;1;10;1;11;1
1;1;16;3;14;3;14;4;14;5;14;6;15;6;15;7;15;8;14;8;13;8;13;9;13;10;13;11;13;12;13;13;12;13;12;12;12;11;12;10;12;9;12;8;12;7;13;7;13;6;13;5;13;4;12;4;11;4;11;3;12;3;13;3;13;2;12;2;11;2;10;2;10;3;9;3;9;2;9;1;10;1;11;1;12;1
1;1;16;3;14;4;14;5;14;6;15;6;15;7;15;8;14;8;13;8;13;9;13;10;13;11;13;12;13;13;12;13;12;12;12;11;12;10;12;9;12;8;12;7;13;7;13;6;13;5;13;4;12;4;11;4;11;3;12;3;13;3;13;2;12;2;11;2;10;2;10;3;9;3;9;2;9;1;10;1;11;1;12;1;13;1
1;1;16;3;14;5;14;6;15;6;15;7;15;8;14;8;13;8;13;9;13;10;13;11;13;12;13;13;12;13;12;12;12;11;12;10;12;9;12;8;12;7;13;7;13;6;13;5;13;4;12;4;11;4;11;3;12;3;13;3;13;2;12;2;11;2;10;2;10;3;9;3;9;2;9;1;10;1;11;1;12;1;13;1;14;1
1;1;16;3;14;6;15;6;15;7;15;8;14;8;13;8;13;9;13;10;13;11;13;12;13;13;12;13;12;12;12;11;12;10;12;9;12;8;12;7;13;7;13;6;13;5;13;4;12;4;11;4;11;3;12;3;13;3;13;2;12;2;11;2;10;2;10;3;9;3;9;2;9;1;10;1;11;1;12;1;13;1;14;1;15;1
1;1;16;3;15;6;15;7;15;8;14;8;13;8;13;9;13;10;13;11;13;12;13;13;12;13;12;12;12;11;12;10;12;9;12;8;12;7;13;7;13;6;13;5;13;4;12;4;11;4;11;3;12;3;13;3;13;2;12;2;11;2;10;2;10;3;9;3;9;2;9;1;10;1;11;1;12;1;13;1;14;1;15;1;16;1
1;2;16;3;15;7;15;8;14;8;13;8;13;9;13;10;13;11;13;12;13;13;12;13;12;12;12;11;12;10;12;9;12;8;12;7;13;7;13;6;13;5;13;4;12;4;11;4;11;3;12;3;13;3;13;2;12;2;11;2;10;2;10;3;9;3;9;2;9;1;10;1;11;1;12;1;13;1;14;1;15;1;16;1;16;2
1;2;5;10;15;8;15;8;14;8;13;8;13;9;13;10;13;11;13;12;13;13;12;13;12;12;12;11;12;10;12;9;12;8;12;7;13;7;13;6;13;5;13;4;12;4;11;4;11;3;12;3;13;3;13;2;12;2;11;2;10;2;10;3;9;3;9;2;9;1;10;1;11;1;12;1;13;1;14;1;15;1;16;1;16;2;16;3
1;2;5;10;15;8;14;8;13;8;13;9;13;10;13;11;13;12;13;13;12;13;12;12;12;11;12;10;12;9;12;8;12;7;13;7;13;6;13;5;13;4;12;4;11;4;11;3;12;3;13;3;13;2;12;2;11;2;10;2;10;3;9;3;9;2;9;1;10;1;11;1;12;1;13;1;14;1;15;1;16;1;16;2;16;3;16;4
1;2;5;10;14;8;13;8;13;9;13;10;13;11;13;12;13;13;12;13;12;12;12;11;12;10;12;9;12;8;12;7;13;7;13;6;13;5;13;4;12;4;11;4;11;3;12;3;13;3;13;2;12;2;11;2;10;2;10;3;9;3;9;2;9;1;10;1;11;1;12;1;13;1;14;1;15;1;16;1;16;2;16;3;16;4;16;5
1;2;5;10;13;8;13;9;13;10;13;11;13;12;13;13;12;13;12;12;12;11;12;10;12;9;12;8;12;7;13;7;13;6;13;5;13;4;12;4;11;4;11;3;12;3;13;3;13;2;12;2;11;2;10;2;10;3;9;3;9;2;9;1;10;1;11;1;12;1;13;1;14;1;15;1;16;1;16;2;16;3;16;4;16;5;16;6
1;2;5;10;13;9;13;10;13;11;13;12;13;13;12;13;12;12;12;11;12;10;12;9;12;8;12;7;13;7;13;6;13;5;13;4;12;4;11;4;11;3;12;3;13;3;13;2;12;2;11;2;10;2;10;3;9;3;9;2;9;1;10;1;11;1;12;1;13;1;14;1;15;1;16;1;16;2;16;3;16;4;16;5;16;6;16;7
1;2;5;10;13;10;13;11;13;12;13;13;12;13;12;12;12;11;12;10;12;9;12;8;12;7;13;7;13;6;13;5;13;4;12;4;11;4;11;3;12;3;13;3;13;2;12;2;11;2;10;2;10;3;9;3;9;2;9;1;10;1;11;1;12;1;13;1;14;1;15;1;16;1;16;2;16;3;16;4;16;5;16;6;16;7;16;8
1;1;5;10;13;11;13;12;13;13;12;13;12;12;12;11;12;10;12;9;12;8;12;7;13;7;13;6;13;5;13;4;12;4;11;4;11;3;12;3;13;3;13;2;12;2;11;2;10;2;10;3;9;3;9;2;9;1;10;1;11;1;12;1;13;1;14;1;15;1;16;1;16;2;16;3;16;4;16;5;16;6;16;7;16;8;17;8
1;2;5;10;13;12;13;13;12;13;12;12;12;11;12;10;12;9;12;8;12;7;13;7;13;6;13;5;13;4;12;4;11;4;11;3;12;3;13;3;13;2;12;2;11;2;10;2;10;3;9;3;9;2;9;1;10;1;11;1;12;1;13;1;14;1;15;1;16;1;16;2;16;3;16;4;16;5;16;6;16;7;16;8;17;8;17;9
1;2;5;10;13;13;12;13;12;12;12;11;12;10;12;9;12;8;12;7;13;7;13;6;13;5;13;4;12;4;11;4;11;3;12;3;13;3;13;2;12;2;11;2;10;2;10;3;9;3;9;2;9;1;10;1;11;1;12;1;13;1;14;1;15;1;16;1;16;2;16;3;16;4;16;5;16;6;16;7;16;8;17;8;17;9;17;10
1;3;5;10;12;13;12;12;12;11;12;10;12;9;12;8;12;7;13;7;13;6;13;5;13;4;12;4;11;4;11;3;12;3;13;3;13;2;12;2;11;2;10;2;10;3;9;3;9;2;9;1;10;1;11;1;12;1;13;1;14;1;15;1;16;1;16;2;16;3;16;4;16;5;16;6;16;7;16;8;17;8;17;9;17;10;16;10
1;3;5;10;12;12;12;11;12;10;12;9;12;8;12;7;13;7;13;6;13;5;13;4;12;4;11;4;11;3;12;3;13;3;13;2;12;2;11;2;10;2;10;3;9;3;9;2;9;1;10;1;11;1;12;1;13;1;14;1;15;1;16;1;16;2;16;3;16;4;16;5;16;6;16;7;16;8;17;8;17;9;17;10;16;10;15;10
1;3;5;10;12;11;12;10;12;9;12;8;12;7;13;7;13;6;13;5;13;4;12;4;11;4;11;3;12;3;13;3;13;2;12;2;11;2;10;2;10;3;9;3;9;2;9;1;10;1;11;1;12;1;13;1;14;1;15;1;16;1;16;2;16;3;16;4;16;5;16;6;16;7;16;8;17;8;17;9;17;10;16;10;15;10;14;10
1;3;5;10;12;10;12;9;12;8;12;7;13;7;13;6;13;5;13;4;12;4;11;4;11;3;12;3;13;3;13;2;12;2;11;2;10;2;10;3;9;3;9;2;9;1;10;1;11;1;12;1;13;1;14;1;15;1;16;1;16;2;16;3;16;4;16;5;16;6;16;7;16;8;17;8;17;9;17;10;16;10;15;10;14;10;13;10
1;3;5;10;12;9;12;8;12;7;13;7;13;6;13;5;13;4;12;4;11;4;11;3;12;3;13;3;13;2;12;2;11;2;10;2;10;3;9;3;9;2;9;1;10;1;11;1;12;1;13;1;14;1;15;1;16;1;16;2;16;3;16;4;16;5;16;6;16;7;16;8;17;8;17;9;17;10;16;10;15;10;14;10;13;10;12;10
1;3;5;10;12;8;12;7;13;7;13;6;13;5;13;4;12;4;11;4;11;3;12;3;13;3;13;2;12;2;11;2;10;2;10;3;9;3;9;2;9;1;10;1;11;1;12;1;13;1;14;1;15;1;16;1;16;2;16;3;16;4;16;5;16;6;16;7;16;8;17;8;17;9;17;10;16;10;15;10;14;10;13;10;12;10;11;10
1;3;5;10;12;7;13;7;13;6;13;5;13;4;12;4;11;4;11;3;12;3;13;3;13;2;12;2;11;2;10;2;10;3;9;3;9;2;9;1;10;1;11;1;12;1;13;1;14;1;15;1;16;1;16;2;16;3;16;4;16;5;16;6;16;7;16;8;17;8;17;9;17;10;16;10;15;10;14;10;13;10;12;10;11;10;10;10
1;3;5;10;13;7;13;6;13;5;13;4;12;4;11;4;11;3;12;3;13;3;13;2;12;2;11;2;10;2;10;3;9;3;9;2;9;1;10;1;11;1;12;1;13;1;14;1;15;1;16;1;16;2;16;3;16;4;16;5;16;6;16;7;16;8;17;8;17;9;17;10;16;10;15;10;14;10;13;10;12;10;11;10;10;10;9;10
1;3;5;10;13;6;13;5;13;4;12;4;11;4;11;3;12;3;13;3;13;2;12;2;11;2;10;2;10;3;9;3;9;2;9;1;10;1;11;1;12;1;13;1;14;1;15;1;16;1;16;2;16;3;16;4;16;5;16;6;16;7;16;8;17;8;17;9;17;10;16;10;15;10;14;10;13;10;12;10;11;10;10;10;9;10;8;10
1;3;5;10;13;5;13;4;12;4;11;4;11;3;12;3;13;3;13;2;12;2;11;2;10;2;10;3;9;3;9;2;9;1;10;1;11;1;12;1;13;1;14;1;15;1;16;1;16;2;16;3;16;4;16;5;16;6;16;7;16;8;17;8;17;9;17;10;16;10;15;10;14;10;13;10;12;10;11;10;10;10;9;10;8;10;7;10
1;3;5;10;13;4;12;4;11;4;11;3;12;3;13;3;13;2;12;2;11;2;10;2;10;3;9;3;9;2;9;1;10;1;11;1;12;1;13;1;14;1;15;1;16;1;16;2;16;3;16;4;16;5;16;6;16;7;16;8;17;8;17;9;17;10;16;10;15;10;14;10;13;10;12;10;11;10;10;10;9;10;8;10;7;10;6;10
1;3;14;11;12;4;12;4;11;4;11;3;12;3;13;3;13;2;12;2;11;2;10;2;10;3;9;3;9;2;9;1;10;1;11;1;12;1;13;1;14;1;15;1;16;1;16;2;16;3;16;4;16;5;16;6;16;7;16;8;17;8;17;9;17;10;16;10;15;10;14;10;13;10;12;10;11;10;10;10;9;10;8;10;7;10;6;10;5;10
1;2;14;11;12;4;11;4;11;3;12;3;13;3;13;2;12;2;11;2;10;2;10;3;9;3;9;2;9;1;10;1;11;1;12;1;13;1;14;1;15;1;16;1;16;2;16;3;16;4;16;5;16;6;16;7;16;8;17;8;17;9;17;10;16;10;15;10;14;10;13;10;12;10;11;10;10;10;9;10;8;10;7;10;6;10;5;10;5;11
1;1;14;11;11;4;11;3;12;3;13;3;13;2;12;2;11;2;10;2;10;3;9;3;9;2;9;1;10;1;11;1;12;1;13;1;14;1;15;1;16;1;16;2;16;3;16;4;16;5;16;6;16;7;16;8;17;8;17;9;17;10;16;10;15;10;14;10;13;10;12;10;11;10;10;10;9;10;8;10;7;10;6;10;5;10;5;11;6;11
1;1;14;11;11;3;12;3;13;3;13;2;12;2;11;2;10;2;10;3;9;3;9;2;9;1;10;1;11;1;12;1;13;1;14;1;15;1;16;1;16;2;16;3;16;4;16;5;16;6;16;7;16;8;17;8;17;9;17;10;16;10;15;10;14;10;13;10;12;10;11;10;10;10;9;10;8;10;7;10;6;10;5;10;5;11;6;11;7;11
1;1;14;11;12;3;13;3;13;2;12;2;11;2;10;2;10;3;9;3;9;2;9;1;10;1;11;1;12;1;13;1;14;1;15;1;16;1;16;2;16;3;16;4;16;5;16;6;16;7;16;8;17;8;17;9;17;10;16;10;15;10;14;10;13;10;12;10;11;10;10;10;9;10;8;10;7;10;6;10;5;10;5;11;6;11;7;11;8;11
1;1;14;11;13;3;13;2;12;2;11;2;10;2;10;3;9;3;9;2;9;1;10;1;11;1;12;1;13;1;14;1;15;1;16;1;16;2;16;3;16;4;16;5;16;6;16;7;16;8;17;8;17;9;17;10;16;10;15;10;14;10;13;10;12;10;11;10;10;10;9;10;8;10;7;10;6;10;5;10;5;11;6;11;7;11;8;11;9;11
1;1;14;11;13;2;12;2;11;2;10;2;10;3;9;3;9;2;9;1;10;1;11;1;12;1;13;1;14;1;15;1;16;1;16;2;16;3;16;4;16;5;16;6;16;7;16;8;17;8;17;9;17;10;16;10;15;10;14;10;13;10;12;10;11;10;10;10;9;10;8;10;7;10;6;10;5;10;5;11;6;11;7;11;8;11;9;11;10;11
1;1;14;11;12;2;11;2;10;2;10;3;9;3;9;2;9;1;10;1;11;1;12;1;13;1;14;1;15;1;16;1;16;2;16;3;16;4;16;5;16;6;16;7;16;8;17;8;17;9;17;10;16;10;15;10;14;10;13;10;12;10;11;10;10;10;9;10;8;10;7;10;6;10;5;10;5;11;6;11;7;11;8;11;9;11;10;11;11;11
1;1;14;11;11;2;10;2;10;3;9;3;9;2;9;1;10;1;11;1;12;1;13;1;14;1;15;1;16;1;16;2;16;3;16;4;16;5;16;6;16;7;16;8;17;8;17;9;17;10;16;10;15;10;14;10;13;10;12;10;11;10;10;10;9;10;8;10;7;10;6;10;5;10;5;11;6;11;7;11;8;11;9;11;10;11;11;11;12;11
1;1;14;11;10;2;10;3;9;3;9;2;9;1;10;1;11;1;12;1;13;1;14;1;15;1;16;1;16;2;16;3;16;4;16;5;16;6;16;7;16;8;17;8;17;9;17;10;16;10;15;10;14;10;13;10;12;10;11;10;10;10;9;10;8;10;7;10;6;10;5;10;5;11;6;11;7;11;8;11;9;11;10;11;11;11;12;11;13;11
1;1;5;13;10;3;10;3;9;3;9;2;9;1;10;1;11;1;12;1;13;1;14;1;15;1;16;1;16;2;16;3;16;4;16;5;16;6;16;7;16;8;17;8;17;9;17;10;16;10;15;10;14;10;13;10;12;10;11;10;10;10;9;10;8;10;7;10;6;10;5;10;5;11;6;11;7;11;8;11;9;11;10;11;11;11;12;11;13;11;14;11
1;2;5;13;10;3;9;3;9;2;9;1;10;1;11;1;12;1;13;1;14;1;15;1;16;1;16;2;16;3;16;4;16;5;16;6;16;7;16;8;17;8;17;9;17;10;16;10;15;10;14;10;13;10;12;10;11;10;10;10;9;10;8;10;7;10;6;10;5;10;5;11;6;11;7;11;8;11;9;11;10;11;11;11;12;11;13;11;14;11;14;12
1;2;5;13;9;3;9;2;9;1;10;1;11;1;12;1;13;1;14;1;15;1;16;1;16;2;16;3;16;4;16;5;16;6;16;7;16;8;17;8;17;9;17;10;16;10;15;10;14;10;13;10;12;10;11;10;10;10;9;10;8;10;7;10;6;10;5;10;5;11;6;11;7;11;8;11;9;11;10;11;11;11;12;11;13;11;14;11;14;12;14;13
1;3;5;13;9;2;9;1;10;1;11;1;12;1;13;1;14;1;15;1;16;1;16;2;16;3;16;4;16;5;16;6;16;7;16;8;17;8;17;9;17;10;16;10;15;10;14;10;13;10;12;10;11;10;10;10;9;10;8;10;7;10;6;10;5;10;5;11;6;11;7;11;8;11;9;11;10;11;11;11;12;11;13;11;14;11;14;12;14;13;13;13
1;3;5;13;9;1;10;1;11;1;12;1;13;1;14;1;15;1;16;1;16;2;16;3;16;4;16;5;16;6;16;7;16;8;17;8;17;9;17;10;16;10;15;10;14;10;13;10;12;10;11;10;10;10;9;10;8;10;7;10;6;10;5;10;5;11;6;11;7;11;8;11;9;11;10;11;11;11;12;11;13;11;14;11;14;12;14;13;13;13;12;13
1;3;5;13;10;1;11;1;12;1;13;1;14;1;15;1;16;1;16;2;16;3;16;4;16;5;16;6;16;7;16;8;17;8;17;9;17;10;16;10;15;10;14;10;13;10;12;10;11;10;10;10;9;10;8;10;7;10;6;10;5;10;5;11;6;11;7;11;8;11;9;11;10;11;11;11;12;11;13;11;14;11;14;12;14;13;13;13;12;13;11;13
1;3;5;13;11;1;12;1;13;1;14;1;15;1;16;1;16;2;16;3;16;4;16;5;16;6;16;7;16;8;17;8;17;9;17;10;16;10;15;10;14;10;13;10;12;10;11;10;10;10;9;10;8;10;7;10;6;10;5;10;5;11;6;11;7;11;8;11;9;11;10;11;11;11;12;11;13;11;14;11;14;12;14;13;13;13;12;13;11;13;10;13
1;3;5;13;12;1;13;1;14;1;15;1;16;1;16;2;16;3;16;4;16;5;16;6;16;7;16;8;17;8;17;9;17;10;16;10;15;10;14;10;13;10;12;10;11;10;10;10;9;10;8;10;7;10;6;10;5;10;5;11;6;11;7;11;8;11;9;11;10;11;11;11;12;11;13;11;14;11;14;12;14;13;13;13;12;13;11;13;10;13;9;13
1;3;5;13;13;1;14;1;15;1;16;1;16;2;16;3;16;4;16;5;16;6;16;7;16;8;17;8;17;9;17;10;16;10;15;10;14;10;13;10;12;10;11;10;10;10;9;10;8;10;7;10;6;10;5;10;5;11;6;11;7;11;8;11;9;11;10;11;11;11;12;11;13;11;14;11;14;12;14;13;13;13;12;13;11;13;10;13;9;13;8;13
1;3;5;13;14;1;15;1;16;1;16;2;16;3;16;4;16;5;16;6;16;7;16;8;17;8;17;9;17;10;16;10;15;10;14;10;13;10;12;10;11;10;10;10;9;10;8;10;7;10;6;10;5;10;5;11;6;11;7;11;8;11;9;11;10;11;11;11;12;11;13;11;14;11;14;12;14;13;13;13;12;13;11;13;10;13;9;13;8;13;7;13
1;3;5;13;15;1;16;1;16;2;16;3;16;4;16;5;16;6;16;7;16;8;17;8;17;9;17;10;16;10;15;10;14;10;13;10;12;10;11;10;10;10;9;10;8;10;7;10;6;10;5;10;5;11;6;11;7;11;8;11;9;11;10;11;11;11;12;11;13;11;14;11;14;12;14;13;13;13;12;13;11;13;10;13;9;13;8;13;7;13;6;13
1;3;12;3;16;1;16;1;16;2;16;3;16;4;16;5;16;6;16;7;16;8;17;8;17;9;17;10;16;10;15;10;14;10;13;10;12;10;11;10;10;10;9;10;8;10;7;10;6;10;5;10;5;11;6;11;7;11;8;11;9;11;10;11;11;11;12;11;13;11;14;11;14;12;14;13;13;13;12;13;11;13;10;13;9;13;8;13;7;13;6;13;5;13
1;0;12;3;16;1;16;2;16;3;16;4;16;5;16;6;16;7;16;8;17;8;17;9;17;10;16;10;15;10;14;10;13;10;12;10;11;10;10;10;9;10;8;10;7;10;6;10;5;10;5;11;6;11;7;11;8;11;9;11;10;11;11;11;12;11;13;11;14;11;14;12;14;13;13;13;12;13;11;13;10;13;9;13;8;13;7;13;6;13;5;13;5;12
1;1;12;3;16;2;16;3;16;4;16;5;16;6;16;7;16;8;17;8;17;9;17;10;16;10;15;10;14;10;13;10;12;10;11;10;10;10;9;10;8;10;7;10;6;10;5;10;5;11;6;11;7;11;8;11;9;11;10;11;11;11;12;11;13;11;14;11;14;12;14;13;13;13;12;13;11;13;10;13;9;13;8;13;7;13;6;13;5;13;5;12;6;12
1;1;12;3;16;3;16;4;16;5;16;6;16;7;16;8;17;8;17;9;17;10;16;10;15;10;14;10;13;10;12;10;11;10;10;10;9;10;8;10;7;10;6;10;5;10;5;11;6;11;7;11;8;11;9;11;10;11;11;11;12;11;13;11;14;11;14;12;14;13;13;13;12;13;11;13;10;13;9;13;8;13;7;13;6;13;5;13;5;12;6;12;7;12
1;1;12;3;16;4;16;5;16;6;16;7;16;8;17;8;17;9;17;10;16;10;15;10;14;10;13;10;12;10;11;10;10;10;9;10;8;10;7;10;6;10;5;10;5;11;6;11;7;11;8;11;9;11;10;11;11;11;12;11;13;11;14;11;14;12;14;13;13;13;12;13;11;13;10;13;9;13;8;13;7;13;6;13;5;13;5;12;6;12;7;12;8;12
