20
1;1;8;5;8;10;9;10;10;10
1;0;8;5;9;10;10;10;10;9
1;3;8;5;10;10;10;9;9;9
1;3;8;5;10;9;9;9;8;9
1;0;8;5;9;9;8;9;8;8
1;0;8;5;8;9;8;8;8;7
1;0;8;5;8;8;8;7;8;6
1;0;2;11;8;7;8;7;8;6;8;5
1;3;2;11;8;7;8;6;8;5;7;5
1;3;2;11;8;6;8;5;7;5;6;5
1;3;2;11;8;5;7;5;6;5;5;5
1;3;2;11;7;5;6;5;5;5;4;5
1;3;2;11;6;5;5;5;4;5;3;5
1;3;2;11;5;5;4;5;3;5;2;5
1;2;2;11;4;5;3;5;2;5;2;6
1;2;2;11;3;5;2;5;2;6;2;7
1;2;2;11;2;5;2;6;2;7;2;8
1;2;2;11;2;6;2;7;2;8;2;9
1;2;2;11;2;7;2;8;2;9;2;10
1;2;15;17;2;8;2;8;2;9;2;10;2;11
1;2;15;17;2;8;2;9;2;10;2;11;2;12
1;2;15;17;2;9;2;10;2;11;2;12;2;13
1;2;15;17;2;10;2;11;2;12;2;13;2;14
1;2;15;17;2;11;2;12;2;13;2;14;2;15
1;2;15;17;2;12;2;13;2;14;2;15;2;16
1;2;15;17;2;13;2;14;2;15;2;16;2;17
1;1;15;17;2;14;2;15;2;16;2;17;3;17
1;1;15;17;2;15;2;16;2;17;3;17;4;17
1;1;15;17;2;16;2;17;3;17;4;17;5;17
1;1;15;17;2;17;3;17;4;17;5;17;6;17
1;1;15;17;3;17;4;17;5;17;6;17;7;17
1;1;15;17;4;17;5;17;6;17;7;17;8;17
1;1;15;17;5;17;6;17;7;17;8;17;9;17
1;1;15;17;6;17;7;17;8;17;9;17;10;17
1;1;15;17;7;17;8;17;9;17;10;17;11;17
1;1;15;17;8;17;9;17;10;17;11;17;12;17
1;1;15;17;9;17;10;17;11;17;12;17;13;17
1;1;15;17;10;17;11;17;12;17;13;17;14;17
1;1;0;8;11;17;11;17;12;17;13;17;14;17;15;17
1;0;0;8;11;17;12;17;13;17;14;17;15;17;15;16
1;0;0;8;12;17;13;17;14;17;15;17;15;16;15;15
1;0;0;8;13;17;14;17;15;17;15;16;15;15;15;14
1;0;0;8;14;17;15;17;15;16;15;15;15;14;15;13
1;0;0;8;15;17;15;16;15;15;15;14;15;13;15;12
1;0;0;8;15;16;15;15;15;14;15;13;15;12;15;11
1;0;0;8;15;15;15;14;15;13;15;12;15;11;15;10
1;0;0;8;15;14;15;13;15;12;15;11;15;10;15;9
1;0;0;8;15;13;15;12;15;11;15;10;15;9;15;8
1;3;0;8;15;12;15;11;15;10;15;9;15;8;14;8
1;3;0;8;15;11;15;10;15;9;15;8;14;8;13;8
1;3;0;8;15;10;15;9;15;8;14;8;13;8;12;8
1;3;0;8;15;9;15;8;14;8;13;8;12;8;11;8
1;3;0;8;15;8;14;8;13;8;12;8;11;8;10;8
1;3;0;8;14;8;13;8;12;8;11;8;10;8;9;8
1;3;0;8;13;8;12;8;11;8;10;8;9;8;8;8
1;3;0;8;12;8;11;8;10;8;9;8;8;8;7;8
1;3;0;8;11;8;10;8;9;8;8;8;7;8;6;8
1;3;0;8;10;8;9;8;8;8;7;8;6;8;5;8
1;3;0;8;9;8;8;8;7;8;6;8;5;8;4;8
1;3;0;8;8;8;7;8;6;8;5;8;4;8;3;8
1;3;0;8;7;8;6;8;5;8;4;8;3;8;2;8
1;3;0;8;6;8;5;8;4;8;3;8;2;8;1;8
1;3;16;19;5;8;5;8;4;8;3;8;2;8;1;8;0;8
1;2;16;19;5;8;4;8;3;8;2;8;1;8;0;8;0;9
1;2;16;19;4;8;3;8;2;8;1;8;0;8;0;9;0;10
1;2;16;19;3;8;2;8;1;8;0;8;0;9;0;10;0;11
1;2;16;19;2;8;1;8;0;8;0;9;0;10;0;11;0;12
1;1;16;19;1;8;0;8;0;9;0;10;0;11;0;12;1;12
1;1;16;19;0;8;0;9;0;10;0;11;0;12;1;12;2;12
1;1;16;19;0;9;0;10;0;11;0;12;1;12;2;12;3;12
1;1;16;19;0;10;0;11;0;12;1;12;2;12;3;12;4;12
1;1;16;19;0;11;0;12;1;12;2;12;3;12;4;12;5;12
1;1;16;19;0;12;1;12;2;12;3;12;4;12;5;12;6;12
1;1;16;19;1;12;2;12;3;12;4;12;5;12;6;12;7;12
1;1;16;19;2;12;3;12;4;12;5;12;6;12;7;12;8;12
1;1;16;19;3;12;4;12;5;12;6;12;7;12;8;12;9;12
1;2;16;19;4;12;5;12;6;12;7;12;8;12;9;12;9;13
1;2;16;19;5;12;6;12;7;12;8;12;9;12;9;13;9;14
1;2;16;19;6;12;7;12;8;12;9;12;9;13;9;14;9;15
1;2;16;19;7;12;8;12;9;12;9;13;9;14;9;15;9;16
1;2;16;19;8;12;9;12;9;13;9;14;9;15;9;16;9;17
1;2;16;19;9;12;9;13;9;14;9;15;9;16;9;17;9;18
1;2;16;19;9;13;9;14;9;15;9;16;9;17;9;18;9;19
1;1;16;19;9;14;9;15;9;16;9;17;9;18;9;19;10;19
1;1;16;19;9;15;9;16;9;17;9;18;9;19;10;19;11;19
1;1;16;19;9;16;9;17;9;18;9;19;10;19;11;19;12;19
1;1;16;19;9;17;9;18;9;19;10;19;11;19;12;19;13;19
1;1;16;19;9;18;9;19;10;19;11;19;12;19;13;19;14;19
1;1;16;19;9;19;10;19;11;19;12;19;13;19;14;19;15;19
1;1;18;10;10;19;10;19;11;19;12;19;13;19;14;19;15;19;16;19
1;1;18;10;10;19;11;19;12;19;13;19;14;19;15;19;16;19;17;19
1;1;18;10;11;19;12;19;13;19;14;19;15;19;16;19;17;19;18;19
1;0;18;10;12;19;13;19;14;19;15;19;16;19;17;19;18;19;18;18
1;0;18;10;13;19;14;19;15;19;16;19;17;19;18;19;18;18;18;17
1;0;18;10;14;19;15;19;16;19;17;19;18;19;18;18;18;17;18;16
1;0;18;10;15;19;16;19;17;19;18;19;18;18;18;17;18;16;18;15
1;0;18;10;16;19;17;19;18;19;18;18;18;17;18;16;18;15;18;14
1;0;18;10;17;19;18;19;18;18;18;17;18;16;18;15;18;14;18;13
1;0;18;10;18;19;18;18;18;17;18;16;18;15;18;14;18;13;18;12
1;0;18;10;18;18;18;17;18;16;18;15;18;14;18;13;18;12;18;11
1;0;17;1;18;17;18;17;18;16;18;15;18;14;18;13;18;12;18;11;18;10
1;0;17;1;18;17;18;16;18;15;18;14;18;13;18;12;18;11;18;10;18;9
1;0;17;1;18;16;18;15;18;14;18;13;18;12;18;11;18;10;18;9;18;8
1;3;17;1;18;15;18;14;18;13;18;12;18;11;18;10;18;9;18;8;17;8
1;0;17;1;18;14;18;13;18;12;18;11;18;10;18;9;18;8;17;8;17;7
1;0;17;1;18;13;18;12;18;11;18;10;18;9;18;8;17;8;17;7;17;6
1;0;17;1;18;12;18;11;18;10;18;9;18;8;17;8;17;7;17;6;17;5
1;0;17;1;18;11;18;10;18;9;18;8;17;8;17;7;17;6;17;5;17;4
1;0;17;1;18;10;18;9;18;8;17;8;17;7;17;6;17;5;17;4;17;3
1;0;17;1;18;9;18;8;17;8;17;7;17;6;17;5;17;4;17;3;17;2
1;0;10;0;18;8;18;8;17;8;17;7;17;6;17;5;17;4;17;3;17;2;17;1
1;0;10;0;18;8;17;8;17;7;17;6;17;5;17;4;17;3;17;2;17;1;17;0
1;3;10;0;17;8;17;7;17;6;17;5;17;4;17;3;17;2;17;1;17;0;16;0
1;3;10;0;17;7;17;6;17;5;17;4;17;3;17;2;17;1;17;0;16;0;15;0
1;3;10;0;17;6;17;5;17;4;17;3;17;2;17;1;17;0;16;0;15;0;14;0
1;3;10;0;17;5;17;4;17;3;17;2;17;1;17;0;16;0;15;0;14;0;13;0
1;3;10;0;17;4;17;3;17;2;17;1;17;0;16;0;15;0;14;0;13;0;12;0
1;3;10;0;17;3;17;2;17;1;17;0;16;0;15;0;14;0;13;0;12;0;11;0
1;3;16;2;17;2;17;2;17;1;17;0;16;0;15;0;14;0;13;0;12;0;11;0;10;0
1;2;16;2;17;2;17;1;17;0;16;0;15;0;14;0;13;0;12;0;11;0;10;0;10;1
1;2;16;2;17;1;17;0;16;0;15;0;14;0;13;0;12;0;11;0;10;0;10;1;10;2
1;1;16;2;17;0;16;0;15;0;14;0;13;0;12;0;11;0;10;0;10;1;10;2;11;2
1;1;16;2;16;0;15;0;14;0;13;0;12;0;11;0;10;0;10;1;10;2;11;2;12;2
1;1;16;2;15;0;14;0;13;0;12;0;11;0;10;0;10;1;10;2;11;2;12;2;13;2
1;1;16;2;14;0;13;0;12;0;11;0;10;0;10;1;10;2;11;2;12;2;13;2;14;2
1;1;16;2;13;0;12;0;11;0;10;0;10;1;10;2;11;2;12;2;13;2;14;2;15;2
1;1;7;11;12;0;12;0;11;0;10;0;10;1;10;2;11;2;12;2;13;2;14;2;15;2;16;2
1;2;7;11;12;0;11;0;10;0;10;1;10;2;11;2;12;2;13;2;14;2;15;2;16;2;16;3
1;3;7;11;11;0;10;0;10;1;10;2;11;2;12;2;13;2;14;2;15;2;16;2;16;3;15;3
1;3;7;11;10;0;10;1;10;2;11;2;12;2;13;2;14;2;15;2;16;2;16;3;15;3;14;3
1;3;7;11;10;1;10;2;11;2;12;2;13;2;14;2;15;2;16;2;16;3;15;3;14;3;13;3
1;3;7;11;10;2;11;2;12;2;13;2;14;2;15;2;16;2;16;3;15;3;14;3;13;3;12;3
1;3;7;11;11;2;12;2;13;2;14;2;15;2;16;2;16;3;15;3;14;3;13;3;12;3;11;3
1;3;7;11;12;2;13;2;14;2;15;2;16;2;16;3;15;3;14;3;13;3;12;3;11;3;10;3
1;3;7;11;13;2;14;2;15;2;16;2;16;3;15;3;14;3;13;3;12;3;11;3;10;3;9;3
1;3;7;11;14;2;15;2;16;2;16;3;15;3;14;3;13;3;12;3;11;3;10;3;9;3;8;3
1;3;7;11;15;2;16;2;16;3;15;3;14;3;13;3;12;3;11;3;10;3;9;3;8;3;7;3
1;2;7;11;16;2;16;3;15;3;14;3;13;3;12;3;11;3;10;3;9;3;8;3;7;3;7;4
1;2;7;11;16;3;15;3;14;3;13;3;12;3;11;3;10;3;9;3;8;3;7;3;7;4;7;5
1;2;7;11;15;3;14;3;13;3;12;3;11;3;10;3;9;3;8;3;7;3;7;4;7;5;7;6
1;2;7;11;14;3;13;3;12;3;11;3;10;3;9;3;8;3;7;3;7;4;7;5;7;6;7;7
1;2;7;11;13;3;12;3;11;3;10;3;9;3;8;3;7;3;7;4;7;5;7;6;7;7;7;8
1;2;7;11;12;3;11;3;10;3;9;3;8;3;7;3;7;4;7;5;7;6;7;7;7;8;7;9
1;2;7;11;11;3;10;3;9;3;8;3;7;3;7;4;7;5;7;6;7;7;7;8;7;9;7;10
1;2;15;7;10;3;10;3;9;3;8;3;7;3;7;4;7;5;7;6;7;7;7;8;7;9;7;10;7;11
1;1;15;7;10;3;9;3;8;3;7;3;7;4;7;5;7;6;7;7;7;8;7;9;7;10;7;11;8;11
1;1;15;7;9;3;8;3;7;3;7;4;7;5;7;6;7;7;7;8;7;9;7;10;7;11;8;11;9;11
1;1;15;7;8;3;7;3;7;4;7;5;7;6;7;7;7;8;7;9;7;10;7;11;8;11;9;11;10;11
1;1;15;7;7;3;7;4;7;5;7;6;7;7;7;8;7;9;7;10;7;11;8;11;9;11;10;11;11;11
1;1;15;7;7;4;7;5;7;6;7;7;7;8;7;9;7;10;7;11;8;11;9;11;10;11;11;11;12;11
1;1;15;7;7;5;7;6;7;7;7;8;7;9;7;10;7;11;8;11;9;11;10;11;11;11;12;11;13;11
1;0;15;7;7;6;7;7;7;8;7;9;7;10;7;11;8;11;9;11;10;11;11;11;12;11;13;11;13;10
1;0;15;7;7;7;7;8;7;9;7;10;7;11;8;11;9;11;10;11;11;11;12;11;13;11;13;10;13;9
1;0;15;7;7;8;7;9;7;10;7;11;8;11;9;11;10;11;11;11;12;11;13;11;13;10;13;9;13;8
1;0;15;7;7;9;7;10;7;11;8;11;9;11;10;11;11;11;12;11;13;11;13;10;13;9;13;8;13;7
1;1;15;7;7;10;7;11;8;11;9;11;10;11;11;11;12;11;13;11;13;10;13;9;13;8;13;7;14;7
1;1;8;10;7;11;7;11;8;11;9;11;10;11;11;11;12;11;13;11;13;10;13;9;13;8;13;7;14;7;15;7
1;2;8;10;7;11;8;11;9;11;10;11;11;11;12;11;13;11;13;10;13;9;13;8;13;7;14;7;15;7;15;8
1;2;8;10;8;11;9;11;10;11;11;11;12;11;13;11;13;10;13;9;13;8;13;7;14;7;15;7;15;8;15;9
1;2;8;10;9;11;10;11;11;11;12;11;13;11;13;10;13;9;13;8;13;7;14;7;15;7;15;8;15;9;15;10
1;2;8;10;10;11;11;11;12;11;13;11;13;10;13;9;13;8;13;7;14;7;15;7;15;8;15;9;15;10;15;11
1;2;8;10;11;11;12;11;13;11;13;10;13;9;13;8;13;7;14;7;15;7;15;8;15;9;15;10;15;11;15;12
1;3;8;10;12;11;13;11;13;10;13;9;13;8;13;7;14;7;15;7;15;8;15;9;15;10;15;11;15;12;14;12
1;3;8;10;13;11;13;10;13;9;13;8;13;7;14;7;15;7;15;8;15;9;15;10;15;11;15;12;14;12;13;12
1;3;8;10;13;10;13;9;13;8;13;7;14;7;15;7;15;8;15;9;15;10;15;11;15;12;14;12;13;12;12;12
1;0;8;10;13;9;13;8;13;7;14;7;15;7;15;8;15;9;15;10;15;11;15;12;14;12;13;12;12;12;12;11
1;0;8;10;13;8;13;7;14;7;15;7;15;8;15;9;15;10;15;11;15;12;14;12;13;12;12;12;12;11;12;10
1;3;8;10;13;7;14;7;15;7;15;8;15;9;15;10;15;11;15;12;14;12;13;12;12;12;12;11;12;10;11;10
1;3;8;10;14;7;15;7;15;8;15;9;15;10;15;11;15;12;14;12;13;12;12;12;12;11;12;10;11;10;10;10
1;3;8;10;15;7;15;8;15;9;15;10;15;11;15;12;14;12;13;12;12;12;12;11;12;10;11;10;10;10;9;10
1;3;12;16;15;8;15;8;15;9;15;10;15;11;15;12;14;12;13;12;12;12;12;11;12;10;11;10;10;10;9;10;8;10
1;2;12;16;15;8;15;9;15;10;15;11;15;12;14;12;13;12;12;12;12;11;12;10;11;10;10;10;9;10;8;10;8;11
1;2;12;16;15;9;15;10;15;11;15;12;14;12;13;12;12;12;12;11;12;10;11;10;10;10;9;10;8;10;8;11;8;12
1;2;12;16;15;10;15;11;15;12;14;12;13;12;12;12;12;11;12;10;11;10;10;10;9;10;8;10;8;11;8;12;8;13
1;2;12;16;15;11;15;12;14;12;13;12;12;12;12;11;12;10;11;10;10;10;9;10;8;10;8;11;8;12;8;13;8;14
1;2;12;16;15;12;14;12;13;12;12;12;12;11;12;10;11;10;10;10;9;10;8;10;8;11;8;12;8;13;8;14;8;15
1;2;12;16;14;12;13;12;12;12;12;11;12;10;11;10;10;10;9;10;8;10;8;11;8;12;8;13;8;14;8;15;8;16
1;1;12;16;13;12;12;12;12;11;12;10;11;10;10;10;9;10;8;10;8;11;8;12;8;13;8;14;8;15;8;16;9;16
1;1;12;16;12;12;12;11;12;10;11;10;10;10;9;10;8;10;8;11;8;12;8;13;8;14;8;15;8;16;9;16;10;16
1;1;12;16;12;11;12;10;11;10;10;10;9;10;8;10;8;11;8;12;8;13;8;14;8;15;8;16;9;16;10;16;11;16
1;1;15;12;12;10;12;10;11;10;10;10;9;10;8;10;8;11;8;12;8;13;8;14;8;15;8;16;9;16;10;16;11;16;12;16
1;1;15;12;12;10;11;10;10;10;9;10;8;10;8;11;8;12;8;13;8;14;8;15;8;16;9;16;10;16;11;16;12;16;13;16
1;1;15;12;11;10;10;10;9;10;8;10;8;11;8;12;8;13;8;14;8;15;8;16;9;16;10;16;11;16;12;16;13;16;14;16
1;1;15;12;10;10;9;10;8;10;8;11;8;12;8;13;8;14;8;15;8;16;9;16;10;16;11;16;12;16;13;16;14;16;15;16
1;0;15;12;9;10;8;10;8;11;8;12;8;13;8;14;8;15;8;16;9;16;10;16;11;16;12;16;13;16;14;16;15;16;15;15
1;0;15;12;8;10;8;11;8;12;8;13;8;14;8;15;8;16;9;16;10;16;11;16;12;16;13;16;14;16;15;16;15;15;15;14
1;0;15;12;8;11;8;12;8;13;8;14;8;15;8;16;9;16;10;16;11;16;12;16;13;16;14;16;15;16;15;15;15;14;15;13
1;0;3;9;8;12;8;12;8;13;8;14;8;15;8;16;9;16;10;16;11;16;12;16;13;16;14;16;15;16;15;15;15;14;15;13;15;12
1;0;3;9;8;12;8;13;8;14;8;15;8;16;9;16;10;16;11;16;12;16;13;16;14;16;15;16;15;15;15;14;15;13;15;12;15;11
1;0;3;9;8;13;8;14;8;15;8;16;9;16;10;16;11;16;12;16;13;16;14;16;15;16;15;15;15;14;15;13;15;12;15;11;15;10
1;0;3;9;8;14;8;15;8;16;9;16;10;16;11;16;12;16;13;16;14;16;15;16;15;15;15;14;15;13;15;12;15;11;15;10;15;9
1;3;3;9;8;15;8;16;9;16;10;16;11;16;12;16;13;16;14;16;15;16;15;15;15;14;15;13;15;12;15;11;15;10;15;9;14;9
1;3;3;9;8;16;9;16;10;16;11;16;12;16;13;16;14;16;15;16;15;15;15;14;15;13;15;12;15;11;15;10;15;9;14;9;13;9
1;3;3;9;9;16;10;16;11;16;12;16;13;16;14;16;15;16;15;15;15;14;15;13;15;12;15;11;15;10;15;9;14;9;13;9;12;9
1;3;3;9;10;16;11;16;12;16;13;16;14;16;15;16;15;15;15;14;15;13;15;12;15;11;15;10;15;9;14;9;13;9;12;9;11;9
1;3;3;9;11;16;12;16;13;16;14;16;15;16;15;15;15;14;15;13;15;12;15;11;15;10;15;9;14;9;13;9;12;9;11;9;10;9
1;3;3;9;12;16;13;16;14;16;15;16;15;15;15;14;15;13;15;12;15;11;15;10;15;9;14;9;13;9;12;9;11;9;10;9;9;9
1;3;3;9;13;16;14;16;15;16;15;15;15;14;15;13;15;12;15;11;15;10;15;9;14;9;13;9;12;9;11;9;10;9;9;9;8;9
1;3;3;9;14;16;15;16;15;15;15;14;15;13;15;12;15;11;15;10;15;9;14;9;13;9;12;9;11;9;10;9;9;9;8;9;7;9
1;3;3;9;15;16;15;15;15;14;15;13;15;12;15;11;15;10;15;9;14;9;13;9;12;9;11;9;10;9;9;9;8;9;7;9;6;9
1;3;3;9;15;15;15;14;15;13;15;12;15;11;15;10;15;9;14;9;13;9;12;9;11;9;10;9;9;9;8;9;7;9;6;9;5;9
1;3;3;9;15;14;15;13;15;12;15;11;15;10;15;9;14;9;13;9;12;9;11;9;10;9;9;9;8;9;7;9;6;9;5;9;4;9
1;3;15;3;15;13;15;13;15;12;15;11;15;10;15;9;14;9;13;9;12;9;11;9;10;9;9;9;8;9;7;9;6;9;5;9;4;9;3;9
1;0;15;3;15;13;15;12;15;11;15;10;15;9;14;9;13;9;12;9;11;9;10;9;9;9;8;9;7;9;6;9;5;9;4;9;3;9;3;8
1;1;15;3;15;12;15;11;15;10;15;9;14;9;13;9;12;9;11;9;10;9;9;9;8;9;7;9;6;9;5;9;4;9;3;9;3;8;4;8
1;1;15;3;15;11;15;10;15;9;14;9;13;9;12;9;11;9;10;9;9;9;8;9;7;9;6;9;5;9;4;9;3;9;3;8;4;8;5;8
1;1;15;3;15;10;15;9;14;9;13;9;12;9;11;9;10;9;9;9;8;9;7;9;6;9;5;9;4;9;3;9;3;8;4;8;5;8;6;8
1;1;15;3;15;9;14;9;13;9;12;9;11;9;10;9;9;9;8;9;7;9;6;9;5;9;4;9;3;9;3;8;4;8;5;8;6;8;7;8
1;1;15;3;14;9;13;9;12;9;11;9;10;9;9;9;8;9;7;9;6;9;5;9;4;9;3;9;3;8;4;8;5;8;6;8;7;8;8;8
1;1;15;3;13;9;12;9;11;9;10;9;9;9;8;9;7;9;6;9;5;9;4;9;3;9;3;8;4;8;5;8;6;8;7;8;8;8;9;8
1;1;15;3;12;9;11;9;10;9;9;9;8;9;7;9;6;9;5;9;4;9;3;9;3;8;4;8;5;8;6;8;7;8;8;8;9;8;10;8
1;1;15;3;11;9;10;9;9;9;8;9;7;9;6;9;5;9;4;9;3;9;3;8;4;8;5;8;6;8;7;8;8;8;9;8;10;8;11;8
1;1;15;3;10;9;9;9;8;9;7;9;6;9;5;9;4;9;3;9;3;8;4;8;5;8;6;8;7;8;8;8;9;8;10;8;11;8;12;8
1;1;15;3;9;9;8;9;7;9;6;9;5;9;4;9;3;9;3;8;4;8;5;8;6;8;7;8;8;8;9;8;10;8;11;8;12;8;13;8
1;1;15;3;8;9;7;9;6;9;5;9;4;9;3;9;3;8;4;8;5;8;6;8;7;8;8;8;9;8;10;8;11;8;12;8;13;8;14;8
1;1;15;3;7;9;6;9;5;9;4;9;3;9;3;8;4;8;5;8;6;8;7;8;8;8;9;8;10;8;11;8;12;8;13;8;14;8;15;8
1;0;15;3;6;9;5;9;4;9;3;9;3;8;4;8;5;8;6;8;7;8;8;8;9;8;10;8;11;8;12;8;13;8;14;8;15;8;15;7
1;0;15;3;5;9;4;9;3;9;3;8;4;8;5;8;6;8;7;8;8;8;9;8;10;8;11;8;12;8;13;8;14;8;15;8;15;7;15;6
1;0;15;3;4;9;3;9;3;8;4;8;5;8;6;8;7;8;8;8;9;8;10;8;11;8;12;8;13;8;14;8;15;8;15;7;15;6;15;5
1;0;15;3;3;9;3;8;4;8;5;8;6;8;7;8;8;8;9;8;10;8;11;8;12;8;13;8;14;8;15;8;15;7;15;6;15;5;15;4
1;0;10;5;3;8;3;8;4;8;5;8;6;8;7;8;8;8;9;8;10;8;11;8;12;8;13;8;14;8;15;8;15;7;15;6;15;5;15;4;15;3
1;3;10;5;3;8;4;8;5;8;6;8;7;8;8;8;9;8;10;8;11;8;12;8;13;8;14;8;15;8;15;7;15;6;15;5;15;4;15;3;14;3
1;3;10;5;4;8;5;8;6;8;7;8;8;8;9;8;10;8;11;8;12;8;13;8;14;8;15;8;15;7;15;6;15;5;15;4;15;3;14;3;13;3
1;3;10;5;5;8;6;8;7;8;8;8;9;8;10;8;11;8;12;8;13;8;14;8;15;8;15;7;15;6;15;5;15;4;15;3;14;3;13;3;12;3
1;3;10;5;6;8;7;8;8;8;9;8;10;8;11;8;12;8;13;8;14;8;15;8;15;7;15;6;15;5;15;4;15;3;14;3;13;3;12;3;11;3
1;3;10;5;7;8;8;8;9;8;10;8;11;8;12;8;13;8;14;8;15;8;15;7;15;6;15;5;15;4;15;3;14;3;13;3;12;3;11;3;10;3
1;3;10;5;8;8;9;8;10;8;11;8;12;8;13;8;14;8;15;8;15;7;15;6;15;5;15;4;15;3;14;3;13;3;12;3;11;3;10;3;9;3
1;3;10;5;9;8;10;8;11;8;12;8;13;8;14;8;15;8;15;7;15;6;15;5;15;4;15;3;14;3;13;3;12;3;11;3;10;3;9;3;8;3
1;2;10;5;10;8;11;8;12;8;13;8;14;8;15;8;15;7;15;6;15;5;15;4;15;3;14;3;13;3;12;3;11;3;10;3;9;3;8;3;8;4
1;2;10;5;11;8;12;8;13;8;14;8;15;8;15;7;15;6;15;5;15;4;15;3;14;3;13;3;12;3;11;3;10;3;9;3;8;3;8;4;8;5
1;1;10;5;12;8;13;8;14;8;15;8;15;7;15;6;15;5;15;4;15;3;14;3;13;3;12;3;11;3;10;3;9;3;8;3;8;4;8;5;9;5
1;1;2;2;13;8;13;8;14;8;15;8;15;7;15;6;15;5;15;4;15;3;14;3;13;3;12;3;11;3;10;3;9;3;8;3;8;4;8;5;9;5;10;5
1;2;2;2;13;8;14;8;15;8;15;7;15;6;15;5;15;4;15;3;14;3;13;3;12;3;11;3;10;3;9;3;8;3;8;4;8;5;9;5;10;5;10;6
1;3;2;2;14;8;15;8;15;7;15;6;15;5;15;4;15;3;14;3;13;3;12;3;11;3;10;3;9;3;8;3;8;4;8;5;9;5;10;5;10;6;9;6
1;3;2;2;15;8;15;7;15;6;15;5;15;4;15;3;14;3;13;3;12;3;11;3;10;3;9;3;8;3;8;4;8;5;9;5;10;5;10;6;9;6;8;6
1;3;2;2;15;7;15;6;15;5;15;4;15;3;14;3;13;3;12;3;11;3;10;3;9;3;8;3;8;4;8;5;9;5;10;5;10;6;9;6;8;6;7;6
1;0;2;2;15;6;15;5;15;4;15;3;14;3;13;3;12;3;11;3;10;3;9;3;8;3;8;4;8;5;9;5;10;5;10;6;9;6;8;6;7;6;7;5
1;0;2;2;15;5;15;4;15;3;14;3;13;3;12;3;11;3;10;3;9;3;8;3;8;4;8;5;9;5;10;5;10;6;9;6;8;6;7;6;7;5;7;4
1;0;2;2;15;4;15;3;14;3;13;3;12;3;11;3;10;3;9;3;8;3;8;4;8;5;9;5;10;5;10;6;9;6;8;6;7;6;7;5;7;4;7;3
1;0;2;2;15;3;14;3;13;3;12;3;11;3;10;3;9;3;8;3;8;4;8;5;9;5;10;5;10;6;9;6;8;6;7;6;7;5;7;4;7;3;7;2
1;3;2;2;14;3;13;3;12;3;11;3;10;3;9;3;8;3;8;4;8;5;9;5;10;5;10;6;9;6;8;6;7;6;7;5;7;4;7;3;7;2;6;2
1;3;2;2;13;3;12;3;11;3;10;3;9;3;8;3;8;4;8;5;9;5;10;5;10;6;9;6;8;6;7;6;7;5;7;4;7;3;7;2;6;2;5;2
1;3;2;2;12;3;11;3;10;3;9;3;8;3;8;4;8;5;9;5;10;5;10;6;9;6;8;6;7;6;7;5;7;4;7;3;7;2;6;2;5;2;4;2
1;3;2;2;11;3;10;3;9;3;8;3;8;4;8;5;9;5;10;5;10;6;9;6;8;6;7;6;7;5;7;4;7;3;7;2;6;2;5;2;4;2;3;2
1;3;5;1;10;3;10;3;9;3;8;3;8;4;8;5;9;5;10;5;10;6;9;6;8;6;7;6;7;5;7;4;7;3;7;2;6;2;5;2;4;2;3;2;2;2
1;0;5;1;10;3;9;3;8;3;8;4;8;5;9;5;10;5;10;6;9;6;8;6;7;6;7;5;7;4;7;3;7;2;6;2;5;2;4;2;3;2;2;2;2;1
1;1;5;1;9;3;8;3;8;4;8;5;9;5;10;5;10;6;9;6;8;6;7;6;7;5;7;4;7;3;7;2;6;2;5;2;4;2;3;2;2;2;2;1;3;1
1;1;5;1;8;3;8;4;8;5;9;5;10;5;10;6;9;6;8;6;7;6;7;5;7;4;7;3;7;2;6;2;5;2;4;2;3;2;2;2;2;1;3;1;4;1
1;1;0;12;8;4;8;4;8;5;9;5;10;5;10;6;9;6;8;6;7;6;7;5;7;4;7;3;7;2;6;2;5;2;4;2;3;2;2;2;2;1;3;1;4;1;5;1
1;1;0;12;8;4;8;5;9;5;10;5;10;6;9;6;8;6;7;6;7;5;7;4;7;3;7;2;6;2;5;2;4;2;3;2;2;2;2;1;3;1;4;1;5;1;6;1
1;1;0;12;8;5;9;5;10;5;10;6;9;6;8;6;7;6;7;5;7;4;7;3;7;2;6;2;5;2;4;2;3;2;2;2;2;1;3;1;4;1;5;1;6;1;7;1
1;1;0;12;9;5;10;5;10;6;9;6;8;6;7;6;7;5;7;4;7;3;7;2;6;2;5;2;4;2;3;2;2;2;2;1;3;1;4;1;5;1;6;1;7;1;8;1
1;2;0;12;10;5;10;6;9;6;8;6;7;6;7;5;7;4;7;3;7;2;6;2;5;2;4;2;3;2;2;2;2;1;3;1;4;1;5;1;6;1;7;1;8;1;8;2
1;2;0;12;10;6;9;6;8;6;7;6;7;5;7;4;7;3;7;2;6;2;5;2;4;2;3;2;2;2;2;1;3;1;4;1;5;1;6;1;7;1;8;1;8;2;8;3
1;2;0;12;9;6;8;6;7;6;7;5;7;4;7;3;7;2;6;2;5;2;4;2;3;2;2;2;2;1;3;1;4;1;5;1;6;1;7;1;8;1;8;2;8;3;8;4
1;1;0;12;8;6;7;6;7;5;7;4;7;3;7;2;6;2;5;2;4;2;3;2;2;2;2;1;3;1;4;1;5;1;6;1;7;1;8;1;8;2;8;3;8;4;9;4
1;2;0;12;7;6;7;5;7;4;7;3;7;2;6;2;5;2;4;2;3;2;2;2;2;1;3;1;4;1;5;1;6;1;7;1;8;1;8;2;8;3;8;4;9;4;9;5
1;2;0;12;7;5;7;4;7;3;7;2;6;2;5;2;4;2;3;2;2;2;2;1;3;1;4;1;5;1;6;1;7;1;8;1;8;2;8;3;8;4;9;4;9;5;9;6
1;3;0;12;7;4;7;3;7;2;6;2;5;2;4;2;3;2;2;2;2;1;3;1;4;1;5;1;6;1;7;1;8;1;8;2;8;3;8;4;9;4;9;5;9;6;8;6
1;3;0;12;7;3;7;2;6;2;5;2;4;2;3;2;2;2;2;1;3;1;4;1;5;1;6;1;7;1;8;1;8;2;8;3;8;4;9;4;9;5;9;6;8;6;7;6
1;3;0;12;7;2;6;2;5;2;4;2;3;2;2;2;2;1;3;1;4;1;5;1;6;1;7;1;8;1;8;2;8;3;8;4;9;4;9;5;9;6;8;6;7;6;6;6
1;3;0;12;6;2;5;2;4;2;3;2;2;2;2;1;3;1;4;1;5;1;6;1;7;1;8;1;8;2;8;3;8;4;9;4;9;5;9;6;8;6;7;6;6;6;5;6
1;3;0;12;5;2;4;2;3;2;2;2;2;1;3;1;4;1;5;1;6;1;7;1;8;1;8;2;8;3;8;4;9;4;9;5;9;6;8;6;7;6;6;6;5;6;4;6
1;3;0;12;4;2;3;2;2;2;2;1;3;1;4;1;5;1;6;1;7;1;8;1;8;2;8;3;8;4;9;4;9;5;9;6;8;6;7;6;6;6;5;6;4;6;3;6
1;3;0;12;3;2;2;2;2;1;3;1;4;1;5;1;6;1;7;1;8;1;8;2;8;3;8;4;9;4;9;5;9;6;8;6;7;6;6;6;5;6;4;6;3;6;2;6
1;3;0;12;2;2;2;1;3;1;4;1;5;1;6;1;7;1;8;1;8;2;8;3;8;4;9;4;9;5;9;6;8;6;7;6;6;6;5;6;4;6;3;6;2;6;1;6
1;3;0;12;2;1;3;1;4;1;5;1;6;1;7;1;8;1;8;2;8;3;8;4;9;4;9;5;9;6;8;6;7;6;6;6;5;6;4;6;3;6;2;6;1;6;0;6
1;2;0;12;3;1;4;1;5;1;6;1;7;1;8;1;8;2;8;3;8;4;9;4;9;5;9;6;8;6;7;6;6;6;5;6;4;6;3;6;2;6;1;6;0;6;0;7
1;2;0;12;4;1;5;1;6;1;7;1;8;1;8;2;8;3;8;4;9;4;9;5;9;6;8;6;7;6;6;6;5;6;4;6;3;6;2;6;1;6;0;6;0;7;0;8
1;2;0;12;5;1;6;1;7;1;8;1;8;2;8;3;8;4;9;4;9;5;9;6;8;6;7;6;6;6;5;6;4;6;3;6;2;6;1;6;0;6;0;7;0;8;0;9
1;2;0;12;6;1;7;1;8;1;8;2;8;3;8;4;9;4;9;5;9;6;8;6;7;6;6;6;5;6;4;6;3;6;2;6;1;6;0;6;0;7;0;8;0;9;0;10
1;2;0;12;7;1;8;1;8;2;8;3;8;4;9;4;9;5;9;6;8;6;7;6;6;6;5;6;4;6;3;6;2;6;1;6;0;6;0;7;0;8;0;9;0;10;0;11
1;2;0;14;8;1;8;1;8;2;8;3;8;4;9;4;9;5;9;6;8;6;7;6;6;6;5;6;4;6;3;6;2;6;1;6;0;6;0;7;0;8;0;9;0;10;0;11;0;12
1;2;0;14;8;1;8;2;8;3;8;4;9;4;9;5;9;6;8;6;7;6;6;6;5;6;4;6;3;6;2;6;1;6;0;6;0;7;0;8;0;9;0;10;0;11;0;12;0;13
1;2;17;8;8;2;8;2;8;3;8;4;9;4;9;5;9;6;8;6;7;6;6;6;5;6;4;6;3;6;2;6;1;6;0;6;0;7;0;8;0;9;0;10;0;11;0;12;0;13;0;14
1;1;17;8;8;2;8;3;8;4;9;4;9;5;9;6;8;6;7;6;6;6;5;6;4;6;3;6;2;6;1;6;0;6;0;7;0;8;0;9;0;10;0;11;0;12;0;13;0;14;1;14
1;1;17;8;8;3;8;4;9;4;9;5;9;6;8;6;7;6;6;6;5;6;4;6;3;6;2;6;1;6;0;6;0;7;0;8;0;9;0;10;0;11;0;12;0;13;0;14;1;14;2;14
1;1;17;8;8;4;9;4;9;5;9;6;8;6;7;6;6;6;5;6;4;6;3;6;2;6;1;6;0;6;0;7;0;8;0;9;0;10;0;11;0;12;0;13;0;14;1;14;2;14;3;14
1;1;17;8;9;4;9;5;9;6;8;6;7;6;6;6;5;6;4;6;3;6;2;6;1;6;0;6;0;7;0;8;0;9;0;10;0;11;0;12;0;13;0;14;1;14;2;14;3;14;4;14
1;1;17;8;9;5;9;6;8;6;7;6;6;6;5;6;4;6;3;6;2;6;1;6;0;6;0;7;0;8;0;9;0;10;0;11;0;12;0;13;0;14;1;14;2;14;3;14;4;14;5;14
1;1;17;8;9;6;8;6;7;6;6;6;5;6;4;6;3;6;2;6;1;6;0;6;0;7;0;8;0;9;0;10;0;11;0;12;0;13;0;14;1;14;2;14;3;14;4;14;5;14;6;14
1;1;17;8;8;6;7;6;6;6;5;6;4;6;3;6;2;6;1;6;0;6;0;7;0;8;0;9;0;10;0;11;0;12;0;13;0;14;1;14;2;14;3;14;4;14;5;14;6;14;7;14
1;1;17;8;7;6;6;6;5;6;4;6;3;6;2;6;1;6;0;6;0;7;0;8;0;9;0;10;0;11;0;12;0;13;0;14;1;14;2;14;3;14;4;14;5;14;6;14;7;14;8;14
1;1;17;8;6;6;5;6;4;6;3;6;2;6;1;6;0;6;0;7;0;8;0;9;0;10;0;11;0;12;0;13;0;14;1;14;2;14;3;14;4;14;5;14;6;14;7;14;8;14;9;14
1;1;17;8;5;6;4;6;3;6;2;6;1;6;0;6;0;7;0;8;0;9;0;10;0;11;0;12;0;13;0;14;1;14;2;14;3;14;4;14;5;14;6;14;7;14;8;14;9;14;10;14
1;1;17;8;4;6;3;6;2;6;1;6;0;6;0;7;0;8;0;9;0;10;0;11;0;12;0;13;0;14;1;14;2;14;3;14;4;14;5;14;6;14;7;14;8;14;9;14;10;14;11;14
1;1;17;8;3;6;2;6;1;6;0;6;0;7;0;8;0;9;0;10;0;11;0;12;0;13;0;14;1;14;2;14;3;14;4;14;5;14;6;14;7;14;8;14;9;14;10;14;11;14;12;14
1;1;17;8;2;6;1;6;0;6;0;7;0;8;0;9;0;10;0;11;0;12;0;13;0;14;1;14;2;14;3;14;4;14;5;14;6;14;7;14;8;14;9;14;10;14;11;14;12;14;13;14
1;1;17;8;1;6;0;6;0;7;0;8;0;9;0;10;0;11;0;12;0;13;0;14;1;14;2;14;3;14;4;14;5;14;6;14;7;14;8;14;9;14;10;14;11;14;12;14;13;14;14;14
1;1;17;8;0;6;0;7;0;8;0;9;0;10;0;11;0;12;0;13;0;14;1;14;2;14;3;14;4;14;5;14;6;14;7;14;8;14;9;14;10;14;11;14;12;14;13;14;14;14;15;14
1;1;17;8;0;7;0;8;0;9;0;10;0;11;0;12;0;13;0;14;1;14;2;14;3;14;4;14;5;14;6;14;7;14;8;14;9;14;10;14;11;14;12;14;13;14;14;14;15;14;16;14
1;1;17;8;0;8;0;9;0;10;0;11;0;12;0;13;0;14;1;14;2;14;3;14;4;14;5;14;6;14;7;14;8;14;9;14;10;14;11;14;12;14;13;14;14;14;15;14;16;14;17;14
1;0;17;8;0;9;0;10;0;11;0;12;0;13;0;14;1;14;2;14;3;14;4;14;5;14;6;14;7;14;8;14;9;14;10;14;11;14;12;14;13;14;14;14;15;14;16;14;17;14;17;13
1;0;17;8;0;10;0;11;0;12;0;13;0;14;1;14;2;14;3;14;4;14;5;14;6;14;7;14;8;14;9;14;10;14;11;14;12;14;13;14;14;14;15;14;16;14;17;14;17;13;17;12
1;0;17;8;0;11;0;12;0;13;0;14;1;14;2;14;3;14;4;14;5;14;6;14;7;14;8;14;9;14;10;14;11;14;12;14;13;14;14;14;15;14;16;14;17;14;17;13;17;12;17;11
1;0;17;8;0;12;0;13;0;14;1;14;2;14;3;14;4;14;5;14;6;14;7;14;8;14;9;14;10;14;11;14;12;14;13;14;14;14;15;14;16;14;17;14;17;13;17;12;17;11;17;10
1;0;17;8;0;13;0;14;1;14;2;14;3;14;4;14;5;14;6;14;7;14;8;14;9;14;10;14;11;14;12;14;13;14;14;14;15;14;16;14;17;14;17;13;17;12;17;11;17;10;17;9
1;0;2;5;0;14;0;14;1;14;2;14;3;14;4;14;5;14;6;14;7;14;8;14;9;14;10;14;11;14;12;14;13;14;14;14;15;14;16;14;17;14;17;13;17;12;17;11;17;10;17;9;17;8
1;0;2;5;0;14;1;14;2;14;3;14;4;14;5;14;6;14;7;14;8;14;9;14;10;14;11;14;12;14;13;14;14;14;15;14;16;14;17;14;17;13;17;12;17;11;17;10;17;9;17;8;17;7
1;0;2;5;1;14;2;14;3;14;4;14;5;14;6;14;7;14;8;14;9;14;10;14;11;14;12;14;13;14;14;14;15;14;16;14;17;14;17;13;17;12;17;11;17;10;17;9;17;8;17;7;17;6
1;0;2;5;2;14;3;14;4;14;5;14;6;14;7;14;8;14;9;14;10;14;11;14;12;14;13;14;14;14;15;14;16;14;17;14;17;13;17;12;17;11;17;10;17;9;17;8;17;7;17;6;17;5
1;3;2;5;3;14;4;14;5;14;6;14;7;14;8;14;9;14;10;14;11;14;12;14;13;14;14;14;15;14;16;14;17;14;17;13;17;12;17;11;17;10;17;9;17;8;17;7;17;6;17;5;16;5
1;3;2;5;4;14;5;14;6;14;7;14;8;14;9;14;10;14;11;14;12;14;13;14;14;14;15;14;16;14;17;14;17;13;17;12;17;11;17;10;17;9;17;8;17;7;17;6;17;5;16;5;15;5
1;3;2;5;5;14;6;14;7;14;8;14;9;14;10;14;11;14;12;14;13;14;14;14;15;14;16;14;17;14;17;13;17;12;17;11;17;10;17;9;17;8;17;7;17;6;17;5;16;5;15;5;14;5
1;3;2;5;6;14;7;14;8;14;9;14;10;14;11;14;12;14;13;14;14;14;15;14;16;14;17;14;17;13;17;12;17;11;17;10;17;9;17;8;17;7;17;6;17;5;16;5;15;5;14;5;13;5
1;3;2;5;7;14;8;14;9;14;10;14;11;14;12;14;13;14;14;14;15;14;16;14;17;14;17;13;17;12;17;11;17;10;17;9;17;8;17;7;17;6;17;5;16;5;15;5;14;5;13;5;12;5
1;3;2;5;8;14;9;14;10;14;11;14;12;14;13;14;14;14;15;14;16;14;17;14;17;13;17;12;17;11;17;10;17;9;17;8;17;7;17;6;17;5;16;5;15;5;14;5;13;5;12;5;11;5
1;3;2;5;9;14;10;14;11;14;12;14;13;14;14;14;15;14;16;14;17;14;17;13;17;12;17;11;17;10;17;9;17;8;17;7;17;6;17;5;16;5;15;5;14;5;13;5;12;5;11;5;10;5
1;3;2;5;10;14;11;14;12;14;13;14;14;14;15;14;16;14;17;14;17;13;17;12;17;11;17;10;17;9;17;8;17;7;17;6;17;5;16;5;15;5;14;5;13;5;12;5;11;5;10;5;9;5
1;3;2;5;11;14;12;14;13;14;14;14;15;14;16;14;17;14;17;13;17;12;17;11;17;10;17;9;17;8;17;7;17;6;17;5;16;5;15;5;14;5;13;5;12;5;11;5;10;5;9;5;8;5
1;3;2;5;12;14;13;14;14;14;15;14;16;14;17;14;17;13;17;12;17;11;17;10;17;9;17;8;17;7;17;6;17;5;16;5;15;5;14;5;13;5;12;5;11;5;10;5;9;5;8;5;7;5
1;3;2;5;13;14;14;14;15;14;16;14;17;14;17;13;17;12;17;11;17;10;17;9;17;8;17;7;17;6;17;5;16;5;15;5;14;5;13;5;12;5;11;5;10;5;9;5;8;5;7;5;6;5
1;3;2;5;14;14;15;14;16;14;17;14;17;13;17;12;17;11;17;10;17;9;17;8;17;7;17;6;17;5;16;5;15;5;14;5;13;5;12;5;11;5;10;5;9;5;8;5;7;5;6;5;5;5
1;3;2;5;15;14;16;14;17;14;17;13;17;12;17;11;17;10;17;9;17;8;17;7;17;6;17;5;16;5;15;5;14;5;13;5;12;5;11;5;10;5;9;5;8;5;7;5;6;5;5;5;4;5
1;3;2;5;16;14;17;14;17;13;17;12;17;11;17;10;17;9;17;8;17;7;17;6;17;5;16;5;15;5;14;5;13;5;12;5;11;5;10;5;9;5;8;5;7;5;6;5;5;5;4;5;3;5
1;3;17;18;17;14;17;14;17;13;17;12;17;11;17;10;17;9;17;8;17;7;17;6;17;5;16;5;15;5;14;5;13;5;12;5;11;5;10;5;9;5;8;5;7;5;6;5;5;5;4;5;3;5;2;5
1;2;17;18;17;14;17;13;17;12;17;11;17;10;17;9;17;8;17;7;17;6;17;5;16;5;15;5;14;5;13;5;12;5;11;5;10;5;9;5;8;5;7;5;6;5;5;5;4;5;3;5;2;5;2;6
1;2;17;18;17;13;17;12;17;11;17;10;17;9;17;8;17;7;17;6;17;5;16;5;15;5;14;5;13;5;12;5;11;5;10;5;9;5;8;5;7;5;6;5;5;5;4;5;3;5;2;5;2;6;2;7
1;2;17;18;17;12;17;11;17;10;17;9;17;8;17;7;17;6;17;5;16;5;15;5;14;5;13;5;12;5;11;5;10;5;9;5;8;5;7;5;6;5;5;5;4;5;3;5;2;5;2;6;2;7;2;8
1;2;17;18;17;11;17;10;17;9;17;8;17;7;17;6;17;5;16;5;15;5;14;5;13;5;12;5;11;5;10;5;9;5;8;5;7;5;6;5;5;5;4;5;3;5;2;5;2;6;2;7;2;8;2;9
1;2;17;18;17;10;17;9;17;8;17;7;17;6;17;5;16;5;15;5;14;5;13;5;12;5;11;5;10;5;9;5;8;5;7;5;6;5;5;5;4;5;3;5;2;5;2;6;2;7;2;8;2;9;2;10
1;2;17;18;17;9;17;8;17;7;17;6;17;5;16;5;15;5;14;5;13;5;12;5;11;5;10;5;9;5;8;5;7;5;6;5;5;5;4;5;3;5;2;5;2;6;2;7;2;8;2;9;2;10;2;11
1;1;17;18;17;8;17;7;17;6;17;5;16;5;15;5;14;5;13;5;12;5;11;5;10;5;9;5;8;5;7;5;6;5;5;5;4;5;3;5;2;5;2;6;2;7;2;8;2;9;2;10;2;11;3;11
1;1;17;18;17;7;17;6;17;5;16;5;15;5;14;5;13;5;12;5;11;5;10;5;9;5;8;5;7;5;6;5;5;5;4;5;3;5;2;5;2;6;2;7;2;8;2;9;2;10;2;11;3;11;4;11
1;1;17;18;17;6;17;5;16;5;15;5;14;5;13;5;12;5;11;5;10;5;9;5;8;5;7;5;6;5;5;5;4;5;3;5;2;5;2;6;2;7;2;8;2;9;2;10;2;11;3;11;4;11;5;11
1;1;17;18;17;5;16;5;15;5;14;5;13;5;12;5;11;5;10;5;9;5;8;5;7;5;6;5;5;5;4;5;3;5;2;5;2;6;2;7;2;8;2;9;2;10;2;11;3;11;4;11;5;11;6;11
1;1;17;18;16;5;15;5;14;5;13;5;12;5;11;5;10;5;9;5;8;5;7;5;6;5;5;5;4;5;3;5;2;5;2;6;2;7;2;8;2;9;2;10;2;11;3;11;4;11;5;11;6;11;7;11
1;1;17;18;15;5;14;5;13;5;12;5;11;5;10;5;9;5;8;5;7;5;6;5;5;5;4;5;3;5;2;5;2;6;2;7;2;8;2;9;2;10;2;11;3;11;4;11;5;11;6;11;7;11;8;11
1;1;17;18;14;5;13;5;12;5;11;5;10;5;9;5;8;5;7;5;6;5;5;5;4;5;3;5;2;5;2;6;2;7;2;8;2;9;2;10;2;11;3;11;4;11;5;11;6;11;7;11;8;11;9;11
1;1;17;18;13;5;12;5;11;5;10;5;9;5;8;5;7;5;6;5;5;5;4;5;3;5;2;5;2;6;2;7;2;8;2;9;2;10;2;11;3;11;4;11;5;11;6;11;7;11;8;11;9;11;10;11
1;1;17;18;12;5;11;5;10;5;9;5;8;5;7;5;6;5;5;5;4;5;3;5;2;5;2;6;2;7;2;8;2;9;2;10;2;11;3;11;4;11;5;11;6;11;7;11;8;11;9;11;10;11;11;11
1;1;17;18;11;5;10;5;9;5;8;5;7;5;6;5;5;5;4;5;3;5;2;5;2;6;2;7;2;8;2;9;2;10;2;11;3;11;4;11;5;11;6;11;7;11;8;11;9;11;10;11;11;11;12;11
1;2;17;18;10;5;9;5;8;5;7;5;6;5;5;5;4;5;3;5;2;5;2;6;2;7;2;8;2;9;2;10;2;11;3;11;4;11;5;11;6;11;7;11;8;11;9;11;10;11;11;11;12;11;12;12
1;2;17;18;9;5;8;5;7;5;6;5;5;5;4;5;3;5;2;5;2;6;2;7;2;8;2;9;2;10;2;11;3;11;4;11;5;11;6;11;7;11;8;11;9;11;10;11;11;11;12;11;12;12;12;13
1;2;17;18;8;5;7;5;6;5;5;5;4;5;3;5;2;5;2;6;2;7;2;8;2;9;2;10;2;11;3;11;4;11;5;11;6;11;7;11;8;11;9;11;10;11;11;11;12;11;12;12;12;13;12;14
1;2;17;18;7;5;6;5;5;5;4;5;3;5;2;5;2;6;2;7;2;8;2;9;2;10;2;11;3;11;4;11;5;11;6;11;7;11;8;11;9;11;10;11;11;11;12;11;12;12;12;13;12;14;12;15
1;2;17;18;6;5;5;5;4;5;3;5;2;5;2;6;2;7;2;8;2;9;2;10;2;11;3;11;4;11;5;11;6;11;7;11;8;11;9;11;10;11;11;11;12;11;12;12;12;13;12;14;12;15;12;16
1;2;17;18;5;5;4;5;3;5;2;5;2;6;2;7;2;8;2;9;2;10;2;11;3;11;4;11;5;11;6;11;7;11;8;11;9;11;10;11;11;11;12;11;12;12;12;13;12;14;12;15;12;16;12;17
1;2;17;18;4;5;3;5;2;5;2;6;2;7;2;8;2;9;2;10;2;11;3;11;4;11;5;11;6;11;7;11;8;11;9;11;10;11;11;11;12;11;12;12;12;13;12;14;12;15;12;16;12;17;12;18
1;1;17;18;3;5;2;5;2;6;2;7;2;8;2;9;2;10;2;11;3;11;4;11;5;11;6;11;7;11;8;11;9;11;10;11;11;11;12;11;12;12;12;13;12;14;12;15;12;16;12;17;12;18;13;18
1;1;17;18;2;5;2;6;2;7;2;8;2;9;2;10;2;11;3;11;4;11;5;11;6;11;7;11;8;11;9;11;10;11;11;11;12;11;12;12;12;13;12;14;12;15;12;16;12;17;12;18;13;18;14;18
1;1;17;18;2;6;2;7;2;8;2;9;2;10;2;11;3;11;4;11;5;11;6;11;7;11;8;11;9;11;10;11;11;11;12;11;12;12;12;13;12;14;12;15;12;16;12;17;12;18;13;18;14;18;15;18
1;1;17;18;2;7;2;8;2;9;2;10;2;11;3;11;4;11;5;11;6;11;7;11;8;11;9;11;10;11;11;11;12;11;12;12;12;13;12;14;12;15;12;16;12;17;12;18;13;18;14;18;15;18;16;18
1;1;15;4;2;8;2;8;2;9;2;10;2;11;3;11;4;11;5;11;6;11;7;11;8;11;9;11;10;11;11;11;12;11;12;12;12;13;12;14;12;15;12;16;12;17;12;18;13;18;14;18;15;18;16;18;17;18
1;0;15;4;2;8;2;9;2;10;2;11;3;11;4;11;5;11;6;11;7;11;8;11;9;11;10;11;11;11;12;11;12;12;12;13;12;14;12;15;12;16;12;17;12;18;13;18;14;18;15;18;16;18;17;18;17;17
1;0;15;4;2;9;2;10;2;11;3;11;4;11;5;11;6;11;7;11;8;11;9;11;10;11;11;11;12;11;12;12;12;13;12;14;12;15;12;16;12;17;12;18;13;18;14;18;15;18;16;18;17;18;17;17;17;16
1;0;15;4;2;10;2;11;3;11;4;11;5;11;6;11;7;11;8;11;9;11;10;11;11;11;12;11;12;12;12;13;12;14;12;15;12;16;12;17;12;18;13;18;14;18;15;18;16;18;17;18;17;17;17;16;17;15
1;0;15;4;2;11;3;11;4;11;5;11;6;11;7;11;8;11;9;11;10;11;11;11;12;11;12;12;12;13;12;14;12;15;12;16;12;17;12;18;13;18;14;18;15;18;16;18;17;18;17;17;17;16;17;15;17;14
1;0;15;4;3;11;4;11;5;11;6;11;7;11;8;11;9;11;10;11;11;11;12;11;12;12;12;13;12;14;12;15;12;16;12;17;12;18;13;18;14;18;15;18;16;18;17;18;17;17;17;16;17;15;17;14;17;13
1;0;15;4;4;11;5;11;6;11;7;11;8;11;9;11;10;11;11;11;12;11;12;12;12;13;12;14;12;15;12;16;12;17;12;18;13;18;14;18;15;18;16;18;17;18;17;17;17;16;17;15;17;14;17;13;17;12
1;0;15;4;5;11;6;11;7;11;8;11;9;11;10;11;11;11;12;11;12;12;12;13;12;14;12;15;12;16;12;17;12;18;13;18;14;18;15;18;16;18;17;18;17;17;17;16;17;15;17;14;17;13;17;12;17;11
1;0;15;4;6;11;7;11;8;11;9;11;10;11;11;11;12;11;12;12;12;13;12;14;12;15;12;16;12;17;12;18;13;18;14;18;15;18;16;18;17;18;17;17;17;16;17;15;17;14;17;13;17;12;17;11;17;10
1;0;15;4;7;11;8;11;9;11;10;11;11;11;12;11;12;12;12;13;12;14;12;15;12;16;12;17;12;18;13;18;14;18;15;18;16;18;17;18;17;17;17;16;17;15;17;14;17;13;17;12;17;11;17;10;17;9
1;0;15;4;8;11;9;11;10;11;11;11;12;11;12;12;12;13;12;14;12;15;12;16;12;17;12;18;13;18;14;18;15;18;16;18;17;18;17;17;17;16;17;15;17;14;17;13;17;12;17;11;17;10;17;9;17;8
1;0;15;4;9;11;10;11;11;11;12;11;12;12;12;13;12;14;12;15;12;16;12;17;12;18;13;18;14;18;15;18;16;18;17;18;17;17;17;16;17;15;17;14;17;13;17;12;17;11;17;10;17;9;17;8;17;7
1;0;15;4;10;11;11;11;12;11;12;12;12;13;12;14;12;15;12;16;12;17;12;18;13;18;14;18;15;18;16;18;17;18;17;17;17;16;17;15;17;14;17;13;17;12;17;11;17;10;17;9;17;8;17;7;17;6
1;0;15;4;11;11;12;11;12;12;12;13;12;14;12;15;12;16;12;17;12;18;13;18;14;18;15;18;16;18;17;18;17;17;17;16;17;15;17;14;17;13;17;12;17;11;17;10;17;9;17;8;17;7;17;6;17;5
1;0;15;4;12;11;12;12;12;13;12;14;12;15;12;16;12;17;12;18;13;18;14;18;15;18;16;18;17;18;17;17;17;16;17;15;17;14;17;13;17;12;17;11;17;10;17;9;17;8;17;7;17;6;17;5;17;4
1;1;15;4;12;12;12;13;12;14;12;15;12;16;12;17;12;18;13;18;14;18;15;18;16;18;17;18;17;17;17;16;17;15;17;14;17;13;17;12;17;11;17;10;17;9;17;8;17;7;17;6;17;5;17;4;18;4
1;2;15;4;12;13;12;14;12;15;12;16;12;17;12;18;13;18;14;18;15;18;16;18;17;18;17;17;17;16;17;15;17;14;17;13;17;12;17;11;17;10;17;9;17;8;17;7;17;6;17;5;17;4;18;4;18;5
1;2;15;4;12;14;12;15;12;16;12;17;12;18;13;18;14;18;15;18;16;18;17;18;17;17;17;16;17;15;17;14;17;13;17;12;17;11;17;10;17;9;17;8;17;7;17;6;17;5;17;4;18;4;18;5;18;6
1;2;15;4;12;15;12;16;12;17;12;18;13;18;14;18;15;18;16;18;17;18;17;17;17;16;17;15;17;14;17;13;17;12;17;11;17;10;17;9;17;8;17;7;17;6;17;5;17;4;18;4;18;5;18;6;18;7
1;2;15;4;12;16;12;17;12;18;13;18;14;18;15;18;16;18;17;18;17;17;17;16;17;15;17;14;17;13;17;12;17;11;17;10;17;9;17;8;17;7;17;6;17;5;17;4;18;4;18;5;18;6;18;7;18;8
1;2;15;4;12;17;12;18;13;18;14;18;15;18;16;18;17;18;17;17;17;16;17;15;17;14;17;13;17;12;17;11;17;10;17;9;17;8;17;7;17;6;17;5;17;4;18;4;18;5;18;6;18;7;18;8;18;9
1;2;15;4;12;18;13;18;14;18;15;18;16;18;17;18;17;17;17;16;17;15;17;14;17;13;17;12;17;11;17;10;17;9;17;8;17;7;17;6;17;5;17;4;18;4;18;5;18;6;18;7;18;8;18;9;18;10
1;2;15;4;13;18;14;18;15;18;16;18;17;18;17;17;17;16;17;15;17;14;17;13;17;12;17;11;17;10;17;9;17;8;17;7;17;6;17;5;17;4;18;4;18;5;18;6;18;7;18;8;18;9;18;10;18;11
1;2;15;4;14;18;15;18;16;18;17;18;17;17;17;16;17;15;17;14;17;13;17;12;17;11;17;10;17;9;17;8;17;7;17;6;17;5;17;4;18;4;18;5;18;6;18;7;18;8;18;9;18;10;18;11;18;12
1;2;15;4;15;18;16;18;17;18;17;17;17;16;17;15;17;14;17;13;17;12;17;11;17;10;17;9;17;8;17;7;17;6;17;5;17;4;18;4;18;5;18;6;18;7;18;8;18;9;18;10;18;11;18;12;18;13
1;2;15;4;16;18;17;18;17;17;17;16;17;15;17;14;17;13;17;12;17;11;17;10;17;9;17;8;17;7;17;6;17;5;17;4;18;4;18;5;18;6;18;7;18;8;18;9;18;10;18;11;18;12;18;13;18;14
1;2;15;4;17;18;17;17;17;16;17;15;17;14;17;13;17;12;17;11;17;10;17;9;17;8;17;7;17;6;17;5;17;4;18;4;18;5;18;6;18;7;18;8;18;9;18;10;18;11;18;12;18;13;18;14;18;15
1;2;15;4;17;17;17;16;17;15;17;14;17;13;17;12;17;11;17;10;17;9;17;8;17;7;17;6;17;5;17;4;18;4;18;5;18;6;18;7;18;8;18;9;18;10;18;11;18;12;18;13;18;14;18;15;18;16
1;2;15;4;17;16;17;15;17;14;17;13;17;12;17;11;17;10;17;9;17;8;17;7;17;6;17;5;17;4;18;4;18;5;18;6;18;7;18;8;18;9;18;10;18;11;18;12;18;13;18;14;18;15;18;16;18;17
1;3;15;4;17;15;17;14;17;13;17;12;17;11;17;10;17;9;17;8;17;7;17;6;17;5;17;4;18;4;18;5;18;6;18;7;18;8;18;9;18;10;18;11;18;12;18;13;18;14;18;15;18;16;18;17;17;17
1;3;15;4;17;14;17;13;17;12;17;11;17;10;17;9;17;8;17;7;17;6;17;5;17;4;18;4;18;5;18;6;18;7;18;8;18;9;18;10;18;11;18;12;18;13;18;14;18;15;18;16;18;17;17;17;16;17
1;3;15;4;17;13;17;12;17;11;17;10;17;9;17;8;17;7;17;6;17;5;17;4;18;4;18;5;18;6;18;7;18;8;18;9;18;10;18;11;18;12;18;13;18;14;18;15;18;16;18;17;17;17;16;17;15;17
1;0;15;4;17;12;17;11;17;10;17;9;17;8;17;7;17;6;17;5;17;4;18;4;18;5;18;6;18;7;18;8;18;9;18;10;18;11;18;12;18;13;18;14;18;15;18;16;18;17;17;17;16;17;15;17;15;16
1;0;15;4;17;11;17;10;17;9;17;8;17;7;17;6;17;5;17;4;18;4;18;5;18;6;18;7;18;8;18;9;18;10;18;11;18;12;18;13;18;14;18;15;18;16;18;17;17;17;16;17;15;17;15;16;15;15
1;0;15;4;17;10;17;9;17;8;17;7;17;6;17;5;17;4;18;4;18;5;18;6;18;7;18;8;18;9;18;10;18;11;18;12;18;13;18;14;18;15;18;16;18;17;17;17;16;17;15;17;15;16;15;15;15;14
1;0;15;4;17;9;17;8;17;7;17;6;17;5;17;4;18;4;18;5;18;6;18;7;18;8;18;9;18;10;18;11;18;12;18;13;18;14;18;15;18;16;18;17;17;17;16;17;15;17;15;16;15;15;15;14;15;13
1;0;15;4;17;8;17;7;17;6;17;5;17;4;18;4;18;5;18;6;18;7;18;8;18;9;18;10;18;11;18;12;18;13;18;14;18;15;18;16;18;17;17;17;16;17;15;17;15;16;15;15;15;14;15;13;15;12
1;0;15;4;17;7;17;6;17;5;17;4;18;4;18;5;18;6;18;7;18;8;18;9;18;10;18;11;18;12;18;13;18;14;18;15;18;16;18;17;17;17;16;17;15;17;15;16;15;15;15;14;15;13;15;12;15;11
1;0;15;4;17;6;17;5;17;4;18;4;18;5;18;6;18;7;18;8;18;9;18;10;18;11;18;12;18;13;18;14;18;15;18;16;18;17;17;17;16;17;15;17;15;16;15;15;15;14;15;13;15;12;15;11;15;10
1;0;15;4;17;5;17;4;18;4;18;5;18;6;18;7;18;8;18;9;18;10;18;11;18;12;18;13;18;14;18;15;18;16;18;17;17;17;16;17;15;17;15;16;15;15;15;14;15;13;15;12;15;11;15;10;15;9
1;0;15;4;17;4;18;4;18;5;18;6;18;7;18;8;18;9;18;10;18;11;18;12;18;13;18;14;18;15;18;16;18;17;17;17;16;17;15;17;15;16;15;15;15;14;15;13;15;12;15;11;15;10;15;9;15;8
1;0;15;4;18;4;18;5;18;6;18;7;18;8;18;9;18;10;18;11;18;12;18;13;18;14;18;15;18;16;18;17;17;17;16;17;15;17;15;16;15;15;15;14;15;13;15;12;15;11;15;10;15;9;15;8;15;7
1;0;15;4;18;5;18;6;18;7;18;8;18;9;18;10;18;11;18;12;18;13;18;14;18;15;18;16;18;17;17;17;16;17;15;17;15;16;15;15;15;14;15;13;15;12;15;11;15;10;15;9;15;8;15;7;15;6
1;0;15;4;18;6;18;7;18;8;18;9;18;10;18;11;18;12;18;13;18;14;18;15;18;16;18;17;17;17;16;17;15;17;15;16;15;15;15;14;15;13;15;12;15;11;15;10;15;9;15;8;15;7;15;6;15;5
1;0;6;16;18;7;18;7;18;8;18;9;18;10;18;11;18;12;18;13;18;14;18;15;18;16;18;17;17;17;16;17;15;17;15;16;15;15;15;14;15;13;15;12;15;11;15;10;15;9;15;8;15;7;15;6;15;5;15;4
1;3;6;16;18;7;18;8;18;9;18;10;18;11;18;12;18;13;18;14;18;15;18;16;18;17;17;17;16;17;15;17;15;16;15;15;15;14;15;13;15;12;15;11;15;10;15;9;15;8;15;7;15;6;15;5;15;4;14;4
1;3;6;16;18;8;18;9;18;10;18;11;18;12;18;13;18;14;18;15;18;16;18;17;17;17;16;17;15;17;15;16;15;15;15;14;15;13;15;12;15;11;15;10;15;9;15;8;15;7;15;6;15;5;15;4;14;4;13;4
1;3;6;16;18;9;18;10;18;11;18;12;18;13;18;14;18;15;18;16;18;17;17;17;16;17;15;17;15;16;15;15;15;14;15;13;15;12;15;11;15;10;15;9;15;8;15;7;15;6;15;5;15;4;14;4;13;4;12;4
1;3;6;16;18;10;18;11;18;12;18;13;18;14;18;15;18;16;18;17;17;17;16;17;15;17;15;16;15;15;15;14;15;13;15;12;15;11;15;10;15;9;15;8;15;7;15;6;15;5;15;4;14;4;13;4;12;4;11;4
1;3;6;16;18;11;18;12;18;13;18;14;18;15;18;16;18;17;17;17;16;17;15;17;15;16;15;15;15;14;15;13;15;12;15;11;15;10;15;9;15;8;15;7;15;6;15;5;15;4;14;4;13;4;12;4;11;4;10;4
1;3;6;16;18;12;18;13;18;14;18;15;18;16;18;17;17;17;16;17;15;17;15;16;15;15;15;14;15;13;15;12;15;11;15;10;15;9;15;8;15;7;15;6;15;5;15;4;14;4;13;4;12;4;11;4;10;4;9;4
1;3;6;16;18;13;18;14;18;15;18;16;18;17;17;17;16;17;15;17;15;16;15;15;15;14;15;13;15;12;15;11;15;10;15;9;15;8;15;7;15;6;15;5;15;4;14;4;13;4;12;4;11;4;10;4;9;4;8;4
1;3;6;16;18;14;18;15;18;16;18;17;17;17;16;17;15;17;15;16;15;15;15;14;15;13;15;12;15;11;15;10;15;9;15;8;15;7;15;6;15;5;15;4;14;4;13;4;12;4;11;4;10;4;9;4;8;4;7;4
1;3;6;16;18;15;18;16;18;17;17;17;16;17;15;17;15;16;15;15;15;14;15;13;15;12;15;11;15;10;15;9;15;8;15;7;15;6;15;5;15;4;14;4;13;4;12;4;11;4;10;4;9;4;8;4;7;4;6;4
1;2;6;16;18;16;18;17;17;17;16;17;15;17;15;16;15;15;15;14;15;13;15;12;15;11;15;10;15;9;15;8;15;7;15;6;15;5;15;4;14;4;13;4;12;4;11;4;10;4;9;4;8;4;7;4;6;4;6;5
1;2;6;16;18;17;17;17;16;17;15;17;15;16;15;15;15;14;15;13;15;12;15;11;15;10;15;9;15;8;15;7;15;6;15;5;15;4;14;4;13;4;12;4;11;4;10;4;9;4;8;4;7;4;6;4;6;5;6;6
1;2;6;16;17;17;16;17;15;17;15;16;15;15;15;14;15;13;15;12;15;11;15;10;15;9;15;8;15;7;15;6;15;5;15;4;14;4;13;4;12;4;11;4;10;4;9;4;8;4;7;4;6;4;6;5;6;6;6;7
1;2;6;16;16;17;15;17;15;16;15;15;15;14;15;13;15;12;15;11;15;10;15;9;15;8;15;7;15;6;15;5;15;4;14;4;13;4;12;4;11;4;10;4;9;4;8;4;7;4;6;4;6;5;6;6;6;7;6;8
1;2;6;16;15;17;15;16;15;15;15;14;15;13;15;12;15;11;15;10;15;9;15;8;15;7;15;6;15;5;15;4;14;4;13;4;12;4;11;4;10;4;9;4;8;4;7;4;6;4;6;5;6;6;6;7;6;8;6;9
1;2;6;16;15;16;15;15;15;14;15;13;15;12;15;11;15;10;15;9;15;8;15;7;15;6;15;5;15;4;14;4;13;4;12;4;11;4;10;4;9;4;8;4;7;4;6;4;6;5;6;6;6;7;6;8;6;9;6;10
1;2;6;16;15;15;15;14;15;13;15;12;15;11;15;10;15;9;15;8;15;7;15;6;15;5;15;4;14;4;13;4;12;4;11;4;10;4;9;4;8;4;7;4;6;4;6;5;6;6;6;7;6;8;6;9;6;10;6;11
1;2;6;16;15;14;15;13;15;12;15;11;15;10;15;9;15;8;15;7;15;6;15;5;15;4;14;4;13;4;12;4;11;4;10;4;9;4;8;4;7;4;6;4;6;5;6;6;6;7;6;8;6;9;6;10;6;11;6;12
1;2;6;16;15;13;15;12;15;11;15;10;15;9;15;8;15;7;15;6;15;5;15;4;14;4;13;4;12;4;11;4;10;4;9;4;8;4;7;4;6;4;6;5;6;6;6;7;6;8;6;9;6;10;6;11;6;12;6;13
1;2;6;16;15;12;15;11;15;10;15;9;15;8;15;7;15;6;15;5;15;4;14;4;13;4;12;4;11;4;10;4;9;4;8;4;7;4;6;4;6;5;6;6;6;7;6;8;6;9;6;10;6;11;6;12;6;13;6;14
1;2;6;16;15;11;15;10;15;9;15;8;15;7;15;6;15;5;15;4;14;4;13;4;12;4;11;4;10;4;9;4;8;4;7;4;6;4;6;5;6;6;6;7;6;8;6;9;6;10;6;11;6;12;6;13;6;14;6;15
1;2;7;10;15;10;15;10;15;9;15;8;15;7;15;6;15;5;15;4;14;4;13;4;12;4;11;4;10;4;9;4;8;4;7;4;6;4;6;5;6;6;6;7;6;8;6;9;6;10;6;11;6;12;6;13;6;14;6;15;6;16
1;1;7;10;15;10;15;9;15;8;15;7;15;6;15;5;15;4;14;4;13;4;12;4;11;4;10;4;9;4;8;4;7;4;6;4;6;5;6;6;6;7;6;8;6;9;6;10;6;11;6;12;6;13;6;14;6;15;6;16;7;16
1;0;7;10;15;9;15;8;15;7;15;6;15;5;15;4;14;4;13;4;12;4;11;4;10;4;9;4;8;4;7;4;6;4;6;5;6;6;6;7;6;8;6;9;6;10;6;11;6;12;6;13;6;14;6;15;6;16;7;16;7;15
1;0;7;10;15;8;15;7;15;6;15;5;15;4;14;4;13;4;12;4;11;4;10;4;9;4;8;4;7;4;6;4;6;5;6;6;6;7;6;8;6;9;6;10;6;11;6;12;6;13;6;14;6;15;6;16;7;16;7;15;7;14
1;0;7;10;15;7;15;6;15;5;15;4;14;4;13;4;12;4;11;4;10;4;9;4;8;4;7;4;6;4;6;5;6;6;6;7;6;8;6;9;6;10;6;11;6;12;6;13;6;14;6;15;6;16;7;16;7;15;7;14;7;13
1;0;7;10;15;6;15;5;15;4;14;4;13;4;12;4;11;4;10;4;9;4;8;4;7;4;6;4;6;5;6;6;6;7;6;8;6;9;6;10;6;11;6;12;6;13;6;14;6;15;6;16;7;16;7;15;7;14;7;13;7;12
1;0;7;10;15;5;15;4;14;4;13;4;12;4;11;4;10;4;9;4;8;4;7;4;6;4;6;5;6;6;6;7;6;8;6;9;6;10;6;11;6;12;6;13;6;14;6;15;6;16;7;16;7;15;7;14;7;13;7;12;7;11
1;0;10;2;15;4;15;4;14;4;13;4;12;4;11;4;10;4;9;4;8;4;7;4;6;4;6;5;6;6;6;7;6;8;6;9;6;10;6;11;6;12;6;13;6;14;6;15;6;16;7;16;7;15;7;14;7;13;7;12;7;11;7;10
1;1;10;2;15;4;14;4;13;4;12;4;11;4;10;4;9;4;8;4;7;4;6;4;6;5;6;6;6;7;6;8;6;9;6;10;6;11;6;12;6;13;6;14;6;15;6;16;7;16;7;15;7;14;7;13;7;12;7;11;7;10;8;10
1;1;10;2;14;4;13;4;12;4;11;4;10;4;9;4;8;4;7;4;6;4;6;5;6;6;6;7;6;8;6;9;6;10;6;11;6;12;6;13;6;14;6;15;6;16;7;16;7;15;7;14;7;13;7;12;7;11;7;10;8;10;9;10
1;1;10;2;13;4;12;4;11;4;10;4;9;4;8;4;7;4;6;4;6;5;6;6;6;7;6;8;6;9;6;10;6;11;6;12;6;13;6;14;6;15;6;16;7;16;7;15;7;14;7;13;7;12;7;11;7;10;8;10;9;10;10;10
1;0;10;2;12;4;11;4;10;4;9;4;8;4;7;4;6;4;6;5;6;6;6;7;6;8;6;9;6;10;6;11;6;12;6;13;6;14;6;15;6;16;7;16;7;15;7;14;7;13;7;12;7;11;7;10;8;10;9;10;10;10;10;9
1;0;10;2;11;4;10;4;9;4;8;4;7;4;6;4;6;5;6;6;6;7;6;8;6;9;6;10;6;11;6;12;6;13;6;14;6;15;6;16;7;16;7;15;7;14;7;13;7;12;7;11;7;10;8;10;9;10;10;10;10;9;10;8
1;0;10;2;10;4;9;4;8;4;7;4;6;4;6;5;6;6;6;7;6;8;6;9;6;10;6;11;6;12;6;13;6;14;6;15;6;16;7;16;7;15;7;14;7;13;7;12;7;11;7;10;8;10;9;10;10;10;10;9;10;8;10;7
1;0;10;2;9;4;8;4;7;4;6;4;6;5;6;6;6;7;6;8;6;9;6;10;6;11;6;12;6;13;6;14;6;15;6;16;7;16;7;15;7;14;7;13;7;12;7;11;7;10;8;10;9;10;10;10;10;9;10;8;10;7;10;6
1;0;10;2;8;4;7;4;6;4;6;5;6;6;6;7;6;8;6;9;6;10;6;11;6;12;6;13;6;14;6;15;6;16;7;16;7;15;7;14;7;13;7;12;7;11;7;10;8;10;9;10;10;10;10;9;10;8;10;7;10;6;10;5
1;0;10;2;7;4;6;4;6;5;6;6;6;7;6;8;6;9;6;10;6;11;6;12;6;13;6;14;6;15;6;16;7;16;7;15;7;14;7;13;7;12;7;11;7;10;8;10;9;10;10;10;10;9;10;8;10;7;10;6;10;5;10;4
1;0;10;2;6;4;6;5;6;6;6;7;6;8;6;9;6;10;6;11;6;12;6;13;6;14;6;15;6;16;7;16;7;15;7;14;7;13;7;12;7;11;7;10;8;10;9;10;10;10;10;9;10;8;10;7;10;6;10;5;10;4;10;3
1;0;14;13;6;5;6;5;6;6;6;7;6;8;6;9;6;10;6;11;6;12;6;13;6;14;6;15;6;16;7;16;7;15;7;14;7;13;7;12;7;11;7;10;8;10;9;10;10;10;10;9;10;8;10;7;10;6;10;5;10;4;10;3;10;2
1;1;14;13;6;5;6;6;6;7;6;8;6;9;6;10;6;11;6;12;6;13;6;14;6;15;6;16;7;16;7;15;7;14;7;13;7;12;7;11;7;10;8;10;9;10;10;10;10;9;10;8;10;7;10;6;10;5;10;4;10;3;10;2;11;2
1;2;14;13;6;6;6;7;6;8;6;9;6;10;6;11;6;12;6;13;6;14;6;15;6;16;7;16;7;15;7;14;7;13;7;12;7;11;7;10;8;10;9;10;10;10;10;9;10;8;10;7;10;6;10;5;10;4;10;3;10;2;11;2;11;3
1;2;14;13;6;7;6;8;6;9;6;10;6;11;6;12;6;13;6;14;6;15;6;16;7;16;7;15;7;14;7;13;7;12;7;11;7;10;8;10;9;10;10;10;10;9;10;8;10;7;10;6;10;5;10;4;10;3;10;2;11;2;11;3;11;4
1;2;14;13;6;8;6;9;6;10;6;11;6;12;6;13;6;14;6;15;6;16;7;16;7;15;7;14;7;13;7;12;7;11;7;10;8;10;9;10;10;10;10;9;10;8;10;7;10;6;10;5;10;4;10;3;10;2;11;2;11;3;11;4;11;5
1;2;14;13;6;9;6;10;6;11;6;12;6;13;6;14;6;15;6;16;7;16;7;15;7;14;7;13;7;12;7;11;7;10;8;10;9;10;10;10;10;9;10;8;10;7;10;6;10;5;10;4;10;3;10;2;11;2;11;3;11;4;11;5;11;6
1;2;14;13;6;10;6;11;6;12;6;13;6;14;6;15;6;16;7;16;7;15;7;14;7;13;7;12;7;11;7;10;8;10;9;10;10;10;10;9;10;8;10;7;10;6;10;5;10;4;10;3;10;2;11;2;11;3;11;4;11;5;11;6;11;7
1;2;14;13;6;11;6;12;6;13;6;14;6;15;6;16;7;16;7;15;7;14;7;13;7;12;7;11;7;10;8;10;9;10;10;10;10;9;10;8;10;7;10;6;10;5;10;4;10;3;10;2;11;2;11;3;11;4;11;5;11;6;11;7;11;8
1;2;14;13;6;12;6;13;6;14;6;15;6;16;7;16;7;15;7;14;7;13;7;12;7;11;7;10;8;10;9;10;10;10;10;9;10;8;10;7;10;6;10;5;10;4;10;3;10;2;11;2;11;3;11;4;11;5;11;6;11;7;11;8;11;9
1;2;14;13;6;13;6;14;6;15;6;16;7;16;7;15;7;14;7;13;7;12;7;11;7;10;8;10;9;10;10;10;10;9;10;8;10;7;10;6;10;5;10;4;10;3;10;2;11;2;11;3;11;4;11;5;11;6;11;7;11;8;11;9;11;10
1;2;14;13;6;14;6;15;6;16;7;16;7;15;7;14;7;13;7;12;7;11;7;10;8;10;9;10;10;10;10;9;10;8;10;7;10;6;10;5;10;4;10;3;10;2;11;2;11;3;11;4;11;5;11;6;11;7;11;8;11;9;11;10;11;11
1;2;14;13;6;15;6;16;7;16;7;15;7;14;7;13;7;12;7;11;7;10;8;10;9;10;10;10;10;9;10;8;10;7;10;6;10;5;10;4;10;3;10;2;11;2;11;3;11;4;11;5;11;6;11;7;11;8;11;9;11;10;11;11;11;12
1;2;14;13;6;16;7;16;7;15;7;14;7;13;7;12;7;11;7;10;8;10;9;10;10;10;10;9;10;8;10;7;10;6;10;5;10;4;10;3;10;2;11;2;11;3;11;4;11;5;11;6;11;7;11;8;11;9;11;10;11;11;11;12;11;13
1;1;14;13;7;16;7;15;7;14;7;13;7;12;7;11;7;10;8;10;9;10;10;10;10;9;10;8;10;7;10;6;10;5;10;4;10;3;10;2;11;2;11;3;11;4;11;5;11;6;11;7;11;8;11;9;11;10;11;11;11;12;11;13;12;13
1;1;14;13;7;15;7;14;7;13;7;12;7;11;7;10;8;10;9;10;10;10;10;9;10;8;10;7;10;6;10;5;10;4;10;3;10;2;11;2;11;3;11;4;11;5;11;6;11;7;11;8;11;9;11;10;11;11;11;12;11;13;12;13;13;13
1;1;16;4;7;14;7;14;7;13;7;12;7;11;7;10;8;10;9;10;10;10;10;9;10;8;10;7;10;6;10;5;10;4;10;3;10;2;11;2;11;3;11;4;11;5;11;6;11;7;11;8;11;9;11;10;11;11;11;12;11;13;12;13;13;13;14;13
1;1;16;4;7;14;7;13;7;12;7;11;7;10;8;10;9;10;10;10;10;9;10;8;10;7;10;6;10;5;10;4;10;3;10;2;11;2;11;3;11;4;11;5;11;6;11;7;11;8;11;9;11;10;11;11;11;12;11;13;12;13;13;13;14;13;15;13
1;1;16;4;7;13;7;12;7;11;7;10;8;10;9;10;10;10;10;9;10;8;10;7;10;6;10;5;10;4;10;3;10;2;11;2;11;3;11;4;11;5;11;6;11;7;11;8;11;9;11;10;11;11;11;12;11;13;12;13;13;13;14;13;15;13;16;13
1;0;16;4;7;12;7;11;7;10;8;10;9;10;10;10;10;9;10;8;10;7;10;6;10;5;10;4;10;3;10;2;11;2;11;3;11;4;11;5;11;6;11;7;11;8;11;9;11;10;11;11;11;12;11;13;12;13;13;13;14;13;15;13;16;13;16;12
1;0;16;4;7;11;7;10;8;10;9;10;10;10;10;9;10;8;10;7;10;6;10;5;10;4;10;3;10;2;11;2;11;3;11;4;11;5;11;6;11;7;11;8;11;9;11;10;11;11;11;12;11;13;12;13;13;13;14;13;15;13;16;13;16;12;16;11
1;0;16;4;7;10;8;10;9;10;10;10;10;9;10;8;10;7;10;6;10;5;10;4;10;3;10;2;11;2;11;3;11;4;11;5;11;6;11;7;11;8;11;9;11;10;11;11;11;12;11;13;12;13;13;13;14;13;15;13;16;13;16;12;16;11;16;10
1;0;16;4;8;10;9;10;10;10;10;9;10;8;10;7;10;6;10;5;10;4;10;3;10;2;11;2;11;3;11;4;11;5;11;6;11;7;11;8;11;9;11;10;11;11;11;12;11;13;12;13;13;13;14;13;15;13;16;13;16;12;16;11;16;10;16;9
1;0;16;4;9;10;10;10;10;9;10;8;10;7;10;6;10;5;10;4;10;3;10;2;11;2;11;3;11;4;11;5;11;6;11;7;11;8;11;9;11;10;11;11;11;12;11;13;12;13;13;13;14;13;15;13;16;13;16;12;16;11;16;10;16;9;16;8
1;0;16;4;10;10;10;9;10;8;10;7;10;6;10;5;10;4;10;3;10;2;11;2;11;3;11;4;11;5;11;6;11;7;11;8;11;9;11;10;11;11;11;12;11;13;12;13;13;13;14;13;15;13;16;13;16;12;16;11;16;10;16;9;16;8;16;7
1;0;16;4;10;9;10;8;10;7;10;6;10;5;10;4;10;3;10;2;11;2;11;3;11;4;11;5;11;6;11;7;11;8;11;9;11;10;11;11;11;12;11;13;12;13;13;13;14;13;15;13;16;13;16;12;16;11;16;10;16;9;16;8;16;7;16;6
1;0;16;4;10;8;10;7;10;6;10;5;10;4;10;3;10;2;11;2;11;3;11;4;11;5;11;6;11;7;11;8;11;9;11;10;11;11;11;12;11;13;12;13;13;13;14;13;15;13;16;13;16;12;16;11;16;10;16;9;16;8;16;7;16;6;16;5
1;0;12;4;10;7;10;7;10;6;10;5;10;4;10;3;10;2;11;2;11;3;11;4;11;5;11;6;11;7;11;8;11;9;11;10;11;11;11;12;11;13;12;13;13;13;14;13;15;13;16;13;16;12;16;11;16;10;16;9;16;8;16;7;16;6;16;5;16;4
1;3;12;4;10;7;10;6;10;5;10;4;10;3;10;2;11;2;11;3;11;4;11;5;11;6;11;7;11;8;11;9;11;10;11;11;11;12;11;13;12;13;13;13;14;13;15;13;16;13;16;12;16;11;16;10;16;9;16;8;16;7;16;6;16;5;16;4;15;4
1;3;12;4;10;6;10;5;10;4;10;3;10;2;11;2;11;3;11;4;11;5;11;6;11;7;11;8;11;9;11;10;11;11;11;12;11;13;12;13;13;13;14;13;15;13;16;13;16;12;16;11;16;10;16;9;16;8;16;7;16;6;16;5;16;4;15;4;14;4
1;3;12;4;10;5;10;4;10;3;10;2;11;2;11;3;11;4;11;5;11;6;11;7;11;8;11;9;11;10;11;11;11;12;11;13;12;13;13;13;14;13;15;13;16;13;16;12;16;11;16;10;16;9;16;8;16;7;16;6;16;5;16;4;15;4;14;4;13;4
1;3;6;17;10;4;10;4;10;3;10;2;11;2;11;3;11;4;11;5;11;6;11;7;11;8;11;9;11;10;11;11;11;12;11;13;12;13;13;13;14;13;15;13;16;13;16;12;16;11;16;10;16;9;16;8;16;7;16;6;16;5;16;4;15;4;14;4;13;4;12;4
1;2;6;17;10;4;10;3;10;2;11;2;11;3;11;4;11;5;11;6;11;7;11;8;11;9;11;10;11;11;11;12;11;13;12;13;13;13;14;13;15;13;16;13;16;12;16;11;16;10;16;9;16;8;16;7;16;6;16;5;16;4;15;4;14;4;13;4;12;4;12;5
1;2;6;17;10;3;10;2;11;2;11;3;11;4;11;5;11;6;11;7;11;8;11;9;11;10;11;11;11;12;11;13;12;13;13;13;14;13;15;13;16;13;16;12;16;11;16;10;16;9;16;8;16;7;16;6;16;5;16;4;15;4;14;4;13;4;12;4;12;5;12;6
1;2;6;17;10;2;11;2;11;3;11;4;11;5;11;6;11;7;11;8;11;9;11;10;11;11;11;12;11;13;12;13;13;13;14;13;15;13;16;13;16;12;16;11;16;10;16;9;16;8;16;7;16;6;16;5;16;4;15;4;14;4;13;4;12;4;12;5;12;6;12;7
1;2;6;17;11;2;11;3;11;4;11;5;11;6;11;7;11;8;11;9;11;10;11;11;11;12;11;13;12;13;13;13;14;13;15;13;16;13;16;12;16;11;16;10;16;9;16;8;16;7;16;6;16;5;16;4;15;4;14;4;13;4;12;4;12;5;12;6;12;7;12;8
1;2;6;17;11;3;11;4;11;5;11;6;11;7;11;8;11;9;11;10;11;11;11;12;11;13;12;13;13;13;14;13;15;13;16;13;16;12;16;11;16;10;16;9;16;8;16;7;16;6;16;5;16;4;15;4;14;4;13;4;12;4;12;5;12;6;12;7;12;8;12;9
1;2;6;17;11;4;11;5;11;6;11;7;11;8;11;9;11;10;11;11;11;12;11;13;12;13;13;13;14;13;15;13;16;13;16;12;16;11;16;10;16;9;16;8;16;7;16;6;16;5;16;4;15;4;14;4;13;4;12;4;12;5;12;6;12;7;12;8;12;9;12;10
1;2;6;17;11;5;11;6;11;7;11;8;11;9;11;10;11;11;11;12;11;13;12;13;13;13;14;13;15;13;16;13;16;12;16;11;16;10;16;9;16;8;16;7;16;6;16;5;16;4;15;4;14;4;13;4;12;4;12;5;12;6;12;7;12;8;12;9;12;10;12;11
1;1;6;17;11;6;11;7;11;8;11;9;11;10;11;11;11;12;11;13;12;13;13;13;14;13;15;13;16;13;16;12;16;11;16;10;16;9;16;8;16;7;16;6;16;5;16;4;15;4;14;4;13;4;12;4;12;5;12;6;12;7;12;8;12;9;12;10;12;11;13;11
1;0;6;17;11;7;11;8;11;9;11;10;11;11;11;12;11;13;12;13;13;13;14;13;15;13;16;13;16;12;16;11;16;10;16;9;16;8;16;7;16;6;16;5;16;4;15;4;14;4;13;4;12;4;12;5;12;6;12;7;12;8;12;9;12;10;12;11;13;11;13;10
1;1;6;17;11;8;11;9;11;10;11;11;11;12;11;13;12;13;13;13;14;13;15;13;16;13;16;12;16;11;16;10;16;9;16;8;16;7;16;6;16;5;16;4;15;4;14;4;13;4;12;4;12;5;12;6;12;7;12;8;12;9;12;10;12;11;13;11;13;10;14;10
1;2;6;17;11;9;11;10;11;11;11;12;11;13;12;13;13;13;14;13;15;13;16;13;16;12;16;11;16;10;16;9;16;8;16;7;16;6;16;5;16;4;15;4;14;4;13;4;12;4;12;5;12;6;12;7;12;8;12;9;12;10;12;11;13;11;13;10;14;10;14;11
1;2;6;17;11;10;11;11;11;12;11;13;12;13;13;13;14;13;15;13;16;13;16;12;16;11;16;10;16;9;16;8;16;7;16;6;16;5;16;4;15;4;14;4;13;4;12;4;12;5;12;6;12;7;12;8;12;9;12;10;12;11;13;11;13;10;14;10;14;11;14;12
1;3;6;17;11;11;11;12;11;13;12;13;13;13;14;13;15;13;16;13;16;12;16;11;16;10;16;9;16;8;16;7;16;6;16;5;16;4;15;4;14;4;13;4;12;4;12;5;12;6;12;7;12;8;12;9;12;10;12;11;13;11;13;10;14;10;14;11;14;12;13;12
1;3;6;17;11;12;11;13;12;13;13;13;14;13;15;13;16;13;16;12;16;11;16;10;16;9;16;8;16;7;16;6;16;5;16;4;15;4;14;4;13;4;12;4;12;5;12;6;12;7;12;8;12;9;12;10;12;11;13;11;13;10;14;10;14;11;14;12;13;12;12;12
1;3;6;17;11;13;12;13;13;13;14;13;15;13;16;13;16;12;16;11;16;10;16;9;16;8;16;7;16;6;16;5;16;4;15;4;14;4;13;4;12;4;12;5;12;6;12;7;12;8;12;9;12;10;12;11;13;11;13;10;14;10;14;11;14;12;13;12;12;12;11;12
1;3;6;17;12;13;13;13;14;13;15;13;16;13;16;12;16;11;16;10;16;9;16;8;16;7;16;6;16;5;16;4;15;4;14;4;13;4;12;4;12;5;12;6;12;7;12;8;12;9;12;10;12;11;13;11;13;10;14;10;14;11;14;12;13;12;12;12;11;12;10;12
1;3;6;17;13;13;14;13;15;13;16;13;16;12;16;11;16;10;16;9;16;8;16;7;16;6;16;5;16;4;15;4;14;4;13;4;12;4;12;5;12;6;12;7;12;8;12;9;12;10;12;11;13;11;13;10;14;10;14;11;14;12;13;12;12;12;11;12;10;12;9;12
1;3;6;17;14;13;15;13;16;13;16;12;16;11;16;10;16;9;16;8;16;7;16;6;16;5;16;4;15;4;14;4;13;4;12;4;12;5;12;6;12;7;12;8;12;9;12;10;12;11;13;11;13;10;14;10;14;11;14;12;13;12;12;12;11;12;10;12;9;12;8;12
1;3;6;17;15;13;16;13;16;12;16;11;16;10;16;9;16;8;16;7;16;6;16;5;16;4;15;4;14;4;13;4;12;4;12;5;12;6;12;7;12;8;12;9;12;10;12;11;13;11;13;10;14;10;14;11;14;12;13;12;12;12;11;12;10;12;9;12;8;12;7;12
1;3;6;17;16;13;16;12;16;11;16;10;16;9;16;8;16;7;16;6;16;5;16;4;15;4;14;4;13;4;12;4;12;5;12;6;12;7;12;8;12;9;12;10;12;11;13;11;13;10;14;10;14;11;14;12;13;12;12;12;11;12;10;12;9;12;8;12;7;12;6;12
1;2;6;17;16;12;16;11;16;10;16;9;16;8;16;7;16;6;16;5;16;4;15;4;14;4;13;4;12;4;12;5;12;6;12;7;12;8;12;9;12;10;12;11;13;11;13;10;14;10;14;11;14;12;13;12;12;12;11;12;10;12;9;12;8;12;7;12;6;12;6;13
1;2;6;17;16;11;16;10;16;9;16;8;16;7;16;6;16;5;16;4;15;4;14;4;13;4;12;4;12;5;12;6;12;7;12;8;12;9;12;10;12;11;13;11;13;10;14;10;14;11;14;12;13;12;12;12;11;12;10;12;9;12;8;12;7;12;6;12;6;13;6;14
1;2;6;17;16;10;16;9;16;8;16;7;16;6;16;5;16;4;15;4;14;4;13;4;12;4;12;5;12;6;12;7;12;8;12;9;12;10;12;11;13;11;13;10;14;10;14;11;14;12;13;12;12;12;11;12;10;12;9;12;8;12;7;12;6;12;6;13;6;14;6;15
1;2;6;17;16;9;16;8;16;7;16;6;16;5;16;4;15;4;14;4;13;4;12;4;12;5;12;6;12;7;12;8;12;9;12;10;12;11;13;11;13;10;14;10;14;11;14;12;13;12;12;12;11;12;10;12;9;12;8;12;7;12;6;12;6;13;6;14;6;15;6;16
1;2;3;11;16;8;16;8;16;7;16;6;16;5;16;4;15;4;14;4;13;4;12;4;12;5;12;6;12;7;12;8;12;9;12;10;12;11;13;11;13;10;14;10;14;11;14;12;13;12;12;12;11;12;10;12;9;12;8;12;7;12;6;12;6;13;6;14;6;15;6;16;6;17
1;3;3;11;16;8;16;7;16;6;16;5;16;4;15;4;14;4;13;4;12;4;12;5;12;6;12;7;12;8;12;9;12;10;12;11;13;11;13;10;14;10;14;11;14;12;13;12;12;12;11;12;10;12;9;12;8;12;7;12;6;12;6;13;6;14;6;15;6;16;6;17;5;17
1;0;3;11;16;7;16;6;16;5;16;4;15;4;14;4;13;4;12;4;12;5;12;6;12;7;12;8;12;9;12;10;12;11;13;11;13;10;14;10;14;11;14;12;13;12;12;12;11;12;10;12;9;12;8;12;7;12;6;12;6;13;6;14;6;15;6;16;6;17;5;17;5;16
1;0;3;11;16;6;16;5;16;4;15;4;14;4;13;4;12;4;12;5;12;6;12;7;12;8;12;9;12;10;12;11;13;11;13;10;14;10;14;11;14;12;13;12;12;12;11;12;10;12;9;12;8;12;7;12;6;12;6;13;6;14;6;15;6;16;6;17;5;17;5;16;5;15
1;0;3;11;16;5;16;4;15;4;14;4;13;4;12;4;12;5;12;6;12;7;12;8;12;9;12;10;12;11;13;11;13;10;14;10;14;11;14;12;13;12;12;12;11;12;10;12;9;12;8;12;7;12;6;12;6;13;6;14;6;15;6;16;6;17;5;17;5;16;5;15;5;14
1;0;3;11;16;4;15;4;14;4;13;4;12;4;12;5;12;6;12;7;12;8;12;9;12;10;12;11;13;11;13;10;14;10;14;11;14;12;13;12;12;12;11;12;10;12;9;12;8;12;7;12;6;12;6;13;6;14;6;15;6;16;6;17;5;17;5;16;5;15;5;14;5;13
1;0;3;11;15;4;14;4;13;4;12;4;12;5;12;6;12;7;12;8;12;9;12;10;12;11;13;11;13;10;14;10;14;11;14;12;13;12;12;12;11;12;10;12;9;12;8;12;7;12;6;12;6;13;6;14;6;15;6;16;6;17;5;17;5;16;5;15;5;14;5;13;5;12
1;0;3;11;14;4;13;4;12;4;12;5;12;6;12;7;12;8;12;9;12;10;12;11;13;11;13;10;14;10;14;11;14;12;13;12;12;12;11;12;10;12;9;12;8;12;7;12;6;12;6;13;6;14;6;15;6;16;6;17;5;17;5;16;5;15;5;14;5;13;5;12;5;11
1;3;3;11;13;4;12;4;12;5;12;6;12;7;12;8;12;9;12;10;12;11;13;11;13;10;14;10;14;11;14;12;13;12;12;12;11;12;10;12;9;12;8;12;7;12;6;12;6;13;6;14;6;15;6;16;6;17;5;17;5;16;5;15;5;14;5;13;5;12;5;11;4;11
1;3;1;17;12;4;12;4;12;5;12;6;12;7;12;8;12;9;12;10;12;11;13;11;13;10;14;10;14;11;14;12;13;12;12;12;11;12;10;12;9;12;8;12;7;12;6;12;6;13;6;14;6;15;6;16;6;17;5;17;5;16;5;15;5;14;5;13;5;12;5;11;4;11;3;11
1;3;1;17;12;4;12;5;12;6;12;7;12;8;12;9;12;10;12;11;13;11;13;10;14;10;14;11;14;12;13;12;12;12;11;12;10;12;9;12;8;12;7;12;6;12;6;13;6;14;6;15;6;16;6;17;5;17;5;16;5;15;5;14;5;13;5;12;5;11;4;11;3;11;2;11
1;3;1;17;12;5;12;6;12;7;12;8;12;9;12;10;12;11;13;11;13;10;14;10;14;11;14;12;13;12;12;12;11;12;10;12;9;12;8;12;7;12;6;12;6;13;6;14;6;15;6;16;6;17;5;17;5;16;5;15;5;14;5;13;5;12;5;11;4;11;3;11;2;11;1;11
1;2;1;17;12;6;12;7;12;8;12;9;12;10;12;11;13;11;13;10;14;10;14;11;14;12;13;12;12;12;11;12;10;12;9;12;8;12;7;12;6;12;6;13;6;14;6;15;6;16;6;17;5;17;5;16;5;15;5;14;5;13;5;12;5;11;4;11;3;11;2;11;1;11;1;12
1;2;1;17;12;7;12;8;12;9;12;10;12;11;13;11;13;10;14;10;14;11;14;12;13;12;12;12;11;12;10;12;9;12;8;12;7;12;6;12;6;13;6;14;6;15;6;16;6;17;5;17;5;16;5;15;5;14;5;13;5;12;5;11;4;11;3;11;2;11;1;11;1;12;1;13
1;2;1;17;12;8;12;9;12;10;12;11;13;11;13;10;14;10;14;11;14;12;13;12;12;12;11;12;10;12;9;12;8;12;7;12;6;12;6;13;6;14;6;15;6;16;6;17;5;17;5;16;5;15;5;14;5;13;5;12;5;11;4;11;3;11;2;11;1;11;1;12;1;13;1;14
1;2;1;17;12;9;12;10;12;11;13;11;13;10;14;10;14;11;14;12;13;12;12;12;11;12;10;12;9;12;8;12;7;12;6;12;6;13;6;14;6;15;6;16;6;17;5;17;5;16;5;15;5;14;5;13;5;12;5;11;4;11;3;11;2;11;1;11;1;12;1;13;1;14;1;15
1;2;1;17;12;10;12;11;13;11;13;10;14;10;14;11;14;12;13;12;12;12;11;12;10;12;9;12;8;12;7;12;6;12;6;13;6;14;6;15;6;16;6;17;5;17;5;16;5;15;5;14;5;13;5;12;5;11;4;11;3;11;2;11;1;11;1;12;1;13;1;14;1;15;1;16
1;2;11;7;12;11;12;11;13;11;13;10;14;10;14;11;14;12;13;12;12;12;11;12;10;12;9;12;8;12;7;12;6;12;6;13;6;14;6;15;6;16;6;17;5;17;5;16;5;15;5;14;5;13;5;12;5;11;4;11;3;11;2;11;1;11;1;12;1;13;1;14;1;15;1;16;1;17
1;3;11;7;12;11;13;11;13;10;14;10;14;11;14;12;13;12;12;12;11;12;10;12;9;12;8;12;7;12;6;12;6;13;6;14;6;15;6;16;6;17;5;17;5;16;5;15;5;14;5;13;5;12;5;11;4;11;3;11;2;11;1;11;1;12;1;13;1;14;1;15;1;16;1;17;0;17
1;0;11;7;13;11;13;10;14;10;14;11;14;12;13;12;12;12;11;12;10;12;9;12;8;12;7;12;6;12;6;13;6;14;6;15;6;16;6;17;5;17;5;16;5;15;5;14;5;13;5;12;5;11;4;11;3;11;2;11;1;11;1;12;1;13;1;14;1;15;1;16;1;17;0;17;0;16
1;0;11;7;13;10;14;10;14;11;14;12;13;12;12;12;11;12;10;12;9;12;8;12;7;12;6;12;6;13;6;14;6;15;6;16;6;17;5;17;5;16;5;15;5;14;5;13;5;12;5;11;4;11;3;11;2;11;1;11;1;12;1;13;1;14;1;15;1;16;1;17;0;17;0;16;0;15
1;0;11;7;14;10;14;11;14;12;13;12;12;12;11;12;10;12;9;12;8;12;7;12;6;12;6;13;6;14;6;15;6;16;6;17;5;17;5;16;5;15;5;14;5;13;5;12;5;11;4;11;3;11;2;11;1;11;1;12;1;13;1;14;1;15;1;16;1;17;0;17;0;16;0;15;0;14
1;0;11;7;14;11;14;12;13;12;12;12;11;12;10;12;9;12;8;12;7;12;6;12;6;13;6;14;6;15;6;16;6;17;5;17;5;16;5;15;5;14;5;13;5;12;5;11;4;11;3;11;2;11;1;11;1;12;1;13;1;14;1;15;1;16;1;17;0;17;0;16;0;15;0;14;0;13
1;0;11;7;14;12;13;12;12;12;11;12;10;12;9;12;8;12;7;12;6;12;6;13;6;14;6;15;6;16;6;17;5;17;5;16;5;15;5;14;5;13;5;12;5;11;4;11;3;11;2;11;1;11;1;12;1;13;1;14;1;15;1;16;1;17;0;17;0;16;0;15;0;14;0;13;0;12
1;0;11;7;13;12;12;12;11;12;10;12;9;12;8;12;7;12;6;12;6;13;6;14;6;15;6;16;6;17;5;17;5;16;5;15;5;14;5;13;5;12;5;11;4;11;3;11;2;11;1;11;1;12;1;13;1;14;1;15;1;16;1;17;0;17;0;16;0;15;0;14;0;13;0;12;0;11
1;0;11;7;12;12;11;12;10;12;9;12;8;12;7;12;6;12;6;13;6;14;6;15;6;16;6;17;5;17;5;16;5;15;5;14;5;13;5;12;5;11;4;11;3;11;2;11;1;11;1;12;1;13;1;14;1;15;1;16;1;17;0;17;0;16;0;15;0;14;0;13;0;12;0;11;0;10
1;1;11;7;11;12;10;12;9;12;8;12;7;12;6;12;6;13;6;14;6;15;6;16;6;17;5;17;5;16;5;15;5;14;5;13;5;12;5;11;4;11;3;11;2;11;1;11;1;12;1;13;1;14;1;15;1;16;1;17;0;17;0;16;0;15;0;14;0;13;0;12;0;11;0;10;1;10
1;1;11;7;10;12;9;12;8;12;7;12;6;12;6;13;6;14;6;15;6;16;6;17;5;17;5;16;5;15;5;14;5;13;5;12;5;11;4;11;3;11;2;11;1;11;1;12;1;13;1;14;1;15;1;16;1;17;0;17;0;16;0;15;0;14;0;13;0;12;0;11;0;10;1;10;2;10
1;1;11;7;9;12;8;12;7;12;6;12;6;13;6;14;6;15;6;16;6;17;5;17;5;16;5;15;5;14;5;13;5;12;5;11;4;11;3;11;2;11;1;11;1;12;1;13;1;14;1;15;1;16;1;17;0;17;0;16;0;15;0;14;0;13;0;12;0;11;0;10;1;10;2;10;3;10
1;1;11;7;8;12;7;12;6;12;6;13;6;14;6;15;6;16;6;17;5;17;5;16;5;15;5;14;5;13;5;12;5;11;4;11;3;11;2;11;1;11;1;12;1;13;1;14;1;15;1;16;1;17;0;17;0;16;0;15;0;14;0;13;0;12;0;11;0;10;1;10;2;10;3;10;4;10
1;1;11;7;7;12;6;12;6;13;6;14;6;15;6;16;6;17;5;17;5;16;5;15;5;14;5;13;5;12;5;11;4;11;3;11;2;11;1;11;1;12;1;13;1;14;1;15;1;16;1;17;0;17;0;16;0;15;0;14;0;13;0;12;0;11;0;10;1;10;2;10;3;10;4;10;5;10
1;1;11;7;6;12;6;13;6;14;6;15;6;16;6;17;5;17;5;16;5;15;5;14;5;13;5;12;5;11;4;11;3;11;2;11;1;11;1;12;1;13;1;14;1;15;1;16;1;17;0;17;0;16;0;15;0;14;0;13;0;12;0;11;0;10;1;10;2;10;3;10;4;10;5;10;6;10
1;1;11;7;6;13;6;14;6;15;6;16;6;17;5;17;5;16;5;15;5;14;5;13;5;12;5;11;4;11;3;11;2;11;1;11;1;12;1;13;1;14;1;15;1;16;1;17;0;17;0;16;0;15;0;14;0;13;0;12;0;11;0;10;1;10;2;10;3;10;4;10;5;10;6;10;7;10
1;1;11;7;6;14;6;15;6;16;6;17;5;17;5;16;5;15;5;14;5;13;5;12;5;11;4;11;3;11;2;11;1;11;1;12;1;13;1;14;1;15;1;16;1;17;0;17;0;16;0;15;0;14;0;13;0;12;0;11;0;10;1;10;2;10;3;10;4;10;5;10;6;10;7;10;8;10
1;1;11;7;6;15;6;16;6;17;5;17;5;16;5;15;5;14;5;13;5;12;5;11;4;11;3;11;2;11;1;11;1;12;1;13;1;14;1;15;1;16;1;17;0;17;0;16;0;15;0;14;0;13;0;12;0;11;0;10;1;10;2;10;3;10;4;10;5;10;6;10;7;10;8;10;9;10
1;1;11;7;6;16;6;17;5;17;5;16;5;15;5;14;5;13;5;12;5;11;4;11;3;11;2;11;1;11;1;12;1;13;1;14;1;15;1;16;1;17;0;17;0;16;0;15;0;14;0;13;0;12;0;11;0;10;1;10;2;10;3;10;4;10;5;10;6;10;7;10;8;10;9;10;10;10
1;1;11;7;6;17;5;17;5;16;5;15;5;14;5;13;5;12;5;11;4;11;3;11;2;11;1;11;1;12;1;13;1;14;1;15;1;16;1;17;0;17;0;16;0;15;0;14;0;13;0;12;0;11;0;10;1;10;2;10;3;10;4;10;5;10;6;10;7;10;8;10;9;10;10;10;11;10
1;0;11;7;5;17;5;16;5;15;5;14;5;13;5;12;5;11;4;11;3;11;2;11;1;11;1;12;1;13;1;14;1;15;1;16;1;17;0;17;0;16;0;15;0;14;0;13;0;12;0;11;0;10;1;10;2;10;3;10;4;10;5;10;6;10;7;10;8;10;9;10;10;10;11;10;11;9
1;0;11;7;5;16;5;15;5;14;5;13;5;12;5;11;4;11;3;11;2;11;1;11;1;12;1;13;1;14;1;15;1;16;1;17;0;17;0;16;0;15;0;14;0;13;0;12;0;11;0;10;1;10;2;10;3;10;4;10;5;10;6;10;7;10;8;10;9;10;10;10;11;10;11;9;11;8
1;0;5;1;5;15;5;15;5;14;5;13;5;12;5;11;4;11;3;11;2;11;1;11;1;12;1;13;1;14;1;15;1;16;1;17;0;17;0;16;0;15;0;14;0;13;0;12;0;11;0;10;1;10;2;10;3;10;4;10;5;10;6;10;7;10;8;10;9;10;10;10;11;10;11;9;11;8;11;7
1;3;5;1;5;15;5;14;5;13;5;12;5;11;4;11;3;11;2;11;1;11;1;12;1;13;1;14;1;15;1;16;1;17;0;17;0;16;0;15;0;14;0;13;0;12;0;11;0;10;1;10;2;10;3;10;4;10;5;10;6;10;7;10;8;10;9;10;10;10;11;10;11;9;11;8;11;7;10;7
1;3;5;1;5;14;5;13;5;12;5;11;4;11;3;11;2;11;1;11;1;12;1;13;1;14;1;15;1;16;1;17;0;17;0;16;0;15;0;14;0;13;0;12;0;11;0;10;1;10;2;10;3;10;4;10;5;10;6;10;7;10;8;10;9;10;10;10;11;10;11;9;11;8;11;7;10;7;9;7
1;3;5;1;5;13;5;12;5;11;4;11;3;11;2;11;1;11;1;12;1;13;1;14;1;15;1;16;1;17;0;17;0;16;0;15;0;14;0;13;0;12;0;11;0;10;1;10;2;10;3;10;4;10;5;10;6;10;7;10;8;10;9;10;10;10;11;10;11;9;11;8;11;7;10;7;9;7;8;7
1;3;5;1;5;12;5;11;4;11;3;11;2;11;1;11;1;12;1;13;1;14;1;15;1;16;1;17;0;17;0;16;0;15;0;14;0;13;0;12;0;11;0;10;1;10;2;10;3;10;4;10;5;10;6;10;7;10;8;10;9;10;10;10;11;10;11;9;11;8;11;7;10;7;9;7;8;7;7;7
1;3;5;1;5;11;4;11;3;11;2;11;1;11;1;12;1;13;1;14;1;15;1;16;1;17;0;17;0;16;0;15;0;14;0;13;0;12;0;11;0;10;1;10;2;10;3;10;4;10;5;10;6;10;7;10;8;10;9;10;10;10;11;10;11;9;11;8;11;7;10;7;9;7;8;7;7;7;6;7
1;3;5;1;4;11;3;11;2;11;1;11;1;12;1;13;1;14;1;15;1;16;1;17;0;17;0;16;0;15;0;14;0;13;0;12;0;11;0;10;1;10;2;10;3;10;4;10;5;10;6;10;7;10;8;10;9;10;10;10;11;10;11;9;11;8;11;7;10;7;9;7;8;7;7;7;6;7;5;7
1;0;5;1;3;11;2;11;1;11;1;12;1;13;1;14;1;15;1;16;1;17;0;17;0;16;0;15;0;14;0;13;0;12;0;11;0;10;1;10;2;10;3;10;4;10;5;10;6;10;7;10;8;10;9;10;10;10;11;10;11;9;11;8;11;7;10;7;9;7;8;7;7;7;6;7;5;7;5;6
1;0;5;1;2;11;1;11;1;12;1;13;1;14;1;15;1;16;1;17;0;17;0;16;0;15;0;14;0;13;0;12;0;11;0;10;1;10;2;10;3;10;4;10;5;10;6;10;7;10;8;10;9;10;10;10;11;10;11;9;11;8;11;7;10;7;9;7;8;7;7;7;6;7;5;7;5;6;5;5
1;0;5;1;1;11;1;12;1;13;1;14;1;15;1;16;1;17;0;17;0;16;0;15;0;14;0;13;0;12;0;11;0;10;1;10;2;10;3;10;4;10;5;10;6;10;7;10;8;10;9;10;10;10;11;10;11;9;11;8;11;7;10;7;9;7;8;7;7;7;6;7;5;7;5;6;5;5;5;4
1;0;5;1;1;12;1;13;1;14;1;15;1;16;1;17;0;17;0;16;0;15;0;14;0;13;0;12;0;11;0;10;1;10;2;10;3;10;4;10;5;10;6;10;7;10;8;10;9;10;10;10;11;10;11;9;11;8;11;7;10;7;9;7;8;7;7;7;6;7;5;7;5;6;5;5;5;4;5;3
1;0;5;1;1;13;1;14;1;15;1;16;1;17;0;17;0;16;0;15;0;14;0;13;0;12;0;11;0;10;1;10;2;10;3;10;4;10;5;10;6;10;7;10;8;10;9;10;10;10;11;10;11;9;11;8;11;7;10;7;9;7;8;7;7;7;6;7;5;7;5;6;5;5;5;4;5;3;5;2
1;0;6;15;1;14;1;14;1;15;1;16;1;17;0;17;0;16;0;15;0;14;0;13;0;12;0;11;0;10;1;10;2;10;3;10;4;10;5;10;6;10;7;10;8;10;9;10;10;10;11;10;11;9;11;8;11;7;10;7;9;7;8;7;7;7;6;7;5;7;5;6;5;5;5;4;5;3;5;2;5;1
1;1;6;15;1;14;1;15;1;16;1;17;0;17;0;16;0;15;0;14;0;13;0;12;0;11;0;10;1;10;2;10;3;10;4;10;5;10;6;10;7;10;8;10;9;10;10;10;11;10;11;9;11;8;11;7;10;7;9;7;8;7;7;7;6;7;5;7;5;6;5;5;5;4;5;3;5;2;5;1;6;1
1;2;6;15;1;15;1;16;1;17;0;17;0;16;0;15;0;14;0;13;0;12;0;11;0;10;1;10;2;10;3;10;4;10;5;10;6;10;7;10;8;10;9;10;10;10;11;10;11;9;11;8;11;7;10;7;9;7;8;7;7;7;6;7;5;7;5;6;5;5;5;4;5;3;5;2;5;1;6;1;6;2
1;2;6;15;1;16;1;17;0;17;0;16;0;15;0;14;0;13;0;12;0;11;0;10;1;10;2;10;3;10;4;10;5;10;6;10;7;10;8;10;9;10;10;10;11;10;11;9;11;8;11;7;10;7;9;7;8;7;7;7;6;7;5;7;5;6;5;5;5;4;5;3;5;2;5;1;6;1;6;2;6;3
1;2;6;15;1;17;0;17;0;16;0;15;0;14;0;13;0;12;0;11;0;10;1;10;2;10;3;10;4;10;5;10;6;10;7;10;8;10;9;10;10;10;11;10;11;9;11;8;11;7;10;7;9;7;8;7;7;7;6;7;5;7;5;6;5;5;5;4;5;3;5;2;5;1;6;1;6;2;6;3;6;4
1;2;6;15;0;17;0;16;0;15;0;14;0;13;0;12;0;11;0;10;1;10;2;10;3;10;4;10;5;10;6;10;7;10;8;10;9;10;10;10;11;10;11;9;11;8;11;7;10;7;9;7;8;7;7;7;6;7;5;7;5;6;5;5;5;4;5;3;5;2;5;1;6;1;6;2;6;3;6;4;6;5
1;2;6;15;0;16;0;15;0;14;0;13;0;12;0;11;0;10;1;10;2;10;3;10;4;10;5;10;6;10;7;10;8;10;9;10;10;10;11;10;11;9;11;8;11;7;10;7;9;7;8;7;7;7;6;7;5;7;5;6;5;5;5;4;5;3;5;2;5;1;6;1;6;2;6;3;6;4;6;5;6;6
1;1;6;15;0;15;0;14;0;13;0;12;0;11;0;10;1;10;2;10;3;10;4;10;5;10;6;10;7;10;8;10;9;10;10;10;11;10;11;9;11;8;11;7;10;7;9;7;8;7;7;7;6;7;5;7;5;6;5;5;5;4;5;3;5;2;5;1;6;1;6;2;6;3;6;4;6;5;6;6;7;6
1;1;6;15;0;14;0;13;0;12;0;11;0;10;1;10;2;10;3;10;4;10;5;10;6;10;7;10;8;10;9;10;10;10;11;10;11;9;11;8;11;7;10;7;9;7;8;7;7;7;6;7;5;7;5;6;5;5;5;4;5;3;5;2;5;1;6;1;6;2;6;3;6;4;6;5;6;6;7;6;8;6
1;1;6;15;0;13;0;12;0;11;0;10;1;10;2;10;3;10;4;10;5;10;6;10;7;10;8;10;9;10;10;10;11;10;11;9;11;8;11;7;10;7;9;7;8;7;7;7;6;7;5;7;5;6;5;5;5;4;5;3;5;2;5;1;6;1;6;2;6;3;6;4;6;5;6;6;7;6;8;6;9;6
1;1;6;15;0;12;0;11;0;10;1;10;2;10;3;10;4;10;5;10;6;10;7;10;8;10;9;10;10;10;11;10;11;9;11;8;11;7;10;7;9;7;8;7;7;7;6;7;5;7;5;6;5;5;5;4;5;3;5;2;5;1;6;1;6;2;6;3;6;4;6;5;6;6;7;6;8;6;9;6;10;6
1;1;6;15;0;11;0;10;1;10;2;10;3;10;4;10;5;10;6;10;7;10;8;10;9;10;10;10;11;10;11;9;11;8;11;7;10;7;9;7;8;7;7;7;6;7;5;7;5;6;5;5;5;4;5;3;5;2;5;1;6;1;6;2;6;3;6;4;6;5;6;6;7;6;8;6;9;6;10;6;11;6
1;1;6;15;0;10;1;10;2;10;3;10;4;10;5;10;6;10;7;10;8;10;9;10;10;10;11;10;11;9;11;8;11;7;10;7;9;7;8;7;7;7;6;7;5;7;5;6;5;5;5;4;5;3;5;2;5;1;6;1;6;2;6;3;6;4;6;5;6;6;7;6;8;6;9;6;10;6;11;6;12;6
1;2;6;15;1;10;2;10;3;10;4;10;5;10;6;10;7;10;8;10;9;10;10;10;11;10;11;9;11;8;11;7;10;7;9;7;8;7;7;7;6;7;5;7;5;6;5;5;5;4;5;3;5;2;5;1;6;1;6;2;6;3;6;4;6;5;6;6;7;6;8;6;9;6;10;6;11;6;12;6;12;7
1;2;6;15;2;10;3;10;4;10;5;10;6;10;7;10;8;10;9;10;10;10;11;10;11;9;11;8;11;7;10;7;9;7;8;7;7;7;6;7;5;7;5;6;5;5;5;4;5;3;5;2;5;1;6;1;6;2;6;3;6;4;6;5;6;6;7;6;8;6;9;6;10;6;11;6;12;6;12;7;12;8
1;2;6;15;3;10;4;10;5;10;6;10;7;10;8;10;9;10;10;10;11;10;11;9;11;8;11;7;10;7;9;7;8;7;7;7;6;7;5;7;5;6;5;5;5;4;5;3;5;2;5;1;6;1;6;2;6;3;6;4;6;5;6;6;7;6;8;6;9;6;10;6;11;6;12;6;12;7;12;8;12;9
1;2;6;15;4;10;5;10;6;10;7;10;8;10;9;10;10;10;11;10;11;9;11;8;11;7;10;7;9;7;8;7;7;7;6;7;5;7;5;6;5;5;5;4;5;3;5;2;5;1;6;1;6;2;6;3;6;4;6;5;6;6;7;6;8;6;9;6;10;6;11;6;12;6;12;7;12;8;12;9;12;10
1;2;6;15;5;10;6;10;7;10;8;10;9;10;10;10;11;10;11;9;11;8;11;7;10;7;9;7;8;7;7;7;6;7;5;7;5;6;5;5;5;4;5;3;5;2;5;1;6;1;6;2;6;3;6;4;6;5;6;6;7;6;8;6;9;6;10;6;11;6;12;6;12;7;12;8;12;9;12;10;12;11
1;3;6;15;6;10;7;10;8;10;9;10;10;10;11;10;11;9;11;8;11;7;10;7;9;7;8;7;7;7;6;7;5;7;5;6;5;5;5;4;5;3;5;2;5;1;6;1;6;2;6;3;6;4;6;5;6;6;7;6;8;6;9;6;10;6;11;6;12;6;12;7;12;8;12;9;12;10;12;11;11;11
1;3;6;15;7;10;8;10;9;10;10;10;11;10;11;9;11;8;11;7;10;7;9;7;8;7;7;7;6;7;5;7;5;6;5;5;5;4;5;3;5;2;5;1;6;1;6;2;6;3;6;4;6;5;6;6;7;6;8;6;9;6;10;6;11;6;12;6;12;7;12;8;12;9;12;10;12;11;11;11;10;11
1;3;6;15;8;10;9;10;10;10;11;10;11;9;11;8;11;7;10;7;9;7;8;7;7;7;6;7;5;7;5;6;5;5;5;4;5;3;5;2;5;1;6;1;6;2;6;3;6;4;6;5;6;6;7;6;8;6;9;6;10;6;11;6;12;6;12;7;12;8;12;9;12;10;12;11;11;11;10;11;9;11
1;3;6;15;9;10;10;10;11;10;11;9;11;8;11;7;10;7;9;7;8;7;7;7;6;7;5;7;5;6;5;5;5;4;5;3;5;2;5;1;6;1;6;2;6;3;6;4;6;5;6;6;7;6;8;6;9;6;10;6;11;6;12;6;12;7;12;8;12;9;12;10;12;11;11;11;10;11;9;11;8;11
1;3;6;15;10;10;11;10;11;9;11;8;11;7;10;7;9;7;8;7;7;7;6;7;5;7;5;6;5;5;5;4;5;3;5;2;5;1;6;1;6;2;6;3;6;4;6;5;6;6;7;6;8;6;9;6;10;6;11;6;12;6;12;7;12;8;12;9;12;10;12;11;11;11;10;11;9;11;8;11;7;11
1;3;6;15;11;10;11;9;11;8;11;7;10;7;9;7;8;7;7;7;6;7;5;7;5;6;5;5;5;4;5;3;5;2;5;1;6;1;6;2;6;3;6;4;6;5;6;6;7;6;8;6;9;6;10;6;11;6;12;6;12;7;12;8;12;9;12;10;12;11;11;11;10;11;9;11;8;11;7;11;6;11
1;2;6;15;11;9;11;8;11;7;10;7;9;7;8;7;7;7;6;7;5;7;5;6;5;5;5;4;5;3;5;2;5;1;6;1;6;2;6;3;6;4;6;5;6;6;7;6;8;6;9;6;10;6;11;6;12;6;12;7;12;8;12;9;12;10;12;11;11;11;10;11;9;11;8;11;7;11;6;11;6;12
1;2;6;15;11;8;11;7;10;7;9;7;8;7;7;7;6;7;5;7;5;6;5;5;5;4;5;3;5;2;5;1;6;1;6;2;6;3;6;4;6;5;6;6;7;6;8;6;9;6;10;6;11;6;12;6;12;7;12;8;12;9;12;10;12;11;11;11;10;11;9;11;8;11;7;11;6;11;6;12;6;13
1;2;6;15;11;7;10;7;9;7;8;7;7;7;6;7;5;7;5;6;5;5;5;4;5;3;5;2;5;1;6;1;6;2;6;3;6;4;6;5;6;6;7;6;8;6;9;6;10;6;11;6;12;6;12;7;12;8;12;9;12;10;12;11;11;11;10;11;9;11;8;11;7;11;6;11;6;12;6;13;6;14
1;2;16;8;10;7;10;7;9;7;8;7;7;7;6;7;5;7;5;6;5;5;5;4;5;3;5;2;5;1;6;1;6;2;6;3;6;4;6;5;6;6;7;6;8;6;9;6;10;6;11;6;12;6;12;7;12;8;12;9;12;10;12;11;11;11;10;11;9;11;8;11;7;11;6;11;6;12;6;13;6;14;6;15
1;1;16;8;10;7;9;7;8;7;7;7;6;7;5;7;5;6;5;5;5;4;5;3;5;2;5;1;6;1;6;2;6;3;6;4;6;5;6;6;7;6;8;6;9;6;10;6;11;6;12;6;12;7;12;8;12;9;12;10;12;11;11;11;10;11;9;11;8;11;7;11;6;11;6;12;6;13;6;14;6;15;7;15
1;1;16;8;9;7;8;7;7;7;6;7;5;7;5;6;5;5;5;4;5;3;5;2;5;1;6;1;6;2;6;3;6;4;6;5;6;6;7;6;8;6;9;6;10;6;11;6;12;6;12;7;12;8;12;9;12;10;12;11;11;11;10;11;9;11;8;11;7;11;6;11;6;12;6;13;6;14;6;15;7;15;8;15
1;1;16;8;8;7;7;7;6;7;5;7;5;6;5;5;5;4;5;3;5;2;5;1;6;1;6;2;6;3;6;4;6;5;6;6;7;6;8;6;9;6;10;6;11;6;12;6;12;7;12;8;12;9;12;10;12;11;11;11;10;11;9;11;8;11;7;11;6;11;6;12;6;13;6;14;6;15;7;15;8;15;9;15
1;1;16;8;7;7;6;7;5;7;5;6;5;5;5;4;5;3;5;2;5;1;6;1;6;2;6;3;6;4;6;5;6;6;7;6;8;6;9;6;10;6;11;6;12;6;12;7;12;8;12;9;12;10;12;11;11;11;10;11;9;11;8;11;7;11;6;11;6;12;6;13;6;14;6;15;7;15;8;15;9;15;10;15
1;1;16;8;6;7;5;7;5;6;5;5;5;4;5;3;5;2;5;1;6;1;6;2;6;3;6;4;6;5;6;6;7;6;8;6;9;6;10;6;11;6;12;6;12;7;12;8;12;9;12;10;12;11;11;11;10;11;9;11;8;11;7;11;6;11;6;12;6;13;6;14;6;15;7;15;8;15;9;15;10;15;11;15
1;1;16;8;5;7;5;6;5;5;5;4;5;3;5;2;5;1;6;1;6;2;6;3;6;4;6;5;6;6;7;6;8;6;9;6;10;6;11;6;12;6;12;7;12;8;12;9;12;10;12;11;11;11;10;11;9;11;8;11;7;11;6;11;6;12;6;13;6;14;6;15;7;15;8;15;9;15;10;15;11;15;12;15
1;1;16;8;5;6;5;5;5;4;5;3;5;2;5;1;6;1;6;2;6;3;6;4;6;5;6;6;7;6;8;6;9;6;10;6;11;6;12;6;12;7;12;8;12;9;12;10;12;11;11;11;10;11;9;11;8;11;7;11;6;11;6;12;6;13;6;14;6;15;7;15;8;15;9;15;10;15;11;15;12;15;13;15
1;0;16;8;5;5;5;4;5;3;5;2;5;1;6;1;6;2;6;3;6;4;6;5;6;6;7;6;8;6;9;6;10;6;11;6;12;6;12;7;12;8;12;9;12;10;12;11;11;11;10;11;9;11;8;11;7;11;6;11;6;12;6;13;6;14;6;15;7;15;8;15;9;15;10;15;11;15;12;15;13;15;13;14
1;0;16;8;5;4;5;3;5;2;5;1;6;1;6;2;6;3;6;4;6;5;6;6;7;6;8;6;9;6;10;6;11;6;12;6;12;7;12;8;12;9;12;10;12;11;11;11;10;11;9;11;8;11;7;11;6;11;6;12;6;13;6;14;6;15;7;15;8;15;9;15;10;15;11;15;12;15;13;15;13;14;13;13
1;0;16;8;5;3;5;2;5;1;6;1;6;2;6;3;6;4;6;5;6;6;7;6;8;6;9;6;10;6;11;6;12;6;12;7;12;8;12;9;12;10;12;11;11;11;10;11;9;11;8;11;7;11;6;11;6;12;6;13;6;14;6;15;7;15;8;15;9;15;10;15;11;15;12;15;13;15;13;14;13;13;13;12
1;0;16;8;5;2;5;1;6;1;6;2;6;3;6;4;6;5;6;6;7;6;8;6;9;6;10;6;11;6;12;6;12;7;12;8;12;9;12;10;12;11;11;11;10;11;9;11;8;11;7;11;6;11;6;12;6;13;6;14;6;15;7;15;8;15;9;15;10;15;11;15;12;15;13;15;13;14;13;13;13;12;13;11
1;0;16;8;5;1;6;1;6;2;6;3;6;4;6;5;6;6;7;6;8;6;9;6;10;6;11;6;12;6;12;7;12;8;12;9;12;10;12;11;11;11;10;11;9;11;8;11;7;11;6;11;6;12;6;13;6;14;6;15;7;15;8;15;9;15;10;15;11;15;12;15;13;15;13;14;13;13;13;12;13;11;13;10
1;0;16;8;6;1;6;2;6;3;6;4;6;5;6;6;7;6;8;6;9;6;10;6;11;6;12;6;12;7;12;8;12;9;12;10;12;11;11;11;10;11;9;11;8;11;7;11;6;11;6;12;6;13;6;14;6;15;7;15;8;15;9;15;10;15;11;15;12;15;13;15;13;14;13;13;13;12;13;11;13;10;13;9
1;0;16;8;6;2;6;3;6;4;6;5;6;6;7;6;8;6;9;6;10;6;11;6;12;6;12;7;12;8;12;9;12;10;12;11;11;11;10;11;9;11;8;11;7;11;6;11;6;12;6;13;6;14;6;15;7;15;8;15;9;15;10;15;11;15;12;15;13;15;13;14;13;13;13;12;13;11;13;10;13;9;13;8
1;1;16;8;6;3;6;4;6;5;6;6;7;6;8;6;9;6;10;6;11;6;12;6;12;7;12;8;12;9;12;10;12;11;11;11;10;11;9;11;8;11;7;11;6;11;6;12;6;13;6;14;6;15;7;15;8;15;9;15;10;15;11;15;12;15;13;15;13;14;13;13;13;12;13;11;13;10;13;9;13;8;14;8
1;1;16;8;6;4;6;5;6;6;7;6;8;6;9;6;10;6;11;6;12;6;12;7;12;8;12;9;12;10;12;11;11;11;10;11;9;11;8;11;7;11;6;11;6;12;6;13;6;14;6;15;7;15;8;15;9;15;10;15;11;15;12;15;13;15;13;14;13;13;13;12;13;11;13;10;13;9;13;8;14;8;15;8
1;1;5;5;6;5;6;5;6;6;7;6;8;6;9;6;10;6;11;6;12;6;12;7;12;8;12;9;12;10;12;11;11;11;10;11;9;11;8;11;7;11;6;11;6;12;6;13;6;14;6;15;7;15;8;15;9;15;10;15;11;15;12;15;13;15;13;14;13;13;13;12;13;11;13;10;13;9;13;8;14;8;15;8;16;8
1;0;5;5;6;5;6;6;7;6;8;6;9;6;10;6;11;6;12;6;12;7;12;8;12;9;12;10;12;11;11;11;10;11;9;11;8;11;7;11;6;11;6;12;6;13;6;14;6;15;7;15;8;15;9;15;10;15;11;15;12;15;13;15;13;14;13;13;13;12;13;11;13;10;13;9;13;8;14;8;15;8;16;8;16;7
1;0;5;5;6;6;7;6;8;6;9;6;10;6;11;6;12;6;12;7;12;8;12;9;12;10;12;11;11;11;10;11;9;11;8;11;7;11;6;11;6;12;6;13;6;14;6;15;7;15;8;15;9;15;10;15;11;15;12;15;13;15;13;14;13;13;13;12;13;11;13;10;13;9;13;8;14;8;15;8;16;8;16;7;16;6
1;0;5;5;7;6;8;6;9;6;10;6;11;6;12;6;12;7;12;8;12;9;12;10;12;11;11;11;10;11;9;11;8;11;7;11;6;11;6;12;6;13;6;14;6;15;7;15;8;15;9;15;10;15;11;15;12;15;13;15;13;14;13;13;13;12;13;11;13;10;13;9;13;8;14;8;15;8;16;8;16;7;16;6;16;5
1;3;5;5;8;6;9;6;10;6;11;6;12;6;12;7;12;8;12;9;12;10;12;11;11;11;10;11;9;11;8;11;7;11;6;11;6;12;6;13;6;14;6;15;7;15;8;15;9;15;10;15;11;15;12;15;13;15;13;14;13;13;13;12;13;11;13;10;13;9;13;8;14;8;15;8;16;8;16;7;16;6;16;5;15;5
1;3;5;5;9;6;10;6;11;6;12;6;12;7;12;8;12;9;12;10;12;11;11;11;10;11;9;11;8;11;7;11;6;11;6;12;6;13;6;14;6;15;7;15;8;15;9;15;10;15;11;15;12;15;13;15;13;14;13;13;13;12;13;11;13;10;13;9;13;8;14;8;15;8;16;8;16;7;16;6;16;5;15;5;14;5
1;3;5;5;10;6;11;6;12;6;12;7;12;8;12;9;12;10;12;11;11;11;10;11;9;11;8;11;7;11;6;11;6;12;6;13;6;14;6;15;7;15;8;15;9;15;10;15;11;15;12;15;13;15;13;14;13;13;13;12;13;11;13;10;13;9;13;8;14;8;15;8;16;8;16;7;16;6;16;5;15;5;14;5;13;5
1;3;5;5;11;6;12;6;12;7;12;8;12;9;12;10;12;11;11;11;10;11;9;11;8;11;7;11;6;11;6;12;6;13;6;14;6;15;7;15;8;15;9;15;10;15;11;15;12;15;13;15;13;14;13;13;13;12;13;11;13;10;13;9;13;8;14;8;15;8;16;8;16;7;16;6;16;5;15;5;14;5;13;5;12;5
1;3;5;5;12;6;12;7;12;8;12;9;12;10;12;11;11;11;10;11;9;11;8;11;7;11;6;11;6;12;6;13;6;14;6;15;7;15;8;15;9;15;10;15;11;15;12;15;13;15;13;14;13;13;13;12;13;11;13;10;13;9;13;8;14;8;15;8;16;8;16;7;16;6;16;5;15;5;14;5;13;5;12;5;11;5
1;3;5;5;12;7;12;8;12;9;12;10;12;11;11;11;10;11;9;11;8;11;7;11;6;11;6;12;6;13;6;14;6;15;7;15;8;15;9;15;10;15;11;15;12;15;13;15;13;14;13;13;13;12;13;11;13;10;13;9;13;8;14;8;15;8;16;8;16;7;16;6;16;5;15;5;14;5;13;5;12;5;11;5;10;5
1;3;5;5;12;8;12;9;12;10;12;11;11;11;10;11;9;11;8;11;7;11;6;11;6;12;6;13;6;14;6;15;7;15;8;15;9;15;10;15;11;15;12;15;13;15;13;14;13;13;13;12;13;11;13;10;13;9;13;8;14;8;15;8;16;8;16;7;16;6;16;5;15;5;14;5;13;5;12;5;11;5;10;5;9;5
1;3;5;5;12;9;12;10;12;11;11;11;10;11;9;11;8;11;7;11;6;11;6;12;6;13;6;14;6;15;7;15;8;15;9;15;10;15;11;15;12;15;13;15;13;14;13;13;13;12;13;11;13;10;13;9;13;8;14;8;15;8;16;8;16;7;16;6;16;5;15;5;14;5;13;5;12;5;11;5;10;5;9;5;8;5
1;3;5;5;12;10;12;11;11;11;10;11;9;11;8;11;7;11;6;11;6;12;6;13;6;14;6;15;7;15;8;15;9;15;10;15;11;15;12;15;13;15;13;14;13;13;13;12;13;11;13;10;13;9;13;8;14;8;15;8;16;8;16;7;16;6;16;5;15;5;14;5;13;5;12;5;11;5;10;5;9;5;8;5;7;5
1;3;5;5;12;11;11;11;10;11;9;11;8;11;7;11;6;11;6;12;6;13;6;14;6;15;7;15;8;15;9;15;10;15;11;15;12;15;13;15;13;14;13;13;13;12;13;11;13;10;13;9;13;8;14;8;15;8;16;8;16;7;16;6;16;5;15;5;14;5;13;5;12;5;11;5;10;5;9;5;8;5;7;5;6;5
1;3;14;10;11;11;11;11;10;11;9;11;8;11;7;11;6;11;6;12;6;13;6;14;6;15;7;15;8;15;9;15;10;15;11;15;12;15;13;15;13;14;13;13;13;12;13;11;13;10;13;9;13;8;14;8;15;8;16;8;16;7;16;6;16;5;15;5;14;5;13;5;12;5;11;5;10;5;9;5;8;5;7;5;6;5;5;5
1;2;14;10;11;11;10;11;9;11;8;11;7;11;6;11;6;12;6;13;6;14;6;15;7;15;8;15;9;15;10;15;11;15;12;15;13;15;13;14;13;13;13;12;13;11;13;10;13;9;13;8;14;8;15;8;16;8;16;7;16;6;16;5;15;5;14;5;13;5;12;5;11;5;10;5;9;5;8;5;7;5;6;5;5;5;5;6
1;1;14;10;10;11;9;11;8;11;7;11;6;11;6;12;6;13;6;14;6;15;7;15;8;15;9;15;10;15;11;15;12;15;13;15;13;14;13;13;13;12;13;11;13;10;13;9;13;8;14;8;15;8;16;8;16;7;16;6;16;5;15;5;14;5;13;5;12;5;11;5;10;5;9;5;8;5;7;5;6;5;5;5;5;6;6;6
1;1;14;10;9;11;8;11;7;11;6;11;6;12;6;13;6;14;6;15;7;15;8;15;9;15;10;15;11;15;12;15;13;15;13;14;13;13;13;12;13;11;13;10;13;9;13;8;14;8;15;8;16;8;16;7;16;6;16;5;15;5;14;5;13;5;12;5;11;5;10;5;9;5;8;5;7;5;6;5;5;5;5;6;6;6;7;6
1;1;14;10;8;11;7;11;6;11;6;12;6;13;6;14;6;15;7;15;8;15;9;15;10;15;11;15;12;15;13;15;13;14;13;13;13;12;13;11;13;10;13;9;13;8;14;8;15;8;16;8;16;7;16;6;16;5;15;5;14;5;13;5;12;5;11;5;10;5;9;5;8;5;7;5;6;5;5;5;5;6;6;6;7;6;8;6
1;1;14;10;7;11;6;11;6;12;6;13;6;14;6;15;7;15;8;15;9;15;10;15;11;15;12;15;13;15;13;14;13;13;13;12;13;11;13;10;13;9;13;8;14;8;15;8;16;8;16;7;16;6;16;5;15;5;14;5;13;5;12;5;11;5;10;5;9;5;8;5;7;5;6;5;5;5;5;6;6;6;7;6;8;6;9;6
1;1;14;10;6;11;6;12;6;13;6;14;6;15;7;15;8;15;9;15;10;15;11;15;12;15;13;15;13;14;13;13;13;12;13;11;13;10;13;9;13;8;14;8;15;8;16;8;16;7;16;6;16;5;15;5;14;5;13;5;12;5;11;5;10;5;9;5;8;5;7;5;6;5;5;5;5;6;6;6;7;6;8;6;9;6;10;6
1;1;14;10;6;12;6;13;6;14;6;15;7;15;8;15;9;15;10;15;11;15;12;15;13;15;13;14;13;13;13;12;13;11;13;10;13;9;13;8;14;8;15;8;16;8;16;7;16;6;16;5;15;5;14;5;13;5;12;5;11;5;10;5;9;5;8;5;7;5;6;5;5;5;5;6;6;6;7;6;8;6;9;6;10;6;11;6
1;1;14;10;6;13;6;14;6;15;7;15;8;15;9;15;10;15;11;15;12;15;13;15;13;14;13;13;13;12;13;11;13;10;13;9;13;8;14;8;15;8;16;8;16;7;16;6;16;5;15;5;14;5;13;5;12;5;11;5;10;5;9;5;8;5;7;5;6;5;5;5;5;6;6;6;7;6;8;6;9;6;10;6;11;6;12;6
1;1;14;10;6;14;6;15;7;15;8;15;9;15;10;15;11;15;12;15;13;15;13;14;13;13;13;12;13;11;13;10;13;9;13;8;14;8;15;8;16;8;16;7;16;6;16;5;15;5;14;5;13;5;12;5;11;5;10;5;9;5;8;5;7;5;6;5;5;5;5;6;6;6;7;6;8;6;9;6;10;6;11;6;12;6;13;6
1;1;14;10;6;15;7;15;8;15;9;15;10;15;11;15;12;15;13;15;13;14;13;13;13;12;13;11;13;10;13;9;13;8;14;8;15;8;16;8;16;7;16;6;16;5;15;5;14;5;13;5;12;5;11;5;10;5;9;5;8;5;7;5;6;5;5;5;5;6;6;6;7;6;8;6;9;6;10;6;11;6;12;6;13;6;14;6
1;1;14;10;7;15;8;15;9;15;10;15;11;15;12;15;13;15;13;14;13;13;13;12;13;11;13;10;13;9;13;8;14;8;15;8;16;8;16;7;16;6;16;5;15;5;14;5;13;5;12;5;11;5;10;5;9;5;8;5;7;5;6;5;5;5;5;6;6;6;7;6;8;6;9;6;10;6;11;6;12;6;13;6;14;6;15;6
1;2;14;10;8;15;9;15;10;15;11;15;12;15;13;15;13;14;13;13;13;12;13;11;13;10;13;9;13;8;14;8;15;8;16;8;16;7;16;6;16;5;15;5;14;5;13;5;12;5;11;5;10;5;9;5;8;5;7;5;6;5;5;5;5;6;6;6;7;6;8;6;9;6;10;6;11;6;12;6;13;6;14;6;15;6;15;7
1;3;14;10;9;15;10;15;11;15;12;15;13;15;13;14;13;13;13;12;13;11;13;10;13;9;13;8;14;8;15;8;16;8;16;7;16;6;16;5;15;5;14;5;13;5;12;5;11;5;10;5;9;5;8;5;7;5;6;5;5;5;5;6;6;6;7;6;8;6;9;6;10;6;11;6;12;6;13;6;14;6;15;6;15;7;14;7
1;3;14;10;10;15;11;15;12;15;13;15;13;14;13;13;13;12;13;11;13;10;13;9;13;8;14;8;15;8;16;8;16;7;16;6;16;5;15;5;14;5;13;5;12;5;11;5;10;5;9;5;8;5;7;5;6;5;5;5;5;6;6;6;7;6;8;6;9;6;10;6;11;6;12;6;13;6;14;6;15;6;15;7;14;7;13;7
1;3;14;10;11;15;12;15;13;15;13;14;13;13;13;12;13;11;13;10;13;9;13;8;14;8;15;8;16;8;16;7;16;6;16;5;15;5;14;5;13;5;12;5;11;5;10;5;9;5;8;5;7;5;6;5;5;5;5;6;6;6;7;6;8;6;9;6;10;6;11;6;12;6;13;6;14;6;15;6;15;7;14;7;13;7;12;7
1;3;14;10;12;15;13;15;13;14;13;13;13;12;13;11;13;10;13;9;13;8;14;8;15;8;16;8;16;7;16;6;16;5;15;5;14;5;13;5;12;5;11;5;10;5;9;5;8;5;7;5;6;5;5;5;5;6;6;6;7;6;8;6;9;6;10;6;11;6;12;6;13;6;14;6;15;6;15;7;14;7;13;7;12;7;11;7
1;3;14;10;13;15;13;14;13;13;13;12;13;11;13;10;13;9;13;8;14;8;15;8;16;8;16;7;16;6;16;5;15;5;14;5;13;5;12;5;11;5;10;5;9;5;8;5;7;5;6;5;5;5;5;6;6;6;7;6;8;6;9;6;10;6;11;6;12;6;13;6;14;6;15;6;15;7;14;7;13;7;12;7;11;7;10;7
1;2;14;10;13;14;13;13;13;12;13;11;13;10;13;9;13;8;14;8;15;8;16;8;16;7;16;6;16;5;15;5;14;5;13;5;12;5;11;5;10;5;9;5;8;5;7;5;6;5;5;5;5;6;6;6;7;6;8;6;9;6;10;6;11;6;12;6;13;6;14;6;15;6;15;7;14;7;13;7;12;7;11;7;10;7;10;8
1;2;14;10;13;13;13;12;13;11;13;10;13;9;13;8;14;8;15;8;16;8;16;7;16;6;16;5;15;5;14;5;13;5;12;5;11;5;10;5;9;5;8;5;7;5;6;5;5;5;5;6;6;6;7;6;8;6;9;6;10;6;11;6;12;6;13;6;14;6;15;6;15;7;14;7;13;7;12;7;11;7;10;7;10;8;10;9
1;2;14;10;13;12;13;11;13;10;13;9;13;8;14;8;15;8;16;8;16;7;16;6;16;5;15;5;14;5;13;5;12;5;11;5;10;5;9;5;8;5;7;5;6;5;5;5;5;6;6;6;7;6;8;6;9;6;10;6;11;6;12;6;13;6;14;6;15;6;15;7;14;7;13;7;12;7;11;7;10;7;10;8;10;9;10;10
1;1;14;10;13;11;13;10;13;9;13;8;14;8;15;8;16;8;16;7;16;6;16;5;15;5;14;5;13;5;12;5;11;5;10;5;9;5;8;5;7;5;6;5;5;5;5;6;6;6;7;6;8;6;9;6;10;6;11;6;12;6;13;6;14;6;15;6;15;7;14;7;13;7;12;7;11;7;10;7;10;8;10;9;10;10;11;10
1;1;14;10;13;10;13;9;13;8;14;8;15;8;16;8;16;7;16;6;16;5;15;5;14;5;13;5;12;5;11;5;10;5;9;5;8;5;7;5;6;5;5;5;5;6;6;6;7;6;8;6;9;6;10;6;11;6;12;6;13;6;14;6;15;6;15;7;14;7;13;7;12;7;11;7;10;7;10;8;10;9;10;10;11;10;12;10
1;1;14;10;13;9;13;8;14;8;15;8;16;8;16;7;16;6;16;5;15;5;14;5;13;5;12;5;11;5;10;5;9;5;8;5;7;5;6;5;5;5;5;6;6;6;7;6;8;6;9;6;10;6;11;6;12;6;13;6;14;6;15;6;15;7;14;7;13;7;12;7;11;7;10;7;10;8;10;9;10;10;11;10;12;10;13;10
1;1;7;3;13;8;13;8;14;8;15;8;16;8;16;7;16;6;16;5;15;5;14;5;13;5;12;5;11;5;10;5;9;5;8;5;7;5;6;5;5;5;5;6;6;6;7;6;8;6;9;6;10;6;11;6;12;6;13;6;14;6;15;6;15;7;14;7;13;7;12;7;11;7;10;7;10;8;10;9;10;10;11;10;12;10;13;10;14;10
1;2;7;3;13;8;14;8;15;8;16;8;16;7;16;6;16;5;15;5;14;5;13;5;12;5;11;5;10;5;9;5;8;5;7;5;6;5;5;5;5;6;6;6;7;6;8;6;9;6;10;6;11;6;12;6;13;6;14;6;15;6;15;7;14;7;13;7;12;7;11;7;10;7;10;8;10;9;10;10;11;10;12;10;13;10;14;10;14;11
1;3;7;3;14;8;15;8;16;8;16;7;16;6;16;5;15;5;14;5;13;5;12;5;11;5;10;5;9;5;8;5;7;5;6;5;5;5;5;6;6;6;7;6;8;6;9;6;10;6;11;6;12;6;13;6;14;6;15;6;15;7;14;7;13;7;12;7;11;7;10;7;10;8;10;9;10;10;11;10;12;10;13;10;14;10;14;11;13;11
1;3;7;3;15;8;16;8;16;7;16;6;16;5;15;5;14;5;13;5;12;5;11;5;10;5;9;5;8;5;7;5;6;5;5;5;5;6;6;6;7;6;8;6;9;6;10;6;11;6;12;6;13;6;14;6;15;6;15;7;14;7;13;7;12;7;11;7;10;7;10;8;10;9;10;10;11;10;12;10;13;10;14;10;14;11;13;11;12;11
1;3;7;3;16;8;16;7;16;6;16;5;15;5;14;5;13;5;12;5;11;5;10;5;9;5;8;5;7;5;6;5;5;5;5;6;6;6;7;6;8;6;9;6;10;6;11;6;12;6;13;6;14;6;15;6;15;7;14;7;13;7;12;7;11;7;10;7;10;8;10;9;10;10;11;10;12;10;13;10;14;10;14;11;13;11;12;11;11;11
1;3;7;3;16;7;16;6;16;5;15;5;14;5;13;5;12;5;11;5;10;5;9;5;8;5;7;5;6;5;5;5;5;6;6;6;7;6;8;6;9;6;10;6;11;6;12;6;13;6;14;6;15;6;15;7;14;7;13;7;12;7;11;7;10;7;10;8;10;9;10;10;11;10;12;10;13;10;14;10;14;11;13;11;12;11;11;11;10;11
1;3;7;3;16;6;16;5;15;5;14;5;13;5;12;5;11;5;10;5;9;5;8;5;7;5;6;5;5;5;5;6;6;6;7;6;8;6;9;6;10;6;11;6;12;6;13;6;14;6;15;6;15;7;14;7;13;7;12;7;11;7;10;7;10;8;10;9;10;10;11;10;12;10;13;10;14;10;14;11;13;11;12;11;11;11;10;11;9;11
1;3;7;3;16;5;15;5;14;5;13;5;12;5;11;5;10;5;9;5;8;5;7;5;6;5;5;5;5;6;6;6;7;6;8;6;9;6;10;6;11;6;12;6;13;6;14;6;15;6;15;7;14;7;13;7;12;7;11;7;10;7;10;8;10;9;10;10;11;10;12;10;13;10;14;10;14;11;13;11;12;11;11;11;10;11;9;11;8;11
1;2;7;3;15;5;14;5;13;5;12;5;11;5;10;5;9;5;8;5;7;5;6;5;5;5;5;6;6;6;7;6;8;6;9;6;10;6;11;6;12;6;13;6;14;6;15;6;15;7;14;7;13;7;12;7;11;7;10;7;10;8;10;9;10;10;11;10;12;10;13;10;14;10;14;11;13;11;12;11;11;11;10;11;9;11;8;11;8;12
1;3;7;3;14;5;13;5;12;5;11;5;10;5;9;5;8;5;7;5;6;5;5;5;5;6;6;6;7;6;8;6;9;6;10;6;11;6;12;6;13;6;14;6;15;6;15;7;14;7;13;7;12;7;11;7;10;7;10;8;10;9;10;10;11;10;12;10;13;10;14;10;14;11;13;11;12;11;11;11;10;11;9;11;8;11;8;12;7;12
1;0;7;3;13;5;12;5;11;5;10;5;9;5;8;5;7;5;6;5;5;5;5;6;6;6;7;6;8;6;9;6;10;6;11;6;12;6;13;6;14;6;15;6;15;7;14;7;13;7;12;7;11;7;10;7;10;8;10;9;10;10;11;10;12;10;13;10;14;10;14;11;13;11;12;11;11;11;10;11;9;11;8;11;8;12;7;12;7;11
1;0;7;3;12;5;11;5;10;5;9;5;8;5;7;5;6;5;5;5;5;6;6;6;7;6;8;6;9;6;10;6;11;6;12;6;13;6;14;6;15;6;15;7;14;7;13;7;12;7;11;7;10;7;10;8;10;9;10;10;11;10;12;10;13;10;14;10;14;11;13;11;12;11;11;11;10;11;9;11;8;11;8;12;7;12;7;11;7;10
1;0;7;3;11;5;10;5;9;5;8;5;7;5;6;5;5;5;5;6;6;6;7;6;8;6;9;6;10;6;11;6;12;6;13;6;14;6;15;6;15;7;14;7;13;7;12;7;11;7;10;7;10;8;10;9;10;10;11;10;12;10;13;10;14;10;14;11;13;11;12;11;11;11;10;11;9;11;8;11;8;12;7;12;7;11;7;10;7;9
1;0;7;3;10;5;9;5;8;5;7;5;6;5;5;5;5;6;6;6;7;6;8;6;9;6;10;6;11;6;12;6;13;6;14;6;15;6;15;7;14;7;13;7;12;7;11;7;10;7;10;8;10;9;10;10;11;10;12;10;13;10;14;10;14;11;13;11;12;11;11;11;10;11;9;11;8;11;8;12;7;12;7;11;7;10;7;9;7;8
1;0;7;3;9;5;8;5;7;5;6;5;5;5;5;6;6;6;7;6;8;6;9;6;10;6;11;6;12;6;13;6;14;6;15;6;15;7;14;7;13;7;12;7;11;7;10;7;10;8;10;9;10;10;11;10;12;10;13;10;14;10;14;11;13;11;12;11;11;11;10;11;9;11;8;11;8;12;7;12;7;11;7;10;7;9;7;8;7;7
1;1;7;3;8;5;7;5;6;5;5;5;5;6;6;6;7;6;8;6;9;6;10;6;11;6;12;6;13;6;14;6;15;6;15;7;14;7;13;7;12;7;11;7;10;7;10;8;10;9;10;10;11;10;12;10;13;10;14;10;14;11;13;11;12;11;11;11;10;11;9;11;8;11;8;12;7;12;7;11;7;10;7;9;7;8;7;7;8;7
1;2;7;3;7;5;6;5;5;5;5;6;6;6;7;6;8;6;9;6;10;6;11;6;12;6;13;6;14;6;15;6;15;7;14;7;13;7;12;7;11;7;10;7;10;8;10;9;10;10;11;10;12;10;13;10;14;10;14;11;13;11;12;11;11;11;10;11;9;11;8;11;8;12;7;12;7;11;7;10;7;9;7;8;7;7;8;7;8;8
1;2;7;3;6;5;5;5;5;6;6;6;7;6;8;6;9;6;10;6;11;6;12;6;13;6;14;6;15;6;15;7;14;7;13;7;12;7;11;7;10;7;10;8;10;9;10;10;11;10;12;10;13;10;14;10;14;11;13;11;12;11;11;11;10;11;9;11;8;11;8;12;7;12;7;11;7;10;7;9;7;8;7;7;8;7;8;8;8;9
1;1;7;3;5;5;5;6;6;6;7;6;8;6;9;6;10;6;11;6;12;6;13;6;14;6;15;6;15;7;14;7;13;7;12;7;11;7;10;7;10;8;10;9;10;10;11;10;12;10;13;10;14;10;14;11;13;11;12;11;11;11;10;11;9;11;8;11;8;12;7;12;7;11;7;10;7;9;7;8;7;7;8;7;8;8;8;9;9;9
1;0;7;3;5;6;6;6;7;6;8;6;9;6;10;6;11;6;12;6;13;6;14;6;15;6;15;7;14;7;13;7;12;7;11;7;10;7;10;8;10;9;10;10;11;10;12;10;13;10;14;10;14;11;13;11;12;11;11;11;10;11;9;11;8;11;8;12;7;12;7;11;7;10;7;9;7;8;7;7;8;7;8;8;8;9;9;9;9;8
