20
1;1;6;4;8;10;9;10;10;10
1;0;6;4;9;10;10;10;10;9
1;0;6;4;10;10;10;9;10;8
1;0;6;4;10;9;10;8;10;7
1;0;6;4;10;8;10;7;10;6
1;0;6;4;10;7;10;6;10;5
1;0;6;4;10;6;10;5;10;4
1;3;6;4;10;5;10;4;9;4
1;3;6;4;10;4;9;4;8;4
1;3;6;4;9;4;8;4;7;4
1;3;7;12;8;4;8;4;7;4;6;4
1;2;7;12;8;4;7;4;6;4;6;5
1;2;7;12;7;4;6;4;6;5;6;6
1;2;7;12;6;4;6;5;6;6;6;7
1;1;7;12;6;5;6;6;6;7;7;7
1;2;7;12;6;6;6;7;7;7;7;8
1;2;7;12;6;7;7;7;7;8;7;9
1;2;7;12;7;7;7;8;7;9;7;10
1;2;7;12;7;8;7;9;7;10;7;11
1;2;16;9;7;9;7;9;7;10;7;11;7;12
1;1;16;9;7;9;7;10;7;11;7;12;8;12
1;0;16;9;7;10;7;11;7;12;8;12;8;11
1;0;16;9;7;11;7;12;8;12;8;11;8;10
1;0;16;9;7;12;8;12;8;11;8;10;8;9
1;1;16;9;8;12;8;11;8;10;8;9;9;9
1;1;16;9;8;11;8;10;8;9;9;9;10;9
1;1;16;9;8;10;8;9;9;9;10;9;11;9
1;1;16;9;8;9;9;9;10;9;11;9;12;9
1;1;16;9;9;9;10;9;11;9;12;9;13;9
1;1;16;9;10;9;11;9;12;9;13;9;14;9
1;1;16;9;11;9;12;9;13;9;14;9;15;9
1;1;0;9;12;9;12;9;13;9;14;9;15;9;16;9
1;2;0;9;12;9;13;9;14;9;15;9;16;9;16;10
1;3;0;9;13;9;14;9;15;9;16;9;16;10;15;10
1;3;0;9;14;9;15;9;16;9;16;10;15;10;14;10
1;3;0;9;15;9;16;9;16;10;15;10;14;10;13;10
1;0;0;9;16;9;16;10;15;10;14;10;13;10;13;9
1;3;0;9;16;10;15;10;14;10;13;10;13;9;12;9
1;3;0;9;15;10;14;10;13;10;13;9;12;9;11;9
1;3;0;9;14;10;13;10;13;9;12;9;11;9;10;9
1;3;0;9;13;10;13;9;12;9;11;9;10;9;9;9
1;3;0;9;13;9;12;9;11;9;10;9;9;9;8;9
1;3;0;9;12;9;11;9;10;9;9;9;8;9;7;9
1;3;0;9;11;9;10;9;9;9;8;9;7;9;6;9
1;3;0;9;10;9;9;9;8;9;7;9;6;9;5;9
1;3;0;9;9;9;8;9;7;9;6;9;5;9;4;9
1;3;0;9;8;9;7;9;6;9;5;9;4;9;3;9
1;3;0;9;7;9;6;9;5;9;4;9;3;9;2;9
1;3;0;9;6;9;5;9;4;9;3;9;2;9;1;9
1;3;9;16;5;9;5;9;4;9;3;9;2;9;1;9;0;9
1;2;9;16;5;9;4;9;3;9;2;9;1;9;0;9;0;10
1;2;9;16;4;9;3;9;2;9;1;9;0;9;0;10;0;11
1;2;9;16;3;9;2;9;1;9;0;9;0;10;0;11;0;12
1;2;9;16;2;9;1;9;0;9;0;10;0;11;0;12;0;13
1;2;9;16;1;9;0;9;0;10;0;11;0;12;0;13;0;14
1;2;9;16;0;9;0;10;0;11;0;12;0;13;0;14;0;15
1;2;9;16;0;10;0;11;0;12;0;13;0;14;0;15;0;16
1;1;9;16;0;11;0;12;0;13;0;14;0;15;0;16;1;16
1;1;9;16;0;12;0;13;0;14;0;15;0;16;1;16;2;16
1;1;9;16;0;13;0;14;0;15;0;16;1;16;2;16;3;16
1;1;9;16;0;14;0;15;0;16;1;16;2;16;3;16;4;16
1;1;9;16;0;15;0;16;1;16;2;16;3;16;4;16;5;16
1;1;9;16;0;16;1;16;2;16;3;16;4;16;5;16;6;16
1;1;9;16;1;16;2;16;3;16;4;16;5;16;6;16;7;16
1;1;9;16;2;16;3;16;4;16;5;16;6;16;7;16;8;16
1;1;16;6;3;16;3;16;4;16;5;16;6;16;7;16;8;16;9;16
1;1;16;6;3;16;4;16;5;16;6;16;7;16;8;16;9;16;10;16
1;1;16;6;4;16;5;16;6;16;7;16;8;16;9;16;10;16;11;16
1;1;16;6;5;16;6;16;7;16;8;16;9;16;10;16;11;16;12;16
1;1;16;6;6;16;7;16;8;16;9;16;10;16;11;16;12;16;13;16
1;1;16;6;7;16;8;16;9;16;10;16;11;16;12;16;13;16;14;16
1;1;16;6;8;16;9;16;10;16;11;16;12;16;13;16;14;16;15;16
1;1;16;6;9;16;10;16;11;16;12;16;13;16;14;16;15;16;16;16
1;0;16;6;10;16;11;16;12;16;13;16;14;16;15;16;16;16;16;15
1;0;16;6;11;16;12;16;13;16;14;16;15;16;16;16;16;15;16;14
1;0;16;6;12;16;13;16;14;16;15;16;16;16;16;15;16;14;16;13
1;0;16;6;13;16;14;16;15;16;16;16;16;15;16;14;16;13;16;12
1;0;16;6;14;16;15;16;16;16;16;15;16;14;16;13;16;12;16;11
1;0;16;6;15;16;16;16;16;15;16;14;16;13;16;12;16;11;16;10
1;0;16;6;16;16;16;15;16;14;16;13;16;12;16;11;16;10;16;9
1;0;16;6;16;15;16;14;16;13;16;12;16;11;16;10;16;9;16;8
1;0;16;6;16;14;16;13;16;12;16;11;16;10;16;9;16;8;16;7
1;0;15;17;16;13;16;13;16;12;16;11;16;10;16;9;16;8;16;7;16;6
1;3;15;17;16;13;16;12;16;11;16;10;16;9;16;8;16;7;16;6;15;6
1;2;15;17;16;12;16;11;16;10;16;9;16;8;16;7;16;6;15;6;15;7
1;2;15;17;16;11;16;10;16;9;16;8;16;7;16;6;15;6;15;7;15;8
1;2;15;17;16;10;16;9;16;8;16;7;16;6;15;6;15;7;15;8;15;9
1;2;15;17;16;9;16;8;16;7;16;6;15;6;15;7;15;8;15;9;15;10
1;2;15;17;16;8;16;7;16;6;15;6;15;7;15;8;15;9;15;10;15;11
1;2;15;17;16;7;16;6;15;6;15;7;15;8;15;9;15;10;15;11;15;12
1;2;15;17;16;6;15;6;15;7;15;8;15;9;15;10;15;11;15;12;15;13
1;2;15;17;15;6;15;7;15;8;15;9;15;10;15;11;15;12;15;13;15;14
1;2;15;17;15;7;15;8;15;9;15;10;15;11;15;12;15;13;15;14;15;15
1;2;15;17;15;8;15;9;15;10;15;11;15;12;15;13;15;14;15;15;15;16
1;2;14;18;15;9;15;9;15;10;15;11;15;12;15;13;15;14;15;15;15;16;15;17
1;2;14;18;15;9;15;10;15;11;15;12;15;13;15;14;15;15;15;16;15;17;15;18
1;3;6;6;15;10;15;10;15;11;15;12;15;13;15;14;15;15;15;16;15;17;15;18;14;18
1;0;6;6;15;10;15;11;15;12;15;13;15;14;15;15;15;16;15;17;15;18;14;18;14;17
1;0;6;6;15;11;15;12;15;13;15;14;15;15;15;16;15;17;15;18;14;18;14;17;14;16
1;0;6;6;15;12;15;13;15;14;15;15;15;16;15;17;15;18;14;18;14;17;14;16;14;15
1;0;6;6;15;13;15;14;15;15;15;16;15;17;15;18;14;18;14;17;14;16;14;15;14;14
1;0;6;6;15;14;15;15;15;16;15;17;15;18;14;18;14;17;14;16;14;15;14;14;14;13
1;0;6;6;15;15;15;16;15;17;15;18;14;18;14;17;14;16;14;15;14;14;14;13;14;12
1;0;6;6;15;16;15;17;15;18;14;18;14;17;14;16;14;15;14;14;14;13;14;12;14;11
1;0;6;6;15;17;15;18;14;18;14;17;14;16;14;15;14;14;14;13;14;12;14;11;14;10
1;0;6;6;15;18;14;18;14;17;14;16;14;15;14;14;14;13;14;12;14;11;14;10;14;9
1;0;6;6;14;18;14;17;14;16;14;15;14;14;14;13;14;12;14;11;14;10;14;9;14;8
1;0;6;6;14;17;14;16;14;15;14;14;14;13;14;12;14;11;14;10;14;9;14;8;14;7
1;0;6;6;14;16;14;15;14;14;14;13;14;12;14;11;14;10;14;9;14;8;14;7;14;6
1;3;6;6;14;15;14;14;14;13;14;12;14;11;14;10;14;9;14;8;14;7;14;6;13;6
1;3;6;6;14;14;14;13;14;12;14;11;14;10;14;9;14;8;14;7;14;6;13;6;12;6
1;3;6;6;14;13;14;12;14;11;14;10;14;9;14;8;14;7;14;6;13;6;12;6;11;6
1;3;6;6;14;12;14;11;14;10;14;9;14;8;14;7;14;6;13;6;12;6;11;6;10;6
1;3;6;6;14;11;14;10;14;9;14;8;14;7;14;6;13;6;12;6;11;6;10;6;9;6
1;3;6;6;14;10;14;9;14;8;14;7;14;6;13;6;12;6;11;6;10;6;9;6;8;6
1;3;6;6;14;9;14;8;14;7;14;6;13;6;12;6;11;6;10;6;9;6;8;6;7;6
1;3;19;2;14;8;14;8;14;7;14;6;13;6;12;6;11;6;10;6;9;6;8;6;7;6;6;6
1;0;19;2;14;8;14;7;14;6;13;6;12;6;11;6;10;6;9;6;8;6;7;6;6;6;6;5
1;1;19;2;14;7;14;6;13;6;12;6;11;6;10;6;9;6;8;6;7;6;6;6;6;5;7;5
1;1;19;2;14;6;13;6;12;6;11;6;10;6;9;6;8;6;7;6;6;6;6;5;7;5;8;5
1;1;19;2;13;6;12;6;11;6;10;6;9;6;8;6;7;6;6;6;6;5;7;5;8;5;9;5
1;1;19;2;12;6;11;6;10;6;9;6;8;6;7;6;6;6;6;5;7;5;8;5;9;5;10;5
1;1;19;2;11;6;10;6;9;6;8;6;7;6;6;6;6;5;7;5;8;5;9;5;10;5;11;5
1;1;19;2;10;6;9;6;8;6;7;6;6;6;6;5;7;5;8;5;9;5;10;5;11;5;12;5
1;1;19;2;9;6;8;6;7;6;6;6;6;5;7;5;8;5;9;5;10;5;11;5;12;5;13;5
1;1;19;2;8;6;7;6;6;6;6;5;7;5;8;5;9;5;10;5;11;5;12;5;13;5;14;5
1;1;19;2;7;6;6;6;6;5;7;5;8;5;9;5;10;5;11;5;12;5;13;5;14;5;15;5
1;1;19;2;6;6;6;5;7;5;8;5;9;5;10;5;11;5;12;5;13;5;14;5;15;5;16;5
1;1;19;2;6;5;7;5;8;5;9;5;10;5;11;5;12;5;13;5;14;5;15;5;16;5;17;5
1;1;19;2;7;5;8;5;9;5;10;5;11;5;12;5;13;5;14;5;15;5;16;5;17;5;18;5
1;1;19;2;8;5;9;5;10;5;11;5;12;5;13;5;14;5;15;5;16;5;17;5;18;5;19;5
1;0;19;2;9;5;10;5;11;5;12;5;13;5;14;5;15;5;16;5;17;5;18;5;19;5;19;4
1;0;19;2;10;5;11;5;12;5;13;5;14;5;15;5;16;5;17;5;18;5;19;5;19;4;19;3
1;0;19;15;11;5;11;5;12;5;13;5;14;5;15;5;16;5;17;5;18;5;19;5;19;4;19;3;19;2
1;3;19;15;11;5;12;5;13;5;14;5;15;5;16;5;17;5;18;5;19;5;19;4;19;3;19;2;18;2
1;3;19;15;12;5;13;5;14;5;15;5;16;5;17;5;18;5;19;5;19;4;19;3;19;2;18;2;17;2
1;3;19;15;13;5;14;5;15;5;16;5;17;5;18;5;19;5;19;4;19;3;19;2;18;2;17;2;16;2
1;3;19;15;14;5;15;5;16;5;17;5;18;5;19;5;19;4;19;3;19;2;18;2;17;2;16;2;15;2
1;3;19;15;15;5;16;5;17;5;18;5;19;5;19;4;19;3;19;2;18;2;17;2;16;2;15;2;14;2
1;2;19;15;16;5;17;5;18;5;19;5;19;4;19;3;19;2;18;2;17;2;16;2;15;2;14;2;14;3
1;2;19;15;17;5;18;5;19;5;19;4;19;3;19;2;18;2;17;2;16;2;15;2;14;2;14;3;14;4
1;2;19;15;18;5;19;5;19;4;19;3;19;2;18;2;17;2;16;2;15;2;14;2;14;3;14;4;14;5
1;2;19;15;19;5;19;4;19;3;19;2;18;2;17;2;16;2;15;2;14;2;14;3;14;4;14;5;14;6
1;2;19;15;19;4;19;3;19;2;18;2;17;2;16;2;15;2;14;2;14;3;14;4;14;5;14;6;14;7
1;2;19;15;19;3;19;2;18;2;17;2;16;2;15;2;14;2;14;3;14;4;14;5;14;6;14;7;14;8
1;2;19;15;19;2;18;2;17;2;16;2;15;2;14;2;14;3;14;4;14;5;14;6;14;7;14;8;14;9
1;2;19;15;18;2;17;2;16;2;15;2;14;2;14;3;14;4;14;5;14;6;14;7;14;8;14;9;14;10
1;2;19;15;17;2;16;2;15;2;14;2;14;3;14;4;14;5;14;6;14;7;14;8;14;9;14;10;14;11
1;2;19;15;16;2;15;2;14;2;14;3;14;4;14;5;14;6;14;7;14;8;14;9;14;10;14;11;14;12
1;2;19;15;15;2;14;2;14;3;14;4;14;5;14;6;14;7;14;8;14;9;14;10;14;11;14;12;14;13
1;2;19;15;14;2;14;3;14;4;14;5;14;6;14;7;14;8;14;9;14;10;14;11;14;12;14;13;14;14
1;2;19;15;14;3;14;4;14;5;14;6;14;7;14;8;14;9;14;10;14;11;14;12;14;13;14;14;14;15
1;1;19;15;14;4;14;5;14;6;14;7;14;8;14;9;14;10;14;11;14;12;14;13;14;14;14;15;15;15
1;1;19;15;14;5;14;6;14;7;14;8;14;9;14;10;14;11;14;12;14;13;14;14;14;15;15;15;16;15
1;1;19;15;14;6;14;7;14;8;14;9;14;10;14;11;14;12;14;13;14;14;14;15;15;15;16;15;17;15
1;1;19;15;14;7;14;8;14;9;14;10;14;11;14;12;14;13;14;14;14;15;15;15;16;15;17;15;18;15
1;1;10;18;14;8;14;8;14;9;14;10;14;11;14;12;14;13;14;14;14;15;15;15;16;15;17;15;18;15;19;15
1;2;10;18;14;8;14;9;14;10;14;11;14;12;14;13;14;14;14;15;15;15;16;15;17;15;18;15;19;15;19;16
1;3;10;18;14;9;14;10;14;11;14;12;14;13;14;14;14;15;15;15;16;15;17;15;18;15;19;15;19;16;18;16
1;3;10;18;14;10;14;11;14;12;14;13;14;14;14;15;15;15;16;15;17;15;18;15;19;15;19;16;18;16;17;16
1;3;10;18;14;11;14;12;14;13;14;14;14;15;15;15;16;15;17;15;18;15;19;15;19;16;18;16;17;16;16;16
1;3;10;18;14;12;14;13;14;14;14;15;15;15;16;15;17;15;18;15;19;15;19;16;18;16;17;16;16;16;15;16
1;3;10;18;14;13;14;14;14;15;15;15;16;15;17;15;18;15;19;15;19;16;18;16;17;16;16;16;15;16;14;16
1;3;10;18;14;14;14;15;15;15;16;15;17;15;18;15;19;15;19;16;18;16;17;16;16;16;15;16;14;16;13;16
1;3;10;18;14;15;15;15;16;15;17;15;18;15;19;15;19;16;18;16;17;16;16;16;15;16;14;16;13;16;12;16
1;3;10;18;15;15;16;15;17;15;18;15;19;15;19;16;18;16;17;16;16;16;15;16;14;16;13;16;12;16;11;16
1;3;10;18;16;15;17;15;18;15;19;15;19;16;18;16;17;16;16;16;15;16;14;16;13;16;12;16;11;16;10;16
1;2;10;18;17;15;18;15;19;15;19;16;18;16;17;16;16;16;15;16;14;16;13;16;12;16;11;16;10;16;10;17
1;2;14;14;18;15;18;15;19;15;19;16;18;16;17;16;16;16;15;16;14;16;13;16;12;16;11;16;10;16;10;17;10;18
1;1;14;14;18;15;19;15;19;16;18;16;17;16;16;16;15;16;14;16;13;16;12;16;11;16;10;16;10;17;10;18;11;18
1;1;14;14;19;15;19;16;18;16;17;16;16;16;15;16;14;16;13;16;12;16;11;16;10;16;10;17;10;18;11;18;12;18
1;1;14;14;19;16;18;16;17;16;16;16;15;16;14;16;13;16;12;16;11;16;10;16;10;17;10;18;11;18;12;18;13;18
1;1;14;14;18;16;17;16;16;16;15;16;14;16;13;16;12;16;11;16;10;16;10;17;10;18;11;18;12;18;13;18;14;18
1;1;14;14;17;16;16;16;15;16;14;16;13;16;12;16;11;16;10;16;10;17;10;18;11;18;12;18;13;18;14;18;15;18
1;1;14;14;16;16;15;16;14;16;13;16;12;16;11;16;10;16;10;17;10;18;11;18;12;18;13;18;14;18;15;18;16;18
1;1;14;14;15;16;14;16;13;16;12;16;11;16;10;16;10;17;10;18;11;18;12;18;13;18;14;18;15;18;16;18;17;18
1;0;14;14;14;16;13;16;12;16;11;16;10;16;10;17;10;18;11;18;12;18;13;18;14;18;15;18;16;18;17;18;17;17
1;0;14;14;13;16;12;16;11;16;10;16;10;17;10;18;11;18;12;18;13;18;14;18;15;18;16;18;17;18;17;17;17;16
1;0;14;14;12;16;11;16;10;16;10;17;10;18;11;18;12;18;13;18;14;18;15;18;16;18;17;18;17;17;17;16;17;15
1;0;14;14;11;16;10;16;10;17;10;18;11;18;12;18;13;18;14;18;15;18;16;18;17;18;17;17;17;16;17;15;17;14
1;3;14;14;10;16;10;17;10;18;11;18;12;18;13;18;14;18;15;18;16;18;17;18;17;17;17;16;17;15;17;14;16;14
1;3;14;14;10;17;10;18;11;18;12;18;13;18;14;18;15;18;16;18;17;18;17;17;17;16;17;15;17;14;16;14;15;14
1;3;7;4;10;18;10;18;11;18;12;18;13;18;14;18;15;18;16;18;17;18;17;17;17;16;17;15;17;14;16;14;15;14;14;14
1;0;7;4;10;18;11;18;12;18;13;18;14;18;15;18;16;18;17;18;17;17;17;16;17;15;17;14;16;14;15;14;14;14;14;13
1;0;7;4;11;18;12;18;13;18;14;18;15;18;16;18;17;18;17;17;17;16;17;15;17;14;16;14;15;14;14;14;14;13;14;12
1;0;7;4;12;18;13;18;14;18;15;18;16;18;17;18;17;17;17;16;17;15;17;14;16;14;15;14;14;14;14;13;14;12;14;11
1;0;7;4;13;18;14;18;15;18;16;18;17;18;17;17;17;16;17;15;17;14;16;14;15;14;14;14;14;13;14;12;14;11;14;10
1;0;7;4;14;18;15;18;16;18;17;18;17;17;17;16;17;15;17;14;16;14;15;14;14;14;14;13;14;12;14;11;14;10;14;9
1;0;7;4;15;18;16;18;17;18;17;17;17;16;17;15;17;14;16;14;15;14;14;14;14;13;14;12;14;11;14;10;14;9;14;8
1;0;7;4;16;18;17;18;17;17;17;16;17;15;17;14;16;14;15;14;14;14;14;13;14;12;14;11;14;10;14;9;14;8;14;7
1;0;7;4;17;18;17;17;17;16;17;15;17;14;16;14;15;14;14;14;14;13;14;12;14;11;14;10;14;9;14;8;14;7;14;6
1;0;7;4;17;17;17;16;17;15;17;14;16;14;15;14;14;14;14;13;14;12;14;11;14;10;14;9;14;8;14;7;14;6;14;5
1;0;7;4;17;16;17;15;17;14;16;14;15;14;14;14;14;13;14;12;14;11;14;10;14;9;14;8;14;7;14;6;14;5;14;4
1;3;7;4;17;15;17;14;16;14;15;14;14;14;14;13;14;12;14;11;14;10;14;9;14;8;14;7;14;6;14;5;14;4;13;4
1;3;7;4;17;14;16;14;15;14;14;14;14;13;14;12;14;11;14;10;14;9;14;8;14;7;14;6;14;5;14;4;13;4;12;4
1;3;7;4;16;14;15;14;14;14;14;13;14;12;14;11;14;10;14;9;14;8;14;7;14;6;14;5;14;4;13;4;12;4;11;4
1;3;7;4;15;14;14;14;14;13;14;12;14;11;14;10;14;9;14;8;14;7;14;6;14;5;14;4;13;4;12;4;11;4;10;4
1;3;7;4;14;14;14;13;14;12;14;11;14;10;14;9;14;8;14;7;14;6;14;5;14;4;13;4;12;4;11;4;10;4;9;4
1;3;7;4;14;13;14;12;14;11;14;10;14;9;14;8;14;7;14;6;14;5;14;4;13;4;12;4;11;4;10;4;9;4;8;4
1;3;11;6;14;12;14;12;14;11;14;10;14;9;14;8;14;7;14;6;14;5;14;4;13;4;12;4;11;4;10;4;9;4;8;4;7;4
1;2;11;6;14;12;14;11;14;10;14;9;14;8;14;7;14;6;14;5;14;4;13;4;12;4;11;4;10;4;9;4;8;4;7;4;7;5
1;2;11;6;14;11;14;10;14;9;14;8;14;7;14;6;14;5;14;4;13;4;12;4;11;4;10;4;9;4;8;4;7;4;7;5;7;6
1;1;11;6;14;10;14;9;14;8;14;7;14;6;14;5;14;4;13;4;12;4;11;4;10;4;9;4;8;4;7;4;7;5;7;6;8;6
1;1;11;6;14;9;14;8;14;7;14;6;14;5;14;4;13;4;12;4;11;4;10;4;9;4;8;4;7;4;7;5;7;6;8;6;9;6
1;1;11;6;14;8;14;7;14;6;14;5;14;4;13;4;12;4;11;4;10;4;9;4;8;4;7;4;7;5;7;6;8;6;9;6;10;6
1;1;6;11;14;7;14;7;14;6;14;5;14;4;13;4;12;4;11;4;10;4;9;4;8;4;7;4;7;5;7;6;8;6;9;6;10;6;11;6
1;2;6;11;14;7;14;6;14;5;14;4;13;4;12;4;11;4;10;4;9;4;8;4;7;4;7;5;7;6;8;6;9;6;10;6;11;6;11;7
1;3;6;11;14;6;14;5;14;4;13;4;12;4;11;4;10;4;9;4;8;4;7;4;7;5;7;6;8;6;9;6;10;6;11;6;11;7;10;7
1;3;6;11;14;5;14;4;13;4;12;4;11;4;10;4;9;4;8;4;7;4;7;5;7;6;8;6;9;6;10;6;11;6;11;7;10;7;9;7
1;3;6;11;14;4;13;4;12;4;11;4;10;4;9;4;8;4;7;4;7;5;7;6;8;6;9;6;10;6;11;6;11;7;10;7;9;7;8;7
1;3;6;11;13;4;12;4;11;4;10;4;9;4;8;4;7;4;7;5;7;6;8;6;9;6;10;6;11;6;11;7;10;7;9;7;8;7;7;7
1;3;6;11;12;4;11;4;10;4;9;4;8;4;7;4;7;5;7;6;8;6;9;6;10;6;11;6;11;7;10;7;9;7;8;7;7;7;6;7
1;2;6;11;11;4;10;4;9;4;8;4;7;4;7;5;7;6;8;6;9;6;10;6;11;6;11;7;10;7;9;7;8;7;7;7;6;7;6;8
1;2;6;11;10;4;9;4;8;4;7;4;7;5;7;6;8;6;9;6;10;6;11;6;11;7;10;7;9;7;8;7;7;7;6;7;6;8;6;9
1;2;6;11;9;4;8;4;7;4;7;5;7;6;8;6;9;6;10;6;11;6;11;7;10;7;9;7;8;7;7;7;6;7;6;8;6;9;6;10
1;2;18;11;8;4;8;4;7;4;7;5;7;6;8;6;9;6;10;6;11;6;11;7;10;7;9;7;8;7;7;7;6;7;6;8;6;9;6;10;6;11
1;1;18;11;8;4;7;4;7;5;7;6;8;6;9;6;10;6;11;6;11;7;10;7;9;7;8;7;7;7;6;7;6;8;6;9;6;10;6;11;7;11
1;1;18;11;7;4;7;5;7;6;8;6;9;6;10;6;11;6;11;7;10;7;9;7;8;7;7;7;6;7;6;8;6;9;6;10;6;11;7;11;8;11
1;1;18;11;7;5;7;6;8;6;9;6;10;6;11;6;11;7;10;7;9;7;8;7;7;7;6;7;6;8;6;9;6;10;6;11;7;11;8;11;9;11
1;1;18;11;7;6;8;6;9;6;10;6;11;6;11;7;10;7;9;7;8;7;7;7;6;7;6;8;6;9;6;10;6;11;7;11;8;11;9;11;10;11
1;1;18;11;8;6;9;6;10;6;11;6;11;7;10;7;9;7;8;7;7;7;6;7;6;8;6;9;6;10;6;11;7;11;8;11;9;11;10;11;11;11
1;1;18;11;9;6;10;6;11;6;11;7;10;7;9;7;8;7;7;7;6;7;6;8;6;9;6;10;6;11;7;11;8;11;9;11;10;11;11;11;12;11
1;1;18;11;10;6;11;6;11;7;10;7;9;7;8;7;7;7;6;7;6;8;6;9;6;10;6;11;7;11;8;11;9;11;10;11;11;11;12;11;13;11
1;1;18;11;11;6;11;7;10;7;9;7;8;7;7;7;6;7;6;8;6;9;6;10;6;11;7;11;8;11;9;11;10;11;11;11;12;11;13;11;14;11
1;1;18;11;11;7;10;7;9;7;8;7;7;7;6;7;6;8;6;9;6;10;6;11;7;11;8;11;9;11;10;11;11;11;12;11;13;11;14;11;15;11
1;1;18;11;10;7;9;7;8;7;7;7;6;7;6;8;6;9;6;10;6;11;7;11;8;11;9;11;10;11;11;11;12;11;13;11;14;11;15;11;16;11
1;1;18;11;9;7;8;7;7;7;6;7;6;8;6;9;6;10;6;11;7;11;8;11;9;11;10;11;11;11;12;11;13;11;14;11;15;11;16;11;17;11
1;1;4;15;8;7;8;7;7;7;6;7;6;8;6;9;6;10;6;11;7;11;8;11;9;11;10;11;11;11;12;11;13;11;14;11;15;11;16;11;17;11;18;11
1;0;4;15;8;7;7;7;6;7;6;8;6;9;6;10;6;11;7;11;8;11;9;11;10;11;11;11;12;11;13;11;14;11;15;11;16;11;17;11;18;11;18;10
1;3;4;15;7;7;6;7;6;8;6;9;6;10;6;11;7;11;8;11;9;11;10;11;11;11;12;11;13;11;14;11;15;11;16;11;17;11;18;11;18;10;17;10
1;3;4;15;6;7;6;8;6;9;6;10;6;11;7;11;8;11;9;11;10;11;11;11;12;11;13;11;14;11;15;11;16;11;17;11;18;11;18;10;17;10;16;10
1;3;4;15;6;8;6;9;6;10;6;11;7;11;8;11;9;11;10;11;11;11;12;11;13;11;14;11;15;11;16;11;17;11;18;11;18;10;17;10;16;10;15;10
1;3;4;15;6;9;6;10;6;11;7;11;8;11;9;11;10;11;11;11;12;11;13;11;14;11;15;11;16;11;17;11;18;11;18;10;17;10;16;10;15;10;14;10
1;3;4;15;6;10;6;11;7;11;8;11;9;11;10;11;11;11;12;11;13;11;14;11;15;11;16;11;17;11;18;11;18;10;17;10;16;10;15;10;14;10;13;10
1;3;4;15;6;11;7;11;8;11;9;11;10;11;11;11;12;11;13;11;14;11;15;11;16;11;17;11;18;11;18;10;17;10;16;10;15;10;14;10;13;10;12;10
1;3;4;15;7;11;8;11;9;11;10;11;11;11;12;11;13;11;14;11;15;11;16;11;17;11;18;11;18;10;17;10;16;10;15;10;14;10;13;10;12;10;11;10
1;3;4;15;8;11;9;11;10;11;11;11;12;11;13;11;14;11;15;11;16;11;17;11;18;11;18;10;17;10;16;10;15;10;14;10;13;10;12;10;11;10;10;10
1;3;4;15;9;11;10;11;11;11;12;11;13;11;14;11;15;11;16;11;17;11;18;11;18;10;17;10;16;10;15;10;14;10;13;10;12;10;11;10;10;10;9;10
1;3;4;15;10;11;11;11;12;11;13;11;14;11;15;11;16;11;17;11;18;11;18;10;17;10;16;10;15;10;14;10;13;10;12;10;11;10;10;10;9;10;8;10
1;3;4;15;11;11;12;11;13;11;14;11;15;11;16;11;17;11;18;11;18;10;17;10;16;10;15;10;14;10;13;10;12;10;11;10;10;10;9;10;8;10;7;10
1;3;4;15;12;11;13;11;14;11;15;11;16;11;17;11;18;11;18;10;17;10;16;10;15;10;14;10;13;10;12;10;11;10;10;10;9;10;8;10;7;10;6;10
1;3;4;15;13;11;14;11;15;11;16;11;17;11;18;11;18;10;17;10;16;10;15;10;14;10;13;10;12;10;11;10;10;10;9;10;8;10;7;10;6;10;5;10
1;3;4;15;14;11;15;11;16;11;17;11;18;11;18;10;17;10;16;10;15;10;14;10;13;10;12;10;11;10;10;10;9;10;8;10;7;10;6;10;5;10;4;10
1;2;4;15;15;11;16;11;17;11;18;11;18;10;17;10;16;10;15;10;14;10;13;10;12;10;11;10;10;10;9;10;8;10;7;10;6;10;5;10;4;10;4;11
1;2;4;15;16;11;17;11;18;11;18;10;17;10;16;10;15;10;14;10;13;10;12;10;11;10;10;10;9;10;8;10;7;10;6;10;5;10;4;10;4;11;4;12
1;2;4;15;17;11;18;11;18;10;17;10;16;10;15;10;14;10;13;10;12;10;11;10;10;10;9;10;8;10;7;10;6;10;5;10;4;10;4;11;4;12;4;13
1;2;4;15;18;11;18;10;17;10;16;10;15;10;14;10;13;10;12;10;11;10;10;10;9;10;8;10;7;10;6;10;5;10;4;10;4;11;4;12;4;13;4;14
1;2;1;2;18;10;18;10;17;10;16;10;15;10;14;10;13;10;12;10;11;10;10;10;9;10;8;10;7;10;6;10;5;10;4;10;4;11;4;12;4;13;4;14;4;15
1;3;1;2;18;10;17;10;16;10;15;10;14;10;13;10;12;10;11;10;10;10;9;10;8;10;7;10;6;10;5;10;4;10;4;11;4;12;4;13;4;14;4;15;3;15
1;0;1;2;17;10;16;10;15;10;14;10;13;10;12;10;11;10;10;10;9;10;8;10;7;10;6;10;5;10;4;10;4;11;4;12;4;13;4;14;4;15;3;15;3;14
1;0;1;2;16;10;15;10;14;10;13;10;12;10;11;10;10;10;9;10;8;10;7;10;6;10;5;10;4;10;4;11;4;12;4;13;4;14;4;15;3;15;3;14;3;13
1;0;1;2;15;10;14;10;13;10;12;10;11;10;10;10;9;10;8;10;7;10;6;10;5;10;4;10;4;11;4;12;4;13;4;14;4;15;3;15;3;14;3;13;3;12
1;0;1;2;14;10;13;10;12;10;11;10;10;10;9;10;8;10;7;10;6;10;5;10;4;10;4;11;4;12;4;13;4;14;4;15;3;15;3;14;3;13;3;12;3;11
1;0;1;2;13;10;12;10;11;10;10;10;9;10;8;10;7;10;6;10;5;10;4;10;4;11;4;12;4;13;4;14;4;15;3;15;3;14;3;13;3;12;3;11;3;10
1;0;1;2;12;10;11;10;10;10;9;10;8;10;7;10;6;10;5;10;4;10;4;11;4;12;4;13;4;14;4;15;3;15;3;14;3;13;3;12;3;11;3;10;3;9
1;0;1;2;11;10;10;10;9;10;8;10;7;10;6;10;5;10;4;10;4;11;4;12;4;13;4;14;4;15;3;15;3;14;3;13;3;12;3;11;3;10;3;9;3;8
1;0;1;2;10;10;9;10;8;10;7;10;6;10;5;10;4;10;4;11;4;12;4;13;4;14;4;15;3;15;3;14;3;13;3;12;3;11;3;10;3;9;3;8;3;7
1;0;1;2;9;10;8;10;7;10;6;10;5;10;4;10;4;11;4;12;4;13;4;14;4;15;3;15;3;14;3;13;3;12;3;11;3;10;3;9;3;8;3;7;3;6
1;0;1;2;8;10;7;10;6;10;5;10;4;10;4;11;4;12;4;13;4;14;4;15;3;15;3;14;3;13;3;12;3;11;3;10;3;9;3;8;3;7;3;6;3;5
1;0;1;2;7;10;6;10;5;10;4;10;4;11;4;12;4;13;4;14;4;15;3;15;3;14;3;13;3;12;3;11;3;10;3;9;3;8;3;7;3;6;3;5;3;4
1;0;1;2;6;10;5;10;4;10;4;11;4;12;4;13;4;14;4;15;3;15;3;14;3;13;3;12;3;11;3;10;3;9;3;8;3;7;3;6;3;5;3;4;3;3
1;0;1;2;5;10;4;10;4;11;4;12;4;13;4;14;4;15;3;15;3;14;3;13;3;12;3;11;3;10;3;9;3;8;3;7;3;6;3;5;3;4;3;3;3;2
1;3;1;2;4;10;4;11;4;12;4;13;4;14;4;15;3;15;3;14;3;13;3;12;3;11;3;10;3;9;3;8;3;7;3;6;3;5;3;4;3;3;3;2;2;2
1;3;1;19;4;11;4;11;4;12;4;13;4;14;4;15;3;15;3;14;3;13;3;12;3;11;3;10;3;9;3;8;3;7;3;6;3;5;3;4;3;3;3;2;2;2;1;2
1;2;1;19;4;11;4;12;4;13;4;14;4;15;3;15;3;14;3;13;3;12;3;11;3;10;3;9;3;8;3;7;3;6;3;5;3;4;3;3;3;2;2;2;1;2;1;3
1;2;1;19;4;12;4;13;4;14;4;15;3;15;3;14;3;13;3;12;3;11;3;10;3;9;3;8;3;7;3;6;3;5;3;4;3;3;3;2;2;2;1;2;1;3;1;4
1;2;1;19;4;13;4;14;4;15;3;15;3;14;3;13;3;12;3;11;3;10;3;9;3;8;3;7;3;6;3;5;3;4;3;3;3;2;2;2;1;2;1;3;1;4;1;5
1;2;1;19;4;14;4;15;3;15;3;14;3;13;3;12;3;11;3;10;3;9;3;8;3;7;3;6;3;5;3;4;3;3;3;2;2;2;1;2;1;3;1;4;1;5;1;6
1;2;1;19;4;15;3;15;3;14;3;13;3;12;3;11;3;10;3;9;3;8;3;7;3;6;3;5;3;4;3;3;3;2;2;2;1;2;1;3;1;4;1;5;1;6;1;7
1;2;1;19;3;15;3;14;3;13;3;12;3;11;3;10;3;9;3;8;3;7;3;6;3;5;3;4;3;3;3;2;2;2;1;2;1;3;1;4;1;5;1;6;1;7;1;8
1;2;1;19;3;14;3;13;3;12;3;11;3;10;3;9;3;8;3;7;3;6;3;5;3;4;3;3;3;2;2;2;1;2;1;3;1;4;1;5;1;6;1;7;1;8;1;9
1;2;1;19;3;13;3;12;3;11;3;10;3;9;3;8;3;7;3;6;3;5;3;4;3;3;3;2;2;2;1;2;1;3;1;4;1;5;1;6;1;7;1;8;1;9;1;10
1;2;1;19;3;12;3;11;3;10;3;9;3;8;3;7;3;6;3;5;3;4;3;3;3;2;2;2;1;2;1;3;1;4;1;5;1;6;1;7;1;8;1;9;1;10;1;11
1;2;1;19;3;11;3;10;3;9;3;8;3;7;3;6;3;5;3;4;3;3;3;2;2;2;1;2;1;3;1;4;1;5;1;6;1;7;1;8;1;9;1;10;1;11;1;12
1;2;1;19;3;10;3;9;3;8;3;7;3;6;3;5;3;4;3;3;3;2;2;2;1;2;1;3;1;4;1;5;1;6;1;7;1;8;1;9;1;10;1;11;1;12;1;13
1;2;1;19;3;9;3;8;3;7;3;6;3;5;3;4;3;3;3;2;2;2;1;2;1;3;1;4;1;5;1;6;1;7;1;8;1;9;1;10;1;11;1;12;1;13;1;14
1;2;1;19;3;8;3;7;3;6;3;5;3;4;3;3;3;2;2;2;1;2;1;3;1;4;1;5;1;6;1;7;1;8;1;9;1;10;1;11;1;12;1;13;1;14;1;15
1;2;1;19;3;7;3;6;3;5;3;4;3;3;3;2;2;2;1;2;1;3;1;4;1;5;1;6;1;7;1;8;1;9;1;10;1;11;1;12;1;13;1;14;1;15;1;16
1;2;1;19;3;6;3;5;3;4;3;3;3;2;2;2;1;2;1;3;1;4;1;5;1;6;1;7;1;8;1;9;1;10;1;11;1;12;1;13;1;14;1;15;1;16;1;17
1;2;1;19;3;5;3;4;3;3;3;2;2;2;1;2;1;3;1;4;1;5;1;6;1;7;1;8;1;9;1;10;1;11;1;12;1;13;1;14;1;15;1;16;1;17;1;18
1;2;19;6;3;4;3;4;3;3;3;2;2;2;1;2;1;3;1;4;1;5;1;6;1;7;1;8;1;9;1;10;1;11;1;12;1;13;1;14;1;15;1;16;1;17;1;18;1;19
1;1;19;6;3;4;3;3;3;2;2;2;1;2;1;3;1;4;1;5;1;6;1;7;1;8;1;9;1;10;1;11;1;12;1;13;1;14;1;15;1;16;1;17;1;18;1;19;2;19
1;1;19;6;3;3;3;2;2;2;1;2;1;3;1;4;1;5;1;6;1;7;1;8;1;9;1;10;1;11;1;12;1;13;1;14;1;15;1;16;1;17;1;18;1;19;2;19;3;19
1;1;19;6;3;2;2;2;1;2;1;3;1;4;1;5;1;6;1;7;1;8;1;9;1;10;1;11;1;12;1;13;1;14;1;15;1;16;1;17;1;18;1;19;2;19;3;19;4;19
1;1;19;6;2;2;1;2;1;3;1;4;1;5;1;6;1;7;1;8;1;9;1;10;1;11;1;12;1;13;1;14;1;15;1;16;1;17;1;18;1;19;2;19;3;19;4;19;5;19
1;1;19;6;1;2;1;3;1;4;1;5;1;6;1;7;1;8;1;9;1;10;1;11;1;12;1;13;1;14;1;15;1;16;1;17;1;18;1;19;2;19;3;19;4;19;5;19;6;19
1;1;19;6;1;3;1;4;1;5;1;6;1;7;1;8;1;9;1;10;1;11;1;12;1;13;1;14;1;15;1;16;1;17;1;18;1;19;2;19;3;19;4;19;5;19;6;19;7;19
1;1;19;6;1;4;1;5;1;6;1;7;1;8;1;9;1;10;1;11;1;12;1;13;1;14;1;15;1;16;1;17;1;18;1;19;2;19;3;19;4;19;5;19;6;19;7;19;8;19
1;1;19;6;1;5;1;6;1;7;1;8;1;9;1;10;1;11;1;12;1;13;1;14;1;15;1;16;1;17;1;18;1;19;2;19;3;19;4;19;5;19;6;19;7;19;8;19;9;19
1;1;19;6;1;6;1;7;1;8;1;9;1;10;1;11;1;12;1;13;1;14;1;15;1;16;1;17;1;18;1;19;2;19;3;19;4;19;5;19;6;19;7;19;8;19;9;19;10;19
1;1;19;6;1;7;1;8;1;9;1;10;1;11;1;12;1;13;1;14;1;15;1;16;1;17;1;18;1;19;2;19;3;19;4;19;5;19;6;19;7;19;8;19;9;19;10;19;11;19
1;1;19;6;1;8;1;9;1;10;1;11;1;12;1;13;1;14;1;15;1;16;1;17;1;18;1;19;2;19;3;19;4;19;5;19;6;19;7;19;8;19;9;19;10;19;11;19;12;19
1;0;19;6;1;9;1;10;1;11;1;12;1;13;1;14;1;15;1;16;1;17;1;18;1;19;2;19;3;19;4;19;5;19;6;19;7;19;8;19;9;19;10;19;11;19;12;19;12;18
1;0;19;6;1;10;1;11;1;12;1;13;1;14;1;15;1;16;1;17;1;18;1;19;2;19;3;19;4;19;5;19;6;19;7;19;8;19;9;19;10;19;11;19;12;19;12;18;12;17
1;0;19;6;1;11;1;12;1;13;1;14;1;15;1;16;1;17;1;18;1;19;2;19;3;19;4;19;5;19;6;19;7;19;8;19;9;19;10;19;11;19;12;19;12;18;12;17;12;16
1;0;19;6;1;12;1;13;1;14;1;15;1;16;1;17;1;18;1;19;2;19;3;19;4;19;5;19;6;19;7;19;8;19;9;19;10;19;11;19;12;19;12;18;12;17;12;16;12;15
1;0;19;6;1;13;1;14;1;15;1;16;1;17;1;18;1;19;2;19;3;19;4;19;5;19;6;19;7;19;8;19;9;19;10;19;11;19;12;19;12;18;12;17;12;16;12;15;12;14
1;0;19;6;1;14;1;15;1;16;1;17;1;18;1;19;2;19;3;19;4;19;5;19;6;19;7;19;8;19;9;19;10;19;11;19;12;19;12;18;12;17;12;16;12;15;12;14;12;13
1;0;19;6;1;15;1;16;1;17;1;18;1;19;2;19;3;19;4;19;5;19;6;19;7;19;8;19;9;19;10;19;11;19;12;19;12;18;12;17;12;16;12;15;12;14;12;13;12;12
1;0;19;6;1;16;1;17;1;18;1;19;2;19;3;19;4;19;5;19;6;19;7;19;8;19;9;19;10;19;11;19;12;19;12;18;12;17;12;16;12;15;12;14;12;13;12;12;12;11
1;1;19;6;1;17;1;18;1;19;2;19;3;19;4;19;5;19;6;19;7;19;8;19;9;19;10;19;11;19;12;19;12;18;12;17;12;16;12;15;12;14;12;13;12;12;12;11;13;11
1;1;19;6;1;18;1;19;2;19;3;19;4;19;5;19;6;19;7;19;8;19;9;19;10;19;11;19;12;19;12;18;12;17;12;16;12;15;12;14;12;13;12;12;12;11;13;11;14;11
1;1;19;6;1;19;2;19;3;19;4;19;5;19;6;19;7;19;8;19;9;19;10;19;11;19;12;19;12;18;12;17;12;16;12;15;12;14;12;13;12;12;12;11;13;11;14;11;15;11
1;1;19;6;2;19;3;19;4;19;5;19;6;19;7;19;8;19;9;19;10;19;11;19;12;19;12;18;12;17;12;16;12;15;12;14;12;13;12;12;12;11;13;11;14;11;15;11;16;11
1;1;19;6;3;19;4;19;5;19;6;19;7;19;8;19;9;19;10;19;11;19;12;19;12;18;12;17;12;16;12;15;12;14;12;13;12;12;12;11;13;11;14;11;15;11;16;11;17;11
1;1;19;6;4;19;5;19;6;19;7;19;8;19;9;19;10;19;11;19;12;19;12;18;12;17;12;16;12;15;12;14;12;13;12;12;12;11;13;11;14;11;15;11;16;11;17;11;18;11
1;1;19;6;5;19;6;19;7;19;8;19;9;19;10;19;11;19;12;19;12;18;12;17;12;16;12;15;12;14;12;13;12;12;12;11;13;11;14;11;15;11;16;11;17;11;18;11;19;11
1;0;19;6;6;19;7;19;8;19;9;19;10;19;11;19;12;19;12;18;12;17;12;16;12;15;12;14;12;13;12;12;12;11;13;11;14;11;15;11;16;11;17;11;18;11;19;11;19;10
1;0;19;6;7;19;8;19;9;19;10;19;11;19;12;19;12;18;12;17;12;16;12;15;12;14;12;13;12;12;12;11;13;11;14;11;15;11;16;11;17;11;18;11;19;11;19;10;19;9
1;0;19;6;8;19;9;19;10;19;11;19;12;19;12;18;12;17;12;16;12;15;12;14;12;13;12;12;12;11;13;11;14;11;15;11;16;11;17;11;18;11;19;11;19;10;19;9;19;8
1;0;19;6;9;19;10;19;11;19;12;19;12;18;12;17;12;16;12;15;12;14;12;13;12;12;12;11;13;11;14;11;15;11;16;11;17;11;18;11;19;11;19;10;19;9;19;8;19;7
1;0;0;16;10;19;10;19;11;19;12;19;12;18;12;17;12;16;12;15;12;14;12;13;12;12;12;11;13;11;14;11;15;11;16;11;17;11;18;11;19;11;19;10;19;9;19;8;19;7;19;6
1;3;0;16;10;19;11;19;12;19;12;18;12;17;12;16;12;15;12;14;12;13;12;12;12;11;13;11;14;11;15;11;16;11;17;11;18;11;19;11;19;10;19;9;19;8;19;7;19;6;18;6
1;3;0;16;11;19;12;19;12;18;12;17;12;16;12;15;12;14;12;13;12;12;12;11;13;11;14;11;15;11;16;11;17;11;18;11;19;11;19;10;19;9;19;8;19;7;19;6;18;6;17;6
1;3;0;16;12;19;12;18;12;17;12;16;12;15;12;14;12;13;12;12;12;11;13;11;14;11;15;11;16;11;17;11;18;11;19;11;19;10;19;9;19;8;19;7;19;6;18;6;17;6;16;6
1;3;0;16;12;18;12;17;12;16;12;15;12;14;12;13;12;12;12;11;13;11;14;11;15;11;16;11;17;11;18;11;19;11;19;10;19;9;19;8;19;7;19;6;18;6;17;6;16;6;15;6
1;3;0;16;12;17;12;16;12;15;12;14;12;13;12;12;12;11;13;11;14;11;15;11;16;11;17;11;18;11;19;11;19;10;19;9;19;8;19;7;19;6;18;6;17;6;16;6;15;6;14;6
1;3;0;16;12;16;12;15;12;14;12;13;12;12;12;11;13;11;14;11;15;11;16;11;17;11;18;11;19;11;19;10;19;9;19;8;19;7;19;6;18;6;17;6;16;6;15;6;14;6;13;6
1;3;0;16;12;15;12;14;12;13;12;12;12;11;13;11;14;11;15;11;16;11;17;11;18;11;19;11;19;10;19;9;19;8;19;7;19;6;18;6;17;6;16;6;15;6;14;6;13;6;12;6
1;3;0;16;12;14;12;13;12;12;12;11;13;11;14;11;15;11;16;11;17;11;18;11;19;11;19;10;19;9;19;8;19;7;19;6;18;6;17;6;16;6;15;6;14;6;13;6;12;6;11;6
1;3;0;16;12;13;12;12;12;11;13;11;14;11;15;11;16;11;17;11;18;11;19;11;19;10;19;9;19;8;19;7;19;6;18;6;17;6;16;6;15;6;14;6;13;6;12;6;11;6;10;6
1;3;0;16;12;12;12;11;13;11;14;11;15;11;16;11;17;11;18;11;19;11;19;10;19;9;19;8;19;7;19;6;18;6;17;6;16;6;15;6;14;6;13;6;12;6;11;6;10;6;9;6
1;3;0;16;12;11;13;11;14;11;15;11;16;11;17;11;18;11;19;11;19;10;19;9;19;8;19;7;19;6;18;6;17;6;16;6;15;6;14;6;13;6;12;6;11;6;10;6;9;6;8;6
1;3;0;16;13;11;14;11;15;11;16;11;17;11;18;11;19;11;19;10;19;9;19;8;19;7;19;6;18;6;17;6;16;6;15;6;14;6;13;6;12;6;11;6;10;6;9;6;8;6;7;6
1;2;0;16;14;11;15;11;16;11;17;11;18;11;19;11;19;10;19;9;19;8;19;7;19;6;18;6;17;6;16;6;15;6;14;6;13;6;12;6;11;6;10;6;9;6;8;6;7;6;7;7
1;2;0;16;15;11;16;11;17;11;18;11;19;11;19;10;19;9;19;8;19;7;19;6;18;6;17;6;16;6;15;6;14;6;13;6;12;6;11;6;10;6;9;6;8;6;7;6;7;7;7;8
1;2;0;16;16;11;17;11;18;11;19;11;19;10;19;9;19;8;19;7;19;6;18;6;17;6;16;6;15;6;14;6;13;6;12;6;11;6;10;6;9;6;8;6;7;6;7;7;7;8;7;9
1;2;0;16;17;11;18;11;19;11;19;10;19;9;19;8;19;7;19;6;18;6;17;6;16;6;15;6;14;6;13;6;12;6;11;6;10;6;9;6;8;6;7;6;7;7;7;8;7;9;7;10
1;3;0;16;18;11;19;11;19;10;19;9;19;8;19;7;19;6;18;6;17;6;16;6;15;6;14;6;13;6;12;6;11;6;10;6;9;6;8;6;7;6;7;7;7;8;7;9;7;10;6;10
1;3;0;16;19;11;19;10;19;9;19;8;19;7;19;6;18;6;17;6;16;6;15;6;14;6;13;6;12;6;11;6;10;6;9;6;8;6;7;6;7;7;7;8;7;9;7;10;6;10;5;10
1;3;0;16;19;10;19;9;19;8;19;7;19;6;18;6;17;6;16;6;15;6;14;6;13;6;12;6;11;6;10;6;9;6;8;6;7;6;7;7;7;8;7;9;7;10;6;10;5;10;4;10
1;3;0;16;19;9;19;8;19;7;19;6;18;6;17;6;16;6;15;6;14;6;13;6;12;6;11;6;10;6;9;6;8;6;7;6;7;7;7;8;7;9;7;10;6;10;5;10;4;10;3;10
1;3;0;16;19;8;19;7;19;6;18;6;17;6;16;6;15;6;14;6;13;6;12;6;11;6;10;6;9;6;8;6;7;6;7;7;7;8;7;9;7;10;6;10;5;10;4;10;3;10;2;10
1;3;0;16;19;7;19;6;18;6;17;6;16;6;15;6;14;6;13;6;12;6;11;6;10;6;9;6;8;6;7;6;7;7;7;8;7;9;7;10;6;10;5;10;4;10;3;10;2;10;1;10
1;3;0;16;19;6;18;6;17;6;16;6;15;6;14;6;13;6;12;6;11;6;10;6;9;6;8;6;7;6;7;7;7;8;7;9;7;10;6;10;5;10;4;10;3;10;2;10;1;10;0;10
1;2;0;16;18;6;17;6;16;6;15;6;14;6;13;6;12;6;11;6;10;6;9;6;8;6;7;6;7;7;7;8;7;9;7;10;6;10;5;10;4;10;3;10;2;10;1;10;0;10;0;11
1;2;0;16;17;6;16;6;15;6;14;6;13;6;12;6;11;6;10;6;9;6;8;6;7;6;7;7;7;8;7;9;7;10;6;10;5;10;4;10;3;10;2;10;1;10;0;10;0;11;0;12
1;2;0;16;16;6;15;6;14;6;13;6;12;6;11;6;10;6;9;6;8;6;7;6;7;7;7;8;7;9;7;10;6;10;5;10;4;10;3;10;2;10;1;10;0;10;0;11;0;12;0;13
1;2;0;16;15;6;14;6;13;6;12;6;11;6;10;6;9;6;8;6;7;6;7;7;7;8;7;9;7;10;6;10;5;10;4;10;3;10;2;10;1;10;0;10;0;11;0;12;0;13;0;14
1;2;0;16;14;6;13;6;12;6;11;6;10;6;9;6;8;6;7;6;7;7;7;8;7;9;7;10;6;10;5;10;4;10;3;10;2;10;1;10;0;10;0;11;0;12;0;13;0;14;0;15
1;2;0;6;13;6;13;6;12;6;11;6;10;6;9;6;8;6;7;6;7;7;7;8;7;9;7;10;6;10;5;10;4;10;3;10;2;10;1;10;0;10;0;11;0;12;0;13;0;14;0;15;0;16
1;1;0;6;13;6;12;6;11;6;10;6;9;6;8;6;7;6;7;7;7;8;7;9;7;10;6;10;5;10;4;10;3;10;2;10;1;10;0;10;0;11;0;12;0;13;0;14;0;15;0;16;1;16
1;1;0;6;12;6;11;6;10;6;9;6;8;6;7;6;7;7;7;8;7;9;7;10;6;10;5;10;4;10;3;10;2;10;1;10;0;10;0;11;0;12;0;13;0;14;0;15;0;16;1;16;2;16
1;1;0;6;11;6;10;6;9;6;8;6;7;6;7;7;7;8;7;9;7;10;6;10;5;10;4;10;3;10;2;10;1;10;0;10;0;11;0;12;0;13;0;14;0;15;0;16;1;16;2;16;3;16
1;0;0;6;10;6;9;6;8;6;7;6;7;7;7;8;7;9;7;10;6;10;5;10;4;10;3;10;2;10;1;10;0;10;0;11;0;12;0;13;0;14;0;15;0;16;1;16;2;16;3;16;3;15
1;3;0;6;9;6;8;6;7;6;7;7;7;8;7;9;7;10;6;10;5;10;4;10;3;10;2;10;1;10;0;10;0;11;0;12;0;13;0;14;0;15;0;16;1;16;2;16;3;16;3;15;2;15
1;0;0;6;8;6;7;6;7;7;7;8;7;9;7;10;6;10;5;10;4;10;3;10;2;10;1;10;0;10;0;11;0;12;0;13;0;14;0;15;0;16;1;16;2;16;3;16;3;15;2;15;2;14
1;0;0;6;7;6;7;7;7;8;7;9;7;10;6;10;5;10;4;10;3;10;2;10;1;10;0;10;0;11;0;12;0;13;0;14;0;15;0;16;1;16;2;16;3;16;3;15;2;15;2;14;2;13
1;0;0;6;7;7;7;8;7;9;7;10;6;10;5;10;4;10;3;10;2;10;1;10;0;10;0;11;0;12;0;13;0;14;0;15;0;16;1;16;2;16;3;16;3;15;2;15;2;14;2;13;2;12
1;0;0;6;7;8;7;9;7;10;6;10;5;10;4;10;3;10;2;10;1;10;0;10;0;11;0;12;0;13;0;14;0;15;0;16;1;16;2;16;3;16;3;15;2;15;2;14;2;13;2;12;2;11
1;1;0;6;7;9;7;10;6;10;5;10;4;10;3;10;2;10;1;10;0;10;0;11;0;12;0;13;0;14;0;15;0;16;1;16;2;16;3;16;3;15;2;15;2;14;2;13;2;12;2;11;3;11
1;1;0;6;7;10;6;10;5;10;4;10;3;10;2;10;1;10;0;10;0;11;0;12;0;13;0;14;0;15;0;16;1;16;2;16;3;16;3;15;2;15;2;14;2;13;2;12;2;11;3;11;4;11
1;1;0;6;6;10;5;10;4;10;3;10;2;10;1;10;0;10;0;11;0;12;0;13;0;14;0;15;0;16;1;16;2;16;3;16;3;15;2;15;2;14;2;13;2;12;2;11;3;11;4;11;5;11
1;1;0;6;5;10;4;10;3;10;2;10;1;10;0;10;0;11;0;12;0;13;0;14;0;15;0;16;1;16;2;16;3;16;3;15;2;15;2;14;2;13;2;12;2;11;3;11;4;11;5;11;6;11
1;0;0;6;4;10;3;10;2;10;1;10;0;10;0;11;0;12;0;13;0;14;0;15;0;16;1;16;2;16;3;16;3;15;2;15;2;14;2;13;2;12;2;11;3;11;4;11;5;11;6;11;6;10
1;0;0;6;3;10;2;10;1;10;0;10;0;11;0;12;0;13;0;14;0;15;0;16;1;16;2;16;3;16;3;15;2;15;2;14;2;13;2;12;2;11;3;11;4;11;5;11;6;11;6;10;6;9
1;0;0;6;2;10;1;10;0;10;0;11;0;12;0;13;0;14;0;15;0;16;1;16;2;16;3;16;3;15;2;15;2;14;2;13;2;12;2;11;3;11;4;11;5;11;6;11;6;10;6;9;6;8
1;0;0;6;1;10;0;10;0;11;0;12;0;13;0;14;0;15;0;16;1;16;2;16;3;16;3;15;2;15;2;14;2;13;2;12;2;11;3;11;4;11;5;11;6;11;6;10;6;9;6;8;6;7
1;0;0;6;0;10;0;11;0;12;0;13;0;14;0;15;0;16;1;16;2;16;3;16;3;15;2;15;2;14;2;13;2;12;2;11;3;11;4;11;5;11;6;11;6;10;6;9;6;8;6;7;6;6
1;3;0;6;0;11;0;12;0;13;0;14;0;15;0;16;1;16;2;16;3;16;3;15;2;15;2;14;2;13;2;12;2;11;3;11;4;11;5;11;6;11;6;10;6;9;6;8;6;7;6;6;5;6
1;3;0;6;0;12;0;13;0;14;0;15;0;16;1;16;2;16;3;16;3;15;2;15;2;14;2;13;2;12;2;11;3;11;4;11;5;11;6;11;6;10;6;9;6;8;6;7;6;6;5;6;4;6
1;3;0;6;0;13;0;14;0;15;0;16;1;16;2;16;3;16;3;15;2;15;2;14;2;13;2;12;2;11;3;11;4;11;5;11;6;11;6;10;6;9;6;8;6;7;6;6;5;6;4;6;3;6
1;3;0;6;0;14;0;15;0;16;1;16;2;16;3;16;3;15;2;15;2;14;2;13;2;12;2;11;3;11;4;11;5;11;6;11;6;10;6;9;6;8;6;7;6;6;5;6;4;6;3;6;2;6
1;3;0;6;0;15;0;16;1;16;2;16;3;16;3;15;2;15;2;14;2;13;2;12;2;11;3;11;4;11;5;11;6;11;6;10;6;9;6;8;6;7;6;6;5;6;4;6;3;6;2;6;1;6
1;3;7;9;0;16;0;16;1;16;2;16;3;16;3;15;2;15;2;14;2;13;2;12;2;11;3;11;4;11;5;11;6;11;6;10;6;9;6;8;6;7;6;6;5;6;4;6;3;6;2;6;1;6;0;6
1;2;7;9;0;16;1;16;2;16;3;16;3;15;2;15;2;14;2;13;2;12;2;11;3;11;4;11;5;11;6;11;6;10;6;9;6;8;6;7;6;6;5;6;4;6;3;6;2;6;1;6;0;6;0;7
1;2;7;9;1;16;2;16;3;16;3;15;2;15;2;14;2;13;2;12;2;11;3;11;4;11;5;11;6;11;6;10;6;9;6;8;6;7;6;6;5;6;4;6;3;6;2;6;1;6;0;6;0;7;0;8
1;2;7;9;2;16;3;16;3;15;2;15;2;14;2;13;2;12;2;11;3;11;4;11;5;11;6;11;6;10;6;9;6;8;6;7;6;6;5;6;4;6;3;6;2;6;1;6;0;6;0;7;0;8;0;9
1;2;7;9;3;16;3;15;2;15;2;14;2;13;2;12;2;11;3;11;4;11;5;11;6;11;6;10;6;9;6;8;6;7;6;6;5;6;4;6;3;6;2;6;1;6;0;6;0;7;0;8;0;9;0;10
1;1;7;9;3;15;2;15;2;14;2;13;2;12;2;11;3;11;4;11;5;11;6;11;6;10;6;9;6;8;6;7;6;6;5;6;4;6;3;6;2;6;1;6;0;6;0;7;0;8;0;9;0;10;1;10
1;0;7;9;2;15;2;14;2;13;2;12;2;11;3;11;4;11;5;11;6;11;6;10;6;9;6;8;6;7;6;6;5;6;4;6;3;6;2;6;1;6;0;6;0;7;0;8;0;9;0;10;1;10;1;9
1;0;7;9;2;14;2;13;2;12;2;11;3;11;4;11;5;11;6;11;6;10;6;9;6;8;6;7;6;6;5;6;4;6;3;6;2;6;1;6;0;6;0;7;0;8;0;9;0;10;1;10;1;9;1;8
1;0;7;9;2;13;2;12;2;11;3;11;4;11;5;11;6;11;6;10;6;9;6;8;6;7;6;6;5;6;4;6;3;6;2;6;1;6;0;6;0;7;0;8;0;9;0;10;1;10;1;9;1;8;1;7
1;1;7;9;2;12;2;11;3;11;4;11;5;11;6;11;6;10;6;9;6;8;6;7;6;6;5;6;4;6;3;6;2;6;1;6;0;6;0;7;0;8;0;9;0;10;1;10;1;9;1;8;1;7;2;7
1;1;7;9;2;11;3;11;4;11;5;11;6;11;6;10;6;9;6;8;6;7;6;6;5;6;4;6;3;6;2;6;1;6;0;6;0;7;0;8;0;9;0;10;1;10;1;9;1;8;1;7;2;7;3;7
1;1;7;9;3;11;4;11;5;11;6;11;6;10;6;9;6;8;6;7;6;6;5;6;4;6;3;6;2;6;1;6;0;6;0;7;0;8;0;9;0;10;1;10;1;9;1;8;1;7;2;7;3;7;4;7
1;1;7;9;4;11;5;11;6;11;6;10;6;9;6;8;6;7;6;6;5;6;4;6;3;6;2;6;1;6;0;6;0;7;0;8;0;9;0;10;1;10;1;9;1;8;1;7;2;7;3;7;4;7;5;7
1;2;7;9;5;11;6;11;6;10;6;9;6;8;6;7;6;6;5;6;4;6;3;6;2;6;1;6;0;6;0;7;0;8;0;9;0;10;1;10;1;9;1;8;1;7;2;7;3;7;4;7;5;7;5;8
1;2;7;9;6;11;6;10;6;9;6;8;6;7;6;6;5;6;4;6;3;6;2;6;1;6;0;6;0;7;0;8;0;9;0;10;1;10;1;9;1;8;1;7;2;7;3;7;4;7;5;7;5;8;5;9
1;2;7;9;6;10;6;9;6;8;6;7;6;6;5;6;4;6;3;6;2;6;1;6;0;6;0;7;0;8;0;9;0;10;1;10;1;9;1;8;1;7;2;7;3;7;4;7;5;7;5;8;5;9;5;10
1;2;7;9;6;9;6;8;6;7;6;6;5;6;4;6;3;6;2;6;1;6;0;6;0;7;0;8;0;9;0;10;1;10;1;9;1;8;1;7;2;7;3;7;4;7;5;7;5;8;5;9;5;10;5;11
1;1;7;9;6;8;6;7;6;6;5;6;4;6;3;6;2;6;1;6;0;6;0;7;0;8;0;9;0;10;1;10;1;9;1;8;1;7;2;7;3;7;4;7;5;7;5;8;5;9;5;10;5;11;6;11
1;1;7;9;6;7;6;6;5;6;4;6;3;6;2;6;1;6;0;6;0;7;0;8;0;9;0;10;1;10;1;9;1;8;1;7;2;7;3;7;4;7;5;7;5;8;5;9;5;10;5;11;6;11;7;11
1;0;7;9;6;6;5;6;4;6;3;6;2;6;1;6;0;6;0;7;0;8;0;9;0;10;1;10;1;9;1;8;1;7;2;7;3;7;4;7;5;7;5;8;5;9;5;10;5;11;6;11;7;11;7;10
1;0;4;19;5;6;5;6;4;6;3;6;2;6;1;6;0;6;0;7;0;8;0;9;0;10;1;10;1;9;1;8;1;7;2;7;3;7;4;7;5;7;5;8;5;9;5;10;5;11;6;11;7;11;7;10;7;9
1;1;4;19;5;6;4;6;3;6;2;6;1;6;0;6;0;7;0;8;0;9;0;10;1;10;1;9;1;8;1;7;2;7;3;7;4;7;5;7;5;8;5;9;5;10;5;11;6;11;7;11;7;10;7;9;8;9
1;2;4;19;4;6;3;6;2;6;1;6;0;6;0;7;0;8;0;9;0;10;1;10;1;9;1;8;1;7;2;7;3;7;4;7;5;7;5;8;5;9;5;10;5;11;6;11;7;11;7;10;7;9;8;9;8;10
1;2;4;19;3;6;2;6;1;6;0;6;0;7;0;8;0;9;0;10;1;10;1;9;1;8;1;7;2;7;3;7;4;7;5;7;5;8;5;9;5;10;5;11;6;11;7;11;7;10;7;9;8;9;8;10;8;11
1;2;4;19;2;6;1;6;0;6;0;7;0;8;0;9;0;10;1;10;1;9;1;8;1;7;2;7;3;7;4;7;5;7;5;8;5;9;5;10;5;11;6;11;7;11;7;10;7;9;8;9;8;10;8;11;8;12
1;3;4;19;1;6;0;6;0;7;0;8;0;9;0;10;1;10;1;9;1;8;1;7;2;7;3;7;4;7;5;7;5;8;5;9;5;10;5;11;6;11;7;11;7;10;7;9;8;9;8;10;8;11;8;12;7;12
1;3;4;19;0;6;0;7;0;8;0;9;0;10;1;10;1;9;1;8;1;7;2;7;3;7;4;7;5;7;5;8;5;9;5;10;5;11;6;11;7;11;7;10;7;9;8;9;8;10;8;11;8;12;7;12;6;12
1;3;4;19;0;7;0;8;0;9;0;10;1;10;1;9;1;8;1;7;2;7;3;7;4;7;5;7;5;8;5;9;5;10;5;11;6;11;7;11;7;10;7;9;8;9;8;10;8;11;8;12;7;12;6;12;5;12
1;3;4;19;0;8;0;9;0;10;1;10;1;9;1;8;1;7;2;7;3;7;4;7;5;7;5;8;5;9;5;10;5;11;6;11;7;11;7;10;7;9;8;9;8;10;8;11;8;12;7;12;6;12;5;12;4;12
1;2;4;19;0;9;0;10;1;10;1;9;1;8;1;7;2;7;3;7;4;7;5;7;5;8;5;9;5;10;5;11;6;11;7;11;7;10;7;9;8;9;8;10;8;11;8;12;7;12;6;12;5;12;4;12;4;13
1;2;4;19;0;10;1;10;1;9;1;8;1;7;2;7;3;7;4;7;5;7;5;8;5;9;5;10;5;11;6;11;7;11;7;10;7;9;8;9;8;10;8;11;8;12;7;12;6;12;5;12;4;12;4;13;4;14
1;2;4;19;1;10;1;9;1;8;1;7;2;7;3;7;4;7;5;7;5;8;5;9;5;10;5;11;6;11;7;11;7;10;7;9;8;9;8;10;8;11;8;12;7;12;6;12;5;12;4;12;4;13;4;14;4;15
1;2;4;19;1;9;1;8;1;7;2;7;3;7;4;7;5;7;5;8;5;9;5;10;5;11;6;11;7;11;7;10;7;9;8;9;8;10;8;11;8;12;7;12;6;12;5;12;4;12;4;13;4;14;4;15;4;16
1;2;4;19;1;8;1;7;2;7;3;7;4;7;5;7;5;8;5;9;5;10;5;11;6;11;7;11;7;10;7;9;8;9;8;10;8;11;8;12;7;12;6;12;5;12;4;12;4;13;4;14;4;15;4;16;4;17
1;2;4;19;1;7;2;7;3;7;4;7;5;7;5;8;5;9;5;10;5;11;6;11;7;11;7;10;7;9;8;9;8;10;8;11;8;12;7;12;6;12;5;12;4;12;4;13;4;14;4;15;4;16;4;17;4;18
1;2;15;6;2;7;2;7;3;7;4;7;5;7;5;8;5;9;5;10;5;11;6;11;7;11;7;10;7;9;8;9;8;10;8;11;8;12;7;12;6;12;5;12;4;12;4;13;4;14;4;15;4;16;4;17;4;18;4;19
1;1;15;6;2;7;3;7;4;7;5;7;5;8;5;9;5;10;5;11;6;11;7;11;7;10;7;9;8;9;8;10;8;11;8;12;7;12;6;12;5;12;4;12;4;13;4;14;4;15;4;16;4;17;4;18;4;19;5;19
1;1;15;6;3;7;4;7;5;7;5;8;5;9;5;10;5;11;6;11;7;11;7;10;7;9;8;9;8;10;8;11;8;12;7;12;6;12;5;12;4;12;4;13;4;14;4;15;4;16;4;17;4;18;4;19;5;19;6;19
1;1;15;6;4;7;5;7;5;8;5;9;5;10;5;11;6;11;7;11;7;10;7;9;8;9;8;10;8;11;8;12;7;12;6;12;5;12;4;12;4;13;4;14;4;15;4;16;4;17;4;18;4;19;5;19;6;19;7;19
1;1;15;6;5;7;5;8;5;9;5;10;5;11;6;11;7;11;7;10;7;9;8;9;8;10;8;11;8;12;7;12;6;12;5;12;4;12;4;13;4;14;4;15;4;16;4;17;4;18;4;19;5;19;6;19;7;19;8;19
1;1;15;6;5;8;5;9;5;10;5;11;6;11;7;11;7;10;7;9;8;9;8;10;8;11;8;12;7;12;6;12;5;12;4;12;4;13;4;14;4;15;4;16;4;17;4;18;4;19;5;19;6;19;7;19;8;19;9;19
1;1;15;6;5;9;5;10;5;11;6;11;7;11;7;10;7;9;8;9;8;10;8;11;8;12;7;12;6;12;5;12;4;12;4;13;4;14;4;15;4;16;4;17;4;18;4;19;5;19;6;19;7;19;8;19;9;19;10;19
1;1;15;6;5;10;5;11;6;11;7;11;7;10;7;9;8;9;8;10;8;11;8;12;7;12;6;12;5;12;4;12;4;13;4;14;4;15;4;16;4;17;4;18;4;19;5;19;6;19;7;19;8;19;9;19;10;19;11;19
1;1;15;6;5;11;6;11;7;11;7;10;7;9;8;9;8;10;8;11;8;12;7;12;6;12;5;12;4;12;4;13;4;14;4;15;4;16;4;17;4;18;4;19;5;19;6;19;7;19;8;19;9;19;10;19;11;19;12;19
1;1;15;6;6;11;7;11;7;10;7;9;8;9;8;10;8;11;8;12;7;12;6;12;5;12;4;12;4;13;4;14;4;15;4;16;4;17;4;18;4;19;5;19;6;19;7;19;8;19;9;19;10;19;11;19;12;19;13;19
1;1;15;6;7;11;7;10;7;9;8;9;8;10;8;11;8;12;7;12;6;12;5;12;4;12;4;13;4;14;4;15;4;16;4;17;4;18;4;19;5;19;6;19;7;19;8;19;9;19;10;19;11;19;12;19;13;19;14;19
1;1;15;6;7;10;7;9;8;9;8;10;8;11;8;12;7;12;6;12;5;12;4;12;4;13;4;14;4;15;4;16;4;17;4;18;4;19;5;19;6;19;7;19;8;19;9;19;10;19;11;19;12;19;13;19;14;19;15;19
1;0;15;6;7;9;8;9;8;10;8;11;8;12;7;12;6;12;5;12;4;12;4;13;4;14;4;15;4;16;4;17;4;18;4;19;5;19;6;19;7;19;8;19;9;19;10;19;11;19;12;19;13;19;14;19;15;19;15;18
1;0;15;6;8;9;8;10;8;11;8;12;7;12;6;12;5;12;4;12;4;13;4;14;4;15;4;16;4;17;4;18;4;19;5;19;6;19;7;19;8;19;9;19;10;19;11;19;12;19;13;19;14;19;15;19;15;18;15;17
1;0;15;6;8;10;8;11;8;12;7;12;6;12;5;12;4;12;4;13;4;14;4;15;4;16;4;17;4;18;4;19;5;19;6;19;7;19;8;19;9;19;10;19;11;19;12;19;13;19;14;19;15;19;15;18;15;17;15;16
1;0;15;6;8;11;8;12;7;12;6;12;5;12;4;12;4;13;4;14;4;15;4;16;4;17;4;18;4;19;5;19;6;19;7;19;8;19;9;19;10;19;11;19;12;19;13;19;14;19;15;19;15;18;15;17;15;16;15;15
1;0;15;6;8;12;7;12;6;12;5;12;4;12;4;13;4;14;4;15;4;16;4;17;4;18;4;19;5;19;6;19;7;19;8;19;9;19;10;19;11;19;12;19;13;19;14;19;15;19;15;18;15;17;15;16;15;15;15;14
1;0;15;6;7;12;6;12;5;12;4;12;4;13;4;14;4;15;4;16;4;17;4;18;4;19;5;19;6;19;7;19;8;19;9;19;10;19;11;19;12;19;13;19;14;19;15;19;15;18;15;17;15;16;15;15;15;14;15;13
1;0;15;6;6;12;5;12;4;12;4;13;4;14;4;15;4;16;4;17;4;18;4;19;5;19;6;19;7;19;8;19;9;19;10;19;11;19;12;19;13;19;14;19;15;19;15;18;15;17;15;16;15;15;15;14;15;13;15;12
1;0;15;6;5;12;4;12;4;13;4;14;4;15;4;16;4;17;4;18;4;19;5;19;6;19;7;19;8;19;9;19;10;19;11;19;12;19;13;19;14;19;15;19;15;18;15;17;15;16;15;15;15;14;15;13;15;12;15;11
1;0;15;6;4;12;4;13;4;14;4;15;4;16;4;17;4;18;4;19;5;19;6;19;7;19;8;19;9;19;10;19;11;19;12;19;13;19;14;19;15;19;15;18;15;17;15;16;15;15;15;14;15;13;15;12;15;11;15;10
1;0;15;6;4;13;4;14;4;15;4;16;4;17;4;18;4;19;5;19;6;19;7;19;8;19;9;19;10;19;11;19;12;19;13;19;14;19;15;19;15;18;15;17;15;16;15;15;15;14;15;13;15;12;15;11;15;10;15;9
1;0;15;6;4;14;4;15;4;16;4;17;4;18;4;19;5;19;6;19;7;19;8;19;9;19;10;19;11;19;12;19;13;19;14;19;15;19;15;18;15;17;15;16;15;15;15;14;15;13;15;12;15;11;15;10;15;9;15;8
1;0;15;6;4;15;4;16;4;17;4;18;4;19;5;19;6;19;7;19;8;19;9;19;10;19;11;19;12;19;13;19;14;19;15;19;15;18;15;17;15;16;15;15;15;14;15;13;15;12;15;11;15;10;15;9;15;8;15;7
1;0;6;0;4;16;4;16;4;17;4;18;4;19;5;19;6;19;7;19;8;19;9;19;10;19;11;19;12;19;13;19;14;19;15;19;15;18;15;17;15;16;15;15;15;14;15;13;15;12;15;11;15;10;15;9;15;8;15;7;15;6
1;3;6;0;4;16;4;17;4;18;4;19;5;19;6;19;7;19;8;19;9;19;10;19;11;19;12;19;13;19;14;19;15;19;15;18;15;17;15;16;15;15;15;14;15;13;15;12;15;11;15;10;15;9;15;8;15;7;15;6;14;6
1;3;6;0;4;17;4;18;4;19;5;19;6;19;7;19;8;19;9;19;10;19;11;19;12;19;13;19;14;19;15;19;15;18;15;17;15;16;15;15;15;14;15;13;15;12;15;11;15;10;15;9;15;8;15;7;15;6;14;6;13;6
1;3;6;0;4;18;4;19;5;19;6;19;7;19;8;19;9;19;10;19;11;19;12;19;13;19;14;19;15;19;15;18;15;17;15;16;15;15;15;14;15;13;15;12;15;11;15;10;15;9;15;8;15;7;15;6;14;6;13;6;12;6
1;3;6;0;4;19;5;19;6;19;7;19;8;19;9;19;10;19;11;19;12;19;13;19;14;19;15;19;15;18;15;17;15;16;15;15;15;14;15;13;15;12;15;11;15;10;15;9;15;8;15;7;15;6;14;6;13;6;12;6;11;6
1;0;6;0;5;19;6;19;7;19;8;19;9;19;10;19;11;19;12;19;13;19;14;19;15;19;15;18;15;17;15;16;15;15;15;14;15;13;15;12;15;11;15;10;15;9;15;8;15;7;15;6;14;6;13;6;12;6;11;6;11;5
1;0;6;0;6;19;7;19;8;19;9;19;10;19;11;19;12;19;13;19;14;19;15;19;15;18;15;17;15;16;15;15;15;14;15;13;15;12;15;11;15;10;15;9;15;8;15;7;15;6;14;6;13;6;12;6;11;6;11;5;11;4
1;0;6;0;7;19;8;19;9;19;10;19;11;19;12;19;13;19;14;19;15;19;15;18;15;17;15;16;15;15;15;14;15;13;15;12;15;11;15;10;15;9;15;8;15;7;15;6;14;6;13;6;12;6;11;6;11;5;11;4;11;3
1;0;6;0;8;19;9;19;10;19;11;19;12;19;13;19;14;19;15;19;15;18;15;17;15;16;15;15;15;14;15;13;15;12;15;11;15;10;15;9;15;8;15;7;15;6;14;6;13;6;12;6;11;6;11;5;11;4;11;3;11;2
1;0;6;0;9;19;10;19;11;19;12;19;13;19;14;19;15;19;15;18;15;17;15;16;15;15;15;14;15;13;15;12;15;11;15;10;15;9;15;8;15;7;15;6;14;6;13;6;12;6;11;6;11;5;11;4;11;3;11;2;11;1
1;0;6;0;10;19;11;19;12;19;13;19;14;19;15;19;15;18;15;17;15;16;15;15;15;14;15;13;15;12;15;11;15;10;15;9;15;8;15;7;15;6;14;6;13;6;12;6;11;6;11;5;11;4;11;3;11;2;11;1;11;0
1;3;6;0;11;19;12;19;13;19;14;19;15;19;15;18;15;17;15;16;15;15;15;14;15;13;15;12;15;11;15;10;15;9;15;8;15;7;15;6;14;6;13;6;12;6;11;6;11;5;11;4;11;3;11;2;11;1;11;0;10;0
1;3;6;0;12;19;13;19;14;19;15;19;15;18;15;17;15;16;15;15;15;14;15;13;15;12;15;11;15;10;15;9;15;8;15;7;15;6;14;6;13;6;12;6;11;6;11;5;11;4;11;3;11;2;11;1;11;0;10;0;9;0
1;3;6;0;13;19;14;19;15;19;15;18;15;17;15;16;15;15;15;14;15;13;15;12;15;11;15;10;15;9;15;8;15;7;15;6;14;6;13;6;12;6;11;6;11;5;11;4;11;3;11;2;11;1;11;0;10;0;9;0;8;0
1;3;6;0;14;19;15;19;15;18;15;17;15;16;15;15;15;14;15;13;15;12;15;11;15;10;15;9;15;8;15;7;15;6;14;6;13;6;12;6;11;6;11;5;11;4;11;3;11;2;11;1;11;0;10;0;9;0;8;0;7;0
1;3;1;19;15;19;15;19;15;18;15;17;15;16;15;15;15;14;15;13;15;12;15;11;15;10;15;9;15;8;15;7;15;6;14;6;13;6;12;6;11;6;11;5;11;4;11;3;11;2;11;1;11;0;10;0;9;0;8;0;7;0;6;0
1;2;1;19;15;19;15;18;15;17;15;16;15;15;15;14;15;13;15;12;15;11;15;10;15;9;15;8;15;7;15;6;14;6;13;6;12;6;11;6;11;5;11;4;11;3;11;2;11;1;11;0;10;0;9;0;8;0;7;0;6;0;6;1
1;2;1;19;15;18;15;17;15;16;15;15;15;14;15;13;15;12;15;11;15;10;15;9;15;8;15;7;15;6;14;6;13;6;12;6;11;6;11;5;11;4;11;3;11;2;11;1;11;0;10;0;9;0;8;0;7;0;6;0;6;1;6;2
1;2;1;19;15;17;15;16;15;15;15;14;15;13;15;12;15;11;15;10;15;9;15;8;15;7;15;6;14;6;13;6;12;6;11;6;11;5;11;4;11;3;11;2;11;1;11;0;10;0;9;0;8;0;7;0;6;0;6;1;6;2;6;3
1;2;1;19;15;16;15;15;15;14;15;13;15;12;15;11;15;10;15;9;15;8;15;7;15;6;14;6;13;6;12;6;11;6;11;5;11;4;11;3;11;2;11;1;11;0;10;0;9;0;8;0;7;0;6;0;6;1;6;2;6;3;6;4
1;2;1;19;15;15;15;14;15;13;15;12;15;11;15;10;15;9;15;8;15;7;15;6;14;6;13;6;12;6;11;6;11;5;11;4;11;3;11;2;11;1;11;0;10;0;9;0;8;0;7;0;6;0;6;1;6;2;6;3;6;4;6;5
1;2;1;19;15;14;15;13;15;12;15;11;15;10;15;9;15;8;15;7;15;6;14;6;13;6;12;6;11;6;11;5;11;4;11;3;11;2;11;1;11;0;10;0;9;0;8;0;7;0;6;0;6;1;6;2;6;3;6;4;6;5;6;6
1;2;1;19;15;13;15;12;15;11;15;10;15;9;15;8;15;7;15;6;14;6;13;6;12;6;11;6;11;5;11;4;11;3;11;2;11;1;11;0;10;0;9;0;8;0;7;0;6;0;6;1;6;2;6;3;6;4;6;5;6;6;6;7
1;2;1;19;15;12;15;11;15;10;15;9;15;8;15;7;15;6;14;6;13;6;12;6;11;6;11;5;11;4;11;3;11;2;11;1;11;0;10;0;9;0;8;0;7;0;6;0;6;1;6;2;6;3;6;4;6;5;6;6;6;7;6;8
1;3;1;19;15;11;15;10;15;9;15;8;15;7;15;6;14;6;13;6;12;6;11;6;11;5;11;4;11;3;11;2;11;1;11;0;10;0;9;0;8;0;7;0;6;0;6;1;6;2;6;3;6;4;6;5;6;6;6;7;6;8;5;8
1;3;1;19;15;10;15;9;15;8;15;7;15;6;14;6;13;6;12;6;11;6;11;5;11;4;11;3;11;2;11;1;11;0;10;0;9;0;8;0;7;0;6;0;6;1;6;2;6;3;6;4;6;5;6;6;6;7;6;8;5;8;4;8
1;3;1;19;15;9;15;8;15;7;15;6;14;6;13;6;12;6;11;6;11;5;11;4;11;3;11;2;11;1;11;0;10;0;9;0;8;0;7;0;6;0;6;1;6;2;6;3;6;4;6;5;6;6;6;7;6;8;5;8;4;8;3;8
1;3;1;19;15;8;15;7;15;6;14;6;13;6;12;6;11;6;11;5;11;4;11;3;11;2;11;1;11;0;10;0;9;0;8;0;7;0;6;0;6;1;6;2;6;3;6;4;6;5;6;6;6;7;6;8;5;8;4;8;3;8;2;8
1;3;1;19;15;7;15;6;14;6;13;6;12;6;11;6;11;5;11;4;11;3;11;2;11;1;11;0;10;0;9;0;8;0;7;0;6;0;6;1;6;2;6;3;6;4;6;5;6;6;6;7;6;8;5;8;4;8;3;8;2;8;1;8
1;2;1;19;15;6;14;6;13;6;12;6;11;6;11;5;11;4;11;3;11;2;11;1;11;0;10;0;9;0;8;0;7;0;6;0;6;1;6;2;6;3;6;4;6;5;6;6;6;7;6;8;5;8;4;8;3;8;2;8;1;8;1;9
1;2;1;19;14;6;13;6;12;6;11;6;11;5;11;4;11;3;11;2;11;1;11;0;10;0;9;0;8;0;7;0;6;0;6;1;6;2;6;3;6;4;6;5;6;6;6;7;6;8;5;8;4;8;3;8;2;8;1;8;1;9;1;10
1;2;1;19;13;6;12;6;11;6;11;5;11;4;11;3;11;2;11;1;11;0;10;0;9;0;8;0;7;0;6;0;6;1;6;2;6;3;6;4;6;5;6;6;6;7;6;8;5;8;4;8;3;8;2;8;1;8;1;9;1;10;1;11
1;2;1;19;12;6;11;6;11;5;11;4;11;3;11;2;11;1;11;0;10;0;9;0;8;0;7;0;6;0;6;1;6;2;6;3;6;4;6;5;6;6;6;7;6;8;5;8;4;8;3;8;2;8;1;8;1;9;1;10;1;11;1;12
1;2;1;19;11;6;11;5;11;4;11;3;11;2;11;1;11;0;10;0;9;0;8;0;7;0;6;0;6;1;6;2;6;3;6;4;6;5;6;6;6;7;6;8;5;8;4;8;3;8;2;8;1;8;1;9;1;10;1;11;1;12;1;13
1;2;1;19;11;5;11;4;11;3;11;2;11;1;11;0;10;0;9;0;8;0;7;0;6;0;6;1;6;2;6;3;6;4;6;5;6;6;6;7;6;8;5;8;4;8;3;8;2;8;1;8;1;9;1;10;1;11;1;12;1;13;1;14
1;2;1;19;11;4;11;3;11;2;11;1;11;0;10;0;9;0;8;0;7;0;6;0;6;1;6;2;6;3;6;4;6;5;6;6;6;7;6;8;5;8;4;8;3;8;2;8;1;8;1;9;1;10;1;11;1;12;1;13;1;14;1;15
1;2;1;19;11;3;11;2;11;1;11;0;10;0;9;0;8;0;7;0;6;0;6;1;6;2;6;3;6;4;6;5;6;6;6;7;6;8;5;8;4;8;3;8;2;8;1;8;1;9;1;10;1;11;1;12;1;13;1;14;1;15;1;16
1;2;1;19;11;2;11;1;11;0;10;0;9;0;8;0;7;0;6;0;6;1;6;2;6;3;6;4;6;5;6;6;6;7;6;8;5;8;4;8;3;8;2;8;1;8;1;9;1;10;1;11;1;12;1;13;1;14;1;15;1;16;1;17
1;2;1;19;11;1;11;0;10;0;9;0;8;0;7;0;6;0;6;1;6;2;6;3;6;4;6;5;6;6;6;7;6;8;5;8;4;8;3;8;2;8;1;8;1;9;1;10;1;11;1;12;1;13;1;14;1;15;1;16;1;17;1;18
1;2;4;17;11;0;11;0;10;0;9;0;8;0;7;0;6;0;6;1;6;2;6;3;6;4;6;5;6;6;6;7;6;8;5;8;4;8;3;8;2;8;1;8;1;9;1;10;1;11;1;12;1;13;1;14;1;15;1;16;1;17;1;18;1;19
1;1;4;17;11;0;10;0;9;0;8;0;7;0;6;0;6;1;6;2;6;3;6;4;6;5;6;6;6;7;6;8;5;8;4;8;3;8;2;8;1;8;1;9;1;10;1;11;1;12;1;13;1;14;1;15;1;16;1;17;1;18;1;19;2;19
1;1;4;17;10;0;9;0;8;0;7;0;6;0;6;1;6;2;6;3;6;4;6;5;6;6;6;7;6;8;5;8;4;8;3;8;2;8;1;8;1;9;1;10;1;11;1;12;1;13;1;14;1;15;1;16;1;17;1;18;1;19;2;19;3;19
1;1;4;17;9;0;8;0;7;0;6;0;6;1;6;2;6;3;6;4;6;5;6;6;6;7;6;8;5;8;4;8;3;8;2;8;1;8;1;9;1;10;1;11;1;12;1;13;1;14;1;15;1;16;1;17;1;18;1;19;2;19;3;19;4;19
1;0;4;17;8;0;7;0;6;0;6;1;6;2;6;3;6;4;6;5;6;6;6;7;6;8;5;8;4;8;3;8;2;8;1;8;1;9;1;10;1;11;1;12;1;13;1;14;1;15;1;16;1;17;1;18;1;19;2;19;3;19;4;19;4;18
1;0;18;8;7;0;7;0;6;0;6;1;6;2;6;3;6;4;6;5;6;6;6;7;6;8;5;8;4;8;3;8;2;8;1;8;1;9;1;10;1;11;1;12;1;13;1;14;1;15;1;16;1;17;1;18;1;19;2;19;3;19;4;19;4;18;4;17
1;1;18;8;7;0;6;0;6;1;6;2;6;3;6;4;6;5;6;6;6;7;6;8;5;8;4;8;3;8;2;8;1;8;1;9;1;10;1;11;1;12;1;13;1;14;1;15;1;16;1;17;1;18;1;19;2;19;3;19;4;19;4;18;4;17;5;17
1;1;18;8;6;0;6;1;6;2;6;3;6;4;6;5;6;6;6;7;6;8;5;8;4;8;3;8;2;8;1;8;1;9;1;10;1;11;1;12;1;13;1;14;1;15;1;16;1;17;1;18;1;19;2;19;3;19;4;19;4;18;4;17;5;17;6;17
1;1;18;8;6;1;6;2;6;3;6;4;6;5;6;6;6;7;6;8;5;8;4;8;3;8;2;8;1;8;1;9;1;10;1;11;1;12;1;13;1;14;1;15;1;16;1;17;1;18;1;19;2;19;3;19;4;19;4;18;4;17;5;17;6;17;7;17
1;1;18;8;6;2;6;3;6;4;6;5;6;6;6;7;6;8;5;8;4;8;3;8;2;8;1;8;1;9;1;10;1;11;1;12;1;13;1;14;1;15;1;16;1;17;1;18;1;19;2;19;3;19;4;19;4;18;4;17;5;17;6;17;7;17;8;17
1;1;18;8;6;3;6;4;6;5;6;6;6;7;6;8;5;8;4;8;3;8;2;8;1;8;1;9;1;10;1;11;1;12;1;13;1;14;1;15;1;16;1;17;1;18;1;19;2;19;3;19;4;19;4;18;4;17;5;17;6;17;7;17;8;17;9;17
1;1;18;8;6;4;6;5;6;6;6;7;6;8;5;8;4;8;3;8;2;8;1;8;1;9;1;10;1;11;1;12;1;13;1;14;1;15;1;16;1;17;1;18;1;19;2;19;3;19;4;19;4;18;4;17;5;17;6;17;7;17;8;17;9;17;10;17
1;1;18;8;6;5;6;6;6;7;6;8;5;8;4;8;3;8;2;8;1;8;1;9;1;10;1;11;1;12;1;13;1;14;1;15;1;16;1;17;1;18;1;19;2;19;3;19;4;19;4;18;4;17;5;17;6;17;7;17;8;17;9;17;10;17;11;17
1;1;18;8;6;6;6;7;6;8;5;8;4;8;3;8;2;8;1;8;1;9;1;10;1;11;1;12;1;13;1;14;1;15;1;16;1;17;1;18;1;19;2;19;3;19;4;19;4;18;4;17;5;17;6;17;7;17;8;17;9;17;10;17;11;17;12;17
1;0;18;8;6;7;6;8;5;8;4;8;3;8;2;8;1;8;1;9;1;10;1;11;1;12;1;13;1;14;1;15;1;16;1;17;1;18;1;19;2;19;3;19;4;19;4;18;4;17;5;17;6;17;7;17;8;17;9;17;10;17;11;17;12;17;12;16
1;0;18;8;6;8;5;8;4;8;3;8;2;8;1;8;1;9;1;10;1;11;1;12;1;13;1;14;1;15;1;16;1;17;1;18;1;19;2;19;3;19;4;19;4;18;4;17;5;17;6;17;7;17;8;17;9;17;10;17;11;17;12;17;12;16;12;15
1;0;18;8;5;8;4;8;3;8;2;8;1;8;1;9;1;10;1;11;1;12;1;13;1;14;1;15;1;16;1;17;1;18;1;19;2;19;3;19;4;19;4;18;4;17;5;17;6;17;7;17;8;17;9;17;10;17;11;17;12;17;12;16;12;15;12;14
1;0;18;8;4;8;3;8;2;8;1;8;1;9;1;10;1;11;1;12;1;13;1;14;1;15;1;16;1;17;1;18;1;19;2;19;3;19;4;19;4;18;4;17;5;17;6;17;7;17;8;17;9;17;10;17;11;17;12;17;12;16;12;15;12;14;12;13
1;0;18;8;3;8;2;8;1;8;1;9;1;10;1;11;1;12;1;13;1;14;1;15;1;16;1;17;1;18;1;19;2;19;3;19;4;19;4;18;4;17;5;17;6;17;7;17;8;17;9;17;10;17;11;17;12;17;12;16;12;15;12;14;12;13;12;12
1;0;18;8;2;8;1;8;1;9;1;10;1;11;1;12;1;13;1;14;1;15;1;16;1;17;1;18;1;19;2;19;3;19;4;19;4;18;4;17;5;17;6;17;7;17;8;17;9;17;10;17;11;17;12;17;12;16;12;15;12;14;12;13;12;12;12;11
1;0;18;8;1;8;1;9;1;10;1;11;1;12;1;13;1;14;1;15;1;16;1;17;1;18;1;19;2;19;3;19;4;19;4;18;4;17;5;17;6;17;7;17;8;17;9;17;10;17;11;17;12;17;12;16;12;15;12;14;12;13;12;12;12;11;12;10
1;0;18;8;1;9;1;10;1;11;1;12;1;13;1;14;1;15;1;16;1;17;1;18;1;19;2;19;3;19;4;19;4;18;4;17;5;17;6;17;7;17;8;17;9;17;10;17;11;17;12;17;12;16;12;15;12;14;12;13;12;12;12;11;12;10;12;9
1;0;18;8;1;10;1;11;1;12;1;13;1;14;1;15;1;16;1;17;1;18;1;19;2;19;3;19;4;19;4;18;4;17;5;17;6;17;7;17;8;17;9;17;10;17;11;17;12;17;12;16;12;15;12;14;12;13;12;12;12;11;12;10;12;9;12;8
1;1;18;8;1;11;1;12;1;13;1;14;1;15;1;16;1;17;1;18;1;19;2;19;3;19;4;19;4;18;4;17;5;17;6;17;7;17;8;17;9;17;10;17;11;17;12;17;12;16;12;15;12;14;12;13;12;12;12;11;12;10;12;9;12;8;13;8
1;1;18;8;1;12;1;13;1;14;1;15;1;16;1;17;1;18;1;19;2;19;3;19;4;19;4;18;4;17;5;17;6;17;7;17;8;17;9;17;10;17;11;17;12;17;12;16;12;15;12;14;12;13;12;12;12;11;12;10;12;9;12;8;13;8;14;8
1;1;18;8;1;13;1;14;1;15;1;16;1;17;1;18;1;19;2;19;3;19;4;19;4;18;4;17;5;17;6;17;7;17;8;17;9;17;10;17;11;17;12;17;12;16;12;15;12;14;12;13;12;12;12;11;12;10;12;9;12;8;13;8;14;8;15;8
1;1;18;8;1;14;1;15;1;16;1;17;1;18;1;19;2;19;3;19;4;19;4;18;4;17;5;17;6;17;7;17;8;17;9;17;10;17;11;17;12;17;12;16;12;15;12;14;12;13;12;12;12;11;12;10;12;9;12;8;13;8;14;8;15;8;16;8
1;1;18;8;1;15;1;16;1;17;1;18;1;19;2;19;3;19;4;19;4;18;4;17;5;17;6;17;7;17;8;17;9;17;10;17;11;17;12;17;12;16;12;15;12;14;12;13;12;12;12;11;12;10;12;9;12;8;13;8;14;8;15;8;16;8;17;8
1;1;7;19;1;16;1;16;1;17;1;18;1;19;2;19;3;19;4;19;4;18;4;17;5;17;6;17;7;17;8;17;9;17;10;17;11;17;12;17;12;16;12;15;12;14;12;13;12;12;12;11;12;10;12;9;12;8;13;8;14;8;15;8;16;8;17;8;18;8
1;0;7;19;1;16;1;17;1;18;1;19;2;19;3;19;4;19;4;18;4;17;5;17;6;17;7;17;8;17;9;17;10;17;11;17;12;17;12;16;12;15;12;14;12;13;12;12;12;11;12;10;12;9;12;8;13;8;14;8;15;8;16;8;17;8;18;8;18;7
1;3;7;19;1;17;1;18;1;19;2;19;3;19;4;19;4;18;4;17;5;17;6;17;7;17;8;17;9;17;10;17;11;17;12;17;12;16;12;15;12;14;12;13;12;12;12;11;12;10;12;9;12;8;13;8;14;8;15;8;16;8;17;8;18;8;18;7;17;7
1;3;7;19;1;18;1;19;2;19;3;19;4;19;4;18;4;17;5;17;6;17;7;17;8;17;9;17;10;17;11;17;12;17;12;16;12;15;12;14;12;13;12;12;12;11;12;10;12;9;12;8;13;8;14;8;15;8;16;8;17;8;18;8;18;7;17;7;16;7
1;3;7;19;1;19;2;19;3;19;4;19;4;18;4;17;5;17;6;17;7;17;8;17;9;17;10;17;11;17;12;17;12;16;12;15;12;14;12;13;12;12;12;11;12;10;12;9;12;8;13;8;14;8;15;8;16;8;17;8;18;8;18;7;17;7;16;7;15;7
1;3;7;19;2;19;3;19;4;19;4;18;4;17;5;17;6;17;7;17;8;17;9;17;10;17;11;17;12;17;12;16;12;15;12;14;12;13;12;12;12;11;12;10;12;9;12;8;13;8;14;8;15;8;16;8;17;8;18;8;18;7;17;7;16;7;15;7;14;7
1;3;7;19;3;19;4;19;4;18;4;17;5;17;6;17;7;17;8;17;9;17;10;17;11;17;12;17;12;16;12;15;12;14;12;13;12;12;12;11;12;10;12;9;12;8;13;8;14;8;15;8;16;8;17;8;18;8;18;7;17;7;16;7;15;7;14;7;13;7
1;3;7;19;4;19;4;18;4;17;5;17;6;17;7;17;8;17;9;17;10;17;11;17;12;17;12;16;12;15;12;14;12;13;12;12;12;11;12;10;12;9;12;8;13;8;14;8;15;8;16;8;17;8;18;8;18;7;17;7;16;7;15;7;14;7;13;7;12;7
1;3;7;19;4;18;4;17;5;17;6;17;7;17;8;17;9;17;10;17;11;17;12;17;12;16;12;15;12;14;12;13;12;12;12;11;12;10;12;9;12;8;13;8;14;8;15;8;16;8;17;8;18;8;18;7;17;7;16;7;15;7;14;7;13;7;12;7;11;7
1;3;7;19;4;17;5;17;6;17;7;17;8;17;9;17;10;17;11;17;12;17;12;16;12;15;12;14;12;13;12;12;12;11;12;10;12;9;12;8;13;8;14;8;15;8;16;8;17;8;18;8;18;7;17;7;16;7;15;7;14;7;13;7;12;7;11;7;10;7
1;3;7;19;5;17;6;17;7;17;8;17;9;17;10;17;11;17;12;17;12;16;12;15;12;14;12;13;12;12;12;11;12;10;12;9;12;8;13;8;14;8;15;8;16;8;17;8;18;8;18;7;17;7;16;7;15;7;14;7;13;7;12;7;11;7;10;7;9;7
1;3;7;19;6;17;7;17;8;17;9;17;10;17;11;17;12;17;12;16;12;15;12;14;12;13;12;12;12;11;12;10;12;9;12;8;13;8;14;8;15;8;16;8;17;8;18;8;18;7;17;7;16;7;15;7;14;7;13;7;12;7;11;7;10;7;9;7;8;7
1;3;7;19;7;17;8;17;9;17;10;17;11;17;12;17;12;16;12;15;12;14;12;13;12;12;12;11;12;10;12;9;12;8;13;8;14;8;15;8;16;8;17;8;18;8;18;7;17;7;16;7;15;7;14;7;13;7;12;7;11;7;10;7;9;7;8;7;7;7
1;2;7;19;8;17;9;17;10;17;11;17;12;17;12;16;12;15;12;14;12;13;12;12;12;11;12;10;12;9;12;8;13;8;14;8;15;8;16;8;17;8;18;8;18;7;17;7;16;7;15;7;14;7;13;7;12;7;11;7;10;7;9;7;8;7;7;7;7;8
1;2;7;19;9;17;10;17;11;17;12;17;12;16;12;15;12;14;12;13;12;12;12;11;12;10;12;9;12;8;13;8;14;8;15;8;16;8;17;8;18;8;18;7;17;7;16;7;15;7;14;7;13;7;12;7;11;7;10;7;9;7;8;7;7;7;7;8;7;9
1;2;7;19;10;17;11;17;12;17;12;16;12;15;12;14;12;13;12;12;12;11;12;10;12;9;12;8;13;8;14;8;15;8;16;8;17;8;18;8;18;7;17;7;16;7;15;7;14;7;13;7;12;7;11;7;10;7;9;7;8;7;7;7;7;8;7;9;7;10
1;2;7;19;11;17;12;17;12;16;12;15;12;14;12;13;12;12;12;11;12;10;12;9;12;8;13;8;14;8;15;8;16;8;17;8;18;8;18;7;17;7;16;7;15;7;14;7;13;7;12;7;11;7;10;7;9;7;8;7;7;7;7;8;7;9;7;10;7;11
1;2;7;19;12;17;12;16;12;15;12;14;12;13;12;12;12;11;12;10;12;9;12;8;13;8;14;8;15;8;16;8;17;8;18;8;18;7;17;7;16;7;15;7;14;7;13;7;12;7;11;7;10;7;9;7;8;7;7;7;7;8;7;9;7;10;7;11;7;12
1;2;7;19;12;16;12;15;12;14;12;13;12;12;12;11;12;10;12;9;12;8;13;8;14;8;15;8;16;8;17;8;18;8;18;7;17;7;16;7;15;7;14;7;13;7;12;7;11;7;10;7;9;7;8;7;7;7;7;8;7;9;7;10;7;11;7;12;7;13
1;2;7;19;12;15;12;14;12;13;12;12;12;11;12;10;12;9;12;8;13;8;14;8;15;8;16;8;17;8;18;8;18;7;17;7;16;7;15;7;14;7;13;7;12;7;11;7;10;7;9;7;8;7;7;7;7;8;7;9;7;10;7;11;7;12;7;13;7;14
1;2;7;19;12;14;12;13;12;12;12;11;12;10;12;9;12;8;13;8;14;8;15;8;16;8;17;8;18;8;18;7;17;7;16;7;15;7;14;7;13;7;12;7;11;7;10;7;9;7;8;7;7;7;7;8;7;9;7;10;7;11;7;12;7;13;7;14;7;15
1;2;7;19;12;13;12;12;12;11;12;10;12;9;12;8;13;8;14;8;15;8;16;8;17;8;18;8;18;7;17;7;16;7;15;7;14;7;13;7;12;7;11;7;10;7;9;7;8;7;7;7;7;8;7;9;7;10;7;11;7;12;7;13;7;14;7;15;7;16
1;2;7;19;12;12;12;11;12;10;12;9;12;8;13;8;14;8;15;8;16;8;17;8;18;8;18;7;17;7;16;7;15;7;14;7;13;7;12;7;11;7;10;7;9;7;8;7;7;7;7;8;7;9;7;10;7;11;7;12;7;13;7;14;7;15;7;16;7;17
1;2;7;19;12;11;12;10;12;9;12;8;13;8;14;8;15;8;16;8;17;8;18;8;18;7;17;7;16;7;15;7;14;7;13;7;12;7;11;7;10;7;9;7;8;7;7;7;7;8;7;9;7;10;7;11;7;12;7;13;7;14;7;15;7;16;7;17;7;18
1;2;8;4;12;10;12;10;12;9;12;8;13;8;14;8;15;8;16;8;17;8;18;8;18;7;17;7;16;7;15;7;14;7;13;7;12;7;11;7;10;7;9;7;8;7;7;7;7;8;7;9;7;10;7;11;7;12;7;13;7;14;7;15;7;16;7;17;7;18;7;19
1;1;8;4;12;10;12;9;12;8;13;8;14;8;15;8;16;8;17;8;18;8;18;7;17;7;16;7;15;7;14;7;13;7;12;7;11;7;10;7;9;7;8;7;7;7;7;8;7;9;7;10;7;11;7;12;7;13;7;14;7;15;7;16;7;17;7;18;7;19;8;19
1;0;8;4;12;9;12;8;13;8;14;8;15;8;16;8;17;8;18;8;18;7;17;7;16;7;15;7;14;7;13;7;12;7;11;7;10;7;9;7;8;7;7;7;7;8;7;9;7;10;7;11;7;12;7;13;7;14;7;15;7;16;7;17;7;18;7;19;8;19;8;18
1;0;8;4;12;8;13;8;14;8;15;8;16;8;17;8;18;8;18;7;17;7;16;7;15;7;14;7;13;7;12;7;11;7;10;7;9;7;8;7;7;7;7;8;7;9;7;10;7;11;7;12;7;13;7;14;7;15;7;16;7;17;7;18;7;19;8;19;8;18;8;17
1;0;8;4;13;8;14;8;15;8;16;8;17;8;18;8;18;7;17;7;16;7;15;7;14;7;13;7;12;7;11;7;10;7;9;7;8;7;7;7;7;8;7;9;7;10;7;11;7;12;7;13;7;14;7;15;7;16;7;17;7;18;7;19;8;19;8;18;8;17;8;16
1;0;8;4;14;8;15;8;16;8;17;8;18;8;18;7;17;7;16;7;15;7;14;7;13;7;12;7;11;7;10;7;9;7;8;7;7;7;7;8;7;9;7;10;7;11;7;12;7;13;7;14;7;15;7;16;7;17;7;18;7;19;8;19;8;18;8;17;8;16;8;15
1;0;8;4;15;8;16;8;17;8;18;8;18;7;17;7;16;7;15;7;14;7;13;7;12;7;11;7;10;7;9;7;8;7;7;7;7;8;7;9;7;10;7;11;7;12;7;13;7;14;7;15;7;16;7;17;7;18;7;19;8;19;8;18;8;17;8;16;8;15;8;14
1;0;8;4;16;8;17;8;18;8;18;7;17;7;16;7;15;7;14;7;13;7;12;7;11;7;10;7;9;7;8;7;7;7;7;8;7;9;7;10;7;11;7;12;7;13;7;14;7;15;7;16;7;17;7;18;7;19;8;19;8;18;8;17;8;16;8;15;8;14;8;13
1;0;8;4;17;8;18;8;18;7;17;7;16;7;15;7;14;7;13;7;12;7;11;7;10;7;9;7;8;7;7;7;7;8;7;9;7;10;7;11;7;12;7;13;7;14;7;15;7;16;7;17;7;18;7;19;8;19;8;18;8;17;8;16;8;15;8;14;8;13;8;12
1;0;8;4;18;8;18;7;17;7;16;7;15;7;14;7;13;7;12;7;11;7;10;7;9;7;8;7;7;7;7;8;7;9;7;10;7;11;7;12;7;13;7;14;7;15;7;16;7;17;7;18;7;19;8;19;8;18;8;17;8;16;8;15;8;14;8;13;8;12;8;11
1;0;8;4;18;7;17;7;16;7;15;7;14;7;13;7;12;7;11;7;10;7;9;7;8;7;7;7;7;8;7;9;7;10;7;11;7;12;7;13;7;14;7;15;7;16;7;17;7;18;7;19;8;19;8;18;8;17;8;16;8;15;8;14;8;13;8;12;8;11;8;10
1;0;8;4;17;7;16;7;15;7;14;7;13;7;12;7;11;7;10;7;9;7;8;7;7;7;7;8;7;9;7;10;7;11;7;12;7;13;7;14;7;15;7;16;7;17;7;18;7;19;8;19;8;18;8;17;8;16;8;15;8;14;8;13;8;12;8;11;8;10;8;9
1;0;8;4;16;7;15;7;14;7;13;7;12;7;11;7;10;7;9;7;8;7;7;7;7;8;7;9;7;10;7;11;7;12;7;13;7;14;7;15;7;16;7;17;7;18;7;19;8;19;8;18;8;17;8;16;8;15;8;14;8;13;8;12;8;11;8;10;8;9;8;8
1;1;8;4;15;7;14;7;13;7;12;7;11;7;10;7;9;7;8;7;7;7;7;8;7;9;7;10;7;11;7;12;7;13;7;14;7;15;7;16;7;17;7;18;7;19;8;19;8;18;8;17;8;16;8;15;8;14;8;13;8;12;8;11;8;10;8;9;8;8;9;8
1;2;8;4;14;7;13;7;12;7;11;7;10;7;9;7;8;7;7;7;7;8;7;9;7;10;7;11;7;12;7;13;7;14;7;15;7;16;7;17;7;18;7;19;8;19;8;18;8;17;8;16;8;15;8;14;8;13;8;12;8;11;8;10;8;9;8;8;9;8;9;9
1;2;8;4;13;7;12;7;11;7;10;7;9;7;8;7;7;7;7;8;7;9;7;10;7;11;7;12;7;13;7;14;7;15;7;16;7;17;7;18;7;19;8;19;8;18;8;17;8;16;8;15;8;14;8;13;8;12;8;11;8;10;8;9;8;8;9;8;9;9;9;10
1;2;8;4;12;7;11;7;10;7;9;7;8;7;7;7;7;8;7;9;7;10;7;11;7;12;7;13;7;14;7;15;7;16;7;17;7;18;7;19;8;19;8;18;8;17;8;16;8;15;8;14;8;13;8;12;8;11;8;10;8;9;8;8;9;8;9;9;9;10;9;11
1;2;8;4;11;7;10;7;9;7;8;7;7;7;7;8;7;9;7;10;7;11;7;12;7;13;7;14;7;15;7;16;7;17;7;18;7;19;8;19;8;18;8;17;8;16;8;15;8;14;8;13;8;12;8;11;8;10;8;9;8;8;9;8;9;9;9;10;9;11;9;12
1;1;8;4;10;7;9;7;8;7;7;7;7;8;7;9;7;10;7;11;7;12;7;13;7;14;7;15;7;16;7;17;7;18;7;19;8;19;8;18;8;17;8;16;8;15;8;14;8;13;8;12;8;11;8;10;8;9;8;8;9;8;9;9;9;10;9;11;9;12;10;12
1;0;8;4;9;7;8;7;7;7;7;8;7;9;7;10;7;11;7;12;7;13;7;14;7;15;7;16;7;17;7;18;7;19;8;19;8;18;8;17;8;16;8;15;8;14;8;13;8;12;8;11;8;10;8;9;8;8;9;8;9;9;9;10;9;11;9;12;10;12;10;11
1;0;8;4;8;7;7;7;7;8;7;9;7;10;7;11;7;12;7;13;7;14;7;15;7;16;7;17;7;18;7;19;8;19;8;18;8;17;8;16;8;15;8;14;8;13;8;12;8;11;8;10;8;9;8;8;9;8;9;9;9;10;9;11;9;12;10;12;10;11;10;10
1;0;8;4;7;7;7;8;7;9;7;10;7;11;7;12;7;13;7;14;7;15;7;16;7;17;7;18;7;19;8;19;8;18;8;17;8;16;8;15;8;14;8;13;8;12;8;11;8;10;8;9;8;8;9;8;9;9;9;10;9;11;9;12;10;12;10;11;10;10;10;9
1;0;8;4;7;8;7;9;7;10;7;11;7;12;7;13;7;14;7;15;7;16;7;17;7;18;7;19;8;19;8;18;8;17;8;16;8;15;8;14;8;13;8;12;8;11;8;10;8;9;8;8;9;8;9;9;9;10;9;11;9;12;10;12;10;11;10;10;10;9;10;8
1;0;8;4;7;9;7;10;7;11;7;12;7;13;7;14;7;15;7;16;7;17;7;18;7;19;8;19;8;18;8;17;8;16;8;15;8;14;8;13;8;12;8;11;8;10;8;9;8;8;9;8;9;9;9;10;9;11;9;12;10;12;10;11;10;10;10;9;10;8;10;7
1;0;8;4;7;10;7;11;7;12;7;13;7;14;7;15;7;16;7;17;7;18;7;19;8;19;8;18;8;17;8;16;8;15;8;14;8;13;8;12;8;11;8;10;8;9;8;8;9;8;9;9;9;10;9;11;9;12;10;12;10;11;10;10;10;9;10;8;10;7;10;6
1;0;8;4;7;11;7;12;7;13;7;14;7;15;7;16;7;17;7;18;7;19;8;19;8;18;8;17;8;16;8;15;8;14;8;13;8;12;8;11;8;10;8;9;8;8;9;8;9;9;9;10;9;11;9;12;10;12;10;11;10;10;10;9;10;8;10;7;10;6;10;5
1;0;8;4;7;12;7;13;7;14;7;15;7;16;7;17;7;18;7;19;8;19;8;18;8;17;8;16;8;15;8;14;8;13;8;12;8;11;8;10;8;9;8;8;9;8;9;9;9;10;9;11;9;12;10;12;10;11;10;10;10;9;10;8;10;7;10;6;10;5;10;4
1;3;8;4;7;13;7;14;7;15;7;16;7;17;7;18;7;19;8;19;8;18;8;17;8;16;8;15;8;14;8;13;8;12;8;11;8;10;8;9;8;8;9;8;9;9;9;10;9;11;9;12;10;12;10;11;10;10;10;9;10;8;10;7;10;6;10;5;10;4;9;4
1;3;7;13;7;14;7;14;7;15;7;16;7;17;7;18;7;19;8;19;8;18;8;17;8;16;8;15;8;14;8;13;8;12;8;11;8;10;8;9;8;8;9;8;9;9;9;10;9;11;9;12;10;12;10;11;10;10;10;9;10;8;10;7;10;6;10;5;10;4;9;4;8;4
1;3;7;13;7;14;7;15;7;16;7;17;7;18;7;19;8;19;8;18;8;17;8;16;8;15;8;14;8;13;8;12;8;11;8;10;8;9;8;8;9;8;9;9;9;10;9;11;9;12;10;12;10;11;10;10;10;9;10;8;10;7;10;6;10;5;10;4;9;4;8;4;7;4
1;2;7;13;7;15;7;16;7;17;7;18;7;19;8;19;8;18;8;17;8;16;8;15;8;14;8;13;8;12;8;11;8;10;8;9;8;8;9;8;9;9;9;10;9;11;9;12;10;12;10;11;10;10;10;9;10;8;10;7;10;6;10;5;10;4;9;4;8;4;7;4;7;5
1;2;7;13;7;16;7;17;7;18;7;19;8;19;8;18;8;17;8;16;8;15;8;14;8;13;8;12;8;11;8;10;8;9;8;8;9;8;9;9;9;10;9;11;9;12;10;12;10;11;10;10;10;9;10;8;10;7;10;6;10;5;10;4;9;4;8;4;7;4;7;5;7;6
1;2;7;13;7;17;7;18;7;19;8;19;8;18;8;17;8;16;8;15;8;14;8;13;8;12;8;11;8;10;8;9;8;8;9;8;9;9;9;10;9;11;9;12;10;12;10;11;10;10;10;9;10;8;10;7;10;6;10;5;10;4;9;4;8;4;7;4;7;5;7;6;7;7
1;2;7;13;7;18;7;19;8;19;8;18;8;17;8;16;8;15;8;14;8;13;8;12;8;11;8;10;8;9;8;8;9;8;9;9;9;10;9;11;9;12;10;12;10;11;10;10;10;9;10;8;10;7;10;6;10;5;10;4;9;4;8;4;7;4;7;5;7;6;7;7;7;8
1;2;7;13;7;19;8;19;8;18;8;17;8;16;8;15;8;14;8;13;8;12;8;11;8;10;8;9;8;8;9;8;9;9;9;10;9;11;9;12;10;12;10;11;10;10;10;9;10;8;10;7;10;6;10;5;10;4;9;4;8;4;7;4;7;5;7;6;7;7;7;8;7;9
1;2;7;13;8;19;8;18;8;17;8;16;8;15;8;14;8;13;8;12;8;11;8;10;8;9;8;8;9;8;9;9;9;10;9;11;9;12;10;12;10;11;10;10;10;9;10;8;10;7;10;6;10;5;10;4;9;4;8;4;7;4;7;5;7;6;7;7;7;8;7;9;7;10
1;2;7;13;8;18;8;17;8;16;8;15;8;14;8;13;8;12;8;11;8;10;8;9;8;8;9;8;9;9;9;10;9;11;9;12;10;12;10;11;10;10;10;9;10;8;10;7;10;6;10;5;10;4;9;4;8;4;7;4;7;5;7;6;7;7;7;8;7;9;7;10;7;11
1;2;7;13;8;17;8;16;8;15;8;14;8;13;8;12;8;11;8;10;8;9;8;8;9;8;9;9;9;10;9;11;9;12;10;12;10;11;10;10;10;9;10;8;10;7;10;6;10;5;10;4;9;4;8;4;7;4;7;5;7;6;7;7;7;8;7;9;7;10;7;11;7;12
1;2;19;3;8;16;8;16;8;15;8;14;8;13;8;12;8;11;8;10;8;9;8;8;9;8;9;9;9;10;9;11;9;12;10;12;10;11;10;10;10;9;10;8;10;7;10;6;10;5;10;4;9;4;8;4;7;4;7;5;7;6;7;7;7;8;7;9;7;10;7;11;7;12;7;13
1;3;19;3;8;16;8;15;8;14;8;13;8;12;8;11;8;10;8;9;8;8;9;8;9;9;9;10;9;11;9;12;10;12;10;11;10;10;10;9;10;8;10;7;10;6;10;5;10;4;9;4;8;4;7;4;7;5;7;6;7;7;7;8;7;9;7;10;7;11;7;12;7;13;6;13
1;0;19;3;8;15;8;14;8;13;8;12;8;11;8;10;8;9;8;8;9;8;9;9;9;10;9;11;9;12;10;12;10;11;10;10;10;9;10;8;10;7;10;6;10;5;10;4;9;4;8;4;7;4;7;5;7;6;7;7;7;8;7;9;7;10;7;11;7;12;7;13;6;13;6;12
1;0;19;3;8;14;8;13;8;12;8;11;8;10;8;9;8;8;9;8;9;9;9;10;9;11;9;12;10;12;10;11;10;10;10;9;10;8;10;7;10;6;10;5;10;4;9;4;8;4;7;4;7;5;7;6;7;7;7;8;7;9;7;10;7;11;7;12;7;13;6;13;6;12;6;11
1;0;19;3;8;13;8;12;8;11;8;10;8;9;8;8;9;8;9;9;9;10;9;11;9;12;10;12;10;11;10;10;10;9;10;8;10;7;10;6;10;5;10;4;9;4;8;4;7;4;7;5;7;6;7;7;7;8;7;9;7;10;7;11;7;12;7;13;6;13;6;12;6;11;6;10
1;0;19;3;8;12;8;11;8;10;8;9;8;8;9;8;9;9;9;10;9;11;9;12;10;12;10;11;10;10;10;9;10;8;10;7;10;6;10;5;10;4;9;4;8;4;7;4;7;5;7;6;7;7;7;8;7;9;7;10;7;11;7;12;7;13;6;13;6;12;6;11;6;10;6;9
1;0;19;3;8;11;8;10;8;9;8;8;9;8;9;9;9;10;9;11;9;12;10;12;10;11;10;10;10;9;10;8;10;7;10;6;10;5;10;4;9;4;8;4;7;4;7;5;7;6;7;7;7;8;7;9;7;10;7;11;7;12;7;13;6;13;6;12;6;11;6;10;6;9;6;8
1;0;19;3;8;10;8;9;8;8;9;8;9;9;9;10;9;11;9;12;10;12;10;11;10;10;10;9;10;8;10;7;10;6;10;5;10;4;9;4;8;4;7;4;7;5;7;6;7;7;7;8;7;9;7;10;7;11;7;12;7;13;6;13;6;12;6;11;6;10;6;9;6;8;6;7
1;0;19;3;8;9;8;8;9;8;9;9;9;10;9;11;9;12;10;12;10;11;10;10;10;9;10;8;10;7;10;6;10;5;10;4;9;4;8;4;7;4;7;5;7;6;7;7;7;8;7;9;7;10;7;11;7;12;7;13;6;13;6;12;6;11;6;10;6;9;6;8;6;7;6;6
1;0;19;3;8;8;9;8;9;9;9;10;9;11;9;12;10;12;10;11;10;10;10;9;10;8;10;7;10;6;10;5;10;4;9;4;8;4;7;4;7;5;7;6;7;7;7;8;7;9;7;10;7;11;7;12;7;13;6;13;6;12;6;11;6;10;6;9;6;8;6;7;6;6;6;5
1;0;19;3;9;8;9;9;9;10;9;11;9;12;10;12;10;11;10;10;10;9;10;8;10;7;10;6;10;5;10;4;9;4;8;4;7;4;7;5;7;6;7;7;7;8;7;9;7;10;7;11;7;12;7;13;6;13;6;12;6;11;6;10;6;9;6;8;6;7;6;6;6;5;6;4
1;0;19;3;9;9;9;10;9;11;9;12;10;12;10;11;10;10;10;9;10;8;10;7;10;6;10;5;10;4;9;4;8;4;7;4;7;5;7;6;7;7;7;8;7;9;7;10;7;11;7;12;7;13;6;13;6;12;6;11;6;10;6;9;6;8;6;7;6;6;6;5;6;4;6;3
1;1;19;3;9;10;9;11;9;12;10;12;10;11;10;10;10;9;10;8;10;7;10;6;10;5;10;4;9;4;8;4;7;4;7;5;7;6;7;7;7;8;7;9;7;10;7;11;7;12;7;13;6;13;6;12;6;11;6;10;6;9;6;8;6;7;6;6;6;5;6;4;6;3;7;3
1;1;19;3;9;11;9;12;10;12;10;11;10;10;10;9;10;8;10;7;10;6;10;5;10;4;9;4;8;4;7;4;7;5;7;6;7;7;7;8;7;9;7;10;7;11;7;12;7;13;6;13;6;12;6;11;6;10;6;9;6;8;6;7;6;6;6;5;6;4;6;3;7;3;8;3
1;1;19;3;9;12;10;12;10;11;10;10;10;9;10;8;10;7;10;6;10;5;10;4;9;4;8;4;7;4;7;5;7;6;7;7;7;8;7;9;7;10;7;11;7;12;7;13;6;13;6;12;6;11;6;10;6;9;6;8;6;7;6;6;6;5;6;4;6;3;7;3;8;3;9;3
1;1;19;3;10;12;10;11;10;10;10;9;10;8;10;7;10;6;10;5;10;4;9;4;8;4;7;4;7;5;7;6;7;7;7;8;7;9;7;10;7;11;7;12;7;13;6;13;6;12;6;11;6;10;6;9;6;8;6;7;6;6;6;5;6;4;6;3;7;3;8;3;9;3;10;3
1;1;19;3;10;11;10;10;10;9;10;8;10;7;10;6;10;5;10;4;9;4;8;4;7;4;7;5;7;6;7;7;7;8;7;9;7;10;7;11;7;12;7;13;6;13;6;12;6;11;6;10;6;9;6;8;6;7;6;6;6;5;6;4;6;3;7;3;8;3;9;3;10;3;11;3
1;1;19;3;10;10;10;9;10;8;10;7;10;6;10;5;10;4;9;4;8;4;7;4;7;5;7;6;7;7;7;8;7;9;7;10;7;11;7;12;7;13;6;13;6;12;6;11;6;10;6;9;6;8;6;7;6;6;6;5;6;4;6;3;7;3;8;3;9;3;10;3;11;3;12;3
1;1;19;3;10;9;10;8;10;7;10;6;10;5;10;4;9;4;8;4;7;4;7;5;7;6;7;7;7;8;7;9;7;10;7;11;7;12;7;13;6;13;6;12;6;11;6;10;6;9;6;8;6;7;6;6;6;5;6;4;6;3;7;3;8;3;9;3;10;3;11;3;12;3;13;3
1;1;19;3;10;8;10;7;10;6;10;5;10;4;9;4;8;4;7;4;7;5;7;6;7;7;7;8;7;9;7;10;7;11;7;12;7;13;6;13;6;12;6;11;6;10;6;9;6;8;6;7;6;6;6;5;6;4;6;3;7;3;8;3;9;3;10;3;11;3;12;3;13;3;14;3
1;1;19;3;10;7;10;6;10;5;10;4;9;4;8;4;7;4;7;5;7;6;7;7;7;8;7;9;7;10;7;11;7;12;7;13;6;13;6;12;6;11;6;10;6;9;6;8;6;7;6;6;6;5;6;4;6;3;7;3;8;3;9;3;10;3;11;3;12;3;13;3;14;3;15;3
1;1;19;3;10;6;10;5;10;4;9;4;8;4;7;4;7;5;7;6;7;7;7;8;7;9;7;10;7;11;7;12;7;13;6;13;6;12;6;11;6;10;6;9;6;8;6;7;6;6;6;5;6;4;6;3;7;3;8;3;9;3;10;3;11;3;12;3;13;3;14;3;15;3;16;3
1;1;19;3;10;5;10;4;9;4;8;4;7;4;7;5;7;6;7;7;7;8;7;9;7;10;7;11;7;12;7;13;6;13;6;12;6;11;6;10;6;9;6;8;6;7;6;6;6;5;6;4;6;3;7;3;8;3;9;3;10;3;11;3;12;3;13;3;14;3;15;3;16;3;17;3
1;1;19;3;10;4;9;4;8;4;7;4;7;5;7;6;7;7;7;8;7;9;7;10;7;11;7;12;7;13;6;13;6;12;6;11;6;10;6;9;6;8;6;7;6;6;6;5;6;4;6;3;7;3;8;3;9;3;10;3;11;3;12;3;13;3;14;3;15;3;16;3;17;3;18;3
1;1;0;1;9;4;9;4;8;4;7;4;7;5;7;6;7;7;7;8;7;9;7;10;7;11;7;12;7;13;6;13;6;12;6;11;6;10;6;9;6;8;6;7;6;6;6;5;6;4;6;3;7;3;8;3;9;3;10;3;11;3;12;3;13;3;14;3;15;3;16;3;17;3;18;3;19;3
1;0;0;1;9;4;8;4;7;4;7;5;7;6;7;7;7;8;7;9;7;10;7;11;7;12;7;13;6;13;6;12;6;11;6;10;6;9;6;8;6;7;6;6;6;5;6;4;6;3;7;3;8;3;9;3;10;3;11;3;12;3;13;3;14;3;15;3;16;3;17;3;18;3;19;3;19;2
1;0;0;1;8;4;7;4;7;5;7;6;7;7;7;8;7;9;7;10;7;11;7;12;7;13;6;13;6;12;6;11;6;10;6;9;6;8;6;7;6;6;6;5;6;4;6;3;7;3;8;3;9;3;10;3;11;3;12;3;13;3;14;3;15;3;16;3;17;3;18;3;19;3;19;2;19;1
1;3;0;1;7;4;7;5;7;6;7;7;7;8;7;9;7;10;7;11;7;12;7;13;6;13;6;12;6;11;6;10;6;9;6;8;6;7;6;6;6;5;6;4;6;3;7;3;8;3;9;3;10;3;11;3;12;3;13;3;14;3;15;3;16;3;17;3;18;3;19;3;19;2;19;1;18;1
1;3;0;1;7;5;7;6;7;7;7;8;7;9;7;10;7;11;7;12;7;13;6;13;6;12;6;11;6;10;6;9;6;8;6;7;6;6;6;5;6;4;6;3;7;3;8;3;9;3;10;3;11;3;12;3;13;3;14;3;15;3;16;3;17;3;18;3;19;3;19;2;19;1;18;1;17;1
1;3;0;1;7;6;7;7;7;8;7;9;7;10;7;11;7;12;7;13;6;13;6;12;6;11;6;10;6;9;6;8;6;7;6;6;6;5;6;4;6;3;7;3;8;3;9;3;10;3;11;3;12;3;13;3;14;3;15;3;16;3;17;3;18;3;19;3;19;2;19;1;18;1;17;1;16;1
1;3;0;1;7;7;7;8;7;9;7;10;7;11;7;12;7;13;6;13;6;12;6;11;6;10;6;9;6;8;6;7;6;6;6;5;6;4;6;3;7;3;8;3;9;3;10;3;11;3;12;3;13;3;14;3;15;3;16;3;17;3;18;3;19;3;19;2;19;1;18;1;17;1;16;1;15;1
1;3;0;1;7;8;7;9;7;10;7;11;7;12;7;13;6;13;6;12;6;11;6;10;6;9;6;8;6;7;6;6;6;5;6;4;6;3;7;3;8;3;9;3;10;3;11;3;12;3;13;3;14;3;15;3;16;3;17;3;18;3;19;3;19;2;19;1;18;1;17;1;16;1;15;1;14;1
1;3;0;1;7;9;7;10;7;11;7;12;7;13;6;13;6;12;6;11;6;10;6;9;6;8;6;7;6;6;6;5;6;4;6;3;7;3;8;3;9;3;10;3;11;3;12;3;13;3;14;3;15;3;16;3;17;3;18;3;19;3;19;2;19;1;18;1;17;1;16;1;15;1;14;1;13;1
1;3;0;1;7;10;7;11;7;12;7;13;6;13;6;12;6;11;6;10;6;9;6;8;6;7;6;6;6;5;6;4;6;3;7;3;8;3;9;3;10;3;11;3;12;3;13;3;14;3;15;3;16;3;17;3;18;3;19;3;19;2;19;1;18;1;17;1;16;1;15;1;14;1;13;1;12;1
1;3;0;1;7;11;7;12;7;13;6;13;6;12;6;11;6;10;6;9;6;8;6;7;6;6;6;5;6;4;6;3;7;3;8;3;9;3;10;3;11;3;12;3;13;3;14;3;15;3;16;3;17;3;18;3;19;3;19;2;19;1;18;1;17;1;16;1;15;1;14;1;13;1;12;1;11;1
1;3;0;1;7;12;7;13;6;13;6;12;6;11;6;10;6;9;6;8;6;7;6;6;6;5;6;4;6;3;7;3;8;3;9;3;10;3;11;3;12;3;13;3;14;3;15;3;16;3;17;3;18;3;19;3;19;2;19;1;18;1;17;1;16;1;15;1;14;1;13;1;12;1;11;1;10;1
1;3;0;1;7;13;6;13;6;12;6;11;6;10;6;9;6;8;6;7;6;6;6;5;6;4;6;3;7;3;8;3;9;3;10;3;11;3;12;3;13;3;14;3;15;3;16;3;17;3;18;3;19;3;19;2;19;1;18;1;17;1;16;1;15;1;14;1;13;1;12;1;11;1;10;1;9;1
1;3;0;1;6;13;6;12;6;11;6;10;6;9;6;8;6;7;6;6;6;5;6;4;6;3;7;3;8;3;9;3;10;3;11;3;12;3;13;3;14;3;15;3;16;3;17;3;18;3;19;3;19;2;19;1;18;1;17;1;16;1;15;1;14;1;13;1;12;1;11;1;10;1;9;1;8;1
1;3;0;1;6;12;6;11;6;10;6;9;6;8;6;7;6;6;6;5;6;4;6;3;7;3;8;3;9;3;10;3;11;3;12;3;13;3;14;3;15;3;16;3;17;3;18;3;19;3;19;2;19;1;18;1;17;1;16;1;15;1;14;1;13;1;12;1;11;1;10;1;9;1;8;1;7;1
1;3;0;1;6;11;6;10;6;9;6;8;6;7;6;6;6;5;6;4;6;3;7;3;8;3;9;3;10;3;11;3;12;3;13;3;14;3;15;3;16;3;17;3;18;3;19;3;19;2;19;1;18;1;17;1;16;1;15;1;14;1;13;1;12;1;11;1;10;1;9;1;8;1;7;1;6;1
1;3;0;1;6;10;6;9;6;8;6;7;6;6;6;5;6;4;6;3;7;3;8;3;9;3;10;3;11;3;12;3;13;3;14;3;15;3;16;3;17;3;18;3;19;3;19;2;19;1;18;1;17;1;16;1;15;1;14;1;13;1;12;1;11;1;10;1;9;1;8;1;7;1;6;1;5;1
1;3;0;1;6;9;6;8;6;7;6;6;6;5;6;4;6;3;7;3;8;3;9;3;10;3;11;3;12;3;13;3;14;3;15;3;16;3;17;3;18;3;19;3;19;2;19;1;18;1;17;1;16;1;15;1;14;1;13;1;12;1;11;1;10;1;9;1;8;1;7;1;6;1;5;1;4;1
1;3;0;1;6;8;6;7;6;6;6;5;6;4;6;3;7;3;8;3;9;3;10;3;11;3;12;3;13;3;14;3;15;3;16;3;17;3;18;3;19;3;19;2;19;1;18;1;17;1;16;1;15;1;14;1;13;1;12;1;11;1;10;1;9;1;8;1;7;1;6;1;5;1;4;1;3;1
1;3;0;1;6;7;6;6;6;5;6;4;6;3;7;3;8;3;9;3;10;3;11;3;12;3;13;3;14;3;15;3;16;3;17;3;18;3;19;3;19;2;19;1;18;1;17;1;16;1;15;1;14;1;13;1;12;1;11;1;10;1;9;1;8;1;7;1;6;1;5;1;4;1;3;1;2;1
1;3;0;1;6;6;6;5;6;4;6;3;7;3;8;3;9;3;10;3;11;3;12;3;13;3;14;3;15;3;16;3;17;3;18;3;19;3;19;2;19;1;18;1;17;1;16;1;15;1;14;1;13;1;12;1;11;1;10;1;9;1;8;1;7;1;6;1;5;1;4;1;3;1;2;1;1;1
1;3;6;14;6;5;6;5;6;4;6;3;7;3;8;3;9;3;10;3;11;3;12;3;13;3;14;3;15;3;16;3;17;3;18;3;19;3;19;2;19;1;18;1;17;1;16;1;15;1;14;1;13;1;12;1;11;1;10;1;9;1;8;1;7;1;6;1;5;1;4;1;3;1;2;1;1;1;0;1
1;2;6;14;6;5;6;4;6;3;7;3;8;3;9;3;10;3;11;3;12;3;13;3;14;3;15;3;16;3;17;3;18;3;19;3;19;2;19;1;18;1;17;1;16;1;15;1;14;1;13;1;12;1;11;1;10;1;9;1;8;1;7;1;6;1;5;1;4;1;3;1;2;1;1;1;0;1;0;2
1;2;6;14;6;4;6;3;7;3;8;3;9;3;10;3;11;3;12;3;13;3;14;3;15;3;16;3;17;3;18;3;19;3;19;2;19;1;18;1;17;1;16;1;15;1;14;1;13;1;12;1;11;1;10;1;9;1;8;1;7;1;6;1;5;1;4;1;3;1;2;1;1;1;0;1;0;2;0;3
1;2;6;14;6;3;7;3;8;3;9;3;10;3;11;3;12;3;13;3;14;3;15;3;16;3;17;3;18;3;19;3;19;2;19;1;18;1;17;1;16;1;15;1;14;1;13;1;12;1;11;1;10;1;9;1;8;1;7;1;6;1;5;1;4;1;3;1;2;1;1;1;0;1;0;2;0;3;0;4
1;2;6;14;7;3;8;3;9;3;10;3;11;3;12;3;13;3;14;3;15;3;16;3;17;3;18;3;19;3;19;2;19;1;18;1;17;1;16;1;15;1;14;1;13;1;12;1;11;1;10;1;9;1;8;1;7;1;6;1;5;1;4;1;3;1;2;1;1;1;0;1;0;2;0;3;0;4;0;5
1;2;6;14;8;3;9;3;10;3;11;3;12;3;13;3;14;3;15;3;16;3;17;3;18;3;19;3;19;2;19;1;18;1;17;1;16;1;15;1;14;1;13;1;12;1;11;1;10;1;9;1;8;1;7;1;6;1;5;1;4;1;3;1;2;1;1;1;0;1;0;2;0;3;0;4;0;5;0;6
1;2;6;14;9;3;10;3;11;3;12;3;13;3;14;3;15;3;16;3;17;3;18;3;19;3;19;2;19;1;18;1;17;1;16;1;15;1;14;1;13;1;12;1;11;1;10;1;9;1;8;1;7;1;6;1;5;1;4;1;3;1;2;1;1;1;0;1;0;2;0;3;0;4;0;5;0;6;0;7
1;2;6;14;10;3;11;3;12;3;13;3;14;3;15;3;16;3;17;3;18;3;19;3;19;2;19;1;18;1;17;1;16;1;15;1;14;1;13;1;12;1;11;1;10;1;9;1;8;1;7;1;6;1;5;1;4;1;3;1;2;1;1;1;0;1;0;2;0;3;0;4;0;5;0;6;0;7;0;8
1;2;6;14;11;3;12;3;13;3;14;3;15;3;16;3;17;3;18;3;19;3;19;2;19;1;18;1;17;1;16;1;15;1;14;1;13;1;12;1;11;1;10;1;9;1;8;1;7;1;6;1;5;1;4;1;3;1;2;1;1;1;0;1;0;2;0;3;0;4;0;5;0;6;0;7;0;8;0;9
1;2;6;14;12;3;13;3;14;3;15;3;16;3;17;3;18;3;19;3;19;2;19;1;18;1;17;1;16;1;15;1;14;1;13;1;12;1;11;1;10;1;9;1;8;1;7;1;6;1;5;1;4;1;3;1;2;1;1;1;0;1;0;2;0;3;0;4;0;5;0;6;0;7;0;8;0;9;0;10
1;2;6;14;13;3;14;3;15;3;16;3;17;3;18;3;19;3;19;2;19;1;18;1;17;1;16;1;15;1;14;1;13;1;12;1;11;1;10;1;9;1;8;1;7;1;6;1;5;1;4;1;3;1;2;1;1;1;0;1;0;2;0;3;0;4;0;5;0;6;0;7;0;8;0;9;0;10;0;11
1;2;6;14;14;3;15;3;16;3;17;3;18;3;19;3;19;2;19;1;18;1;17;1;16;1;15;1;14;1;13;1;12;1;11;1;10;1;9;1;8;1;7;1;6;1;5;1;4;1;3;1;2;1;1;1;0;1;0;2;0;3;0;4;0;5;0;6;0;7;0;8;0;9;0;10;0;11;0;12
1;2;6;14;15;3;16;3;17;3;18;3;19;3;19;2;19;1;18;1;17;1;16;1;15;1;14;1;13;1;12;1;11;1;10;1;9;1;8;1;7;1;6;1;5;1;4;1;3;1;2;1;1;1;0;1;0;2;0;3;0;4;0;5;0;6;0;7;0;8;0;9;0;10;0;11;0;12;0;13
1;2;6;14;16;3;17;3;18;3;19;3;19;2;19;1;18;1;17;1;16;1;15;1;14;1;13;1;12;1;11;1;10;1;9;1;8;1;7;1;6;1;5;1;4;1;3;1;2;1;1;1;0;1;0;2;0;3;0;4;0;5;0;6;0;7;0;8;0;9;0;10;0;11;0;12;0;13;0;14
1;1;6;14;17;3;18;3;19;3;19;2;19;1;18;1;17;1;16;1;15;1;14;1;13;1;12;1;11;1;10;1;9;1;8;1;7;1;6;1;5;1;4;1;3;1;2;1;1;1;0;1;0;2;0;3;0;4;0;5;0;6;0;7;0;8;0;9;0;10;0;11;0;12;0;13;0;14;1;14
1;1;6;14;18;3;19;3;19;2;19;1;18;1;17;1;16;1;15;1;14;1;13;1;12;1;11;1;10;1;9;1;8;1;7;1;6;1;5;1;4;1;3;1;2;1;1;1;0;1;0;2;0;3;0;4;0;5;0;6;0;7;0;8;0;9;0;10;0;11;0;12;0;13;0;14;1;14;2;14
1;1;6;14;19;3;19;2;19;1;18;1;17;1;16;1;15;1;14;1;13;1;12;1;11;1;10;1;9;1;8;1;7;1;6;1;5;1;4;1;3;1;2;1;1;1;0;1;0;2;0;3;0;4;0;5;0;6;0;7;0;8;0;9;0;10;0;11;0;12;0;13;0;14;1;14;2;14;3;14
1;1;6;14;19;2;19;1;18;1;17;1;16;1;15;1;14;1;13;1;12;1;11;1;10;1;9;1;8;1;7;1;6;1;5;1;4;1;3;1;2;1;1;1;0;1;0;2;0;3;0;4;0;5;0;6;0;7;0;8;0;9;0;10;0;11;0;12;0;13;0;14;1;14;2;14;3;14;4;14
1;1;6;14;19;1;18;1;17;1;16;1;15;1;14;1;13;1;12;1;11;1;10;1;9;1;8;1;7;1;6;1;5;1;4;1;3;1;2;1;1;1;0;1;0;2;0;3;0;4;0;5;0;6;0;7;0;8;0;9;0;10;0;11;0;12;0;13;0;14;1;14;2;14;3;14;4;14;5;14
1;1;8;12;18;1;18;1;17;1;16;1;15;1;14;1;13;1;12;1;11;1;10;1;9;1;8;1;7;1;6;1;5;1;4;1;3;1;2;1;1;1;0;1;0;2;0;3;0;4;0;5;0;6;0;7;0;8;0;9;0;10;0;11;0;12;0;13;0;14;1;14;2;14;3;14;4;14;5;14;6;14
1;1;8;12;18;1;17;1;16;1;15;1;14;1;13;1;12;1;11;1;10;1;9;1;8;1;7;1;6;1;5;1;4;1;3;1;2;1;1;1;0;1;0;2;0;3;0;4;0;5;0;6;0;7;0;8;0;9;0;10;0;11;0;12;0;13;0;14;1;14;2;14;3;14;4;14;5;14;6;14;7;14
1;1;8;12;17;1;16;1;15;1;14;1;13;1;12;1;11;1;10;1;9;1;8;1;7;1;6;1;5;1;4;1;3;1;2;1;1;1;0;1;0;2;0;3;0;4;0;5;0;6;0;7;0;8;0;9;0;10;0;11;0;12;0;13;0;14;1;14;2;14;3;14;4;14;5;14;6;14;7;14;8;14
1;0;8;12;16;1;15;1;14;1;13;1;12;1;11;1;10;1;9;1;8;1;7;1;6;1;5;1;4;1;3;1;2;1;1;1;0;1;0;2;0;3;0;4;0;5;0;6;0;7;0;8;0;9;0;10;0;11;0;12;0;13;0;14;1;14;2;14;3;14;4;14;5;14;6;14;7;14;8;14;8;13
1;0;12;19;15;1;15;1;14;1;13;1;12;1;11;1;10;1;9;1;8;1;7;1;6;1;5;1;4;1;3;1;2;1;1;1;0;1;0;2;0;3;0;4;0;5;0;6;0;7;0;8;0;9;0;10;0;11;0;12;0;13;0;14;1;14;2;14;3;14;4;14;5;14;6;14;7;14;8;14;8;13;8;12
1;1;12;19;15;1;14;1;13;1;12;1;11;1;10;1;9;1;8;1;7;1;6;1;5;1;4;1;3;1;2;1;1;1;0;1;0;2;0;3;0;4;0;5;0;6;0;7;0;8;0;9;0;10;0;11;0;12;0;13;0;14;1;14;2;14;3;14;4;14;5;14;6;14;7;14;8;14;8;13;8;12;9;12
1;1;12;19;14;1;13;1;12;1;11;1;10;1;9;1;8;1;7;1;6;1;5;1;4;1;3;1;2;1;1;1;0;1;0;2;0;3;0;4;0;5;0;6;0;7;0;8;0;9;0;10;0;11;0;12;0;13;0;14;1;14;2;14;3;14;4;14;5;14;6;14;7;14;8;14;8;13;8;12;9;12;10;12
1;1;12;19;13;1;12;1;11;1;10;1;9;1;8;1;7;1;6;1;5;1;4;1;3;1;2;1;1;1;0;1;0;2;0;3;0;4;0;5;0;6;0;7;0;8;0;9;0;10;0;11;0;12;0;13;0;14;1;14;2;14;3;14;4;14;5;14;6;14;7;14;8;14;8;13;8;12;9;12;10;12;11;12
1;2;12;19;12;1;11;1;10;1;9;1;8;1;7;1;6;1;5;1;4;1;3;1;2;1;1;1;0;1;0;2;0;3;0;4;0;5;0;6;0;7;0;8;0;9;0;10;0;11;0;12;0;13;0;14;1;14;2;14;3;14;4;14;5;14;6;14;7;14;8;14;8;13;8;12;9;12;10;12;11;12;11;13
1;1;12;19;11;1;10;1;9;1;8;1;7;1;6;1;5;1;4;1;3;1;2;1;1;1;0;1;0;2;0;3;0;4;0;5;0;6;0;7;0;8;0;9;0;10;0;11;0;12;0;13;0;14;1;14;2;14;3;14;4;14;5;14;6;14;7;14;8;14;8;13;8;12;9;12;10;12;11;12;11;13;12;13
1;2;12;19;10;1;9;1;8;1;7;1;6;1;5;1;4;1;3;1;2;1;1;1;0;1;0;2;0;3;0;4;0;5;0;6;0;7;0;8;0;9;0;10;0;11;0;12;0;13;0;14;1;14;2;14;3;14;4;14;5;14;6;14;7;14;8;14;8;13;8;12;9;12;10;12;11;12;11;13;12;13;12;14
1;2;12;19;9;1;8;1;7;1;6;1;5;1;4;1;3;1;2;1;1;1;0;1;0;2;0;3;0;4;0;5;0;6;0;7;0;8;0;9;0;10;0;11;0;12;0;13;0;14;1;14;2;14;3;14;4;14;5;14;6;14;7;14;8;14;8;13;8;12;9;12;10;12;11;12;11;13;12;13;12;14;12;15
1;2;12;19;8;1;7;1;6;1;5;1;4;1;3;1;2;1;1;1;0;1;0;2;0;3;0;4;0;5;0;6;0;7;0;8;0;9;0;10;0;11;0;12;0;13;0;14;1;14;2;14;3;14;4;14;5;14;6;14;7;14;8;14;8;13;8;12;9;12;10;12;11;12;11;13;12;13;12;14;12;15;12;16
1;2;12;19;7;1;6;1;5;1;4;1;3;1;2;1;1;1;0;1;0;2;0;3;0;4;0;5;0;6;0;7;0;8;0;9;0;10;0;11;0;12;0;13;0;14;1;14;2;14;3;14;4;14;5;14;6;14;7;14;8;14;8;13;8;12;9;12;10;12;11;12;11;13;12;13;12;14;12;15;12;16;12;17
1;2;12;19;6;1;5;1;4;1;3;1;2;1;1;1;0;1;0;2;0;3;0;4;0;5;0;6;0;7;0;8;0;9;0;10;0;11;0;12;0;13;0;14;1;14;2;14;3;14;4;14;5;14;6;14;7;14;8;14;8;13;8;12;9;12;10;12;11;12;11;13;12;13;12;14;12;15;12;16;12;17;12;18
1;2;17;12;5;1;5;1;4;1;3;1;2;1;1;1;0;1;0;2;0;3;0;4;0;5;0;6;0;7;0;8;0;9;0;10;0;11;0;12;0;13;0;14;1;14;2;14;3;14;4;14;5;14;6;14;7;14;8;14;8;13;8;12;9;12;10;12;11;12;11;13;12;13;12;14;12;15;12;16;12;17;12;18;12;19
1;1;17;12;5;1;4;1;3;1;2;1;1;1;0;1;0;2;0;3;0;4;0;5;0;6;0;7;0;8;0;9;0;10;0;11;0;12;0;13;0;14;1;14;2;14;3;14;4;14;5;14;6;14;7;14;8;14;8;13;8;12;9;12;10;12;11;12;11;13;12;13;12;14;12;15;12;16;12;17;12;18;12;19;13;19
1;0;17;12;4;1;3;1;2;1;1;1;0;1;0;2;0;3;0;4;0;5;0;6;0;7;0;8;0;9;0;10;0;11;0;12;0;13;0;14;1;14;2;14;3;14;4;14;5;14;6;14;7;14;8;14;8;13;8;12;9;12;10;12;11;12;11;13;12;13;12;14;12;15;12;16;12;17;12;18;12;19;13;19;13;18
1;0;17;12;3;1;2;1;1;1;0;1;0;2;0;3;0;4;0;5;0;6;0;7;0;8;0;9;0;10;0;11;0;12;0;13;0;14;1;14;2;14;3;14;4;14;5;14;6;14;7;14;8;14;8;13;8;12;9;12;10;12;11;12;11;13;12;13;12;14;12;15;12;16;12;17;12;18;12;19;13;19;13;18;13;17
1;0;17;12;2;1;1;1;0;1;0;2;0;3;0;4;0;5;0;6;0;7;0;8;0;9;0;10;0;11;0;12;0;13;0;14;1;14;2;14;3;14;4;14;5;14;6;14;7;14;8;14;8;13;8;12;9;12;10;12;11;12;11;13;12;13;12;14;12;15;12;16;12;17;12;18;12;19;13;19;13;18;13;17;13;16
1;0;17;12;1;1;0;1;0;2;0;3;0;4;0;5;0;6;0;7;0;8;0;9;0;10;0;11;0;12;0;13;0;14;1;14;2;14;3;14;4;14;5;14;6;14;7;14;8;14;8;13;8;12;9;12;10;12;11;12;11;13;12;13;12;14;12;15;12;16;12;17;12;18;12;19;13;19;13;18;13;17;13;16;13;15
1;0;17;12;0;1;0;2;0;3;0;4;0;5;0;6;0;7;0;8;0;9;0;10;0;11;0;12;0;13;0;14;1;14;2;14;3;14;4;14;5;14;6;14;7;14;8;14;8;13;8;12;9;12;10;12;11;12;11;13;12;13;12;14;12;15;12;16;12;17;12;18;12;19;13;19;13;18;13;17;13;16;13;15;13;14
1;0;17;12;0;2;0;3;0;4;0;5;0;6;0;7;0;8;0;9;0;10;0;11;0;12;0;13;0;14;1;14;2;14;3;14;4;14;5;14;6;14;7;14;8;14;8;13;8;12;9;12;10;12;11;12;11;13;12;13;12;14;12;15;12;16;12;17;12;18;12;19;13;19;13;18;13;17;13;16;13;15;13;14;13;13
1;0;17;12;0;3;0;4;0;5;0;6;0;7;0;8;0;9;0;10;0;11;0;12;0;13;0;14;1;14;2;14;3;14;4;14;5;14;6;14;7;14;8;14;8;13;8;12;9;12;10;12;11;12;11;13;12;13;12;14;12;15;12;16;12;17;12;18;12;19;13;19;13;18;13;17;13;16;13;15;13;14;13;13;13;12
1;1;17;12;0;4;0;5;0;6;0;7;0;8;0;9;0;10;0;11;0;12;0;13;0;14;1;14;2;14;3;14;4;14;5;14;6;14;7;14;8;14;8;13;8;12;9;12;10;12;11;12;11;13;12;13;12;14;12;15;12;16;12;17;12;18;12;19;13;19;13;18;13;17;13;16;13;15;13;14;13;13;13;12;14;12
1;1;17;12;0;5;0;6;0;7;0;8;0;9;0;10;0;11;0;12;0;13;0;14;1;14;2;14;3;14;4;14;5;14;6;14;7;14;8;14;8;13;8;12;9;12;10;12;11;12;11;13;12;13;12;14;12;15;12;16;12;17;12;18;12;19;13;19;13;18;13;17;13;16;13;15;13;14;13;13;13;12;14;12;15;12
1;1;17;12;0;6;0;7;0;8;0;9;0;10;0;11;0;12;0;13;0;14;1;14;2;14;3;14;4;14;5;14;6;14;7;14;8;14;8;13;8;12;9;12;10;12;11;12;11;13;12;13;12;14;12;15;12;16;12;17;12;18;12;19;13;19;13;18;13;17;13;16;13;15;13;14;13;13;13;12;14;12;15;12;16;12
1;1;11;17;0;7;0;7;0;8;0;9;0;10;0;11;0;12;0;13;0;14;1;14;2;14;3;14;4;14;5;14;6;14;7;14;8;14;8;13;8;12;9;12;10;12;11;12;11;13;12;13;12;14;12;15;12;16;12;17;12;18;12;19;13;19;13;18;13;17;13;16;13;15;13;14;13;13;13;12;14;12;15;12;16;12;17;12
1;2;11;17;0;7;0;8;0;9;0;10;0;11;0;12;0;13;0;14;1;14;2;14;3;14;4;14;5;14;6;14;7;14;8;14;8;13;8;12;9;12;10;12;11;12;11;13;12;13;12;14;12;15;12;16;12;17;12;18;12;19;13;19;13;18;13;17;13;16;13;15;13;14;13;13;13;12;14;12;15;12;16;12;17;12;17;13
1;2;11;17;0;8;0;9;0;10;0;11;0;12;0;13;0;14;1;14;2;14;3;14;4;14;5;14;6;14;7;14;8;14;8;13;8;12;9;12;10;12;11;12;11;13;12;13;12;14;12;15;12;16;12;17;12;18;12;19;13;19;13;18;13;17;13;16;13;15;13;14;13;13;13;12;14;12;15;12;16;12;17;12;17;13;17;14
1;2;11;17;0;9;0;10;0;11;0;12;0;13;0;14;1;14;2;14;3;14;4;14;5;14;6;14;7;14;8;14;8;13;8;12;9;12;10;12;11;12;11;13;12;13;12;14;12;15;12;16;12;17;12;18;12;19;13;19;13;18;13;17;13;16;13;15;13;14;13;13;13;12;14;12;15;12;16;12;17;12;17;13;17;14;17;15
1;2;11;17;0;10;0;11;0;12;0;13;0;14;1;14;2;14;3;14;4;14;5;14;6;14;7;14;8;14;8;13;8;12;9;12;10;12;11;12;11;13;12;13;12;14;12;15;12;16;12;17;12;18;12;19;13;19;13;18;13;17;13;16;13;15;13;14;13;13;13;12;14;12;15;12;16;12;17;12;17;13;17;14;17;15;17;16
1;2;11;17;0;11;0;12;0;13;0;14;1;14;2;14;3;14;4;14;5;14;6;14;7;14;8;14;8;13;8;12;9;12;10;12;11;12;11;13;12;13;12;14;12;15;12;16;12;17;12;18;12;19;13;19;13;18;13;17;13;16;13;15;13;14;13;13;13;12;14;12;15;12;16;12;17;12;17;13;17;14;17;15;17;16;17;17
1;2;11;17;0;12;0;13;0;14;1;14;2;14;3;14;4;14;5;14;6;14;7;14;8;14;8;13;8;12;9;12;10;12;11;12;11;13;12;13;12;14;12;15;12;16;12;17;12;18;12;19;13;19;13;18;13;17;13;16;13;15;13;14;13;13;13;12;14;12;15;12;16;12;17;12;17;13;17;14;17;15;17;16;17;17;17;18
1;3;11;17;0;13;0;14;1;14;2;14;3;14;4;14;5;14;6;14;7;14;8;14;8;13;8;12;9;12;10;12;11;12;11;13;12;13;12;14;12;15;12;16;12;17;12;18;12;19;13;19;13;18;13;17;13;16;13;15;13;14;13;13;13;12;14;12;15;12;16;12;17;12;17;13;17;14;17;15;17;16;17;17;17;18;16;18
1;0;11;17;0;14;1;14;2;14;3;14;4;14;5;14;6;14;7;14;8;14;8;13;8;12;9;12;10;12;11;12;11;13;12;13;12;14;12;15;12;16;12;17;12;18;12;19;13;19;13;18;13;17;13;16;13;15;13;14;13;13;13;12;14;12;15;12;16;12;17;12;17;13;17;14;17;15;17;16;17;17;17;18;16;18;16;17
1;0;11;17;1;14;2;14;3;14;4;14;5;14;6;14;7;14;8;14;8;13;8;12;9;12;10;12;11;12;11;13;12;13;12;14;12;15;12;16;12;17;12;18;12;19;13;19;13;18;13;17;13;16;13;15;13;14;13;13;13;12;14;12;15;12;16;12;17;12;17;13;17;14;17;15;17;16;17;17;17;18;16;18;16;17;16;16
1;3;11;17;2;14;3;14;4;14;5;14;6;14;7;14;8;14;8;13;8;12;9;12;10;12;11;12;11;13;12;13;12;14;12;15;12;16;12;17;12;18;12;19;13;19;13;18;13;17;13;16;13;15;13;14;13;13;13;12;14;12;15;12;16;12;17;12;17;13;17;14;17;15;17;16;17;17;17;18;16;18;16;17;16;16;15;16
1;2;11;17;3;14;4;14;5;14;6;14;7;14;8;14;8;13;8;12;9;12;10;12;11;12;11;13;12;13;12;14;12;15;12;16;12;17;12;18;12;19;13;19;13;18;13;17;13;16;13;15;13;14;13;13;13;12;14;12;15;12;16;12;17;12;17;13;17;14;17;15;17;16;17;17;17;18;16;18;16;17;16;16;15;16;15;17
1;2;11;17;4;14;5;14;6;14;7;14;8;14;8;13;8;12;9;12;10;12;11;12;11;13;12;13;12;14;12;15;12;16;12;17;12;18;12;19;13;19;13;18;13;17;13;16;13;15;13;14;13;13;13;12;14;12;15;12;16;12;17;12;17;13;17;14;17;15;17;16;17;17;17;18;16;18;16;17;16;16;15;16;15;17;15;18
1;2;11;17;5;14;6;14;7;14;8;14;8;13;8;12;9;12;10;12;11;12;11;13;12;13;12;14;12;15;12;16;12;17;12;18;12;19;13;19;13;18;13;17;13;16;13;15;13;14;13;13;13;12;14;12;15;12;16;12;17;12;17;13;17;14;17;15;17;16;17;17;17;18;16;18;16;17;16;16;15;16;15;17;15;18;15;19
1;3;11;17;6;14;7;14;8;14;8;13;8;12;9;12;10;12;11;12;11;13;12;13;12;14;12;15;12;16;12;17;12;18;12;19;13;19;13;18;13;17;13;16;13;15;13;14;13;13;13;12;14;12;15;12;16;12;17;12;17;13;17;14;17;15;17;16;17;17;17;18;16;18;16;17;16;16;15;16;15;17;15;18;15;19;14;19
1;0;11;17;7;14;8;14;8;13;8;12;9;12;10;12;11;12;11;13;12;13;12;14;12;15;12;16;12;17;12;18;12;19;13;19;13;18;13;17;13;16;13;15;13;14;13;13;13;12;14;12;15;12;16;12;17;12;17;13;17;14;17;15;17;16;17;17;17;18;16;18;16;17;16;16;15;16;15;17;15;18;15;19;14;19;14;18
1;0;11;17;8;14;8;13;8;12;9;12;10;12;11;12;11;13;12;13;12;14;12;15;12;16;12;17;12;18;12;19;13;19;13;18;13;17;13;16;13;15;13;14;13;13;13;12;14;12;15;12;16;12;17;12;17;13;17;14;17;15;17;16;17;17;17;18;16;18;16;17;16;16;15;16;15;17;15;18;15;19;14;19;14;18;14;17
1;0;11;17;8;13;8;12;9;12;10;12;11;12;11;13;12;13;12;14;12;15;12;16;12;17;12;18;12;19;13;19;13;18;13;17;13;16;13;15;13;14;13;13;13;12;14;12;15;12;16;12;17;12;17;13;17;14;17;15;17;16;17;17;17;18;16;18;16;17;16;16;15;16;15;17;15;18;15;19;14;19;14;18;14;17;14;16
1;0;11;17;8;12;9;12;10;12;11;12;11;13;12;13;12;14;12;15;12;16;12;17;12;18;12;19;13;19;13;18;13;17;13;16;13;15;13;14;13;13;13;12;14;12;15;12;16;12;17;12;17;13;17;14;17;15;17;16;17;17;17;18;16;18;16;17;16;16;15;16;15;17;15;18;15;19;14;19;14;18;14;17;14;16;14;15
1;1;11;17;9;12;10;12;11;12;11;13;12;13;12;14;12;15;12;16;12;17;12;18;12;19;13;19;13;18;13;17;13;16;13;15;13;14;13;13;13;12;14;12;15;12;16;12;17;12;17;13;17;14;17;15;17;16;17;17;17;18;16;18;16;17;16;16;15;16;15;17;15;18;15;19;14;19;14;18;14;17;14;16;14;15;15;15
1;1;11;17;10;12;11;12;11;13;12;13;12;14;12;15;12;16;12;17;12;18;12;19;13;19;13;18;13;17;13;16;13;15;13;14;13;13;13;12;14;12;15;12;16;12;17;12;17;13;17;14;17;15;17;16;17;17;17;18;16;18;16;17;16;16;15;16;15;17;15;18;15;19;14;19;14;18;14;17;14;16;14;15;15;15;16;15
1;0;11;17;11;12;11;13;12;13;12;14;12;15;12;16;12;17;12;18;12;19;13;19;13;18;13;17;13;16;13;15;13;14;13;13;13;12;14;12;15;12;16;12;17;12;17;13;17;14;17;15;17;16;17;17;17;18;16;18;16;17;16;16;15;16;15;17;15;18;15;19;14;19;14;18;14;17;14;16;14;15;15;15;16;15;16;14
1;3;11;17;11;13;12;13;12;14;12;15;12;16;12;17;12;18;12;19;13;19;13;18;13;17;13;16;13;15;13;14;13;13;13;12;14;12;15;12;16;12;17;12;17;13;17;14;17;15;17;16;17;17;17;18;16;18;16;17;16;16;15;16;15;17;15;18;15;19;14;19;14;18;14;17;14;16;14;15;15;15;16;15;16;14;15;14
