20
1;1;4;7;8;10;9;10;10;10
1;0;4;7;9;10;10;10;10;9
1;0;4;7;10;10;10;9;10;8
1;0;4;7;10;9;10;8;10;7
1;3;4;7;10;8;10;7;9;7
1;3;4;7;10;7;9;7;8;7
1;3;4;7;9;7;8;7;7;7
1;3;4;7;8;7;7;7;6;7
1;3;4;7;7;7;6;7;5;7
1;3;8;8;6;7;6;7;5;7;4;7
1;2;8;8;6;7;5;7;4;7;4;8
1;1;8;8;5;7;4;7;4;8;5;8
1;1;8;8;4;7;4;8;5;8;6;8
1;1;8;8;4;8;5;8;6;8;7;8
1;1;16;1;5;8;5;8;6;8;7;8;8;8
1;1;16;1;5;8;6;8;7;8;8;8;9;8
1;1;16;1;6;8;7;8;8;8;9;8;10;8
1;1;16;1;7;8;8;8;9;8;10;8;11;8
1;1;16;1;8;8;9;8;10;8;11;8;12;8
1;1;16;1;9;8;10;8;11;8;12;8;13;8
1;1;16;1;10;8;11;8;12;8;13;8;14;8
1;1;16;1;11;8;12;8;13;8;14;8;15;8
1;1;16;1;12;8;13;8;14;8;15;8;16;8
1;0;16;1;13;8;14;8;15;8;16;8;16;7
1;0;16;1;14;8;15;8;16;8;16;7;16;6
1;0;16;1;15;8;16;8;16;7;16;6;16;5
1;0;16;1;16;8;16;7;16;6;16;5;16;4
1;0;16;1;16;7;16;6;16;5;16;4;16;3
1;0;16;1;16;6;16;5;16;4;16;3;16;2
1;0;18;17;16;5;16;5;16;4;16;3;16;2;16;1
1;1;18;17;16;5;16;4;16;3;16;2;16;1;17;1
1;1;18;17;16;4;16;3;16;2;16;1;17;1;18;1
1;2;18;17;16;3;16;2;16;1;17;1;18;1;18;2
1;2;18;17;16;2;16;1;17;1;18;1;18;2;18;3
1;2;18;17;16;1;17;1;18;1;18;2;18;3;18;4
1;2;18;17;17;1;18;1;18;2;18;3;18;4;18;5
1;2;18;17;18;1;18;2;18;3;18;4;18;5;18;6
1;2;18;17;18;2;18;3;18;4;18;5;18;6;18;7
1;2;18;17;18;3;18;4;18;5;18;6;18;7;18;8
1;2;18;17;18;4;18;5;18;6;18;7;18;8;18;9
1;2;18;17;18;5;18;6;18;7;18;8;18;9;18;10
1;2;18;17;18;6;18;7;18;8;18;9;18;10;18;11
1;2;18;17;18;7;18;8;18;9;18;10;18;11;18;12
1;2;18;17;18;8;18;9;18;10;18;11;18;12;18;13
1;2;18;17;18;9;18;10;18;11;18;12;18;13;18;14
1;2;18;17;18;10;18;11;18;12;18;13;18;14;18;15
1;2;18;17;18;11;18;12;18;13;18;14;18;15;18;16
1;2;7;3;18;12;18;12;18;13;18;14;18;15;18;16;18;17
1;1;7;3;18;12;18;13;18;14;18;15;18;16;18;17;19;17
1;0;7;3;18;13;18;14;18;15;18;16;18;17;19;17;19;16
1;0;7;3;18;14;18;15;18;16;18;17;19;17;19;16;19;15
1;0;7;3;18;15;18;16;18;17;19;17;19;16;19;15;19;14
1;0;7;3;18;16;18;17;19;17;19;16;19;15;19;14;19;13
1;0;7;3;18;17;19;17;19;16;19;15;19;14;19;13;19;12
1;0;7;3;19;17;19;16;19;15;19;14;19;13;19;12;19;11
1;0;7;3;19;16;19;15;19;14;19;13;19;12;19;11;19;10
1;0;7;3;19;15;19;14;19;13;19;12;19;11;19;10;19;9
1;0;7;3;19;14;19;13;19;12;19;11;19;10;19;9;19;8
1;0;7;3;19;13;19;12;19;11;19;10;19;9;19;8;19;7
1;0;7;3;19;12;19;11;19;10;19;9;19;8;19;7;19;6
1;0;7;3;19;11;19;10;19;9;19;8;19;7;19;6;19;5
1;0;7;3;19;10;19;9;19;8;19;7;19;6;19;5;19;4
1;0;7;3;19;9;19;8;19;7;19;6;19;5;19;4;19;3
1;3;7;3;19;8;19;7;19;6;19;5;19;4;19;3;18;3
1;3;7;3;19;7;19;6;19;5;19;4;19;3;18;3;17;3
1;3;7;3;19;6;19;5;19;4;19;3;18;3;17;3;16;3
1;3;7;3;19;5;19;4;19;3;18;3;17;3;16;3;15;3
1;3;7;3;19;4;19;3;18;3;17;3;16;3;15;3;14;3
1;3;7;3;19;3;18;3;17;3;16;3;15;3;14;3;13;3
1;3;7;3;18;3;17;3;16;3;15;3;14;3;13;3;12;3
1;3;7;3;17;3;16;3;15;3;14;3;13;3;12;3;11;3
1;3;7;3;16;3;15;3;14;3;13;3;12;3;11;3;10;3
1;3;7;3;15;3;14;3;13;3;12;3;11;3;10;3;9;3
1;3;7;3;14;3;13;3;12;3;11;3;10;3;9;3;8;3
1;3;15;12;13;3;13;3;12;3;11;3;10;3;9;3;8;3;7;3
1;2;15;12;13;3;12;3;11;3;10;3;9;3;8;3;7;3;7;4
1;2;15;12;12;3;11;3;10;3;9;3;8;3;7;3;7;4;7;5
1;2;15;12;11;3;10;3;9;3;8;3;7;3;7;4;7;5;7;6
1;2;15;12;10;3;9;3;8;3;7;3;7;4;7;5;7;6;7;7
1;2;15;12;9;3;8;3;7;3;7;4;7;5;7;6;7;7;7;8
1;2;15;12;8;3;7;3;7;4;7;5;7;6;7;7;7;8;7;9
1;2;15;12;7;3;7;4;7;5;7;6;7;7;7;8;7;9;7;10
1;2;15;12;7;4;7;5;7;6;7;7;7;8;7;9;7;10;7;11
1;2;15;12;7;5;7;6;7;7;7;8;7;9;7;10;7;11;7;12
1;1;15;12;7;6;7;7;7;8;7;9;7;10;7;11;7;12;8;12
1;1;15;12;7;7;7;8;7;9;7;10;7;11;7;12;8;12;9;12
1;1;15;12;7;8;7;9;7;10;7;11;7;12;8;12;9;12;10;12
1;1;15;12;7;9;7;10;7;11;7;12;8;12;9;12;10;12;11;12
1;1;15;12;7;10;7;11;7;12;8;12;9;12;10;12;11;12;12;12
1;1;15;12;7;11;7;12;8;12;9;12;10;12;11;12;12;12;13;12
1;1;15;12;7;12;8;12;9;12;10;12;11;12;12;12;13;12;14;12
1;1;15;13;8;12;8;12;9;12;10;12;11;12;12;12;13;12;14;12;15;12
1;1;15;13;8;12;9;12;10;12;11;12;12;12;13;12;14;12;15;12;16;12
1;2;15;13;9;12;10;12;11;12;12;12;13;12;14;12;15;12;16;12;16;13
1;3;3;18;10;12;10;12;11;12;12;12;13;12;14;12;15;12;16;12;16;13;15;13
1;3;3;18;10;12;11;12;12;12;13;12;14;12;15;12;16;12;16;13;15;13;14;13
1;3;3;18;11;12;12;12;13;12;14;12;15;12;16;12;16;13;15;13;14;13;13;13
1;3;3;18;12;12;13;12;14;12;15;12;16;12;16;13;15;13;14;13;13;13;12;13
1;3;3;18;13;12;14;12;15;12;16;12;16;13;15;13;14;13;13;13;12;13;11;13
1;0;3;18;14;12;15;12;16;12;16;13;15;13;14;13;13;13;12;13;11;13;11;12
1;3;3;18;15;12;16;12;16;13;15;13;14;13;13;13;12;13;11;13;11;12;10;12
1;2;3;18;16;12;16;13;15;13;14;13;13;13;12;13;11;13;11;12;10;12;10;13
1;2;3;18;16;13;15;13;14;13;13;13;12;13;11;13;11;12;10;12;10;13;10;14
1;3;3;18;15;13;14;13;13;13;12;13;11;13;11;12;10;12;10;13;10;14;9;14
1;3;3;18;14;13;13;13;12;13;11;13;11;12;10;12;10;13;10;14;9;14;8;14
1;3;3;18;13;13;12;13;11;13;11;12;10;12;10;13;10;14;9;14;8;14;7;14
1;3;3;18;12;13;11;13;11;12;10;12;10;13;10;14;9;14;8;14;7;14;6;14
1;3;3;18;11;13;11;12;10;12;10;13;10;14;9;14;8;14;7;14;6;14;5;14
1;3;3;18;11;12;10;12;10;13;10;14;9;14;8;14;7;14;6;14;5;14;4;14
1;3;3;18;10;12;10;13;10;14;9;14;8;14;7;14;6;14;5;14;4;14;3;14
1;2;3;18;10;13;10;14;9;14;8;14;7;14;6;14;5;14;4;14;3;14;3;15
1;2;3;18;10;14;9;14;8;14;7;14;6;14;5;14;4;14;3;14;3;15;3;16
1;2;3;18;9;14;8;14;7;14;6;14;5;14;4;14;3;14;3;15;3;16;3;17
1;2;9;8;8;14;8;14;7;14;6;14;5;14;4;14;3;14;3;15;3;16;3;17;3;18
1;1;9;8;8;14;7;14;6;14;5;14;4;14;3;14;3;15;3;16;3;17;3;18;4;18
1;1;9;8;7;14;6;14;5;14;4;14;3;14;3;15;3;16;3;17;3;18;4;18;5;18
1;1;9;8;6;14;5;14;4;14;3;14;3;15;3;16;3;17;3;18;4;18;5;18;6;18
1;1;9;8;5;14;4;14;3;14;3;15;3;16;3;17;3;18;4;18;5;18;6;18;7;18
1;1;9;8;4;14;3;14;3;15;3;16;3;17;3;18;4;18;5;18;6;18;7;18;8;18
1;1;9;8;3;14;3;15;3;16;3;17;3;18;4;18;5;18;6;18;7;18;8;18;9;18
1;0;9;8;3;15;3;16;3;17;3;18;4;18;5;18;6;18;7;18;8;18;9;18;9;17
1;0;9;8;3;16;3;17;3;18;4;18;5;18;6;18;7;18;8;18;9;18;9;17;9;16
1;0;9;8;3;17;3;18;4;18;5;18;6;18;7;18;8;18;9;18;9;17;9;16;9;15
1;0;9;8;3;18;4;18;5;18;6;18;7;18;8;18;9;18;9;17;9;16;9;15;9;14
1;0;9;8;4;18;5;18;6;18;7;18;8;18;9;18;9;17;9;16;9;15;9;14;9;13
1;0;9;8;5;18;6;18;7;18;8;18;9;18;9;17;9;16;9;15;9;14;9;13;9;12
1;0;9;8;6;18;7;18;8;18;9;18;9;17;9;16;9;15;9;14;9;13;9;12;9;11
1;0;9;8;7;18;8;18;9;18;9;17;9;16;9;15;9;14;9;13;9;12;9;11;9;10
1;0;9;8;8;18;9;18;9;17;9;16;9;15;9;14;9;13;9;12;9;11;9;10;9;9
1;0;7;9;9;18;9;18;9;17;9;16;9;15;9;14;9;13;9;12;9;11;9;10;9;9;9;8
1;3;7;9;9;18;9;17;9;16;9;15;9;14;9;13;9;12;9;11;9;10;9;9;9;8;8;8
1;3;7;9;9;17;9;16;9;15;9;14;9;13;9;12;9;11;9;10;9;9;9;8;8;8;7;8
1;2;12;8;9;16;9;16;9;15;9;14;9;13;9;12;9;11;9;10;9;9;9;8;8;8;7;8;7;9
1;3;12;8;9;16;9;15;9;14;9;13;9;12;9;11;9;10;9;9;9;8;8;8;7;8;7;9;6;9
1;3;12;8;9;15;9;14;9;13;9;12;9;11;9;10;9;9;9;8;8;8;7;8;7;9;6;9;5;9
1;0;12;8;9;14;9;13;9;12;9;11;9;10;9;9;9;8;8;8;7;8;7;9;6;9;5;9;5;8
1;0;12;8;9;13;9;12;9;11;9;10;9;9;9;8;8;8;7;8;7;9;6;9;5;9;5;8;5;7
1;1;12;8;9;12;9;11;9;10;9;9;9;8;8;8;7;8;7;9;6;9;5;9;5;8;5;7;6;7
1;1;12;8;9;11;9;10;9;9;9;8;8;8;7;8;7;9;6;9;5;9;5;8;5;7;6;7;7;7
1;1;12;8;9;10;9;9;9;8;8;8;7;8;7;9;6;9;5;9;5;8;5;7;6;7;7;7;8;7
1;1;12;8;9;9;9;8;8;8;7;8;7;9;6;9;5;9;5;8;5;7;6;7;7;7;8;7;9;7
1;1;12;8;9;8;8;8;7;8;7;9;6;9;5;9;5;8;5;7;6;7;7;7;8;7;9;7;10;7
1;2;12;8;8;8;7;8;7;9;6;9;5;9;5;8;5;7;6;7;7;7;8;7;9;7;10;7;10;8
1;1;12;8;7;8;7;9;6;9;5;9;5;8;5;7;6;7;7;7;8;7;9;7;10;7;10;8;11;8
1;1;16;13;7;9;7;9;6;9;5;9;5;8;5;7;6;7;7;7;8;7;9;7;10;7;10;8;11;8;12;8
1;2;16;13;7;9;6;9;5;9;5;8;5;7;6;7;7;7;8;7;9;7;10;7;10;8;11;8;12;8;12;9
1;2;16;13;6;9;5;9;5;8;5;7;6;7;7;7;8;7;9;7;10;7;10;8;11;8;12;8;12;9;12;10
1;2;16;13;5;9;5;8;5;7;6;7;7;7;8;7;9;7;10;7;10;8;11;8;12;8;12;9;12;10;12;11
1;2;16;13;5;8;5;7;6;7;7;7;8;7;9;7;10;7;10;8;11;8;12;8;12;9;12;10;12;11;12;12
1;2;16;13;5;7;6;7;7;7;8;7;9;7;10;7;10;8;11;8;12;8;12;9;12;10;12;11;12;12;12;13
1;1;16;13;6;7;7;7;8;7;9;7;10;7;10;8;11;8;12;8;12;9;12;10;12;11;12;12;12;13;13;13
1;1;16;13;7;7;8;7;9;7;10;7;10;8;11;8;12;8;12;9;12;10;12;11;12;12;12;13;13;13;14;13
1;1;16;13;8;7;9;7;10;7;10;8;11;8;12;8;12;9;12;10;12;11;12;12;12;13;13;13;14;13;15;13
1;1;11;9;9;7;9;7;10;7;10;8;11;8;12;8;12;9;12;10;12;11;12;12;12;13;13;13;14;13;15;13;16;13
1;0;11;9;9;7;10;7;10;8;11;8;12;8;12;9;12;10;12;11;12;12;12;13;13;13;14;13;15;13;16;13;16;12
1;0;11;9;10;7;10;8;11;8;12;8;12;9;12;10;12;11;12;12;12;13;13;13;14;13;15;13;16;13;16;12;16;11
1;0;11;9;10;8;11;8;12;8;12;9;12;10;12;11;12;12;12;13;13;13;14;13;15;13;16;13;16;12;16;11;16;10
1;0;11;9;11;8;12;8;12;9;12;10;12;11;12;12;12;13;13;13;14;13;15;13;16;13;16;12;16;11;16;10;16;9
1;3;11;9;12;8;12;9;12;10;12;11;12;12;12;13;13;13;14;13;15;13;16;13;16;12;16;11;16;10;16;9;15;9
1;3;11;9;12;9;12;10;12;11;12;12;12;13;13;13;14;13;15;13;16;13;16;12;16;11;16;10;16;9;15;9;14;9
1;3;11;9;12;10;12;11;12;12;12;13;13;13;14;13;15;13;16;13;16;12;16;11;16;10;16;9;15;9;14;9;13;9
1;3;11;9;12;11;12;12;12;13;13;13;14;13;15;13;16;13;16;12;16;11;16;10;16;9;15;9;14;9;13;9;12;9
1;3;5;9;12;12;12;12;12;13;13;13;14;13;15;13;16;13;16;12;16;11;16;10;16;9;15;9;14;9;13;9;12;9;11;9
1;3;5;9;12;12;12;13;13;13;14;13;15;13;16;13;16;12;16;11;16;10;16;9;15;9;14;9;13;9;12;9;11;9;10;9
1;3;5;9;12;13;13;13;14;13;15;13;16;13;16;12;16;11;16;10;16;9;15;9;14;9;13;9;12;9;11;9;10;9;9;9
1;3;5;9;13;13;14;13;15;13;16;13;16;12;16;11;16;10;16;9;15;9;14;9;13;9;12;9;11;9;10;9;9;9;8;9
1;3;5;9;14;13;15;13;16;13;16;12;16;11;16;10;16;9;15;9;14;9;13;9;12;9;11;9;10;9;9;9;8;9;7;9
1;3;5;9;15;13;16;13;16;12;16;11;16;10;16;9;15;9;14;9;13;9;12;9;11;9;10;9;9;9;8;9;7;9;6;9
1;3;11;5;16;13;16;13;16;12;16;11;16;10;16;9;15;9;14;9;13;9;12;9;11;9;10;9;9;9;8;9;7;9;6;9;5;9
1;0;11;5;16;13;16;12;16;11;16;10;16;9;15;9;14;9;13;9;12;9;11;9;10;9;9;9;8;9;7;9;6;9;5;9;5;8
1;1;11;5;16;12;16;11;16;10;16;9;15;9;14;9;13;9;12;9;11;9;10;9;9;9;8;9;7;9;6;9;5;9;5;8;6;8
1;1;11;5;16;11;16;10;16;9;15;9;14;9;13;9;12;9;11;9;10;9;9;9;8;9;7;9;6;9;5;9;5;8;6;8;7;8
1;1;11;5;16;10;16;9;15;9;14;9;13;9;12;9;11;9;10;9;9;9;8;9;7;9;6;9;5;9;5;8;6;8;7;8;8;8
1;1;11;5;16;9;15;9;14;9;13;9;12;9;11;9;10;9;9;9;8;9;7;9;6;9;5;9;5;8;6;8;7;8;8;8;9;8
1;1;11;5;15;9;14;9;13;9;12;9;11;9;10;9;9;9;8;9;7;9;6;9;5;9;5;8;6;8;7;8;8;8;9;8;10;8
1;1;11;5;14;9;13;9;12;9;11;9;10;9;9;9;8;9;7;9;6;9;5;9;5;8;6;8;7;8;8;8;9;8;10;8;11;8
1;0;11;5;13;9;12;9;11;9;10;9;9;9;8;9;7;9;6;9;5;9;5;8;6;8;7;8;8;8;9;8;10;8;11;8;11;7
1;0;11;5;12;9;11;9;10;9;9;9;8;9;7;9;6;9;5;9;5;8;6;8;7;8;8;8;9;8;10;8;11;8;11;7;11;6
1;0;9;13;11;9;11;9;10;9;9;9;8;9;7;9;6;9;5;9;5;8;6;8;7;8;8;8;9;8;10;8;11;8;11;7;11;6;11;5
1;1;9;13;11;9;10;9;9;9;8;9;7;9;6;9;5;9;5;8;6;8;7;8;8;8;9;8;10;8;11;8;11;7;11;6;11;5;12;5
1;0;9;13;10;9;9;9;8;9;7;9;6;9;5;9;5;8;6;8;7;8;8;8;9;8;10;8;11;8;11;7;11;6;11;5;12;5;12;4
1;3;9;13;9;9;8;9;7;9;6;9;5;9;5;8;6;8;7;8;8;8;9;8;10;8;11;8;11;7;11;6;11;5;12;5;12;4;11;4
1;0;9;13;8;9;7;9;6;9;5;9;5;8;6;8;7;8;8;8;9;8;10;8;11;8;11;7;11;6;11;5;12;5;12;4;11;4;11;3
1;3;9;13;7;9;6;9;5;9;5;8;6;8;7;8;8;8;9;8;10;8;11;8;11;7;11;6;11;5;12;5;12;4;11;4;11;3;10;3
1;0;9;13;6;9;5;9;5;8;6;8;7;8;8;8;9;8;10;8;11;8;11;7;11;6;11;5;12;5;12;4;11;4;11;3;10;3;10;2
1;3;9;13;5;9;5;8;6;8;7;8;8;8;9;8;10;8;11;8;11;7;11;6;11;5;12;5;12;4;11;4;11;3;10;3;10;2;9;2
1;2;9;13;5;8;6;8;7;8;8;8;9;8;10;8;11;8;11;7;11;6;11;5;12;5;12;4;11;4;11;3;10;3;10;2;9;2;9;3
1;2;9;13;6;8;7;8;8;8;9;8;10;8;11;8;11;7;11;6;11;5;12;5;12;4;11;4;11;3;10;3;10;2;9;2;9;3;9;4
1;2;9;13;7;8;8;8;9;8;10;8;11;8;11;7;11;6;11;5;12;5;12;4;11;4;11;3;10;3;10;2;9;2;9;3;9;4;9;5
1;2;9;13;8;8;9;8;10;8;11;8;11;7;11;6;11;5;12;5;12;4;11;4;11;3;10;3;10;2;9;2;9;3;9;4;9;5;9;6
1;2;9;13;9;8;10;8;11;8;11;7;11;6;11;5;12;5;12;4;11;4;11;3;10;3;10;2;9;2;9;3;9;4;9;5;9;6;9;7
1;2;9;13;10;8;11;8;11;7;11;6;11;5;12;5;12;4;11;4;11;3;10;3;10;2;9;2;9;3;9;4;9;5;9;6;9;7;9;8
1;2;9;13;11;8;11;7;11;6;11;5;12;5;12;4;11;4;11;3;10;3;10;2;9;2;9;3;9;4;9;5;9;6;9;7;9;8;9;9
1;2;9;13;11;7;11;6;11;5;12;5;12;4;11;4;11;3;10;3;10;2;9;2;9;3;9;4;9;5;9;6;9;7;9;8;9;9;9;10
1;2;9;13;11;6;11;5;12;5;12;4;11;4;11;3;10;3;10;2;9;2;9;3;9;4;9;5;9;6;9;7;9;8;9;9;9;10;9;11
1;2;9;13;11;5;12;5;12;4;11;4;11;3;10;3;10;2;9;2;9;3;9;4;9;5;9;6;9;7;9;8;9;9;9;10;9;11;9;12
1;2;12;11;12;5;12;5;12;4;11;4;11;3;10;3;10;2;9;2;9;3;9;4;9;5;9;6;9;7;9;8;9;9;9;10;9;11;9;12;9;13
1;1;12;11;12;5;12;4;11;4;11;3;10;3;10;2;9;2;9;3;9;4;9;5;9;6;9;7;9;8;9;9;9;10;9;11;9;12;9;13;10;13
1;1;12;11;12;4;11;4;11;3;10;3;10;2;9;2;9;3;9;4;9;5;9;6;9;7;9;8;9;9;9;10;9;11;9;12;9;13;10;13;11;13
1;1;12;11;11;4;11;3;10;3;10;2;9;2;9;3;9;4;9;5;9;6;9;7;9;8;9;9;9;10;9;11;9;12;9;13;10;13;11;13;12;13
1;0;12;11;11;3;10;3;10;2;9;2;9;3;9;4;9;5;9;6;9;7;9;8;9;9;9;10;9;11;9;12;9;13;10;13;11;13;12;13;12;12
1;0;3;7;10;3;10;3;10;2;9;2;9;3;9;4;9;5;9;6;9;7;9;8;9;9;9;10;9;11;9;12;9;13;10;13;11;13;12;13;12;12;12;11
1;0;3;7;10;3;10;2;9;2;9;3;9;4;9;5;9;6;9;7;9;8;9;9;9;10;9;11;9;12;9;13;10;13;11;13;12;13;12;12;12;11;12;10
1;1;3;7;10;2;9;2;9;3;9;4;9;5;9;6;9;7;9;8;9;9;9;10;9;11;9;12;9;13;10;13;11;13;12;13;12;12;12;11;12;10;13;10
1;2;3;7;9;2;9;3;9;4;9;5;9;6;9;7;9;8;9;9;9;10;9;11;9;12;9;13;10;13;11;13;12;13;12;12;12;11;12;10;13;10;13;11
1;2;3;7;9;3;9;4;9;5;9;6;9;7;9;8;9;9;9;10;9;11;9;12;9;13;10;13;11;13;12;13;12;12;12;11;12;10;13;10;13;11;13;12
1;2;3;7;9;4;9;5;9;6;9;7;9;8;9;9;9;10;9;11;9;12;9;13;10;13;11;13;12;13;12;12;12;11;12;10;13;10;13;11;13;12;13;13
1;2;3;7;9;5;9;6;9;7;9;8;9;9;9;10;9;11;9;12;9;13;10;13;11;13;12;13;12;12;12;11;12;10;13;10;13;11;13;12;13;13;13;14
1;2;3;7;9;6;9;7;9;8;9;9;9;10;9;11;9;12;9;13;10;13;11;13;12;13;12;12;12;11;12;10;13;10;13;11;13;12;13;13;13;14;13;15
1;1;3;7;9;7;9;8;9;9;9;10;9;11;9;12;9;13;10;13;11;13;12;13;12;12;12;11;12;10;13;10;13;11;13;12;13;13;13;14;13;15;14;15
1;0;3;7;9;8;9;9;9;10;9;11;9;12;9;13;10;13;11;13;12;13;12;12;12;11;12;10;13;10;13;11;13;12;13;13;13;14;13;15;14;15;14;14
1;0;3;7;9;9;9;10;9;11;9;12;9;13;10;13;11;13;12;13;12;12;12;11;12;10;13;10;13;11;13;12;13;13;13;14;13;15;14;15;14;14;14;13
1;0;3;7;9;10;9;11;9;12;9;13;10;13;11;13;12;13;12;12;12;11;12;10;13;10;13;11;13;12;13;13;13;14;13;15;14;15;14;14;14;13;14;12
1;0;3;7;9;11;9;12;9;13;10;13;11;13;12;13;12;12;12;11;12;10;13;10;13;11;13;12;13;13;13;14;13;15;14;15;14;14;14;13;14;12;14;11
1;0;3;7;9;12;9;13;10;13;11;13;12;13;12;12;12;11;12;10;13;10;13;11;13;12;13;13;13;14;13;15;14;15;14;14;14;13;14;12;14;11;14;10
1;0;3;7;9;13;10;13;11;13;12;13;12;12;12;11;12;10;13;10;13;11;13;12;13;13;13;14;13;15;14;15;14;14;14;13;14;12;14;11;14;10;14;9
1;0;3;7;10;13;11;13;12;13;12;12;12;11;12;10;13;10;13;11;13;12;13;13;13;14;13;15;14;15;14;14;14;13;14;12;14;11;14;10;14;9;14;8
1;0;3;7;11;13;12;13;12;12;12;11;12;10;13;10;13;11;13;12;13;13;13;14;13;15;14;15;14;14;14;13;14;12;14;11;14;10;14;9;14;8;14;7
1;3;3;7;12;13;12;12;12;11;12;10;13;10;13;11;13;12;13;13;13;14;13;15;14;15;14;14;14;13;14;12;14;11;14;10;14;9;14;8;14;7;13;7
1;3;3;7;12;12;12;11;12;10;13;10;13;11;13;12;13;13;13;14;13;15;14;15;14;14;14;13;14;12;14;11;14;10;14;9;14;8;14;7;13;7;12;7
1;3;3;7;12;11;12;10;13;10;13;11;13;12;13;13;13;14;13;15;14;15;14;14;14;13;14;12;14;11;14;10;14;9;14;8;14;7;13;7;12;7;11;7
1;3;3;7;12;10;13;10;13;11;13;12;13;13;13;14;13;15;14;15;14;14;14;13;14;12;14;11;14;10;14;9;14;8;14;7;13;7;12;7;11;7;10;7
1;3;3;7;13;10;13;11;13;12;13;13;13;14;13;15;14;15;14;14;14;13;14;12;14;11;14;10;14;9;14;8;14;7;13;7;12;7;11;7;10;7;9;7
1;3;3;7;13;11;13;12;13;13;13;14;13;15;14;15;14;14;14;13;14;12;14;11;14;10;14;9;14;8;14;7;13;7;12;7;11;7;10;7;9;7;8;7
1;3;3;7;13;12;13;13;13;14;13;15;14;15;14;14;14;13;14;12;14;11;14;10;14;9;14;8;14;7;13;7;12;7;11;7;10;7;9;7;8;7;7;7
1;3;3;7;13;13;13;14;13;15;14;15;14;14;14;13;14;12;14;11;14;10;14;9;14;8;14;7;13;7;12;7;11;7;10;7;9;7;8;7;7;7;6;7
1;3;3;7;13;14;13;15;14;15;14;14;14;13;14;12;14;11;14;10;14;9;14;8;14;7;13;7;12;7;11;7;10;7;9;7;8;7;7;7;6;7;5;7
1;3;3;7;13;15;14;15;14;14;14;13;14;12;14;11;14;10;14;9;14;8;14;7;13;7;12;7;11;7;10;7;9;7;8;7;7;7;6;7;5;7;4;7
1;3;5;2;14;15;14;15;14;14;14;13;14;12;14;11;14;10;14;9;14;8;14;7;13;7;12;7;11;7;10;7;9;7;8;7;7;7;6;7;5;7;4;7;3;7
1;0;5;2;14;15;14;14;14;13;14;12;14;11;14;10;14;9;14;8;14;7;13;7;12;7;11;7;10;7;9;7;8;7;7;7;6;7;5;7;4;7;3;7;3;6
1;1;5;2;14;14;14;13;14;12;14;11;14;10;14;9;14;8;14;7;13;7;12;7;11;7;10;7;9;7;8;7;7;7;6;7;5;7;4;7;3;7;3;6;4;6
1;1;5;2;14;13;14;12;14;11;14;10;14;9;14;8;14;7;13;7;12;7;11;7;10;7;9;7;8;7;7;7;6;7;5;7;4;7;3;7;3;6;4;6;5;6
1;0;5;2;14;12;14;11;14;10;14;9;14;8;14;7;13;7;12;7;11;7;10;7;9;7;8;7;7;7;6;7;5;7;4;7;3;7;3;6;4;6;5;6;5;5
1;0;5;2;14;11;14;10;14;9;14;8;14;7;13;7;12;7;11;7;10;7;9;7;8;7;7;7;6;7;5;7;4;7;3;7;3;6;4;6;5;6;5;5;5;4
1;0;5;2;14;10;14;9;14;8;14;7;13;7;12;7;11;7;10;7;9;7;8;7;7;7;6;7;5;7;4;7;3;7;3;6;4;6;5;6;5;5;5;4;5;3
1;0;15;10;14;9;14;9;14;8;14;7;13;7;12;7;11;7;10;7;9;7;8;7;7;7;6;7;5;7;4;7;3;7;3;6;4;6;5;6;5;5;5;4;5;3;5;2
1;3;15;10;14;9;14;8;14;7;13;7;12;7;11;7;10;7;9;7;8;7;7;7;6;7;5;7;4;7;3;7;3;6;4;6;5;6;5;5;5;4;5;3;5;2;4;2
1;3;15;10;14;8;14;7;13;7;12;7;11;7;10;7;9;7;8;7;7;7;6;7;5;7;4;7;3;7;3;6;4;6;5;6;5;5;5;4;5;3;5;2;4;2;3;2
1;3;15;10;14;7;13;7;12;7;11;7;10;7;9;7;8;7;7;7;6;7;5;7;4;7;3;7;3;6;4;6;5;6;5;5;5;4;5;3;5;2;4;2;3;2;2;2
1;2;15;10;13;7;12;7;11;7;10;7;9;7;8;7;7;7;6;7;5;7;4;7;3;7;3;6;4;6;5;6;5;5;5;4;5;3;5;2;4;2;3;2;2;2;2;3
1;2;15;10;12;7;11;7;10;7;9;7;8;7;7;7;6;7;5;7;4;7;3;7;3;6;4;6;5;6;5;5;5;4;5;3;5;2;4;2;3;2;2;2;2;3;2;4
1;2;15;10;11;7;10;7;9;7;8;7;7;7;6;7;5;7;4;7;3;7;3;6;4;6;5;6;5;5;5;4;5;3;5;2;4;2;3;2;2;2;2;3;2;4;2;5
1;2;15;10;10;7;9;7;8;7;7;7;6;7;5;7;4;7;3;7;3;6;4;6;5;6;5;5;5;4;5;3;5;2;4;2;3;2;2;2;2;3;2;4;2;5;2;6
1;2;15;10;9;7;8;7;7;7;6;7;5;7;4;7;3;7;3;6;4;6;5;6;5;5;5;4;5;3;5;2;4;2;3;2;2;2;2;3;2;4;2;5;2;6;2;7
1;2;15;10;8;7;7;7;6;7;5;7;4;7;3;7;3;6;4;6;5;6;5;5;5;4;5;3;5;2;4;2;3;2;2;2;2;3;2;4;2;5;2;6;2;7;2;8
1;2;15;10;7;7;6;7;5;7;4;7;3;7;3;6;4;6;5;6;5;5;5;4;5;3;5;2;4;2;3;2;2;2;2;3;2;4;2;5;2;6;2;7;2;8;2;9
1;2;15;10;6;7;5;7;4;7;3;7;3;6;4;6;5;6;5;5;5;4;5;3;5;2;4;2;3;2;2;2;2;3;2;4;2;5;2;6;2;7;2;8;2;9;2;10
1;1;15;10;5;7;4;7;3;7;3;6;4;6;5;6;5;5;5;4;5;3;5;2;4;2;3;2;2;2;2;3;2;4;2;5;2;6;2;7;2;8;2;9;2;10;3;10
1;1;15;10;4;7;3;7;3;6;4;6;5;6;5;5;5;4;5;3;5;2;4;2;3;2;2;2;2;3;2;4;2;5;2;6;2;7;2;8;2;9;2;10;3;10;4;10
1;1;15;10;3;7;3;6;4;6;5;6;5;5;5;4;5;3;5;2;4;2;3;2;2;2;2;3;2;4;2;5;2;6;2;7;2;8;2;9;2;10;3;10;4;10;5;10
1;1;15;10;3;6;4;6;5;6;5;5;5;4;5;3;5;2;4;2;3;2;2;2;2;3;2;4;2;5;2;6;2;7;2;8;2;9;2;10;3;10;4;10;5;10;6;10
1;1;15;10;4;6;5;6;5;5;5;4;5;3;5;2;4;2;3;2;2;2;2;3;2;4;2;5;2;6;2;7;2;8;2;9;2;10;3;10;4;10;5;10;6;10;7;10
1;1;15;10;5;6;5;5;5;4;5;3;5;2;4;2;3;2;2;2;2;3;2;4;2;5;2;6;2;7;2;8;2;9;2;10;3;10;4;10;5;10;6;10;7;10;8;10
1;1;15;10;5;5;5;4;5;3;5;2;4;2;3;2;2;2;2;3;2;4;2;5;2;6;2;7;2;8;2;9;2;10;3;10;4;10;5;10;6;10;7;10;8;10;9;10
1;1;15;10;5;4;5;3;5;2;4;2;3;2;2;2;2;3;2;4;2;5;2;6;2;7;2;8;2;9;2;10;3;10;4;10;5;10;6;10;7;10;8;10;9;10;10;10
1;1;15;10;5;3;5;2;4;2;3;2;2;2;2;3;2;4;2;5;2;6;2;7;2;8;2;9;2;10;3;10;4;10;5;10;6;10;7;10;8;10;9;10;10;10;11;10
1;1;15;10;5;2;4;2;3;2;2;2;2;3;2;4;2;5;2;6;2;7;2;8;2;9;2;10;3;10;4;10;5;10;6;10;7;10;8;10;9;10;10;10;11;10;12;10
1;1;15;10;4;2;3;2;2;2;2;3;2;4;2;5;2;6;2;7;2;8;2;9;2;10;3;10;4;10;5;10;6;10;7;10;8;10;9;10;10;10;11;10;12;10;13;10
1;1;15;10;3;2;2;2;2;3;2;4;2;5;2;6;2;7;2;8;2;9;2;10;3;10;4;10;5;10;6;10;7;10;8;10;9;10;10;10;11;10;12;10;13;10;14;10
1;1;16;5;2;2;2;2;2;3;2;4;2;5;2;6;2;7;2;8;2;9;2;10;3;10;4;10;5;10;6;10;7;10;8;10;9;10;10;10;11;10;12;10;13;10;14;10;15;10
1;1;16;5;2;2;2;3;2;4;2;5;2;6;2;7;2;8;2;9;2;10;3;10;4;10;5;10;6;10;7;10;8;10;9;10;10;10;11;10;12;10;13;10;14;10;15;10;16;10
1;0;16;5;2;3;2;4;2;5;2;6;2;7;2;8;2;9;2;10;3;10;4;10;5;10;6;10;7;10;8;10;9;10;10;10;11;10;12;10;13;10;14;10;15;10;16;10;16;9
1;0;16;5;2;4;2;5;2;6;2;7;2;8;2;9;2;10;3;10;4;10;5;10;6;10;7;10;8;10;9;10;10;10;11;10;12;10;13;10;14;10;15;10;16;10;16;9;16;8
1;0;16;5;2;5;2;6;2;7;2;8;2;9;2;10;3;10;4;10;5;10;6;10;7;10;8;10;9;10;10;10;11;10;12;10;13;10;14;10;15;10;16;10;16;9;16;8;16;7
1;0;16;5;2;6;2;7;2;8;2;9;2;10;3;10;4;10;5;10;6;10;7;10;8;10;9;10;10;10;11;10;12;10;13;10;14;10;15;10;16;10;16;9;16;8;16;7;16;6
1;0;6;7;2;7;2;7;2;8;2;9;2;10;3;10;4;10;5;10;6;10;7;10;8;10;9;10;10;10;11;10;12;10;13;10;14;10;15;10;16;10;16;9;16;8;16;7;16;6;16;5
1;3;6;7;2;7;2;8;2;9;2;10;3;10;4;10;5;10;6;10;7;10;8;10;9;10;10;10;11;10;12;10;13;10;14;10;15;10;16;10;16;9;16;8;16;7;16;6;16;5;15;5
1;3;6;7;2;8;2;9;2;10;3;10;4;10;5;10;6;10;7;10;8;10;9;10;10;10;11;10;12;10;13;10;14;10;15;10;16;10;16;9;16;8;16;7;16;6;16;5;15;5;14;5
1;3;6;7;2;9;2;10;3;10;4;10;5;10;6;10;7;10;8;10;9;10;10;10;11;10;12;10;13;10;14;10;15;10;16;10;16;9;16;8;16;7;16;6;16;5;15;5;14;5;13;5
1;3;6;7;2;10;3;10;4;10;5;10;6;10;7;10;8;10;9;10;10;10;11;10;12;10;13;10;14;10;15;10;16;10;16;9;16;8;16;7;16;6;16;5;15;5;14;5;13;5;12;5
1;3;6;7;3;10;4;10;5;10;6;10;7;10;8;10;9;10;10;10;11;10;12;10;13;10;14;10;15;10;16;10;16;9;16;8;16;7;16;6;16;5;15;5;14;5;13;5;12;5;11;5
1;3;6;7;4;10;5;10;6;10;7;10;8;10;9;10;10;10;11;10;12;10;13;10;14;10;15;10;16;10;16;9;16;8;16;7;16;6;16;5;15;5;14;5;13;5;12;5;11;5;10;5
1;3;6;7;5;10;6;10;7;10;8;10;9;10;10;10;11;10;12;10;13;10;14;10;15;10;16;10;16;9;16;8;16;7;16;6;16;5;15;5;14;5;13;5;12;5;11;5;10;5;9;5
1;3;6;7;6;10;7;10;8;10;9;10;10;10;11;10;12;10;13;10;14;10;15;10;16;10;16;9;16;8;16;7;16;6;16;5;15;5;14;5;13;5;12;5;11;5;10;5;9;5;8;5
1;3;6;7;7;10;8;10;9;10;10;10;11;10;12;10;13;10;14;10;15;10;16;10;16;9;16;8;16;7;16;6;16;5;15;5;14;5;13;5;12;5;11;5;10;5;9;5;8;5;7;5
1;3;6;7;8;10;9;10;10;10;11;10;12;10;13;10;14;10;15;10;16;10;16;9;16;8;16;7;16;6;16;5;15;5;14;5;13;5;12;5;11;5;10;5;9;5;8;5;7;5;6;5
1;2;6;7;9;10;10;10;11;10;12;10;13;10;14;10;15;10;16;10;16;9;16;8;16;7;16;6;16;5;15;5;14;5;13;5;12;5;11;5;10;5;9;5;8;5;7;5;6;5;6;6
1;2;5;11;10;10;10;10;11;10;12;10;13;10;14;10;15;10;16;10;16;9;16;8;16;7;16;6;16;5;15;5;14;5;13;5;12;5;11;5;10;5;9;5;8;5;7;5;6;5;6;6;6;7
1;3;5;11;10;10;11;10;12;10;13;10;14;10;15;10;16;10;16;9;16;8;16;7;16;6;16;5;15;5;14;5;13;5;12;5;11;5;10;5;9;5;8;5;7;5;6;5;6;6;6;7;5;7
1;2;5;11;11;10;12;10;13;10;14;10;15;10;16;10;16;9;16;8;16;7;16;6;16;5;15;5;14;5;13;5;12;5;11;5;10;5;9;5;8;5;7;5;6;5;6;6;6;7;5;7;5;8
1;2;5;11;12;10;13;10;14;10;15;10;16;10;16;9;16;8;16;7;16;6;16;5;15;5;14;5;13;5;12;5;11;5;10;5;9;5;8;5;7;5;6;5;6;6;6;7;5;7;5;8;5;9
1;2;5;11;13;10;14;10;15;10;16;10;16;9;16;8;16;7;16;6;16;5;15;5;14;5;13;5;12;5;11;5;10;5;9;5;8;5;7;5;6;5;6;6;6;7;5;7;5;8;5;9;5;10
1;2;7;19;14;10;14;10;15;10;16;10;16;9;16;8;16;7;16;6;16;5;15;5;14;5;13;5;12;5;11;5;10;5;9;5;8;5;7;5;6;5;6;6;6;7;5;7;5;8;5;9;5;10;5;11
1;1;7;19;14;10;15;10;16;10;16;9;16;8;16;7;16;6;16;5;15;5;14;5;13;5;12;5;11;5;10;5;9;5;8;5;7;5;6;5;6;6;6;7;5;7;5;8;5;9;5;10;5;11;6;11
1;1;7;19;15;10;16;10;16;9;16;8;16;7;16;6;16;5;15;5;14;5;13;5;12;5;11;5;10;5;9;5;8;5;7;5;6;5;6;6;6;7;5;7;5;8;5;9;5;10;5;11;6;11;7;11
1;2;7;19;16;10;16;9;16;8;16;7;16;6;16;5;15;5;14;5;13;5;12;5;11;5;10;5;9;5;8;5;7;5;6;5;6;6;6;7;5;7;5;8;5;9;5;10;5;11;6;11;7;11;7;12
1;2;7;19;16;9;16;8;16;7;16;6;16;5;15;5;14;5;13;5;12;5;11;5;10;5;9;5;8;5;7;5;6;5;6;6;6;7;5;7;5;8;5;9;5;10;5;11;6;11;7;11;7;12;7;13
1;2;7;19;16;8;16;7;16;6;16;5;15;5;14;5;13;5;12;5;11;5;10;5;9;5;8;5;7;5;6;5;6;6;6;7;5;7;5;8;5;9;5;10;5;11;6;11;7;11;7;12;7;13;7;14
1;2;7;19;16;7;16;6;16;5;15;5;14;5;13;5;12;5;11;5;10;5;9;5;8;5;7;5;6;5;6;6;6;7;5;7;5;8;5;9;5;10;5;11;6;11;7;11;7;12;7;13;7;14;7;15
1;2;7;19;16;6;16;5;15;5;14;5;13;5;12;5;11;5;10;5;9;5;8;5;7;5;6;5;6;6;6;7;5;7;5;8;5;9;5;10;5;11;6;11;7;11;7;12;7;13;7;14;7;15;7;16
1;2;7;19;16;5;15;5;14;5;13;5;12;5;11;5;10;5;9;5;8;5;7;5;6;5;6;6;6;7;5;7;5;8;5;9;5;10;5;11;6;11;7;11;7;12;7;13;7;14;7;15;7;16;7;17
1;2;7;19;15;5;14;5;13;5;12;5;11;5;10;5;9;5;8;5;7;5;6;5;6;6;6;7;5;7;5;8;5;9;5;10;5;11;6;11;7;11;7;12;7;13;7;14;7;15;7;16;7;17;7;18
1;2;10;12;14;5;14;5;13;5;12;5;11;5;10;5;9;5;8;5;7;5;6;5;6;6;6;7;5;7;5;8;5;9;5;10;5;11;6;11;7;11;7;12;7;13;7;14;7;15;7;16;7;17;7;18;7;19
1;1;10;12;14;5;13;5;12;5;11;5;10;5;9;5;8;5;7;5;6;5;6;6;6;7;5;7;5;8;5;9;5;10;5;11;6;11;7;11;7;12;7;13;7;14;7;15;7;16;7;17;7;18;7;19;8;19
1;1;10;12;13;5;12;5;11;5;10;5;9;5;8;5;7;5;6;5;6;6;6;7;5;7;5;8;5;9;5;10;5;11;6;11;7;11;7;12;7;13;7;14;7;15;7;16;7;17;7;18;7;19;8;19;9;19
1;1;10;12;12;5;11;5;10;5;9;5;8;5;7;5;6;5;6;6;6;7;5;7;5;8;5;9;5;10;5;11;6;11;7;11;7;12;7;13;7;14;7;15;7;16;7;17;7;18;7;19;8;19;9;19;10;19
1;0;10;12;11;5;10;5;9;5;8;5;7;5;6;5;6;6;6;7;5;7;5;8;5;9;5;10;5;11;6;11;7;11;7;12;7;13;7;14;7;15;7;16;7;17;7;18;7;19;8;19;9;19;10;19;10;18
1;0;10;12;10;5;9;5;8;5;7;5;6;5;6;6;6;7;5;7;5;8;5;9;5;10;5;11;6;11;7;11;7;12;7;13;7;14;7;15;7;16;7;17;7;18;7;19;8;19;9;19;10;19;10;18;10;17
1;0;10;12;9;5;8;5;7;5;6;5;6;6;6;7;5;7;5;8;5;9;5;10;5;11;6;11;7;11;7;12;7;13;7;14;7;15;7;16;7;17;7;18;7;19;8;19;9;19;10;19;10;18;10;17;10;16
1;0;10;12;8;5;7;5;6;5;6;6;6;7;5;7;5;8;5;9;5;10;5;11;6;11;7;11;7;12;7;13;7;14;7;15;7;16;7;17;7;18;7;19;8;19;9;19;10;19;10;18;10;17;10;16;10;15
1;0;10;12;7;5;6;5;6;6;6;7;5;7;5;8;5;9;5;10;5;11;6;11;7;11;7;12;7;13;7;14;7;15;7;16;7;17;7;18;7;19;8;19;9;19;10;19;10;18;10;17;10;16;10;15;10;14
1;0;10;12;6;5;6;6;6;7;5;7;5;8;5;9;5;10;5;11;6;11;7;11;7;12;7;13;7;14;7;15;7;16;7;17;7;18;7;19;8;19;9;19;10;19;10;18;10;17;10;16;10;15;10;14;10;13
1;0;4;19;6;6;6;6;6;7;5;7;5;8;5;9;5;10;5;11;6;11;7;11;7;12;7;13;7;14;7;15;7;16;7;17;7;18;7;19;8;19;9;19;10;19;10;18;10;17;10;16;10;15;10;14;10;13;10;12
1;1;4;19;6;6;6;7;5;7;5;8;5;9;5;10;5;11;6;11;7;11;7;12;7;13;7;14;7;15;7;16;7;17;7;18;7;19;8;19;9;19;10;19;10;18;10;17;10;16;10;15;10;14;10;13;10;12;11;12
1;2;4;19;6;7;5;7;5;8;5;9;5;10;5;11;6;11;7;11;7;12;7;13;7;14;7;15;7;16;7;17;7;18;7;19;8;19;9;19;10;19;10;18;10;17;10;16;10;15;10;14;10;13;10;12;11;12;11;13
1;2;4;19;5;7;5;8;5;9;5;10;5;11;6;11;7;11;7;12;7;13;7;14;7;15;7;16;7;17;7;18;7;19;8;19;9;19;10;19;10;18;10;17;10;16;10;15;10;14;10;13;10;12;11;12;11;13;11;14
1;2;4;19;5;8;5;9;5;10;5;11;6;11;7;11;7;12;7;13;7;14;7;15;7;16;7;17;7;18;7;19;8;19;9;19;10;19;10;18;10;17;10;16;10;15;10;14;10;13;10;12;11;12;11;13;11;14;11;15
1;2;4;19;5;9;5;10;5;11;6;11;7;11;7;12;7;13;7;14;7;15;7;16;7;17;7;18;7;19;8;19;9;19;10;19;10;18;10;17;10;16;10;15;10;14;10;13;10;12;11;12;11;13;11;14;11;15;11;16
1;2;4;19;5;10;5;11;6;11;7;11;7;12;7;13;7;14;7;15;7;16;7;17;7;18;7;19;8;19;9;19;10;19;10;18;10;17;10;16;10;15;10;14;10;13;10;12;11;12;11;13;11;14;11;15;11;16;11;17
1;2;4;19;5;11;6;11;7;11;7;12;7;13;7;14;7;15;7;16;7;17;7;18;7;19;8;19;9;19;10;19;10;18;10;17;10;16;10;15;10;14;10;13;10;12;11;12;11;13;11;14;11;15;11;16;11;17;11;18
1;2;4;19;6;11;7;11;7;12;7;13;7;14;7;15;7;16;7;17;7;18;7;19;8;19;9;19;10;19;10;18;10;17;10;16;10;15;10;14;10;13;10;12;11;12;11;13;11;14;11;15;11;16;11;17;11;18;11;19
1;1;4;19;7;11;7;12;7;13;7;14;7;15;7;16;7;17;7;18;7;19;8;19;9;19;10;19;10;18;10;17;10;16;10;15;10;14;10;13;10;12;11;12;11;13;11;14;11;15;11;16;11;17;11;18;11;19;12;19
1;0;4;19;7;12;7;13;7;14;7;15;7;16;7;17;7;18;7;19;8;19;9;19;10;19;10;18;10;17;10;16;10;15;10;14;10;13;10;12;11;12;11;13;11;14;11;15;11;16;11;17;11;18;11;19;12;19;12;18
1;0;4;19;7;13;7;14;7;15;7;16;7;17;7;18;7;19;8;19;9;19;10;19;10;18;10;17;10;16;10;15;10;14;10;13;10;12;11;12;11;13;11;14;11;15;11;16;11;17;11;18;11;19;12;19;12;18;12;17
1;0;4;19;7;14;7;15;7;16;7;17;7;18;7;19;8;19;9;19;10;19;10;18;10;17;10;16;10;15;10;14;10;13;10;12;11;12;11;13;11;14;11;15;11;16;11;17;11;18;11;19;12;19;12;18;12;17;12;16
1;0;4;19;7;15;7;16;7;17;7;18;7;19;8;19;9;19;10;19;10;18;10;17;10;16;10;15;10;14;10;13;10;12;11;12;11;13;11;14;11;15;11;16;11;17;11;18;11;19;12;19;12;18;12;17;12;16;12;15
1;0;4;19;7;16;7;17;7;18;7;19;8;19;9;19;10;19;10;18;10;17;10;16;10;15;10;14;10;13;10;12;11;12;11;13;11;14;11;15;11;16;11;17;11;18;11;19;12;19;12;18;12;17;12;16;12;15;12;14
1;0;4;19;7;17;7;18;7;19;8;19;9;19;10;19;10;18;10;17;10;16;10;15;10;14;10;13;10;12;11;12;11;13;11;14;11;15;11;16;11;17;11;18;11;19;12;19;12;18;12;17;12;16;12;15;12;14;12;13
1;1;4;19;7;18;7;19;8;19;9;19;10;19;10;18;10;17;10;16;10;15;10;14;10;13;10;12;11;12;11;13;11;14;11;15;11;16;11;17;11;18;11;19;12;19;12;18;12;17;12;16;12;15;12;14;12;13;13;13
1;2;4;19;7;19;8;19;9;19;10;19;10;18;10;17;10;16;10;15;10;14;10;13;10;12;11;12;11;13;11;14;11;15;11;16;11;17;11;18;11;19;12;19;12;18;12;17;12;16;12;15;12;14;12;13;13;13;13;14
1;2;4;19;8;19;9;19;10;19;10;18;10;17;10;16;10;15;10;14;10;13;10;12;11;12;11;13;11;14;11;15;11;16;11;17;11;18;11;19;12;19;12;18;12;17;12;16;12;15;12;14;12;13;13;13;13;14;13;15
1;2;4;19;9;19;10;19;10;18;10;17;10;16;10;15;10;14;10;13;10;12;11;12;11;13;11;14;11;15;11;16;11;17;11;18;11;19;12;19;12;18;12;17;12;16;12;15;12;14;12;13;13;13;13;14;13;15;13;16
1;2;4;19;10;19;10;18;10;17;10;16;10;15;10;14;10;13;10;12;11;12;11;13;11;14;11;15;11;16;11;17;11;18;11;19;12;19;12;18;12;17;12;16;12;15;12;14;12;13;13;13;13;14;13;15;13;16;13;17
1;2;4;19;10;18;10;17;10;16;10;15;10;14;10;13;10;12;11;12;11;13;11;14;11;15;11;16;11;17;11;18;11;19;12;19;12;18;12;17;12;16;12;15;12;14;12;13;13;13;13;14;13;15;13;16;13;17;13;18
1;2;4;19;10;17;10;16;10;15;10;14;10;13;10;12;11;12;11;13;11;14;11;15;11;16;11;17;11;18;11;19;12;19;12;18;12;17;12;16;12;15;12;14;12;13;13;13;13;14;13;15;13;16;13;17;13;18;13;19
1;1;4;19;10;16;10;15;10;14;10;13;10;12;11;12;11;13;11;14;11;15;11;16;11;17;11;18;11;19;12;19;12;18;12;17;12;16;12;15;12;14;12;13;13;13;13;14;13;15;13;16;13;17;13;18;13;19;14;19
1;0;4;19;10;15;10;14;10;13;10;12;11;12;11;13;11;14;11;15;11;16;11;17;11;18;11;19;12;19;12;18;12;17;12;16;12;15;12;14;12;13;13;13;13;14;13;15;13;16;13;17;13;18;13;19;14;19;14;18
1;0;4;19;10;14;10;13;10;12;11;12;11;13;11;14;11;15;11;16;11;17;11;18;11;19;12;19;12;18;12;17;12;16;12;15;12;14;12;13;13;13;13;14;13;15;13;16;13;17;13;18;13;19;14;19;14;18;14;17
1;0;4;19;10;13;10;12;11;12;11;13;11;14;11;15;11;16;11;17;11;18;11;19;12;19;12;18;12;17;12;16;12;15;12;14;12;13;13;13;13;14;13;15;13;16;13;17;13;18;13;19;14;19;14;18;14;17;14;16
1;0;4;19;10;12;11;12;11;13;11;14;11;15;11;16;11;17;11;18;11;19;12;19;12;18;12;17;12;16;12;15;12;14;12;13;13;13;13;14;13;15;13;16;13;17;13;18;13;19;14;19;14;18;14;17;14;16;14;15
1;1;4;19;11;12;11;13;11;14;11;15;11;16;11;17;11;18;11;19;12;19;12;18;12;17;12;16;12;15;12;14;12;13;13;13;13;14;13;15;13;16;13;17;13;18;13;19;14;19;14;18;14;17;14;16;14;15;15;15
1;2;4;19;11;13;11;14;11;15;11;16;11;17;11;18;11;19;12;19;12;18;12;17;12;16;12;15;12;14;12;13;13;13;13;14;13;15;13;16;13;17;13;18;13;19;14;19;14;18;14;17;14;16;14;15;15;15;15;16
1;2;4;19;11;14;11;15;11;16;11;17;11;18;11;19;12;19;12;18;12;17;12;16;12;15;12;14;12;13;13;13;13;14;13;15;13;16;13;17;13;18;13;19;14;19;14;18;14;17;14;16;14;15;15;15;15;16;15;17
1;2;4;19;11;15;11;16;11;17;11;18;11;19;12;19;12;18;12;17;12;16;12;15;12;14;12;13;13;13;13;14;13;15;13;16;13;17;13;18;13;19;14;19;14;18;14;17;14;16;14;15;15;15;15;16;15;17;15;18
1;2;4;19;11;16;11;17;11;18;11;19;12;19;12;18;12;17;12;16;12;15;12;14;12;13;13;13;13;14;13;15;13;16;13;17;13;18;13;19;14;19;14;18;14;17;14;16;14;15;15;15;15;16;15;17;15;18;15;19
1;1;4;19;11;17;11;18;11;19;12;19;12;18;12;17;12;16;12;15;12;14;12;13;13;13;13;14;13;15;13;16;13;17;13;18;13;19;14;19;14;18;14;17;14;16;14;15;15;15;15;16;15;17;15;18;15;19;16;19
1;0;4;19;11;18;11;19;12;19;12;18;12;17;12;16;12;15;12;14;12;13;13;13;13;14;13;15;13;16;13;17;13;18;13;19;14;19;14;18;14;17;14;16;14;15;15;15;15;16;15;17;15;18;15;19;16;19;16;18
1;0;4;19;11;19;12;19;12;18;12;17;12;16;12;15;12;14;12;13;13;13;13;14;13;15;13;16;13;17;13;18;13;19;14;19;14;18;14;17;14;16;14;15;15;15;15;16;15;17;15;18;15;19;16;19;16;18;16;17
1;0;4;19;12;19;12;18;12;17;12;16;12;15;12;14;12;13;13;13;13;14;13;15;13;16;13;17;13;18;13;19;14;19;14;18;14;17;14;16;14;15;15;15;15;16;15;17;15;18;15;19;16;19;16;18;16;17;16;16
1;0;4;19;12;18;12;17;12;16;12;15;12;14;12;13;13;13;13;14;13;15;13;16;13;17;13;18;13;19;14;19;14;18;14;17;14;16;14;15;15;15;15;16;15;17;15;18;15;19;16;19;16;18;16;17;16;16;16;15
1;0;4;19;12;17;12;16;12;15;12;14;12;13;13;13;13;14;13;15;13;16;13;17;13;18;13;19;14;19;14;18;14;17;14;16;14;15;15;15;15;16;15;17;15;18;15;19;16;19;16;18;16;17;16;16;16;15;16;14
1;0;4;19;12;16;12;15;12;14;12;13;13;13;13;14;13;15;13;16;13;17;13;18;13;19;14;19;14;18;14;17;14;16;14;15;15;15;15;16;15;17;15;18;15;19;16;19;16;18;16;17;16;16;16;15;16;14;16;13
1;1;4;19;12;15;12;14;12;13;13;13;13;14;13;15;13;16;13;17;13;18;13;19;14;19;14;18;14;17;14;16;14;15;15;15;15;16;15;17;15;18;15;19;16;19;16;18;16;17;16;16;16;15;16;14;16;13;17;13
1;2;4;19;12;14;12;13;13;13;13;14;13;15;13;16;13;17;13;18;13;19;14;19;14;18;14;17;14;16;14;15;15;15;15;16;15;17;15;18;15;19;16;19;16;18;16;17;16;16;16;15;16;14;16;13;17;13;17;14
1;2;4;19;12;13;13;13;13;14;13;15;13;16;13;17;13;18;13;19;14;19;14;18;14;17;14;16;14;15;15;15;15;16;15;17;15;18;15;19;16;19;16;18;16;17;16;16;16;15;16;14;16;13;17;13;17;14;17;15
1;2;4;19;13;13;13;14;13;15;13;16;13;17;13;18;13;19;14;19;14;18;14;17;14;16;14;15;15;15;15;16;15;17;15;18;15;19;16;19;16;18;16;17;16;16;16;15;16;14;16;13;17;13;17;14;17;15;17;16
1;2;4;19;13;14;13;15;13;16;13;17;13;18;13;19;14;19;14;18;14;17;14;16;14;15;15;15;15;16;15;17;15;18;15;19;16;19;16;18;16;17;16;16;16;15;16;14;16;13;17;13;17;14;17;15;17;16;17;17
1;2;4;19;13;15;13;16;13;17;13;18;13;19;14;19;14;18;14;17;14;16;14;15;15;15;15;16;15;17;15;18;15;19;16;19;16;18;16;17;16;16;16;15;16;14;16;13;17;13;17;14;17;15;17;16;17;17;17;18
1;2;4;19;13;16;13;17;13;18;13;19;14;19;14;18;14;17;14;16;14;15;15;15;15;16;15;17;15;18;15;19;16;19;16;18;16;17;16;16;16;15;16;14;16;13;17;13;17;14;17;15;17;16;17;17;17;18;17;19
1;1;4;19;13;17;13;18;13;19;14;19;14;18;14;17;14;16;14;15;15;15;15;16;15;17;15;18;15;19;16;19;16;18;16;17;16;16;16;15;16;14;16;13;17;13;17;14;17;15;17;16;17;17;17;18;17;19;18;19
1;0;4;19;13;18;13;19;14;19;14;18;14;17;14;16;14;15;15;15;15;16;15;17;15;18;15;19;16;19;16;18;16;17;16;16;16;15;16;14;16;13;17;13;17;14;17;15;17;16;17;17;17;18;17;19;18;19;18;18
1;0;4;19;13;19;14;19;14;18;14;17;14;16;14;15;15;15;15;16;15;17;15;18;15;19;16;19;16;18;16;17;16;16;16;15;16;14;16;13;17;13;17;14;17;15;17;16;17;17;17;18;17;19;18;19;18;18;18;17
1;0;4;19;14;19;14;18;14;17;14;16;14;15;15;15;15;16;15;17;15;18;15;19;16;19;16;18;16;17;16;16;16;15;16;14;16;13;17;13;17;14;17;15;17;16;17;17;17;18;17;19;18;19;18;18;18;17;18;16
1;0;4;19;14;18;14;17;14;16;14;15;15;15;15;16;15;17;15;18;15;19;16;19;16;18;16;17;16;16;16;15;16;14;16;13;17;13;17;14;17;15;17;16;17;17;17;18;17;19;18;19;18;18;18;17;18;16;18;15
1;0;4;19;14;17;14;16;14;15;15;15;15;16;15;17;15;18;15;19;16;19;16;18;16;17;16;16;16;15;16;14;16;13;17;13;17;14;17;15;17;16;17;17;17;18;17;19;18;19;18;18;18;17;18;16;18;15;18;14
1;1;4;19;14;16;14;15;15;15;15;16;15;17;15;18;15;19;16;19;16;18;16;17;16;16;16;15;16;14;16;13;17;13;17;14;17;15;17;16;17;17;17;18;17;19;18;19;18;18;18;17;18;16;18;15;18;14;19;14
1;0;4;19;14;15;15;15;15;16;15;17;15;18;15;19;16;19;16;18;16;17;16;16;16;15;16;14;16;13;17;13;17;14;17;15;17;16;17;17;17;18;17;19;18;19;18;18;18;17;18;16;18;15;18;14;19;14;19;13
1;0;4;19;15;15;15;16;15;17;15;18;15;19;16;19;16;18;16;17;16;16;16;15;16;14;16;13;17;13;17;14;17;15;17;16;17;17;17;18;17;19;18;19;18;18;18;17;18;16;18;15;18;14;19;14;19;13;19;12
1;3;4;19;15;16;15;17;15;18;15;19;16;19;16;18;16;17;16;16;16;15;16;14;16;13;17;13;17;14;17;15;17;16;17;17;17;18;17;19;18;19;18;18;18;17;18;16;18;15;18;14;19;14;19;13;19;12;18;12
1;3;4;19;15;17;15;18;15;19;16;19;16;18;16;17;16;16;16;15;16;14;16;13;17;13;17;14;17;15;17;16;17;17;17;18;17;19;18;19;18;18;18;17;18;16;18;15;18;14;19;14;19;13;19;12;18;12;17;12
1;3;4;19;15;18;15;19;16;19;16;18;16;17;16;16;16;15;16;14;16;13;17;13;17;14;17;15;17;16;17;17;17;18;17;19;18;19;18;18;18;17;18;16;18;15;18;14;19;14;19;13;19;12;18;12;17;12;16;12
1;3;4;19;15;19;16;19;16;18;16;17;16;16;16;15;16;14;16;13;17;13;17;14;17;15;17;16;17;17;17;18;17;19;18;19;18;18;18;17;18;16;18;15;18;14;19;14;19;13;19;12;18;12;17;12;16;12;15;12
1;2;4;19;16;19;16;18;16;17;16;16;16;15;16;14;16;13;17;13;17;14;17;15;17;16;17;17;17;18;17;19;18;19;18;18;18;17;18;16;18;15;18;14;19;14;19;13;19;12;18;12;17;12;16;12;15;12;15;13
1;2;4;19;16;18;16;17;16;16;16;15;16;14;16;13;17;13;17;14;17;15;17;16;17;17;17;18;17;19;18;19;18;18;18;17;18;16;18;15;18;14;19;14;19;13;19;12;18;12;17;12;16;12;15;12;15;13;15;14
1;2;4;19;16;17;16;16;16;15;16;14;16;13;17;13;17;14;17;15;17;16;17;17;17;18;17;19;18;19;18;18;18;17;18;16;18;15;18;14;19;14;19;13;19;12;18;12;17;12;16;12;15;12;15;13;15;14;15;15
1;2;4;19;16;16;16;15;16;14;16;13;17;13;17;14;17;15;17;16;17;17;17;18;17;19;18;19;18;18;18;17;18;16;18;15;18;14;19;14;19;13;19;12;18;12;17;12;16;12;15;12;15;13;15;14;15;15;15;16
1;2;4;19;16;15;16;14;16;13;17;13;17;14;17;15;17;16;17;17;17;18;17;19;18;19;18;18;18;17;18;16;18;15;18;14;19;14;19;13;19;12;18;12;17;12;16;12;15;12;15;13;15;14;15;15;15;16;15;17
1;2;4;19;16;14;16;13;17;13;17;14;17;15;17;16;17;17;17;18;17;19;18;19;18;18;18;17;18;16;18;15;18;14;19;14;19;13;19;12;18;12;17;12;16;12;15;12;15;13;15;14;15;15;15;16;15;17;15;18
1;2;4;19;16;13;17;13;17;14;17;15;17;16;17;17;17;18;17;19;18;19;18;18;18;17;18;16;18;15;18;14;19;14;19;13;19;12;18;12;17;12;16;12;15;12;15;13;15;14;15;15;15;16;15;17;15;18;15;19
1;3;4;19;17;13;17;14;17;15;17;16;17;17;17;18;17;19;18;19;18;18;18;17;18;16;18;15;18;14;19;14;19;13;19;12;18;12;17;12;16;12;15;12;15;13;15;14;15;15;15;16;15;17;15;18;15;19;14;19
1;3;4;19;17;14;17;15;17;16;17;17;17;18;17;19;18;19;18;18;18;17;18;16;18;15;18;14;19;14;19;13;19;12;18;12;17;12;16;12;15;12;15;13;15;14;15;15;15;16;15;17;15;18;15;19;14;19;13;19
1;3;4;19;17;15;17;16;17;17;17;18;17;19;18;19;18;18;18;17;18;16;18;15;18;14;19;14;19;13;19;12;18;12;17;12;16;12;15;12;15;13;15;14;15;15;15;16;15;17;15;18;15;19;14;19;13;19;12;19
1;3;4;19;17;16;17;17;17;18;17;19;18;19;18;18;18;17;18;16;18;15;18;14;19;14;19;13;19;12;18;12;17;12;16;12;15;12;15;13;15;14;15;15;15;16;15;17;15;18;15;19;14;19;13;19;12;19;11;19
1;3;4;19;17;17;17;18;17;19;18;19;18;18;18;17;18;16;18;15;18;14;19;14;19;13;19;12;18;12;17;12;16;12;15;12;15;13;15;14;15;15;15;16;15;17;15;18;15;19;14;19;13;19;12;19;11;19;10;19
1;3;4;19;17;18;17;19;18;19;18;18;18;17;18;16;18;15;18;14;19;14;19;13;19;12;18;12;17;12;16;12;15;12;15;13;15;14;15;15;15;16;15;17;15;18;15;19;14;19;13;19;12;19;11;19;10;19;9;19
1;3;4;19;17;19;18;19;18;18;18;17;18;16;18;15;18;14;19;14;19;13;19;12;18;12;17;12;16;12;15;12;15;13;15;14;15;15;15;16;15;17;15;18;15;19;14;19;13;19;12;19;11;19;10;19;9;19;8;19
1;3;4;19;18;19;18;18;18;17;18;16;18;15;18;14;19;14;19;13;19;12;18;12;17;12;16;12;15;12;15;13;15;14;15;15;15;16;15;17;15;18;15;19;14;19;13;19;12;19;11;19;10;19;9;19;8;19;7;19
1;3;4;19;18;18;18;17;18;16;18;15;18;14;19;14;19;13;19;12;18;12;17;12;16;12;15;12;15;13;15;14;15;15;15;16;15;17;15;18;15;19;14;19;13;19;12;19;11;19;10;19;9;19;8;19;7;19;6;19
1;3;4;19;18;17;18;16;18;15;18;14;19;14;19;13;19;12;18;12;17;12;16;12;15;12;15;13;15;14;15;15;15;16;15;17;15;18;15;19;14;19;13;19;12;19;11;19;10;19;9;19;8;19;7;19;6;19;5;19
1;3;15;11;18;16;18;16;18;15;18;14;19;14;19;13;19;12;18;12;17;12;16;12;15;12;15;13;15;14;15;15;15;16;15;17;15;18;15;19;14;19;13;19;12;19;11;19;10;19;9;19;8;19;7;19;6;19;5;19;4;19
1;0;15;11;18;16;18;15;18;14;19;14;19;13;19;12;18;12;17;12;16;12;15;12;15;13;15;14;15;15;15;16;15;17;15;18;15;19;14;19;13;19;12;19;11;19;10;19;9;19;8;19;7;19;6;19;5;19;4;19;4;18
1;0;15;11;18;15;18;14;19;14;19;13;19;12;18;12;17;12;16;12;15;12;15;13;15;14;15;15;15;16;15;17;15;18;15;19;14;19;13;19;12;19;11;19;10;19;9;19;8;19;7;19;6;19;5;19;4;19;4;18;4;17
1;0;15;11;18;14;19;14;19;13;19;12;18;12;17;12;16;12;15;12;15;13;15;14;15;15;15;16;15;17;15;18;15;19;14;19;13;19;12;19;11;19;10;19;9;19;8;19;7;19;6;19;5;19;4;19;4;18;4;17;4;16
1;0;15;11;19;14;19;13;19;12;18;12;17;12;16;12;15;12;15;13;15;14;15;15;15;16;15;17;15;18;15;19;14;19;13;19;12;19;11;19;10;19;9;19;8;19;7;19;6;19;5;19;4;19;4;18;4;17;4;16;4;15
1;0;15;11;19;13;19;12;18;12;17;12;16;12;15;12;15;13;15;14;15;15;15;16;15;17;15;18;15;19;14;19;13;19;12;19;11;19;10;19;9;19;8;19;7;19;6;19;5;19;4;19;4;18;4;17;4;16;4;15;4;14
1;0;15;11;19;12;18;12;17;12;16;12;15;12;15;13;15;14;15;15;15;16;15;17;15;18;15;19;14;19;13;19;12;19;11;19;10;19;9;19;8;19;7;19;6;19;5;19;4;19;4;18;4;17;4;16;4;15;4;14;4;13
1;0;15;11;18;12;17;12;16;12;15;12;15;13;15;14;15;15;15;16;15;17;15;18;15;19;14;19;13;19;12;19;11;19;10;19;9;19;8;19;7;19;6;19;5;19;4;19;4;18;4;17;4;16;4;15;4;14;4;13;4;12
1;0;15;11;17;12;16;12;15;12;15;13;15;14;15;15;15;16;15;17;15;18;15;19;14;19;13;19;12;19;11;19;10;19;9;19;8;19;7;19;6;19;5;19;4;19;4;18;4;17;4;16;4;15;4;14;4;13;4;12;4;11
1;1;15;11;16;12;15;12;15;13;15;14;15;15;15;16;15;17;15;18;15;19;14;19;13;19;12;19;11;19;10;19;9;19;8;19;7;19;6;19;5;19;4;19;4;18;4;17;4;16;4;15;4;14;4;13;4;12;4;11;5;11
1;1;15;11;15;12;15;13;15;14;15;15;15;16;15;17;15;18;15;19;14;19;13;19;12;19;11;19;10;19;9;19;8;19;7;19;6;19;5;19;4;19;4;18;4;17;4;16;4;15;4;14;4;13;4;12;4;11;5;11;6;11
1;1;15;11;15;13;15;14;15;15;15;16;15;17;15;18;15;19;14;19;13;19;12;19;11;19;10;19;9;19;8;19;7;19;6;19;5;19;4;19;4;18;4;17;4;16;4;15;4;14;4;13;4;12;4;11;5;11;6;11;7;11
1;1;15;11;15;14;15;15;15;16;15;17;15;18;15;19;14;19;13;19;12;19;11;19;10;19;9;19;8;19;7;19;6;19;5;19;4;19;4;18;4;17;4;16;4;15;4;14;4;13;4;12;4;11;5;11;6;11;7;11;8;11
1;1;15;11;15;15;15;16;15;17;15;18;15;19;14;19;13;19;12;19;11;19;10;19;9;19;8;19;7;19;6;19;5;19;4;19;4;18;4;17;4;16;4;15;4;14;4;13;4;12;4;11;5;11;6;11;7;11;8;11;9;11
1;1;15;11;15;16;15;17;15;18;15;19;14;19;13;19;12;19;11;19;10;19;9;19;8;19;7;19;6;19;5;19;4;19;4;18;4;17;4;16;4;15;4;14;4;13;4;12;4;11;5;11;6;11;7;11;8;11;9;11;10;11
1;1;15;11;15;17;15;18;15;19;14;19;13;19;12;19;11;19;10;19;9;19;8;19;7;19;6;19;5;19;4;19;4;18;4;17;4;16;4;15;4;14;4;13;4;12;4;11;5;11;6;11;7;11;8;11;9;11;10;11;11;11
1;1;15;11;15;18;15;19;14;19;13;19;12;19;11;19;10;19;9;19;8;19;7;19;6;19;5;19;4;19;4;18;4;17;4;16;4;15;4;14;4;13;4;12;4;11;5;11;6;11;7;11;8;11;9;11;10;11;11;11;12;11
1;1;15;11;15;19;14;19;13;19;12;19;11;19;10;19;9;19;8;19;7;19;6;19;5;19;4;19;4;18;4;17;4;16;4;15;4;14;4;13;4;12;4;11;5;11;6;11;7;11;8;11;9;11;10;11;11;11;12;11;13;11
1;1;15;11;14;19;13;19;12;19;11;19;10;19;9;19;8;19;7;19;6;19;5;19;4;19;4;18;4;17;4;16;4;15;4;14;4;13;4;12;4;11;5;11;6;11;7;11;8;11;9;11;10;11;11;11;12;11;13;11;14;11
1;1;0;16;13;19;13;19;12;19;11;19;10;19;9;19;8;19;7;19;6;19;5;19;4;19;4;18;4;17;4;16;4;15;4;14;4;13;4;12;4;11;5;11;6;11;7;11;8;11;9;11;10;11;11;11;12;11;13;11;14;11;15;11
1;2;0;16;13;19;12;19;11;19;10;19;9;19;8;19;7;19;6;19;5;19;4;19;4;18;4;17;4;16;4;15;4;14;4;13;4;12;4;11;5;11;6;11;7;11;8;11;9;11;10;11;11;11;12;11;13;11;14;11;15;11;15;12
1;3;0;16;12;19;11;19;10;19;9;19;8;19;7;19;6;19;5;19;4;19;4;18;4;17;4;16;4;15;4;14;4;13;4;12;4;11;5;11;6;11;7;11;8;11;9;11;10;11;11;11;12;11;13;11;14;11;15;11;15;12;14;12
1;3;0;16;11;19;10;19;9;19;8;19;7;19;6;19;5;19;4;19;4;18;4;17;4;16;4;15;4;14;4;13;4;12;4;11;5;11;6;11;7;11;8;11;9;11;10;11;11;11;12;11;13;11;14;11;15;11;15;12;14;12;13;12
1;3;0;16;10;19;9;19;8;19;7;19;6;19;5;19;4;19;4;18;4;17;4;16;4;15;4;14;4;13;4;12;4;11;5;11;6;11;7;11;8;11;9;11;10;11;11;11;12;11;13;11;14;11;15;11;15;12;14;12;13;12;12;12
1;3;0;16;9;19;8;19;7;19;6;19;5;19;4;19;4;18;4;17;4;16;4;15;4;14;4;13;4;12;4;11;5;11;6;11;7;11;8;11;9;11;10;11;11;11;12;11;13;11;14;11;15;11;15;12;14;12;13;12;12;12;11;12
1;3;0;16;8;19;7;19;6;19;5;19;4;19;4;18;4;17;4;16;4;15;4;14;4;13;4;12;4;11;5;11;6;11;7;11;8;11;9;11;10;11;11;11;12;11;13;11;14;11;15;11;15;12;14;12;13;12;12;12;11;12;10;12
1;3;0;16;7;19;6;19;5;19;4;19;4;18;4;17;4;16;4;15;4;14;4;13;4;12;4;11;5;11;6;11;7;11;8;11;9;11;10;11;11;11;12;11;13;11;14;11;15;11;15;12;14;12;13;12;12;12;11;12;10;12;9;12
1;3;0;16;6;19;5;19;4;19;4;18;4;17;4;16;4;15;4;14;4;13;4;12;4;11;5;11;6;11;7;11;8;11;9;11;10;11;11;11;12;11;13;11;14;11;15;11;15;12;14;12;13;12;12;12;11;12;10;12;9;12;8;12
1;3;0;16;5;19;4;19;4;18;4;17;4;16;4;15;4;14;4;13;4;12;4;11;5;11;6;11;7;11;8;11;9;11;10;11;11;11;12;11;13;11;14;11;15;11;15;12;14;12;13;12;12;12;11;12;10;12;9;12;8;12;7;12
1;3;0;16;4;19;4;18;4;17;4;16;4;15;4;14;4;13;4;12;4;11;5;11;6;11;7;11;8;11;9;11;10;11;11;11;12;11;13;11;14;11;15;11;15;12;14;12;13;12;12;12;11;12;10;12;9;12;8;12;7;12;6;12
1;2;0;16;4;18;4;17;4;16;4;15;4;14;4;13;4;12;4;11;5;11;6;11;7;11;8;11;9;11;10;11;11;11;12;11;13;11;14;11;15;11;15;12;14;12;13;12;12;12;11;12;10;12;9;12;8;12;7;12;6;12;6;13
1;2;0;16;4;17;4;16;4;15;4;14;4;13;4;12;4;11;5;11;6;11;7;11;8;11;9;11;10;11;11;11;12;11;13;11;14;11;15;11;15;12;14;12;13;12;12;12;11;12;10;12;9;12;8;12;7;12;6;12;6;13;6;14
1;2;0;16;4;16;4;15;4;14;4;13;4;12;4;11;5;11;6;11;7;11;8;11;9;11;10;11;11;11;12;11;13;11;14;11;15;11;15;12;14;12;13;12;12;12;11;12;10;12;9;12;8;12;7;12;6;12;6;13;6;14;6;15
1;2;0;16;4;15;4;14;4;13;4;12;4;11;5;11;6;11;7;11;8;11;9;11;10;11;11;11;12;11;13;11;14;11;15;11;15;12;14;12;13;12;12;12;11;12;10;12;9;12;8;12;7;12;6;12;6;13;6;14;6;15;6;16
1;3;0;16;4;14;4;13;4;12;4;11;5;11;6;11;7;11;8;11;9;11;10;11;11;11;12;11;13;11;14;11;15;11;15;12;14;12;13;12;12;12;11;12;10;12;9;12;8;12;7;12;6;12;6;13;6;14;6;15;6;16;5;16
1;3;0;16;4;13;4;12;4;11;5;11;6;11;7;11;8;11;9;11;10;11;11;11;12;11;13;11;14;11;15;11;15;12;14;12;13;12;12;12;11;12;10;12;9;12;8;12;7;12;6;12;6;13;6;14;6;15;6;16;5;16;4;16
1;3;0;16;4;12;4;11;5;11;6;11;7;11;8;11;9;11;10;11;11;11;12;11;13;11;14;11;15;11;15;12;14;12;13;12;12;12;11;12;10;12;9;12;8;12;7;12;6;12;6;13;6;14;6;15;6;16;5;16;4;16;3;16
1;3;0;16;4;11;5;11;6;11;7;11;8;11;9;11;10;11;11;11;12;11;13;11;14;11;15;11;15;12;14;12;13;12;12;12;11;12;10;12;9;12;8;12;7;12;6;12;6;13;6;14;6;15;6;16;5;16;4;16;3;16;2;16
1;3;0;16;5;11;6;11;7;11;8;11;9;11;10;11;11;11;12;11;13;11;14;11;15;11;15;12;14;12;13;12;12;12;11;12;10;12;9;12;8;12;7;12;6;12;6;13;6;14;6;15;6;16;5;16;4;16;3;16;2;16;1;16
1;3;15;10;6;11;6;11;7;11;8;11;9;11;10;11;11;11;12;11;13;11;14;11;15;11;15;12;14;12;13;12;12;12;11;12;10;12;9;12;8;12;7;12;6;12;6;13;6;14;6;15;6;16;5;16;4;16;3;16;2;16;1;16;0;16
1;2;15;10;6;11;7;11;8;11;9;11;10;11;11;11;12;11;13;11;14;11;15;11;15;12;14;12;13;12;12;12;11;12;10;12;9;12;8;12;7;12;6;12;6;13;6;14;6;15;6;16;5;16;4;16;3;16;2;16;1;16;0;16;0;17
1;1;15;10;7;11;8;11;9;11;10;11;11;11;12;11;13;11;14;11;15;11;15;12;14;12;13;12;12;12;11;12;10;12;9;12;8;12;7;12;6;12;6;13;6;14;6;15;6;16;5;16;4;16;3;16;2;16;1;16;0;16;0;17;1;17
1;1;15;10;8;11;9;11;10;11;11;11;12;11;13;11;14;11;15;11;15;12;14;12;13;12;12;12;11;12;10;12;9;12;8;12;7;12;6;12;6;13;6;14;6;15;6;16;5;16;4;16;3;16;2;16;1;16;0;16;0;17;1;17;2;17
1;1;15;10;9;11;10;11;11;11;12;11;13;11;14;11;15;11;15;12;14;12;13;12;12;12;11;12;10;12;9;12;8;12;7;12;6;12;6;13;6;14;6;15;6;16;5;16;4;16;3;16;2;16;1;16;0;16;0;17;1;17;2;17;3;17
1;1;15;10;10;11;11;11;12;11;13;11;14;11;15;11;15;12;14;12;13;12;12;12;11;12;10;12;9;12;8;12;7;12;6;12;6;13;6;14;6;15;6;16;5;16;4;16;3;16;2;16;1;16;0;16;0;17;1;17;2;17;3;17;4;17
1;1;15;10;11;11;12;11;13;11;14;11;15;11;15;12;14;12;13;12;12;12;11;12;10;12;9;12;8;12;7;12;6;12;6;13;6;14;6;15;6;16;5;16;4;16;3;16;2;16;1;16;0;16;0;17;1;17;2;17;3;17;4;17;5;17
1;1;15;10;12;11;13;11;14;11;15;11;15;12;14;12;13;12;12;12;11;12;10;12;9;12;8;12;7;12;6;12;6;13;6;14;6;15;6;16;5;16;4;16;3;16;2;16;1;16;0;16;0;17;1;17;2;17;3;17;4;17;5;17;6;17
1;1;15;10;13;11;14;11;15;11;15;12;14;12;13;12;12;12;11;12;10;12;9;12;8;12;7;12;6;12;6;13;6;14;6;15;6;16;5;16;4;16;3;16;2;16;1;16;0;16;0;17;1;17;2;17;3;17;4;17;5;17;6;17;7;17
1;1;15;10;14;11;15;11;15;12;14;12;13;12;12;12;11;12;10;12;9;12;8;12;7;12;6;12;6;13;6;14;6;15;6;16;5;16;4;16;3;16;2;16;1;16;0;16;0;17;1;17;2;17;3;17;4;17;5;17;6;17;7;17;8;17
1;1;15;10;15;11;15;12;14;12;13;12;12;12;11;12;10;12;9;12;8;12;7;12;6;12;6;13;6;14;6;15;6;16;5;16;4;16;3;16;2;16;1;16;0;16;0;17;1;17;2;17;3;17;4;17;5;17;6;17;7;17;8;17;9;17
1;1;15;10;15;12;14;12;13;12;12;12;11;12;10;12;9;12;8;12;7;12;6;12;6;13;6;14;6;15;6;16;5;16;4;16;3;16;2;16;1;16;0;16;0;17;1;17;2;17;3;17;4;17;5;17;6;17;7;17;8;17;9;17;10;17
1;1;15;10;14;12;13;12;12;12;11;12;10;12;9;12;8;12;7;12;6;12;6;13;6;14;6;15;6;16;5;16;4;16;3;16;2;16;1;16;0;16;0;17;1;17;2;17;3;17;4;17;5;17;6;17;7;17;8;17;9;17;10;17;11;17
1;1;15;10;13;12;12;12;11;12;10;12;9;12;8;12;7;12;6;12;6;13;6;14;6;15;6;16;5;16;4;16;3;16;2;16;1;16;0;16;0;17;1;17;2;17;3;17;4;17;5;17;6;17;7;17;8;17;9;17;10;17;11;17;12;17
1;1;15;10;12;12;11;12;10;12;9;12;8;12;7;12;6;12;6;13;6;14;6;15;6;16;5;16;4;16;3;16;2;16;1;16;0;16;0;17;1;17;2;17;3;17;4;17;5;17;6;17;7;17;8;17;9;17;10;17;11;17;12;17;13;17
1;1;15;10;11;12;10;12;9;12;8;12;7;12;6;12;6;13;6;14;6;15;6;16;5;16;4;16;3;16;2;16;1;16;0;16;0;17;1;17;2;17;3;17;4;17;5;17;6;17;7;17;8;17;9;17;10;17;11;17;12;17;13;17;14;17
1;1;15;10;10;12;9;12;8;12;7;12;6;12;6;13;6;14;6;15;6;16;5;16;4;16;3;16;2;16;1;16;0;16;0;17;1;17;2;17;3;17;4;17;5;17;6;17;7;17;8;17;9;17;10;17;11;17;12;17;13;17;14;17;15;17
1;0;15;10;9;12;8;12;7;12;6;12;6;13;6;14;6;15;6;16;5;16;4;16;3;16;2;16;1;16;0;16;0;17;1;17;2;17;3;17;4;17;5;17;6;17;7;17;8;17;9;17;10;17;11;17;12;17;13;17;14;17;15;17;15;16
1;0;15;10;8;12;7;12;6;12;6;13;6;14;6;15;6;16;5;16;4;16;3;16;2;16;1;16;0;16;0;17;1;17;2;17;3;17;4;17;5;17;6;17;7;17;8;17;9;17;10;17;11;17;12;17;13;17;14;17;15;17;15;16;15;15
1;0;15;10;7;12;6;12;6;13;6;14;6;15;6;16;5;16;4;16;3;16;2;16;1;16;0;16;0;17;1;17;2;17;3;17;4;17;5;17;6;17;7;17;8;17;9;17;10;17;11;17;12;17;13;17;14;17;15;17;15;16;15;15;15;14
1;0;15;10;6;12;6;13;6;14;6;15;6;16;5;16;4;16;3;16;2;16;1;16;0;16;0;17;1;17;2;17;3;17;4;17;5;17;6;17;7;17;8;17;9;17;10;17;11;17;12;17;13;17;14;17;15;17;15;16;15;15;15;14;15;13
1;0;15;10;6;13;6;14;6;15;6;16;5;16;4;16;3;16;2;16;1;16;0;16;0;17;1;17;2;17;3;17;4;17;5;17;6;17;7;17;8;17;9;17;10;17;11;17;12;17;13;17;14;17;15;17;15;16;15;15;15;14;15;13;15;12
1;0;15;10;6;14;6;15;6;16;5;16;4;16;3;16;2;16;1;16;0;16;0;17;1;17;2;17;3;17;4;17;5;17;6;17;7;17;8;17;9;17;10;17;11;17;12;17;13;17;14;17;15;17;15;16;15;15;15;14;15;13;15;12;15;11
1;0;10;6;6;15;6;15;6;16;5;16;4;16;3;16;2;16;1;16;0;16;0;17;1;17;2;17;3;17;4;17;5;17;6;17;7;17;8;17;9;17;10;17;11;17;12;17;13;17;14;17;15;17;15;16;15;15;15;14;15;13;15;12;15;11;15;10
1;0;10;6;6;15;6;16;5;16;4;16;3;16;2;16;1;16;0;16;0;17;1;17;2;17;3;17;4;17;5;17;6;17;7;17;8;17;9;17;10;17;11;17;12;17;13;17;14;17;15;17;15;16;15;15;15;14;15;13;15;12;15;11;15;10;15;9
1;0;10;6;6;16;5;16;4;16;3;16;2;16;1;16;0;16;0;17;1;17;2;17;3;17;4;17;5;17;6;17;7;17;8;17;9;17;10;17;11;17;12;17;13;17;14;17;15;17;15;16;15;15;15;14;15;13;15;12;15;11;15;10;15;9;15;8
1;0;10;6;5;16;4;16;3;16;2;16;1;16;0;16;0;17;1;17;2;17;3;17;4;17;5;17;6;17;7;17;8;17;9;17;10;17;11;17;12;17;13;17;14;17;15;17;15;16;15;15;15;14;15;13;15;12;15;11;15;10;15;9;15;8;15;7
1;0;10;6;4;16;3;16;2;16;1;16;0;16;0;17;1;17;2;17;3;17;4;17;5;17;6;17;7;17;8;17;9;17;10;17;11;17;12;17;13;17;14;17;15;17;15;16;15;15;15;14;15;13;15;12;15;11;15;10;15;9;15;8;15;7;15;6
1;3;10;6;3;16;2;16;1;16;0;16;0;17;1;17;2;17;3;17;4;17;5;17;6;17;7;17;8;17;9;17;10;17;11;17;12;17;13;17;14;17;15;17;15;16;15;15;15;14;15;13;15;12;15;11;15;10;15;9;15;8;15;7;15;6;14;6
1;3;10;6;2;16;1;16;0;16;0;17;1;17;2;17;3;17;4;17;5;17;6;17;7;17;8;17;9;17;10;17;11;17;12;17;13;17;14;17;15;17;15;16;15;15;15;14;15;13;15;12;15;11;15;10;15;9;15;8;15;7;15;6;14;6;13;6
1;3;10;6;1;16;0;16;0;17;1;17;2;17;3;17;4;17;5;17;6;17;7;17;8;17;9;17;10;17;11;17;12;17;13;17;14;17;15;17;15;16;15;15;15;14;15;13;15;12;15;11;15;10;15;9;15;8;15;7;15;6;14;6;13;6;12;6
1;3;10;6;0;16;0;17;1;17;2;17;3;17;4;17;5;17;6;17;7;17;8;17;9;17;10;17;11;17;12;17;13;17;14;17;15;17;15;16;15;15;15;14;15;13;15;12;15;11;15;10;15;9;15;8;15;7;15;6;14;6;13;6;12;6;11;6
1;3;11;8;0;17;0;17;1;17;2;17;3;17;4;17;5;17;6;17;7;17;8;17;9;17;10;17;11;17;12;17;13;17;14;17;15;17;15;16;15;15;15;14;15;13;15;12;15;11;15;10;15;9;15;8;15;7;15;6;14;6;13;6;12;6;11;6;10;6
1;2;11;8;0;17;1;17;2;17;3;17;4;17;5;17;6;17;7;17;8;17;9;17;10;17;11;17;12;17;13;17;14;17;15;17;15;16;15;15;15;14;15;13;15;12;15;11;15;10;15;9;15;8;15;7;15;6;14;6;13;6;12;6;11;6;10;6;10;7
1;2;11;8;1;17;2;17;3;17;4;17;5;17;6;17;7;17;8;17;9;17;10;17;11;17;12;17;13;17;14;17;15;17;15;16;15;15;15;14;15;13;15;12;15;11;15;10;15;9;15;8;15;7;15;6;14;6;13;6;12;6;11;6;10;6;10;7;10;8
1;1;16;16;2;17;2;17;3;17;4;17;5;17;6;17;7;17;8;17;9;17;10;17;11;17;12;17;13;17;14;17;15;17;15;16;15;15;15;14;15;13;15;12;15;11;15;10;15;9;15;8;15;7;15;6;14;6;13;6;12;6;11;6;10;6;10;7;10;8;11;8
1;1;16;16;2;17;3;17;4;17;5;17;6;17;7;17;8;17;9;17;10;17;11;17;12;17;13;17;14;17;15;17;15;16;15;15;15;14;15;13;15;12;15;11;15;10;15;9;15;8;15;7;15;6;14;6;13;6;12;6;11;6;10;6;10;7;10;8;11;8;12;8
1;1;16;16;3;17;4;17;5;17;6;17;7;17;8;17;9;17;10;17;11;17;12;17;13;17;14;17;15;17;15;16;15;15;15;14;15;13;15;12;15;11;15;10;15;9;15;8;15;7;15;6;14;6;13;6;12;6;11;6;10;6;10;7;10;8;11;8;12;8;13;8
1;1;16;16;4;17;5;17;6;17;7;17;8;17;9;17;10;17;11;17;12;17;13;17;14;17;15;17;15;16;15;15;15;14;15;13;15;12;15;11;15;10;15;9;15;8;15;7;15;6;14;6;13;6;12;6;11;6;10;6;10;7;10;8;11;8;12;8;13;8;14;8
1;2;16;16;5;17;6;17;7;17;8;17;9;17;10;17;11;17;12;17;13;17;14;17;15;17;15;16;15;15;15;14;15;13;15;12;15;11;15;10;15;9;15;8;15;7;15;6;14;6;13;6;12;6;11;6;10;6;10;7;10;8;11;8;12;8;13;8;14;8;14;9
1;3;16;16;6;17;7;17;8;17;9;17;10;17;11;17;12;17;13;17;14;17;15;17;15;16;15;15;15;14;15;13;15;12;15;11;15;10;15;9;15;8;15;7;15;6;14;6;13;6;12;6;11;6;10;6;10;7;10;8;11;8;12;8;13;8;14;8;14;9;13;9
1;3;16;16;7;17;8;17;9;17;10;17;11;17;12;17;13;17;14;17;15;17;15;16;15;15;15;14;15;13;15;12;15;11;15;10;15;9;15;8;15;7;15;6;14;6;13;6;12;6;11;6;10;6;10;7;10;8;11;8;12;8;13;8;14;8;14;9;13;9;12;9
1;3;16;16;8;17;9;17;10;17;11;17;12;17;13;17;14;17;15;17;15;16;15;15;15;14;15;13;15;12;15;11;15;10;15;9;15;8;15;7;15;6;14;6;13;6;12;6;11;6;10;6;10;7;10;8;11;8;12;8;13;8;14;8;14;9;13;9;12;9;11;9
1;3;16;16;9;17;10;17;11;17;12;17;13;17;14;17;15;17;15;16;15;15;15;14;15;13;15;12;15;11;15;10;15;9;15;8;15;7;15;6;14;6;13;6;12;6;11;6;10;6;10;7;10;8;11;8;12;8;13;8;14;8;14;9;13;9;12;9;11;9;10;9
1;3;16;16;10;17;11;17;12;17;13;17;14;17;15;17;15;16;15;15;15;14;15;13;15;12;15;11;15;10;15;9;15;8;15;7;15;6;14;6;13;6;12;6;11;6;10;6;10;7;10;8;11;8;12;8;13;8;14;8;14;9;13;9;12;9;11;9;10;9;9;9
1;2;16;16;11;17;12;17;13;17;14;17;15;17;15;16;15;15;15;14;15;13;15;12;15;11;15;10;15;9;15;8;15;7;15;6;14;6;13;6;12;6;11;6;10;6;10;7;10;8;11;8;12;8;13;8;14;8;14;9;13;9;12;9;11;9;10;9;9;9;9;10
1;2;16;16;12;17;13;17;14;17;15;17;15;16;15;15;15;14;15;13;15;12;15;11;15;10;15;9;15;8;15;7;15;6;14;6;13;6;12;6;11;6;10;6;10;7;10;8;11;8;12;8;13;8;14;8;14;9;13;9;12;9;11;9;10;9;9;9;9;10;9;11
1;2;16;16;13;17;14;17;15;17;15;16;15;15;15;14;15;13;15;12;15;11;15;10;15;9;15;8;15;7;15;6;14;6;13;6;12;6;11;6;10;6;10;7;10;8;11;8;12;8;13;8;14;8;14;9;13;9;12;9;11;9;10;9;9;9;9;10;9;11;9;12
1;2;16;16;14;17;15;17;15;16;15;15;15;14;15;13;15;12;15;11;15;10;15;9;15;8;15;7;15;6;14;6;13;6;12;6;11;6;10;6;10;7;10;8;11;8;12;8;13;8;14;8;14;9;13;9;12;9;11;9;10;9;9;9;9;10;9;11;9;12;9;13
1;2;16;16;15;17;15;16;15;15;15;14;15;13;15;12;15;11;15;10;15;9;15;8;15;7;15;6;14;6;13;6;12;6;11;6;10;6;10;7;10;8;11;8;12;8;13;8;14;8;14;9;13;9;12;9;11;9;10;9;9;9;9;10;9;11;9;12;9;13;9;14
1;2;16;16;15;16;15;15;15;14;15;13;15;12;15;11;15;10;15;9;15;8;15;7;15;6;14;6;13;6;12;6;11;6;10;6;10;7;10;8;11;8;12;8;13;8;14;8;14;9;13;9;12;9;11;9;10;9;9;9;9;10;9;11;9;12;9;13;9;14;9;15
1;2;16;16;15;15;15;14;15;13;15;12;15;11;15;10;15;9;15;8;15;7;15;6;14;6;13;6;12;6;11;6;10;6;10;7;10;8;11;8;12;8;13;8;14;8;14;9;13;9;12;9;11;9;10;9;9;9;9;10;9;11;9;12;9;13;9;14;9;15;9;16
1;1;16;16;15;14;15;13;15;12;15;11;15;10;15;9;15;8;15;7;15;6;14;6;13;6;12;6;11;6;10;6;10;7;10;8;11;8;12;8;13;8;14;8;14;9;13;9;12;9;11;9;10;9;9;9;9;10;9;11;9;12;9;13;9;14;9;15;9;16;10;16
1;1;16;16;15;13;15;12;15;11;15;10;15;9;15;8;15;7;15;6;14;6;13;6;12;6;11;6;10;6;10;7;10;8;11;8;12;8;13;8;14;8;14;9;13;9;12;9;11;9;10;9;9;9;9;10;9;11;9;12;9;13;9;14;9;15;9;16;10;16;11;16
1;1;16;16;15;12;15;11;15;10;15;9;15;8;15;7;15;6;14;6;13;6;12;6;11;6;10;6;10;7;10;8;11;8;12;8;13;8;14;8;14;9;13;9;12;9;11;9;10;9;9;9;9;10;9;11;9;12;9;13;9;14;9;15;9;16;10;16;11;16;12;16
1;1;16;16;15;11;15;10;15;9;15;8;15;7;15;6;14;6;13;6;12;6;11;6;10;6;10;7;10;8;11;8;12;8;13;8;14;8;14;9;13;9;12;9;11;9;10;9;9;9;9;10;9;11;9;12;9;13;9;14;9;15;9;16;10;16;11;16;12;16;13;16
1;1;16;16;15;10;15;9;15;8;15;7;15;6;14;6;13;6;12;6;11;6;10;6;10;7;10;8;11;8;12;8;13;8;14;8;14;9;13;9;12;9;11;9;10;9;9;9;9;10;9;11;9;12;9;13;9;14;9;15;9;16;10;16;11;16;12;16;13;16;14;16
1;1;16;16;15;9;15;8;15;7;15;6;14;6;13;6;12;6;11;6;10;6;10;7;10;8;11;8;12;8;13;8;14;8;14;9;13;9;12;9;11;9;10;9;9;9;9;10;9;11;9;12;9;13;9;14;9;15;9;16;10;16;11;16;12;16;13;16;14;16;15;16
1;1;3;16;15;8;15;8;15;7;15;6;14;6;13;6;12;6;11;6;10;6;10;7;10;8;11;8;12;8;13;8;14;8;14;9;13;9;12;9;11;9;10;9;9;9;9;10;9;11;9;12;9;13;9;14;9;15;9;16;10;16;11;16;12;16;13;16;14;16;15;16;16;16
1;0;3;16;15;8;15;7;15;6;14;6;13;6;12;6;11;6;10;6;10;7;10;8;11;8;12;8;13;8;14;8;14;9;13;9;12;9;11;9;10;9;9;9;9;10;9;11;9;12;9;13;9;14;9;15;9;16;10;16;11;16;12;16;13;16;14;16;15;16;16;16;16;15
1;0;3;16;15;7;15;6;14;6;13;6;12;6;11;6;10;6;10;7;10;8;11;8;12;8;13;8;14;8;14;9;13;9;12;9;11;9;10;9;9;9;9;10;9;11;9;12;9;13;9;14;9;15;9;16;10;16;11;16;12;16;13;16;14;16;15;16;16;16;16;15;16;14
1;0;3;16;15;6;14;6;13;6;12;6;11;6;10;6;10;7;10;8;11;8;12;8;13;8;14;8;14;9;13;9;12;9;11;9;10;9;9;9;9;10;9;11;9;12;9;13;9;14;9;15;9;16;10;16;11;16;12;16;13;16;14;16;15;16;16;16;16;15;16;14;16;13
1;0;3;16;14;6;13;6;12;6;11;6;10;6;10;7;10;8;11;8;12;8;13;8;14;8;14;9;13;9;12;9;11;9;10;9;9;9;9;10;9;11;9;12;9;13;9;14;9;15;9;16;10;16;11;16;12;16;13;16;14;16;15;16;16;16;16;15;16;14;16;13;16;12
1;0;3;16;13;6;12;6;11;6;10;6;10;7;10;8;11;8;12;8;13;8;14;8;14;9;13;9;12;9;11;9;10;9;9;9;9;10;9;11;9;12;9;13;9;14;9;15;9;16;10;16;11;16;12;16;13;16;14;16;15;16;16;16;16;15;16;14;16;13;16;12;16;11
1;0;3;16;12;6;11;6;10;6;10;7;10;8;11;8;12;8;13;8;14;8;14;9;13;9;12;9;11;9;10;9;9;9;9;10;9;11;9;12;9;13;9;14;9;15;9;16;10;16;11;16;12;16;13;16;14;16;15;16;16;16;16;15;16;14;16;13;16;12;16;11;16;10
1;0;3;16;11;6;10;6;10;7;10;8;11;8;12;8;13;8;14;8;14;9;13;9;12;9;11;9;10;9;9;9;9;10;9;11;9;12;9;13;9;14;9;15;9;16;10;16;11;16;12;16;13;16;14;16;15;16;16;16;16;15;16;14;16;13;16;12;16;11;16;10;16;9
1;0;3;16;10;6;10;7;10;8;11;8;12;8;13;8;14;8;14;9;13;9;12;9;11;9;10;9;9;9;9;10;9;11;9;12;9;13;9;14;9;15;9;16;10;16;11;16;12;16;13;16;14;16;15;16;16;16;16;15;16;14;16;13;16;12;16;11;16;10;16;9;16;8
1;0;3;16;10;7;10;8;11;8;12;8;13;8;14;8;14;9;13;9;12;9;11;9;10;9;9;9;9;10;9;11;9;12;9;13;9;14;9;15;9;16;10;16;11;16;12;16;13;16;14;16;15;16;16;16;16;15;16;14;16;13;16;12;16;11;16;10;16;9;16;8;16;7
1;0;3;16;10;8;11;8;12;8;13;8;14;8;14;9;13;9;12;9;11;9;10;9;9;9;9;10;9;11;9;12;9;13;9;14;9;15;9;16;10;16;11;16;12;16;13;16;14;16;15;16;16;16;16;15;16;14;16;13;16;12;16;11;16;10;16;9;16;8;16;7;16;6
1;3;3;16;11;8;12;8;13;8;14;8;14;9;13;9;12;9;11;9;10;9;9;9;9;10;9;11;9;12;9;13;9;14;9;15;9;16;10;16;11;16;12;16;13;16;14;16;15;16;16;16;16;15;16;14;16;13;16;12;16;11;16;10;16;9;16;8;16;7;16;6;15;6
1;3;3;16;12;8;13;8;14;8;14;9;13;9;12;9;11;9;10;9;9;9;9;10;9;11;9;12;9;13;9;14;9;15;9;16;10;16;11;16;12;16;13;16;14;16;15;16;16;16;16;15;16;14;16;13;16;12;16;11;16;10;16;9;16;8;16;7;16;6;15;6;14;6
1;3;3;16;13;8;14;8;14;9;13;9;12;9;11;9;10;9;9;9;9;10;9;11;9;12;9;13;9;14;9;15;9;16;10;16;11;16;12;16;13;16;14;16;15;16;16;16;16;15;16;14;16;13;16;12;16;11;16;10;16;9;16;8;16;7;16;6;15;6;14;6;13;6
1;3;3;16;14;8;14;9;13;9;12;9;11;9;10;9;9;9;9;10;9;11;9;12;9;13;9;14;9;15;9;16;10;16;11;16;12;16;13;16;14;16;15;16;16;16;16;15;16;14;16;13;16;12;16;11;16;10;16;9;16;8;16;7;16;6;15;6;14;6;13;6;12;6
1;0;3;16;14;9;13;9;12;9;11;9;10;9;9;9;9;10;9;11;9;12;9;13;9;14;9;15;9;16;10;16;11;16;12;16;13;16;14;16;15;16;16;16;16;15;16;14;16;13;16;12;16;11;16;10;16;9;16;8;16;7;16;6;15;6;14;6;13;6;12;6;12;5
1;1;3;16;13;9;12;9;11;9;10;9;9;9;9;10;9;11;9;12;9;13;9;14;9;15;9;16;10;16;11;16;12;16;13;16;14;16;15;16;16;16;16;15;16;14;16;13;16;12;16;11;16;10;16;9;16;8;16;7;16;6;15;6;14;6;13;6;12;6;12;5;13;5
1;1;3;16;12;9;11;9;10;9;9;9;9;10;9;11;9;12;9;13;9;14;9;15;9;16;10;16;11;16;12;16;13;16;14;16;15;16;16;16;16;15;16;14;16;13;16;12;16;11;16;10;16;9;16;8;16;7;16;6;15;6;14;6;13;6;12;6;12;5;13;5;14;5
1;1;3;16;11;9;10;9;9;9;9;10;9;11;9;12;9;13;9;14;9;15;9;16;10;16;11;16;12;16;13;16;14;16;15;16;16;16;16;15;16;14;16;13;16;12;16;11;16;10;16;9;16;8;16;7;16;6;15;6;14;6;13;6;12;6;12;5;13;5;14;5;15;5
1;1;3;16;10;9;9;9;9;10;9;11;9;12;9;13;9;14;9;15;9;16;10;16;11;16;12;16;13;16;14;16;15;16;16;16;16;15;16;14;16;13;16;12;16;11;16;10;16;9;16;8;16;7;16;6;15;6;14;6;13;6;12;6;12;5;13;5;14;5;15;5;16;5
1;1;3;16;9;9;9;10;9;11;9;12;9;13;9;14;9;15;9;16;10;16;11;16;12;16;13;16;14;16;15;16;16;16;16;15;16;14;16;13;16;12;16;11;16;10;16;9;16;8;16;7;16;6;15;6;14;6;13;6;12;6;12;5;13;5;14;5;15;5;16;5;17;5
1;0;3;16;9;10;9;11;9;12;9;13;9;14;9;15;9;16;10;16;11;16;12;16;13;16;14;16;15;16;16;16;16;15;16;14;16;13;16;12;16;11;16;10;16;9;16;8;16;7;16;6;15;6;14;6;13;6;12;6;12;5;13;5;14;5;15;5;16;5;17;5;17;4
1;3;3;16;9;11;9;12;9;13;9;14;9;15;9;16;10;16;11;16;12;16;13;16;14;16;15;16;16;16;16;15;16;14;16;13;16;12;16;11;16;10;16;9;16;8;16;7;16;6;15;6;14;6;13;6;12;6;12;5;13;5;14;5;15;5;16;5;17;5;17;4;16;4
1;3;3;16;9;12;9;13;9;14;9;15;9;16;10;16;11;16;12;16;13;16;14;16;15;16;16;16;16;15;16;14;16;13;16;12;16;11;16;10;16;9;16;8;16;7;16;6;15;6;14;6;13;6;12;6;12;5;13;5;14;5;15;5;16;5;17;5;17;4;16;4;15;4
1;3;3;16;9;13;9;14;9;15;9;16;10;16;11;16;12;16;13;16;14;16;15;16;16;16;16;15;16;14;16;13;16;12;16;11;16;10;16;9;16;8;16;7;16;6;15;6;14;6;13;6;12;6;12;5;13;5;14;5;15;5;16;5;17;5;17;4;16;4;15;4;14;4
1;3;3;16;9;14;9;15;9;16;10;16;11;16;12;16;13;16;14;16;15;16;16;16;16;15;16;14;16;13;16;12;16;11;16;10;16;9;16;8;16;7;16;6;15;6;14;6;13;6;12;6;12;5;13;5;14;5;15;5;16;5;17;5;17;4;16;4;15;4;14;4;13;4
1;0;3;16;9;15;9;16;10;16;11;16;12;16;13;16;14;16;15;16;16;16;16;15;16;14;16;13;16;12;16;11;16;10;16;9;16;8;16;7;16;6;15;6;14;6;13;6;12;6;12;5;13;5;14;5;15;5;16;5;17;5;17;4;16;4;15;4;14;4;13;4;13;3
1;1;3;16;9;16;10;16;11;16;12;16;13;16;14;16;15;16;16;16;16;15;16;14;16;13;16;12;16;11;16;10;16;9;16;8;16;7;16;6;15;6;14;6;13;6;12;6;12;5;13;5;14;5;15;5;16;5;17;5;17;4;16;4;15;4;14;4;13;4;13;3;14;3
1;1;3;16;10;16;11;16;12;16;13;16;14;16;15;16;16;16;16;15;16;14;16;13;16;12;16;11;16;10;16;9;16;8;16;7;16;6;15;6;14;6;13;6;12;6;12;5;13;5;14;5;15;5;16;5;17;5;17;4;16;4;15;4;14;4;13;4;13;3;14;3;15;3
1;1;3;16;11;16;12;16;13;16;14;16;15;16;16;16;16;15;16;14;16;13;16;12;16;11;16;10;16;9;16;8;16;7;16;6;15;6;14;6;13;6;12;6;12;5;13;5;14;5;15;5;16;5;17;5;17;4;16;4;15;4;14;4;13;4;13;3;14;3;15;3;16;3
1;1;3;16;12;16;13;16;14;16;15;16;16;16;16;15;16;14;16;13;16;12;16;11;16;10;16;9;16;8;16;7;16;6;15;6;14;6;13;6;12;6;12;5;13;5;14;5;15;5;16;5;17;5;17;4;16;4;15;4;14;4;13;4;13;3;14;3;15;3;16;3;17;3
1;0;3;16;13;16;14;16;15;16;16;16;16;15;16;14;16;13;16;12;16;11;16;10;16;9;16;8;16;7;16;6;15;6;14;6;13;6;12;6;12;5;13;5;14;5;15;5;16;5;17;5;17;4;16;4;15;4;14;4;13;4;13;3;14;3;15;3;16;3;17;3;17;2
1;3;3;16;14;16;15;16;16;16;16;15;16;14;16;13;16;12;16;11;16;10;16;9;16;8;16;7;16;6;15;6;14;6;13;6;12;6;12;5;13;5;14;5;15;5;16;5;17;5;17;4;16;4;15;4;14;4;13;4;13;3;14;3;15;3;16;3;17;3;17;2;16;2
1;3;3;16;15;16;16;16;16;15;16;14;16;13;16;12;16;11;16;10;16;9;16;8;16;7;16;6;15;6;14;6;13;6;12;6;12;5;13;5;14;5;15;5;16;5;17;5;17;4;16;4;15;4;14;4;13;4;13;3;14;3;15;3;16;3;17;3;17;2;16;2;15;2
1;3;3;16;16;16;16;15;16;14;16;13;16;12;16;11;16;10;16;9;16;8;16;7;16;6;15;6;14;6;13;6;12;6;12;5;13;5;14;5;15;5;16;5;17;5;17;4;16;4;15;4;14;4;13;4;13;3;14;3;15;3;16;3;17;3;17;2;16;2;15;2;14;2
1;3;3;16;16;15;16;14;16;13;16;12;16;11;16;10;16;9;16;8;16;7;16;6;15;6;14;6;13;6;12;6;12;5;13;5;14;5;15;5;16;5;17;5;17;4;16;4;15;4;14;4;13;4;13;3;14;3;15;3;16;3;17;3;17;2;16;2;15;2;14;2;13;2
1;3;3;16;16;14;16;13;16;12;16;11;16;10;16;9;16;8;16;7;16;6;15;6;14;6;13;6;12;6;12;5;13;5;14;5;15;5;16;5;17;5;17;4;16;4;15;4;14;4;13;4;13;3;14;3;15;3;16;3;17;3;17;2;16;2;15;2;14;2;13;2;12;2
1;3;3;16;16;13;16;12;16;11;16;10;16;9;16;8;16;7;16;6;15;6;14;6;13;6;12;6;12;5;13;5;14;5;15;5;16;5;17;5;17;4;16;4;15;4;14;4;13;4;13;3;14;3;15;3;16;3;17;3;17;2;16;2;15;2;14;2;13;2;12;2;11;2
1;0;3;16;16;12;16;11;16;10;16;9;16;8;16;7;16;6;15;6;14;6;13;6;12;6;12;5;13;5;14;5;15;5;16;5;17;5;17;4;16;4;15;4;14;4;13;4;13;3;14;3;15;3;16;3;17;3;17;2;16;2;15;2;14;2;13;2;12;2;11;2;11;1
1;1;3;16;16;11;16;10;16;9;16;8;16;7;16;6;15;6;14;6;13;6;12;6;12;5;13;5;14;5;15;5;16;5;17;5;17;4;16;4;15;4;14;4;13;4;13;3;14;3;15;3;16;3;17;3;17;2;16;2;15;2;14;2;13;2;12;2;11;2;11;1;12;1
1;1;3;16;16;10;16;9;16;8;16;7;16;6;15;6;14;6;13;6;12;6;12;5;13;5;14;5;15;5;16;5;17;5;17;4;16;4;15;4;14;4;13;4;13;3;14;3;15;3;16;3;17;3;17;2;16;2;15;2;14;2;13;2;12;2;11;2;11;1;12;1;13;1
1;1;3;16;16;9;16;8;16;7;16;6;15;6;14;6;13;6;12;6;12;5;13;5;14;5;15;5;16;5;17;5;17;4;16;4;15;4;14;4;13;4;13;3;14;3;15;3;16;3;17;3;17;2;16;2;15;2;14;2;13;2;12;2;11;2;11;1;12;1;13;1;14;1
1;1;3;16;16;8;16;7;16;6;15;6;14;6;13;6;12;6;12;5;13;5;14;5;15;5;16;5;17;5;17;4;16;4;15;4;14;4;13;4;13;3;14;3;15;3;16;3;17;3;17;2;16;2;15;2;14;2;13;2;12;2;11;2;11;1;12;1;13;1;14;1;15;1
1;1;3;16;16;7;16;6;15;6;14;6;13;6;12;6;12;5;13;5;14;5;15;5;16;5;17;5;17;4;16;4;15;4;14;4;13;4;13;3;14;3;15;3;16;3;17;3;17;2;16;2;15;2;14;2;13;2;12;2;11;2;11;1;12;1;13;1;14;1;15;1;16;1
1;0;3;16;16;6;15;6;14;6;13;6;12;6;12;5;13;5;14;5;15;5;16;5;17;5;17;4;16;4;15;4;14;4;13;4;13;3;14;3;15;3;16;3;17;3;17;2;16;2;15;2;14;2;13;2;12;2;11;2;11;1;12;1;13;1;14;1;15;1;16;1;16;0
1;3;3;16;15;6;14;6;13;6;12;6;12;5;13;5;14;5;15;5;16;5;17;5;17;4;16;4;15;4;14;4;13;4;13;3;14;3;15;3;16;3;17;3;17;2;16;2;15;2;14;2;13;2;12;2;11;2;11;1;12;1;13;1;14;1;15;1;16;1;16;0;15;0
1;3;3;16;14;6;13;6;12;6;12;5;13;5;14;5;15;5;16;5;17;5;17;4;16;4;15;4;14;4;13;4;13;3;14;3;15;3;16;3;17;3;17;2;16;2;15;2;14;2;13;2;12;2;11;2;11;1;12;1;13;1;14;1;15;1;16;1;16;0;15;0;14;0
1;3;3;16;13;6;12;6;12;5;13;5;14;5;15;5;16;5;17;5;17;4;16;4;15;4;14;4;13;4;13;3;14;3;15;3;16;3;17;3;17;2;16;2;15;2;14;2;13;2;12;2;11;2;11;1;12;1;13;1;14;1;15;1;16;1;16;0;15;0;14;0;13;0
1;3;3;16;12;6;12;5;13;5;14;5;15;5;16;5;17;5;17;4;16;4;15;4;14;4;13;4;13;3;14;3;15;3;16;3;17;3;17;2;16;2;15;2;14;2;13;2;12;2;11;2;11;1;12;1;13;1;14;1;15;1;16;1;16;0;15;0;14;0;13;0;12;0
1;3;3;16;12;5;13;5;14;5;15;5;16;5;17;5;17;4;16;4;15;4;14;4;13;4;13;3;14;3;15;3;16;3;17;3;17;2;16;2;15;2;14;2;13;2;12;2;11;2;11;1;12;1;13;1;14;1;15;1;16;1;16;0;15;0;14;0;13;0;12;0;11;0
1;3;3;16;13;5;14;5;15;5;16;5;17;5;17;4;16;4;15;4;14;4;13;4;13;3;14;3;15;3;16;3;17;3;17;2;16;2;15;2;14;2;13;2;12;2;11;2;11;1;12;1;13;1;14;1;15;1;16;1;16;0;15;0;14;0;13;0;12;0;11;0;10;0
1;2;3;16;14;5;15;5;16;5;17;5;17;4;16;4;15;4;14;4;13;4;13;3;14;3;15;3;16;3;17;3;17;2;16;2;15;2;14;2;13;2;12;2;11;2;11;1;12;1;13;1;14;1;15;1;16;1;16;0;15;0;14;0;13;0;12;0;11;0;10;0;10;1
1;2;3;16;15;5;16;5;17;5;17;4;16;4;15;4;14;4;13;4;13;3;14;3;15;3;16;3;17;3;17;2;16;2;15;2;14;2;13;2;12;2;11;2;11;1;12;1;13;1;14;1;15;1;16;1;16;0;15;0;14;0;13;0;12;0;11;0;10;0;10;1;10;2
1;2;3;16;16;5;17;5;17;4;16;4;15;4;14;4;13;4;13;3;14;3;15;3;16;3;17;3;17;2;16;2;15;2;14;2;13;2;12;2;11;2;11;1;12;1;13;1;14;1;15;1;16;1;16;0;15;0;14;0;13;0;12;0;11;0;10;0;10;1;10;2;10;3
1;2;3;16;17;5;17;4;16;4;15;4;14;4;13;4;13;3;14;3;15;3;16;3;17;3;17;2;16;2;15;2;14;2;13;2;12;2;11;2;11;1;12;1;13;1;14;1;15;1;16;1;16;0;15;0;14;0;13;0;12;0;11;0;10;0;10;1;10;2;10;3;10;4
1;2;3;16;17;4;16;4;15;4;14;4;13;4;13;3;14;3;15;3;16;3;17;3;17;2;16;2;15;2;14;2;13;2;12;2;11;2;11;1;12;1;13;1;14;1;15;1;16;1;16;0;15;0;14;0;13;0;12;0;11;0;10;0;10;1;10;2;10;3;10;4;10;5
1;2;3;16;16;4;15;4;14;4;13;4;13;3;14;3;15;3;16;3;17;3;17;2;16;2;15;2;14;2;13;2;12;2;11;2;11;1;12;1;13;1;14;1;15;1;16;1;16;0;15;0;14;0;13;0;12;0;11;0;10;0;10;1;10;2;10;3;10;4;10;5;10;6
1;2;3;16;15;4;14;4;13;4;13;3;14;3;15;3;16;3;17;3;17;2;16;2;15;2;14;2;13;2;12;2;11;2;11;1;12;1;13;1;14;1;15;1;16;1;16;0;15;0;14;0;13;0;12;0;11;0;10;0;10;1;10;2;10;3;10;4;10;5;10;6;10;7
1;2;3;16;14;4;13;4;13;3;14;3;15;3;16;3;17;3;17;2;16;2;15;2;14;2;13;2;12;2;11;2;11;1;12;1;13;1;14;1;15;1;16;1;16;0;15;0;14;0;13;0;12;0;11;0;10;0;10;1;10;2;10;3;10;4;10;5;10;6;10;7;10;8
1;2;3;16;13;4;13;3;14;3;15;3;16;3;17;3;17;2;16;2;15;2;14;2;13;2;12;2;11;2;11;1;12;1;13;1;14;1;15;1;16;1;16;0;15;0;14;0;13;0;12;0;11;0;10;0;10;1;10;2;10;3;10;4;10;5;10;6;10;7;10;8;10;9
1;3;3;16;13;3;14;3;15;3;16;3;17;3;17;2;16;2;15;2;14;2;13;2;12;2;11;2;11;1;12;1;13;1;14;1;15;1;16;1;16;0;15;0;14;0;13;0;12;0;11;0;10;0;10;1;10;2;10;3;10;4;10;5;10;6;10;7;10;8;10;9;9;9
1;3;3;16;14;3;15;3;16;3;17;3;17;2;16;2;15;2;14;2;13;2;12;2;11;2;11;1;12;1;13;1;14;1;15;1;16;1;16;0;15;0;14;0;13;0;12;0;11;0;10;0;10;1;10;2;10;3;10;4;10;5;10;6;10;7;10;8;10;9;9;9;8;9
1;3;3;16;15;3;16;3;17;3;17;2;16;2;15;2;14;2;13;2;12;2;11;2;11;1;12;1;13;1;14;1;15;1;16;1;16;0;15;0;14;0;13;0;12;0;11;0;10;0;10;1;10;2;10;3;10;4;10;5;10;6;10;7;10;8;10;9;9;9;8;9;7;9
1;3;3;16;16;3;17;3;17;2;16;2;15;2;14;2;13;2;12;2;11;2;11;1;12;1;13;1;14;1;15;1;16;1;16;0;15;0;14;0;13;0;12;0;11;0;10;0;10;1;10;2;10;3;10;4;10;5;10;6;10;7;10;8;10;9;9;9;8;9;7;9;6;9
1;3;3;16;17;3;17;2;16;2;15;2;14;2;13;2;12;2;11;2;11;1;12;1;13;1;14;1;15;1;16;1;16;0;15;0;14;0;13;0;12;0;11;0;10;0;10;1;10;2;10;3;10;4;10;5;10;6;10;7;10;8;10;9;9;9;8;9;7;9;6;9;5;9
1;3;3;16;17;2;16;2;15;2;14;2;13;2;12;2;11;2;11;1;12;1;13;1;14;1;15;1;16;1;16;0;15;0;14;0;13;0;12;0;11;0;10;0;10;1;10;2;10;3;10;4;10;5;10;6;10;7;10;8;10;9;9;9;8;9;7;9;6;9;5;9;4;9
1;0;3;16;16;2;15;2;14;2;13;2;12;2;11;2;11;1;12;1;13;1;14;1;15;1;16;1;16;0;15;0;14;0;13;0;12;0;11;0;10;0;10;1;10;2;10;3;10;4;10;5;10;6;10;7;10;8;10;9;9;9;8;9;7;9;6;9;5;9;4;9;4;8
1;3;3;16;15;2;14;2;13;2;12;2;11;2;11;1;12;1;13;1;14;1;15;1;16;1;16;0;15;0;14;0;13;0;12;0;11;0;10;0;10;1;10;2;10;3;10;4;10;5;10;6;10;7;10;8;10;9;9;9;8;9;7;9;6;9;5;9;4;9;4;8;3;8
1;2;3;16;14;2;13;2;12;2;11;2;11;1;12;1;13;1;14;1;15;1;16;1;16;0;15;0;14;0;13;0;12;0;11;0;10;0;10;1;10;2;10;3;10;4;10;5;10;6;10;7;10;8;10;9;9;9;8;9;7;9;6;9;5;9;4;9;4;8;3;8;3;9
1;2;3;16;13;2;12;2;11;2;11;1;12;1;13;1;14;1;15;1;16;1;16;0;15;0;14;0;13;0;12;0;11;0;10;0;10;1;10;2;10;3;10;4;10;5;10;6;10;7;10;8;10;9;9;9;8;9;7;9;6;9;5;9;4;9;4;8;3;8;3;9;3;10
1;2;3;16;12;2;11;2;11;1;12;1;13;1;14;1;15;1;16;1;16;0;15;0;14;0;13;0;12;0;11;0;10;0;10;1;10;2;10;3;10;4;10;5;10;6;10;7;10;8;10;9;9;9;8;9;7;9;6;9;5;9;4;9;4;8;3;8;3;9;3;10;3;11
1;2;3;16;11;2;11;1;12;1;13;1;14;1;15;1;16;1;16;0;15;0;14;0;13;0;12;0;11;0;10;0;10;1;10;2;10;3;10;4;10;5;10;6;10;7;10;8;10;9;9;9;8;9;7;9;6;9;5;9;4;9;4;8;3;8;3;9;3;10;3;11;3;12
1;2;3;16;11;1;12;1;13;1;14;1;15;1;16;1;16;0;15;0;14;0;13;0;12;0;11;0;10;0;10;1;10;2;10;3;10;4;10;5;10;6;10;7;10;8;10;9;9;9;8;9;7;9;6;9;5;9;4;9;4;8;3;8;3;9;3;10;3;11;3;12;3;13
1;2;3;16;12;1;13;1;14;1;15;1;16;1;16;0;15;0;14;0;13;0;12;0;11;0;10;0;10;1;10;2;10;3;10;4;10;5;10;6;10;7;10;8;10;9;9;9;8;9;7;9;6;9;5;9;4;9;4;8;3;8;3;9;3;10;3;11;3;12;3;13;3;14
1;2;3;16;13;1;14;1;15;1;16;1;16;0;15;0;14;0;13;0;12;0;11;0;10;0;10;1;10;2;10;3;10;4;10;5;10;6;10;7;10;8;10;9;9;9;8;9;7;9;6;9;5;9;4;9;4;8;3;8;3;9;3;10;3;11;3;12;3;13;3;14;3;15
1;2;6;17;14;1;14;1;15;1;16;1;16;0;15;0;14;0;13;0;12;0;11;0;10;0;10;1;10;2;10;3;10;4;10;5;10;6;10;7;10;8;10;9;9;9;8;9;7;9;6;9;5;9;4;9;4;8;3;8;3;9;3;10;3;11;3;12;3;13;3;14;3;15;3;16
1;2;6;17;14;1;15;1;16;1;16;0;15;0;14;0;13;0;12;0;11;0;10;0;10;1;10;2;10;3;10;4;10;5;10;6;10;7;10;8;10;9;9;9;8;9;7;9;6;9;5;9;4;9;4;8;3;8;3;9;3;10;3;11;3;12;3;13;3;14;3;15;3;16;3;17
1;1;6;17;15;1;16;1;16;0;15;0;14;0;13;0;12;0;11;0;10;0;10;1;10;2;10;3;10;4;10;5;10;6;10;7;10;8;10;9;9;9;8;9;7;9;6;9;5;9;4;9;4;8;3;8;3;9;3;10;3;11;3;12;3;13;3;14;3;15;3;16;3;17;4;17
1;1;6;17;16;1;16;0;15;0;14;0;13;0;12;0;11;0;10;0;10;1;10;2;10;3;10;4;10;5;10;6;10;7;10;8;10;9;9;9;8;9;7;9;6;9;5;9;4;9;4;8;3;8;3;9;3;10;3;11;3;12;3;13;3;14;3;15;3;16;3;17;4;17;5;17
1;1;6;1;16;0;16;0;15;0;14;0;13;0;12;0;11;0;10;0;10;1;10;2;10;3;10;4;10;5;10;6;10;7;10;8;10;9;9;9;8;9;7;9;6;9;5;9;4;9;4;8;3;8;3;9;3;10;3;11;3;12;3;13;3;14;3;15;3;16;3;17;4;17;5;17;6;17
1;0;6;1;16;0;15;0;14;0;13;0;12;0;11;0;10;0;10;1;10;2;10;3;10;4;10;5;10;6;10;7;10;8;10;9;9;9;8;9;7;9;6;9;5;9;4;9;4;8;3;8;3;9;3;10;3;11;3;12;3;13;3;14;3;15;3;16;3;17;4;17;5;17;6;17;6;16
1;0;6;1;15;0;14;0;13;0;12;0;11;0;10;0;10;1;10;2;10;3;10;4;10;5;10;6;10;7;10;8;10;9;9;9;8;9;7;9;6;9;5;9;4;9;4;8;3;8;3;9;3;10;3;11;3;12;3;13;3;14;3;15;3;16;3;17;4;17;5;17;6;17;6;16;6;15
1;0;6;1;14;0;13;0;12;0;11;0;10;0;10;1;10;2;10;3;10;4;10;5;10;6;10;7;10;8;10;9;9;9;8;9;7;9;6;9;5;9;4;9;4;8;3;8;3;9;3;10;3;11;3;12;3;13;3;14;3;15;3;16;3;17;4;17;5;17;6;17;6;16;6;15;6;14
1;0;6;1;13;0;12;0;11;0;10;0;10;1;10;2;10;3;10;4;10;5;10;6;10;7;10;8;10;9;9;9;8;9;7;9;6;9;5;9;4;9;4;8;3;8;3;9;3;10;3;11;3;12;3;13;3;14;3;15;3;16;3;17;4;17;5;17;6;17;6;16;6;15;6;14;6;13
1;0;6;1;12;0;11;0;10;0;10;1;10;2;10;3;10;4;10;5;10;6;10;7;10;8;10;9;9;9;8;9;7;9;6;9;5;9;4;9;4;8;3;8;3;9;3;10;3;11;3;12;3;13;3;14;3;15;3;16;3;17;4;17;5;17;6;17;6;16;6;15;6;14;6;13;6;12
1;0;6;1;11;0;10;0;10;1;10;2;10;3;10;4;10;5;10;6;10;7;10;8;10;9;9;9;8;9;7;9;6;9;5;9;4;9;4;8;3;8;3;9;3;10;3;11;3;12;3;13;3;14;3;15;3;16;3;17;4;17;5;17;6;17;6;16;6;15;6;14;6;13;6;12;6;11
1;0;6;1;10;0;10;1;10;2;10;3;10;4;10;5;10;6;10;7;10;8;10;9;9;9;8;9;7;9;6;9;5;9;4;9;4;8;3;8;3;9;3;10;3;11;3;12;3;13;3;14;3;15;3;16;3;17;4;17;5;17;6;17;6;16;6;15;6;14;6;13;6;12;6;11;6;10
1;3;6;1;10;1;10;2;10;3;10;4;10;5;10;6;10;7;10;8;10;9;9;9;8;9;7;9;6;9;5;9;4;9;4;8;3;8;3;9;3;10;3;11;3;12;3;13;3;14;3;15;3;16;3;17;4;17;5;17;6;17;6;16;6;15;6;14;6;13;6;12;6;11;6;10;5;10
1;3;6;1;10;2;10;3;10;4;10;5;10;6;10;7;10;8;10;9;9;9;8;9;7;9;6;9;5;9;4;9;4;8;3;8;3;9;3;10;3;11;3;12;3;13;3;14;3;15;3;16;3;17;4;17;5;17;6;17;6;16;6;15;6;14;6;13;6;12;6;11;6;10;5;10;4;10
1;2;6;1;10;3;10;4;10;5;10;6;10;7;10;8;10;9;9;9;8;9;7;9;6;9;5;9;4;9;4;8;3;8;3;9;3;10;3;11;3;12;3;13;3;14;3;15;3;16;3;17;4;17;5;17;6;17;6;16;6;15;6;14;6;13;6;12;6;11;6;10;5;10;4;10;4;11
1;2;6;1;10;4;10;5;10;6;10;7;10;8;10;9;9;9;8;9;7;9;6;9;5;9;4;9;4;8;3;8;3;9;3;10;3;11;3;12;3;13;3;14;3;15;3;16;3;17;4;17;5;17;6;17;6;16;6;15;6;14;6;13;6;12;6;11;6;10;5;10;4;10;4;11;4;12
1;2;6;1;10;5;10;6;10;7;10;8;10;9;9;9;8;9;7;9;6;9;5;9;4;9;4;8;3;8;3;9;3;10;3;11;3;12;3;13;3;14;3;15;3;16;3;17;4;17;5;17;6;17;6;16;6;15;6;14;6;13;6;12;6;11;6;10;5;10;4;10;4;11;4;12;4;13
1;2;6;1;10;6;10;7;10;8;10;9;9;9;8;9;7;9;6;9;5;9;4;9;4;8;3;8;3;9;3;10;3;11;3;12;3;13;3;14;3;15;3;16;3;17;4;17;5;17;6;17;6;16;6;15;6;14;6;13;6;12;6;11;6;10;5;10;4;10;4;11;4;12;4;13;4;14
1;2;6;1;10;7;10;8;10;9;9;9;8;9;7;9;6;9;5;9;4;9;4;8;3;8;3;9;3;10;3;11;3;12;3;13;3;14;3;15;3;16;3;17;4;17;5;17;6;17;6;16;6;15;6;14;6;13;6;12;6;11;6;10;5;10;4;10;4;11;4;12;4;13;4;14;4;15
1;2;6;1;10;8;10;9;9;9;8;9;7;9;6;9;5;9;4;9;4;8;3;8;3;9;3;10;3;11;3;12;3;13;3;14;3;15;3;16;3;17;4;17;5;17;6;17;6;16;6;15;6;14;6;13;6;12;6;11;6;10;5;10;4;10;4;11;4;12;4;13;4;14;4;15;4;16
1;1;6;1;10;9;9;9;8;9;7;9;6;9;5;9;4;9;4;8;3;8;3;9;3;10;3;11;3;12;3;13;3;14;3;15;3;16;3;17;4;17;5;17;6;17;6;16;6;15;6;14;6;13;6;12;6;11;6;10;5;10;4;10;4;11;4;12;4;13;4;14;4;15;4;16;5;16
1;0;6;1;9;9;8;9;7;9;6;9;5;9;4;9;4;8;3;8;3;9;3;10;3;11;3;12;3;13;3;14;3;15;3;16;3;17;4;17;5;17;6;17;6;16;6;15;6;14;6;13;6;12;6;11;6;10;5;10;4;10;4;11;4;12;4;13;4;14;4;15;4;16;5;16;5;15
