20
1;1;2;7;8;10;9;10;10;10
1;0;2;7;9;10;10;10;10;9
1;0;2;7;10;10;10;9;10;8
1;0;2;7;10;9;10;8;10;7
1;3;2;7;10;8;10;7;9;7
1;3;2;7;10;7;9;7;8;7
1;3;2;7;9;7;8;7;7;7
1;3;2;7;8;7;7;7;6;7
1;3;2;7;7;7;6;7;5;7
1;3;2;7;6;7;5;7;4;7
1;3;2;7;5;7;4;7;3;7
1;3;13;15;4;7;4;7;3;7;2;7
1;0;13;15;4;7;3;7;2;7;2;6
1;1;13;15;3;7;2;7;2;6;3;6
1;1;13;15;2;7;2;6;3;6;4;6
1;2;13;15;2;6;3;6;4;6;4;7
1;2;13;15;3;6;4;6;4;7;4;8
1;1;13;15;4;6;4;7;4;8;5;8
1;2;13;15;4;7;4;8;5;8;5;9
1;2;13;15;4;8;5;8;5;9;5;10
1;2;13;15;5;8;5;9;5;10;5;11
1;2;13;15;5;9;5;10;5;11;5;12
1;2;13;15;5;10;5;11;5;12;5;13
1;2;13;15;5;11;5;12;5;13;5;14
1;2;13;15;5;12;5;13;5;14;5;15
1;1;13;15;5;13;5;14;5;15;6;15
1;1;13;15;5;14;5;15;6;15;7;15
1;1;13;15;5;15;6;15;7;15;8;15
1;1;13;15;6;15;7;15;8;15;9;15
1;1;13;15;7;15;8;15;9;15;10;15
1;1;13;15;8;15;9;15;10;15;11;15
1;1;13;15;9;15;10;15;11;15;12;15
1;1;6;6;10;15;10;15;11;15;12;15;13;15
1;0;6;6;10;15;11;15;12;15;13;15;13;14
1;0;6;6;11;15;12;15;13;15;13;14;13;13
1;0;6;6;12;15;13;15;13;14;13;13;13;12
1;0;6;6;13;15;13;14;13;13;13;12;13;11
1;0;6;6;13;14;13;13;13;12;13;11;13;10
1;0;6;6;13;13;13;12;13;11;13;10;13;9
1;0;6;6;13;12;13;11;13;10;13;9;13;8
1;0;6;6;13;11;13;10;13;9;13;8;13;7
1;0;6;6;13;10;13;9;13;8;13;7;13;6
1;3;6;6;13;9;13;8;13;7;13;6;12;6
1;3;6;6;13;8;13;7;13;6;12;6;11;6
1;3;6;6;13;7;13;6;12;6;11;6;10;6
1;3;6;6;13;6;12;6;11;6;10;6;9;6
1;3;6;6;12;6;11;6;10;6;9;6;8;6
1;3;6;6;11;6;10;6;9;6;8;6;7;6
1;3;8;19;10;6;10;6;9;6;8;6;7;6;6;6
1;2;8;19;10;6;9;6;8;6;7;6;6;6;6;7
1;1;8;19;9;6;8;6;7;6;6;6;6;7;7;7
1;1;8;19;8;6;7;6;6;6;6;7;7;7;8;7
1;2;8;19;7;6;6;6;6;7;7;7;8;7;8;8
1;2;8;19;6;6;6;7;7;7;8;7;8;8;8;9
1;2;8;19;6;7;7;7;8;7;8;8;8;9;8;10
1;2;8;19;7;7;8;7;8;8;8;9;8;10;8;11
1;2;8;19;8;7;8;8;8;9;8;10;8;11;8;12
1;2;8;19;8;8;8;9;8;10;8;11;8;12;8;13
1;2;8;19;8;9;8;10;8;11;8;12;8;13;8;14
1;2;8;19;8;10;8;11;8;12;8;13;8;14;8;15
1;2;8;19;8;11;8;12;8;13;8;14;8;15;8;16
1;2;8;19;8;12;8;13;8;14;8;15;8;16;8;17
1;2;8;19;8;13;8;14;8;15;8;16;8;17;8;18
1;2;10;15;8;14;8;14;8;15;8;16;8;17;8;18;8;19
1;1;10;15;8;14;8;15;8;16;8;17;8;18;8;19;9;19
1;1;10;15;8;15;8;16;8;17;8;18;8;19;9;19;10;19
1;0;10;15;8;16;8;17;8;18;8;19;9;19;10;19;10;18
1;0;10;15;8;17;8;18;8;19;9;19;10;19;10;18;10;17
1;0;10;15;8;18;8;19;9;19;10;19;10;18;10;17;10;16
1;0;14;17;8;19;8;19;9;19;10;19;10;18;10;17;10;16;10;15
1;1;14;17;8;19;9;19;10;19;10;18;10;17;10;16;10;15;11;15
1;2;14;17;9;19;10;19;10;18;10;17;10;16;10;15;11;15;11;16
1;2;14;17;10;19;10;18;10;17;10;16;10;15;11;15;11;16;11;17
1;1;14;17;10;18;10;17;10;16;10;15;11;15;11;16;11;17;12;17
1;1;14;17;10;17;10;16;10;15;11;15;11;16;11;17;12;17;13;17
1;1;11;7;10;16;10;16;10;15;11;15;11;16;11;17;12;17;13;17;14;17
1;0;11;7;10;16;10;15;11;15;11;16;11;17;12;17;13;17;14;17;14;16
1;0;11;7;10;15;11;15;11;16;11;17;12;17;13;17;14;17;14;16;14;15
1;0;11;7;11;15;11;16;11;17;12;17;13;17;14;17;14;16;14;15;14;14
1;3;11;7;11;16;11;17;12;17;13;17;14;17;14;16;14;15;14;14;13;14
1;3;11;7;11;17;12;17;13;17;14;17;14;16;14;15;14;14;13;14;12;14
1;3;11;7;12;17;13;17;14;17;14;16;14;15;14;14;13;14;12;14;11;14
1;0;11;7;13;17;14;17;14;16;14;15;14;14;13;14;12;14;11;14;11;13
1;0;11;7;14;17;14;16;14;15;14;14;13;14;12;14;11;14;11;13;11;12
1;0;11;7;14;16;14;15;14;14;13;14;12;14;11;14;11;13;11;12;11;11
1;0;11;7;14;15;14;14;13;14;12;14;11;14;11;13;11;12;11;11;11;10
1;0;11;7;14;14;13;14;12;14;11;14;11;13;11;12;11;11;11;10;11;9
1;0;11;7;13;14;12;14;11;14;11;13;11;12;11;11;11;10;11;9;11;8
1;0;8;4;12;14;12;14;11;14;11;13;11;12;11;11;11;10;11;9;11;8;11;7
1;0;8;4;12;14;11;14;11;13;11;12;11;11;11;10;11;9;11;8;11;7;11;6
1;0;8;4;11;14;11;13;11;12;11;11;11;10;11;9;11;8;11;7;11;6;11;5
1;0;8;4;11;13;11;12;11;11;11;10;11;9;11;8;11;7;11;6;11;5;11;4
1;3;8;4;11;12;11;11;11;10;11;9;11;8;11;7;11;6;11;5;11;4;10;4
1;3;8;4;11;11;11;10;11;9;11;8;11;7;11;6;11;5;11;4;10;4;9;4
1;3;12;4;11;10;11;10;11;9;11;8;11;7;11;6;11;5;11;4;10;4;9;4;8;4
1;2;12;4;11;10;11;9;11;8;11;7;11;6;11;5;11;4;10;4;9;4;8;4;8;5
1;2;12;4;11;9;11;8;11;7;11;6;11;5;11;4;10;4;9;4;8;4;8;5;8;6
1;2;12;4;11;8;11;7;11;6;11;5;11;4;10;4;9;4;8;4;8;5;8;6;8;7
1;1;12;4;11;7;11;6;11;5;11;4;10;4;9;4;8;4;8;5;8;6;8;7;9;7
1;1;12;4;11;6;11;5;11;4;10;4;9;4;8;4;8;5;8;6;8;7;9;7;10;7
1;1;12;4;11;5;11;4;10;4;9;4;8;4;8;5;8;6;8;7;9;7;10;7;11;7
1;1;12;4;11;4;10;4;9;4;8;4;8;5;8;6;8;7;9;7;10;7;11;7;12;7
1;0;12;4;10;4;9;4;8;4;8;5;8;6;8;7;9;7;10;7;11;7;12;7;12;6
1;0;12;4;9;4;8;4;8;5;8;6;8;7;9;7;10;7;11;7;12;7;12;6;12;5
1;0;4;9;8;4;8;4;8;5;8;6;8;7;9;7;10;7;11;7;12;7;12;6;12;5;12;4
1;1;4;9;8;4;8;5;8;6;8;7;9;7;10;7;11;7;12;7;12;6;12;5;12;4;13;4
1;2;4;9;8;5;8;6;8;7;9;7;10;7;11;7;12;7;12;6;12;5;12;4;13;4;13;5
1;2;4;9;8;6;8;7;9;7;10;7;11;7;12;7;12;6;12;5;12;4;13;4;13;5;13;6
1;2;4;9;8;7;9;7;10;7;11;7;12;7;12;6;12;5;12;4;13;4;13;5;13;6;13;7
1;2;4;9;9;7;10;7;11;7;12;7;12;6;12;5;12;4;13;4;13;5;13;6;13;7;13;8
1;2;4;9;10;7;11;7;12;7;12;6;12;5;12;4;13;4;13;5;13;6;13;7;13;8;13;9
1;3;4;9;11;7;12;7;12;6;12;5;12;4;13;4;13;5;13;6;13;7;13;8;13;9;12;9
1;3;4;9;12;7;12;6;12;5;12;4;13;4;13;5;13;6;13;7;13;8;13;9;12;9;11;9
1;3;4;9;12;6;12;5;12;4;13;4;13;5;13;6;13;7;13;8;13;9;12;9;11;9;10;9
1;3;4;9;12;5;12;4;13;4;13;5;13;6;13;7;13;8;13;9;12;9;11;9;10;9;9;9
1;3;4;9;12;4;13;4;13;5;13;6;13;7;13;8;13;9;12;9;11;9;10;9;9;9;8;9
1;3;4;9;13;4;13;5;13;6;13;7;13;8;13;9;12;9;11;9;10;9;9;9;8;9;7;9
1;3;4;9;13;5;13;6;13;7;13;8;13;9;12;9;11;9;10;9;9;9;8;9;7;9;6;9
1;3;4;9;13;6;13;7;13;8;13;9;12;9;11;9;10;9;9;9;8;9;7;9;6;9;5;9
1;3;16;7;13;7;13;7;13;8;13;9;12;9;11;9;10;9;9;9;8;9;7;9;6;9;5;9;4;9
1;0;16;7;13;7;13;8;13;9;12;9;11;9;10;9;9;9;8;9;7;9;6;9;5;9;4;9;4;8
1;0;16;7;13;8;13;9;12;9;11;9;10;9;9;9;8;9;7;9;6;9;5;9;4;9;4;8;4;7
1;1;16;7;13;9;12;9;11;9;10;9;9;9;8;9;7;9;6;9;5;9;4;9;4;8;4;7;5;7
1;1;16;7;12;9;11;9;10;9;9;9;8;9;7;9;6;9;5;9;4;9;4;8;4;7;5;7;6;7
1;1;16;7;11;9;10;9;9;9;8;9;7;9;6;9;5;9;4;9;4;8;4;7;5;7;6;7;7;7
1;1;16;7;10;9;9;9;8;9;7;9;6;9;5;9;4;9;4;8;4;7;5;7;6;7;7;7;8;7
1;1;16;7;9;9;8;9;7;9;6;9;5;9;4;9;4;8;4;7;5;7;6;7;7;7;8;7;9;7
1;1;16;7;8;9;7;9;6;9;5;9;4;9;4;8;4;7;5;7;6;7;7;7;8;7;9;7;10;7
1;1;16;7;7;9;6;9;5;9;4;9;4;8;4;7;5;7;6;7;7;7;8;7;9;7;10;7;11;7
1;1;16;7;6;9;5;9;4;9;4;8;4;7;5;7;6;7;7;7;8;7;9;7;10;7;11;7;12;7
1;1;16;7;5;9;4;9;4;8;4;7;5;7;6;7;7;7;8;7;9;7;10;7;11;7;12;7;13;7
1;1;16;7;4;9;4;8;4;7;5;7;6;7;7;7;8;7;9;7;10;7;11;7;12;7;13;7;14;7
1;1;16;7;4;8;4;7;5;7;6;7;7;7;8;7;9;7;10;7;11;7;12;7;13;7;14;7;15;7
1;1;14;13;4;7;4;7;5;7;6;7;7;7;8;7;9;7;10;7;11;7;12;7;13;7;14;7;15;7;16;7
1;2;14;13;4;7;5;7;6;7;7;7;8;7;9;7;10;7;11;7;12;7;13;7;14;7;15;7;16;7;16;8
1;3;14;13;5;7;6;7;7;7;8;7;9;7;10;7;11;7;12;7;13;7;14;7;15;7;16;7;16;8;15;8
1;3;14;13;6;7;7;7;8;7;9;7;10;7;11;7;12;7;13;7;14;7;15;7;16;7;16;8;15;8;14;8
1;2;14;13;7;7;8;7;9;7;10;7;11;7;12;7;13;7;14;7;15;7;16;7;16;8;15;8;14;8;14;9
1;2;14;13;8;7;9;7;10;7;11;7;12;7;13;7;14;7;15;7;16;7;16;8;15;8;14;8;14;9;14;10
1;2;14;13;9;7;10;7;11;7;12;7;13;7;14;7;15;7;16;7;16;8;15;8;14;8;14;9;14;10;14;11
1;2;14;13;10;7;11;7;12;7;13;7;14;7;15;7;16;7;16;8;15;8;14;8;14;9;14;10;14;11;14;12
1;2;5;10;11;7;11;7;12;7;13;7;14;7;15;7;16;7;16;8;15;8;14;8;14;9;14;10;14;11;14;12;14;13
1;3;5;10;11;7;12;7;13;7;14;7;15;7;16;7;16;8;15;8;14;8;14;9;14;10;14;11;14;12;14;13;13;13
1;3;5;10;12;7;13;7;14;7;15;7;16;7;16;8;15;8;14;8;14;9;14;10;14;11;14;12;14;13;13;13;12;13
1;0;5;10;13;7;14;7;15;7;16;7;16;8;15;8;14;8;14;9;14;10;14;11;14;12;14;13;13;13;12;13;12;12
1;0;5;10;14;7;15;7;16;7;16;8;15;8;14;8;14;9;14;10;14;11;14;12;14;13;13;13;12;13;12;12;12;11
1;0;5;10;15;7;16;7;16;8;15;8;14;8;14;9;14;10;14;11;14;12;14;13;13;13;12;13;12;12;12;11;12;10
1;3;5;10;16;7;16;8;15;8;14;8;14;9;14;10;14;11;14;12;14;13;13;13;12;13;12;12;12;11;12;10;11;10
1;3;5;10;16;8;15;8;14;8;14;9;14;10;14;11;14;12;14;13;13;13;12;13;12;12;12;11;12;10;11;10;10;10
1;3;5;10;15;8;14;8;14;9;14;10;14;11;14;12;14;13;13;13;12;13;12;12;12;11;12;10;11;10;10;10;9;10
1;3;5;10;14;8;14;9;14;10;14;11;14;12;14;13;13;13;12;13;12;12;12;11;12;10;11;10;10;10;9;10;8;10
1;3;5;10;14;9;14;10;14;11;14;12;14;13;13;13;12;13;12;12;12;11;12;10;11;10;10;10;9;10;8;10;7;10
1;3;5;10;14;10;14;11;14;12;14;13;13;13;12;13;12;12;12;11;12;10;11;10;10;10;9;10;8;10;7;10;6;10
1;2;5;10;14;11;14;12;14;13;13;13;12;13;12;12;12;11;12;10;11;10;10;10;9;10;8;10;7;10;6;10;6;11
1;3;5;10;14;12;14;13;13;13;12;13;12;12;12;11;12;10;11;10;10;10;9;10;8;10;7;10;6;10;6;11;5;11
1;0;4;3;14;13;14;13;13;13;12;13;12;12;12;11;12;10;11;10;10;10;9;10;8;10;7;10;6;10;6;11;5;11;5;10
1;0;4;3;14;13;13;13;12;13;12;12;12;11;12;10;11;10;10;10;9;10;8;10;7;10;6;10;6;11;5;11;5;10;5;9
1;3;4;3;13;13;12;13;12;12;12;11;12;10;11;10;10;10;9;10;8;10;7;10;6;10;6;11;5;11;5;10;5;9;4;9
1;0;4;3;12;13;12;12;12;11;12;10;11;10;10;10;9;10;8;10;7;10;6;10;6;11;5;11;5;10;5;9;4;9;4;8
1;0;4;3;12;12;12;11;12;10;11;10;10;10;9;10;8;10;7;10;6;10;6;11;5;11;5;10;5;9;4;9;4;8;4;7
1;0;4;3;12;11;12;10;11;10;10;10;9;10;8;10;7;10;6;10;6;11;5;11;5;10;5;9;4;9;4;8;4;7;4;6
1;0;4;3;12;10;11;10;10;10;9;10;8;10;7;10;6;10;6;11;5;11;5;10;5;9;4;9;4;8;4;7;4;6;4;5
1;0;4;3;11;10;10;10;9;10;8;10;7;10;6;10;6;11;5;11;5;10;5;9;4;9;4;8;4;7;4;6;4;5;4;4
1;0;3;6;10;10;10;10;9;10;8;10;7;10;6;10;6;11;5;11;5;10;5;9;4;9;4;8;4;7;4;6;4;5;4;4;4;3
1;3;3;6;10;10;9;10;8;10;7;10;6;10;6;11;5;11;5;10;5;9;4;9;4;8;4;7;4;6;4;5;4;4;4;3;3;3
1;2;3;6;9;10;8;10;7;10;6;10;6;11;5;11;5;10;5;9;4;9;4;8;4;7;4;6;4;5;4;4;4;3;3;3;3;4
1;2;3;6;8;10;7;10;6;10;6;11;5;11;5;10;5;9;4;9;4;8;4;7;4;6;4;5;4;4;4;3;3;3;3;4;3;5
1;2;13;3;7;10;7;10;6;10;6;11;5;11;5;10;5;9;4;9;4;8;4;7;4;6;4;5;4;4;4;3;3;3;3;4;3;5;3;6
1;2;13;3;7;10;6;10;6;11;5;11;5;10;5;9;4;9;4;8;4;7;4;6;4;5;4;4;4;3;3;3;3;4;3;5;3;6;3;7
1;2;13;3;6;10;6;11;5;11;5;10;5;9;4;9;4;8;4;7;4;6;4;5;4;4;4;3;3;3;3;4;3;5;3;6;3;7;3;8
1;2;13;3;6;11;5;11;5;10;5;9;4;9;4;8;4;7;4;6;4;5;4;4;4;3;3;3;3;4;3;5;3;6;3;7;3;8;3;9
1;3;13;3;5;11;5;10;5;9;4;9;4;8;4;7;4;6;4;5;4;4;4;3;3;3;3;4;3;5;3;6;3;7;3;8;3;9;2;9
1;0;13;3;5;10;5;9;4;9;4;8;4;7;4;6;4;5;4;4;4;3;3;3;3;4;3;5;3;6;3;7;3;8;3;9;2;9;2;8
1;0;13;3;5;9;4;9;4;8;4;7;4;6;4;5;4;4;4;3;3;3;3;4;3;5;3;6;3;7;3;8;3;9;2;9;2;8;2;7
1;0;13;3;4;9;4;8;4;7;4;6;4;5;4;4;4;3;3;3;3;4;3;5;3;6;3;7;3;8;3;9;2;9;2;8;2;7;2;6
1;0;13;3;4;8;4;7;4;6;4;5;4;4;4;3;3;3;3;4;3;5;3;6;3;7;3;8;3;9;2;9;2;8;2;7;2;6;2;5
1;0;13;3;4;7;4;6;4;5;4;4;4;3;3;3;3;4;3;5;3;6;3;7;3;8;3;9;2;9;2;8;2;7;2;6;2;5;2;4
1;0;13;3;4;6;4;5;4;4;4;3;3;3;3;4;3;5;3;6;3;7;3;8;3;9;2;9;2;8;2;7;2;6;2;5;2;4;2;3
1;0;13;3;4;5;4;4;4;3;3;3;3;4;3;5;3;6;3;7;3;8;3;9;2;9;2;8;2;7;2;6;2;5;2;4;2;3;2;2
1;1;13;3;4;4;4;3;3;3;3;4;3;5;3;6;3;7;3;8;3;9;2;9;2;8;2;7;2;6;2;5;2;4;2;3;2;2;3;2
1;1;13;3;4;3;3;3;3;4;3;5;3;6;3;7;3;8;3;9;2;9;2;8;2;7;2;6;2;5;2;4;2;3;2;2;3;2;4;2
1;1;13;3;3;3;3;4;3;5;3;6;3;7;3;8;3;9;2;9;2;8;2;7;2;6;2;5;2;4;2;3;2;2;3;2;4;2;5;2
1;2;13;3;3;4;3;5;3;6;3;7;3;8;3;9;2;9;2;8;2;7;2;6;2;5;2;4;2;3;2;2;3;2;4;2;5;2;5;3
1;1;13;3;3;5;3;6;3;7;3;8;3;9;2;9;2;8;2;7;2;6;2;5;2;4;2;3;2;2;3;2;4;2;5;2;5;3;6;3
1;1;13;3;3;6;3;7;3;8;3;9;2;9;2;8;2;7;2;6;2;5;2;4;2;3;2;2;3;2;4;2;5;2;5;3;6;3;7;3
1;1;13;3;3;7;3;8;3;9;2;9;2;8;2;7;2;6;2;5;2;4;2;3;2;2;3;2;4;2;5;2;5;3;6;3;7;3;8;3
1;1;13;3;3;8;3;9;2;9;2;8;2;7;2;6;2;5;2;4;2;3;2;2;3;2;4;2;5;2;5;3;6;3;7;3;8;3;9;3
1;1;13;3;3;9;2;9;2;8;2;7;2;6;2;5;2;4;2;3;2;2;3;2;4;2;5;2;5;3;6;3;7;3;8;3;9;3;10;3
1;1;13;3;2;9;2;8;2;7;2;6;2;5;2;4;2;3;2;2;3;2;4;2;5;2;5;3;6;3;7;3;8;3;9;3;10;3;11;3
1;1;13;3;2;8;2;7;2;6;2;5;2;4;2;3;2;2;3;2;4;2;5;2;5;3;6;3;7;3;8;3;9;3;10;3;11;3;12;3
1;1;2;10;2;7;2;7;2;6;2;5;2;4;2;3;2;2;3;2;4;2;5;2;5;3;6;3;7;3;8;3;9;3;10;3;11;3;12;3;13;3
1;2;2;10;2;7;2;6;2;5;2;4;2;3;2;2;3;2;4;2;5;2;5;3;6;3;7;3;8;3;9;3;10;3;11;3;12;3;13;3;13;4
1;3;2;10;2;6;2;5;2;4;2;3;2;2;3;2;4;2;5;2;5;3;6;3;7;3;8;3;9;3;10;3;11;3;12;3;13;3;13;4;12;4
1;3;2;10;2;5;2;4;2;3;2;2;3;2;4;2;5;2;5;3;6;3;7;3;8;3;9;3;10;3;11;3;12;3;13;3;13;4;12;4;11;4
1;3;2;10;2;4;2;3;2;2;3;2;4;2;5;2;5;3;6;3;7;3;8;3;9;3;10;3;11;3;12;3;13;3;13;4;12;4;11;4;10;4
1;3;2;10;2;3;2;2;3;2;4;2;5;2;5;3;6;3;7;3;8;3;9;3;10;3;11;3;12;3;13;3;13;4;12;4;11;4;10;4;9;4
1;3;2;10;2;2;3;2;4;2;5;2;5;3;6;3;7;3;8;3;9;3;10;3;11;3;12;3;13;3;13;4;12;4;11;4;10;4;9;4;8;4
1;3;2;10;3;2;4;2;5;2;5;3;6;3;7;3;8;3;9;3;10;3;11;3;12;3;13;3;13;4;12;4;11;4;10;4;9;4;8;4;7;4
1;3;2;10;4;2;5;2;5;3;6;3;7;3;8;3;9;3;10;3;11;3;12;3;13;3;13;4;12;4;11;4;10;4;9;4;8;4;7;4;6;4
1;3;2;10;5;2;5;3;6;3;7;3;8;3;9;3;10;3;11;3;12;3;13;3;13;4;12;4;11;4;10;4;9;4;8;4;7;4;6;4;5;4
1;3;2;10;5;3;6;3;7;3;8;3;9;3;10;3;11;3;12;3;13;3;13;4;12;4;11;4;10;4;9;4;8;4;7;4;6;4;5;4;4;4
1;3;2;10;6;3;7;3;8;3;9;3;10;3;11;3;12;3;13;3;13;4;12;4;11;4;10;4;9;4;8;4;7;4;6;4;5;4;4;4;3;4
1;3;2;10;7;3;8;3;9;3;10;3;11;3;12;3;13;3;13;4;12;4;11;4;10;4;9;4;8;4;7;4;6;4;5;4;4;4;3;4;2;4
1;2;2;10;8;3;9;3;10;3;11;3;12;3;13;3;13;4;12;4;11;4;10;4;9;4;8;4;7;4;6;4;5;4;4;4;3;4;2;4;2;5
1;2;2;10;9;3;10;3;11;3;12;3;13;3;13;4;12;4;11;4;10;4;9;4;8;4;7;4;6;4;5;4;4;4;3;4;2;4;2;5;2;6
1;2;2;10;10;3;11;3;12;3;13;3;13;4;12;4;11;4;10;4;9;4;8;4;7;4;6;4;5;4;4;4;3;4;2;4;2;5;2;6;2;7
1;2;2;10;11;3;12;3;13;3;13;4;12;4;11;4;10;4;9;4;8;4;7;4;6;4;5;4;4;4;3;4;2;4;2;5;2;6;2;7;2;8
1;2;2;10;12;3;13;3;13;4;12;4;11;4;10;4;9;4;8;4;7;4;6;4;5;4;4;4;3;4;2;4;2;5;2;6;2;7;2;8;2;9
1;2;14;15;13;3;13;3;13;4;12;4;11;4;10;4;9;4;8;4;7;4;6;4;5;4;4;4;3;4;2;4;2;5;2;6;2;7;2;8;2;9;2;10
1;1;14;15;13;3;13;4;12;4;11;4;10;4;9;4;8;4;7;4;6;4;5;4;4;4;3;4;2;4;2;5;2;6;2;7;2;8;2;9;2;10;3;10
1;1;14;15;13;4;12;4;11;4;10;4;9;4;8;4;7;4;6;4;5;4;4;4;3;4;2;4;2;5;2;6;2;7;2;8;2;9;2;10;3;10;4;10
1;1;14;15;12;4;11;4;10;4;9;4;8;4;7;4;6;4;5;4;4;4;3;4;2;4;2;5;2;6;2;7;2;8;2;9;2;10;3;10;4;10;5;10
1;1;14;15;11;4;10;4;9;4;8;4;7;4;6;4;5;4;4;4;3;4;2;4;2;5;2;6;2;7;2;8;2;9;2;10;3;10;4;10;5;10;6;10
1;2;14;15;10;4;9;4;8;4;7;4;6;4;5;4;4;4;3;4;2;4;2;5;2;6;2;7;2;8;2;9;2;10;3;10;4;10;5;10;6;10;6;11
1;2;14;15;9;4;8;4;7;4;6;4;5;4;4;4;3;4;2;4;2;5;2;6;2;7;2;8;2;9;2;10;3;10;4;10;5;10;6;10;6;11;6;12
1;2;14;15;8;4;7;4;6;4;5;4;4;4;3;4;2;4;2;5;2;6;2;7;2;8;2;9;2;10;3;10;4;10;5;10;6;10;6;11;6;12;6;13
1;2;14;15;7;4;6;4;5;4;4;4;3;4;2;4;2;5;2;6;2;7;2;8;2;9;2;10;3;10;4;10;5;10;6;10;6;11;6;12;6;13;6;14
1;2;14;15;6;4;5;4;4;4;3;4;2;4;2;5;2;6;2;7;2;8;2;9;2;10;3;10;4;10;5;10;6;10;6;11;6;12;6;13;6;14;6;15
1;1;14;15;5;4;4;4;3;4;2;4;2;5;2;6;2;7;2;8;2;9;2;10;3;10;4;10;5;10;6;10;6;11;6;12;6;13;6;14;6;15;7;15
1;1;14;15;4;4;3;4;2;4;2;5;2;6;2;7;2;8;2;9;2;10;3;10;4;10;5;10;6;10;6;11;6;12;6;13;6;14;6;15;7;15;8;15
1;1;14;15;3;4;2;4;2;5;2;6;2;7;2;8;2;9;2;10;3;10;4;10;5;10;6;10;6;11;6;12;6;13;6;14;6;15;7;15;8;15;9;15
1;1;14;15;2;4;2;5;2;6;2;7;2;8;2;9;2;10;3;10;4;10;5;10;6;10;6;11;6;12;6;13;6;14;6;15;7;15;8;15;9;15;10;15
1;1;14;15;2;5;2;6;2;7;2;8;2;9;2;10;3;10;4;10;5;10;6;10;6;11;6;12;6;13;6;14;6;15;7;15;8;15;9;15;10;15;11;15
1;1;14;15;2;6;2;7;2;8;2;9;2;10;3;10;4;10;5;10;6;10;6;11;6;12;6;13;6;14;6;15;7;15;8;15;9;15;10;15;11;15;12;15
1;1;14;15;2;7;2;8;2;9;2;10;3;10;4;10;5;10;6;10;6;11;6;12;6;13;6;14;6;15;7;15;8;15;9;15;10;15;11;15;12;15;13;15
1;1;6;6;2;8;2;8;2;9;2;10;3;10;4;10;5;10;6;10;6;11;6;12;6;13;6;14;6;15;7;15;8;15;9;15;10;15;11;15;12;15;13;15;14;15
1;0;6;6;2;8;2;9;2;10;3;10;4;10;5;10;6;10;6;11;6;12;6;13;6;14;6;15;7;15;8;15;9;15;10;15;11;15;12;15;13;15;14;15;14;14
1;0;6;6;2;9;2;10;3;10;4;10;5;10;6;10;6;11;6;12;6;13;6;14;6;15;7;15;8;15;9;15;10;15;11;15;12;15;13;15;14;15;14;14;14;13
1;0;6;6;2;10;3;10;4;10;5;10;6;10;6;11;6;12;6;13;6;14;6;15;7;15;8;15;9;15;10;15;11;15;12;15;13;15;14;15;14;14;14;13;14;12
1;0;6;6;3;10;4;10;5;10;6;10;6;11;6;12;6;13;6;14;6;15;7;15;8;15;9;15;10;15;11;15;12;15;13;15;14;15;14;14;14;13;14;12;14;11
1;0;6;6;4;10;5;10;6;10;6;11;6;12;6;13;6;14;6;15;7;15;8;15;9;15;10;15;11;15;12;15;13;15;14;15;14;14;14;13;14;12;14;11;14;10
1;0;6;6;5;10;6;10;6;11;6;12;6;13;6;14;6;15;7;15;8;15;9;15;10;15;11;15;12;15;13;15;14;15;14;14;14;13;14;12;14;11;14;10;14;9
1;0;6;6;6;10;6;11;6;12;6;13;6;14;6;15;7;15;8;15;9;15;10;15;11;15;12;15;13;15;14;15;14;14;14;13;14;12;14;11;14;10;14;9;14;8
1;0;6;6;6;11;6;12;6;13;6;14;6;15;7;15;8;15;9;15;10;15;11;15;12;15;13;15;14;15;14;14;14;13;14;12;14;11;14;10;14;9;14;8;14;7
1;0;6;6;6;12;6;13;6;14;6;15;7;15;8;15;9;15;10;15;11;15;12;15;13;15;14;15;14;14;14;13;14;12;14;11;14;10;14;9;14;8;14;7;14;6
1;3;6;6;6;13;6;14;6;15;7;15;8;15;9;15;10;15;11;15;12;15;13;15;14;15;14;14;14;13;14;12;14;11;14;10;14;9;14;8;14;7;14;6;13;6
1;3;6;6;6;14;6;15;7;15;8;15;9;15;10;15;11;15;12;15;13;15;14;15;14;14;14;13;14;12;14;11;14;10;14;9;14;8;14;7;14;6;13;6;12;6
1;3;6;6;6;15;7;15;8;15;9;15;10;15;11;15;12;15;13;15;14;15;14;14;14;13;14;12;14;11;14;10;14;9;14;8;14;7;14;6;13;6;12;6;11;6
1;3;6;6;7;15;8;15;9;15;10;15;11;15;12;15;13;15;14;15;14;14;14;13;14;12;14;11;14;10;14;9;14;8;14;7;14;6;13;6;12;6;11;6;10;6
1;3;6;6;8;15;9;15;10;15;11;15;12;15;13;15;14;15;14;14;14;13;14;12;14;11;14;10;14;9;14;8;14;7;14;6;13;6;12;6;11;6;10;6;9;6
1;3;6;6;9;15;10;15;11;15;12;15;13;15;14;15;14;14;14;13;14;12;14;11;14;10;14;9;14;8;14;7;14;6;13;6;12;6;11;6;10;6;9;6;8;6
1;3;6;6;10;15;11;15;12;15;13;15;14;15;14;14;14;13;14;12;14;11;14;10;14;9;14;8;14;7;14;6;13;6;12;6;11;6;10;6;9;6;8;6;7;6
1;3;16;17;11;15;11;15;12;15;13;15;14;15;14;14;14;13;14;12;14;11;14;10;14;9;14;8;14;7;14;6;13;6;12;6;11;6;10;6;9;6;8;6;7;6;6;6
1;0;16;17;11;15;12;15;13;15;14;15;14;14;14;13;14;12;14;11;14;10;14;9;14;8;14;7;14;6;13;6;12;6;11;6;10;6;9;6;8;6;7;6;6;6;6;5
1;1;16;17;12;15;13;15;14;15;14;14;14;13;14;12;14;11;14;10;14;9;14;8;14;7;14;6;13;6;12;6;11;6;10;6;9;6;8;6;7;6;6;6;6;5;7;5
1;1;16;17;13;15;14;15;14;14;14;13;14;12;14;11;14;10;14;9;14;8;14;7;14;6;13;6;12;6;11;6;10;6;9;6;8;6;7;6;6;6;6;5;7;5;8;5
1;1;16;17;14;15;14;14;14;13;14;12;14;11;14;10;14;9;14;8;14;7;14;6;13;6;12;6;11;6;10;6;9;6;8;6;7;6;6;6;6;5;7;5;8;5;9;5
1;1;16;17;14;14;14;13;14;12;14;11;14;10;14;9;14;8;14;7;14;6;13;6;12;6;11;6;10;6;9;6;8;6;7;6;6;6;6;5;7;5;8;5;9;5;10;5
1;1;16;17;14;13;14;12;14;11;14;10;14;9;14;8;14;7;14;6;13;6;12;6;11;6;10;6;9;6;8;6;7;6;6;6;6;5;7;5;8;5;9;5;10;5;11;5
1;1;16;17;14;12;14;11;14;10;14;9;14;8;14;7;14;6;13;6;12;6;11;6;10;6;9;6;8;6;7;6;6;6;6;5;7;5;8;5;9;5;10;5;11;5;12;5
1;1;16;17;14;11;14;10;14;9;14;8;14;7;14;6;13;6;12;6;11;6;10;6;9;6;8;6;7;6;6;6;6;5;7;5;8;5;9;5;10;5;11;5;12;5;13;5
1;1;16;17;14;10;14;9;14;8;14;7;14;6;13;6;12;6;11;6;10;6;9;6;8;6;7;6;6;6;6;5;7;5;8;5;9;5;10;5;11;5;12;5;13;5;14;5
1;1;16;17;14;9;14;8;14;7;14;6;13;6;12;6;11;6;10;6;9;6;8;6;7;6;6;6;6;5;7;5;8;5;9;5;10;5;11;5;12;5;13;5;14;5;15;5
1;1;16;17;14;8;14;7;14;6;13;6;12;6;11;6;10;6;9;6;8;6;7;6;6;6;6;5;7;5;8;5;9;5;10;5;11;5;12;5;13;5;14;5;15;5;16;5
1;2;16;17;14;7;14;6;13;6;12;6;11;6;10;6;9;6;8;6;7;6;6;6;6;5;7;5;8;5;9;5;10;5;11;5;12;5;13;5;14;5;15;5;16;5;16;6
1;2;16;17;14;6;13;6;12;6;11;6;10;6;9;6;8;6;7;6;6;6;6;5;7;5;8;5;9;5;10;5;11;5;12;5;13;5;14;5;15;5;16;5;16;6;16;7
1;2;16;17;13;6;12;6;11;6;10;6;9;6;8;6;7;6;6;6;6;5;7;5;8;5;9;5;10;5;11;5;12;5;13;5;14;5;15;5;16;5;16;6;16;7;16;8
1;2;16;17;12;6;11;6;10;6;9;6;8;6;7;6;6;6;6;5;7;5;8;5;9;5;10;5;11;5;12;5;13;5;14;5;15;5;16;5;16;6;16;7;16;8;16;9
1;2;16;17;11;6;10;6;9;6;8;6;7;6;6;6;6;5;7;5;8;5;9;5;10;5;11;5;12;5;13;5;14;5;15;5;16;5;16;6;16;7;16;8;16;9;16;10
1;2;16;17;10;6;9;6;8;6;7;6;6;6;6;5;7;5;8;5;9;5;10;5;11;5;12;5;13;5;14;5;15;5;16;5;16;6;16;7;16;8;16;9;16;10;16;11
1;2;16;17;9;6;8;6;7;6;6;6;6;5;7;5;8;5;9;5;10;5;11;5;12;5;13;5;14;5;15;5;16;5;16;6;16;7;16;8;16;9;16;10;16;11;16;12
1;2;16;17;8;6;7;6;6;6;6;5;7;5;8;5;9;5;10;5;11;5;12;5;13;5;14;5;15;5;16;5;16;6;16;7;16;8;16;9;16;10;16;11;16;12;16;13
1;2;16;17;7;6;6;6;6;5;7;5;8;5;9;5;10;5;11;5;12;5;13;5;14;5;15;5;16;5;16;6;16;7;16;8;16;9;16;10;16;11;16;12;16;13;16;14
1;2;16;17;6;6;6;5;7;5;8;5;9;5;10;5;11;5;12;5;13;5;14;5;15;5;16;5;16;6;16;7;16;8;16;9;16;10;16;11;16;12;16;13;16;14;16;15
1;2;16;17;6;5;7;5;8;5;9;5;10;5;11;5;12;5;13;5;14;5;15;5;16;5;16;6;16;7;16;8;16;9;16;10;16;11;16;12;16;13;16;14;16;15;16;16
1;2;16;3;7;5;7;5;8;5;9;5;10;5;11;5;12;5;13;5;14;5;15;5;16;5;16;6;16;7;16;8;16;9;16;10;16;11;16;12;16;13;16;14;16;15;16;16;16;17
1;1;16;3;7;5;8;5;9;5;10;5;11;5;12;5;13;5;14;5;15;5;16;5;16;6;16;7;16;8;16;9;16;10;16;11;16;12;16;13;16;14;16;15;16;16;16;17;17;17
1;0;16;3;8;5;9;5;10;5;11;5;12;5;13;5;14;5;15;5;16;5;16;6;16;7;16;8;16;9;16;10;16;11;16;12;16;13;16;14;16;15;16;16;16;17;17;17;17;16
1;0;16;3;9;5;10;5;11;5;12;5;13;5;14;5;15;5;16;5;16;6;16;7;16;8;16;9;16;10;16;11;16;12;16;13;16;14;16;15;16;16;16;17;17;17;17;16;17;15
1;0;16;3;10;5;11;5;12;5;13;5;14;5;15;5;16;5;16;6;16;7;16;8;16;9;16;10;16;11;16;12;16;13;16;14;16;15;16;16;16;17;17;17;17;16;17;15;17;14
1;0;16;3;11;5;12;5;13;5;14;5;15;5;16;5;16;6;16;7;16;8;16;9;16;10;16;11;16;12;16;13;16;14;16;15;16;16;16;17;17;17;17;16;17;15;17;14;17;13
1;0;16;3;12;5;13;5;14;5;15;5;16;5;16;6;16;7;16;8;16;9;16;10;16;11;16;12;16;13;16;14;16;15;16;16;16;17;17;17;17;16;17;15;17;14;17;13;17;12
1;0;16;3;13;5;14;5;15;5;16;5;16;6;16;7;16;8;16;9;16;10;16;11;16;12;16;13;16;14;16;15;16;16;16;17;17;17;17;16;17;15;17;14;17;13;17;12;17;11
1;0;16;3;14;5;15;5;16;5;16;6;16;7;16;8;16;9;16;10;16;11;16;12;16;13;16;14;16;15;16;16;16;17;17;17;17;16;17;15;17;14;17;13;17;12;17;11;17;10
1;0;16;3;15;5;16;5;16;6;16;7;16;8;16;9;16;10;16;11;16;12;16;13;16;14;16;15;16;16;16;17;17;17;17;16;17;15;17;14;17;13;17;12;17;11;17;10;17;9
1;0;16;3;16;5;16;6;16;7;16;8;16;9;16;10;16;11;16;12;16;13;16;14;16;15;16;16;16;17;17;17;17;16;17;15;17;14;17;13;17;12;17;11;17;10;17;9;17;8
1;0;16;3;16;6;16;7;16;8;16;9;16;10;16;11;16;12;16;13;16;14;16;15;16;16;16;17;17;17;17;16;17;15;17;14;17;13;17;12;17;11;17;10;17;9;17;8;17;7
1;0;16;3;16;7;16;8;16;9;16;10;16;11;16;12;16;13;16;14;16;15;16;16;16;17;17;17;17;16;17;15;17;14;17;13;17;12;17;11;17;10;17;9;17;8;17;7;17;6
1;3;16;3;16;8;16;9;16;10;16;11;16;12;16;13;16;14;16;15;16;16;16;17;17;17;17;16;17;15;17;14;17;13;17;12;17;11;17;10;17;9;17;8;17;7;17;6;16;6
1;0;16;3;16;9;16;10;16;11;16;12;16;13;16;14;16;15;16;16;16;17;17;17;17;16;17;15;17;14;17;13;17;12;17;11;17;10;17;9;17;8;17;7;17;6;16;6;16;5
1;0;16;3;16;10;16;11;16;12;16;13;16;14;16;15;16;16;16;17;17;17;17;16;17;15;17;14;17;13;17;12;17;11;17;10;17;9;17;8;17;7;17;6;16;6;16;5;16;4
1;0;15;11;16;11;16;11;16;12;16;13;16;14;16;15;16;16;16;17;17;17;17;16;17;15;17;14;17;13;17;12;17;11;17;10;17;9;17;8;17;7;17;6;16;6;16;5;16;4;16;3
1;3;15;11;16;11;16;12;16;13;16;14;16;15;16;16;16;17;17;17;17;16;17;15;17;14;17;13;17;12;17;11;17;10;17;9;17;8;17;7;17;6;16;6;16;5;16;4;16;3;15;3
1;2;15;11;16;12;16;13;16;14;16;15;16;16;16;17;17;17;17;16;17;15;17;14;17;13;17;12;17;11;17;10;17;9;17;8;17;7;17;6;16;6;16;5;16;4;16;3;15;3;15;4
1;2;15;11;16;13;16;14;16;15;16;16;16;17;17;17;17;16;17;15;17;14;17;13;17;12;17;11;17;10;17;9;17;8;17;7;17;6;16;6;16;5;16;4;16;3;15;3;15;4;15;5
1;2;15;11;16;14;16;15;16;16;16;17;17;17;17;16;17;15;17;14;17;13;17;12;17;11;17;10;17;9;17;8;17;7;17;6;16;6;16;5;16;4;16;3;15;3;15;4;15;5;15;6
1;2;15;11;16;15;16;16;16;17;17;17;17;16;17;15;17;14;17;13;17;12;17;11;17;10;17;9;17;8;17;7;17;6;16;6;16;5;16;4;16;3;15;3;15;4;15;5;15;6;15;7
1;2;15;11;16;16;16;17;17;17;17;16;17;15;17;14;17;13;17;12;17;11;17;10;17;9;17;8;17;7;17;6;16;6;16;5;16;4;16;3;15;3;15;4;15;5;15;6;15;7;15;8
1;2;15;11;16;17;17;17;17;16;17;15;17;14;17;13;17;12;17;11;17;10;17;9;17;8;17;7;17;6;16;6;16;5;16;4;16;3;15;3;15;4;15;5;15;6;15;7;15;8;15;9
1;2;15;11;17;17;17;16;17;15;17;14;17;13;17;12;17;11;17;10;17;9;17;8;17;7;17;6;16;6;16;5;16;4;16;3;15;3;15;4;15;5;15;6;15;7;15;8;15;9;15;10
1;2;1;8;17;16;17;16;17;15;17;14;17;13;17;12;17;11;17;10;17;9;17;8;17;7;17;6;16;6;16;5;16;4;16;3;15;3;15;4;15;5;15;6;15;7;15;8;15;9;15;10;15;11
1;3;1;8;17;16;17;15;17;14;17;13;17;12;17;11;17;10;17;9;17;8;17;7;17;6;16;6;16;5;16;4;16;3;15;3;15;4;15;5;15;6;15;7;15;8;15;9;15;10;15;11;14;11
1;0;1;8;17;15;17;14;17;13;17;12;17;11;17;10;17;9;17;8;17;7;17;6;16;6;16;5;16;4;16;3;15;3;15;4;15;5;15;6;15;7;15;8;15;9;15;10;15;11;14;11;14;10
1;0;1;8;17;14;17;13;17;12;17;11;17;10;17;9;17;8;17;7;17;6;16;6;16;5;16;4;16;3;15;3;15;4;15;5;15;6;15;7;15;8;15;9;15;10;15;11;14;11;14;10;14;9
1;0;1;8;17;13;17;12;17;11;17;10;17;9;17;8;17;7;17;6;16;6;16;5;16;4;16;3;15;3;15;4;15;5;15;6;15;7;15;8;15;9;15;10;15;11;14;11;14;10;14;9;14;8
1;3;1;8;17;12;17;11;17;10;17;9;17;8;17;7;17;6;16;6;16;5;16;4;16;3;15;3;15;4;15;5;15;6;15;7;15;8;15;9;15;10;15;11;14;11;14;10;14;9;14;8;13;8
1;3;1;8;17;11;17;10;17;9;17;8;17;7;17;6;16;6;16;5;16;4;16;3;15;3;15;4;15;5;15;6;15;7;15;8;15;9;15;10;15;11;14;11;14;10;14;9;14;8;13;8;12;8
1;3;1;8;17;10;17;9;17;8;17;7;17;6;16;6;16;5;16;4;16;3;15;3;15;4;15;5;15;6;15;7;15;8;15;9;15;10;15;11;14;11;14;10;14;9;14;8;13;8;12;8;11;8
1;3;1;8;17;9;17;8;17;7;17;6;16;6;16;5;16;4;16;3;15;3;15;4;15;5;15;6;15;7;15;8;15;9;15;10;15;11;14;11;14;10;14;9;14;8;13;8;12;8;11;8;10;8
1;3;1;8;17;8;17;7;17;6;16;6;16;5;16;4;16;3;15;3;15;4;15;5;15;6;15;7;15;8;15;9;15;10;15;11;14;11;14;10;14;9;14;8;13;8;12;8;11;8;10;8;9;8
1;3;1;8;17;7;17;6;16;6;16;5;16;4;16;3;15;3;15;4;15;5;15;6;15;7;15;8;15;9;15;10;15;11;14;11;14;10;14;9;14;8;13;8;12;8;11;8;10;8;9;8;8;8
1;3;1;8;17;6;16;6;16;5;16;4;16;3;15;3;15;4;15;5;15;6;15;7;15;8;15;9;15;10;15;11;14;11;14;10;14;9;14;8;13;8;12;8;11;8;10;8;9;8;8;8;7;8
1;3;1;8;16;6;16;5;16;4;16;3;15;3;15;4;15;5;15;6;15;7;15;8;15;9;15;10;15;11;14;11;14;10;14;9;14;8;13;8;12;8;11;8;10;8;9;8;8;8;7;8;6;8
1;3;1;8;16;5;16;4;16;3;15;3;15;4;15;5;15;6;15;7;15;8;15;9;15;10;15;11;14;11;14;10;14;9;14;8;13;8;12;8;11;8;10;8;9;8;8;8;7;8;6;8;5;8
1;3;1;8;16;4;16;3;15;3;15;4;15;5;15;6;15;7;15;8;15;9;15;10;15;11;14;11;14;10;14;9;14;8;13;8;12;8;11;8;10;8;9;8;8;8;7;8;6;8;5;8;4;8
1;3;1;8;16;3;15;3;15;4;15;5;15;6;15;7;15;8;15;9;15;10;15;11;14;11;14;10;14;9;14;8;13;8;12;8;11;8;10;8;9;8;8;8;7;8;6;8;5;8;4;8;3;8
1;3;1;8;15;3;15;4;15;5;15;6;15;7;15;8;15;9;15;10;15;11;14;11;14;10;14;9;14;8;13;8;12;8;11;8;10;8;9;8;8;8;7;8;6;8;5;8;4;8;3;8;2;8
1;3;4;0;15;4;15;4;15;5;15;6;15;7;15;8;15;9;15;10;15;11;14;11;14;10;14;9;14;8;13;8;12;8;11;8;10;8;9;8;8;8;7;8;6;8;5;8;4;8;3;8;2;8;1;8
1;0;4;0;15;4;15;5;15;6;15;7;15;8;15;9;15;10;15;11;14;11;14;10;14;9;14;8;13;8;12;8;11;8;10;8;9;8;8;8;7;8;6;8;5;8;4;8;3;8;2;8;1;8;1;7
1;1;4;0;15;5;15;6;15;7;15;8;15;9;15;10;15;11;14;11;14;10;14;9;14;8;13;8;12;8;11;8;10;8;9;8;8;8;7;8;6;8;5;8;4;8;3;8;2;8;1;8;1;7;2;7
1;1;4;0;15;6;15;7;15;8;15;9;15;10;15;11;14;11;14;10;14;9;14;8;13;8;12;8;11;8;10;8;9;8;8;8;7;8;6;8;5;8;4;8;3;8;2;8;1;8;1;7;2;7;3;7
1;1;4;0;15;7;15;8;15;9;15;10;15;11;14;11;14;10;14;9;14;8;13;8;12;8;11;8;10;8;9;8;8;8;7;8;6;8;5;8;4;8;3;8;2;8;1;8;1;7;2;7;3;7;4;7
1;0;4;0;15;8;15;9;15;10;15;11;14;11;14;10;14;9;14;8;13;8;12;8;11;8;10;8;9;8;8;8;7;8;6;8;5;8;4;8;3;8;2;8;1;8;1;7;2;7;3;7;4;7;4;6
1;0;4;0;15;9;15;10;15;11;14;11;14;10;14;9;14;8;13;8;12;8;11;8;10;8;9;8;8;8;7;8;6;8;5;8;4;8;3;8;2;8;1;8;1;7;2;7;3;7;4;7;4;6;4;5
1;0;4;0;15;10;15;11;14;11;14;10;14;9;14;8;13;8;12;8;11;8;10;8;9;8;8;8;7;8;6;8;5;8;4;8;3;8;2;8;1;8;1;7;2;7;3;7;4;7;4;6;4;5;4;4
1;0;4;0;15;11;14;11;14;10;14;9;14;8;13;8;12;8;11;8;10;8;9;8;8;8;7;8;6;8;5;8;4;8;3;8;2;8;1;8;1;7;2;7;3;7;4;7;4;6;4;5;4;4;4;3
1;0;4;0;14;11;14;10;14;9;14;8;13;8;12;8;11;8;10;8;9;8;8;8;7;8;6;8;5;8;4;8;3;8;2;8;1;8;1;7;2;7;3;7;4;7;4;6;4;5;4;4;4;3;4;2
1;0;4;0;14;10;14;9;14;8;13;8;12;8;11;8;10;8;9;8;8;8;7;8;6;8;5;8;4;8;3;8;2;8;1;8;1;7;2;7;3;7;4;7;4;6;4;5;4;4;4;3;4;2;4;1
1;0;15;10;14;9;14;9;14;8;13;8;12;8;11;8;10;8;9;8;8;8;7;8;6;8;5;8;4;8;3;8;2;8;1;8;1;7;2;7;3;7;4;7;4;6;4;5;4;4;4;3;4;2;4;1;4;0
1;1;15;10;14;9;14;8;13;8;12;8;11;8;10;8;9;8;8;8;7;8;6;8;5;8;4;8;3;8;2;8;1;8;1;7;2;7;3;7;4;7;4;6;4;5;4;4;4;3;4;2;4;1;4;0;5;0
1;1;15;10;14;8;13;8;12;8;11;8;10;8;9;8;8;8;7;8;6;8;5;8;4;8;3;8;2;8;1;8;1;7;2;7;3;7;4;7;4;6;4;5;4;4;4;3;4;2;4;1;4;0;5;0;6;0
1;1;15;10;13;8;12;8;11;8;10;8;9;8;8;8;7;8;6;8;5;8;4;8;3;8;2;8;1;8;1;7;2;7;3;7;4;7;4;6;4;5;4;4;4;3;4;2;4;1;4;0;5;0;6;0;7;0
1;1;15;10;12;8;11;8;10;8;9;8;8;8;7;8;6;8;5;8;4;8;3;8;2;8;1;8;1;7;2;7;3;7;4;7;4;6;4;5;4;4;4;3;4;2;4;1;4;0;5;0;6;0;7;0;8;0
1;1;15;10;11;8;10;8;9;8;8;8;7;8;6;8;5;8;4;8;3;8;2;8;1;8;1;7;2;7;3;7;4;7;4;6;4;5;4;4;4;3;4;2;4;1;4;0;5;0;6;0;7;0;8;0;9;0
1;1;15;10;10;8;9;8;8;8;7;8;6;8;5;8;4;8;3;8;2;8;1;8;1;7;2;7;3;7;4;7;4;6;4;5;4;4;4;3;4;2;4;1;4;0;5;0;6;0;7;0;8;0;9;0;10;0
1;2;15;10;9;8;8;8;7;8;6;8;5;8;4;8;3;8;2;8;1;8;1;7;2;7;3;7;4;7;4;6;4;5;4;4;4;3;4;2;4;1;4;0;5;0;6;0;7;0;8;0;9;0;10;0;10;1
1;2;15;10;8;8;7;8;6;8;5;8;4;8;3;8;2;8;1;8;1;7;2;7;3;7;4;7;4;6;4;5;4;4;4;3;4;2;4;1;4;0;5;0;6;0;7;0;8;0;9;0;10;0;10;1;10;2
1;2;15;10;7;8;6;8;5;8;4;8;3;8;2;8;1;8;1;7;2;7;3;7;4;7;4;6;4;5;4;4;4;3;4;2;4;1;4;0;5;0;6;0;7;0;8;0;9;0;10;0;10;1;10;2;10;3
1;2;15;10;6;8;5;8;4;8;3;8;2;8;1;8;1;7;2;7;3;7;4;7;4;6;4;5;4;4;4;3;4;2;4;1;4;0;5;0;6;0;7;0;8;0;9;0;10;0;10;1;10;2;10;3;10;4
1;2;15;10;5;8;4;8;3;8;2;8;1;8;1;7;2;7;3;7;4;7;4;6;4;5;4;4;4;3;4;2;4;1;4;0;5;0;6;0;7;0;8;0;9;0;10;0;10;1;10;2;10;3;10;4;10;5
1;2;15;10;4;8;3;8;2;8;1;8;1;7;2;7;3;7;4;7;4;6;4;5;4;4;4;3;4;2;4;1;4;0;5;0;6;0;7;0;8;0;9;0;10;0;10;1;10;2;10;3;10;4;10;5;10;6
1;2;15;10;3;8;2;8;1;8;1;7;2;7;3;7;4;7;4;6;4;5;4;4;4;3;4;2;4;1;4;0;5;0;6;0;7;0;8;0;9;0;10;0;10;1;10;2;10;3;10;4;10;5;10;6;10;7
1;2;15;10;2;8;1;8;1;7;2;7;3;7;4;7;4;6;4;5;4;4;4;3;4;2;4;1;4;0;5;0;6;0;7;0;8;0;9;0;10;0;10;1;10;2;10;3;10;4;10;5;10;6;10;7;10;8
1;2;15;10;1;8;1;7;2;7;3;7;4;7;4;6;4;5;4;4;4;3;4;2;4;1;4;0;5;0;6;0;7;0;8;0;9;0;10;0;10;1;10;2;10;3;10;4;10;5;10;6;10;7;10;8;10;9
1;2;15;10;1;7;2;7;3;7;4;7;4;6;4;5;4;4;4;3;4;2;4;1;4;0;5;0;6;0;7;0;8;0;9;0;10;0;10;1;10;2;10;3;10;4;10;5;10;6;10;7;10;8;10;9;10;10
1;1;15;10;2;7;3;7;4;7;4;6;4;5;4;4;4;3;4;2;4;1;4;0;5;0;6;0;7;0;8;0;9;0;10;0;10;1;10;2;10;3;10;4;10;5;10;6;10;7;10;8;10;9;10;10;11;10
1;1;15;10;3;7;4;7;4;6;4;5;4;4;4;3;4;2;4;1;4;0;5;0;6;0;7;0;8;0;9;0;10;0;10;1;10;2;10;3;10;4;10;5;10;6;10;7;10;8;10;9;10;10;11;10;12;10
1;1;15;10;4;7;4;6;4;5;4;4;4;3;4;2;4;1;4;0;5;0;6;0;7;0;8;0;9;0;10;0;10;1;10;2;10;3;10;4;10;5;10;6;10;7;10;8;10;9;10;10;11;10;12;10;13;10
1;1;15;10;4;6;4;5;4;4;4;3;4;2;4;1;4;0;5;0;6;0;7;0;8;0;9;0;10;0;10;1;10;2;10;3;10;4;10;5;10;6;10;7;10;8;10;9;10;10;11;10;12;10;13;10;14;10
1;1;13;0;4;5;4;5;4;4;4;3;4;2;4;1;4;0;5;0;6;0;7;0;8;0;9;0;10;0;10;1;10;2;10;3;10;4;10;5;10;6;10;7;10;8;10;9;10;10;11;10;12;10;13;10;14;10;15;10
1;0;13;0;4;5;4;4;4;3;4;2;4;1;4;0;5;0;6;0;7;0;8;0;9;0;10;0;10;1;10;2;10;3;10;4;10;5;10;6;10;7;10;8;10;9;10;10;11;10;12;10;13;10;14;10;15;10;15;9
1;3;13;0;4;4;4;3;4;2;4;1;4;0;5;0;6;0;7;0;8;0;9;0;10;0;10;1;10;2;10;3;10;4;10;5;10;6;10;7;10;8;10;9;10;10;11;10;12;10;13;10;14;10;15;10;15;9;14;9
1;3;13;0;4;3;4;2;4;1;4;0;5;0;6;0;7;0;8;0;9;0;10;0;10;1;10;2;10;3;10;4;10;5;10;6;10;7;10;8;10;9;10;10;11;10;12;10;13;10;14;10;15;10;15;9;14;9;13;9
1;0;13;0;4;2;4;1;4;0;5;0;6;0;7;0;8;0;9;0;10;0;10;1;10;2;10;3;10;4;10;5;10;6;10;7;10;8;10;9;10;10;11;10;12;10;13;10;14;10;15;10;15;9;14;9;13;9;13;8
1;0;13;0;4;1;4;0;5;0;6;0;7;0;8;0;9;0;10;0;10;1;10;2;10;3;10;4;10;5;10;6;10;7;10;8;10;9;10;10;11;10;12;10;13;10;14;10;15;10;15;9;14;9;13;9;13;8;13;7
1;0;13;0;4;0;5;0;6;0;7;0;8;0;9;0;10;0;10;1;10;2;10;3;10;4;10;5;10;6;10;7;10;8;10;9;10;10;11;10;12;10;13;10;14;10;15;10;15;9;14;9;13;9;13;8;13;7;13;6
1;0;13;0;5;0;6;0;7;0;8;0;9;0;10;0;10;1;10;2;10;3;10;4;10;5;10;6;10;7;10;8;10;9;10;10;11;10;12;10;13;10;14;10;15;10;15;9;14;9;13;9;13;8;13;7;13;6;13;5
1;0;13;0;6;0;7;0;8;0;9;0;10;0;10;1;10;2;10;3;10;4;10;5;10;6;10;7;10;8;10;9;10;10;11;10;12;10;13;10;14;10;15;10;15;9;14;9;13;9;13;8;13;7;13;6;13;5;13;4
1;0;13;0;7;0;8;0;9;0;10;0;10;1;10;2;10;3;10;4;10;5;10;6;10;7;10;8;10;9;10;10;11;10;12;10;13;10;14;10;15;10;15;9;14;9;13;9;13;8;13;7;13;6;13;5;13;4;13;3
1;0;13;0;8;0;9;0;10;0;10;1;10;2;10;3;10;4;10;5;10;6;10;7;10;8;10;9;10;10;11;10;12;10;13;10;14;10;15;10;15;9;14;9;13;9;13;8;13;7;13;6;13;5;13;4;13;3;13;2
1;0;13;0;9;0;10;0;10;1;10;2;10;3;10;4;10;5;10;6;10;7;10;8;10;9;10;10;11;10;12;10;13;10;14;10;15;10;15;9;14;9;13;9;13;8;13;7;13;6;13;5;13;4;13;3;13;2;13;1
1;0;1;1;10;0;10;0;10;1;10;2;10;3;10;4;10;5;10;6;10;7;10;8;10;9;10;10;11;10;12;10;13;10;14;10;15;10;15;9;14;9;13;9;13;8;13;7;13;6;13;5;13;4;13;3;13;2;13;1;13;0
1;3;1;1;10;0;10;1;10;2;10;3;10;4;10;5;10;6;10;7;10;8;10;9;10;10;11;10;12;10;13;10;14;10;15;10;15;9;14;9;13;9;13;8;13;7;13;6;13;5;13;4;13;3;13;2;13;1;13;0;12;0
1;2;1;1;10;1;10;2;10;3;10;4;10;5;10;6;10;7;10;8;10;9;10;10;11;10;12;10;13;10;14;10;15;10;15;9;14;9;13;9;13;8;13;7;13;6;13;5;13;4;13;3;13;2;13;1;13;0;12;0;12;1
1;3;1;1;10;2;10;3;10;4;10;5;10;6;10;7;10;8;10;9;10;10;11;10;12;10;13;10;14;10;15;10;15;9;14;9;13;9;13;8;13;7;13;6;13;5;13;4;13;3;13;2;13;1;13;0;12;0;12;1;11;1
1;3;1;1;10;3;10;4;10;5;10;6;10;7;10;8;10;9;10;10;11;10;12;10;13;10;14;10;15;10;15;9;14;9;13;9;13;8;13;7;13;6;13;5;13;4;13;3;13;2;13;1;13;0;12;0;12;1;11;1;10;1
1;3;1;1;10;4;10;5;10;6;10;7;10;8;10;9;10;10;11;10;12;10;13;10;14;10;15;10;15;9;14;9;13;9;13;8;13;7;13;6;13;5;13;4;13;3;13;2;13;1;13;0;12;0;12;1;11;1;10;1;9;1
1;3;1;1;10;5;10;6;10;7;10;8;10;9;10;10;11;10;12;10;13;10;14;10;15;10;15;9;14;9;13;9;13;8;13;7;13;6;13;5;13;4;13;3;13;2;13;1;13;0;12;0;12;1;11;1;10;1;9;1;8;1
1;3;1;1;10;6;10;7;10;8;10;9;10;10;11;10;12;10;13;10;14;10;15;10;15;9;14;9;13;9;13;8;13;7;13;6;13;5;13;4;13;3;13;2;13;1;13;0;12;0;12;1;11;1;10;1;9;1;8;1;7;1
1;3;1;1;10;7;10;8;10;9;10;10;11;10;12;10;13;10;14;10;15;10;15;9;14;9;13;9;13;8;13;7;13;6;13;5;13;4;13;3;13;2;13;1;13;0;12;0;12;1;11;1;10;1;9;1;8;1;7;1;6;1
1;3;1;1;10;8;10;9;10;10;11;10;12;10;13;10;14;10;15;10;15;9;14;9;13;9;13;8;13;7;13;6;13;5;13;4;13;3;13;2;13;1;13;0;12;0;12;1;11;1;10;1;9;1;8;1;7;1;6;1;5;1
1;3;1;1;10;9;10;10;11;10;12;10;13;10;14;10;15;10;15;9;14;9;13;9;13;8;13;7;13;6;13;5;13;4;13;3;13;2;13;1;13;0;12;0;12;1;11;1;10;1;9;1;8;1;7;1;6;1;5;1;4;1
1;3;1;1;10;10;11;10;12;10;13;10;14;10;15;10;15;9;14;9;13;9;13;8;13;7;13;6;13;5;13;4;13;3;13;2;13;1;13;0;12;0;12;1;11;1;10;1;9;1;8;1;7;1;6;1;5;1;4;1;3;1
1;3;1;1;11;10;12;10;13;10;14;10;15;10;15;9;14;9;13;9;13;8;13;7;13;6;13;5;13;4;13;3;13;2;13;1;13;0;12;0;12;1;11;1;10;1;9;1;8;1;7;1;6;1;5;1;4;1;3;1;2;1
1;3;0;7;12;10;12;10;13;10;14;10;15;10;15;9;14;9;13;9;13;8;13;7;13;6;13;5;13;4;13;3;13;2;13;1;13;0;12;0;12;1;11;1;10;1;9;1;8;1;7;1;6;1;5;1;4;1;3;1;2;1;1;1
1;3;0;7;12;10;13;10;14;10;15;10;15;9;14;9;13;9;13;8;13;7;13;6;13;5;13;4;13;3;13;2;13;1;13;0;12;0;12;1;11;1;10;1;9;1;8;1;7;1;6;1;5;1;4;1;3;1;2;1;1;1;0;1
1;2;0;7;13;10;14;10;15;10;15;9;14;9;13;9;13;8;13;7;13;6;13;5;13;4;13;3;13;2;13;1;13;0;12;0;12;1;11;1;10;1;9;1;8;1;7;1;6;1;5;1;4;1;3;1;2;1;1;1;0;1;0;2
1;2;0;7;14;10;15;10;15;9;14;9;13;9;13;8;13;7;13;6;13;5;13;4;13;3;13;2;13;1;13;0;12;0;12;1;11;1;10;1;9;1;8;1;7;1;6;1;5;1;4;1;3;1;2;1;1;1;0;1;0;2;0;3
1;2;0;7;15;10;15;9;14;9;13;9;13;8;13;7;13;6;13;5;13;4;13;3;13;2;13;1;13;0;12;0;12;1;11;1;10;1;9;1;8;1;7;1;6;1;5;1;4;1;3;1;2;1;1;1;0;1;0;2;0;3;0;4
1;2;0;7;15;9;14;9;13;9;13;8;13;7;13;6;13;5;13;4;13;3;13;2;13;1;13;0;12;0;12;1;11;1;10;1;9;1;8;1;7;1;6;1;5;1;4;1;3;1;2;1;1;1;0;1;0;2;0;3;0;4;0;5
1;2;0;7;14;9;13;9;13;8;13;7;13;6;13;5;13;4;13;3;13;2;13;1;13;0;12;0;12;1;11;1;10;1;9;1;8;1;7;1;6;1;5;1;4;1;3;1;2;1;1;1;0;1;0;2;0;3;0;4;0;5;0;6
1;2;10;13;13;9;13;9;13;8;13;7;13;6;13;5;13;4;13;3;13;2;13;1;13;0;12;0;12;1;11;1;10;1;9;1;8;1;7;1;6;1;5;1;4;1;3;1;2;1;1;1;0;1;0;2;0;3;0;4;0;5;0;6;0;7
1;2;10;13;13;9;13;8;13;7;13;6;13;5;13;4;13;3;13;2;13;1;13;0;12;0;12;1;11;1;10;1;9;1;8;1;7;1;6;1;5;1;4;1;3;1;2;1;1;1;0;1;0;2;0;3;0;4;0;5;0;6;0;7;0;8
1;2;10;13;13;8;13;7;13;6;13;5;13;4;13;3;13;2;13;1;13;0;12;0;12;1;11;1;10;1;9;1;8;1;7;1;6;1;5;1;4;1;3;1;2;1;1;1;0;1;0;2;0;3;0;4;0;5;0;6;0;7;0;8;0;9
1;2;10;13;13;7;13;6;13;5;13;4;13;3;13;2;13;1;13;0;12;0;12;1;11;1;10;1;9;1;8;1;7;1;6;1;5;1;4;1;3;1;2;1;1;1;0;1;0;2;0;3;0;4;0;5;0;6;0;7;0;8;0;9;0;10
1;2;10;13;13;6;13;5;13;4;13;3;13;2;13;1;13;0;12;0;12;1;11;1;10;1;9;1;8;1;7;1;6;1;5;1;4;1;3;1;2;1;1;1;0;1;0;2;0;3;0;4;0;5;0;6;0;7;0;8;0;9;0;10;0;11
1;2;10;13;13;5;13;4;13;3;13;2;13;1;13;0;12;0;12;1;11;1;10;1;9;1;8;1;7;1;6;1;5;1;4;1;3;1;2;1;1;1;0;1;0;2;0;3;0;4;0;5;0;6;0;7;0;8;0;9;0;10;0;11;0;12
1;2;10;13;13;4;13;3;13;2;13;1;13;0;12;0;12;1;11;1;10;1;9;1;8;1;7;1;6;1;5;1;4;1;3;1;2;1;1;1;0;1;0;2;0;3;0;4;0;5;0;6;0;7;0;8;0;9;0;10;0;11;0;12;0;13
1;1;10;13;13;3;13;2;13;1;13;0;12;0;12;1;11;1;10;1;9;1;8;1;7;1;6;1;5;1;4;1;3;1;2;1;1;1;0;1;0;2;0;3;0;4;0;5;0;6;0;7;0;8;0;9;0;10;0;11;0;12;0;13;1;13
1;1;10;13;13;2;13;1;13;0;12;0;12;1;11;1;10;1;9;1;8;1;7;1;6;1;5;1;4;1;3;1;2;1;1;1;0;1;0;2;0;3;0;4;0;5;0;6;0;7;0;8;0;9;0;10;0;11;0;12;0;13;1;13;2;13
1;1;10;13;13;1;13;0;12;0;12;1;11;1;10;1;9;1;8;1;7;1;6;1;5;1;4;1;3;1;2;1;1;1;0;1;0;2;0;3;0;4;0;5;0;6;0;7;0;8;0;9;0;10;0;11;0;12;0;13;1;13;2;13;3;13
1;1;10;13;13;0;12;0;12;1;11;1;10;1;9;1;8;1;7;1;6;1;5;1;4;1;3;1;2;1;1;1;0;1;0;2;0;3;0;4;0;5;0;6;0;7;0;8;0;9;0;10;0;11;0;12;0;13;1;13;2;13;3;13;4;13
1;1;10;13;12;0;12;1;11;1;10;1;9;1;8;1;7;1;6;1;5;1;4;1;3;1;2;1;1;1;0;1;0;2;0;3;0;4;0;5;0;6;0;7;0;8;0;9;0;10;0;11;0;12;0;13;1;13;2;13;3;13;4;13;5;13
1;1;10;13;12;1;11;1;10;1;9;1;8;1;7;1;6;1;5;1;4;1;3;1;2;1;1;1;0;1;0;2;0;3;0;4;0;5;0;6;0;7;0;8;0;9;0;10;0;11;0;12;0;13;1;13;2;13;3;13;4;13;5;13;6;13
1;1;10;13;11;1;10;1;9;1;8;1;7;1;6;1;5;1;4;1;3;1;2;1;1;1;0;1;0;2;0;3;0;4;0;5;0;6;0;7;0;8;0;9;0;10;0;11;0;12;0;13;1;13;2;13;3;13;4;13;5;13;6;13;7;13
1;1;10;13;10;1;9;1;8;1;7;1;6;1;5;1;4;1;3;1;2;1;1;1;0;1;0;2;0;3;0;4;0;5;0;6;0;7;0;8;0;9;0;10;0;11;0;12;0;13;1;13;2;13;3;13;4;13;5;13;6;13;7;13;8;13
1;1;10;13;9;1;8;1;7;1;6;1;5;1;4;1;3;1;2;1;1;1;0;1;0;2;0;3;0;4;0;5;0;6;0;7;0;8;0;9;0;10;0;11;0;12;0;13;1;13;2;13;3;13;4;13;5;13;6;13;7;13;8;13;9;13
1;1;17;5;8;1;8;1;7;1;6;1;5;1;4;1;3;1;2;1;1;1;0;1;0;2;0;3;0;4;0;5;0;6;0;7;0;8;0;9;0;10;0;11;0;12;0;13;1;13;2;13;3;13;4;13;5;13;6;13;7;13;8;13;9;13;10;13
1;1;17;5;8;1;7;1;6;1;5;1;4;1;3;1;2;1;1;1;0;1;0;2;0;3;0;4;0;5;0;6;0;7;0;8;0;9;0;10;0;11;0;12;0;13;1;13;2;13;3;13;4;13;5;13;6;13;7;13;8;13;9;13;10;13;11;13
1;1;17;5;7;1;6;1;5;1;4;1;3;1;2;1;1;1;0;1;0;2;0;3;0;4;0;5;0;6;0;7;0;8;0;9;0;10;0;11;0;12;0;13;1;13;2;13;3;13;4;13;5;13;6;13;7;13;8;13;9;13;10;13;11;13;12;13
1;1;17;5;6;1;5;1;4;1;3;1;2;1;1;1;0;1;0;2;0;3;0;4;0;5;0;6;0;7;0;8;0;9;0;10;0;11;0;12;0;13;1;13;2;13;3;13;4;13;5;13;6;13;7;13;8;13;9;13;10;13;11;13;12;13;13;13
1;1;17;5;5;1;4;1;3;1;2;1;1;1;0;1;0;2;0;3;0;4;0;5;0;6;0;7;0;8;0;9;0;10;0;11;0;12;0;13;1;13;2;13;3;13;4;13;5;13;6;13;7;13;8;13;9;13;10;13;11;13;12;13;13;13;14;13
1;1;17;5;4;1;3;1;2;1;1;1;0;1;0;2;0;3;0;4;0;5;0;6;0;7;0;8;0;9;0;10;0;11;0;12;0;13;1;13;2;13;3;13;4;13;5;13;6;13;7;13;8;13;9;13;10;13;11;13;12;13;13;13;14;13;15;13
1;1;17;5;3;1;2;1;1;1;0;1;0;2;0;3;0;4;0;5;0;6;0;7;0;8;0;9;0;10;0;11;0;12;0;13;1;13;2;13;3;13;4;13;5;13;6;13;7;13;8;13;9;13;10;13;11;13;12;13;13;13;14;13;15;13;16;13
1;1;17;5;2;1;1;1;0;1;0;2;0;3;0;4;0;5;0;6;0;7;0;8;0;9;0;10;0;11;0;12;0;13;1;13;2;13;3;13;4;13;5;13;6;13;7;13;8;13;9;13;10;13;11;13;12;13;13;13;14;13;15;13;16;13;17;13
1;0;17;5;1;1;0;1;0;2;0;3;0;4;0;5;0;6;0;7;0;8;0;9;0;10;0;11;0;12;0;13;1;13;2;13;3;13;4;13;5;13;6;13;7;13;8;13;9;13;10;13;11;13;12;13;13;13;14;13;15;13;16;13;17;13;17;12
1;0;17;5;0;1;0;2;0;3;0;4;0;5;0;6;0;7;0;8;0;9;0;10;0;11;0;12;0;13;1;13;2;13;3;13;4;13;5;13;6;13;7;13;8;13;9;13;10;13;11;13;12;13;13;13;14;13;15;13;16;13;17;13;17;12;17;11
1;0;17;5;0;2;0;3;0;4;0;5;0;6;0;7;0;8;0;9;0;10;0;11;0;12;0;13;1;13;2;13;3;13;4;13;5;13;6;13;7;13;8;13;9;13;10;13;11;13;12;13;13;13;14;13;15;13;16;13;17;13;17;12;17;11;17;10
1;0;17;5;0;3;0;4;0;5;0;6;0;7;0;8;0;9;0;10;0;11;0;12;0;13;1;13;2;13;3;13;4;13;5;13;6;13;7;13;8;13;9;13;10;13;11;13;12;13;13;13;14;13;15;13;16;13;17;13;17;12;17;11;17;10;17;9
1;0;17;5;0;4;0;5;0;6;0;7;0;8;0;9;0;10;0;11;0;12;0;13;1;13;2;13;3;13;4;13;5;13;6;13;7;13;8;13;9;13;10;13;11;13;12;13;13;13;14;13;15;13;16;13;17;13;17;12;17;11;17;10;17;9;17;8
1;0;17;5;0;5;0;6;0;7;0;8;0;9;0;10;0;11;0;12;0;13;1;13;2;13;3;13;4;13;5;13;6;13;7;13;8;13;9;13;10;13;11;13;12;13;13;13;14;13;15;13;16;13;17;13;17;12;17;11;17;10;17;9;17;8;17;7
1;0;17;5;0;6;0;7;0;8;0;9;0;10;0;11;0;12;0;13;1;13;2;13;3;13;4;13;5;13;6;13;7;13;8;13;9;13;10;13;11;13;12;13;13;13;14;13;15;13;16;13;17;13;17;12;17;11;17;10;17;9;17;8;17;7;17;6
1;0;9;19;0;7;0;7;0;8;0;9;0;10;0;11;0;12;0;13;1;13;2;13;3;13;4;13;5;13;6;13;7;13;8;13;9;13;10;13;11;13;12;13;13;13;14;13;15;13;16;13;17;13;17;12;17;11;17;10;17;9;17;8;17;7;17;6;17;5
1;3;9;19;0;7;0;8;0;9;0;10;0;11;0;12;0;13;1;13;2;13;3;13;4;13;5;13;6;13;7;13;8;13;9;13;10;13;11;13;12;13;13;13;14;13;15;13;16;13;17;13;17;12;17;11;17;10;17;9;17;8;17;7;17;6;17;5;16;5
1;3;9;19;0;8;0;9;0;10;0;11;0;12;0;13;1;13;2;13;3;13;4;13;5;13;6;13;7;13;8;13;9;13;10;13;11;13;12;13;13;13;14;13;15;13;16;13;17;13;17;12;17;11;17;10;17;9;17;8;17;7;17;6;17;5;16;5;15;5
1;3;9;19;0;9;0;10;0;11;0;12;0;13;1;13;2;13;3;13;4;13;5;13;6;13;7;13;8;13;9;13;10;13;11;13;12;13;13;13;14;13;15;13;16;13;17;13;17;12;17;11;17;10;17;9;17;8;17;7;17;6;17;5;16;5;15;5;14;5
1;3;9;19;0;10;0;11;0;12;0;13;1;13;2;13;3;13;4;13;5;13;6;13;7;13;8;13;9;13;10;13;11;13;12;13;13;13;14;13;15;13;16;13;17;13;17;12;17;11;17;10;17;9;17;8;17;7;17;6;17;5;16;5;15;5;14;5;13;5
1;3;9;19;0;11;0;12;0;13;1;13;2;13;3;13;4;13;5;13;6;13;7;13;8;13;9;13;10;13;11;13;12;13;13;13;14;13;15;13;16;13;17;13;17;12;17;11;17;10;17;9;17;8;17;7;17;6;17;5;16;5;15;5;14;5;13;5;12;5
1;3;9;19;0;12;0;13;1;13;2;13;3;13;4;13;5;13;6;13;7;13;8;13;9;13;10;13;11;13;12;13;13;13;14;13;15;13;16;13;17;13;17;12;17;11;17;10;17;9;17;8;17;7;17;6;17;5;16;5;15;5;14;5;13;5;12;5;11;5
1;3;9;19;0;13;1;13;2;13;3;13;4;13;5;13;6;13;7;13;8;13;9;13;10;13;11;13;12;13;13;13;14;13;15;13;16;13;17;13;17;12;17;11;17;10;17;9;17;8;17;7;17;6;17;5;16;5;15;5;14;5;13;5;12;5;11;5;10;5
1;3;9;19;1;13;2;13;3;13;4;13;5;13;6;13;7;13;8;13;9;13;10;13;11;13;12;13;13;13;14;13;15;13;16;13;17;13;17;12;17;11;17;10;17;9;17;8;17;7;17;6;17;5;16;5;15;5;14;5;13;5;12;5;11;5;10;5;9;5
1;2;9;19;2;13;3;13;4;13;5;13;6;13;7;13;8;13;9;13;10;13;11;13;12;13;13;13;14;13;15;13;16;13;17;13;17;12;17;11;17;10;17;9;17;8;17;7;17;6;17;5;16;5;15;5;14;5;13;5;12;5;11;5;10;5;9;5;9;6
1;2;9;19;3;13;4;13;5;13;6;13;7;13;8;13;9;13;10;13;11;13;12;13;13;13;14;13;15;13;16;13;17;13;17;12;17;11;17;10;17;9;17;8;17;7;17;6;17;5;16;5;15;5;14;5;13;5;12;5;11;5;10;5;9;5;9;6;9;7
1;2;9;19;4;13;5;13;6;13;7;13;8;13;9;13;10;13;11;13;12;13;13;13;14;13;15;13;16;13;17;13;17;12;17;11;17;10;17;9;17;8;17;7;17;6;17;5;16;5;15;5;14;5;13;5;12;5;11;5;10;5;9;5;9;6;9;7;9;8
1;2;9;19;5;13;6;13;7;13;8;13;9;13;10;13;11;13;12;13;13;13;14;13;15;13;16;13;17;13;17;12;17;11;17;10;17;9;17;8;17;7;17;6;17;5;16;5;15;5;14;5;13;5;12;5;11;5;10;5;9;5;9;6;9;7;9;8;9;9
1;2;9;19;6;13;7;13;8;13;9;13;10;13;11;13;12;13;13;13;14;13;15;13;16;13;17;13;17;12;17;11;17;10;17;9;17;8;17;7;17;6;17;5;16;5;15;5;14;5;13;5;12;5;11;5;10;5;9;5;9;6;9;7;9;8;9;9;9;10
1;2;9;19;7;13;8;13;9;13;10;13;11;13;12;13;13;13;14;13;15;13;16;13;17;13;17;12;17;11;17;10;17;9;17;8;17;7;17;6;17;5;16;5;15;5;14;5;13;5;12;5;11;5;10;5;9;5;9;6;9;7;9;8;9;9;9;10;9;11
1;2;9;19;8;13;9;13;10;13;11;13;12;13;13;13;14;13;15;13;16;13;17;13;17;12;17;11;17;10;17;9;17;8;17;7;17;6;17;5;16;5;15;5;14;5;13;5;12;5;11;5;10;5;9;5;9;6;9;7;9;8;9;9;9;10;9;11;9;12
1;3;9;19;9;13;10;13;11;13;12;13;13;13;14;13;15;13;16;13;17;13;17;12;17;11;17;10;17;9;17;8;17;7;17;6;17;5;16;5;15;5;14;5;13;5;12;5;11;5;10;5;9;5;9;6;9;7;9;8;9;9;9;10;9;11;9;12;8;12
1;2;9;19;10;13;11;13;12;13;13;13;14;13;15;13;16;13;17;13;17;12;17;11;17;10;17;9;17;8;17;7;17;6;17;5;16;5;15;5;14;5;13;5;12;5;11;5;10;5;9;5;9;6;9;7;9;8;9;9;9;10;9;11;9;12;8;12;8;13
1;1;9;19;11;13;12;13;13;13;14;13;15;13;16;13;17;13;17;12;17;11;17;10;17;9;17;8;17;7;17;6;17;5;16;5;15;5;14;5;13;5;12;5;11;5;10;5;9;5;9;6;9;7;9;8;9;9;9;10;9;11;9;12;8;12;8;13;9;13
1;2;9;19;12;13;13;13;14;13;15;13;16;13;17;13;17;12;17;11;17;10;17;9;17;8;17;7;17;6;17;5;16;5;15;5;14;5;13;5;12;5;11;5;10;5;9;5;9;6;9;7;9;8;9;9;9;10;9;11;9;12;8;12;8;13;9;13;9;14
1;2;9;19;13;13;14;13;15;13;16;13;17;13;17;12;17;11;17;10;17;9;17;8;17;7;17;6;17;5;16;5;15;5;14;5;13;5;12;5;11;5;10;5;9;5;9;6;9;7;9;8;9;9;9;10;9;11;9;12;8;12;8;13;9;13;9;14;9;15
1;2;9;19;14;13;15;13;16;13;17;13;17;12;17;11;17;10;17;9;17;8;17;7;17;6;17;5;16;5;15;5;14;5;13;5;12;5;11;5;10;5;9;5;9;6;9;7;9;8;9;9;9;10;9;11;9;12;8;12;8;13;9;13;9;14;9;15;9;16
1;2;9;19;15;13;16;13;17;13;17;12;17;11;17;10;17;9;17;8;17;7;17;6;17;5;16;5;15;5;14;5;13;5;12;5;11;5;10;5;9;5;9;6;9;7;9;8;9;9;9;10;9;11;9;12;8;12;8;13;9;13;9;14;9;15;9;16;9;17
1;2;9;19;16;13;17;13;17;12;17;11;17;10;17;9;17;8;17;7;17;6;17;5;16;5;15;5;14;5;13;5;12;5;11;5;10;5;9;5;9;6;9;7;9;8;9;9;9;10;9;11;9;12;8;12;8;13;9;13;9;14;9;15;9;16;9;17;9;18
1;2;6;5;17;13;17;13;17;12;17;11;17;10;17;9;17;8;17;7;17;6;17;5;16;5;15;5;14;5;13;5;12;5;11;5;10;5;9;5;9;6;9;7;9;8;9;9;9;10;9;11;9;12;8;12;8;13;9;13;9;14;9;15;9;16;9;17;9;18;9;19
1;3;6;5;17;13;17;12;17;11;17;10;17;9;17;8;17;7;17;6;17;5;16;5;15;5;14;5;13;5;12;5;11;5;10;5;9;5;9;6;9;7;9;8;9;9;9;10;9;11;9;12;8;12;8;13;9;13;9;14;9;15;9;16;9;17;9;18;9;19;8;19
1;3;6;5;17;12;17;11;17;10;17;9;17;8;17;7;17;6;17;5;16;5;15;5;14;5;13;5;12;5;11;5;10;5;9;5;9;6;9;7;9;8;9;9;9;10;9;11;9;12;8;12;8;13;9;13;9;14;9;15;9;16;9;17;9;18;9;19;8;19;7;19
1;0;6;5;17;11;17;10;17;9;17;8;17;7;17;6;17;5;16;5;15;5;14;5;13;5;12;5;11;5;10;5;9;5;9;6;9;7;9;8;9;9;9;10;9;11;9;12;8;12;8;13;9;13;9;14;9;15;9;16;9;17;9;18;9;19;8;19;7;19;7;18
1;0;6;5;17;10;17;9;17;8;17;7;17;6;17;5;16;5;15;5;14;5;13;5;12;5;11;5;10;5;9;5;9;6;9;7;9;8;9;9;9;10;9;11;9;12;8;12;8;13;9;13;9;14;9;15;9;16;9;17;9;18;9;19;8;19;7;19;7;18;7;17
1;0;6;5;17;9;17;8;17;7;17;6;17;5;16;5;15;5;14;5;13;5;12;5;11;5;10;5;9;5;9;6;9;7;9;8;9;9;9;10;9;11;9;12;8;12;8;13;9;13;9;14;9;15;9;16;9;17;9;18;9;19;8;19;7;19;7;18;7;17;7;16
1;0;6;5;17;8;17;7;17;6;17;5;16;5;15;5;14;5;13;5;12;5;11;5;10;5;9;5;9;6;9;7;9;8;9;9;9;10;9;11;9;12;8;12;8;13;9;13;9;14;9;15;9;16;9;17;9;18;9;19;8;19;7;19;7;18;7;17;7;16;7;15
1;0;6;5;17;7;17;6;17;5;16;5;15;5;14;5;13;5;12;5;11;5;10;5;9;5;9;6;9;7;9;8;9;9;9;10;9;11;9;12;8;12;8;13;9;13;9;14;9;15;9;16;9;17;9;18;9;19;8;19;7;19;7;18;7;17;7;16;7;15;7;14
1;0;6;5;17;6;17;5;16;5;15;5;14;5;13;5;12;5;11;5;10;5;9;5;9;6;9;7;9;8;9;9;9;10;9;11;9;12;8;12;8;13;9;13;9;14;9;15;9;16;9;17;9;18;9;19;8;19;7;19;7;18;7;17;7;16;7;15;7;14;7;13
1;0;6;5;17;5;16;5;15;5;14;5;13;5;12;5;11;5;10;5;9;5;9;6;9;7;9;8;9;9;9;10;9;11;9;12;8;12;8;13;9;13;9;14;9;15;9;16;9;17;9;18;9;19;8;19;7;19;7;18;7;17;7;16;7;15;7;14;7;13;7;12
1;0;6;5;16;5;15;5;14;5;13;5;12;5;11;5;10;5;9;5;9;6;9;7;9;8;9;9;9;10;9;11;9;12;8;12;8;13;9;13;9;14;9;15;9;16;9;17;9;18;9;19;8;19;7;19;7;18;7;17;7;16;7;15;7;14;7;13;7;12;7;11
1;3;6;5;15;5;14;5;13;5;12;5;11;5;10;5;9;5;9;6;9;7;9;8;9;9;9;10;9;11;9;12;8;12;8;13;9;13;9;14;9;15;9;16;9;17;9;18;9;19;8;19;7;19;7;18;7;17;7;16;7;15;7;14;7;13;7;12;7;11;6;11
1;0;6;5;14;5;13;5;12;5;11;5;10;5;9;5;9;6;9;7;9;8;9;9;9;10;9;11;9;12;8;12;8;13;9;13;9;14;9;15;9;16;9;17;9;18;9;19;8;19;7;19;7;18;7;17;7;16;7;15;7;14;7;13;7;12;7;11;6;11;6;10
1;0;6;5;13;5;12;5;11;5;10;5;9;5;9;6;9;7;9;8;9;9;9;10;9;11;9;12;8;12;8;13;9;13;9;14;9;15;9;16;9;17;9;18;9;19;8;19;7;19;7;18;7;17;7;16;7;15;7;14;7;13;7;12;7;11;6;11;6;10;6;9
1;0;6;5;12;5;11;5;10;5;9;5;9;6;9;7;9;8;9;9;9;10;9;11;9;12;8;12;8;13;9;13;9;14;9;15;9;16;9;17;9;18;9;19;8;19;7;19;7;18;7;17;7;16;7;15;7;14;7;13;7;12;7;11;6;11;6;10;6;9;6;8
1;0;6;5;11;5;10;5;9;5;9;6;9;7;9;8;9;9;9;10;9;11;9;12;8;12;8;13;9;13;9;14;9;15;9;16;9;17;9;18;9;19;8;19;7;19;7;18;7;17;7;16;7;15;7;14;7;13;7;12;7;11;6;11;6;10;6;9;6;8;6;7
1;0;6;5;10;5;9;5;9;6;9;7;9;8;9;9;9;10;9;11;9;12;8;12;8;13;9;13;9;14;9;15;9;16;9;17;9;18;9;19;8;19;7;19;7;18;7;17;7;16;7;15;7;14;7;13;7;12;7;11;6;11;6;10;6;9;6;8;6;7;6;6
1;0;12;1;9;5;9;5;9;6;9;7;9;8;9;9;9;10;9;11;9;12;8;12;8;13;9;13;9;14;9;15;9;16;9;17;9;18;9;19;8;19;7;19;7;18;7;17;7;16;7;15;7;14;7;13;7;12;7;11;6;11;6;10;6;9;6;8;6;7;6;6;6;5
1;1;12;1;9;5;9;6;9;7;9;8;9;9;9;10;9;11;9;12;8;12;8;13;9;13;9;14;9;15;9;16;9;17;9;18;9;19;8;19;7;19;7;18;7;17;7;16;7;15;7;14;7;13;7;12;7;11;6;11;6;10;6;9;6;8;6;7;6;6;6;5;7;5
1;1;12;1;9;6;9;7;9;8;9;9;9;10;9;11;9;12;8;12;8;13;9;13;9;14;9;15;9;16;9;17;9;18;9;19;8;19;7;19;7;18;7;17;7;16;7;15;7;14;7;13;7;12;7;11;6;11;6;10;6;9;6;8;6;7;6;6;6;5;7;5;8;5
1;1;12;1;9;7;9;8;9;9;9;10;9;11;9;12;8;12;8;13;9;13;9;14;9;15;9;16;9;17;9;18;9;19;8;19;7;19;7;18;7;17;7;16;7;15;7;14;7;13;7;12;7;11;6;11;6;10;6;9;6;8;6;7;6;6;6;5;7;5;8;5;9;5
1;1;12;1;9;8;9;9;9;10;9;11;9;12;8;12;8;13;9;13;9;14;9;15;9;16;9;17;9;18;9;19;8;19;7;19;7;18;7;17;7;16;7;15;7;14;7;13;7;12;7;11;6;11;6;10;6;9;6;8;6;7;6;6;6;5;7;5;8;5;9;5;10;5
1;1;12;1;9;9;9;10;9;11;9;12;8;12;8;13;9;13;9;14;9;15;9;16;9;17;9;18;9;19;8;19;7;19;7;18;7;17;7;16;7;15;7;14;7;13;7;12;7;11;6;11;6;10;6;9;6;8;6;7;6;6;6;5;7;5;8;5;9;5;10;5;11;5
1;1;12;1;9;10;9;11;9;12;8;12;8;13;9;13;9;14;9;15;9;16;9;17;9;18;9;19;8;19;7;19;7;18;7;17;7;16;7;15;7;14;7;13;7;12;7;11;6;11;6;10;6;9;6;8;6;7;6;6;6;5;7;5;8;5;9;5;10;5;11;5;12;5
1;0;12;1;9;11;9;12;8;12;8;13;9;13;9;14;9;15;9;16;9;17;9;18;9;19;8;19;7;19;7;18;7;17;7;16;7;15;7;14;7;13;7;12;7;11;6;11;6;10;6;9;6;8;6;7;6;6;6;5;7;5;8;5;9;5;10;5;11;5;12;5;12;4
1;0;12;1;9;12;8;12;8;13;9;13;9;14;9;15;9;16;9;17;9;18;9;19;8;19;7;19;7;18;7;17;7;16;7;15;7;14;7;13;7;12;7;11;6;11;6;10;6;9;6;8;6;7;6;6;6;5;7;5;8;5;9;5;10;5;11;5;12;5;12;4;12;3
1;0;12;1;8;12;8;13;9;13;9;14;9;15;9;16;9;17;9;18;9;19;8;19;7;19;7;18;7;17;7;16;7;15;7;14;7;13;7;12;7;11;6;11;6;10;6;9;6;8;6;7;6;6;6;5;7;5;8;5;9;5;10;5;11;5;12;5;12;4;12;3;12;2
1;0;14;12;8;13;8;13;9;13;9;14;9;15;9;16;9;17;9;18;9;19;8;19;7;19;7;18;7;17;7;16;7;15;7;14;7;13;7;12;7;11;6;11;6;10;6;9;6;8;6;7;6;6;6;5;7;5;8;5;9;5;10;5;11;5;12;5;12;4;12;3;12;2;12;1
1;1;14;12;8;13;9;13;9;14;9;15;9;16;9;17;9;18;9;19;8;19;7;19;7;18;7;17;7;16;7;15;7;14;7;13;7;12;7;11;6;11;6;10;6;9;6;8;6;7;6;6;6;5;7;5;8;5;9;5;10;5;11;5;12;5;12;4;12;3;12;2;12;1;13;1
1;2;14;12;9;13;9;14;9;15;9;16;9;17;9;18;9;19;8;19;7;19;7;18;7;17;7;16;7;15;7;14;7;13;7;12;7;11;6;11;6;10;6;9;6;8;6;7;6;6;6;5;7;5;8;5;9;5;10;5;11;5;12;5;12;4;12;3;12;2;12;1;13;1;13;2
1;2;14;12;9;14;9;15;9;16;9;17;9;18;9;19;8;19;7;19;7;18;7;17;7;16;7;15;7;14;7;13;7;12;7;11;6;11;6;10;6;9;6;8;6;7;6;6;6;5;7;5;8;5;9;5;10;5;11;5;12;5;12;4;12;3;12;2;12;1;13;1;13;2;13;3
1;2;14;12;9;15;9;16;9;17;9;18;9;19;8;19;7;19;7;18;7;17;7;16;7;15;7;14;7;13;7;12;7;11;6;11;6;10;6;9;6;8;6;7;6;6;6;5;7;5;8;5;9;5;10;5;11;5;12;5;12;4;12;3;12;2;12;1;13;1;13;2;13;3;13;4
1;2;14;12;9;16;9;17;9;18;9;19;8;19;7;19;7;18;7;17;7;16;7;15;7;14;7;13;7;12;7;11;6;11;6;10;6;9;6;8;6;7;6;6;6;5;7;5;8;5;9;5;10;5;11;5;12;5;12;4;12;3;12;2;12;1;13;1;13;2;13;3;13;4;13;5
1;2;14;12;9;17;9;18;9;19;8;19;7;19;7;18;7;17;7;16;7;15;7;14;7;13;7;12;7;11;6;11;6;10;6;9;6;8;6;7;6;6;6;5;7;5;8;5;9;5;10;5;11;5;12;5;12;4;12;3;12;2;12;1;13;1;13;2;13;3;13;4;13;5;13;6
1;1;14;12;9;18;9;19;8;19;7;19;7;18;7;17;7;16;7;15;7;14;7;13;7;12;7;11;6;11;6;10;6;9;6;8;6;7;6;6;6;5;7;5;8;5;9;5;10;5;11;5;12;5;12;4;12;3;12;2;12;1;13;1;13;2;13;3;13;4;13;5;13;6;14;6
1;2;14;12;9;19;8;19;7;19;7;18;7;17;7;16;7;15;7;14;7;13;7;12;7;11;6;11;6;10;6;9;6;8;6;7;6;6;6;5;7;5;8;5;9;5;10;5;11;5;12;5;12;4;12;3;12;2;12;1;13;1;13;2;13;3;13;4;13;5;13;6;14;6;14;7
1;2;14;12;8;19;7;19;7;18;7;17;7;16;7;15;7;14;7;13;7;12;7;11;6;11;6;10;6;9;6;8;6;7;6;6;6;5;7;5;8;5;9;5;10;5;11;5;12;5;12;4;12;3;12;2;12;1;13;1;13;2;13;3;13;4;13;5;13;6;14;6;14;7;14;8
1;2;14;12;7;19;7;18;7;17;7;16;7;15;7;14;7;13;7;12;7;11;6;11;6;10;6;9;6;8;6;7;6;6;6;5;7;5;8;5;9;5;10;5;11;5;12;5;12;4;12;3;12;2;12;1;13;1;13;2;13;3;13;4;13;5;13;6;14;6;14;7;14;8;14;9
1;2;14;12;7;18;7;17;7;16;7;15;7;14;7;13;7;12;7;11;6;11;6;10;6;9;6;8;6;7;6;6;6;5;7;5;8;5;9;5;10;5;11;5;12;5;12;4;12;3;12;2;12;1;13;1;13;2;13;3;13;4;13;5;13;6;14;6;14;7;14;8;14;9;14;10
1;2;14;12;7;17;7;16;7;15;7;14;7;13;7;12;7;11;6;11;6;10;6;9;6;8;6;7;6;6;6;5;7;5;8;5;9;5;10;5;11;5;12;5;12;4;12;3;12;2;12;1;13;1;13;2;13;3;13;4;13;5;13;6;14;6;14;7;14;8;14;9;14;10;14;11
1;2;19;14;7;16;7;16;7;15;7;14;7;13;7;12;7;11;6;11;6;10;6;9;6;8;6;7;6;6;6;5;7;5;8;5;9;5;10;5;11;5;12;5;12;4;12;3;12;2;12;1;13;1;13;2;13;3;13;4;13;5;13;6;14;6;14;7;14;8;14;9;14;10;14;11;14;12
1;2;19;14;7;16;7;15;7;14;7;13;7;12;7;11;6;11;6;10;6;9;6;8;6;7;6;6;6;5;7;5;8;5;9;5;10;5;11;5;12;5;12;4;12;3;12;2;12;1;13;1;13;2;13;3;13;4;13;5;13;6;14;6;14;7;14;8;14;9;14;10;14;11;14;12;14;13
1;2;19;14;7;15;7;14;7;13;7;12;7;11;6;11;6;10;6;9;6;8;6;7;6;6;6;5;7;5;8;5;9;5;10;5;11;5;12;5;12;4;12;3;12;2;12;1;13;1;13;2;13;3;13;4;13;5;13;6;14;6;14;7;14;8;14;9;14;10;14;11;14;12;14;13;14;14
1;1;19;14;7;14;7;13;7;12;7;11;6;11;6;10;6;9;6;8;6;7;6;6;6;5;7;5;8;5;9;5;10;5;11;5;12;5;12;4;12;3;12;2;12;1;13;1;13;2;13;3;13;4;13;5;13;6;14;6;14;7;14;8;14;9;14;10;14;11;14;12;14;13;14;14;15;14
1;1;19;14;7;13;7;12;7;11;6;11;6;10;6;9;6;8;6;7;6;6;6;5;7;5;8;5;9;5;10;5;11;5;12;5;12;4;12;3;12;2;12;1;13;1;13;2;13;3;13;4;13;5;13;6;14;6;14;7;14;8;14;9;14;10;14;11;14;12;14;13;14;14;15;14;16;14
1;1;19;14;7;12;7;11;6;11;6;10;6;9;6;8;6;7;6;6;6;5;7;5;8;5;9;5;10;5;11;5;12;5;12;4;12;3;12;2;12;1;13;1;13;2;13;3;13;4;13;5;13;6;14;6;14;7;14;8;14;9;14;10;14;11;14;12;14;13;14;14;15;14;16;14;17;14
1;1;19;14;7;11;6;11;6;10;6;9;6;8;6;7;6;6;6;5;7;5;8;5;9;5;10;5;11;5;12;5;12;4;12;3;12;2;12;1;13;1;13;2;13;3;13;4;13;5;13;6;14;6;14;7;14;8;14;9;14;10;14;11;14;12;14;13;14;14;15;14;16;14;17;14;18;14
1;1;9;13;6;11;6;11;6;10;6;9;6;8;6;7;6;6;6;5;7;5;8;5;9;5;10;5;11;5;12;5;12;4;12;3;12;2;12;1;13;1;13;2;13;3;13;4;13;5;13;6;14;6;14;7;14;8;14;9;14;10;14;11;14;12;14;13;14;14;15;14;16;14;17;14;18;14;19;14
1;0;9;13;6;11;6;10;6;9;6;8;6;7;6;6;6;5;7;5;8;5;9;5;10;5;11;5;12;5;12;4;12;3;12;2;12;1;13;1;13;2;13;3;13;4;13;5;13;6;14;6;14;7;14;8;14;9;14;10;14;11;14;12;14;13;14;14;15;14;16;14;17;14;18;14;19;14;19;13
1;0;9;13;6;10;6;9;6;8;6;7;6;6;6;5;7;5;8;5;9;5;10;5;11;5;12;5;12;4;12;3;12;2;12;1;13;1;13;2;13;3;13;4;13;5;13;6;14;6;14;7;14;8;14;9;14;10;14;11;14;12;14;13;14;14;15;14;16;14;17;14;18;14;19;14;19;13;19;12
1;0;9;13;6;9;6;8;6;7;6;6;6;5;7;5;8;5;9;5;10;5;11;5;12;5;12;4;12;3;12;2;12;1;13;1;13;2;13;3;13;4;13;5;13;6;14;6;14;7;14;8;14;9;14;10;14;11;14;12;14;13;14;14;15;14;16;14;17;14;18;14;19;14;19;13;19;12;19;11
1;0;9;13;6;8;6;7;6;6;6;5;7;5;8;5;9;5;10;5;11;5;12;5;12;4;12;3;12;2;12;1;13;1;13;2;13;3;13;4;13;5;13;6;14;6;14;7;14;8;14;9;14;10;14;11;14;12;14;13;14;14;15;14;16;14;17;14;18;14;19;14;19;13;19;12;19;11;19;10
1;0;9;13;6;7;6;6;6;5;7;5;8;5;9;5;10;5;11;5;12;5;12;4;12;3;12;2;12;1;13;1;13;2;13;3;13;4;13;5;13;6;14;6;14;7;14;8;14;9;14;10;14;11;14;12;14;13;14;14;15;14;16;14;17;14;18;14;19;14;19;13;19;12;19;11;19;10;19;9
1;3;9;13;6;6;6;5;7;5;8;5;9;5;10;5;11;5;12;5;12;4;12;3;12;2;12;1;13;1;13;2;13;3;13;4;13;5;13;6;14;6;14;7;14;8;14;9;14;10;14;11;14;12;14;13;14;14;15;14;16;14;17;14;18;14;19;14;19;13;19;12;19;11;19;10;19;9;18;9
1;2;9;13;6;5;7;5;8;5;9;5;10;5;11;5;12;5;12;4;12;3;12;2;12;1;13;1;13;2;13;3;13;4;13;5;13;6;14;6;14;7;14;8;14;9;14;10;14;11;14;12;14;13;14;14;15;14;16;14;17;14;18;14;19;14;19;13;19;12;19;11;19;10;19;9;18;9;18;10
1;2;9;13;7;5;8;5;9;5;10;5;11;5;12;5;12;4;12;3;12;2;12;1;13;1;13;2;13;3;13;4;13;5;13;6;14;6;14;7;14;8;14;9;14;10;14;11;14;12;14;13;14;14;15;14;16;14;17;14;18;14;19;14;19;13;19;12;19;11;19;10;19;9;18;9;18;10;18;11
1;2;9;13;8;5;9;5;10;5;11;5;12;5;12;4;12;3;12;2;12;1;13;1;13;2;13;3;13;4;13;5;13;6;14;6;14;7;14;8;14;9;14;10;14;11;14;12;14;13;14;14;15;14;16;14;17;14;18;14;19;14;19;13;19;12;19;11;19;10;19;9;18;9;18;10;18;11;18;12
1;2;9;13;9;5;10;5;11;5;12;5;12;4;12;3;12;2;12;1;13;1;13;2;13;3;13;4;13;5;13;6;14;6;14;7;14;8;14;9;14;10;14;11;14;12;14;13;14;14;15;14;16;14;17;14;18;14;19;14;19;13;19;12;19;11;19;10;19;9;18;9;18;10;18;11;18;12;18;13
1;3;9;13;10;5;11;5;12;5;12;4;12;3;12;2;12;1;13;1;13;2;13;3;13;4;13;5;13;6;14;6;14;7;14;8;14;9;14;10;14;11;14;12;14;13;14;14;15;14;16;14;17;14;18;14;19;14;19;13;19;12;19;11;19;10;19;9;18;9;18;10;18;11;18;12;18;13;17;13
1;0;9;13;11;5;12;5;12;4;12;3;12;2;12;1;13;1;13;2;13;3;13;4;13;5;13;6;14;6;14;7;14;8;14;9;14;10;14;11;14;12;14;13;14;14;15;14;16;14;17;14;18;14;19;14;19;13;19;12;19;11;19;10;19;9;18;9;18;10;18;11;18;12;18;13;17;13;17;12
1;0;9;13;12;5;12;4;12;3;12;2;12;1;13;1;13;2;13;3;13;4;13;5;13;6;14;6;14;7;14;8;14;9;14;10;14;11;14;12;14;13;14;14;15;14;16;14;17;14;18;14;19;14;19;13;19;12;19;11;19;10;19;9;18;9;18;10;18;11;18;12;18;13;17;13;17;12;17;11
1;0;9;13;12;4;12;3;12;2;12;1;13;1;13;2;13;3;13;4;13;5;13;6;14;6;14;7;14;8;14;9;14;10;14;11;14;12;14;13;14;14;15;14;16;14;17;14;18;14;19;14;19;13;19;12;19;11;19;10;19;9;18;9;18;10;18;11;18;12;18;13;17;13;17;12;17;11;17;10
1;0;9;13;12;3;12;2;12;1;13;1;13;2;13;3;13;4;13;5;13;6;14;6;14;7;14;8;14;9;14;10;14;11;14;12;14;13;14;14;15;14;16;14;17;14;18;14;19;14;19;13;19;12;19;11;19;10;19;9;18;9;18;10;18;11;18;12;18;13;17;13;17;12;17;11;17;10;17;9
1;3;9;13;12;2;12;1;13;1;13;2;13;3;13;4;13;5;13;6;14;6;14;7;14;8;14;9;14;10;14;11;14;12;14;13;14;14;15;14;16;14;17;14;18;14;19;14;19;13;19;12;19;11;19;10;19;9;18;9;18;10;18;11;18;12;18;13;17;13;17;12;17;11;17;10;17;9;16;9
1;0;9;13;12;1;13;1;13;2;13;3;13;4;13;5;13;6;14;6;14;7;14;8;14;9;14;10;14;11;14;12;14;13;14;14;15;14;16;14;17;14;18;14;19;14;19;13;19;12;19;11;19;10;19;9;18;9;18;10;18;11;18;12;18;13;17;13;17;12;17;11;17;10;17;9;16;9;16;8
1;3;9;13;13;1;13;2;13;3;13;4;13;5;13;6;14;6;14;7;14;8;14;9;14;10;14;11;14;12;14;13;14;14;15;14;16;14;17;14;18;14;19;14;19;13;19;12;19;11;19;10;19;9;18;9;18;10;18;11;18;12;18;13;17;13;17;12;17;11;17;10;17;9;16;9;16;8;15;8
1;2;9;13;13;2;13;3;13;4;13;5;13;6;14;6;14;7;14;8;14;9;14;10;14;11;14;12;14;13;14;14;15;14;16;14;17;14;18;14;19;14;19;13;19;12;19;11;19;10;19;9;18;9;18;10;18;11;18;12;18;13;17;13;17;12;17;11;17;10;17;9;16;9;16;8;15;8;15;9
1;2;9;13;13;3;13;4;13;5;13;6;14;6;14;7;14;8;14;9;14;10;14;11;14;12;14;13;14;14;15;14;16;14;17;14;18;14;19;14;19;13;19;12;19;11;19;10;19;9;18;9;18;10;18;11;18;12;18;13;17;13;17;12;17;11;17;10;17;9;16;9;16;8;15;8;15;9;15;10
1;2;9;13;13;4;13;5;13;6;14;6;14;7;14;8;14;9;14;10;14;11;14;12;14;13;14;14;15;14;16;14;17;14;18;14;19;14;19;13;19;12;19;11;19;10;19;9;18;9;18;10;18;11;18;12;18;13;17;13;17;12;17;11;17;10;17;9;16;9;16;8;15;8;15;9;15;10;15;11
1;2;9;13;13;5;13;6;14;6;14;7;14;8;14;9;14;10;14;11;14;12;14;13;14;14;15;14;16;14;17;14;18;14;19;14;19;13;19;12;19;11;19;10;19;9;18;9;18;10;18;11;18;12;18;13;17;13;17;12;17;11;17;10;17;9;16;9;16;8;15;8;15;9;15;10;15;11;15;12
1;1;9;13;13;6;14;6;14;7;14;8;14;9;14;10;14;11;14;12;14;13;14;14;15;14;16;14;17;14;18;14;19;14;19;13;19;12;19;11;19;10;19;9;18;9;18;10;18;11;18;12;18;13;17;13;17;12;17;11;17;10;17;9;16;9;16;8;15;8;15;9;15;10;15;11;15;12;16;12
1;0;9;13;14;6;14;7;14;8;14;9;14;10;14;11;14;12;14;13;14;14;15;14;16;14;17;14;18;14;19;14;19;13;19;12;19;11;19;10;19;9;18;9;18;10;18;11;18;12;18;13;17;13;17;12;17;11;17;10;17;9;16;9;16;8;15;8;15;9;15;10;15;11;15;12;16;12;16;11
