20
1;1;5;6;8;10;9;10;10;10
1;1;5;6;9;10;10;10;11;10
1;1;5;6;10;10;11;10;12;10
1;1;5;6;11;10;12;10;13;10
1;1;5;6;12;10;13;10;14;10
1;1;5;6;13;10;14;10;15;10
1;1;5;6;14;10;15;10;16;10
1;1;5;6;15;10;16;10;17;10
1;1;5;6;16;10;17;10;18;10
1;0;5;6;17;10;18;10;18;9
1;0;5;6;18;10;18;9;18;8
1;0;5;6;18;9;18;8;18;7
1;0;5;6;18;8;18;7;18;6
1;0;5;6;18;7;18;6;18;5
1;3;5;6;18;6;18;5;17;5
1;3;5;6;18;5;17;5;16;5
1;3;5;6;17;5;16;5;15;5
1;3;5;6;16;5;15;5;14;5
1;3;5;6;15;5;14;5;13;5
1;3;5;6;14;5;13;5;12;5
1;3;5;6;13;5;12;5;11;5
1;3;5;6;12;5;11;5;10;5
1;3;5;6;11;5;10;5;9;5
1;3;5;6;10;5;9;5;8;5
1;3;5;6;9;5;8;5;7;5
1;3;5;6;8;5;7;5;6;5
1;3;5;6;7;5;6;5;5;5
1;2;12;19;6;5;6;5;5;5;5;6
1;2;12;19;6;5;5;5;5;6;5;7
1;2;12;19;5;5;5;6;5;7;5;8
1;2;12;19;5;6;5;7;5;8;5;9
1;2;12;19;5;7;5;8;5;9;5;10
1;2;12;19;5;8;5;9;5;10;5;11
1;2;12;19;5;9;5;10;5;11;5;12
1;2;12;19;5;10;5;11;5;12;5;13
1;2;12;19;5;11;5;12;5;13;5;14
1;2;12;19;5;12;5;13;5;14;5;15
1;2;12;19;5;13;5;14;5;15;5;16
1;2;12;19;5;14;5;15;5;16;5;17
1;2;12;19;5;15;5;16;5;17;5;18
1;2;12;19;5;16;5;17;5;18;5;19
1;1;12;19;5;17;5;18;5;19;6;19
1;0;12;19;5;18;5;19;6;19;6;18
1;3;12;19;5;19;6;19;6;18;5;18
1;3;12;19;6;19;6;18;5;18;4;18
1;3;12;19;6;18;5;18;4;18;3;18
1;3;12;19;5;18;4;18;3;18;2;18
1;3;12;19;4;18;3;18;2;18;1;18
1;3;12;19;3;18;2;18;1;18;0;18
1;2;12;19;2;18;1;18;0;18;0;19
1;1;12;19;1;18;0;18;0;19;1;19
1;0;12;19;0;18;0;19;1;19;1;18
1;3;12;19;0;19;1;19;1;18;0;18
