20
1;1;19;10;8;10;9;10;10;10
1;1;19;10;9;10;10;10;11;10
1;1;19;10;10;10;11;10;12;10
1;1;19;10;11;10;12;10;13;10
1;1;19;10;12;10;13;10;14;10
1;1;19;10;13;10;14;10;15;10
1;1;19;10;14;10;15;10;16;10
1;1;19;10;15;10;16;10;17;10
1;1;19;10;16;10;17;10;18;10
1;1;12;5;17;10;17;10;18;10;19;10
1;2;12;5;17;10;18;10;19;10;19;11
1;3;12;5;18;10;19;10;19;11;18;11
1;3;12;5;19;10;19;11;18;11;17;11
1;3;12;5;19;11;18;11;17;11;16;11
1;3;12;5;18;11;17;11;16;11;15;11
1;3;12;5;17;11;16;11;15;11;14;11
1;3;12;5;16;11;15;11;14;11;13;11
1;3;12;5;15;11;14;11;13;11;12;11
1;0;12;5;14;11;13;11;12;11;12;10
1;0;12;5;13;11;12;11;12;10;12;9
1;0;12;5;12;11;12;10;12;9;12;8
1;0;12;5;12;10;12;9;12;8;12;7
1;0;12;5;12;9;12;8;12;7;12;6
1;0;18;1;12;8;12;8;12;7;12;6;12;5
1;1;18;1;12;8;12;7;12;6;12;5;13;5
1;1;18;1;12;7;12;6;12;5;13;5;14;5
1;1;18;1;12;6;12;5;13;5;14;5;15;5
1;1;18;1;12;5;13;5;14;5;15;5;16;5
1;1;18;1;13;5;14;5;15;5;16;5;17;5
1;1;18;1;14;5;15;5;16;5;17;5;18;5
1;0;18;1;15;5;16;5;17;5;18;5;18;4
1;0;18;1;16;5;17;5;18;5;18;4;18;3
1;0;18;1;17;5;18;5;18;4;18;3;18;2
1;0;4;18;18;5;18;5;18;4;18;3;18;2;18;1
1;0;4;18;18;5;18;4;18;3;18;2;18;1;18;0
1;1;4;18;18;4;18;3;18;2;18;1;18;0;19;0
1;2;4;18;18;3;18;2;18;1;18;0;19;0;19;1
1;2;4;18;18;2;18;1;18;0;19;0;19;1;19;2
1;2;4;18;18;1;18;0;19;0;19;1;19;2;19;3
1;2;4;18;18;0;19;0;19;1;19;2;19;3;19;4
1;2;4;18;19;0;19;1;19;2;19;3;19;4;19;5
1;2;4;18;19;1;19;2;19;3;19;4;19;5;19;6
1;2;4;18;19;2;19;3;19;4;19;5;19;6;19;7
1;2;4;18;19;3;19;4;19;5;19;6;19;7;19;8
1;3;4;18;19;4;19;5;19;6;19;7;19;8;18;8
1;3;4;18;19;5;19;6;19;7;19;8;18;8;17;8
1;3;4;18;19;6;19;7;19;8;18;8;17;8;16;8
1;3;4;18;19;7;19;8;18;8;17;8;16;8;15;8
1;3;4;18;19;8;18;8;17;8;16;8;15;8;14;8
1;3;4;18;18;8;17;8;16;8;15;8;14;8;13;8
1;3;4;18;17;8;16;8;15;8;14;8;13;8;12;8
1;3;4;18;16;8;15;8;14;8;13;8;12;8;11;8
1;3;4;18;15;8;14;8;13;8;12;8;11;8;10;8
1;3;4;18;14;8;13;8;12;8;11;8;10;8;9;8
1;3;4;18;13;8;12;8;11;8;10;8;9;8;8;8
1;3;4;18;12;8;11;8;10;8;9;8;8;8;7;8
1;3;4;18;11;8;10;8;9;8;8;8;7;8;6;8
1;3;4;18;10;8;9;8;8;8;7;8;6;8;5;8
1;3;4;18;9;8;8;8;7;8;6;8;5;8;4;8
1;2;4;18;8;8;7;8;6;8;5;8;4;8;4;9
1;2;4;18;7;8;6;8;5;8;4;8;4;9;4;10
1;2;4;18;6;8;5;8;4;8;4;9;4;10;4;11
1;2;4;18;5;8;4;8;4;9;4;10;4;11;4;12
1;2;4;18;4;8;4;9;4;10;4;11;4;12;4;13
1;2;4;18;4;9;4;10;4;11;4;12;4;13;4;14
1;2;4;18;4;10;4;11;4;12;4;13;4;14;4;15
1;2;4;18;4;11;4;12;4;13;4;14;4;15;4;16
1;2;4;18;4;12;4;13;4;14;4;15;4;16;4;17
1;2;5;6;4;13;4;13;4;14;4;15;4;16;4;17;4;18
1;1;5;6;4;13;4;14;4;15;4;16;4;17;4;18;5;18
1;0;5;6;4;14;4;15;4;16;4;17;4;18;5;18;5;17
1;0;5;6;4;15;4;16;4;17;4;18;5;18;5;17;5;16
1;0;5;6;4;16;4;17;4;18;5;18;5;17;5;16;5;15
1;0;5;6;4;17;4;18;5;18;5;17;5;16;5;15;5;14
1;0;5;6;4;18;5;18;5;17;5;16;5;15;5;14;5;13
1;0;5;6;5;18;5;17;5;16;5;15;5;14;5;13;5;12
1;0;5;6;5;17;5;16;5;15;5;14;5;13;5;12;5;11
1;0;5;6;5;16;5;15;5;14;5;13;5;12;5;11;5;10
1;0;5;6;5;15;5;14;5;13;5;12;5;11;5;10;5;9
1;0;5;6;5;14;5;13;5;12;5;11;5;10;5;9;5;8
1;0;5;6;5;13;5;12;5;11;5;10;5;9;5;8;5;7
1;1;5;6;5;12;5;11;5;10;5;9;5;8;5;7;6;7
1;0;5;6;5;11;5;10;5;9;5;8;5;7;6;7;6;6
1;1;5;6;5;10;5;9;5;8;5;7;6;7;6;6;7;6
1;2;5;6;5;9;5;8;5;7;6;7;6;6;7;6;7;7
1;2;5;6;5;8;5;7;6;7;6;6;7;6;7;7;7;8
1;3;5;6;5;7;6;7;6;6;7;6;7;7;7;8;6;8
1;2;5;6;6;7;6;6;7;6;7;7;7;8;6;8;6;9
1;3;5;6;6;6;7;6;7;7;7;8;6;8;6;9;5;9
1;0;5;6;7;6;7;7;7;8;6;8;6;9;5;9;5;8
1;0;5;6;7;7;7;8;6;8;6;9;5;9;5;8;5;7
1;0;3;19;7;8;7;8;6;8;6;9;5;9;5;8;5;7;5;6
1;3;3;19;7;8;6;8;6;9;5;9;5;8;5;7;5;6;4;6
1;3;3;19;6;8;6;9;5;9;5;8;5;7;5;6;4;6;3;6
1;2;3;19;6;9;5;9;5;8;5;7;5;6;4;6;3;6;3;7
1;2;3;19;5;9;5;8;5;7;5;6;4;6;3;6;3;7;3;8
1;2;3;19;5;8;5;7;5;6;4;6;3;6;3;7;3;8;3;9
1;2;3;19;5;7;5;6;4;6;3;6;3;7;3;8;3;9;3;10
1;2;3;19;5;6;4;6;3;6;3;7;3;8;3;9;3;10;3;11
1;2;3;19;4;6;3;6;3;7;3;8;3;9;3;10;3;11;3;12
1;2;3;19;3;6;3;7;3;8;3;9;3;10;3;11;3;12;3;13
1;2;3;19;3;7;3;8;3;9;3;10;3;11;3;12;3;13;3;14
1;2;3;19;3;8;3;9;3;10;3;11;3;12;3;13;3;14;3;15
1;2;3;19;3;9;3;10;3;11;3;12;3;13;3;14;3;15;3;16
1;2;3;19;3;10;3;11;3;12;3;13;3;14;3;15;3;16;3;17
1;2;3;19;3;11;3;12;3;13;3;14;3;15;3;16;3;17;3;18
1;2;12;13;3;12;3;12;3;13;3;14;3;15;3;16;3;17;3;18;3;19
1;3;12;13;3;12;3;13;3;14;3;15;3;16;3;17;3;18;3;19;2;19
1;0;12;13;3;13;3;14;3;15;3;16;3;17;3;18;3;19;2;19;2;18
1;0;12;13;3;14;3;15;3;16;3;17;3;18;3;19;2;19;2;18;2;17
1;0;12;13;3;15;3;16;3;17;3;18;3;19;2;19;2;18;2;17;2;16
1;0;12;13;3;16;3;17;3;18;3;19;2;19;2;18;2;17;2;16;2;15
1;0;12;13;3;17;3;18;3;19;2;19;2;18;2;17;2;16;2;15;2;14
1;0;12;13;3;18;3;19;2;19;2;18;2;17;2;16;2;15;2;14;2;13
1;1;12;13;3;19;2;19;2;18;2;17;2;16;2;15;2;14;2;13;3;13
1;1;12;13;2;19;2;18;2;17;2;16;2;15;2;14;2;13;3;13;4;13
1;1;12;13;2;18;2;17;2;16;2;15;2;14;2;13;3;13;4;13;5;13
1;1;12;13;2;17;2;16;2;15;2;14;2;13;3;13;4;13;5;13;6;13
1;1;12;13;2;16;2;15;2;14;2;13;3;13;4;13;5;13;6;13;7;13
1;1;12;13;2;15;2;14;2;13;3;13;4;13;5;13;6;13;7;13;8;13
1;1;12;13;2;14;2;13;3;13;4;13;5;13;6;13;7;13;8;13;9;13
1;1;12;13;2;13;3;13;4;13;5;13;6;13;7;13;8;13;9;13;10;13
1;1;12;13;3;13;4;13;5;13;6;13;7;13;8;13;9;13;10;13;11;13
1;1;13;5;4;13;4;13;5;13;6;13;7;13;8;13;9;13;10;13;11;13;12;13
1;1;13;5;4;13;5;13;6;13;7;13;8;13;9;13;10;13;11;13;12;13;13;13
1;0;13;5;5;13;6;13;7;13;8;13;9;13;10;13;11;13;12;13;13;13;13;12
1;0;13;5;6;13;7;13;8;13;9;13;10;13;11;13;12;13;13;13;13;12;13;11
1;0;13;5;7;13;8;13;9;13;10;13;11;13;12;13;13;13;13;12;13;11;13;10
1;0;13;5;8;13;9;13;10;13;11;13;12;13;13;13;13;12;13;11;13;10;13;9
1;0;13;5;9;13;10;13;11;13;12;13;13;13;13;12;13;11;13;10;13;9;13;8
1;0;13;5;10;13;11;13;12;13;13;13;13;12;13;11;13;10;13;9;13;8;13;7
1;0;13;5;11;13;12;13;13;13;13;12;13;11;13;10;13;9;13;8;13;7;13;6
1;0;8;3;12;13;12;13;13;13;13;12;13;11;13;10;13;9;13;8;13;7;13;6;13;5
1;0;8;3;12;13;13;13;13;12;13;11;13;10;13;9;13;8;13;7;13;6;13;5;13;4
1;0;8;3;13;13;13;12;13;11;13;10;13;9;13;8;13;7;13;6;13;5;13;4;13;3
1;3;8;3;13;12;13;11;13;10;13;9;13;8;13;7;13;6;13;5;13;4;13;3;12;3
1;3;8;3;13;11;13;10;13;9;13;8;13;7;13;6;13;5;13;4;13;3;12;3;11;3
1;3;8;3;13;10;13;9;13;8;13;7;13;6;13;5;13;4;13;3;12;3;11;3;10;3
1;3;8;3;13;9;13;8;13;7;13;6;13;5;13;4;13;3;12;3;11;3;10;3;9;3
1;3;5;19;13;8;13;8;13;7;13;6;13;5;13;4;13;3;12;3;11;3;10;3;9;3;8;3
1;3;5;19;13;8;13;7;13;6;13;5;13;4;13;3;12;3;11;3;10;3;9;3;8;3;7;3
1;3;5;19;13;7;13;6;13;5;13;4;13;3;12;3;11;3;10;3;9;3;8;3;7;3;6;3
1;3;5;19;13;6;13;5;13;4;13;3;12;3;11;3;10;3;9;3;8;3;7;3;6;3;5;3
1;2;5;19;13;5;13;4;13;3;12;3;11;3;10;3;9;3;8;3;7;3;6;3;5;3;5;4
1;2;5;19;13;4;13;3;12;3;11;3;10;3;9;3;8;3;7;3;6;3;5;3;5;4;5;5
1;2;5;19;13;3;12;3;11;3;10;3;9;3;8;3;7;3;6;3;5;3;5;4;5;5;5;6
1;2;5;19;12;3;11;3;10;3;9;3;8;3;7;3;6;3;5;3;5;4;5;5;5;6;5;7
1;2;5;19;11;3;10;3;9;3;8;3;7;3;6;3;5;3;5;4;5;5;5;6;5;7;5;8
1;2;5;19;10;3;9;3;8;3;7;3;6;3;5;3;5;4;5;5;5;6;5;7;5;8;5;9
1;2;5;19;9;3;8;3;7;3;6;3;5;3;5;4;5;5;5;6;5;7;5;8;5;9;5;10
1;2;5;19;8;3;7;3;6;3;5;3;5;4;5;5;5;6;5;7;5;8;5;9;5;10;5;11
1;2;5;19;7;3;6;3;5;3;5;4;5;5;5;6;5;7;5;8;5;9;5;10;5;11;5;12
1;2;5;19;6;3;5;3;5;4;5;5;5;6;5;7;5;8;5;9;5;10;5;11;5;12;5;13
1;2;5;19;5;3;5;4;5;5;5;6;5;7;5;8;5;9;5;10;5;11;5;12;5;13;5;14
1;2;5;19;5;4;5;5;5;6;5;7;5;8;5;9;5;10;5;11;5;12;5;13;5;14;5;15
1;2;5;19;5;5;5;6;5;7;5;8;5;9;5;10;5;11;5;12;5;13;5;14;5;15;5;16
1;2;5;19;5;6;5;7;5;8;5;9;5;10;5;11;5;12;5;13;5;14;5;15;5;16;5;17
1;2;5;19;5;7;5;8;5;9;5;10;5;11;5;12;5;13;5;14;5;15;5;16;5;17;5;18
1;2;16;19;5;8;5;8;5;9;5;10;5;11;5;12;5;13;5;14;5;15;5;16;5;17;5;18;5;19
1;1;16;19;5;8;5;9;5;10;5;11;5;12;5;13;5;14;5;15;5;16;5;17;5;18;5;19;6;19
1;1;16;19;5;9;5;10;5;11;5;12;5;13;5;14;5;15;5;16;5;17;5;18;5;19;6;19;7;19
1;1;16;19;5;10;5;11;5;12;5;13;5;14;5;15;5;16;5;17;5;18;5;19;6;19;7;19;8;19
1;1;16;19;5;11;5;12;5;13;5;14;5;15;5;16;5;17;5;18;5;19;6;19;7;19;8;19;9;19
1;1;16;19;5;12;5;13;5;14;5;15;5;16;5;17;5;18;5;19;6;19;7;19;8;19;9;19;10;19
1;1;16;19;5;13;5;14;5;15;5;16;5;17;5;18;5;19;6;19;7;19;8;19;9;19;10;19;11;19
1;1;16;19;5;14;5;15;5;16;5;17;5;18;5;19;6;19;7;19;8;19;9;19;10;19;11;19;12;19
1;1;16;19;5;15;5;16;5;17;5;18;5;19;6;19;7;19;8;19;9;19;10;19;11;19;12;19;13;19
1;1;16;19;5;16;5;17;5;18;5;19;6;19;7;19;8;19;9;19;10;19;11;19;12;19;13;19;14;19
1;1;16;19;5;17;5;18;5;19;6;19;7;19;8;19;9;19;10;19;11;19;12;19;13;19;14;19;15;19
1;1;8;11;5;18;5;18;5;19;6;19;7;19;8;19;9;19;10;19;11;19;12;19;13;19;14;19;15;19;16;19
1;0;8;11;5;18;5;19;6;19;7;19;8;19;9;19;10;19;11;19;12;19;13;19;14;19;15;19;16;19;16;18
1;3;8;11;5;19;6;19;7;19;8;19;9;19;10;19;11;19;12;19;13;19;14;19;15;19;16;19;16;18;15;18
1;3;8;11;6;19;7;19;8;19;9;19;10;19;11;19;12;19;13;19;14;19;15;19;16;19;16;18;15;18;14;18
1;3;8;11;7;19;8;19;9;19;10;19;11;19;12;19;13;19;14;19;15;19;16;19;16;18;15;18;14;18;13;18
1;3;8;11;8;19;9;19;10;19;11;19;12;19;13;19;14;19;15;19;16;19;16;18;15;18;14;18;13;18;12;18
1;3;8;11;9;19;10;19;11;19;12;19;13;19;14;19;15;19;16;19;16;18;15;18;14;18;13;18;12;18;11;18
1;3;8;11;10;19;11;19;12;19;13;19;14;19;15;19;16;19;16;18;15;18;14;18;13;18;12;18;11;18;10;18
1;3;8;11;11;19;12;19;13;19;14;19;15;19;16;19;16;18;15;18;14;18;13;18;12;18;11;18;10;18;9;18
1;3;8;11;12;19;13;19;14;19;15;19;16;19;16;18;15;18;14;18;13;18;12;18;11;18;10;18;9;18;8;18
1;0;8;11;13;19;14;19;15;19;16;19;16;18;15;18;14;18;13;18;12;18;11;18;10;18;9;18;8;18;8;17
1;0;8;11;14;19;15;19;16;19;16;18;15;18;14;18;13;18;12;18;11;18;10;18;9;18;8;18;8;17;8;16
1;0;8;11;15;19;16;19;16;18;15;18;14;18;13;18;12;18;11;18;10;18;9;18;8;18;8;17;8;16;8;15
1;0;8;11;16;19;16;18;15;18;14;18;13;18;12;18;11;18;10;18;9;18;8;18;8;17;8;16;8;15;8;14
1;0;8;11;16;18;15;18;14;18;13;18;12;18;11;18;10;18;9;18;8;18;8;17;8;16;8;15;8;14;8;13
1;0;8;11;15;18;14;18;13;18;12;18;11;18;10;18;9;18;8;18;8;17;8;16;8;15;8;14;8;13;8;12
1;1;8;11;14;18;13;18;12;18;11;18;10;18;9;18;8;18;8;17;8;16;8;15;8;14;8;13;8;12;9;12
1;0;8;11;13;18;12;18;11;18;10;18;9;18;8;18;8;17;8;16;8;15;8;14;8;13;8;12;9;12;9;11
1;1;8;11;12;18;11;18;10;18;9;18;8;18;8;17;8;16;8;15;8;14;8;13;8;12;9;12;9;11;10;11
1;1;8;11;11;18;10;18;9;18;8;18;8;17;8;16;8;15;8;14;8;13;8;12;9;12;9;11;10;11;11;11
1;1;8;11;10;18;9;18;8;18;8;17;8;16;8;15;8;14;8;13;8;12;9;12;9;11;10;11;11;11;12;11
1;0;8;11;9;18;8;18;8;17;8;16;8;15;8;14;8;13;8;12;9;12;9;11;10;11;11;11;12;11;12;10
1;3;8;11;8;18;8;17;8;16;8;15;8;14;8;13;8;12;9;12;9;11;10;11;11;11;12;11;12;10;11;10
1;3;8;11;8;17;8;16;8;15;8;14;8;13;8;12;9;12;9;11;10;11;11;11;12;11;12;10;11;10;10;10
1;0;8;11;8;16;8;15;8;14;8;13;8;12;9;12;9;11;10;11;11;11;12;11;12;10;11;10;10;10;10;9
1;3;8;11;8;15;8;14;8;13;8;12;9;12;9;11;10;11;11;11;12;11;12;10;11;10;10;10;10;9;9;9
1;3;8;11;8;14;8;13;8;12;9;12;9;11;10;11;11;11;12;11;12;10;11;10;10;10;10;9;9;9;8;9
1;3;8;11;8;13;8;12;9;12;9;11;10;11;11;11;12;11;12;10;11;10;10;10;10;9;9;9;8;9;7;9
1;2;8;11;8;12;9;12;9;11;10;11;11;11;12;11;12;10;11;10;10;10;10;9;9;9;8;9;7;9;7;10
1;2;8;11;9;12;9;11;10;11;11;11;12;11;12;10;11;10;10;10;10;9;9;9;8;9;7;9;7;10;7;11
1;1;13;6;9;11;9;11;10;11;11;11;12;11;12;10;11;10;10;10;10;9;9;9;8;9;7;9;7;10;7;11;8;11
1;2;13;6;9;11;10;11;11;11;12;11;12;10;11;10;10;10;10;9;9;9;8;9;7;9;7;10;7;11;8;11;8;12
1;1;13;6;10;11;11;11;12;11;12;10;11;10;10;10;10;9;9;9;8;9;7;9;7;10;7;11;8;11;8;12;9;12
1;1;13;6;11;11;12;11;12;10;11;10;10;10;10;9;9;9;8;9;7;9;7;10;7;11;8;11;8;12;9;12;10;12
1;1;13;6;12;11;12;10;11;10;10;10;10;9;9;9;8;9;7;9;7;10;7;11;8;11;8;12;9;12;10;12;11;12
1;1;13;6;12;10;11;10;10;10;10;9;9;9;8;9;7;9;7;10;7;11;8;11;8;12;9;12;10;12;11;12;12;12
1;1;13;6;11;10;10;10;10;9;9;9;8;9;7;9;7;10;7;11;8;11;8;12;9;12;10;12;11;12;12;12;13;12
1;0;13;6;10;10;10;9;9;9;8;9;7;9;7;10;7;11;8;11;8;12;9;12;10;12;11;12;12;12;13;12;13;11
1;0;13;6;10;9;9;9;8;9;7;9;7;10;7;11;8;11;8;12;9;12;10;12;11;12;12;12;13;12;13;11;13;10
1;0;13;6;9;9;8;9;7;9;7;10;7;11;8;11;8;12;9;12;10;12;11;12;12;12;13;12;13;11;13;10;13;9
1;0;13;6;8;9;7;9;7;10;7;11;8;11;8;12;9;12;10;12;11;12;12;12;13;12;13;11;13;10;13;9;13;8
1;0;13;6;7;9;7;10;7;11;8;11;8;12;9;12;10;12;11;12;12;12;13;12;13;11;13;10;13;9;13;8;13;7
1;0;5;7;7;10;7;10;7;11;8;11;8;12;9;12;10;12;11;12;12;12;13;12;13;11;13;10;13;9;13;8;13;7;13;6
1;3;5;7;7;10;7;11;8;11;8;12;9;12;10;12;11;12;12;12;13;12;13;11;13;10;13;9;13;8;13;7;13;6;12;6
1;3;5;7;7;11;8;11;8;12;9;12;10;12;11;12;12;12;13;12;13;11;13;10;13;9;13;8;13;7;13;6;12;6;11;6
1;2;5;7;8;11;8;12;9;12;10;12;11;12;12;12;13;12;13;11;13;10;13;9;13;8;13;7;13;6;12;6;11;6;11;7
1;3;5;7;8;12;9;12;10;12;11;12;12;12;13;12;13;11;13;10;13;9;13;8;13;7;13;6;12;6;11;6;11;7;10;7
1;3;5;7;9;12;10;12;11;12;12;12;13;12;13;11;13;10;13;9;13;8;13;7;13;6;12;6;11;6;11;7;10;7;9;7
1;3;5;7;10;12;11;12;12;12;13;12;13;11;13;10;13;9;13;8;13;7;13;6;12;6;11;6;11;7;10;7;9;7;8;7
1;3;5;7;11;12;12;12;13;12;13;11;13;10;13;9;13;8;13;7;13;6;12;6;11;6;11;7;10;7;9;7;8;7;7;7
1;3;5;7;12;12;13;12;13;11;13;10;13;9;13;8;13;7;13;6;12;6;11;6;11;7;10;7;9;7;8;7;7;7;6;7
1;2;5;7;13;12;13;11;13;10;13;9;13;8;13;7;13;6;12;6;11;6;11;7;10;7;9;7;8;7;7;7;6;7;6;8
1;3;5;7;13;11;13;10;13;9;13;8;13;7;13;6;12;6;11;6;11;7;10;7;9;7;8;7;7;7;6;7;6;8;5;8
1;0;18;0;13;10;13;10;13;9;13;8;13;7;13;6;12;6;11;6;11;7;10;7;9;7;8;7;7;7;6;7;6;8;5;8;5;7
1;0;18;0;13;10;13;9;13;8;13;7;13;6;12;6;11;6;11;7;10;7;9;7;8;7;7;7;6;7;6;8;5;8;5;7;5;6
1;0;18;0;13;9;13;8;13;7;13;6;12;6;11;6;11;7;10;7;9;7;8;7;7;7;6;7;6;8;5;8;5;7;5;6;5;5
1;1;18;0;13;8;13;7;13;6;12;6;11;6;11;7;10;7;9;7;8;7;7;7;6;7;6;8;5;8;5;7;5;6;5;5;6;5
1;1;18;0;13;7;13;6;12;6;11;6;11;7;10;7;9;7;8;7;7;7;6;7;6;8;5;8;5;7;5;6;5;5;6;5;7;5
1;1;18;0;13;6;12;6;11;6;11;7;10;7;9;7;8;7;7;7;6;7;6;8;5;8;5;7;5;6;5;5;6;5;7;5;8;5
1;1;18;0;12;6;11;6;11;7;10;7;9;7;8;7;7;7;6;7;6;8;5;8;5;7;5;6;5;5;6;5;7;5;8;5;9;5
1;1;18;0;11;6;11;7;10;7;9;7;8;7;7;7;6;7;6;8;5;8;5;7;5;6;5;5;6;5;7;5;8;5;9;5;10;5
1;1;18;0;11;7;10;7;9;7;8;7;7;7;6;7;6;8;5;8;5;7;5;6;5;5;6;5;7;5;8;5;9;5;10;5;11;5
1;1;18;0;10;7;9;7;8;7;7;7;6;7;6;8;5;8;5;7;5;6;5;5;6;5;7;5;8;5;9;5;10;5;11;5;12;5
1;1;18;0;9;7;8;7;7;7;6;7;6;8;5;8;5;7;5;6;5;5;6;5;7;5;8;5;9;5;10;5;11;5;12;5;13;5
1;1;18;0;8;7;7;7;6;7;6;8;5;8;5;7;5;6;5;5;6;5;7;5;8;5;9;5;10;5;11;5;12;5;13;5;14;5
1;1;18;0;7;7;6;7;6;8;5;8;5;7;5;6;5;5;6;5;7;5;8;5;9;5;10;5;11;5;12;5;13;5;14;5;15;5
1;1;18;0;6;7;6;8;5;8;5;7;5;6;5;5;6;5;7;5;8;5;9;5;10;5;11;5;12;5;13;5;14;5;15;5;16;5
1;1;18;0;6;8;5;8;5;7;5;6;5;5;6;5;7;5;8;5;9;5;10;5;11;5;12;5;13;5;14;5;15;5;16;5;17;5
1;1;18;0;5;8;5;7;5;6;5;5;6;5;7;5;8;5;9;5;10;5;11;5;12;5;13;5;14;5;15;5;16;5;17;5;18;5
1;0;18;0;5;7;5;6;5;5;6;5;7;5;8;5;9;5;10;5;11;5;12;5;13;5;14;5;15;5;16;5;17;5;18;5;18;4
1;0;18;0;5;6;5;5;6;5;7;5;8;5;9;5;10;5;11;5;12;5;13;5;14;5;15;5;16;5;17;5;18;5;18;4;18;3
1;0;18;0;5;5;6;5;7;5;8;5;9;5;10;5;11;5;12;5;13;5;14;5;15;5;16;5;17;5;18;5;18;4;18;3;18;2
1;0;18;0;6;5;7;5;8;5;9;5;10;5;11;5;12;5;13;5;14;5;15;5;16;5;17;5;18;5;18;4;18;3;18;2;18;1
1;0;8;15;7;5;7;5;8;5;9;5;10;5;11;5;12;5;13;5;14;5;15;5;16;5;17;5;18;5;18;4;18;3;18;2;18;1;18;0
1;1;8;15;7;5;8;5;9;5;10;5;11;5;12;5;13;5;14;5;15;5;16;5;17;5;18;5;18;4;18;3;18;2;18;1;18;0;19;0
1;2;8;15;8;5;9;5;10;5;11;5;12;5;13;5;14;5;15;5;16;5;17;5;18;5;18;4;18;3;18;2;18;1;18;0;19;0;19;1
1;2;8;15;9;5;10;5;11;5;12;5;13;5;14;5;15;5;16;5;17;5;18;5;18;4;18;3;18;2;18;1;18;0;19;0;19;1;19;2
1;2;8;15;10;5;11;5;12;5;13;5;14;5;15;5;16;5;17;5;18;5;18;4;18;3;18;2;18;1;18;0;19;0;19;1;19;2;19;3
1;2;8;15;11;5;12;5;13;5;14;5;15;5;16;5;17;5;18;5;18;4;18;3;18;2;18;1;18;0;19;0;19;1;19;2;19;3;19;4
1;2;8;15;12;5;13;5;14;5;15;5;16;5;17;5;18;5;18;4;18;3;18;2;18;1;18;0;19;0;19;1;19;2;19;3;19;4;19;5
1;2;8;15;13;5;14;5;15;5;16;5;17;5;18;5;18;4;18;3;18;2;18;1;18;0;19;0;19;1;19;2;19;3;19;4;19;5;19;6
1;2;8;15;14;5;15;5;16;5;17;5;18;5;18;4;18;3;18;2;18;1;18;0;19;0;19;1;19;2;19;3;19;4;19;5;19;6;19;7
1;2;8;15;15;5;16;5;17;5;18;5;18;4;18;3;18;2;18;1;18;0;19;0;19;1;19;2;19;3;19;4;19;5;19;6;19;7;19;8
1;2;8;15;16;5;17;5;18;5;18;4;18;3;18;2;18;1;18;0;19;0;19;1;19;2;19;3;19;4;19;5;19;6;19;7;19;8;19;9
1;2;8;15;17;5;18;5;18;4;18;3;18;2;18;1;18;0;19;0;19;1;19;2;19;3;19;4;19;5;19;6;19;7;19;8;19;9;19;10
1;2;8;15;18;5;18;4;18;3;18;2;18;1;18;0;19;0;19;1;19;2;19;3;19;4;19;5;19;6;19;7;19;8;19;9;19;10;19;11
1;2;8;15;18;4;18;3;18;2;18;1;18;0;19;0;19;1;19;2;19;3;19;4;19;5;19;6;19;7;19;8;19;9;19;10;19;11;19;12
1;2;8;15;18;3;18;2;18;1;18;0;19;0;19;1;19;2;19;3;19;4;19;5;19;6;19;7;19;8;19;9;19;10;19;11;19;12;19;13
1;2;8;15;18;2;18;1;18;0;19;0;19;1;19;2;19;3;19;4;19;5;19;6;19;7;19;8;19;9;19;10;19;11;19;12;19;13;19;14
1;2;8;15;18;1;18;0;19;0;19;1;19;2;19;3;19;4;19;5;19;6;19;7;19;8;19;9;19;10;19;11;19;12;19;13;19;14;19;15
1;3;8;15;18;0;19;0;19;1;19;2;19;3;19;4;19;5;19;6;19;7;19;8;19;9;19;10;19;11;19;12;19;13;19;14;19;15;18;15
1;3;8;15;19;0;19;1;19;2;19;3;19;4;19;5;19;6;19;7;19;8;19;9;19;10;19;11;19;12;19;13;19;14;19;15;18;15;17;15
1;3;8;15;19;1;19;2;19;3;19;4;19;5;19;6;19;7;19;8;19;9;19;10;19;11;19;12;19;13;19;14;19;15;18;15;17;15;16;15
1;3;8;15;19;2;19;3;19;4;19;5;19;6;19;7;19;8;19;9;19;10;19;11;19;12;19;13;19;14;19;15;18;15;17;15;16;15;15;15
1;3;8;15;19;3;19;4;19;5;19;6;19;7;19;8;19;9;19;10;19;11;19;12;19;13;19;14;19;15;18;15;17;15;16;15;15;15;14;15
1;3;8;15;19;4;19;5;19;6;19;7;19;8;19;9;19;10;19;11;19;12;19;13;19;14;19;15;18;15;17;15;16;15;15;15;14;15;13;15
1;0;8;15;19;5;19;6;19;7;19;8;19;9;19;10;19;11;19;12;19;13;19;14;19;15;18;15;17;15;16;15;15;15;14;15;13;15;13;14
1;3;8;15;19;6;19;7;19;8;19;9;19;10;19;11;19;12;19;13;19;14;19;15;18;15;17;15;16;15;15;15;14;15;13;15;13;14;12;14
1;3;8;15;19;7;19;8;19;9;19;10;19;11;19;12;19;13;19;14;19;15;18;15;17;15;16;15;15;15;14;15;13;15;13;14;12;14;11;14
1;3;8;15;19;8;19;9;19;10;19;11;19;12;19;13;19;14;19;15;18;15;17;15;16;15;15;15;14;15;13;15;13;14;12;14;11;14;10;14
1;3;8;15;19;9;19;10;19;11;19;12;19;13;19;14;19;15;18;15;17;15;16;15;15;15;14;15;13;15;13;14;12;14;11;14;10;14;9;14
1;3;8;15;19;10;19;11;19;12;19;13;19;14;19;15;18;15;17;15;16;15;15;15;14;15;13;15;13;14;12;14;11;14;10;14;9;14;8;14
1;3;8;15;19;11;19;12;19;13;19;14;19;15;18;15;17;15;16;15;15;15;14;15;13;15;13;14;12;14;11;14;10;14;9;14;8;14;7;14
1;3;8;15;19;12;19;13;19;14;19;15;18;15;17;15;16;15;15;15;14;15;13;15;13;14;12;14;11;14;10;14;9;14;8;14;7;14;6;14
1;3;8;15;19;13;19;14;19;15;18;15;17;15;16;15;15;15;14;15;13;15;13;14;12;14;11;14;10;14;9;14;8;14;7;14;6;14;5;14
1;3;8;15;19;14;19;15;18;15;17;15;16;15;15;15;14;15;13;15;13;14;12;14;11;14;10;14;9;14;8;14;7;14;6;14;5;14;4;14
1;3;8;15;19;15;18;15;17;15;16;15;15;15;14;15;13;15;13;14;12;14;11;14;10;14;9;14;8;14;7;14;6;14;5;14;4;14;3;14
1;2;8;15;18;15;17;15;16;15;15;15;14;15;13;15;13;14;12;14;11;14;10;14;9;14;8;14;7;14;6;14;5;14;4;14;3;14;3;15
1;1;8;15;17;15;16;15;15;15;14;15;13;15;13;14;12;14;11;14;10;14;9;14;8;14;7;14;6;14;5;14;4;14;3;14;3;15;4;15
1;1;8;15;16;15;15;15;14;15;13;15;13;14;12;14;11;14;10;14;9;14;8;14;7;14;6;14;5;14;4;14;3;14;3;15;4;15;5;15
1;1;8;15;15;15;14;15;13;15;13;14;12;14;11;14;10;14;9;14;8;14;7;14;6;14;5;14;4;14;3;14;3;15;4;15;5;15;6;15
1;1;8;15;14;15;13;15;13;14;12;14;11;14;10;14;9;14;8;14;7;14;6;14;5;14;4;14;3;14;3;15;4;15;5;15;6;15;7;15
1;1;6;16;13;15;13;15;13;14;12;14;11;14;10;14;9;14;8;14;7;14;6;14;5;14;4;14;3;14;3;15;4;15;5;15;6;15;7;15;8;15
1;2;6;16;13;15;13;14;12;14;11;14;10;14;9;14;8;14;7;14;6;14;5;14;4;14;3;14;3;15;4;15;5;15;6;15;7;15;8;15;8;16
1;3;6;16;13;14;12;14;11;14;10;14;9;14;8;14;7;14;6;14;5;14;4;14;3;14;3;15;4;15;5;15;6;15;7;15;8;15;8;16;7;16
1;3;6;3;12;14;12;14;11;14;10;14;9;14;8;14;7;14;6;14;5;14;4;14;3;14;3;15;4;15;5;15;6;15;7;15;8;15;8;16;7;16;6;16
1;3;6;3;12;14;11;14;10;14;9;14;8;14;7;14;6;14;5;14;4;14;3;14;3;15;4;15;5;15;6;15;7;15;8;15;8;16;7;16;6;16;5;16
1;2;6;3;11;14;10;14;9;14;8;14;7;14;6;14;5;14;4;14;3;14;3;15;4;15;5;15;6;15;7;15;8;15;8;16;7;16;6;16;5;16;5;17
1;1;6;3;10;14;9;14;8;14;7;14;6;14;5;14;4;14;3;14;3;15;4;15;5;15;6;15;7;15;8;15;8;16;7;16;6;16;5;16;5;17;6;17
1;1;6;3;9;14;8;14;7;14;6;14;5;14;4;14;3;14;3;15;4;15;5;15;6;15;7;15;8;15;8;16;7;16;6;16;5;16;5;17;6;17;7;17
1;1;6;3;8;14;7;14;6;14;5;14;4;14;3;14;3;15;4;15;5;15;6;15;7;15;8;15;8;16;7;16;6;16;5;16;5;17;6;17;7;17;8;17
1;1;6;3;7;14;6;14;5;14;4;14;3;14;3;15;4;15;5;15;6;15;7;15;8;15;8;16;7;16;6;16;5;16;5;17;6;17;7;17;8;17;9;17
1;0;6;3;6;14;5;14;4;14;3;14;3;15;4;15;5;15;6;15;7;15;8;15;8;16;7;16;6;16;5;16;5;17;6;17;7;17;8;17;9;17;9;16
1;0;6;3;5;14;4;14;3;14;3;15;4;15;5;15;6;15;7;15;8;15;8;16;7;16;6;16;5;16;5;17;6;17;7;17;8;17;9;17;9;16;9;15
1;0;6;3;4;14;3;14;3;15;4;15;5;15;6;15;7;15;8;15;8;16;7;16;6;16;5;16;5;17;6;17;7;17;8;17;9;17;9;16;9;15;9;14
1;0;6;3;3;14;3;15;4;15;5;15;6;15;7;15;8;15;8;16;7;16;6;16;5;16;5;17;6;17;7;17;8;17;9;17;9;16;9;15;9;14;9;13
1;3;6;3;3;15;4;15;5;15;6;15;7;15;8;15;8;16;7;16;6;16;5;16;5;17;6;17;7;17;8;17;9;17;9;16;9;15;9;14;9;13;8;13
1;3;6;3;4;15;5;15;6;15;7;15;8;15;8;16;7;16;6;16;5;16;5;17;6;17;7;17;8;17;9;17;9;16;9;15;9;14;9;13;8;13;7;13
1;3;6;3;5;15;6;15;7;15;8;15;8;16;7;16;6;16;5;16;5;17;6;17;7;17;8;17;9;17;9;16;9;15;9;14;9;13;8;13;7;13;6;13
1;0;6;3;6;15;7;15;8;15;8;16;7;16;6;16;5;16;5;17;6;17;7;17;8;17;9;17;9;16;9;15;9;14;9;13;8;13;7;13;6;13;6;12
1;0;6;3;7;15;8;15;8;16;7;16;6;16;5;16;5;17;6;17;7;17;8;17;9;17;9;16;9;15;9;14;9;13;8;13;7;13;6;13;6;12;6;11
1;0;6;3;8;15;8;16;7;16;6;16;5;16;5;17;6;17;7;17;8;17;9;17;9;16;9;15;9;14;9;13;8;13;7;13;6;13;6;12;6;11;6;10
1;0;6;3;8;16;7;16;6;16;5;16;5;17;6;17;7;17;8;17;9;17;9;16;9;15;9;14;9;13;8;13;7;13;6;13;6;12;6;11;6;10;6;9
1;0;6;3;7;16;6;16;5;16;5;17;6;17;7;17;8;17;9;17;9;16;9;15;9;14;9;13;8;13;7;13;6;13;6;12;6;11;6;10;6;9;6;8
1;0;6;3;6;16;5;16;5;17;6;17;7;17;8;17;9;17;9;16;9;15;9;14;9;13;8;13;7;13;6;13;6;12;6;11;6;10;6;9;6;8;6;7
1;0;6;3;5;16;5;17;6;17;7;17;8;17;9;17;9;16;9;15;9;14;9;13;8;13;7;13;6;13;6;12;6;11;6;10;6;9;6;8;6;7;6;6
1;0;6;3;5;17;6;17;7;17;8;17;9;17;9;16;9;15;9;14;9;13;8;13;7;13;6;13;6;12;6;11;6;10;6;9;6;8;6;7;6;6;6;5
1;0;6;3;6;17;7;17;8;17;9;17;9;16;9;15;9;14;9;13;8;13;7;13;6;13;6;12;6;11;6;10;6;9;6;8;6;7;6;6;6;5;6;4
1;0;16;4;7;17;7;17;8;17;9;17;9;16;9;15;9;14;9;13;8;13;7;13;6;13;6;12;6;11;6;10;6;9;6;8;6;7;6;6;6;5;6;4;6;3
1;1;16;4;7;17;8;17;9;17;9;16;9;15;9;14;9;13;8;13;7;13;6;13;6;12;6;11;6;10;6;9;6;8;6;7;6;6;6;5;6;4;6;3;7;3
1;2;16;4;8;17;9;17;9;16;9;15;9;14;9;13;8;13;7;13;6;13;6;12;6;11;6;10;6;9;6;8;6;7;6;6;6;5;6;4;6;3;7;3;7;4
1;1;16;4;9;17;9;16;9;15;9;14;9;13;8;13;7;13;6;13;6;12;6;11;6;10;6;9;6;8;6;7;6;6;6;5;6;4;6;3;7;3;7;4;8;4
1;1;16;4;9;16;9;15;9;14;9;13;8;13;7;13;6;13;6;12;6;11;6;10;6;9;6;8;6;7;6;6;6;5;6;4;6;3;7;3;7;4;8;4;9;4
1;1;16;4;9;15;9;14;9;13;8;13;7;13;6;13;6;12;6;11;6;10;6;9;6;8;6;7;6;6;6;5;6;4;6;3;7;3;7;4;8;4;9;4;10;4
1;1;16;4;9;14;9;13;8;13;7;13;6;13;6;12;6;11;6;10;6;9;6;8;6;7;6;6;6;5;6;4;6;3;7;3;7;4;8;4;9;4;10;4;11;4
1;1;16;4;9;13;8;13;7;13;6;13;6;12;6;11;6;10;6;9;6;8;6;7;6;6;6;5;6;4;6;3;7;3;7;4;8;4;9;4;10;4;11;4;12;4
1;1;16;4;8;13;7;13;6;13;6;12;6;11;6;10;6;9;6;8;6;7;6;6;6;5;6;4;6;3;7;3;7;4;8;4;9;4;10;4;11;4;12;4;13;4
1;1;16;4;7;13;6;13;6;12;6;11;6;10;6;9;6;8;6;7;6;6;6;5;6;4;6;3;7;3;7;4;8;4;9;4;10;4;11;4;12;4;13;4;14;4
1;1;16;4;6;13;6;12;6;11;6;10;6;9;6;8;6;7;6;6;6;5;6;4;6;3;7;3;7;4;8;4;9;4;10;4;11;4;12;4;13;4;14;4;15;4
1;1;8;3;6;12;6;12;6;11;6;10;6;9;6;8;6;7;6;6;6;5;6;4;6;3;7;3;7;4;8;4;9;4;10;4;11;4;12;4;13;4;14;4;15;4;16;4
1;0;8;3;6;12;6;11;6;10;6;9;6;8;6;7;6;6;6;5;6;4;6;3;7;3;7;4;8;4;9;4;10;4;11;4;12;4;13;4;14;4;15;4;16;4;16;3
1;3;8;3;6;11;6;10;6;9;6;8;6;7;6;6;6;5;6;4;6;3;7;3;7;4;8;4;9;4;10;4;11;4;12;4;13;4;14;4;15;4;16;4;16;3;15;3
1;3;8;3;6;10;6;9;6;8;6;7;6;6;6;5;6;4;6;3;7;3;7;4;8;4;9;4;10;4;11;4;12;4;13;4;14;4;15;4;16;4;16;3;15;3;14;3
1;3;8;3;6;9;6;8;6;7;6;6;6;5;6;4;6;3;7;3;7;4;8;4;9;4;10;4;11;4;12;4;13;4;14;4;15;4;16;4;16;3;15;3;14;3;13;3
1;3;8;3;6;8;6;7;6;6;6;5;6;4;6;3;7;3;7;4;8;4;9;4;10;4;11;4;12;4;13;4;14;4;15;4;16;4;16;3;15;3;14;3;13;3;12;3
1;3;8;3;6;7;6;6;6;5;6;4;6;3;7;3;7;4;8;4;9;4;10;4;11;4;12;4;13;4;14;4;15;4;16;4;16;3;15;3;14;3;13;3;12;3;11;3
1;3;8;3;6;6;6;5;6;4;6;3;7;3;7;4;8;4;9;4;10;4;11;4;12;4;13;4;14;4;15;4;16;4;16;3;15;3;14;3;13;3;12;3;11;3;10;3
1;3;8;3;6;5;6;4;6;3;7;3;7;4;8;4;9;4;10;4;11;4;12;4;13;4;14;4;15;4;16;4;16;3;15;3;14;3;13;3;12;3;11;3;10;3;9;3
1;3;2;16;6;4;6;4;6;3;7;3;7;4;8;4;9;4;10;4;11;4;12;4;13;4;14;4;15;4;16;4;16;3;15;3;14;3;13;3;12;3;11;3;10;3;9;3;8;3
1;0;2;16;6;4;6;3;7;3;7;4;8;4;9;4;10;4;11;4;12;4;13;4;14;4;15;4;16;4;16;3;15;3;14;3;13;3;12;3;11;3;10;3;9;3;8;3;8;2
1;0;2;16;6;3;7;3;7;4;8;4;9;4;10;4;11;4;12;4;13;4;14;4;15;4;16;4;16;3;15;3;14;3;13;3;12;3;11;3;10;3;9;3;8;3;8;2;8;1
1;1;2;16;7;3;7;4;8;4;9;4;10;4;11;4;12;4;13;4;14;4;15;4;16;4;16;3;15;3;14;3;13;3;12;3;11;3;10;3;9;3;8;3;8;2;8;1;9;1
1;1;2;16;7;4;8;4;9;4;10;4;11;4;12;4;13;4;14;4;15;4;16;4;16;3;15;3;14;3;13;3;12;3;11;3;10;3;9;3;8;3;8;2;8;1;9;1;10;1
1;1;2;16;8;4;9;4;10;4;11;4;12;4;13;4;14;4;15;4;16;4;16;3;15;3;14;3;13;3;12;3;11;3;10;3;9;3;8;3;8;2;8;1;9;1;10;1;11;1
1;1;2;16;9;4;10;4;11;4;12;4;13;4;14;4;15;4;16;4;16;3;15;3;14;3;13;3;12;3;11;3;10;3;9;3;8;3;8;2;8;1;9;1;10;1;11;1;12;1
1;1;2;16;10;4;11;4;12;4;13;4;14;4;15;4;16;4;16;3;15;3;14;3;13;3;12;3;11;3;10;3;9;3;8;3;8;2;8;1;9;1;10;1;11;1;12;1;13;1
1;1;2;16;11;4;12;4;13;4;14;4;15;4;16;4;16;3;15;3;14;3;13;3;12;3;11;3;10;3;9;3;8;3;8;2;8;1;9;1;10;1;11;1;12;1;13;1;14;1
1;0;2;16;12;4;13;4;14;4;15;4;16;4;16;3;15;3;14;3;13;3;12;3;11;3;10;3;9;3;8;3;8;2;8;1;9;1;10;1;11;1;12;1;13;1;14;1;14;0
1;3;2;16;13;4;14;4;15;4;16;4;16;3;15;3;14;3;13;3;12;3;11;3;10;3;9;3;8;3;8;2;8;1;9;1;10;1;11;1;12;1;13;1;14;1;14;0;13;0
1;3;2;16;14;4;15;4;16;4;16;3;15;3;14;3;13;3;12;3;11;3;10;3;9;3;8;3;8;2;8;1;9;1;10;1;11;1;12;1;13;1;14;1;14;0;13;0;12;0
1;3;2;16;15;4;16;4;16;3;15;3;14;3;13;3;12;3;11;3;10;3;9;3;8;3;8;2;8;1;9;1;10;1;11;1;12;1;13;1;14;1;14;0;13;0;12;0;11;0
1;3;2;16;16;4;16;3;15;3;14;3;13;3;12;3;11;3;10;3;9;3;8;3;8;2;8;1;9;1;10;1;11;1;12;1;13;1;14;1;14;0;13;0;12;0;11;0;10;0
1;3;2;16;16;3;15;3;14;3;13;3;12;3;11;3;10;3;9;3;8;3;8;2;8;1;9;1;10;1;11;1;12;1;13;1;14;1;14;0;13;0;12;0;11;0;10;0;9;0
1;3;2;16;15;3;14;3;13;3;12;3;11;3;10;3;9;3;8;3;8;2;8;1;9;1;10;1;11;1;12;1;13;1;14;1;14;0;13;0;12;0;11;0;10;0;9;0;8;0
1;3;2;16;14;3;13;3;12;3;11;3;10;3;9;3;8;3;8;2;8;1;9;1;10;1;11;1;12;1;13;1;14;1;14;0;13;0;12;0;11;0;10;0;9;0;8;0;7;0
1;3;2;16;13;3;12;3;11;3;10;3;9;3;8;3;8;2;8;1;9;1;10;1;11;1;12;1;13;1;14;1;14;0;13;0;12;0;11;0;10;0;9;0;8;0;7;0;6;0
1;3;2;16;12;3;11;3;10;3;9;3;8;3;8;2;8;1;9;1;10;1;11;1;12;1;13;1;14;1;14;0;13;0;12;0;11;0;10;0;9;0;8;0;7;0;6;0;5;0
1;3;2;16;11;3;10;3;9;3;8;3;8;2;8;1;9;1;10;1;11;1;12;1;13;1;14;1;14;0;13;0;12;0;11;0;10;0;9;0;8;0;7;0;6;0;5;0;4;0
1;3;2;16;10;3;9;3;8;3;8;2;8;1;9;1;10;1;11;1;12;1;13;1;14;1;14;0;13;0;12;0;11;0;10;0;9;0;8;0;7;0;6;0;5;0;4;0;3;0
1;3;2;16;9;3;8;3;8;2;8;1;9;1;10;1;11;1;12;1;13;1;14;1;14;0;13;0;12;0;11;0;10;0;9;0;8;0;7;0;6;0;5;0;4;0;3;0;2;0
1;2;2;16;8;3;8;2;8;1;9;1;10;1;11;1;12;1;13;1;14;1;14;0;13;0;12;0;11;0;10;0;9;0;8;0;7;0;6;0;5;0;4;0;3;0;2;0;2;1
1;2;2;16;8;2;8;1;9;1;10;1;11;1;12;1;13;1;14;1;14;0;13;0;12;0;11;0;10;0;9;0;8;0;7;0;6;0;5;0;4;0;3;0;2;0;2;1;2;2
1;2;2;16;8;1;9;1;10;1;11;1;12;1;13;1;14;1;14;0;13;0;12;0;11;0;10;0;9;0;8;0;7;0;6;0;5;0;4;0;3;0;2;0;2;1;2;2;2;3
1;2;2;16;9;1;10;1;11;1;12;1;13;1;14;1;14;0;13;0;12;0;11;0;10;0;9;0;8;0;7;0;6;0;5;0;4;0;3;0;2;0;2;1;2;2;2;3;2;4
1;2;2;16;10;1;11;1;12;1;13;1;14;1;14;0;13;0;12;0;11;0;10;0;9;0;8;0;7;0;6;0;5;0;4;0;3;0;2;0;2;1;2;2;2;3;2;4;2;5
1;2;2;16;11;1;12;1;13;1;14;1;14;0;13;0;12;0;11;0;10;0;9;0;8;0;7;0;6;0;5;0;4;0;3;0;2;0;2;1;2;2;2;3;2;4;2;5;2;6
1;2;2;16;12;1;13;1;14;1;14;0;13;0;12;0;11;0;10;0;9;0;8;0;7;0;6;0;5;0;4;0;3;0;2;0;2;1;2;2;2;3;2;4;2;5;2;6;2;7
1;2;2;16;13;1;14;1;14;0;13;0;12;0;11;0;10;0;9;0;8;0;7;0;6;0;5;0;4;0;3;0;2;0;2;1;2;2;2;3;2;4;2;5;2;6;2;7;2;8
1;2;2;16;14;1;14;0;13;0;12;0;11;0;10;0;9;0;8;0;7;0;6;0;5;0;4;0;3;0;2;0;2;1;2;2;2;3;2;4;2;5;2;6;2;7;2;8;2;9
1;2;2;16;14;0;13;0;12;0;11;0;10;0;9;0;8;0;7;0;6;0;5;0;4;0;3;0;2;0;2;1;2;2;2;3;2;4;2;5;2;6;2;7;2;8;2;9;2;10
1;2;2;16;13;0;12;0;11;0;10;0;9;0;8;0;7;0;6;0;5;0;4;0;3;0;2;0;2;1;2;2;2;3;2;4;2;5;2;6;2;7;2;8;2;9;2;10;2;11
1;2;2;16;12;0;11;0;10;0;9;0;8;0;7;0;6;0;5;0;4;0;3;0;2;0;2;1;2;2;2;3;2;4;2;5;2;6;2;7;2;8;2;9;2;10;2;11;2;12
1;2;2;16;11;0;10;0;9;0;8;0;7;0;6;0;5;0;4;0;3;0;2;0;2;1;2;2;2;3;2;4;2;5;2;6;2;7;2;8;2;9;2;10;2;11;2;12;2;13
1;2;2;16;10;0;9;0;8;0;7;0;6;0;5;0;4;0;3;0;2;0;2;1;2;2;2;3;2;4;2;5;2;6;2;7;2;8;2;9;2;10;2;11;2;12;2;13;2;14
1;2;2;16;9;0;8;0;7;0;6;0;5;0;4;0;3;0;2;0;2;1;2;2;2;3;2;4;2;5;2;6;2;7;2;8;2;9;2;10;2;11;2;12;2;13;2;14;2;15
1;2;16;8;8;0;8;0;7;0;6;0;5;0;4;0;3;0;2;0;2;1;2;2;2;3;2;4;2;5;2;6;2;7;2;8;2;9;2;10;2;11;2;12;2;13;2;14;2;15;2;16
1;3;16;8;8;0;7;0;6;0;5;0;4;0;3;0;2;0;2;1;2;2;2;3;2;4;2;5;2;6;2;7;2;8;2;9;2;10;2;11;2;12;2;13;2;14;2;15;2;16;1;16
1;0;16;8;7;0;6;0;5;0;4;0;3;0;2;0;2;1;2;2;2;3;2;4;2;5;2;6;2;7;2;8;2;9;2;10;2;11;2;12;2;13;2;14;2;15;2;16;1;16;1;15
1;0;16;8;6;0;5;0;4;0;3;0;2;0;2;1;2;2;2;3;2;4;2;5;2;6;2;7;2;8;2;9;2;10;2;11;2;12;2;13;2;14;2;15;2;16;1;16;1;15;1;14
1;0;16;8;5;0;4;0;3;0;2;0;2;1;2;2;2;3;2;4;2;5;2;6;2;7;2;8;2;9;2;10;2;11;2;12;2;13;2;14;2;15;2;16;1;16;1;15;1;14;1;13
1;0;16;8;4;0;3;0;2;0;2;1;2;2;2;3;2;4;2;5;2;6;2;7;2;8;2;9;2;10;2;11;2;12;2;13;2;14;2;15;2;16;1;16;1;15;1;14;1;13;1;12
1;0;16;8;3;0;2;0;2;1;2;2;2;3;2;4;2;5;2;6;2;7;2;8;2;9;2;10;2;11;2;12;2;13;2;14;2;15;2;16;1;16;1;15;1;14;1;13;1;12;1;11
1;0;16;8;2;0;2;1;2;2;2;3;2;4;2;5;2;6;2;7;2;8;2;9;2;10;2;11;2;12;2;13;2;14;2;15;2;16;1;16;1;15;1;14;1;13;1;12;1;11;1;10
1;0;16;8;2;1;2;2;2;3;2;4;2;5;2;6;2;7;2;8;2;9;2;10;2;11;2;12;2;13;2;14;2;15;2;16;1;16;1;15;1;14;1;13;1;12;1;11;1;10;1;9
1;0;16;8;2;2;2;3;2;4;2;5;2;6;2;7;2;8;2;9;2;10;2;11;2;12;2;13;2;14;2;15;2;16;1;16;1;15;1;14;1;13;1;12;1;11;1;10;1;9;1;8
1;0;16;8;2;3;2;4;2;5;2;6;2;7;2;8;2;9;2;10;2;11;2;12;2;13;2;14;2;15;2;16;1;16;1;15;1;14;1;13;1;12;1;11;1;10;1;9;1;8;1;7
1;0;16;8;2;4;2;5;2;6;2;7;2;8;2;9;2;10;2;11;2;12;2;13;2;14;2;15;2;16;1;16;1;15;1;14;1;13;1;12;1;11;1;10;1;9;1;8;1;7;1;6
1;3;16;8;2;5;2;6;2;7;2;8;2;9;2;10;2;11;2;12;2;13;2;14;2;15;2;16;1;16;1;15;1;14;1;13;1;12;1;11;1;10;1;9;1;8;1;7;1;6;0;6
1;2;16;8;2;6;2;7;2;8;2;9;2;10;2;11;2;12;2;13;2;14;2;15;2;16;1;16;1;15;1;14;1;13;1;12;1;11;1;10;1;9;1;8;1;7;1;6;0;6;0;7
1;2;16;8;2;7;2;8;2;9;2;10;2;11;2;12;2;13;2;14;2;15;2;16;1;16;1;15;1;14;1;13;1;12;1;11;1;10;1;9;1;8;1;7;1;6;0;6;0;7;0;8
1;2;16;8;2;8;2;9;2;10;2;11;2;12;2;13;2;14;2;15;2;16;1;16;1;15;1;14;1;13;1;12;1;11;1;10;1;9;1;8;1;7;1;6;0;6;0;7;0;8;0;9
1;2;16;8;2;9;2;10;2;11;2;12;2;13;2;14;2;15;2;16;1;16;1;15;1;14;1;13;1;12;1;11;1;10;1;9;1;8;1;7;1;6;0;6;0;7;0;8;0;9;0;10
1;2;16;8;2;10;2;11;2;12;2;13;2;14;2;15;2;16;1;16;1;15;1;14;1;13;1;12;1;11;1;10;1;9;1;8;1;7;1;6;0;6;0;7;0;8;0;9;0;10;0;11
1;2;16;8;2;11;2;12;2;13;2;14;2;15;2;16;1;16;1;15;1;14;1;13;1;12;1;11;1;10;1;9;1;8;1;7;1;6;0;6;0;7;0;8;0;9;0;10;0;11;0;12
1;2;16;8;2;12;2;13;2;14;2;15;2;16;1;16;1;15;1;14;1;13;1;12;1;11;1;10;1;9;1;8;1;7;1;6;0;6;0;7;0;8;0;9;0;10;0;11;0;12;0;13
1;2;16;8;2;13;2;14;2;15;2;16;1;16;1;15;1;14;1;13;1;12;1;11;1;10;1;9;1;8;1;7;1;6;0;6;0;7;0;8;0;9;0;10;0;11;0;12;0;13;0;14
1;2;16;8;2;14;2;15;2;16;1;16;1;15;1;14;1;13;1;12;1;11;1;10;1;9;1;8;1;7;1;6;0;6;0;7;0;8;0;9;0;10;0;11;0;12;0;13;0;14;0;15
1;2;16;8;2;15;2;16;1;16;1;15;1;14;1;13;1;12;1;11;1;10;1;9;1;8;1;7;1;6;0;6;0;7;0;8;0;9;0;10;0;11;0;12;0;13;0;14;0;15;0;16
1;2;16;8;2;16;1;16;1;15;1;14;1;13;1;12;1;11;1;10;1;9;1;8;1;7;1;6;0;6;0;7;0;8;0;9;0;10;0;11;0;12;0;13;0;14;0;15;0;16;0;17
1;2;16;8;1;16;1;15;1;14;1;13;1;12;1;11;1;10;1;9;1;8;1;7;1;6;0;6;0;7;0;8;0;9;0;10;0;11;0;12;0;13;0;14;0;15;0;16;0;17;0;18
1;1;16;8;1;15;1;14;1;13;1;12;1;11;1;10;1;9;1;8;1;7;1;6;0;6;0;7;0;8;0;9;0;10;0;11;0;12;0;13;0;14;0;15;0;16;0;17;0;18;1;18
1;1;16;8;1;14;1;13;1;12;1;11;1;10;1;9;1;8;1;7;1;6;0;6;0;7;0;8;0;9;0;10;0;11;0;12;0;13;0;14;0;15;0;16;0;17;0;18;1;18;2;18
1;0;16;8;1;13;1;12;1;11;1;10;1;9;1;8;1;7;1;6;0;6;0;7;0;8;0;9;0;10;0;11;0;12;0;13;0;14;0;15;0;16;0;17;0;18;1;18;2;18;2;17
1;0;16;8;1;12;1;11;1;10;1;9;1;8;1;7;1;6;0;6;0;7;0;8;0;9;0;10;0;11;0;12;0;13;0;14;0;15;0;16;0;17;0;18;1;18;2;18;2;17;2;16
1;0;16;8;1;11;1;10;1;9;1;8;1;7;1;6;0;6;0;7;0;8;0;9;0;10;0;11;0;12;0;13;0;14;0;15;0;16;0;17;0;18;1;18;2;18;2;17;2;16;2;15
1;0;16;8;1;10;1;9;1;8;1;7;1;6;0;6;0;7;0;8;0;9;0;10;0;11;0;12;0;13;0;14;0;15;0;16;0;17;0;18;1;18;2;18;2;17;2;16;2;15;2;14
1;0;16;8;1;9;1;8;1;7;1;6;0;6;0;7;0;8;0;9;0;10;0;11;0;12;0;13;0;14;0;15;0;16;0;17;0;18;1;18;2;18;2;17;2;16;2;15;2;14;2;13
1;0;16;8;1;8;1;7;1;6;0;6;0;7;0;8;0;9;0;10;0;11;0;12;0;13;0;14;0;15;0;16;0;17;0;18;1;18;2;18;2;17;2;16;2;15;2;14;2;13;2;12
1;0;16;8;1;7;1;6;0;6;0;7;0;8;0;9;0;10;0;11;0;12;0;13;0;14;0;15;0;16;0;17;0;18;1;18;2;18;2;17;2;16;2;15;2;14;2;13;2;12;2;11
1;0;16;8;1;6;0;6;0;7;0;8;0;9;0;10;0;11;0;12;0;13;0;14;0;15;0;16;0;17;0;18;1;18;2;18;2;17;2;16;2;15;2;14;2;13;2;12;2;11;2;10
1;0;16;8;0;6;0;7;0;8;0;9;0;10;0;11;0;12;0;13;0;14;0;15;0;16;0;17;0;18;1;18;2;18;2;17;2;16;2;15;2;14;2;13;2;12;2;11;2;10;2;9
1;0;16;8;0;7;0;8;0;9;0;10;0;11;0;12;0;13;0;14;0;15;0;16;0;17;0;18;1;18;2;18;2;17;2;16;2;15;2;14;2;13;2;12;2;11;2;10;2;9;2;8
1;1;16;8;0;8;0;9;0;10;0;11;0;12;0;13;0;14;0;15;0;16;0;17;0;18;1;18;2;18;2;17;2;16;2;15;2;14;2;13;2;12;2;11;2;10;2;9;2;8;3;8
1;1;16;8;0;9;0;10;0;11;0;12;0;13;0;14;0;15;0;16;0;17;0;18;1;18;2;18;2;17;2;16;2;15;2;14;2;13;2;12;2;11;2;10;2;9;2;8;3;8;4;8
1;1;16;8;0;10;0;11;0;12;0;13;0;14;0;15;0;16;0;17;0;18;1;18;2;18;2;17;2;16;2;15;2;14;2;13;2;12;2;11;2;10;2;9;2;8;3;8;4;8;5;8
1;1;16;8;0;11;0;12;0;13;0;14;0;15;0;16;0;17;0;18;1;18;2;18;2;17;2;16;2;15;2;14;2;13;2;12;2;11;2;10;2;9;2;8;3;8;4;8;5;8;6;8
1;1;16;8;0;12;0;13;0;14;0;15;0;16;0;17;0;18;1;18;2;18;2;17;2;16;2;15;2;14;2;13;2;12;2;11;2;10;2;9;2;8;3;8;4;8;5;8;6;8;7;8
1;1;16;8;0;13;0;14;0;15;0;16;0;17;0;18;1;18;2;18;2;17;2;16;2;15;2;14;2;13;2;12;2;11;2;10;2;9;2;8;3;8;4;8;5;8;6;8;7;8;8;8
1;1;16;8;0;14;0;15;0;16;0;17;0;18;1;18;2;18;2;17;2;16;2;15;2;14;2;13;2;12;2;11;2;10;2;9;2;8;3;8;4;8;5;8;6;8;7;8;8;8;9;8
1;1;16;8;0;15;0;16;0;17;0;18;1;18;2;18;2;17;2;16;2;15;2;14;2;13;2;12;2;11;2;10;2;9;2;8;3;8;4;8;5;8;6;8;7;8;8;8;9;8;10;8
1;1;16;8;0;16;0;17;0;18;1;18;2;18;2;17;2;16;2;15;2;14;2;13;2;12;2;11;2;10;2;9;2;8;3;8;4;8;5;8;6;8;7;8;8;8;9;8;10;8;11;8
1;1;16;8;0;17;0;18;1;18;2;18;2;17;2;16;2;15;2;14;2;13;2;12;2;11;2;10;2;9;2;8;3;8;4;8;5;8;6;8;7;8;8;8;9;8;10;8;11;8;12;8
1;1;16;8;0;18;1;18;2;18;2;17;2;16;2;15;2;14;2;13;2;12;2;11;2;10;2;9;2;8;3;8;4;8;5;8;6;8;7;8;8;8;9;8;10;8;11;8;12;8;13;8
1;1;16;8;1;18;2;18;2;17;2;16;2;15;2;14;2;13;2;12;2;11;2;10;2;9;2;8;3;8;4;8;5;8;6;8;7;8;8;8;9;8;10;8;11;8;12;8;13;8;14;8
1;1;16;8;2;18;2;17;2;16;2;15;2;14;2;13;2;12;2;11;2;10;2;9;2;8;3;8;4;8;5;8;6;8;7;8;8;8;9;8;10;8;11;8;12;8;13;8;14;8;15;8
1;2;16;8;2;17;2;16;2;15;2;14;2;13;2;12;2;11;2;10;2;9;2;8;3;8;4;8;5;8;6;8;7;8;8;8;9;8;10;8;11;8;12;8;13;8;14;8;15;8;15;9
1;1;16;8;2;16;2;15;2;14;2;13;2;12;2;11;2;10;2;9;2;8;3;8;4;8;5;8;6;8;7;8;8;8;9;8;10;8;11;8;12;8;13;8;14;8;15;8;15;9;16;9
1;0;13;16;2;15;2;15;2;14;2;13;2;12;2;11;2;10;2;9;2;8;3;8;4;8;5;8;6;8;7;8;8;8;9;8;10;8;11;8;12;8;13;8;14;8;15;8;15;9;16;9;16;8
1;0;13;16;2;15;2;14;2;13;2;12;2;11;2;10;2;9;2;8;3;8;4;8;5;8;6;8;7;8;8;8;9;8;10;8;11;8;12;8;13;8;14;8;15;8;15;9;16;9;16;8;16;7
1;3;13;16;2;14;2;13;2;12;2;11;2;10;2;9;2;8;3;8;4;8;5;8;6;8;7;8;8;8;9;8;10;8;11;8;12;8;13;8;14;8;15;8;15;9;16;9;16;8;16;7;15;7
1;3;13;16;2;13;2;12;2;11;2;10;2;9;2;8;3;8;4;8;5;8;6;8;7;8;8;8;9;8;10;8;11;8;12;8;13;8;14;8;15;8;15;9;16;9;16;8;16;7;15;7;14;7
1;3;13;16;2;12;2;11;2;10;2;9;2;8;3;8;4;8;5;8;6;8;7;8;8;8;9;8;10;8;11;8;12;8;13;8;14;8;15;8;15;9;16;9;16;8;16;7;15;7;14;7;13;7
1;3;13;16;2;11;2;10;2;9;2;8;3;8;4;8;5;8;6;8;7;8;8;8;9;8;10;8;11;8;12;8;13;8;14;8;15;8;15;9;16;9;16;8;16;7;15;7;14;7;13;7;12;7
1;3;13;16;2;10;2;9;2;8;3;8;4;8;5;8;6;8;7;8;8;8;9;8;10;8;11;8;12;8;13;8;14;8;15;8;15;9;16;9;16;8;16;7;15;7;14;7;13;7;12;7;11;7
1;3;13;16;2;9;2;8;3;8;4;8;5;8;6;8;7;8;8;8;9;8;10;8;11;8;12;8;13;8;14;8;15;8;15;9;16;9;16;8;16;7;15;7;14;7;13;7;12;7;11;7;10;7
1;3;13;16;2;8;3;8;4;8;5;8;6;8;7;8;8;8;9;8;10;8;11;8;12;8;13;8;14;8;15;8;15;9;16;9;16;8;16;7;15;7;14;7;13;7;12;7;11;7;10;7;9;7
1;3;13;16;3;8;4;8;5;8;6;8;7;8;8;8;9;8;10;8;11;8;12;8;13;8;14;8;15;8;15;9;16;9;16;8;16;7;15;7;14;7;13;7;12;7;11;7;10;7;9;7;8;7
1;3;13;16;4;8;5;8;6;8;7;8;8;8;9;8;10;8;11;8;12;8;13;8;14;8;15;8;15;9;16;9;16;8;16;7;15;7;14;7;13;7;12;7;11;7;10;7;9;7;8;7;7;7
1;0;13;16;5;8;6;8;7;8;8;8;9;8;10;8;11;8;12;8;13;8;14;8;15;8;15;9;16;9;16;8;16;7;15;7;14;7;13;7;12;7;11;7;10;7;9;7;8;7;7;7;7;6
1;1;13;16;6;8;7;8;8;8;9;8;10;8;11;8;12;8;13;8;14;8;15;8;15;9;16;9;16;8;16;7;15;7;14;7;13;7;12;7;11;7;10;7;9;7;8;7;7;7;7;6;8;6
1;1;13;16;7;8;8;8;9;8;10;8;11;8;12;8;13;8;14;8;15;8;15;9;16;9;16;8;16;7;15;7;14;7;13;7;12;7;11;7;10;7;9;7;8;7;7;7;7;6;8;6;9;6
1;1;13;16;8;8;9;8;10;8;11;8;12;8;13;8;14;8;15;8;15;9;16;9;16;8;16;7;15;7;14;7;13;7;12;7;11;7;10;7;9;7;8;7;7;7;7;6;8;6;9;6;10;6
1;1;13;16;9;8;10;8;11;8;12;8;13;8;14;8;15;8;15;9;16;9;16;8;16;7;15;7;14;7;13;7;12;7;11;7;10;7;9;7;8;7;7;7;7;6;8;6;9;6;10;6;11;6
1;1;13;16;10;8;11;8;12;8;13;8;14;8;15;8;15;9;16;9;16;8;16;7;15;7;14;7;13;7;12;7;11;7;10;7;9;7;8;7;7;7;7;6;8;6;9;6;10;6;11;6;12;6
1;1;13;16;11;8;12;8;13;8;14;8;15;8;15;9;16;9;16;8;16;7;15;7;14;7;13;7;12;7;11;7;10;7;9;7;8;7;7;7;7;6;8;6;9;6;10;6;11;6;12;6;13;6
1;1;13;16;12;8;13;8;14;8;15;8;15;9;16;9;16;8;16;7;15;7;14;7;13;7;12;7;11;7;10;7;9;7;8;7;7;7;7;6;8;6;9;6;10;6;11;6;12;6;13;6;14;6
1;0;13;16;13;8;14;8;15;8;15;9;16;9;16;8;16;7;15;7;14;7;13;7;12;7;11;7;10;7;9;7;8;7;7;7;7;6;8;6;9;6;10;6;11;6;12;6;13;6;14;6;14;5
1;3;13;16;14;8;15;8;15;9;16;9;16;8;16;7;15;7;14;7;13;7;12;7;11;7;10;7;9;7;8;7;7;7;7;6;8;6;9;6;10;6;11;6;12;6;13;6;14;6;14;5;13;5
1;3;13;16;15;8;15;9;16;9;16;8;16;7;15;7;14;7;13;7;12;7;11;7;10;7;9;7;8;7;7;7;7;6;8;6;9;6;10;6;11;6;12;6;13;6;14;6;14;5;13;5;12;5
1;3;13;16;15;9;16;9;16;8;16;7;15;7;14;7;13;7;12;7;11;7;10;7;9;7;8;7;7;7;7;6;8;6;9;6;10;6;11;6;12;6;13;6;14;6;14;5;13;5;12;5;11;5
1;3;13;16;16;9;16;8;16;7;15;7;14;7;13;7;12;7;11;7;10;7;9;7;8;7;7;7;7;6;8;6;9;6;10;6;11;6;12;6;13;6;14;6;14;5;13;5;12;5;11;5;10;5
1;3;13;16;16;8;16;7;15;7;14;7;13;7;12;7;11;7;10;7;9;7;8;7;7;7;7;6;8;6;9;6;10;6;11;6;12;6;13;6;14;6;14;5;13;5;12;5;11;5;10;5;9;5
1;3;13;16;16;7;15;7;14;7;13;7;12;7;11;7;10;7;9;7;8;7;7;7;7;6;8;6;9;6;10;6;11;6;12;6;13;6;14;6;14;5;13;5;12;5;11;5;10;5;9;5;8;5
1;3;13;16;15;7;14;7;13;7;12;7;11;7;10;7;9;7;8;7;7;7;7;6;8;6;9;6;10;6;11;6;12;6;13;6;14;6;14;5;13;5;12;5;11;5;10;5;9;5;8;5;7;5
1;0;13;16;14;7;13;7;12;7;11;7;10;7;9;7;8;7;7;7;7;6;8;6;9;6;10;6;11;6;12;6;13;6;14;6;14;5;13;5;12;5;11;5;10;5;9;5;8;5;7;5;7;4
1;1;13;16;13;7;12;7;11;7;10;7;9;7;8;7;7;7;7;6;8;6;9;6;10;6;11;6;12;6;13;6;14;6;14;5;13;5;12;5;11;5;10;5;9;5;8;5;7;5;7;4;8;4
1;1;13;16;12;7;11;7;10;7;9;7;8;7;7;7;7;6;8;6;9;6;10;6;11;6;12;6;13;6;14;6;14;5;13;5;12;5;11;5;10;5;9;5;8;5;7;5;7;4;8;4;9;4
1;1;13;16;11;7;10;7;9;7;8;7;7;7;7;6;8;6;9;6;10;6;11;6;12;6;13;6;14;6;14;5;13;5;12;5;11;5;10;5;9;5;8;5;7;5;7;4;8;4;9;4;10;4
1;1;13;16;10;7;9;7;8;7;7;7;7;6;8;6;9;6;10;6;11;6;12;6;13;6;14;6;14;5;13;5;12;5;11;5;10;5;9;5;8;5;7;5;7;4;8;4;9;4;10;4;11;4
1;1;13;16;9;7;8;7;7;7;7;6;8;6;9;6;10;6;11;6;12;6;13;6;14;6;14;5;13;5;12;5;11;5;10;5;9;5;8;5;7;5;7;4;8;4;9;4;10;4;11;4;12;4
1;1;13;16;8;7;7;7;7;6;8;6;9;6;10;6;11;6;12;6;13;6;14;6;14;5;13;5;12;5;11;5;10;5;9;5;8;5;7;5;7;4;8;4;9;4;10;4;11;4;12;4;13;4
1;0;13;16;7;7;7;6;8;6;9;6;10;6;11;6;12;6;13;6;14;6;14;5;13;5;12;5;11;5;10;5;9;5;8;5;7;5;7;4;8;4;9;4;10;4;11;4;12;4;13;4;13;3
1;3;13;16;7;6;8;6;9;6;10;6;11;6;12;6;13;6;14;6;14;5;13;5;12;5;11;5;10;5;9;5;8;5;7;5;7;4;8;4;9;4;10;4;11;4;12;4;13;4;13;3;12;3
1;3;13;16;8;6;9;6;10;6;11;6;12;6;13;6;14;6;14;5;13;5;12;5;11;5;10;5;9;5;8;5;7;5;7;4;8;4;9;4;10;4;11;4;12;4;13;4;13;3;12;3;11;3
1;3;13;16;9;6;10;6;11;6;12;6;13;6;14;6;14;5;13;5;12;5;11;5;10;5;9;5;8;5;7;5;7;4;8;4;9;4;10;4;11;4;12;4;13;4;13;3;12;3;11;3;10;3
1;3;13;16;10;6;11;6;12;6;13;6;14;6;14;5;13;5;12;5;11;5;10;5;9;5;8;5;7;5;7;4;8;4;9;4;10;4;11;4;12;4;13;4;13;3;12;3;11;3;10;3;9;3
1;3;13;16;11;6;12;6;13;6;14;6;14;5;13;5;12;5;11;5;10;5;9;5;8;5;7;5;7;4;8;4;9;4;10;4;11;4;12;4;13;4;13;3;12;3;11;3;10;3;9;3;8;3
1;3;13;16;12;6;13;6;14;6;14;5;13;5;12;5;11;5;10;5;9;5;8;5;7;5;7;4;8;4;9;4;10;4;11;4;12;4;13;4;13;3;12;3;11;3;10;3;9;3;8;3;7;3
1;3;13;16;13;6;14;6;14;5;13;5;12;5;11;5;10;5;9;5;8;5;7;5;7;4;8;4;9;4;10;4;11;4;12;4;13;4;13;3;12;3;11;3;10;3;9;3;8;3;7;3;6;3
1;0;13;16;14;6;14;5;13;5;12;5;11;5;10;5;9;5;8;5;7;5;7;4;8;4;9;4;10;4;11;4;12;4;13;4;13;3;12;3;11;3;10;3;9;3;8;3;7;3;6;3;6;2
1;1;13;16;14;5;13;5;12;5;11;5;10;5;9;5;8;5;7;5;7;4;8;4;9;4;10;4;11;4;12;4;13;4;13;3;12;3;11;3;10;3;9;3;8;3;7;3;6;3;6;2;7;2
1;1;13;16;13;5;12;5;11;5;10;5;9;5;8;5;7;5;7;4;8;4;9;4;10;4;11;4;12;4;13;4;13;3;12;3;11;3;10;3;9;3;8;3;7;3;6;3;6;2;7;2;8;2
1;1;13;16;12;5;11;5;10;5;9;5;8;5;7;5;7;4;8;4;9;4;10;4;11;4;12;4;13;4;13;3;12;3;11;3;10;3;9;3;8;3;7;3;6;3;6;2;7;2;8;2;9;2
1;1;13;16;11;5;10;5;9;5;8;5;7;5;7;4;8;4;9;4;10;4;11;4;12;4;13;4;13;3;12;3;11;3;10;3;9;3;8;3;7;3;6;3;6;2;7;2;8;2;9;2;10;2
1;1;13;16;10;5;9;5;8;5;7;5;7;4;8;4;9;4;10;4;11;4;12;4;13;4;13;3;12;3;11;3;10;3;9;3;8;3;7;3;6;3;6;2;7;2;8;2;9;2;10;2;11;2
1;1;13;16;9;5;8;5;7;5;7;4;8;4;9;4;10;4;11;4;12;4;13;4;13;3;12;3;11;3;10;3;9;3;8;3;7;3;6;3;6;2;7;2;8;2;9;2;10;2;11;2;12;2
1;0;13;16;8;5;7;5;7;4;8;4;9;4;10;4;11;4;12;4;13;4;13;3;12;3;11;3;10;3;9;3;8;3;7;3;6;3;6;2;7;2;8;2;9;2;10;2;11;2;12;2;12;1
1;3;13;16;7;5;7;4;8;4;9;4;10;4;11;4;12;4;13;4;13;3;12;3;11;3;10;3;9;3;8;3;7;3;6;3;6;2;7;2;8;2;9;2;10;2;11;2;12;2;12;1;11;1
1;3;13;16;7;4;8;4;9;4;10;4;11;4;12;4;13;4;13;3;12;3;11;3;10;3;9;3;8;3;7;3;6;3;6;2;7;2;8;2;9;2;10;2;11;2;12;2;12;1;11;1;10;1
1;3;13;16;8;4;9;4;10;4;11;4;12;4;13;4;13;3;12;3;11;3;10;3;9;3;8;3;7;3;6;3;6;2;7;2;8;2;9;2;10;2;11;2;12;2;12;1;11;1;10;1;9;1
1;3;13;16;9;4;10;4;11;4;12;4;13;4;13;3;12;3;11;3;10;3;9;3;8;3;7;3;6;3;6;2;7;2;8;2;9;2;10;2;11;2;12;2;12;1;11;1;10;1;9;1;8;1
1;3;13;16;10;4;11;4;12;4;13;4;13;3;12;3;11;3;10;3;9;3;8;3;7;3;6;3;6;2;7;2;8;2;9;2;10;2;11;2;12;2;12;1;11;1;10;1;9;1;8;1;7;1
1;3;13;16;11;4;12;4;13;4;13;3;12;3;11;3;10;3;9;3;8;3;7;3;6;3;6;2;7;2;8;2;9;2;10;2;11;2;12;2;12;1;11;1;10;1;9;1;8;1;7;1;6;1
1;0;13;16;12;4;13;4;13;3;12;3;11;3;10;3;9;3;8;3;7;3;6;3;6;2;7;2;8;2;9;2;10;2;11;2;12;2;12;1;11;1;10;1;9;1;8;1;7;1;6;1;6;0
1;1;13;16;13;4;13;3;12;3;11;3;10;3;9;3;8;3;7;3;6;3;6;2;7;2;8;2;9;2;10;2;11;2;12;2;12;1;11;1;10;1;9;1;8;1;7;1;6;1;6;0;7;0
1;1;13;16;13;3;12;3;11;3;10;3;9;3;8;3;7;3;6;3;6;2;7;2;8;2;9;2;10;2;11;2;12;2;12;1;11;1;10;1;9;1;8;1;7;1;6;1;6;0;7;0;8;0
1;1;13;16;12;3;11;3;10;3;9;3;8;3;7;3;6;3;6;2;7;2;8;2;9;2;10;2;11;2;12;2;12;1;11;1;10;1;9;1;8;1;7;1;6;1;6;0;7;0;8;0;9;0
1;1;13;16;11;3;10;3;9;3;8;3;7;3;6;3;6;2;7;2;8;2;9;2;10;2;11;2;12;2;12;1;11;1;10;1;9;1;8;1;7;1;6;1;6;0;7;0;8;0;9;0;10;0
1;1;13;16;10;3;9;3;8;3;7;3;6;3;6;2;7;2;8;2;9;2;10;2;11;2;12;2;12;1;11;1;10;1;9;1;8;1;7;1;6;1;6;0;7;0;8;0;9;0;10;0;11;0
1;1;13;16;9;3;8;3;7;3;6;3;6;2;7;2;8;2;9;2;10;2;11;2;12;2;12;1;11;1;10;1;9;1;8;1;7;1;6;1;6;0;7;0;8;0;9;0;10;0;11;0;12;0
1;1;13;16;8;3;7;3;6;3;6;2;7;2;8;2;9;2;10;2;11;2;12;2;12;1;11;1;10;1;9;1;8;1;7;1;6;1;6;0;7;0;8;0;9;0;10;0;11;0;12;0;13;0
1;2;13;16;7;3;6;3;6;2;7;2;8;2;9;2;10;2;11;2;12;2;12;1;11;1;10;1;9;1;8;1;7;1;6;1;6;0;7;0;8;0;9;0;10;0;11;0;12;0;13;0;13;1
1;2;13;16;6;3;6;2;7;2;8;2;9;2;10;2;11;2;12;2;12;1;11;1;10;1;9;1;8;1;7;1;6;1;6;0;7;0;8;0;9;0;10;0;11;0;12;0;13;0;13;1;13;2
1;2;13;16;6;2;7;2;8;2;9;2;10;2;11;2;12;2;12;1;11;1;10;1;9;1;8;1;7;1;6;1;6;0;7;0;8;0;9;0;10;0;11;0;12;0;13;0;13;1;13;2;13;3
1;2;13;16;7;2;8;2;9;2;10;2;11;2;12;2;12;1;11;1;10;1;9;1;8;1;7;1;6;1;6;0;7;0;8;0;9;0;10;0;11;0;12;0;13;0;13;1;13;2;13;3;13;4
1;2;13;16;8;2;9;2;10;2;11;2;12;2;12;1;11;1;10;1;9;1;8;1;7;1;6;1;6;0;7;0;8;0;9;0;10;0;11;0;12;0;13;0;13;1;13;2;13;3;13;4;13;5
1;2;13;16;9;2;10;2;11;2;12;2;12;1;11;1;10;1;9;1;8;1;7;1;6;1;6;0;7;0;8;0;9;0;10;0;11;0;12;0;13;0;13;1;13;2;13;3;13;4;13;5;13;6
1;2;13;16;10;2;11;2;12;2;12;1;11;1;10;1;9;1;8;1;7;1;6;1;6;0;7;0;8;0;9;0;10;0;11;0;12;0;13;0;13;1;13;2;13;3;13;4;13;5;13;6;13;7
1;2;13;16;11;2;12;2;12;1;11;1;10;1;9;1;8;1;7;1;6;1;6;0;7;0;8;0;9;0;10;0;11;0;12;0;13;0;13;1;13;2;13;3;13;4;13;5;13;6;13;7;13;8
1;2;13;16;12;2;12;1;11;1;10;1;9;1;8;1;7;1;6;1;6;0;7;0;8;0;9;0;10;0;11;0;12;0;13;0;13;1;13;2;13;3;13;4;13;5;13;6;13;7;13;8;13;9
1;2;13;16;12;1;11;1;10;1;9;1;8;1;7;1;6;1;6;0;7;0;8;0;9;0;10;0;11;0;12;0;13;0;13;1;13;2;13;3;13;4;13;5;13;6;13;7;13;8;13;9;13;10
1;2;13;16;11;1;10;1;9;1;8;1;7;1;6;1;6;0;7;0;8;0;9;0;10;0;11;0;12;0;13;0;13;1;13;2;13;3;13;4;13;5;13;6;13;7;13;8;13;9;13;10;13;11
1;2;13;16;10;1;9;1;8;1;7;1;6;1;6;0;7;0;8;0;9;0;10;0;11;0;12;0;13;0;13;1;13;2;13;3;13;4;13;5;13;6;13;7;13;8;13;9;13;10;13;11;13;12
1;2;13;16;9;1;8;1;7;1;6;1;6;0;7;0;8;0;9;0;10;0;11;0;12;0;13;0;13;1;13;2;13;3;13;4;13;5;13;6;13;7;13;8;13;9;13;10;13;11;13;12;13;13
1;2;13;16;8;1;7;1;6;1;6;0;7;0;8;0;9;0;10;0;11;0;12;0;13;0;13;1;13;2;13;3;13;4;13;5;13;6;13;7;13;8;13;9;13;10;13;11;13;12;13;13;13;14
1;2;13;16;7;1;6;1;6;0;7;0;8;0;9;0;10;0;11;0;12;0;13;0;13;1;13;2;13;3;13;4;13;5;13;6;13;7;13;8;13;9;13;10;13;11;13;12;13;13;13;14;13;15
1;2;4;0;6;1;6;1;6;0;7;0;8;0;9;0;10;0;11;0;12;0;13;0;13;1;13;2;13;3;13;4;13;5;13;6;13;7;13;8;13;9;13;10;13;11;13;12;13;13;13;14;13;15;13;16
1;1;4;0;6;1;6;0;7;0;8;0;9;0;10;0;11;0;12;0;13;0;13;1;13;2;13;3;13;4;13;5;13;6;13;7;13;8;13;9;13;10;13;11;13;12;13;13;13;14;13;15;13;16;14;16
1;0;4;0;6;0;7;0;8;0;9;0;10;0;11;0;12;0;13;0;13;1;13;2;13;3;13;4;13;5;13;6;13;7;13;8;13;9;13;10;13;11;13;12;13;13;13;14;13;15;13;16;14;16;14;15
1;0;4;0;7;0;8;0;9;0;10;0;11;0;12;0;13;0;13;1;13;2;13;3;13;4;13;5;13;6;13;7;13;8;13;9;13;10;13;11;13;12;13;13;13;14;13;15;13;16;14;16;14;15;14;14
1;0;4;0;8;0;9;0;10;0;11;0;12;0;13;0;13;1;13;2;13;3;13;4;13;5;13;6;13;7;13;8;13;9;13;10;13;11;13;12;13;13;13;14;13;15;13;16;14;16;14;15;14;14;14;13
1;0;4;0;9;0;10;0;11;0;12;0;13;0;13;1;13;2;13;3;13;4;13;5;13;6;13;7;13;8;13;9;13;10;13;11;13;12;13;13;13;14;13;15;13;16;14;16;14;15;14;14;14;13;14;12
1;0;4;0;10;0;11;0;12;0;13;0;13;1;13;2;13;3;13;4;13;5;13;6;13;7;13;8;13;9;13;10;13;11;13;12;13;13;13;14;13;15;13;16;14;16;14;15;14;14;14;13;14;12;14;11
1;0;4;0;11;0;12;0;13;0;13;1;13;2;13;3;13;4;13;5;13;6;13;7;13;8;13;9;13;10;13;11;13;12;13;13;13;14;13;15;13;16;14;16;14;15;14;14;14;13;14;12;14;11;14;10
1;0;4;0;12;0;13;0;13;1;13;2;13;3;13;4;13;5;13;6;13;7;13;8;13;9;13;10;13;11;13;12;13;13;13;14;13;15;13;16;14;16;14;15;14;14;14;13;14;12;14;11;14;10;14;9
1;0;4;0;13;0;13;1;13;2;13;3;13;4;13;5;13;6;13;7;13;8;13;9;13;10;13;11;13;12;13;13;13;14;13;15;13;16;14;16;14;15;14;14;14;13;14;12;14;11;14;10;14;9;14;8
1;0;4;0;13;1;13;2;13;3;13;4;13;5;13;6;13;7;13;8;13;9;13;10;13;11;13;12;13;13;13;14;13;15;13;16;14;16;14;15;14;14;14;13;14;12;14;11;14;10;14;9;14;8;14;7
1;0;4;0;13;2;13;3;13;4;13;5;13;6;13;7;13;8;13;9;13;10;13;11;13;12;13;13;13;14;13;15;13;16;14;16;14;15;14;14;14;13;14;12;14;11;14;10;14;9;14;8;14;7;14;6
1;0;4;0;13;3;13;4;13;5;13;6;13;7;13;8;13;9;13;10;13;11;13;12;13;13;13;14;13;15;13;16;14;16;14;15;14;14;14;13;14;12;14;11;14;10;14;9;14;8;14;7;14;6;14;5
1;0;4;0;13;4;13;5;13;6;13;7;13;8;13;9;13;10;13;11;13;12;13;13;13;14;13;15;13;16;14;16;14;15;14;14;14;13;14;12;14;11;14;10;14;9;14;8;14;7;14;6;14;5;14;4
1;1;4;0;13;5;13;6;13;7;13;8;13;9;13;10;13;11;13;12;13;13;13;14;13;15;13;16;14;16;14;15;14;14;14;13;14;12;14;11;14;10;14;9;14;8;14;7;14;6;14;5;14;4;15;4
1;1;4;0;13;6;13;7;13;8;13;9;13;10;13;11;13;12;13;13;13;14;13;15;13;16;14;16;14;15;14;14;14;13;14;12;14;11;14;10;14;9;14;8;14;7;14;6;14;5;14;4;15;4;16;4
1;2;4;0;13;7;13;8;13;9;13;10;13;11;13;12;13;13;13;14;13;15;13;16;14;16;14;15;14;14;14;13;14;12;14;11;14;10;14;9;14;8;14;7;14;6;14;5;14;4;15;4;16;4;16;5
1;2;4;0;13;8;13;9;13;10;13;11;13;12;13;13;13;14;13;15;13;16;14;16;14;15;14;14;14;13;14;12;14;11;14;10;14;9;14;8;14;7;14;6;14;5;14;4;15;4;16;4;16;5;16;6
1;2;4;0;13;9;13;10;13;11;13;12;13;13;13;14;13;15;13;16;14;16;14;15;14;14;14;13;14;12;14;11;14;10;14;9;14;8;14;7;14;6;14;5;14;4;15;4;16;4;16;5;16;6;16;7
1;2;4;0;13;10;13;11;13;12;13;13;13;14;13;15;13;16;14;16;14;15;14;14;14;13;14;12;14;11;14;10;14;9;14;8;14;7;14;6;14;5;14;4;15;4;16;4;16;5;16;6;16;7;16;8
1;2;4;0;13;11;13;12;13;13;13;14;13;15;13;16;14;16;14;15;14;14;14;13;14;12;14;11;14;10;14;9;14;8;14;7;14;6;14;5;14;4;15;4;16;4;16;5;16;6;16;7;16;8;16;9
1;2;4;0;13;12;13;13;13;14;13;15;13;16;14;16;14;15;14;14;14;13;14;12;14;11;14;10;14;9;14;8;14;7;14;6;14;5;14;4;15;4;16;4;16;5;16;6;16;7;16;8;16;9;16;10
1;2;4;0;13;13;13;14;13;15;13;16;14;16;14;15;14;14;14;13;14;12;14;11;14;10;14;9;14;8;14;7;14;6;14;5;14;4;15;4;16;4;16;5;16;6;16;7;16;8;16;9;16;10;16;11
1;3;4;0;13;14;13;15;13;16;14;16;14;15;14;14;14;13;14;12;14;11;14;10;14;9;14;8;14;7;14;6;14;5;14;4;15;4;16;4;16;5;16;6;16;7;16;8;16;9;16;10;16;11;15;11
1;0;4;0;13;15;13;16;14;16;14;15;14;14;14;13;14;12;14;11;14;10;14;9;14;8;14;7;14;6;14;5;14;4;15;4;16;4;16;5;16;6;16;7;16;8;16;9;16;10;16;11;15;11;15;10
1;0;4;0;13;16;14;16;14;15;14;14;14;13;14;12;14;11;14;10;14;9;14;8;14;7;14;6;14;5;14;4;15;4;16;4;16;5;16;6;16;7;16;8;16;9;16;10;16;11;15;11;15;10;15;9
1;0;4;0;14;16;14;15;14;14;14;13;14;12;14;11;14;10;14;9;14;8;14;7;14;6;14;5;14;4;15;4;16;4;16;5;16;6;16;7;16;8;16;9;16;10;16;11;15;11;15;10;15;9;15;8
1;0;4;0;14;15;14;14;14;13;14;12;14;11;14;10;14;9;14;8;14;7;14;6;14;5;14;4;15;4;16;4;16;5;16;6;16;7;16;8;16;9;16;10;16;11;15;11;15;10;15;9;15;8;15;7
1;0;4;0;14;14;14;13;14;12;14;11;14;10;14;9;14;8;14;7;14;6;14;5;14;4;15;4;16;4;16;5;16;6;16;7;16;8;16;9;16;10;16;11;15;11;15;10;15;9;15;8;15;7;15;6
1;0;4;0;14;13;14;12;14;11;14;10;14;9;14;8;14;7;14;6;14;5;14;4;15;4;16;4;16;5;16;6;16;7;16;8;16;9;16;10;16;11;15;11;15;10;15;9;15;8;15;7;15;6;15;5
