20
1;1;5;9;8;10;9;10;10;10
1;0;5;9;9;10;10;10;10;9
1;3;5;9;10;10;10;9;9;9
1;3;5;9;10;9;9;9;8;9
1;3;5;9;9;9;8;9;7;9
1;3;5;9;8;9;7;9;6;9
1;3;11;3;7;9;7;9;6;9;5;9
1;0;11;3;7;9;6;9;5;9;5;8
1;1;11;3;6;9;5;9;5;8;6;8
1;1;11;3;5;9;5;8;6;8;7;8
1;1;11;3;5;8;6;8;7;8;8;8
1;1;11;3;6;8;7;8;8;8;9;8
1;1;11;3;7;8;8;8;9;8;10;8
1;1;11;3;8;8;9;8;10;8;11;8
1;0;11;3;9;8;10;8;11;8;11;7
1;0;11;3;10;8;11;8;11;7;11;6
1;0;11;3;11;8;11;7;11;6;11;5
1;0;11;3;11;7;11;6;11;5;11;4
1;0;10;16;11;6;11;6;11;5;11;4;11;3
1;3;10;16;11;6;11;5;11;4;11;3;10;3
1;2;10;16;11;5;11;4;11;3;10;3;10;4
1;2;10;16;11;4;11;3;10;3;10;4;10;5
1;2;10;16;11;3;10;3;10;4;10;5;10;6
1;2;10;16;10;3;10;4;10;5;10;6;10;7
1;2;10;16;10;4;10;5;10;6;10;7;10;8
1;2;10;16;10;5;10;6;10;7;10;8;10;9
1;2;10;16;10;6;10;7;10;8;10;9;10;10
1;2;10;16;10;7;10;8;10;9;10;10;10;11
1;2;10;16;10;8;10;9;10;10;10;11;10;12
1;2;10;16;10;9;10;10;10;11;10;12;10;13
1;2;10;16;10;10;10;11;10;12;10;13;10;14
1;2;10;16;10;11;10;12;10;13;10;14;10;15
1;2;8;2;10;12;10;12;10;13;10;14;10;15;10;16
1;3;8;2;10;12;10;13;10;14;10;15;10;16;9;16
1;3;8;2;10;13;10;14;10;15;10;16;9;16;8;16
1;0;8;2;10;14;10;15;10;16;9;16;8;16;8;15
1;0;8;2;10;15;10;16;9;16;8;16;8;15;8;14
1;0;8;2;10;16;9;16;8;16;8;15;8;14;8;13
1;0;8;2;9;16;8;16;8;15;8;14;8;13;8;12
1;0;8;2;8;16;8;15;8;14;8;13;8;12;8;11
1;0;8;2;8;15;8;14;8;13;8;12;8;11;8;10
1;0;8;2;8;14;8;13;8;12;8;11;8;10;8;9
1;0;8;2;8;13;8;12;8;11;8;10;8;9;8;8
1;0;8;2;8;12;8;11;8;10;8;9;8;8;8;7
1;0;8;2;8;11;8;10;8;9;8;8;8;7;8;6
1;0;8;2;8;10;8;9;8;8;8;7;8;6;8;5
1;0;8;2;8;9;8;8;8;7;8;6;8;5;8;4
1;0;8;2;8;8;8;7;8;6;8;5;8;4;8;3
1;0;17;8;8;7;8;7;8;6;8;5;8;4;8;3;8;2
1;1;17;8;8;7;8;6;8;5;8;4;8;3;8;2;9;2
1;2;17;8;8;6;8;5;8;4;8;3;8;2;9;2;9;3
1;2;17;8;8;5;8;4;8;3;8;2;9;2;9;3;9;4
1;2;17;8;8;4;8;3;8;2;9;2;9;3;9;4;9;5
1;2;17;8;8;3;8;2;9;2;9;3;9;4;9;5;9;6
1;2;17;8;8;2;9;2;9;3;9;4;9;5;9;6;9;7
1;2;17;8;9;2;9;3;9;4;9;5;9;6;9;7;9;8
1;1;17;8;9;3;9;4;9;5;9;6;9;7;9;8;10;8
1;1;17;8;9;4;9;5;9;6;9;7;9;8;10;8;11;8
1;1;17;8;9;5;9;6;9;7;9;8;10;8;11;8;12;8
1;1;17;8;9;6;9;7;9;8;10;8;11;8;12;8;13;8
1;1;17;8;9;7;9;8;10;8;11;8;12;8;13;8;14;8
1;1;17;8;9;8;10;8;11;8;12;8;13;8;14;8;15;8
1;1;17;8;10;8;11;8;12;8;13;8;14;8;15;8;16;8
1;1;0;7;11;8;11;8;12;8;13;8;14;8;15;8;16;8;17;8
1;0;0;7;11;8;12;8;13;8;14;8;15;8;16;8;17;8;17;7
1;3;0;7;12;8;13;8;14;8;15;8;16;8;17;8;17;7;16;7
1;3;0;7;13;8;14;8;15;8;16;8;17;8;17;7;16;7;15;7
1;3;0;7;14;8;15;8;16;8;17;8;17;7;16;7;15;7;14;7
1;3;0;7;15;8;16;8;17;8;17;7;16;7;15;7;14;7;13;7
1;3;0;7;16;8;17;8;17;7;16;7;15;7;14;7;13;7;12;7
1;3;0;7;17;8;17;7;16;7;15;7;14;7;13;7;12;7;11;7
1;3;0;7;17;7;16;7;15;7;14;7;13;7;12;7;11;7;10;7
1;3;0;7;16;7;15;7;14;7;13;7;12;7;11;7;10;7;9;7
1;3;0;7;15;7;14;7;13;7;12;7;11;7;10;7;9;7;8;7
1;3;0;7;14;7;13;7;12;7;11;7;10;7;9;7;8;7;7;7
1;3;0;7;13;7;12;7;11;7;10;7;9;7;8;7;7;7;6;7
1;3;0;7;12;7;11;7;10;7;9;7;8;7;7;7;6;7;5;7
1;3;0;7;11;7;10;7;9;7;8;7;7;7;6;7;5;7;4;7
1;3;0;7;10;7;9;7;8;7;7;7;6;7;5;7;4;7;3;7
1;3;0;7;9;7;8;7;7;7;6;7;5;7;4;7;3;7;2;7
1;3;0;7;8;7;7;7;6;7;5;7;4;7;3;7;2;7;1;7
1;3;0;10;7;7;7;7;6;7;5;7;4;7;3;7;2;7;1;7;0;7
1;2;0;10;7;7;6;7;5;7;4;7;3;7;2;7;1;7;0;7;0;8
1;2;0;10;6;7;5;7;4;7;3;7;2;7;1;7;0;7;0;8;0;9
1;2;13;9;5;7;5;7;4;7;3;7;2;7;1;7;0;7;0;8;0;9;0;10
1;1;13;9;5;7;4;7;3;7;2;7;1;7;0;7;0;8;0;9;0;10;1;10
1;1;13;9;4;7;3;7;2;7;1;7;0;7;0;8;0;9;0;10;1;10;2;10
1;1;13;9;3;7;2;7;1;7;0;7;0;8;0;9;0;10;1;10;2;10;3;10
1;1;13;9;2;7;1;7;0;7;0;8;0;9;0;10;1;10;2;10;3;10;4;10
1;0;13;9;1;7;0;7;0;8;0;9;0;10;1;10;2;10;3;10;4;10;4;9
1;1;13;9;0;7;0;8;0;9;0;10;1;10;2;10;3;10;4;10;4;9;5;9
1;1;13;9;0;8;0;9;0;10;1;10;2;10;3;10;4;10;4;9;5;9;6;9
1;1;13;9;0;9;0;10;1;10;2;10;3;10;4;10;4;9;5;9;6;9;7;9
1;1;13;9;0;10;1;10;2;10;3;10;4;10;4;9;5;9;6;9;7;9;8;9
1;1;13;9;1;10;2;10;3;10;4;10;4;9;5;9;6;9;7;9;8;9;9;9
1;1;13;9;2;10;3;10;4;10;4;9;5;9;6;9;7;9;8;9;9;9;10;9
1;1;13;9;3;10;4;10;4;9;5;9;6;9;7;9;8;9;9;9;10;9;11;9
1;1;13;9;4;10;4;9;5;9;6;9;7;9;8;9;9;9;10;9;11;9;12;9
1;1;18;13;4;9;4;9;5;9;6;9;7;9;8;9;9;9;10;9;11;9;12;9;13;9
1;2;18;13;4;9;5;9;6;9;7;9;8;9;9;9;10;9;11;9;12;9;13;9;13;10
1;2;18;13;5;9;6;9;7;9;8;9;9;9;10;9;11;9;12;9;13;9;13;10;13;11
1;2;18;13;6;9;7;9;8;9;9;9;10;9;11;9;12;9;13;9;13;10;13;11;13;12
1;2;18;13;7;9;8;9;9;9;10;9;11;9;12;9;13;9;13;10;13;11;13;12;13;13
1;1;18;13;8;9;9;9;10;9;11;9;12;9;13;9;13;10;13;11;13;12;13;13;14;13
1;1;18;13;9;9;10;9;11;9;12;9;13;9;13;10;13;11;13;12;13;13;14;13;15;13
1;1;18;13;10;9;11;9;12;9;13;9;13;10;13;11;13;12;13;13;14;13;15;13;16;13
1;1;18;13;11;9;12;9;13;9;13;10;13;11;13;12;13;13;14;13;15;13;16;13;17;13
1;1;8;16;12;9;12;9;13;9;13;10;13;11;13;12;13;13;14;13;15;13;16;13;17;13;18;13
1;2;8;16;12;9;13;9;13;10;13;11;13;12;13;13;14;13;15;13;16;13;17;13;18;13;18;14
1;3;8;16;13;9;13;10;13;11;13;12;13;13;14;13;15;13;16;13;17;13;18;13;18;14;17;14
1;3;8;16;13;10;13;11;13;12;13;13;14;13;15;13;16;13;17;13;18;13;18;14;17;14;16;14
1;3;8;16;13;11;13;12;13;13;14;13;15;13;16;13;17;13;18;13;18;14;17;14;16;14;15;14
1;3;8;16;13;12;13;13;14;13;15;13;16;13;17;13;18;13;18;14;17;14;16;14;15;14;14;14
1;3;8;16;13;13;14;13;15;13;16;13;17;13;18;13;18;14;17;14;16;14;15;14;14;14;13;14
1;3;8;16;14;13;15;13;16;13;17;13;18;13;18;14;17;14;16;14;15;14;14;14;13;14;12;14
1;3;8;16;15;13;16;13;17;13;18;13;18;14;17;14;16;14;15;14;14;14;13;14;12;14;11;14
1;3;8;16;16;13;17;13;18;13;18;14;17;14;16;14;15;14;14;14;13;14;12;14;11;14;10;14
1;3;8;16;17;13;18;13;18;14;17;14;16;14;15;14;14;14;13;14;12;14;11;14;10;14;9;14
1;3;8;16;18;13;18;14;17;14;16;14;15;14;14;14;13;14;12;14;11;14;10;14;9;14;8;14
1;2;8;16;18;14;17;14;16;14;15;14;14;14;13;14;12;14;11;14;10;14;9;14;8;14;8;15
1;2;0;12;17;14;17;14;16;14;15;14;14;14;13;14;12;14;11;14;10;14;9;14;8;14;8;15;8;16
1;3;0;12;17;14;16;14;15;14;14;14;13;14;12;14;11;14;10;14;9;14;8;14;8;15;8;16;7;16
1;0;0;12;16;14;15;14;14;14;13;14;12;14;11;14;10;14;9;14;8;14;8;15;8;16;7;16;7;15
1;0;0;12;15;14;14;14;13;14;12;14;11;14;10;14;9;14;8;14;8;15;8;16;7;16;7;15;7;14
1;0;0;12;14;14;13;14;12;14;11;14;10;14;9;14;8;14;8;15;8;16;7;16;7;15;7;14;7;13
1;0;0;12;13;14;12;14;11;14;10;14;9;14;8;14;8;15;8;16;7;16;7;15;7;14;7;13;7;12
1;3;0;12;12;14;11;14;10;14;9;14;8;14;8;15;8;16;7;16;7;15;7;14;7;13;7;12;6;12
1;3;0;12;11;14;10;14;9;14;8;14;8;15;8;16;7;16;7;15;7;14;7;13;7;12;6;12;5;12
1;3;0;12;10;14;9;14;8;14;8;15;8;16;7;16;7;15;7;14;7;13;7;12;6;12;5;12;4;12
1;3;0;12;9;14;8;14;8;15;8;16;7;16;7;15;7;14;7;13;7;12;6;12;5;12;4;12;3;12
1;3;0;12;8;14;8;15;8;16;7;16;7;15;7;14;7;13;7;12;6;12;5;12;4;12;3;12;2;12
1;3;0;12;8;15;8;16;7;16;7;15;7;14;7;13;7;12;6;12;5;12;4;12;3;12;2;12;1;12
1;3;8;12;8;16;8;16;7;16;7;15;7;14;7;13;7;12;6;12;5;12;4;12;3;12;2;12;1;12;0;12
1;0;8;12;8;16;7;16;7;15;7;14;7;13;7;12;6;12;5;12;4;12;3;12;2;12;1;12;0;12;0;11
1;1;8;12;7;16;7;15;7;14;7;13;7;12;6;12;5;12;4;12;3;12;2;12;1;12;0;12;0;11;1;11
1;1;8;12;7;15;7;14;7;13;7;12;6;12;5;12;4;12;3;12;2;12;1;12;0;12;0;11;1;11;2;11
1;1;8;12;7;14;7;13;7;12;6;12;5;12;4;12;3;12;2;12;1;12;0;12;0;11;1;11;2;11;3;11
1;1;8;12;7;13;7;12;6;12;5;12;4;12;3;12;2;12;1;12;0;12;0;11;1;11;2;11;3;11;4;11
1;1;8;12;7;12;6;12;5;12;4;12;3;12;2;12;1;12;0;12;0;11;1;11;2;11;3;11;4;11;5;11
1;1;8;12;6;12;5;12;4;12;3;12;2;12;1;12;0;12;0;11;1;11;2;11;3;11;4;11;5;11;6;11
1;1;8;12;5;12;4;12;3;12;2;12;1;12;0;12;0;11;1;11;2;11;3;11;4;11;5;11;6;11;7;11
1;1;8;12;4;12;3;12;2;12;1;12;0;12;0;11;1;11;2;11;3;11;4;11;5;11;6;11;7;11;8;11
1;2;1;9;3;12;3;12;2;12;1;12;0;12;0;11;1;11;2;11;3;11;4;11;5;11;6;11;7;11;8;11;8;12
1;3;1;9;3;12;2;12;1;12;0;12;0;11;1;11;2;11;3;11;4;11;5;11;6;11;7;11;8;11;8;12;7;12
1;3;1;9;2;12;1;12;0;12;0;11;1;11;2;11;3;11;4;11;5;11;6;11;7;11;8;11;8;12;7;12;6;12
1;3;1;9;1;12;0;12;0;11;1;11;2;11;3;11;4;11;5;11;6;11;7;11;8;11;8;12;7;12;6;12;5;12
1;3;1;9;0;12;0;11;1;11;2;11;3;11;4;11;5;11;6;11;7;11;8;11;8;12;7;12;6;12;5;12;4;12
1;3;1;9;0;11;1;11;2;11;3;11;4;11;5;11;6;11;7;11;8;11;8;12;7;12;6;12;5;12;4;12;3;12
1;3;1;9;1;11;2;11;3;11;4;11;5;11;6;11;7;11;8;11;8;12;7;12;6;12;5;12;4;12;3;12;2;12
1;3;1;9;2;11;3;11;4;11;5;11;6;11;7;11;8;11;8;12;7;12;6;12;5;12;4;12;3;12;2;12;1;12
1;0;1;9;3;11;4;11;5;11;6;11;7;11;8;11;8;12;7;12;6;12;5;12;4;12;3;12;2;12;1;12;1;11
1;0;1;9;4;11;5;11;6;11;7;11;8;11;8;12;7;12;6;12;5;12;4;12;3;12;2;12;1;12;1;11;1;10
1;0;4;8;5;11;5;11;6;11;7;11;8;11;8;12;7;12;6;12;5;12;4;12;3;12;2;12;1;12;1;11;1;10;1;9
1;1;4;8;5;11;6;11;7;11;8;11;8;12;7;12;6;12;5;12;4;12;3;12;2;12;1;12;1;11;1;10;1;9;2;9
1;1;4;8;6;11;7;11;8;11;8;12;7;12;6;12;5;12;4;12;3;12;2;12;1;12;1;11;1;10;1;9;2;9;3;9
1;1;4;8;7;11;8;11;8;12;7;12;6;12;5;12;4;12;3;12;2;12;1;12;1;11;1;10;1;9;2;9;3;9;4;9
1;1;4;8;8;11;8;12;7;12;6;12;5;12;4;12;3;12;2;12;1;12;1;11;1;10;1;9;2;9;3;9;4;9;5;9
1;1;4;8;8;12;7;12;6;12;5;12;4;12;3;12;2;12;1;12;1;11;1;10;1;9;2;9;3;9;4;9;5;9;6;9
1;0;4;8;7;12;6;12;5;12;4;12;3;12;2;12;1;12;1;11;1;10;1;9;2;9;3;9;4;9;5;9;6;9;6;8
1;3;4;8;6;12;5;12;4;12;3;12;2;12;1;12;1;11;1;10;1;9;2;9;3;9;4;9;5;9;6;9;6;8;5;8
1;3;14;8;5;12;5;12;4;12;3;12;2;12;1;12;1;11;1;10;1;9;2;9;3;9;4;9;5;9;6;9;6;8;5;8;4;8
1;0;14;8;5;12;4;12;3;12;2;12;1;12;1;11;1;10;1;9;2;9;3;9;4;9;5;9;6;9;6;8;5;8;4;8;4;7
1;1;14;8;4;12;3;12;2;12;1;12;1;11;1;10;1;9;2;9;3;9;4;9;5;9;6;9;6;8;5;8;4;8;4;7;5;7
1;1;14;8;3;12;2;12;1;12;1;11;1;10;1;9;2;9;3;9;4;9;5;9;6;9;6;8;5;8;4;8;4;7;5;7;6;7
1;1;14;8;2;12;1;12;1;11;1;10;1;9;2;9;3;9;4;9;5;9;6;9;6;8;5;8;4;8;4;7;5;7;6;7;7;7
1;2;14;8;1;12;1;11;1;10;1;9;2;9;3;9;4;9;5;9;6;9;6;8;5;8;4;8;4;7;5;7;6;7;7;7;7;8
1;1;14;8;1;11;1;10;1;9;2;9;3;9;4;9;5;9;6;9;6;8;5;8;4;8;4;7;5;7;6;7;7;7;7;8;8;8
1;1;14;8;1;10;1;9;2;9;3;9;4;9;5;9;6;9;6;8;5;8;4;8;4;7;5;7;6;7;7;7;7;8;8;8;9;8
1;1;14;8;1;9;2;9;3;9;4;9;5;9;6;9;6;8;5;8;4;8;4;7;5;7;6;7;7;7;7;8;8;8;9;8;10;8
1;1;14;8;2;9;3;9;4;9;5;9;6;9;6;8;5;8;4;8;4;7;5;7;6;7;7;7;7;8;8;8;9;8;10;8;11;8
1;1;14;8;3;9;4;9;5;9;6;9;6;8;5;8;4;8;4;7;5;7;6;7;7;7;7;8;8;8;9;8;10;8;11;8;12;8
1;1;14;8;4;9;5;9;6;9;6;8;5;8;4;8;4;7;5;7;6;7;7;7;7;8;8;8;9;8;10;8;11;8;12;8;13;8
1;1;12;2;5;9;5;9;6;9;6;8;5;8;4;8;4;7;5;7;6;7;7;7;7;8;8;8;9;8;10;8;11;8;12;8;13;8;14;8
1;0;12;2;5;9;6;9;6;8;5;8;4;8;4;7;5;7;6;7;7;7;7;8;8;8;9;8;10;8;11;8;12;8;13;8;14;8;14;7
1;0;12;2;6;9;6;8;5;8;4;8;4;7;5;7;6;7;7;7;7;8;8;8;9;8;10;8;11;8;12;8;13;8;14;8;14;7;14;6
1;0;12;2;6;8;5;8;4;8;4;7;5;7;6;7;7;7;7;8;8;8;9;8;10;8;11;8;12;8;13;8;14;8;14;7;14;6;14;5
1;0;12;2;5;8;4;8;4;7;5;7;6;7;7;7;7;8;8;8;9;8;10;8;11;8;12;8;13;8;14;8;14;7;14;6;14;5;14;4
1;0;12;2;4;8;4;7;5;7;6;7;7;7;7;8;8;8;9;8;10;8;11;8;12;8;13;8;14;8;14;7;14;6;14;5;14;4;14;3
1;0;12;2;4;7;5;7;6;7;7;7;7;8;8;8;9;8;10;8;11;8;12;8;13;8;14;8;14;7;14;6;14;5;14;4;14;3;14;2
1;3;12;2;5;7;6;7;7;7;7;8;8;8;9;8;10;8;11;8;12;8;13;8;14;8;14;7;14;6;14;5;14;4;14;3;14;2;13;2
1;3;7;13;6;7;6;7;7;7;7;8;8;8;9;8;10;8;11;8;12;8;13;8;14;8;14;7;14;6;14;5;14;4;14;3;14;2;13;2;12;2
1;3;7;13;6;7;7;7;7;8;8;8;9;8;10;8;11;8;12;8;13;8;14;8;14;7;14;6;14;5;14;4;14;3;14;2;13;2;12;2;11;2
1;3;7;13;7;7;7;8;8;8;9;8;10;8;11;8;12;8;13;8;14;8;14;7;14;6;14;5;14;4;14;3;14;2;13;2;12;2;11;2;10;2
1;3;7;13;7;8;8;8;9;8;10;8;11;8;12;8;13;8;14;8;14;7;14;6;14;5;14;4;14;3;14;2;13;2;12;2;11;2;10;2;9;2
1;3;7;13;8;8;9;8;10;8;11;8;12;8;13;8;14;8;14;7;14;6;14;5;14;4;14;3;14;2;13;2;12;2;11;2;10;2;9;2;8;2
1;3;7;13;9;8;10;8;11;8;12;8;13;8;14;8;14;7;14;6;14;5;14;4;14;3;14;2;13;2;12;2;11;2;10;2;9;2;8;2;7;2
1;2;7;13;10;8;11;8;12;8;13;8;14;8;14;7;14;6;14;5;14;4;14;3;14;2;13;2;12;2;11;2;10;2;9;2;8;2;7;2;7;3
1;2;7;13;11;8;12;8;13;8;14;8;14;7;14;6;14;5;14;4;14;3;14;2;13;2;12;2;11;2;10;2;9;2;8;2;7;2;7;3;7;4
1;2;7;13;12;8;13;8;14;8;14;7;14;6;14;5;14;4;14;3;14;2;13;2;12;2;11;2;10;2;9;2;8;2;7;2;7;3;7;4;7;5
1;2;7;13;13;8;14;8;14;7;14;6;14;5;14;4;14;3;14;2;13;2;12;2;11;2;10;2;9;2;8;2;7;2;7;3;7;4;7;5;7;6
1;2;7;13;14;8;14;7;14;6;14;5;14;4;14;3;14;2;13;2;12;2;11;2;10;2;9;2;8;2;7;2;7;3;7;4;7;5;7;6;7;7
1;2;7;13;14;7;14;6;14;5;14;4;14;3;14;2;13;2;12;2;11;2;10;2;9;2;8;2;7;2;7;3;7;4;7;5;7;6;7;7;7;8
1;2;7;13;14;6;14;5;14;4;14;3;14;2;13;2;12;2;11;2;10;2;9;2;8;2;7;2;7;3;7;4;7;5;7;6;7;7;7;8;7;9
1;2;7;13;14;5;14;4;14;3;14;2;13;2;12;2;11;2;10;2;9;2;8;2;7;2;7;3;7;4;7;5;7;6;7;7;7;8;7;9;7;10
1;2;7;13;14;4;14;3;14;2;13;2;12;2;11;2;10;2;9;2;8;2;7;2;7;3;7;4;7;5;7;6;7;7;7;8;7;9;7;10;7;11
1;2;7;13;14;3;14;2;13;2;12;2;11;2;10;2;9;2;8;2;7;2;7;3;7;4;7;5;7;6;7;7;7;8;7;9;7;10;7;11;7;12
1;2;15;4;14;2;14;2;13;2;12;2;11;2;10;2;9;2;8;2;7;2;7;3;7;4;7;5;7;6;7;7;7;8;7;9;7;10;7;11;7;12;7;13
1;1;15;4;14;2;13;2;12;2;11;2;10;2;9;2;8;2;7;2;7;3;7;4;7;5;7;6;7;7;7;8;7;9;7;10;7;11;7;12;7;13;8;13
1;1;15;4;13;2;12;2;11;2;10;2;9;2;8;2;7;2;7;3;7;4;7;5;7;6;7;7;7;8;7;9;7;10;7;11;7;12;7;13;8;13;9;13
1;1;15;4;12;2;11;2;10;2;9;2;8;2;7;2;7;3;7;4;7;5;7;6;7;7;7;8;7;9;7;10;7;11;7;12;7;13;8;13;9;13;10;13
1;1;15;4;11;2;10;2;9;2;8;2;7;2;7;3;7;4;7;5;7;6;7;7;7;8;7;9;7;10;7;11;7;12;7;13;8;13;9;13;10;13;11;13
1;1;15;4;10;2;9;2;8;2;7;2;7;3;7;4;7;5;7;6;7;7;7;8;7;9;7;10;7;11;7;12;7;13;8;13;9;13;10;13;11;13;12;13
1;1;15;4;9;2;8;2;7;2;7;3;7;4;7;5;7;6;7;7;7;8;7;9;7;10;7;11;7;12;7;13;8;13;9;13;10;13;11;13;12;13;13;13
1;1;15;4;8;2;7;2;7;3;7;4;7;5;7;6;7;7;7;8;7;9;7;10;7;11;7;12;7;13;8;13;9;13;10;13;11;13;12;13;13;13;14;13
1;1;15;4;7;2;7;3;7;4;7;5;7;6;7;7;7;8;7;9;7;10;7;11;7;12;7;13;8;13;9;13;10;13;11;13;12;13;13;13;14;13;15;13
1;0;15;4;7;3;7;4;7;5;7;6;7;7;7;8;7;9;7;10;7;11;7;12;7;13;8;13;9;13;10;13;11;13;12;13;13;13;14;13;15;13;15;12
1;0;15;4;7;4;7;5;7;6;7;7;7;8;7;9;7;10;7;11;7;12;7;13;8;13;9;13;10;13;11;13;12;13;13;13;14;13;15;13;15;12;15;11
1;0;15;4;7;5;7;6;7;7;7;8;7;9;7;10;7;11;7;12;7;13;8;13;9;13;10;13;11;13;12;13;13;13;14;13;15;13;15;12;15;11;15;10
1;0;15;4;7;6;7;7;7;8;7;9;7;10;7;11;7;12;7;13;8;13;9;13;10;13;11;13;12;13;13;13;14;13;15;13;15;12;15;11;15;10;15;9
1;0;15;4;7;7;7;8;7;9;7;10;7;11;7;12;7;13;8;13;9;13;10;13;11;13;12;13;13;13;14;13;15;13;15;12;15;11;15;10;15;9;15;8
1;0;15;4;7;8;7;9;7;10;7;11;7;12;7;13;8;13;9;13;10;13;11;13;12;13;13;13;14;13;15;13;15;12;15;11;15;10;15;9;15;8;15;7
1;0;15;4;7;9;7;10;7;11;7;12;7;13;8;13;9;13;10;13;11;13;12;13;13;13;14;13;15;13;15;12;15;11;15;10;15;9;15;8;15;7;15;6
1;0;15;4;7;10;7;11;7;12;7;13;8;13;9;13;10;13;11;13;12;13;13;13;14;13;15;13;15;12;15;11;15;10;15;9;15;8;15;7;15;6;15;5
1;0;10;19;7;11;7;11;7;12;7;13;8;13;9;13;10;13;11;13;12;13;13;13;14;13;15;13;15;12;15;11;15;10;15;9;15;8;15;7;15;6;15;5;15;4
1;3;10;19;7;11;7;12;7;13;8;13;9;13;10;13;11;13;12;13;13;13;14;13;15;13;15;12;15;11;15;10;15;9;15;8;15;7;15;6;15;5;15;4;14;4
1;3;10;19;7;12;7;13;8;13;9;13;10;13;11;13;12;13;13;13;14;13;15;13;15;12;15;11;15;10;15;9;15;8;15;7;15;6;15;5;15;4;14;4;13;4
1;3;10;19;7;13;8;13;9;13;10;13;11;13;12;13;13;13;14;13;15;13;15;12;15;11;15;10;15;9;15;8;15;7;15;6;15;5;15;4;14;4;13;4;12;4
1;3;10;19;8;13;9;13;10;13;11;13;12;13;13;13;14;13;15;13;15;12;15;11;15;10;15;9;15;8;15;7;15;6;15;5;15;4;14;4;13;4;12;4;11;4
1;3;10;19;9;13;10;13;11;13;12;13;13;13;14;13;15;13;15;12;15;11;15;10;15;9;15;8;15;7;15;6;15;5;15;4;14;4;13;4;12;4;11;4;10;4
1;2;10;19;10;13;11;13;12;13;13;13;14;13;15;13;15;12;15;11;15;10;15;9;15;8;15;7;15;6;15;5;15;4;14;4;13;4;12;4;11;4;10;4;10;5
1;2;10;19;11;13;12;13;13;13;14;13;15;13;15;12;15;11;15;10;15;9;15;8;15;7;15;6;15;5;15;4;14;4;13;4;12;4;11;4;10;4;10;5;10;6
1;2;10;19;12;13;13;13;14;13;15;13;15;12;15;11;15;10;15;9;15;8;15;7;15;6;15;5;15;4;14;4;13;4;12;4;11;4;10;4;10;5;10;6;10;7
1;2;10;19;13;13;14;13;15;13;15;12;15;11;15;10;15;9;15;8;15;7;15;6;15;5;15;4;14;4;13;4;12;4;11;4;10;4;10;5;10;6;10;7;10;8
1;2;10;19;14;13;15;13;15;12;15;11;15;10;15;9;15;8;15;7;15;6;15;5;15;4;14;4;13;4;12;4;11;4;10;4;10;5;10;6;10;7;10;8;10;9
1;2;10;19;15;13;15;12;15;11;15;10;15;9;15;8;15;7;15;6;15;5;15;4;14;4;13;4;12;4;11;4;10;4;10;5;10;6;10;7;10;8;10;9;10;10
1;2;10;19;15;12;15;11;15;10;15;9;15;8;15;7;15;6;15;5;15;4;14;4;13;4;12;4;11;4;10;4;10;5;10;6;10;7;10;8;10;9;10;10;10;11
1;2;10;19;15;11;15;10;15;9;15;8;15;7;15;6;15;5;15;4;14;4;13;4;12;4;11;4;10;4;10;5;10;6;10;7;10;8;10;9;10;10;10;11;10;12
1;2;10;19;15;10;15;9;15;8;15;7;15;6;15;5;15;4;14;4;13;4;12;4;11;4;10;4;10;5;10;6;10;7;10;8;10;9;10;10;10;11;10;12;10;13
1;2;10;19;15;9;15;8;15;7;15;6;15;5;15;4;14;4;13;4;12;4;11;4;10;4;10;5;10;6;10;7;10;8;10;9;10;10;10;11;10;12;10;13;10;14
1;2;10;19;15;8;15;7;15;6;15;5;15;4;14;4;13;4;12;4;11;4;10;4;10;5;10;6;10;7;10;8;10;9;10;10;10;11;10;12;10;13;10;14;10;15
1;2;10;19;15;7;15;6;15;5;15;4;14;4;13;4;12;4;11;4;10;4;10;5;10;6;10;7;10;8;10;9;10;10;10;11;10;12;10;13;10;14;10;15;10;16
1;2;10;19;15;6;15;5;15;4;14;4;13;4;12;4;11;4;10;4;10;5;10;6;10;7;10;8;10;9;10;10;10;11;10;12;10;13;10;14;10;15;10;16;10;17
1;2;10;19;15;5;15;4;14;4;13;4;12;4;11;4;10;4;10;5;10;6;10;7;10;8;10;9;10;10;10;11;10;12;10;13;10;14;10;15;10;16;10;17;10;18
1;2;19;17;15;4;15;4;14;4;13;4;12;4;11;4;10;4;10;5;10;6;10;7;10;8;10;9;10;10;10;11;10;12;10;13;10;14;10;15;10;16;10;17;10;18;10;19
1;1;19;17;15;4;14;4;13;4;12;4;11;4;10;4;10;5;10;6;10;7;10;8;10;9;10;10;10;11;10;12;10;13;10;14;10;15;10;16;10;17;10;18;10;19;11;19
1;1;19;17;14;4;13;4;12;4;11;4;10;4;10;5;10;6;10;7;10;8;10;9;10;10;10;11;10;12;10;13;10;14;10;15;10;16;10;17;10;18;10;19;11;19;12;19
1;1;19;17;13;4;12;4;11;4;10;4;10;5;10;6;10;7;10;8;10;9;10;10;10;11;10;12;10;13;10;14;10;15;10;16;10;17;10;18;10;19;11;19;12;19;13;19
1;1;19;17;12;4;11;4;10;4;10;5;10;6;10;7;10;8;10;9;10;10;10;11;10;12;10;13;10;14;10;15;10;16;10;17;10;18;10;19;11;19;12;19;13;19;14;19
1;1;19;17;11;4;10;4;10;5;10;6;10;7;10;8;10;9;10;10;10;11;10;12;10;13;10;14;10;15;10;16;10;17;10;18;10;19;11;19;12;19;13;19;14;19;15;19
1;1;19;17;10;4;10;5;10;6;10;7;10;8;10;9;10;10;10;11;10;12;10;13;10;14;10;15;10;16;10;17;10;18;10;19;11;19;12;19;13;19;14;19;15;19;16;19
1;1;19;17;10;5;10;6;10;7;10;8;10;9;10;10;10;11;10;12;10;13;10;14;10;15;10;16;10;17;10;18;10;19;11;19;12;19;13;19;14;19;15;19;16;19;17;19
1;1;19;17;10;6;10;7;10;8;10;9;10;10;10;11;10;12;10;13;10;14;10;15;10;16;10;17;10;18;10;19;11;19;12;19;13;19;14;19;15;19;16;19;17;19;18;19
1;1;19;17;10;7;10;8;10;9;10;10;10;11;10;12;10;13;10;14;10;15;10;16;10;17;10;18;10;19;11;19;12;19;13;19;14;19;15;19;16;19;17;19;18;19;19;19
1;0;19;17;10;8;10;9;10;10;10;11;10;12;10;13;10;14;10;15;10;16;10;17;10;18;10;19;11;19;12;19;13;19;14;19;15;19;16;19;17;19;18;19;19;19;19;18
1;0;3;14;10;9;10;9;10;10;10;11;10;12;10;13;10;14;10;15;10;16;10;17;10;18;10;19;11;19;12;19;13;19;14;19;15;19;16;19;17;19;18;19;19;19;19;18;19;17
1;0;3;14;10;9;10;10;10;11;10;12;10;13;10;14;10;15;10;16;10;17;10;18;10;19;11;19;12;19;13;19;14;19;15;19;16;19;17;19;18;19;19;19;19;18;19;17;19;16
1;0;3;14;10;10;10;11;10;12;10;13;10;14;10;15;10;16;10;17;10;18;10;19;11;19;12;19;13;19;14;19;15;19;16;19;17;19;18;19;19;19;19;18;19;17;19;16;19;15
1;0;3;14;10;11;10;12;10;13;10;14;10;15;10;16;10;17;10;18;10;19;11;19;12;19;13;19;14;19;15;19;16;19;17;19;18;19;19;19;19;18;19;17;19;16;19;15;19;14
1;3;3;14;10;12;10;13;10;14;10;15;10;16;10;17;10;18;10;19;11;19;12;19;13;19;14;19;15;19;16;19;17;19;18;19;19;19;19;18;19;17;19;16;19;15;19;14;18;14
1;3;3;14;10;13;10;14;10;15;10;16;10;17;10;18;10;19;11;19;12;19;13;19;14;19;15;19;16;19;17;19;18;19;19;19;19;18;19;17;19;16;19;15;19;14;18;14;17;14
1;3;3;14;10;14;10;15;10;16;10;17;10;18;10;19;11;19;12;19;13;19;14;19;15;19;16;19;17;19;18;19;19;19;19;18;19;17;19;16;19;15;19;14;18;14;17;14;16;14
1;3;3;14;10;15;10;16;10;17;10;18;10;19;11;19;12;19;13;19;14;19;15;19;16;19;17;19;18;19;19;19;19;18;19;17;19;16;19;15;19;14;18;14;17;14;16;14;15;14
1;3;3;14;10;16;10;17;10;18;10;19;11;19;12;19;13;19;14;19;15;19;16;19;17;19;18;19;19;19;19;18;19;17;19;16;19;15;19;14;18;14;17;14;16;14;15;14;14;14
1;3;3;14;10;17;10;18;10;19;11;19;12;19;13;19;14;19;15;19;16;19;17;19;18;19;19;19;19;18;19;17;19;16;19;15;19;14;18;14;17;14;16;14;15;14;14;14;13;14
1;3;3;14;10;18;10;19;11;19;12;19;13;19;14;19;15;19;16;19;17;19;18;19;19;19;19;18;19;17;19;16;19;15;19;14;18;14;17;14;16;14;15;14;14;14;13;14;12;14
1;3;3;14;10;19;11;19;12;19;13;19;14;19;15;19;16;19;17;19;18;19;19;19;19;18;19;17;19;16;19;15;19;14;18;14;17;14;16;14;15;14;14;14;13;14;12;14;11;14
1;3;3;14;11;19;12;19;13;19;14;19;15;19;16;19;17;19;18;19;19;19;19;18;19;17;19;16;19;15;19;14;18;14;17;14;16;14;15;14;14;14;13;14;12;14;11;14;10;14
1;3;3;14;12;19;13;19;14;19;15;19;16;19;17;19;18;19;19;19;19;18;19;17;19;16;19;15;19;14;18;14;17;14;16;14;15;14;14;14;13;14;12;14;11;14;10;14;9;14
1;3;3;14;13;19;14;19;15;19;16;19;17;19;18;19;19;19;19;18;19;17;19;16;19;15;19;14;18;14;17;14;16;14;15;14;14;14;13;14;12;14;11;14;10;14;9;14;8;14
1;3;3;14;14;19;15;19;16;19;17;19;18;19;19;19;19;18;19;17;19;16;19;15;19;14;18;14;17;14;16;14;15;14;14;14;13;14;12;14;11;14;10;14;9;14;8;14;7;14
1;3;3;14;15;19;16;19;17;19;18;19;19;19;19;18;19;17;19;16;19;15;19;14;18;14;17;14;16;14;15;14;14;14;13;14;12;14;11;14;10;14;9;14;8;14;7;14;6;14
1;3;3;14;16;19;17;19;18;19;19;19;19;18;19;17;19;16;19;15;19;14;18;14;17;14;16;14;15;14;14;14;13;14;12;14;11;14;10;14;9;14;8;14;7;14;6;14;5;14
1;3;3;14;17;19;18;19;19;19;19;18;19;17;19;16;19;15;19;14;18;14;17;14;16;14;15;14;14;14;13;14;12;14;11;14;10;14;9;14;8;14;7;14;6;14;5;14;4;14
1;3;13;15;18;19;18;19;19;19;19;18;19;17;19;16;19;15;19;14;18;14;17;14;16;14;15;14;14;14;13;14;12;14;11;14;10;14;9;14;8;14;7;14;6;14;5;14;4;14;3;14
1;2;13;15;18;19;19;19;19;18;19;17;19;16;19;15;19;14;18;14;17;14;16;14;15;14;14;14;13;14;12;14;11;14;10;14;9;14;8;14;7;14;6;14;5;14;4;14;3;14;3;15
1;1;13;15;19;19;19;18;19;17;19;16;19;15;19;14;18;14;17;14;16;14;15;14;14;14;13;14;12;14;11;14;10;14;9;14;8;14;7;14;6;14;5;14;4;14;3;14;3;15;4;15
1;1;13;15;19;18;19;17;19;16;19;15;19;14;18;14;17;14;16;14;15;14;14;14;13;14;12;14;11;14;10;14;9;14;8;14;7;14;6;14;5;14;4;14;3;14;3;15;4;15;5;15
1;1;13;15;19;17;19;16;19;15;19;14;18;14;17;14;16;14;15;14;14;14;13;14;12;14;11;14;10;14;9;14;8;14;7;14;6;14;5;14;4;14;3;14;3;15;4;15;5;15;6;15
1;1;13;15;19;16;19;15;19;14;18;14;17;14;16;14;15;14;14;14;13;14;12;14;11;14;10;14;9;14;8;14;7;14;6;14;5;14;4;14;3;14;3;15;4;15;5;15;6;15;7;15
1;1;13;15;19;15;19;14;18;14;17;14;16;14;15;14;14;14;13;14;12;14;11;14;10;14;9;14;8;14;7;14;6;14;5;14;4;14;3;14;3;15;4;15;5;15;6;15;7;15;8;15
1;1;13;15;19;14;18;14;17;14;16;14;15;14;14;14;13;14;12;14;11;14;10;14;9;14;8;14;7;14;6;14;5;14;4;14;3;14;3;15;4;15;5;15;6;15;7;15;8;15;9;15
1;1;13;15;18;14;17;14;16;14;15;14;14;14;13;14;12;14;11;14;10;14;9;14;8;14;7;14;6;14;5;14;4;14;3;14;3;15;4;15;5;15;6;15;7;15;8;15;9;15;10;15
1;1;13;15;17;14;16;14;15;14;14;14;13;14;12;14;11;14;10;14;9;14;8;14;7;14;6;14;5;14;4;14;3;14;3;15;4;15;5;15;6;15;7;15;8;15;9;15;10;15;11;15
1;1;13;15;16;14;15;14;14;14;13;14;12;14;11;14;10;14;9;14;8;14;7;14;6;14;5;14;4;14;3;14;3;15;4;15;5;15;6;15;7;15;8;15;9;15;10;15;11;15;12;15
1;1;18;18;15;14;15;14;14;14;13;14;12;14;11;14;10;14;9;14;8;14;7;14;6;14;5;14;4;14;3;14;3;15;4;15;5;15;6;15;7;15;8;15;9;15;10;15;11;15;12;15;13;15
1;1;18;18;15;14;14;14;13;14;12;14;11;14;10;14;9;14;8;14;7;14;6;14;5;14;4;14;3;14;3;15;4;15;5;15;6;15;7;15;8;15;9;15;10;15;11;15;12;15;13;15;14;15
1;1;18;18;14;14;13;14;12;14;11;14;10;14;9;14;8;14;7;14;6;14;5;14;4;14;3;14;3;15;4;15;5;15;6;15;7;15;8;15;9;15;10;15;11;15;12;15;13;15;14;15;15;15
1;2;18;18;13;14;12;14;11;14;10;14;9;14;8;14;7;14;6;14;5;14;4;14;3;14;3;15;4;15;5;15;6;15;7;15;8;15;9;15;10;15;11;15;12;15;13;15;14;15;15;15;15;16
1;2;18;18;12;14;11;14;10;14;9;14;8;14;7;14;6;14;5;14;4;14;3;14;3;15;4;15;5;15;6;15;7;15;8;15;9;15;10;15;11;15;12;15;13;15;14;15;15;15;15;16;15;17
1;2;18;18;11;14;10;14;9;14;8;14;7;14;6;14;5;14;4;14;3;14;3;15;4;15;5;15;6;15;7;15;8;15;9;15;10;15;11;15;12;15;13;15;14;15;15;15;15;16;15;17;15;18
1;1;18;18;10;14;9;14;8;14;7;14;6;14;5;14;4;14;3;14;3;15;4;15;5;15;6;15;7;15;8;15;9;15;10;15;11;15;12;15;13;15;14;15;15;15;15;16;15;17;15;18;16;18
1;1;18;18;9;14;8;14;7;14;6;14;5;14;4;14;3;14;3;15;4;15;5;15;6;15;7;15;8;15;9;15;10;15;11;15;12;15;13;15;14;15;15;15;15;16;15;17;15;18;16;18;17;18
1;1;5;16;8;14;8;14;7;14;6;14;5;14;4;14;3;14;3;15;4;15;5;15;6;15;7;15;8;15;9;15;10;15;11;15;12;15;13;15;14;15;15;15;15;16;15;17;15;18;16;18;17;18;18;18
1;0;5;16;8;14;7;14;6;14;5;14;4;14;3;14;3;15;4;15;5;15;6;15;7;15;8;15;9;15;10;15;11;15;12;15;13;15;14;15;15;15;15;16;15;17;15;18;16;18;17;18;18;18;18;17
1;0;5;16;7;14;6;14;5;14;4;14;3;14;3;15;4;15;5;15;6;15;7;15;8;15;9;15;10;15;11;15;12;15;13;15;14;15;15;15;15;16;15;17;15;18;16;18;17;18;18;18;18;17;18;16
1;0;5;16;6;14;5;14;4;14;3;14;3;15;4;15;5;15;6;15;7;15;8;15;9;15;10;15;11;15;12;15;13;15;14;15;15;15;15;16;15;17;15;18;16;18;17;18;18;18;18;17;18;16;18;15
1;0;5;16;5;14;4;14;3;14;3;15;4;15;5;15;6;15;7;15;8;15;9;15;10;15;11;15;12;15;13;15;14;15;15;15;15;16;15;17;15;18;16;18;17;18;18;18;18;17;18;16;18;15;18;14
1;3;5;16;4;14;3;14;3;15;4;15;5;15;6;15;7;15;8;15;9;15;10;15;11;15;12;15;13;15;14;15;15;15;15;16;15;17;15;18;16;18;17;18;18;18;18;17;18;16;18;15;18;14;17;14
1;3;5;16;3;14;3;15;4;15;5;15;6;15;7;15;8;15;9;15;10;15;11;15;12;15;13;15;14;15;15;15;15;16;15;17;15;18;16;18;17;18;18;18;18;17;18;16;18;15;18;14;17;14;16;14
1;3;5;16;3;15;4;15;5;15;6;15;7;15;8;15;9;15;10;15;11;15;12;15;13;15;14;15;15;15;15;16;15;17;15;18;16;18;17;18;18;18;18;17;18;16;18;15;18;14;17;14;16;14;15;14
1;3;5;16;4;15;5;15;6;15;7;15;8;15;9;15;10;15;11;15;12;15;13;15;14;15;15;15;15;16;15;17;15;18;16;18;17;18;18;18;18;17;18;16;18;15;18;14;17;14;16;14;15;14;14;14
1;3;5;16;5;15;6;15;7;15;8;15;9;15;10;15;11;15;12;15;13;15;14;15;15;15;15;16;15;17;15;18;16;18;17;18;18;18;18;17;18;16;18;15;18;14;17;14;16;14;15;14;14;14;13;14
1;3;5;16;6;15;7;15;8;15;9;15;10;15;11;15;12;15;13;15;14;15;15;15;15;16;15;17;15;18;16;18;17;18;18;18;18;17;18;16;18;15;18;14;17;14;16;14;15;14;14;14;13;14;12;14
1;3;5;16;7;15;8;15;9;15;10;15;11;15;12;15;13;15;14;15;15;15;15;16;15;17;15;18;16;18;17;18;18;18;18;17;18;16;18;15;18;14;17;14;16;14;15;14;14;14;13;14;12;14;11;14
1;3;5;16;8;15;9;15;10;15;11;15;12;15;13;15;14;15;15;15;15;16;15;17;15;18;16;18;17;18;18;18;18;17;18;16;18;15;18;14;17;14;16;14;15;14;14;14;13;14;12;14;11;14;10;14
1;3;5;16;9;15;10;15;11;15;12;15;13;15;14;15;15;15;15;16;15;17;15;18;16;18;17;18;18;18;18;17;18;16;18;15;18;14;17;14;16;14;15;14;14;14;13;14;12;14;11;14;10;14;9;14
1;3;5;16;10;15;11;15;12;15;13;15;14;15;15;15;15;16;15;17;15;18;16;18;17;18;18;18;18;17;18;16;18;15;18;14;17;14;16;14;15;14;14;14;13;14;12;14;11;14;10;14;9;14;8;14
1;3;5;16;11;15;12;15;13;15;14;15;15;15;15;16;15;17;15;18;16;18;17;18;18;18;18;17;18;16;18;15;18;14;17;14;16;14;15;14;14;14;13;14;12;14;11;14;10;14;9;14;8;14;7;14
1;3;5;16;12;15;13;15;14;15;15;15;15;16;15;17;15;18;16;18;17;18;18;18;18;17;18;16;18;15;18;14;17;14;16;14;15;14;14;14;13;14;12;14;11;14;10;14;9;14;8;14;7;14;6;14
1;3;5;16;13;15;14;15;15;15;15;16;15;17;15;18;16;18;17;18;18;18;18;17;18;16;18;15;18;14;17;14;16;14;15;14;14;14;13;14;12;14;11;14;10;14;9;14;8;14;7;14;6;14;5;14
1;2;5;16;14;15;15;15;15;16;15;17;15;18;16;18;17;18;18;18;18;17;18;16;18;15;18;14;17;14;16;14;15;14;14;14;13;14;12;14;11;14;10;14;9;14;8;14;7;14;6;14;5;14;5;15
1;2;4;15;15;15;15;15;15;16;15;17;15;18;16;18;17;18;18;18;18;17;18;16;18;15;18;14;17;14;16;14;15;14;14;14;13;14;12;14;11;14;10;14;9;14;8;14;7;14;6;14;5;14;5;15;5;16
1;3;4;15;15;15;15;16;15;17;15;18;16;18;17;18;18;18;18;17;18;16;18;15;18;14;17;14;16;14;15;14;14;14;13;14;12;14;11;14;10;14;9;14;8;14;7;14;6;14;5;14;5;15;5;16;4;16
1;0;0;19;15;16;15;16;15;17;15;18;16;18;17;18;18;18;18;17;18;16;18;15;18;14;17;14;16;14;15;14;14;14;13;14;12;14;11;14;10;14;9;14;8;14;7;14;6;14;5;14;5;15;5;16;4;16;4;15
1;3;0;19;15;16;15;17;15;18;16;18;17;18;18;18;18;17;18;16;18;15;18;14;17;14;16;14;15;14;14;14;13;14;12;14;11;14;10;14;9;14;8;14;7;14;6;14;5;14;5;15;5;16;4;16;4;15;3;15
1;3;0;19;15;17;15;18;16;18;17;18;18;18;18;17;18;16;18;15;18;14;17;14;16;14;15;14;14;14;13;14;12;14;11;14;10;14;9;14;8;14;7;14;6;14;5;14;5;15;5;16;4;16;4;15;3;15;2;15
1;3;0;19;15;18;16;18;17;18;18;18;18;17;18;16;18;15;18;14;17;14;16;14;15;14;14;14;13;14;12;14;11;14;10;14;9;14;8;14;7;14;6;14;5;14;5;15;5;16;4;16;4;15;3;15;2;15;1;15
1;3;0;19;16;18;17;18;18;18;18;17;18;16;18;15;18;14;17;14;16;14;15;14;14;14;13;14;12;14;11;14;10;14;9;14;8;14;7;14;6;14;5;14;5;15;5;16;4;16;4;15;3;15;2;15;1;15;0;15
1;2;0;19;17;18;18;18;18;17;18;16;18;15;18;14;17;14;16;14;15;14;14;14;13;14;12;14;11;14;10;14;9;14;8;14;7;14;6;14;5;14;5;15;5;16;4;16;4;15;3;15;2;15;1;15;0;15;0;16
1;2;0;19;18;18;18;17;18;16;18;15;18;14;17;14;16;14;15;14;14;14;13;14;12;14;11;14;10;14;9;14;8;14;7;14;6;14;5;14;5;15;5;16;4;16;4;15;3;15;2;15;1;15;0;15;0;16;0;17
1;2;0;19;18;17;18;16;18;15;18;14;17;14;16;14;15;14;14;14;13;14;12;14;11;14;10;14;9;14;8;14;7;14;6;14;5;14;5;15;5;16;4;16;4;15;3;15;2;15;1;15;0;15;0;16;0;17;0;18
1;2;5;17;18;16;18;16;18;15;18;14;17;14;16;14;15;14;14;14;13;14;12;14;11;14;10;14;9;14;8;14;7;14;6;14;5;14;5;15;5;16;4;16;4;15;3;15;2;15;1;15;0;15;0;16;0;17;0;18;0;19
1;1;5;17;18;16;18;15;18;14;17;14;16;14;15;14;14;14;13;14;12;14;11;14;10;14;9;14;8;14;7;14;6;14;5;14;5;15;5;16;4;16;4;15;3;15;2;15;1;15;0;15;0;16;0;17;0;18;0;19;1;19
1;1;5;17;18;15;18;14;17;14;16;14;15;14;14;14;13;14;12;14;11;14;10;14;9;14;8;14;7;14;6;14;5;14;5;15;5;16;4;16;4;15;3;15;2;15;1;15;0;15;0;16;0;17;0;18;0;19;1;19;2;19
1;1;5;17;18;14;17;14;16;14;15;14;14;14;13;14;12;14;11;14;10;14;9;14;8;14;7;14;6;14;5;14;5;15;5;16;4;16;4;15;3;15;2;15;1;15;0;15;0;16;0;17;0;18;0;19;1;19;2;19;3;19
1;1;5;17;17;14;16;14;15;14;14;14;13;14;12;14;11;14;10;14;9;14;8;14;7;14;6;14;5;14;5;15;5;16;4;16;4;15;3;15;2;15;1;15;0;15;0;16;0;17;0;18;0;19;1;19;2;19;3;19;4;19
1;1;5;17;16;14;15;14;14;14;13;14;12;14;11;14;10;14;9;14;8;14;7;14;6;14;5;14;5;15;5;16;4;16;4;15;3;15;2;15;1;15;0;15;0;16;0;17;0;18;0;19;1;19;2;19;3;19;4;19;5;19
1;0;5;17;15;14;14;14;13;14;12;14;11;14;10;14;9;14;8;14;7;14;6;14;5;14;5;15;5;16;4;16;4;15;3;15;2;15;1;15;0;15;0;16;0;17;0;18;0;19;1;19;2;19;3;19;4;19;5;19;5;18
1;0;16;15;14;14;14;14;13;14;12;14;11;14;10;14;9;14;8;14;7;14;6;14;5;14;5;15;5;16;4;16;4;15;3;15;2;15;1;15;0;15;0;16;0;17;0;18;0;19;1;19;2;19;3;19;4;19;5;19;5;18;5;17
1;1;16;15;14;14;13;14;12;14;11;14;10;14;9;14;8;14;7;14;6;14;5;14;5;15;5;16;4;16;4;15;3;15;2;15;1;15;0;15;0;16;0;17;0;18;0;19;1;19;2;19;3;19;4;19;5;19;5;18;5;17;6;17
1;1;16;15;13;14;12;14;11;14;10;14;9;14;8;14;7;14;6;14;5;14;5;15;5;16;4;16;4;15;3;15;2;15;1;15;0;15;0;16;0;17;0;18;0;19;1;19;2;19;3;19;4;19;5;19;5;18;5;17;6;17;7;17
1;1;16;15;12;14;11;14;10;14;9;14;8;14;7;14;6;14;5;14;5;15;5;16;4;16;4;15;3;15;2;15;1;15;0;15;0;16;0;17;0;18;0;19;1;19;2;19;3;19;4;19;5;19;5;18;5;17;6;17;7;17;8;17
1;1;16;15;11;14;10;14;9;14;8;14;7;14;6;14;5;14;5;15;5;16;4;16;4;15;3;15;2;15;1;15;0;15;0;16;0;17;0;18;0;19;1;19;2;19;3;19;4;19;5;19;5;18;5;17;6;17;7;17;8;17;9;17
1;1;16;15;10;14;9;14;8;14;7;14;6;14;5;14;5;15;5;16;4;16;4;15;3;15;2;15;1;15;0;15;0;16;0;17;0;18;0;19;1;19;2;19;3;19;4;19;5;19;5;18;5;17;6;17;7;17;8;17;9;17;10;17
1;1;16;15;9;14;8;14;7;14;6;14;5;14;5;15;5;16;4;16;4;15;3;15;2;15;1;15;0;15;0;16;0;17;0;18;0;19;1;19;2;19;3;19;4;19;5;19;5;18;5;17;6;17;7;17;8;17;9;17;10;17;11;17
1;1;16;15;8;14;7;14;6;14;5;14;5;15;5;16;4;16;4;15;3;15;2;15;1;15;0;15;0;16;0;17;0;18;0;19;1;19;2;19;3;19;4;19;5;19;5;18;5;17;6;17;7;17;8;17;9;17;10;17;11;17;12;17
1;1;16;15;7;14;6;14;5;14;5;15;5;16;4;16;4;15;3;15;2;15;1;15;0;15;0;16;0;17;0;18;0;19;1;19;2;19;3;19;4;19;5;19;5;18;5;17;6;17;7;17;8;17;9;17;10;17;11;17;12;17;13;17
1;1;16;15;6;14;5;14;5;15;5;16;4;16;4;15;3;15;2;15;1;15;0;15;0;16;0;17;0;18;0;19;1;19;2;19;3;19;4;19;5;19;5;18;5;17;6;17;7;17;8;17;9;17;10;17;11;17;12;17;13;17;14;17
1;1;16;15;5;14;5;15;5;16;4;16;4;15;3;15;2;15;1;15;0;15;0;16;0;17;0;18;0;19;1;19;2;19;3;19;4;19;5;19;5;18;5;17;6;17;7;17;8;17;9;17;10;17;11;17;12;17;13;17;14;17;15;17
1;1;16;15;5;15;5;16;4;16;4;15;3;15;2;15;1;15;0;15;0;16;0;17;0;18;0;19;1;19;2;19;3;19;4;19;5;19;5;18;5;17;6;17;7;17;8;17;9;17;10;17;11;17;12;17;13;17;14;17;15;17;16;17
1;0;16;15;5;16;4;16;4;15;3;15;2;15;1;15;0;15;0;16;0;17;0;18;0;19;1;19;2;19;3;19;4;19;5;19;5;18;5;17;6;17;7;17;8;17;9;17;10;17;11;17;12;17;13;17;14;17;15;17;16;17;16;16
1;0;10;18;4;16;4;16;4;15;3;15;2;15;1;15;0;15;0;16;0;17;0;18;0;19;1;19;2;19;3;19;4;19;5;19;5;18;5;17;6;17;7;17;8;17;9;17;10;17;11;17;12;17;13;17;14;17;15;17;16;17;16;16;16;15
1;3;10;18;4;16;4;15;3;15;2;15;1;15;0;15;0;16;0;17;0;18;0;19;1;19;2;19;3;19;4;19;5;19;5;18;5;17;6;17;7;17;8;17;9;17;10;17;11;17;12;17;13;17;14;17;15;17;16;17;16;16;16;15;15;15
1;3;10;18;4;15;3;15;2;15;1;15;0;15;0;16;0;17;0;18;0;19;1;19;2;19;3;19;4;19;5;19;5;18;5;17;6;17;7;17;8;17;9;17;10;17;11;17;12;17;13;17;14;17;15;17;16;17;16;16;16;15;15;15;14;15
1;3;10;18;3;15;2;15;1;15;0;15;0;16;0;17;0;18;0;19;1;19;2;19;3;19;4;19;5;19;5;18;5;17;6;17;7;17;8;17;9;17;10;17;11;17;12;17;13;17;14;17;15;17;16;17;16;16;16;15;15;15;14;15;13;15
1;3;10;18;2;15;1;15;0;15;0;16;0;17;0;18;0;19;1;19;2;19;3;19;4;19;5;19;5;18;5;17;6;17;7;17;8;17;9;17;10;17;11;17;12;17;13;17;14;17;15;17;16;17;16;16;16;15;15;15;14;15;13;15;12;15
1;3;10;18;1;15;0;15;0;16;0;17;0;18;0;19;1;19;2;19;3;19;4;19;5;19;5;18;5;17;6;17;7;17;8;17;9;17;10;17;11;17;12;17;13;17;14;17;15;17;16;17;16;16;16;15;15;15;14;15;13;15;12;15;11;15
1;2;10;18;0;15;0;16;0;17;0;18;0;19;1;19;2;19;3;19;4;19;5;19;5;18;5;17;6;17;7;17;8;17;9;17;10;17;11;17;12;17;13;17;14;17;15;17;16;17;16;16;16;15;15;15;14;15;13;15;12;15;11;15;11;16
1;3;10;18;0;16;0;17;0;18;0;19;1;19;2;19;3;19;4;19;5;19;5;18;5;17;6;17;7;17;8;17;9;17;10;17;11;17;12;17;13;17;14;17;15;17;16;17;16;16;16;15;15;15;14;15;13;15;12;15;11;15;11;16;10;16
1;0;10;18;0;17;0;18;0;19;1;19;2;19;3;19;4;19;5;19;5;18;5;17;6;17;7;17;8;17;9;17;10;17;11;17;12;17;13;17;14;17;15;17;16;17;16;16;16;15;15;15;14;15;13;15;12;15;11;15;11;16;10;16;10;15
1;0;10;18;0;18;0;19;1;19;2;19;3;19;4;19;5;19;5;18;5;17;6;17;7;17;8;17;9;17;10;17;11;17;12;17;13;17;14;17;15;17;16;17;16;16;16;15;15;15;14;15;13;15;12;15;11;15;11;16;10;16;10;15;10;14
1;1;10;18;0;19;1;19;2;19;3;19;4;19;5;19;5;18;5;17;6;17;7;17;8;17;9;17;10;17;11;17;12;17;13;17;14;17;15;17;16;17;16;16;16;15;15;15;14;15;13;15;12;15;11;15;11;16;10;16;10;15;10;14;11;14
1;0;10;18;1;19;2;19;3;19;4;19;5;19;5;18;5;17;6;17;7;17;8;17;9;17;10;17;11;17;12;17;13;17;14;17;15;17;16;17;16;16;16;15;15;15;14;15;13;15;12;15;11;15;11;16;10;16;10;15;10;14;11;14;11;13
1;3;10;18;2;19;3;19;4;19;5;19;5;18;5;17;6;17;7;17;8;17;9;17;10;17;11;17;12;17;13;17;14;17;15;17;16;17;16;16;16;15;15;15;14;15;13;15;12;15;11;15;11;16;10;16;10;15;10;14;11;14;11;13;10;13
1;0;10;18;3;19;4;19;5;19;5;18;5;17;6;17;7;17;8;17;9;17;10;17;11;17;12;17;13;17;14;17;15;17;16;17;16;16;16;15;15;15;14;15;13;15;12;15;11;15;11;16;10;16;10;15;10;14;11;14;11;13;10;13;10;12
1;1;10;18;4;19;5;19;5;18;5;17;6;17;7;17;8;17;9;17;10;17;11;17;12;17;13;17;14;17;15;17;16;17;16;16;16;15;15;15;14;15;13;15;12;15;11;15;11;16;10;16;10;15;10;14;11;14;11;13;10;13;10;12;11;12
1;0;10;18;5;19;5;18;5;17;6;17;7;17;8;17;9;17;10;17;11;17;12;17;13;17;14;17;15;17;16;17;16;16;16;15;15;15;14;15;13;15;12;15;11;15;11;16;10;16;10;15;10;14;11;14;11;13;10;13;10;12;11;12;11;11
1;3;10;18;5;18;5;17;6;17;7;17;8;17;9;17;10;17;11;17;12;17;13;17;14;17;15;17;16;17;16;16;16;15;15;15;14;15;13;15;12;15;11;15;11;16;10;16;10;15;10;14;11;14;11;13;10;13;10;12;11;12;11;11;10;11
1;0;10;18;5;17;6;17;7;17;8;17;9;17;10;17;11;17;12;17;13;17;14;17;15;17;16;17;16;16;16;15;15;15;14;15;13;15;12;15;11;15;11;16;10;16;10;15;10;14;11;14;11;13;10;13;10;12;11;12;11;11;10;11;10;10
1;1;10;18;6;17;7;17;8;17;9;17;10;17;11;17;12;17;13;17;14;17;15;17;16;17;16;16;16;15;15;15;14;15;13;15;12;15;11;15;11;16;10;16;10;15;10;14;11;14;11;13;10;13;10;12;11;12;11;11;10;11;10;10;11;10
1;0;10;18;7;17;8;17;9;17;10;17;11;17;12;17;13;17;14;17;15;17;16;17;16;16;16;15;15;15;14;15;13;15;12;15;11;15;11;16;10;16;10;15;10;14;11;14;11;13;10;13;10;12;11;12;11;11;10;11;10;10;11;10;11;9
1;3;10;18;8;17;9;17;10;17;11;17;12;17;13;17;14;17;15;17;16;17;16;16;16;15;15;15;14;15;13;15;12;15;11;15;11;16;10;16;10;15;10;14;11;14;11;13;10;13;10;12;11;12;11;11;10;11;10;10;11;10;11;9;10;9
1;0;10;18;9;17;10;17;11;17;12;17;13;17;14;17;15;17;16;17;16;16;16;15;15;15;14;15;13;15;12;15;11;15;11;16;10;16;10;15;10;14;11;14;11;13;10;13;10;12;11;12;11;11;10;11;10;10;11;10;11;9;10;9;10;8
1;3;10;18;10;17;11;17;12;17;13;17;14;17;15;17;16;17;16;16;16;15;15;15;14;15;13;15;12;15;11;15;11;16;10;16;10;15;10;14;11;14;11;13;10;13;10;12;11;12;11;11;10;11;10;10;11;10;11;9;10;9;10;8;9;8
1;2;10;18;11;17;12;17;13;17;14;17;15;17;16;17;16;16;16;15;15;15;14;15;13;15;12;15;11;15;11;16;10;16;10;15;10;14;11;14;11;13;10;13;10;12;11;12;11;11;10;11;10;10;11;10;11;9;10;9;10;8;9;8;9;9
1;2;10;18;12;17;13;17;14;17;15;17;16;17;16;16;16;15;15;15;14;15;13;15;12;15;11;15;11;16;10;16;10;15;10;14;11;14;11;13;10;13;10;12;11;12;11;11;10;11;10;10;11;10;11;9;10;9;10;8;9;8;9;9;9;10
1;2;10;18;13;17;14;17;15;17;16;17;16;16;16;15;15;15;14;15;13;15;12;15;11;15;11;16;10;16;10;15;10;14;11;14;11;13;10;13;10;12;11;12;11;11;10;11;10;10;11;10;11;9;10;9;10;8;9;8;9;9;9;10;9;11
1;2;10;18;14;17;15;17;16;17;16;16;16;15;15;15;14;15;13;15;12;15;11;15;11;16;10;16;10;15;10;14;11;14;11;13;10;13;10;12;11;12;11;11;10;11;10;10;11;10;11;9;10;9;10;8;9;8;9;9;9;10;9;11;9;12
1;2;10;18;15;17;16;17;16;16;16;15;15;15;14;15;13;15;12;15;11;15;11;16;10;16;10;15;10;14;11;14;11;13;10;13;10;12;11;12;11;11;10;11;10;10;11;10;11;9;10;9;10;8;9;8;9;9;9;10;9;11;9;12;9;13
1;2;10;18;16;17;16;16;16;15;15;15;14;15;13;15;12;15;11;15;11;16;10;16;10;15;10;14;11;14;11;13;10;13;10;12;11;12;11;11;10;11;10;10;11;10;11;9;10;9;10;8;9;8;9;9;9;10;9;11;9;12;9;13;9;14
1;2;10;18;16;16;16;15;15;15;14;15;13;15;12;15;11;15;11;16;10;16;10;15;10;14;11;14;11;13;10;13;10;12;11;12;11;11;10;11;10;10;11;10;11;9;10;9;10;8;9;8;9;9;9;10;9;11;9;12;9;13;9;14;9;15
1;2;10;18;16;15;15;15;14;15;13;15;12;15;11;15;11;16;10;16;10;15;10;14;11;14;11;13;10;13;10;12;11;12;11;11;10;11;10;10;11;10;11;9;10;9;10;8;9;8;9;9;9;10;9;11;9;12;9;13;9;14;9;15;9;16
1;2;10;18;15;15;14;15;13;15;12;15;11;15;11;16;10;16;10;15;10;14;11;14;11;13;10;13;10;12;11;12;11;11;10;11;10;10;11;10;11;9;10;9;10;8;9;8;9;9;9;10;9;11;9;12;9;13;9;14;9;15;9;16;9;17
1;2;10;18;14;15;13;15;12;15;11;15;11;16;10;16;10;15;10;14;11;14;11;13;10;13;10;12;11;12;11;11;10;11;10;10;11;10;11;9;10;9;10;8;9;8;9;9;9;10;9;11;9;12;9;13;9;14;9;15;9;16;9;17;9;18
1;1;6;13;13;15;13;15;12;15;11;15;11;16;10;16;10;15;10;14;11;14;11;13;10;13;10;12;11;12;11;11;10;11;10;10;11;10;11;9;10;9;10;8;9;8;9;9;9;10;9;11;9;12;9;13;9;14;9;15;9;16;9;17;9;18;10;18
1;1;6;13;13;15;12;15;11;15;11;16;10;16;10;15;10;14;11;14;11;13;10;13;10;12;11;12;11;11;10;11;10;10;11;10;11;9;10;9;10;8;9;8;9;9;9;10;9;11;9;12;9;13;9;14;9;15;9;16;9;17;9;18;10;18;11;18
1;1;6;13;12;15;11;15;11;16;10;16;10;15;10;14;11;14;11;13;10;13;10;12;11;12;11;11;10;11;10;10;11;10;11;9;10;9;10;8;9;8;9;9;9;10;9;11;9;12;9;13;9;14;9;15;9;16;9;17;9;18;10;18;11;18;12;18
1;0;6;13;11;15;11;16;10;16;10;15;10;14;11;14;11;13;10;13;10;12;11;12;11;11;10;11;10;10;11;10;11;9;10;9;10;8;9;8;9;9;9;10;9;11;9;12;9;13;9;14;9;15;9;16;9;17;9;18;10;18;11;18;12;18;12;17
1;0;6;13;11;16;10;16;10;15;10;14;11;14;11;13;10;13;10;12;11;12;11;11;10;11;10;10;11;10;11;9;10;9;10;8;9;8;9;9;9;10;9;11;9;12;9;13;9;14;9;15;9;16;9;17;9;18;10;18;11;18;12;18;12;17;12;16
1;0;6;13;10;16;10;15;10;14;11;14;11;13;10;13;10;12;11;12;11;11;10;11;10;10;11;10;11;9;10;9;10;8;9;8;9;9;9;10;9;11;9;12;9;13;9;14;9;15;9;16;9;17;9;18;10;18;11;18;12;18;12;17;12;16;12;15
1;0;6;13;10;15;10;14;11;14;11;13;10;13;10;12;11;12;11;11;10;11;10;10;11;10;11;9;10;9;10;8;9;8;9;9;9;10;9;11;9;12;9;13;9;14;9;15;9;16;9;17;9;18;10;18;11;18;12;18;12;17;12;16;12;15;12;14
1;0;6;13;10;14;11;14;11;13;10;13;10;12;11;12;11;11;10;11;10;10;11;10;11;9;10;9;10;8;9;8;9;9;9;10;9;11;9;12;9;13;9;14;9;15;9;16;9;17;9;18;10;18;11;18;12;18;12;17;12;16;12;15;12;14;12;13
1;0;6;13;11;14;11;13;10;13;10;12;11;12;11;11;10;11;10;10;11;10;11;9;10;9;10;8;9;8;9;9;9;10;9;11;9;12;9;13;9;14;9;15;9;16;9;17;9;18;10;18;11;18;12;18;12;17;12;16;12;15;12;14;12;13;12;12
1;1;6;13;11;13;10;13;10;12;11;12;11;11;10;11;10;10;11;10;11;9;10;9;10;8;9;8;9;9;9;10;9;11;9;12;9;13;9;14;9;15;9;16;9;17;9;18;10;18;11;18;12;18;12;17;12;16;12;15;12;14;12;13;12;12;13;12
1;2;6;13;10;13;10;12;11;12;11;11;10;11;10;10;11;10;11;9;10;9;10;8;9;8;9;9;9;10;9;11;9;12;9;13;9;14;9;15;9;16;9;17;9;18;10;18;11;18;12;18;12;17;12;16;12;15;12;14;12;13;12;12;13;12;13;13
1;2;6;13;10;12;11;12;11;11;10;11;10;10;11;10;11;9;10;9;10;8;9;8;9;9;9;10;9;11;9;12;9;13;9;14;9;15;9;16;9;17;9;18;10;18;11;18;12;18;12;17;12;16;12;15;12;14;12;13;12;12;13;12;13;13;13;14
1;2;6;13;11;12;11;11;10;11;10;10;11;10;11;9;10;9;10;8;9;8;9;9;9;10;9;11;9;12;9;13;9;14;9;15;9;16;9;17;9;18;10;18;11;18;12;18;12;17;12;16;12;15;12;14;12;13;12;12;13;12;13;13;13;14;13;15
1;2;6;13;11;11;10;11;10;10;11;10;11;9;10;9;10;8;9;8;9;9;9;10;9;11;9;12;9;13;9;14;9;15;9;16;9;17;9;18;10;18;11;18;12;18;12;17;12;16;12;15;12;14;12;13;12;12;13;12;13;13;13;14;13;15;13;16
1;2;6;13;10;11;10;10;11;10;11;9;10;9;10;8;9;8;9;9;9;10;9;11;9;12;9;13;9;14;9;15;9;16;9;17;9;18;10;18;11;18;12;18;12;17;12;16;12;15;12;14;12;13;12;12;13;12;13;13;13;14;13;15;13;16;13;17
1;2;6;13;10;10;11;10;11;9;10;9;10;8;9;8;9;9;9;10;9;11;9;12;9;13;9;14;9;15;9;16;9;17;9;18;10;18;11;18;12;18;12;17;12;16;12;15;12;14;12;13;12;12;13;12;13;13;13;14;13;15;13;16;13;17;13;18
1;1;6;13;11;10;11;9;10;9;10;8;9;8;9;9;9;10;9;11;9;12;9;13;9;14;9;15;9;16;9;17;9;18;10;18;11;18;12;18;12;17;12;16;12;15;12;14;12;13;12;12;13;12;13;13;13;14;13;15;13;16;13;17;13;18;14;18
1;0;6;13;11;9;10;9;10;8;9;8;9;9;9;10;9;11;9;12;9;13;9;14;9;15;9;16;9;17;9;18;10;18;11;18;12;18;12;17;12;16;12;15;12;14;12;13;12;12;13;12;13;13;13;14;13;15;13;16;13;17;13;18;14;18;14;17
1;0;6;13;10;9;10;8;9;8;9;9;9;10;9;11;9;12;9;13;9;14;9;15;9;16;9;17;9;18;10;18;11;18;12;18;12;17;12;16;12;15;12;14;12;13;12;12;13;12;13;13;13;14;13;15;13;16;13;17;13;18;14;18;14;17;14;16
1;0;6;13;10;8;9;8;9;9;9;10;9;11;9;12;9;13;9;14;9;15;9;16;9;17;9;18;10;18;11;18;12;18;12;17;12;16;12;15;12;14;12;13;12;12;13;12;13;13;13;14;13;15;13;16;13;17;13;18;14;18;14;17;14;16;14;15
1;0;6;13;9;8;9;9;9;10;9;11;9;12;9;13;9;14;9;15;9;16;9;17;9;18;10;18;11;18;12;18;12;17;12;16;12;15;12;14;12;13;12;12;13;12;13;13;13;14;13;15;13;16;13;17;13;18;14;18;14;17;14;16;14;15;14;14
1;0;6;13;9;9;9;10;9;11;9;12;9;13;9;14;9;15;9;16;9;17;9;18;10;18;11;18;12;18;12;17;12;16;12;15;12;14;12;13;12;12;13;12;13;13;13;14;13;15;13;16;13;17;13;18;14;18;14;17;14;16;14;15;14;14;14;13
1;0;6;13;9;10;9;11;9;12;9;13;9;14;9;15;9;16;9;17;9;18;10;18;11;18;12;18;12;17;12;16;12;15;12;14;12;13;12;12;13;12;13;13;13;14;13;15;13;16;13;17;13;18;14;18;14;17;14;16;14;15;14;14;14;13;14;12
1;0;6;13;9;11;9;12;9;13;9;14;9;15;9;16;9;17;9;18;10;18;11;18;12;18;12;17;12;16;12;15;12;14;12;13;12;12;13;12;13;13;13;14;13;15;13;16;13;17;13;18;14;18;14;17;14;16;14;15;14;14;14;13;14;12;14;11
1;3;6;13;9;12;9;13;9;14;9;15;9;16;9;17;9;18;10;18;11;18;12;18;12;17;12;16;12;15;12;14;12;13;12;12;13;12;13;13;13;14;13;15;13;16;13;17;13;18;14;18;14;17;14;16;14;15;14;14;14;13;14;12;14;11;13;11
1;3;6;13;9;13;9;14;9;15;9;16;9;17;9;18;10;18;11;18;12;18;12;17;12;16;12;15;12;14;12;13;12;12;13;12;13;13;13;14;13;15;13;16;13;17;13;18;14;18;14;17;14;16;14;15;14;14;14;13;14;12;14;11;13;11;12;11
1;3;6;13;9;14;9;15;9;16;9;17;9;18;10;18;11;18;12;18;12;17;12;16;12;15;12;14;12;13;12;12;13;12;13;13;13;14;13;15;13;16;13;17;13;18;14;18;14;17;14;16;14;15;14;14;14;13;14;12;14;11;13;11;12;11;11;11
1;3;6;13;9;15;9;16;9;17;9;18;10;18;11;18;12;18;12;17;12;16;12;15;12;14;12;13;12;12;13;12;13;13;13;14;13;15;13;16;13;17;13;18;14;18;14;17;14;16;14;15;14;14;14;13;14;12;14;11;13;11;12;11;11;11;10;11
1;2;6;13;9;16;9;17;9;18;10;18;11;18;12;18;12;17;12;16;12;15;12;14;12;13;12;12;13;12;13;13;13;14;13;15;13;16;13;17;13;18;14;18;14;17;14;16;14;15;14;14;14;13;14;12;14;11;13;11;12;11;11;11;10;11;10;12
1;2;6;13;9;17;9;18;10;18;11;18;12;18;12;17;12;16;12;15;12;14;12;13;12;12;13;12;13;13;13;14;13;15;13;16;13;17;13;18;14;18;14;17;14;16;14;15;14;14;14;13;14;12;14;11;13;11;12;11;11;11;10;11;10;12;10;13
1;3;6;13;9;18;10;18;11;18;12;18;12;17;12;16;12;15;12;14;12;13;12;12;13;12;13;13;13;14;13;15;13;16;13;17;13;18;14;18;14;17;14;16;14;15;14;14;14;13;14;12;14;11;13;11;12;11;11;11;10;11;10;12;10;13;9;13
1;3;6;13;10;18;11;18;12;18;12;17;12;16;12;15;12;14;12;13;12;12;13;12;13;13;13;14;13;15;13;16;13;17;13;18;14;18;14;17;14;16;14;15;14;14;14;13;14;12;14;11;13;11;12;11;11;11;10;11;10;12;10;13;9;13;8;13
1;3;6;13;11;18;12;18;12;17;12;16;12;15;12;14;12;13;12;12;13;12;13;13;13;14;13;15;13;16;13;17;13;18;14;18;14;17;14;16;14;15;14;14;14;13;14;12;14;11;13;11;12;11;11;11;10;11;10;12;10;13;9;13;8;13;7;13
1;3;7;8;12;18;12;18;12;17;12;16;12;15;12;14;12;13;12;12;13;12;13;13;13;14;13;15;13;16;13;17;13;18;14;18;14;17;14;16;14;15;14;14;14;13;14;12;14;11;13;11;12;11;11;11;10;11;10;12;10;13;9;13;8;13;7;13;6;13
1;0;7;8;12;18;12;17;12;16;12;15;12;14;12;13;12;12;13;12;13;13;13;14;13;15;13;16;13;17;13;18;14;18;14;17;14;16;14;15;14;14;14;13;14;12;14;11;13;11;12;11;11;11;10;11;10;12;10;13;9;13;8;13;7;13;6;13;6;12
1;1;7;8;12;17;12;16;12;15;12;14;12;13;12;12;13;12;13;13;13;14;13;15;13;16;13;17;13;18;14;18;14;17;14;16;14;15;14;14;14;13;14;12;14;11;13;11;12;11;11;11;10;11;10;12;10;13;9;13;8;13;7;13;6;13;6;12;7;12
1;0;7;8;12;16;12;15;12;14;12;13;12;12;13;12;13;13;13;14;13;15;13;16;13;17;13;18;14;18;14;17;14;16;14;15;14;14;14;13;14;12;14;11;13;11;12;11;11;11;10;11;10;12;10;13;9;13;8;13;7;13;6;13;6;12;7;12;7;11
1;0;7;8;12;15;12;14;12;13;12;12;13;12;13;13;13;14;13;15;13;16;13;17;13;18;14;18;14;17;14;16;14;15;14;14;14;13;14;12;14;11;13;11;12;11;11;11;10;11;10;12;10;13;9;13;8;13;7;13;6;13;6;12;7;12;7;11;7;10
1;0;7;8;12;14;12;13;12;12;13;12;13;13;13;14;13;15;13;16;13;17;13;18;14;18;14;17;14;16;14;15;14;14;14;13;14;12;14;11;13;11;12;11;11;11;10;11;10;12;10;13;9;13;8;13;7;13;6;13;6;12;7;12;7;11;7;10;7;9
1;0;1;9;12;13;12;13;12;12;13;12;13;13;13;14;13;15;13;16;13;17;13;18;14;18;14;17;14;16;14;15;14;14;14;13;14;12;14;11;13;11;12;11;11;11;10;11;10;12;10;13;9;13;8;13;7;13;6;13;6;12;7;12;7;11;7;10;7;9;7;8
1;3;1;9;12;13;12;12;13;12;13;13;13;14;13;15;13;16;13;17;13;18;14;18;14;17;14;16;14;15;14;14;14;13;14;12;14;11;13;11;12;11;11;11;10;11;10;12;10;13;9;13;8;13;7;13;6;13;6;12;7;12;7;11;7;10;7;9;7;8;6;8
1;3;1;9;12;12;13;12;13;13;13;14;13;15;13;16;13;17;13;18;14;18;14;17;14;16;14;15;14;14;14;13;14;12;14;11;13;11;12;11;11;11;10;11;10;12;10;13;9;13;8;13;7;13;6;13;6;12;7;12;7;11;7;10;7;9;7;8;6;8;5;8
1;3;1;9;13;12;13;13;13;14;13;15;13;16;13;17;13;18;14;18;14;17;14;16;14;15;14;14;14;13;14;12;14;11;13;11;12;11;11;11;10;11;10;12;10;13;9;13;8;13;7;13;6;13;6;12;7;12;7;11;7;10;7;9;7;8;6;8;5;8;4;8
1;3;1;9;13;13;13;14;13;15;13;16;13;17;13;18;14;18;14;17;14;16;14;15;14;14;14;13;14;12;14;11;13;11;12;11;11;11;10;11;10;12;10;13;9;13;8;13;7;13;6;13;6;12;7;12;7;11;7;10;7;9;7;8;6;8;5;8;4;8;3;8
1;3;1;9;13;14;13;15;13;16;13;17;13;18;14;18;14;17;14;16;14;15;14;14;14;13;14;12;14;11;13;11;12;11;11;11;10;11;10;12;10;13;9;13;8;13;7;13;6;13;6;12;7;12;7;11;7;10;7;9;7;8;6;8;5;8;4;8;3;8;2;8
1;3;1;9;13;15;13;16;13;17;13;18;14;18;14;17;14;16;14;15;14;14;14;13;14;12;14;11;13;11;12;11;11;11;10;11;10;12;10;13;9;13;8;13;7;13;6;13;6;12;7;12;7;11;7;10;7;9;7;8;6;8;5;8;4;8;3;8;2;8;1;8
1;2;19;3;13;16;13;16;13;17;13;18;14;18;14;17;14;16;14;15;14;14;14;13;14;12;14;11;13;11;12;11;11;11;10;11;10;12;10;13;9;13;8;13;7;13;6;13;6;12;7;12;7;11;7;10;7;9;7;8;6;8;5;8;4;8;3;8;2;8;1;8;1;9
1;2;19;3;13;16;13;17;13;18;14;18;14;17;14;16;14;15;14;14;14;13;14;12;14;11;13;11;12;11;11;11;10;11;10;12;10;13;9;13;8;13;7;13;6;13;6;12;7;12;7;11;7;10;7;9;7;8;6;8;5;8;4;8;3;8;2;8;1;8;1;9;1;10
1;1;19;3;13;17;13;18;14;18;14;17;14;16;14;15;14;14;14;13;14;12;14;11;13;11;12;11;11;11;10;11;10;12;10;13;9;13;8;13;7;13;6;13;6;12;7;12;7;11;7;10;7;9;7;8;6;8;5;8;4;8;3;8;2;8;1;8;1;9;1;10;2;10
1;1;19;3;13;18;14;18;14;17;14;16;14;15;14;14;14;13;14;12;14;11;13;11;12;11;11;11;10;11;10;12;10;13;9;13;8;13;7;13;6;13;6;12;7;12;7;11;7;10;7;9;7;8;6;8;5;8;4;8;3;8;2;8;1;8;1;9;1;10;2;10;3;10
1;1;19;3;14;18;14;17;14;16;14;15;14;14;14;13;14;12;14;11;13;11;12;11;11;11;10;11;10;12;10;13;9;13;8;13;7;13;6;13;6;12;7;12;7;11;7;10;7;9;7;8;6;8;5;8;4;8;3;8;2;8;1;8;1;9;1;10;2;10;3;10;4;10
1;1;19;3;14;17;14;16;14;15;14;14;14;13;14;12;14;11;13;11;12;11;11;11;10;11;10;12;10;13;9;13;8;13;7;13;6;13;6;12;7;12;7;11;7;10;7;9;7;8;6;8;5;8;4;8;3;8;2;8;1;8;1;9;1;10;2;10;3;10;4;10;5;10
1;1;19;3;14;16;14;15;14;14;14;13;14;12;14;11;13;11;12;11;11;11;10;11;10;12;10;13;9;13;8;13;7;13;6;13;6;12;7;12;7;11;7;10;7;9;7;8;6;8;5;8;4;8;3;8;2;8;1;8;1;9;1;10;2;10;3;10;4;10;5;10;6;10
1;2;19;3;14;15;14;14;14;13;14;12;14;11;13;11;12;11;11;11;10;11;10;12;10;13;9;13;8;13;7;13;6;13;6;12;7;12;7;11;7;10;7;9;7;8;6;8;5;8;4;8;3;8;2;8;1;8;1;9;1;10;2;10;3;10;4;10;5;10;6;10;6;11
1;3;19;3;14;14;14;13;14;12;14;11;13;11;12;11;11;11;10;11;10;12;10;13;9;13;8;13;7;13;6;13;6;12;7;12;7;11;7;10;7;9;7;8;6;8;5;8;4;8;3;8;2;8;1;8;1;9;1;10;2;10;3;10;4;10;5;10;6;10;6;11;5;11
1;2;19;3;14;13;14;12;14;11;13;11;12;11;11;11;10;11;10;12;10;13;9;13;8;13;7;13;6;13;6;12;7;12;7;11;7;10;7;9;7;8;6;8;5;8;4;8;3;8;2;8;1;8;1;9;1;10;2;10;3;10;4;10;5;10;6;10;6;11;5;11;5;12
1;2;19;3;14;12;14;11;13;11;12;11;11;11;10;11;10;12;10;13;9;13;8;13;7;13;6;13;6;12;7;12;7;11;7;10;7;9;7;8;6;8;5;8;4;8;3;8;2;8;1;8;1;9;1;10;2;10;3;10;4;10;5;10;6;10;6;11;5;11;5;12;5;13
1;3;19;3;14;11;13;11;12;11;11;11;10;11;10;12;10;13;9;13;8;13;7;13;6;13;6;12;7;12;7;11;7;10;7;9;7;8;6;8;5;8;4;8;3;8;2;8;1;8;1;9;1;10;2;10;3;10;4;10;5;10;6;10;6;11;5;11;5;12;5;13;4;13
1;2;19;3;13;11;12;11;11;11;10;11;10;12;10;13;9;13;8;13;7;13;6;13;6;12;7;12;7;11;7;10;7;9;7;8;6;8;5;8;4;8;3;8;2;8;1;8;1;9;1;10;2;10;3;10;4;10;5;10;6;10;6;11;5;11;5;12;5;13;4;13;4;14
1;1;19;3;12;11;11;11;10;11;10;12;10;13;9;13;8;13;7;13;6;13;6;12;7;12;7;11;7;10;7;9;7;8;6;8;5;8;4;8;3;8;2;8;1;8;1;9;1;10;2;10;3;10;4;10;5;10;6;10;6;11;5;11;5;12;5;13;4;13;4;14;5;14
1;1;19;3;11;11;10;11;10;12;10;13;9;13;8;13;7;13;6;13;6;12;7;12;7;11;7;10;7;9;7;8;6;8;5;8;4;8;3;8;2;8;1;8;1;9;1;10;2;10;3;10;4;10;5;10;6;10;6;11;5;11;5;12;5;13;4;13;4;14;5;14;6;14
1;1;19;3;10;11;10;12;10;13;9;13;8;13;7;13;6;13;6;12;7;12;7;11;7;10;7;9;7;8;6;8;5;8;4;8;3;8;2;8;1;8;1;9;1;10;2;10;3;10;4;10;5;10;6;10;6;11;5;11;5;12;5;13;4;13;4;14;5;14;6;14;7;14
1;1;19;3;10;12;10;13;9;13;8;13;7;13;6;13;6;12;7;12;7;11;7;10;7;9;7;8;6;8;5;8;4;8;3;8;2;8;1;8;1;9;1;10;2;10;3;10;4;10;5;10;6;10;6;11;5;11;5;12;5;13;4;13;4;14;5;14;6;14;7;14;8;14
1;1;19;3;10;13;9;13;8;13;7;13;6;13;6;12;7;12;7;11;7;10;7;9;7;8;6;8;5;8;4;8;3;8;2;8;1;8;1;9;1;10;2;10;3;10;4;10;5;10;6;10;6;11;5;11;5;12;5;13;4;13;4;14;5;14;6;14;7;14;8;14;9;14
1;1;19;3;9;13;8;13;7;13;6;13;6;12;7;12;7;11;7;10;7;9;7;8;6;8;5;8;4;8;3;8;2;8;1;8;1;9;1;10;2;10;3;10;4;10;5;10;6;10;6;11;5;11;5;12;5;13;4;13;4;14;5;14;6;14;7;14;8;14;9;14;10;14
1;0;19;3;8;13;7;13;6;13;6;12;7;12;7;11;7;10;7;9;7;8;6;8;5;8;4;8;3;8;2;8;1;8;1;9;1;10;2;10;3;10;4;10;5;10;6;10;6;11;5;11;5;12;5;13;4;13;4;14;5;14;6;14;7;14;8;14;9;14;10;14;10;13
1;0;19;3;7;13;6;13;6;12;7;12;7;11;7;10;7;9;7;8;6;8;5;8;4;8;3;8;2;8;1;8;1;9;1;10;2;10;3;10;4;10;5;10;6;10;6;11;5;11;5;12;5;13;4;13;4;14;5;14;6;14;7;14;8;14;9;14;10;14;10;13;10;12
1;0;19;3;6;13;6;12;7;12;7;11;7;10;7;9;7;8;6;8;5;8;4;8;3;8;2;8;1;8;1;9;1;10;2;10;3;10;4;10;5;10;6;10;6;11;5;11;5;12;5;13;4;13;4;14;5;14;6;14;7;14;8;14;9;14;10;14;10;13;10;12;10;11
1;0;19;3;6;12;7;12;7;11;7;10;7;9;7;8;6;8;5;8;4;8;3;8;2;8;1;8;1;9;1;10;2;10;3;10;4;10;5;10;6;10;6;11;5;11;5;12;5;13;4;13;4;14;5;14;6;14;7;14;8;14;9;14;10;14;10;13;10;12;10;11;10;10
1;0;19;3;7;12;7;11;7;10;7;9;7;8;6;8;5;8;4;8;3;8;2;8;1;8;1;9;1;10;2;10;3;10;4;10;5;10;6;10;6;11;5;11;5;12;5;13;4;13;4;14;5;14;6;14;7;14;8;14;9;14;10;14;10;13;10;12;10;11;10;10;10;9
1;0;19;3;7;11;7;10;7;9;7;8;6;8;5;8;4;8;3;8;2;8;1;8;1;9;1;10;2;10;3;10;4;10;5;10;6;10;6;11;5;11;5;12;5;13;4;13;4;14;5;14;6;14;7;14;8;14;9;14;10;14;10;13;10;12;10;11;10;10;10;9;10;8
1;0;19;3;7;10;7;9;7;8;6;8;5;8;4;8;3;8;2;8;1;8;1;9;1;10;2;10;3;10;4;10;5;10;6;10;6;11;5;11;5;12;5;13;4;13;4;14;5;14;6;14;7;14;8;14;9;14;10;14;10;13;10;12;10;11;10;10;10;9;10;8;10;7
1;1;19;3;7;9;7;8;6;8;5;8;4;8;3;8;2;8;1;8;1;9;1;10;2;10;3;10;4;10;5;10;6;10;6;11;5;11;5;12;5;13;4;13;4;14;5;14;6;14;7;14;8;14;9;14;10;14;10;13;10;12;10;11;10;10;10;9;10;8;10;7;11;7
1;0;19;3;7;8;6;8;5;8;4;8;3;8;2;8;1;8;1;9;1;10;2;10;3;10;4;10;5;10;6;10;6;11;5;11;5;12;5;13;4;13;4;14;5;14;6;14;7;14;8;14;9;14;10;14;10;13;10;12;10;11;10;10;10;9;10;8;10;7;11;7;11;6
1;1;19;3;6;8;5;8;4;8;3;8;2;8;1;8;1;9;1;10;2;10;3;10;4;10;5;10;6;10;6;11;5;11;5;12;5;13;4;13;4;14;5;14;6;14;7;14;8;14;9;14;10;14;10;13;10;12;10;11;10;10;10;9;10;8;10;7;11;7;11;6;12;6
1;0;19;3;5;8;4;8;3;8;2;8;1;8;1;9;1;10;2;10;3;10;4;10;5;10;6;10;6;11;5;11;5;12;5;13;4;13;4;14;5;14;6;14;7;14;8;14;9;14;10;14;10;13;10;12;10;11;10;10;10;9;10;8;10;7;11;7;11;6;12;6;12;5
1;1;19;3;4;8;3;8;2;8;1;8;1;9;1;10;2;10;3;10;4;10;5;10;6;10;6;11;5;11;5;12;5;13;4;13;4;14;5;14;6;14;7;14;8;14;9;14;10;14;10;13;10;12;10;11;10;10;10;9;10;8;10;7;11;7;11;6;12;6;12;5;13;5
1;1;19;3;3;8;2;8;1;8;1;9;1;10;2;10;3;10;4;10;5;10;6;10;6;11;5;11;5;12;5;13;4;13;4;14;5;14;6;14;7;14;8;14;9;14;10;14;10;13;10;12;10;11;10;10;10;9;10;8;10;7;11;7;11;6;12;6;12;5;13;5;14;5
1;1;19;3;2;8;1;8;1;9;1;10;2;10;3;10;4;10;5;10;6;10;6;11;5;11;5;12;5;13;4;13;4;14;5;14;6;14;7;14;8;14;9;14;10;14;10;13;10;12;10;11;10;10;10;9;10;8;10;7;11;7;11;6;12;6;12;5;13;5;14;5;15;5
1;1;19;3;1;8;1;9;1;10;2;10;3;10;4;10;5;10;6;10;6;11;5;11;5;12;5;13;4;13;4;14;5;14;6;14;7;14;8;14;9;14;10;14;10;13;10;12;10;11;10;10;10;9;10;8;10;7;11;7;11;6;12;6;12;5;13;5;14;5;15;5;16;5
1;1;19;3;1;9;1;10;2;10;3;10;4;10;5;10;6;10;6;11;5;11;5;12;5;13;4;13;4;14;5;14;6;14;7;14;8;14;9;14;10;14;10;13;10;12;10;11;10;10;10;9;10;8;10;7;11;7;11;6;12;6;12;5;13;5;14;5;15;5;16;5;17;5
1;1;19;3;1;10;2;10;3;10;4;10;5;10;6;10;6;11;5;11;5;12;5;13;4;13;4;14;5;14;6;14;7;14;8;14;9;14;10;14;10;13;10;12;10;11;10;10;10;9;10;8;10;7;11;7;11;6;12;6;12;5;13;5;14;5;15;5;16;5;17;5;18;5
1;1;19;3;2;10;3;10;4;10;5;10;6;10;6;11;5;11;5;12;5;13;4;13;4;14;5;14;6;14;7;14;8;14;9;14;10;14;10;13;10;12;10;11;10;10;10;9;10;8;10;7;11;7;11;6;12;6;12;5;13;5;14;5;15;5;16;5;17;5;18;5;19;5
1;0;19;3;3;10;4;10;5;10;6;10;6;11;5;11;5;12;5;13;4;13;4;14;5;14;6;14;7;14;8;14;9;14;10;14;10;13;10;12;10;11;10;10;10;9;10;8;10;7;11;7;11;6;12;6;12;5;13;5;14;5;15;5;16;5;17;5;18;5;19;5;19;4
1;0;1;17;4;10;4;10;5;10;6;10;6;11;5;11;5;12;5;13;4;13;4;14;5;14;6;14;7;14;8;14;9;14;10;14;10;13;10;12;10;11;10;10;10;9;10;8;10;7;11;7;11;6;12;6;12;5;13;5;14;5;15;5;16;5;17;5;18;5;19;5;19;4;19;3
1;3;1;17;4;10;5;10;6;10;6;11;5;11;5;12;5;13;4;13;4;14;5;14;6;14;7;14;8;14;9;14;10;14;10;13;10;12;10;11;10;10;10;9;10;8;10;7;11;7;11;6;12;6;12;5;13;5;14;5;15;5;16;5;17;5;18;5;19;5;19;4;19;3;18;3
1;3;1;17;5;10;6;10;6;11;5;11;5;12;5;13;4;13;4;14;5;14;6;14;7;14;8;14;9;14;10;14;10;13;10;12;10;11;10;10;10;9;10;8;10;7;11;7;11;6;12;6;12;5;13;5;14;5;15;5;16;5;17;5;18;5;19;5;19;4;19;3;18;3;17;3
1;3;1;17;6;10;6;11;5;11;5;12;5;13;4;13;4;14;5;14;6;14;7;14;8;14;9;14;10;14;10;13;10;12;10;11;10;10;10;9;10;8;10;7;11;7;11;6;12;6;12;5;13;5;14;5;15;5;16;5;17;5;18;5;19;5;19;4;19;3;18;3;17;3;16;3
1;3;1;17;6;11;5;11;5;12;5;13;4;13;4;14;5;14;6;14;7;14;8;14;9;14;10;14;10;13;10;12;10;11;10;10;10;9;10;8;10;7;11;7;11;6;12;6;12;5;13;5;14;5;15;5;16;5;17;5;18;5;19;5;19;4;19;3;18;3;17;3;16;3;15;3
1;3;1;17;5;11;5;12;5;13;4;13;4;14;5;14;6;14;7;14;8;14;9;14;10;14;10;13;10;12;10;11;10;10;10;9;10;8;10;7;11;7;11;6;12;6;12;5;13;5;14;5;15;5;16;5;17;5;18;5;19;5;19;4;19;3;18;3;17;3;16;3;15;3;14;3
1;3;1;17;5;12;5;13;4;13;4;14;5;14;6;14;7;14;8;14;9;14;10;14;10;13;10;12;10;11;10;10;10;9;10;8;10;7;11;7;11;6;12;6;12;5;13;5;14;5;15;5;16;5;17;5;18;5;19;5;19;4;19;3;18;3;17;3;16;3;15;3;14;3;13;3
1;3;1;17;5;13;4;13;4;14;5;14;6;14;7;14;8;14;9;14;10;14;10;13;10;12;10;11;10;10;10;9;10;8;10;7;11;7;11;6;12;6;12;5;13;5;14;5;15;5;16;5;17;5;18;5;19;5;19;4;19;3;18;3;17;3;16;3;15;3;14;3;13;3;12;3
1;3;1;17;4;13;4;14;5;14;6;14;7;14;8;14;9;14;10;14;10;13;10;12;10;11;10;10;10;9;10;8;10;7;11;7;11;6;12;6;12;5;13;5;14;5;15;5;16;5;17;5;18;5;19;5;19;4;19;3;18;3;17;3;16;3;15;3;14;3;13;3;12;3;11;3
1;3;1;17;4;14;5;14;6;14;7;14;8;14;9;14;10;14;10;13;10;12;10;11;10;10;10;9;10;8;10;7;11;7;11;6;12;6;12;5;13;5;14;5;15;5;16;5;17;5;18;5;19;5;19;4;19;3;18;3;17;3;16;3;15;3;14;3;13;3;12;3;11;3;10;3
1;3;1;17;5;14;6;14;7;14;8;14;9;14;10;14;10;13;10;12;10;11;10;10;10;9;10;8;10;7;11;7;11;6;12;6;12;5;13;5;14;5;15;5;16;5;17;5;18;5;19;5;19;4;19;3;18;3;17;3;16;3;15;3;14;3;13;3;12;3;11;3;10;3;9;3
1;3;1;17;6;14;7;14;8;14;9;14;10;14;10;13;10;12;10;11;10;10;10;9;10;8;10;7;11;7;11;6;12;6;12;5;13;5;14;5;15;5;16;5;17;5;18;5;19;5;19;4;19;3;18;3;17;3;16;3;15;3;14;3;13;3;12;3;11;3;10;3;9;3;8;3
1;3;1;17;7;14;8;14;9;14;10;14;10;13;10;12;10;11;10;10;10;9;10;8;10;7;11;7;11;6;12;6;12;5;13;5;14;5;15;5;16;5;17;5;18;5;19;5;19;4;19;3;18;3;17;3;16;3;15;3;14;3;13;3;12;3;11;3;10;3;9;3;8;3;7;3
1;3;1;17;8;14;9;14;10;14;10;13;10;12;10;11;10;10;10;9;10;8;10;7;11;7;11;6;12;6;12;5;13;5;14;5;15;5;16;5;17;5;18;5;19;5;19;4;19;3;18;3;17;3;16;3;15;3;14;3;13;3;12;3;11;3;10;3;9;3;8;3;7;3;6;3
1;2;1;17;9;14;10;14;10;13;10;12;10;11;10;10;10;9;10;8;10;7;11;7;11;6;12;6;12;5;13;5;14;5;15;5;16;5;17;5;18;5;19;5;19;4;19;3;18;3;17;3;16;3;15;3;14;3;13;3;12;3;11;3;10;3;9;3;8;3;7;3;6;3;6;4
1;2;1;17;10;14;10;13;10;12;10;11;10;10;10;9;10;8;10;7;11;7;11;6;12;6;12;5;13;5;14;5;15;5;16;5;17;5;18;5;19;5;19;4;19;3;18;3;17;3;16;3;15;3;14;3;13;3;12;3;11;3;10;3;9;3;8;3;7;3;6;3;6;4;6;5
1;2;1;17;10;13;10;12;10;11;10;10;10;9;10;8;10;7;11;7;11;6;12;6;12;5;13;5;14;5;15;5;16;5;17;5;18;5;19;5;19;4;19;3;18;3;17;3;16;3;15;3;14;3;13;3;12;3;11;3;10;3;9;3;8;3;7;3;6;3;6;4;6;5;6;6
1;2;1;17;10;12;10;11;10;10;10;9;10;8;10;7;11;7;11;6;12;6;12;5;13;5;14;5;15;5;16;5;17;5;18;5;19;5;19;4;19;3;18;3;17;3;16;3;15;3;14;3;13;3;12;3;11;3;10;3;9;3;8;3;7;3;6;3;6;4;6;5;6;6;6;7
1;2;1;17;10;11;10;10;10;9;10;8;10;7;11;7;11;6;12;6;12;5;13;5;14;5;15;5;16;5;17;5;18;5;19;5;19;4;19;3;18;3;17;3;16;3;15;3;14;3;13;3;12;3;11;3;10;3;9;3;8;3;7;3;6;3;6;4;6;5;6;6;6;7;6;8
1;3;1;17;10;10;10;9;10;8;10;7;11;7;11;6;12;6;12;5;13;5;14;5;15;5;16;5;17;5;18;5;19;5;19;4;19;3;18;3;17;3;16;3;15;3;14;3;13;3;12;3;11;3;10;3;9;3;8;3;7;3;6;3;6;4;6;5;6;6;6;7;6;8;5;8
1;3;1;17;10;9;10;8;10;7;11;7;11;6;12;6;12;5;13;5;14;5;15;5;16;5;17;5;18;5;19;5;19;4;19;3;18;3;17;3;16;3;15;3;14;3;13;3;12;3;11;3;10;3;9;3;8;3;7;3;6;3;6;4;6;5;6;6;6;7;6;8;5;8;4;8
1;3;1;17;10;8;10;7;11;7;11;6;12;6;12;5;13;5;14;5;15;5;16;5;17;5;18;5;19;5;19;4;19;3;18;3;17;3;16;3;15;3;14;3;13;3;12;3;11;3;10;3;9;3;8;3;7;3;6;3;6;4;6;5;6;6;6;7;6;8;5;8;4;8;3;8
1;3;1;17;10;7;11;7;11;6;12;6;12;5;13;5;14;5;15;5;16;5;17;5;18;5;19;5;19;4;19;3;18;3;17;3;16;3;15;3;14;3;13;3;12;3;11;3;10;3;9;3;8;3;7;3;6;3;6;4;6;5;6;6;6;7;6;8;5;8;4;8;3;8;2;8
1;3;1;17;11;7;11;6;12;6;12;5;13;5;14;5;15;5;16;5;17;5;18;5;19;5;19;4;19;3;18;3;17;3;16;3;15;3;14;3;13;3;12;3;11;3;10;3;9;3;8;3;7;3;6;3;6;4;6;5;6;6;6;7;6;8;5;8;4;8;3;8;2;8;1;8
1;2;1;17;11;6;12;6;12;5;13;5;14;5;15;5;16;5;17;5;18;5;19;5;19;4;19;3;18;3;17;3;16;3;15;3;14;3;13;3;12;3;11;3;10;3;9;3;8;3;7;3;6;3;6;4;6;5;6;6;6;7;6;8;5;8;4;8;3;8;2;8;1;8;1;9
1;2;1;17;12;6;12;5;13;5;14;5;15;5;16;5;17;5;18;5;19;5;19;4;19;3;18;3;17;3;16;3;15;3;14;3;13;3;12;3;11;3;10;3;9;3;8;3;7;3;6;3;6;4;6;5;6;6;6;7;6;8;5;8;4;8;3;8;2;8;1;8;1;9;1;10
1;2;1;17;12;5;13;5;14;5;15;5;16;5;17;5;18;5;19;5;19;4;19;3;18;3;17;3;16;3;15;3;14;3;13;3;12;3;11;3;10;3;9;3;8;3;7;3;6;3;6;4;6;5;6;6;6;7;6;8;5;8;4;8;3;8;2;8;1;8;1;9;1;10;1;11
1;2;1;17;13;5;14;5;15;5;16;5;17;5;18;5;19;5;19;4;19;3;18;3;17;3;16;3;15;3;14;3;13;3;12;3;11;3;10;3;9;3;8;3;7;3;6;3;6;4;6;5;6;6;6;7;6;8;5;8;4;8;3;8;2;8;1;8;1;9;1;10;1;11;1;12
1;2;1;17;14;5;15;5;16;5;17;5;18;5;19;5;19;4;19;3;18;3;17;3;16;3;15;3;14;3;13;3;12;3;11;3;10;3;9;3;8;3;7;3;6;3;6;4;6;5;6;6;6;7;6;8;5;8;4;8;3;8;2;8;1;8;1;9;1;10;1;11;1;12;1;13
1;2;1;17;15;5;16;5;17;5;18;5;19;5;19;4;19;3;18;3;17;3;16;3;15;3;14;3;13;3;12;3;11;3;10;3;9;3;8;3;7;3;6;3;6;4;6;5;6;6;6;7;6;8;5;8;4;8;3;8;2;8;1;8;1;9;1;10;1;11;1;12;1;13;1;14
1;2;1;17;16;5;17;5;18;5;19;5;19;4;19;3;18;3;17;3;16;3;15;3;14;3;13;3;12;3;11;3;10;3;9;3;8;3;7;3;6;3;6;4;6;5;6;6;6;7;6;8;5;8;4;8;3;8;2;8;1;8;1;9;1;10;1;11;1;12;1;13;1;14;1;15
1;2;1;17;17;5;18;5;19;5;19;4;19;3;18;3;17;3;16;3;15;3;14;3;13;3;12;3;11;3;10;3;9;3;8;3;7;3;6;3;6;4;6;5;6;6;6;7;6;8;5;8;4;8;3;8;2;8;1;8;1;9;1;10;1;11;1;12;1;13;1;14;1;15;1;16
1;2;2;9;18;5;18;5;19;5;19;4;19;3;18;3;17;3;16;3;15;3;14;3;13;3;12;3;11;3;10;3;9;3;8;3;7;3;6;3;6;4;6;5;6;6;6;7;6;8;5;8;4;8;3;8;2;8;1;8;1;9;1;10;1;11;1;12;1;13;1;14;1;15;1;16;1;17
1;1;2;9;18;5;19;5;19;4;19;3;18;3;17;3;16;3;15;3;14;3;13;3;12;3;11;3;10;3;9;3;8;3;7;3;6;3;6;4;6;5;6;6;6;7;6;8;5;8;4;8;3;8;2;8;1;8;1;9;1;10;1;11;1;12;1;13;1;14;1;15;1;16;1;17;2;17
1;0;2;9;19;5;19;4;19;3;18;3;17;3;16;3;15;3;14;3;13;3;12;3;11;3;10;3;9;3;8;3;7;3;6;3;6;4;6;5;6;6;6;7;6;8;5;8;4;8;3;8;2;8;1;8;1;9;1;10;1;11;1;12;1;13;1;14;1;15;1;16;1;17;2;17;2;16
1;0;2;9;19;4;19;3;18;3;17;3;16;3;15;3;14;3;13;3;12;3;11;3;10;3;9;3;8;3;7;3;6;3;6;4;6;5;6;6;6;7;6;8;5;8;4;8;3;8;2;8;1;8;1;9;1;10;1;11;1;12;1;13;1;14;1;15;1;16;1;17;2;17;2;16;2;15
1;0;2;9;19;3;18;3;17;3;16;3;15;3;14;3;13;3;12;3;11;3;10;3;9;3;8;3;7;3;6;3;6;4;6;5;6;6;6;7;6;8;5;8;4;8;3;8;2;8;1;8;1;9;1;10;1;11;1;12;1;13;1;14;1;15;1;16;1;17;2;17;2;16;2;15;2;14
1;0;2;9;18;3;17;3;16;3;15;3;14;3;13;3;12;3;11;3;10;3;9;3;8;3;7;3;6;3;6;4;6;5;6;6;6;7;6;8;5;8;4;8;3;8;2;8;1;8;1;9;1;10;1;11;1;12;1;13;1;14;1;15;1;16;1;17;2;17;2;16;2;15;2;14;2;13
1;0;2;9;17;3;16;3;15;3;14;3;13;3;12;3;11;3;10;3;9;3;8;3;7;3;6;3;6;4;6;5;6;6;6;7;6;8;5;8;4;8;3;8;2;8;1;8;1;9;1;10;1;11;1;12;1;13;1;14;1;15;1;16;1;17;2;17;2;16;2;15;2;14;2;13;2;12
1;0;2;9;16;3;15;3;14;3;13;3;12;3;11;3;10;3;9;3;8;3;7;3;6;3;6;4;6;5;6;6;6;7;6;8;5;8;4;8;3;8;2;8;1;8;1;9;1;10;1;11;1;12;1;13;1;14;1;15;1;16;1;17;2;17;2;16;2;15;2;14;2;13;2;12;2;11
1;0;2;9;15;3;14;3;13;3;12;3;11;3;10;3;9;3;8;3;7;3;6;3;6;4;6;5;6;6;6;7;6;8;5;8;4;8;3;8;2;8;1;8;1;9;1;10;1;11;1;12;1;13;1;14;1;15;1;16;1;17;2;17;2;16;2;15;2;14;2;13;2;12;2;11;2;10
1;0;2;1;14;3;14;3;13;3;12;3;11;3;10;3;9;3;8;3;7;3;6;3;6;4;6;5;6;6;6;7;6;8;5;8;4;8;3;8;2;8;1;8;1;9;1;10;1;11;1;12;1;13;1;14;1;15;1;16;1;17;2;17;2;16;2;15;2;14;2;13;2;12;2;11;2;10;2;9
1;1;2;1;14;3;13;3;12;3;11;3;10;3;9;3;8;3;7;3;6;3;6;4;6;5;6;6;6;7;6;8;5;8;4;8;3;8;2;8;1;8;1;9;1;10;1;11;1;12;1;13;1;14;1;15;1;16;1;17;2;17;2;16;2;15;2;14;2;13;2;12;2;11;2;10;2;9;3;9
1;1;2;1;13;3;12;3;11;3;10;3;9;3;8;3;7;3;6;3;6;4;6;5;6;6;6;7;6;8;5;8;4;8;3;8;2;8;1;8;1;9;1;10;1;11;1;12;1;13;1;14;1;15;1;16;1;17;2;17;2;16;2;15;2;14;2;13;2;12;2;11;2;10;2;9;3;9;4;9
1;1;2;1;12;3;11;3;10;3;9;3;8;3;7;3;6;3;6;4;6;5;6;6;6;7;6;8;5;8;4;8;3;8;2;8;1;8;1;9;1;10;1;11;1;12;1;13;1;14;1;15;1;16;1;17;2;17;2;16;2;15;2;14;2;13;2;12;2;11;2;10;2;9;3;9;4;9;5;9
1;1;2;1;11;3;10;3;9;3;8;3;7;3;6;3;6;4;6;5;6;6;6;7;6;8;5;8;4;8;3;8;2;8;1;8;1;9;1;10;1;11;1;12;1;13;1;14;1;15;1;16;1;17;2;17;2;16;2;15;2;14;2;13;2;12;2;11;2;10;2;9;3;9;4;9;5;9;6;9
1;1;2;1;10;3;9;3;8;3;7;3;6;3;6;4;6;5;6;6;6;7;6;8;5;8;4;8;3;8;2;8;1;8;1;9;1;10;1;11;1;12;1;13;1;14;1;15;1;16;1;17;2;17;2;16;2;15;2;14;2;13;2;12;2;11;2;10;2;9;3;9;4;9;5;9;6;9;7;9
1;0;2;1;9;3;8;3;7;3;6;3;6;4;6;5;6;6;6;7;6;8;5;8;4;8;3;8;2;8;1;8;1;9;1;10;1;11;1;12;1;13;1;14;1;15;1;16;1;17;2;17;2;16;2;15;2;14;2;13;2;12;2;11;2;10;2;9;3;9;4;9;5;9;6;9;7;9;7;8
1;0;2;1;8;3;7;3;6;3;6;4;6;5;6;6;6;7;6;8;5;8;4;8;3;8;2;8;1;8;1;9;1;10;1;11;1;12;1;13;1;14;1;15;1;16;1;17;2;17;2;16;2;15;2;14;2;13;2;12;2;11;2;10;2;9;3;9;4;9;5;9;6;9;7;9;7;8;7;7
1;0;2;1;7;3;6;3;6;4;6;5;6;6;6;7;6;8;5;8;4;8;3;8;2;8;1;8;1;9;1;10;1;11;1;12;1;13;1;14;1;15;1;16;1;17;2;17;2;16;2;15;2;14;2;13;2;12;2;11;2;10;2;9;3;9;4;9;5;9;6;9;7;9;7;8;7;7;7;6
1;0;2;1;6;3;6;4;6;5;6;6;6;7;6;8;5;8;4;8;3;8;2;8;1;8;1;9;1;10;1;11;1;12;1;13;1;14;1;15;1;16;1;17;2;17;2;16;2;15;2;14;2;13;2;12;2;11;2;10;2;9;3;9;4;9;5;9;6;9;7;9;7;8;7;7;7;6;7;5
1;0;2;1;6;4;6;5;6;6;6;7;6;8;5;8;4;8;3;8;2;8;1;8;1;9;1;10;1;11;1;12;1;13;1;14;1;15;1;16;1;17;2;17;2;16;2;15;2;14;2;13;2;12;2;11;2;10;2;9;3;9;4;9;5;9;6;9;7;9;7;8;7;7;7;6;7;5;7;4
1;0;2;1;6;5;6;6;6;7;6;8;5;8;4;8;3;8;2;8;1;8;1;9;1;10;1;11;1;12;1;13;1;14;1;15;1;16;1;17;2;17;2;16;2;15;2;14;2;13;2;12;2;11;2;10;2;9;3;9;4;9;5;9;6;9;7;9;7;8;7;7;7;6;7;5;7;4;7;3
1;0;2;1;6;6;6;7;6;8;5;8;4;8;3;8;2;8;1;8;1;9;1;10;1;11;1;12;1;13;1;14;1;15;1;16;1;17;2;17;2;16;2;15;2;14;2;13;2;12;2;11;2;10;2;9;3;9;4;9;5;9;6;9;7;9;7;8;7;7;7;6;7;5;7;4;7;3;7;2
1;0;2;1;6;7;6;8;5;8;4;8;3;8;2;8;1;8;1;9;1;10;1;11;1;12;1;13;1;14;1;15;1;16;1;17;2;17;2;16;2;15;2;14;2;13;2;12;2;11;2;10;2;9;3;9;4;9;5;9;6;9;7;9;7;8;7;7;7;6;7;5;7;4;7;3;7;2;7;1
1;3;2;1;6;8;5;8;4;8;3;8;2;8;1;8;1;9;1;10;1;11;1;12;1;13;1;14;1;15;1;16;1;17;2;17;2;16;2;15;2;14;2;13;2;12;2;11;2;10;2;9;3;9;4;9;5;9;6;9;7;9;7;8;7;7;7;6;7;5;7;4;7;3;7;2;7;1;6;1
1;3;2;1;5;8;4;8;3;8;2;8;1;8;1;9;1;10;1;11;1;12;1;13;1;14;1;15;1;16;1;17;2;17;2;16;2;15;2;14;2;13;2;12;2;11;2;10;2;9;3;9;4;9;5;9;6;9;7;9;7;8;7;7;7;6;7;5;7;4;7;3;7;2;7;1;6;1;5;1
1;3;2;1;4;8;3;8;2;8;1;8;1;9;1;10;1;11;1;12;1;13;1;14;1;15;1;16;1;17;2;17;2;16;2;15;2;14;2;13;2;12;2;11;2;10;2;9;3;9;4;9;5;9;6;9;7;9;7;8;7;7;7;6;7;5;7;4;7;3;7;2;7;1;6;1;5;1;4;1
1;3;2;1;3;8;2;8;1;8;1;9;1;10;1;11;1;12;1;13;1;14;1;15;1;16;1;17;2;17;2;16;2;15;2;14;2;13;2;12;2;11;2;10;2;9;3;9;4;9;5;9;6;9;7;9;7;8;7;7;7;6;7;5;7;4;7;3;7;2;7;1;6;1;5;1;4;1;3;1
1;3;12;9;2;8;2;8;1;8;1;9;1;10;1;11;1;12;1;13;1;14;1;15;1;16;1;17;2;17;2;16;2;15;2;14;2;13;2;12;2;11;2;10;2;9;3;9;4;9;5;9;6;9;7;9;7;8;7;7;7;6;7;5;7;4;7;3;7;2;7;1;6;1;5;1;4;1;3;1;2;1
1;2;12;9;2;8;1;8;1;9;1;10;1;11;1;12;1;13;1;14;1;15;1;16;1;17;2;17;2;16;2;15;2;14;2;13;2;12;2;11;2;10;2;9;3;9;4;9;5;9;6;9;7;9;7;8;7;7;7;6;7;5;7;4;7;3;7;2;7;1;6;1;5;1;4;1;3;1;2;1;2;2
1;2;12;9;1;8;1;9;1;10;1;11;1;12;1;13;1;14;1;15;1;16;1;17;2;17;2;16;2;15;2;14;2;13;2;12;2;11;2;10;2;9;3;9;4;9;5;9;6;9;7;9;7;8;7;7;7;6;7;5;7;4;7;3;7;2;7;1;6;1;5;1;4;1;3;1;2;1;2;2;2;3
1;2;12;9;1;9;1;10;1;11;1;12;1;13;1;14;1;15;1;16;1;17;2;17;2;16;2;15;2;14;2;13;2;12;2;11;2;10;2;9;3;9;4;9;5;9;6;9;7;9;7;8;7;7;7;6;7;5;7;4;7;3;7;2;7;1;6;1;5;1;4;1;3;1;2;1;2;2;2;3;2;4
1;2;12;9;1;10;1;11;1;12;1;13;1;14;1;15;1;16;1;17;2;17;2;16;2;15;2;14;2;13;2;12;2;11;2;10;2;9;3;9;4;9;5;9;6;9;7;9;7;8;7;7;7;6;7;5;7;4;7;3;7;2;7;1;6;1;5;1;4;1;3;1;2;1;2;2;2;3;2;4;2;5
1;2;12;9;1;11;1;12;1;13;1;14;1;15;1;16;1;17;2;17;2;16;2;15;2;14;2;13;2;12;2;11;2;10;2;9;3;9;4;9;5;9;6;9;7;9;7;8;7;7;7;6;7;5;7;4;7;3;7;2;7;1;6;1;5;1;4;1;3;1;2;1;2;2;2;3;2;4;2;5;2;6
1;1;12;9;1;12;1;13;1;14;1;15;1;16;1;17;2;17;2;16;2;15;2;14;2;13;2;12;2;11;2;10;2;9;3;9;4;9;5;9;6;9;7;9;7;8;7;7;7;6;7;5;7;4;7;3;7;2;7;1;6;1;5;1;4;1;3;1;2;1;2;2;2;3;2;4;2;5;2;6;3;6
1;1;12;9;1;13;1;14;1;15;1;16;1;17;2;17;2;16;2;15;2;14;2;13;2;12;2;11;2;10;2;9;3;9;4;9;5;9;6;9;7;9;7;8;7;7;7;6;7;5;7;4;7;3;7;2;7;1;6;1;5;1;4;1;3;1;2;1;2;2;2;3;2;4;2;5;2;6;3;6;4;6
1;1;12;9;1;14;1;15;1;16;1;17;2;17;2;16;2;15;2;14;2;13;2;12;2;11;2;10;2;9;3;9;4;9;5;9;6;9;7;9;7;8;7;7;7;6;7;5;7;4;7;3;7;2;7;1;6;1;5;1;4;1;3;1;2;1;2;2;2;3;2;4;2;5;2;6;3;6;4;6;5;6
1;0;12;9;1;15;1;16;1;17;2;17;2;16;2;15;2;14;2;13;2;12;2;11;2;10;2;9;3;9;4;9;5;9;6;9;7;9;7;8;7;7;7;6;7;5;7;4;7;3;7;2;7;1;6;1;5;1;4;1;3;1;2;1;2;2;2;3;2;4;2;5;2;6;3;6;4;6;5;6;5;5
1;0;12;9;1;16;1;17;2;17;2;16;2;15;2;14;2;13;2;12;2;11;2;10;2;9;3;9;4;9;5;9;6;9;7;9;7;8;7;7;7;6;7;5;7;4;7;3;7;2;7;1;6;1;5;1;4;1;3;1;2;1;2;2;2;3;2;4;2;5;2;6;3;6;4;6;5;6;5;5;5;4
1;0;12;9;1;17;2;17;2;16;2;15;2;14;2;13;2;12;2;11;2;10;2;9;3;9;4;9;5;9;6;9;7;9;7;8;7;7;7;6;7;5;7;4;7;3;7;2;7;1;6;1;5;1;4;1;3;1;2;1;2;2;2;3;2;4;2;5;2;6;3;6;4;6;5;6;5;5;5;4;5;3
1;1;12;9;2;17;2;16;2;15;2;14;2;13;2;12;2;11;2;10;2;9;3;9;4;9;5;9;6;9;7;9;7;8;7;7;7;6;7;5;7;4;7;3;7;2;7;1;6;1;5;1;4;1;3;1;2;1;2;2;2;3;2;4;2;5;2;6;3;6;4;6;5;6;5;5;5;4;5;3;6;3
1;2;12;9;2;16;2;15;2;14;2;13;2;12;2;11;2;10;2;9;3;9;4;9;5;9;6;9;7;9;7;8;7;7;7;6;7;5;7;4;7;3;7;2;7;1;6;1;5;1;4;1;3;1;2;1;2;2;2;3;2;4;2;5;2;6;3;6;4;6;5;6;5;5;5;4;5;3;6;3;6;4
1;2;12;9;2;15;2;14;2;13;2;12;2;11;2;10;2;9;3;9;4;9;5;9;6;9;7;9;7;8;7;7;7;6;7;5;7;4;7;3;7;2;7;1;6;1;5;1;4;1;3;1;2;1;2;2;2;3;2;4;2;5;2;6;3;6;4;6;5;6;5;5;5;4;5;3;6;3;6;4;6;5
1;2;12;9;2;14;2;13;2;12;2;11;2;10;2;9;3;9;4;9;5;9;6;9;7;9;7;8;7;7;7;6;7;5;7;4;7;3;7;2;7;1;6;1;5;1;4;1;3;1;2;1;2;2;2;3;2;4;2;5;2;6;3;6;4;6;5;6;5;5;5;4;5;3;6;3;6;4;6;5;6;6
1;2;12;9;2;13;2;12;2;11;2;10;2;9;3;9;4;9;5;9;6;9;7;9;7;8;7;7;7;6;7;5;7;4;7;3;7;2;7;1;6;1;5;1;4;1;3;1;2;1;2;2;2;3;2;4;2;5;2;6;3;6;4;6;5;6;5;5;5;4;5;3;6;3;6;4;6;5;6;6;6;7
1;2;12;9;2;12;2;11;2;10;2;9;3;9;4;9;5;9;6;9;7;9;7;8;7;7;7;6;7;5;7;4;7;3;7;2;7;1;6;1;5;1;4;1;3;1;2;1;2;2;2;3;2;4;2;5;2;6;3;6;4;6;5;6;5;5;5;4;5;3;6;3;6;4;6;5;6;6;6;7;6;8
1;3;12;9;2;11;2;10;2;9;3;9;4;9;5;9;6;9;7;9;7;8;7;7;7;6;7;5;7;4;7;3;7;2;7;1;6;1;5;1;4;1;3;1;2;1;2;2;2;3;2;4;2;5;2;6;3;6;4;6;5;6;5;5;5;4;5;3;6;3;6;4;6;5;6;6;6;7;6;8;5;8
1;3;12;9;2;10;2;9;3;9;4;9;5;9;6;9;7;9;7;8;7;7;7;6;7;5;7;4;7;3;7;2;7;1;6;1;5;1;4;1;3;1;2;1;2;2;2;3;2;4;2;5;2;6;3;6;4;6;5;6;5;5;5;4;5;3;6;3;6;4;6;5;6;6;6;7;6;8;5;8;4;8
1;3;12;9;2;9;3;9;4;9;5;9;6;9;7;9;7;8;7;7;7;6;7;5;7;4;7;3;7;2;7;1;6;1;5;1;4;1;3;1;2;1;2;2;2;3;2;4;2;5;2;6;3;6;4;6;5;6;5;5;5;4;5;3;6;3;6;4;6;5;6;6;6;7;6;8;5;8;4;8;3;8
1;3;12;9;3;9;4;9;5;9;6;9;7;9;7;8;7;7;7;6;7;5;7;4;7;3;7;2;7;1;6;1;5;1;4;1;3;1;2;1;2;2;2;3;2;4;2;5;2;6;3;6;4;6;5;6;5;5;5;4;5;3;6;3;6;4;6;5;6;6;6;7;6;8;5;8;4;8;3;8;2;8
1;2;12;9;4;9;5;9;6;9;7;9;7;8;7;7;7;6;7;5;7;4;7;3;7;2;7;1;6;1;5;1;4;1;3;1;2;1;2;2;2;3;2;4;2;5;2;6;3;6;4;6;5;6;5;5;5;4;5;3;6;3;6;4;6;5;6;6;6;7;6;8;5;8;4;8;3;8;2;8;2;9
1;2;12;9;5;9;6;9;7;9;7;8;7;7;7;6;7;5;7;4;7;3;7;2;7;1;6;1;5;1;4;1;3;1;2;1;2;2;2;3;2;4;2;5;2;6;3;6;4;6;5;6;5;5;5;4;5;3;6;3;6;4;6;5;6;6;6;7;6;8;5;8;4;8;3;8;2;8;2;9;2;10
1;1;12;9;6;9;7;9;7;8;7;7;7;6;7;5;7;4;7;3;7;2;7;1;6;1;5;1;4;1;3;1;2;1;2;2;2;3;2;4;2;5;2;6;3;6;4;6;5;6;5;5;5;4;5;3;6;3;6;4;6;5;6;6;6;7;6;8;5;8;4;8;3;8;2;8;2;9;2;10;3;10
1;1;12;9;7;9;7;8;7;7;7;6;7;5;7;4;7;3;7;2;7;1;6;1;5;1;4;1;3;1;2;1;2;2;2;3;2;4;2;5;2;6;3;6;4;6;5;6;5;5;5;4;5;3;6;3;6;4;6;5;6;6;6;7;6;8;5;8;4;8;3;8;2;8;2;9;2;10;3;10;4;10
1;1;12;9;7;8;7;7;7;6;7;5;7;4;7;3;7;2;7;1;6;1;5;1;4;1;3;1;2;1;2;2;2;3;2;4;2;5;2;6;3;6;4;6;5;6;5;5;5;4;5;3;6;3;6;4;6;5;6;6;6;7;6;8;5;8;4;8;3;8;2;8;2;9;2;10;3;10;4;10;5;10
1;1;12;9;7;7;7;6;7;5;7;4;7;3;7;2;7;1;6;1;5;1;4;1;3;1;2;1;2;2;2;3;2;4;2;5;2;6;3;6;4;6;5;6;5;5;5;4;5;3;6;3;6;4;6;5;6;6;6;7;6;8;5;8;4;8;3;8;2;8;2;9;2;10;3;10;4;10;5;10;6;10
1;1;12;9;7;6;7;5;7;4;7;3;7;2;7;1;6;1;5;1;4;1;3;1;2;1;2;2;2;3;2;4;2;5;2;6;3;6;4;6;5;6;5;5;5;4;5;3;6;3;6;4;6;5;6;6;6;7;6;8;5;8;4;8;3;8;2;8;2;9;2;10;3;10;4;10;5;10;6;10;7;10
1;1;12;9;7;5;7;4;7;3;7;2;7;1;6;1;5;1;4;1;3;1;2;1;2;2;2;3;2;4;2;5;2;6;3;6;4;6;5;6;5;5;5;4;5;3;6;3;6;4;6;5;6;6;6;7;6;8;5;8;4;8;3;8;2;8;2;9;2;10;3;10;4;10;5;10;6;10;7;10;8;10
1;0;12;9;7;4;7;3;7;2;7;1;6;1;5;1;4;1;3;1;2;1;2;2;2;3;2;4;2;5;2;6;3;6;4;6;5;6;5;5;5;4;5;3;6;3;6;4;6;5;6;6;6;7;6;8;5;8;4;8;3;8;2;8;2;9;2;10;3;10;4;10;5;10;6;10;7;10;8;10;8;9
1;1;12;9;7;3;7;2;7;1;6;1;5;1;4;1;3;1;2;1;2;2;2;3;2;4;2;5;2;6;3;6;4;6;5;6;5;5;5;4;5;3;6;3;6;4;6;5;6;6;6;7;6;8;5;8;4;8;3;8;2;8;2;9;2;10;3;10;4;10;5;10;6;10;7;10;8;10;8;9;9;9
1;1;12;9;7;2;7;1;6;1;5;1;4;1;3;1;2;1;2;2;2;3;2;4;2;5;2;6;3;6;4;6;5;6;5;5;5;4;5;3;6;3;6;4;6;5;6;6;6;7;6;8;5;8;4;8;3;8;2;8;2;9;2;10;3;10;4;10;5;10;6;10;7;10;8;10;8;9;9;9;10;9
1;1;12;9;7;1;6;1;5;1;4;1;3;1;2;1;2;2;2;3;2;4;2;5;2;6;3;6;4;6;5;6;5;5;5;4;5;3;6;3;6;4;6;5;6;6;6;7;6;8;5;8;4;8;3;8;2;8;2;9;2;10;3;10;4;10;5;10;6;10;7;10;8;10;8;9;9;9;10;9;11;9
1;1;9;10;6;1;6;1;5;1;4;1;3;1;2;1;2;2;2;3;2;4;2;5;2;6;3;6;4;6;5;6;5;5;5;4;5;3;6;3;6;4;6;5;6;6;6;7;6;8;5;8;4;8;3;8;2;8;2;9;2;10;3;10;4;10;5;10;6;10;7;10;8;10;8;9;9;9;10;9;11;9;12;9
1;2;9;10;6;1;5;1;4;1;3;1;2;1;2;2;2;3;2;4;2;5;2;6;3;6;4;6;5;6;5;5;5;4;5;3;6;3;6;4;6;5;6;6;6;7;6;8;5;8;4;8;3;8;2;8;2;9;2;10;3;10;4;10;5;10;6;10;7;10;8;10;8;9;9;9;10;9;11;9;12;9;12;10
1;3;9;10;5;1;4;1;3;1;2;1;2;2;2;3;2;4;2;5;2;6;3;6;4;6;5;6;5;5;5;4;5;3;6;3;6;4;6;5;6;6;6;7;6;8;5;8;4;8;3;8;2;8;2;9;2;10;3;10;4;10;5;10;6;10;7;10;8;10;8;9;9;9;10;9;11;9;12;9;12;10;11;10
1;3;9;10;4;1;3;1;2;1;2;2;2;3;2;4;2;5;2;6;3;6;4;6;5;6;5;5;5;4;5;3;6;3;6;4;6;5;6;6;6;7;6;8;5;8;4;8;3;8;2;8;2;9;2;10;3;10;4;10;5;10;6;10;7;10;8;10;8;9;9;9;10;9;11;9;12;9;12;10;11;10;10;10
1;3;7;8;3;1;3;1;2;1;2;2;2;3;2;4;2;5;2;6;3;6;4;6;5;6;5;5;5;4;5;3;6;3;6;4;6;5;6;6;6;7;6;8;5;8;4;8;3;8;2;8;2;9;2;10;3;10;4;10;5;10;6;10;7;10;8;10;8;9;9;9;10;9;11;9;12;9;12;10;11;10;10;10;9;10
1;2;7;8;3;1;2;1;2;2;2;3;2;4;2;5;2;6;3;6;4;6;5;6;5;5;5;4;5;3;6;3;6;4;6;5;6;6;6;7;6;8;5;8;4;8;3;8;2;8;2;9;2;10;3;10;4;10;5;10;6;10;7;10;8;10;8;9;9;9;10;9;11;9;12;9;12;10;11;10;10;10;9;10;9;11
1;3;7;8;2;1;2;2;2;3;2;4;2;5;2;6;3;6;4;6;5;6;5;5;5;4;5;3;6;3;6;4;6;5;6;6;6;7;6;8;5;8;4;8;3;8;2;8;2;9;2;10;3;10;4;10;5;10;6;10;7;10;8;10;8;9;9;9;10;9;11;9;12;9;12;10;11;10;10;10;9;10;9;11;8;11
1;3;7;8;2;2;2;3;2;4;2;5;2;6;3;6;4;6;5;6;5;5;5;4;5;3;6;3;6;4;6;5;6;6;6;7;6;8;5;8;4;8;3;8;2;8;2;9;2;10;3;10;4;10;5;10;6;10;7;10;8;10;8;9;9;9;10;9;11;9;12;9;12;10;11;10;10;10;9;10;9;11;8;11;7;11
1;3;7;8;2;3;2;4;2;5;2;6;3;6;4;6;5;6;5;5;5;4;5;3;6;3;6;4;6;5;6;6;6;7;6;8;5;8;4;8;3;8;2;8;2;9;2;10;3;10;4;10;5;10;6;10;7;10;8;10;8;9;9;9;10;9;11;9;12;9;12;10;11;10;10;10;9;10;9;11;8;11;7;11;6;11
1;3;7;8;2;4;2;5;2;6;3;6;4;6;5;6;5;5;5;4;5;3;6;3;6;4;6;5;6;6;6;7;6;8;5;8;4;8;3;8;2;8;2;9;2;10;3;10;4;10;5;10;6;10;7;10;8;10;8;9;9;9;10;9;11;9;12;9;12;10;11;10;10;10;9;10;9;11;8;11;7;11;6;11;5;11
1;3;7;8;2;5;2;6;3;6;4;6;5;6;5;5;5;4;5;3;6;3;6;4;6;5;6;6;6;7;6;8;5;8;4;8;3;8;2;8;2;9;2;10;3;10;4;10;5;10;6;10;7;10;8;10;8;9;9;9;10;9;11;9;12;9;12;10;11;10;10;10;9;10;9;11;8;11;7;11;6;11;5;11;4;11
1;3;7;8;2;6;3;6;4;6;5;6;5;5;5;4;5;3;6;3;6;4;6;5;6;6;6;7;6;8;5;8;4;8;3;8;2;8;2;9;2;10;3;10;4;10;5;10;6;10;7;10;8;10;8;9;9;9;10;9;11;9;12;9;12;10;11;10;10;10;9;10;9;11;8;11;7;11;6;11;5;11;4;11;3;11
1;3;7;8;3;6;4;6;5;6;5;5;5;4;5;3;6;3;6;4;6;5;6;6;6;7;6;8;5;8;4;8;3;8;2;8;2;9;2;10;3;10;4;10;5;10;6;10;7;10;8;10;8;9;9;9;10;9;11;9;12;9;12;10;11;10;10;10;9;10;9;11;8;11;7;11;6;11;5;11;4;11;3;11;2;11
1;3;7;8;4;6;5;6;5;5;5;4;5;3;6;3;6;4;6;5;6;6;6;7;6;8;5;8;4;8;3;8;2;8;2;9;2;10;3;10;4;10;5;10;6;10;7;10;8;10;8;9;9;9;10;9;11;9;12;9;12;10;11;10;10;10;9;10;9;11;8;11;7;11;6;11;5;11;4;11;3;11;2;11;1;11
1;0;7;8;5;6;5;5;5;4;5;3;6;3;6;4;6;5;6;6;6;7;6;8;5;8;4;8;3;8;2;8;2;9;2;10;3;10;4;10;5;10;6;10;7;10;8;10;8;9;9;9;10;9;11;9;12;9;12;10;11;10;10;10;9;10;9;11;8;11;7;11;6;11;5;11;4;11;3;11;2;11;1;11;1;10
1;0;7;8;5;5;5;4;5;3;6;3;6;4;6;5;6;6;6;7;6;8;5;8;4;8;3;8;2;8;2;9;2;10;3;10;4;10;5;10;6;10;7;10;8;10;8;9;9;9;10;9;11;9;12;9;12;10;11;10;10;10;9;10;9;11;8;11;7;11;6;11;5;11;4;11;3;11;2;11;1;11;1;10;1;9
1;0;7;8;5;4;5;3;6;3;6;4;6;5;6;6;6;7;6;8;5;8;4;8;3;8;2;8;2;9;2;10;3;10;4;10;5;10;6;10;7;10;8;10;8;9;9;9;10;9;11;9;12;9;12;10;11;10;10;10;9;10;9;11;8;11;7;11;6;11;5;11;4;11;3;11;2;11;1;11;1;10;1;9;1;8
1;0;7;8;5;3;6;3;6;4;6;5;6;6;6;7;6;8;5;8;4;8;3;8;2;8;2;9;2;10;3;10;4;10;5;10;6;10;7;10;8;10;8;9;9;9;10;9;11;9;12;9;12;10;11;10;10;10;9;10;9;11;8;11;7;11;6;11;5;11;4;11;3;11;2;11;1;11;1;10;1;9;1;8;1;7
1;0;7;8;6;3;6;4;6;5;6;6;6;7;6;8;5;8;4;8;3;8;2;8;2;9;2;10;3;10;4;10;5;10;6;10;7;10;8;10;8;9;9;9;10;9;11;9;12;9;12;10;11;10;10;10;9;10;9;11;8;11;7;11;6;11;5;11;4;11;3;11;2;11;1;11;1;10;1;9;1;8;1;7;1;6
1;1;7;8;6;4;6;5;6;6;6;7;6;8;5;8;4;8;3;8;2;8;2;9;2;10;3;10;4;10;5;10;6;10;7;10;8;10;8;9;9;9;10;9;11;9;12;9;12;10;11;10;10;10;9;10;9;11;8;11;7;11;6;11;5;11;4;11;3;11;2;11;1;11;1;10;1;9;1;8;1;7;1;6;2;6
1;1;7;8;6;5;6;6;6;7;6;8;5;8;4;8;3;8;2;8;2;9;2;10;3;10;4;10;5;10;6;10;7;10;8;10;8;9;9;9;10;9;11;9;12;9;12;10;11;10;10;10;9;10;9;11;8;11;7;11;6;11;5;11;4;11;3;11;2;11;1;11;1;10;1;9;1;8;1;7;1;6;2;6;3;6
1;1;7;8;6;6;6;7;6;8;5;8;4;8;3;8;2;8;2;9;2;10;3;10;4;10;5;10;6;10;7;10;8;10;8;9;9;9;10;9;11;9;12;9;12;10;11;10;10;10;9;10;9;11;8;11;7;11;6;11;5;11;4;11;3;11;2;11;1;11;1;10;1;9;1;8;1;7;1;6;2;6;3;6;4;6
1;1;7;8;6;7;6;8;5;8;4;8;3;8;2;8;2;9;2;10;3;10;4;10;5;10;6;10;7;10;8;10;8;9;9;9;10;9;11;9;12;9;12;10;11;10;10;10;9;10;9;11;8;11;7;11;6;11;5;11;4;11;3;11;2;11;1;11;1;10;1;9;1;8;1;7;1;6;2;6;3;6;4;6;5;6
1;1;7;8;6;8;5;8;4;8;3;8;2;8;2;9;2;10;3;10;4;10;5;10;6;10;7;10;8;10;8;9;9;9;10;9;11;9;12;9;12;10;11;10;10;10;9;10;9;11;8;11;7;11;6;11;5;11;4;11;3;11;2;11;1;11;1;10;1;9;1;8;1;7;1;6;2;6;3;6;4;6;5;6;6;6
1;1;7;8;5;8;4;8;3;8;2;8;2;9;2;10;3;10;4;10;5;10;6;10;7;10;8;10;8;9;9;9;10;9;11;9;12;9;12;10;11;10;10;10;9;10;9;11;8;11;7;11;6;11;5;11;4;11;3;11;2;11;1;11;1;10;1;9;1;8;1;7;1;6;2;6;3;6;4;6;5;6;6;6;7;6
1;2;7;8;4;8;3;8;2;8;2;9;2;10;3;10;4;10;5;10;6;10;7;10;8;10;8;9;9;9;10;9;11;9;12;9;12;10;11;10;10;10;9;10;9;11;8;11;7;11;6;11;5;11;4;11;3;11;2;11;1;11;1;10;1;9;1;8;1;7;1;6;2;6;3;6;4;6;5;6;6;6;7;6;7;7
1;2;14;16;3;8;3;8;2;8;2;9;2;10;3;10;4;10;5;10;6;10;7;10;8;10;8;9;9;9;10;9;11;9;12;9;12;10;11;10;10;10;9;10;9;11;8;11;7;11;6;11;5;11;4;11;3;11;2;11;1;11;1;10;1;9;1;8;1;7;1;6;2;6;3;6;4;6;5;6;6;6;7;6;7;7;7;8
1;1;14;16;3;8;2;8;2;9;2;10;3;10;4;10;5;10;6;10;7;10;8;10;8;9;9;9;10;9;11;9;12;9;12;10;11;10;10;10;9;10;9;11;8;11;7;11;6;11;5;11;4;11;3;11;2;11;1;11;1;10;1;9;1;8;1;7;1;6;2;6;3;6;4;6;5;6;6;6;7;6;7;7;7;8;8;8
1;1;14;16;2;8;2;9;2;10;3;10;4;10;5;10;6;10;7;10;8;10;8;9;9;9;10;9;11;9;12;9;12;10;11;10;10;10;9;10;9;11;8;11;7;11;6;11;5;11;4;11;3;11;2;11;1;11;1;10;1;9;1;8;1;7;1;6;2;6;3;6;4;6;5;6;6;6;7;6;7;7;7;8;8;8;9;8
1;1;14;16;2;9;2;10;3;10;4;10;5;10;6;10;7;10;8;10;8;9;9;9;10;9;11;9;12;9;12;10;11;10;10;10;9;10;9;11;8;11;7;11;6;11;5;11;4;11;3;11;2;11;1;11;1;10;1;9;1;8;1;7;1;6;2;6;3;6;4;6;5;6;6;6;7;6;7;7;7;8;8;8;9;8;10;8
1;1;14;16;2;10;3;10;4;10;5;10;6;10;7;10;8;10;8;9;9;9;10;9;11;9;12;9;12;10;11;10;10;10;9;10;9;11;8;11;7;11;6;11;5;11;4;11;3;11;2;11;1;11;1;10;1;9;1;8;1;7;1;6;2;6;3;6;4;6;5;6;6;6;7;6;7;7;7;8;8;8;9;8;10;8;11;8
1;1;14;16;3;10;4;10;5;10;6;10;7;10;8;10;8;9;9;9;10;9;11;9;12;9;12;10;11;10;10;10;9;10;9;11;8;11;7;11;6;11;5;11;4;11;3;11;2;11;1;11;1;10;1;9;1;8;1;7;1;6;2;6;3;6;4;6;5;6;6;6;7;6;7;7;7;8;8;8;9;8;10;8;11;8;12;8
1;1;14;16;4;10;5;10;6;10;7;10;8;10;8;9;9;9;10;9;11;9;12;9;12;10;11;10;10;10;9;10;9;11;8;11;7;11;6;11;5;11;4;11;3;11;2;11;1;11;1;10;1;9;1;8;1;7;1;6;2;6;3;6;4;6;5;6;6;6;7;6;7;7;7;8;8;8;9;8;10;8;11;8;12;8;13;8
1;2;14;16;5;10;6;10;7;10;8;10;8;9;9;9;10;9;11;9;12;9;12;10;11;10;10;10;9;10;9;11;8;11;7;11;6;11;5;11;4;11;3;11;2;11;1;11;1;10;1;9;1;8;1;7;1;6;2;6;3;6;4;6;5;6;6;6;7;6;7;7;7;8;8;8;9;8;10;8;11;8;12;8;13;8;13;9
1;1;14;16;6;10;7;10;8;10;8;9;9;9;10;9;11;9;12;9;12;10;11;10;10;10;9;10;9;11;8;11;7;11;6;11;5;11;4;11;3;11;2;11;1;11;1;10;1;9;1;8;1;7;1;6;2;6;3;6;4;6;5;6;6;6;7;6;7;7;7;8;8;8;9;8;10;8;11;8;12;8;13;8;13;9;14;9
1;2;14;16;7;10;8;10;8;9;9;9;10;9;11;9;12;9;12;10;11;10;10;10;9;10;9;11;8;11;7;11;6;11;5;11;4;11;3;11;2;11;1;11;1;10;1;9;1;8;1;7;1;6;2;6;3;6;4;6;5;6;6;6;7;6;7;7;7;8;8;8;9;8;10;8;11;8;12;8;13;8;13;9;14;9;14;10
1;2;14;16;8;10;8;9;9;9;10;9;11;9;12;9;12;10;11;10;10;10;9;10;9;11;8;11;7;11;6;11;5;11;4;11;3;11;2;11;1;11;1;10;1;9;1;8;1;7;1;6;2;6;3;6;4;6;5;6;6;6;7;6;7;7;7;8;8;8;9;8;10;8;11;8;12;8;13;8;13;9;14;9;14;10;14;11
1;2;14;16;8;9;9;9;10;9;11;9;12;9;12;10;11;10;10;10;9;10;9;11;8;11;7;11;6;11;5;11;4;11;3;11;2;11;1;11;1;10;1;9;1;8;1;7;1;6;2;6;3;6;4;6;5;6;6;6;7;6;7;7;7;8;8;8;9;8;10;8;11;8;12;8;13;8;13;9;14;9;14;10;14;11;14;12
1;2;14;16;9;9;10;9;11;9;12;9;12;10;11;10;10;10;9;10;9;11;8;11;7;11;6;11;5;11;4;11;3;11;2;11;1;11;1;10;1;9;1;8;1;7;1;6;2;6;3;6;4;6;5;6;6;6;7;6;7;7;7;8;8;8;9;8;10;8;11;8;12;8;13;8;13;9;14;9;14;10;14;11;14;12;14;13
1;2;14;16;10;9;11;9;12;9;12;10;11;10;10;10;9;10;9;11;8;11;7;11;6;11;5;11;4;11;3;11;2;11;1;11;1;10;1;9;1;8;1;7;1;6;2;6;3;6;4;6;5;6;6;6;7;6;7;7;7;8;8;8;9;8;10;8;11;8;12;8;13;8;13;9;14;9;14;10;14;11;14;12;14;13;14;14
1;2;14;16;11;9;12;9;12;10;11;10;10;10;9;10;9;11;8;11;7;11;6;11;5;11;4;11;3;11;2;11;1;11;1;10;1;9;1;8;1;7;1;6;2;6;3;6;4;6;5;6;6;6;7;6;7;7;7;8;8;8;9;8;10;8;11;8;12;8;13;8;13;9;14;9;14;10;14;11;14;12;14;13;14;14;14;15
1;2;10;2;12;9;12;9;12;10;11;10;10;10;9;10;9;11;8;11;7;11;6;11;5;11;4;11;3;11;2;11;1;11;1;10;1;9;1;8;1;7;1;6;2;6;3;6;4;6;5;6;6;6;7;6;7;7;7;8;8;8;9;8;10;8;11;8;12;8;13;8;13;9;14;9;14;10;14;11;14;12;14;13;14;14;14;15;14;16
1;3;10;2;12;9;12;10;11;10;10;10;9;10;9;11;8;11;7;11;6;11;5;11;4;11;3;11;2;11;1;11;1;10;1;9;1;8;1;7;1;6;2;6;3;6;4;6;5;6;6;6;7;6;7;7;7;8;8;8;9;8;10;8;11;8;12;8;13;8;13;9;14;9;14;10;14;11;14;12;14;13;14;14;14;15;14;16;13;16
1;3;10;2;12;10;11;10;10;10;9;10;9;11;8;11;7;11;6;11;5;11;4;11;3;11;2;11;1;11;1;10;1;9;1;8;1;7;1;6;2;6;3;6;4;6;5;6;6;6;7;6;7;7;7;8;8;8;9;8;10;8;11;8;12;8;13;8;13;9;14;9;14;10;14;11;14;12;14;13;14;14;14;15;14;16;13;16;12;16
1;3;10;2;11;10;10;10;9;10;9;11;8;11;7;11;6;11;5;11;4;11;3;11;2;11;1;11;1;10;1;9;1;8;1;7;1;6;2;6;3;6;4;6;5;6;6;6;7;6;7;7;7;8;8;8;9;8;10;8;11;8;12;8;13;8;13;9;14;9;14;10;14;11;14;12;14;13;14;14;14;15;14;16;13;16;12;16;11;16
1;3;10;2;10;10;9;10;9;11;8;11;7;11;6;11;5;11;4;11;3;11;2;11;1;11;1;10;1;9;1;8;1;7;1;6;2;6;3;6;4;6;5;6;6;6;7;6;7;7;7;8;8;8;9;8;10;8;11;8;12;8;13;8;13;9;14;9;14;10;14;11;14;12;14;13;14;14;14;15;14;16;13;16;12;16;11;16;10;16
1;0;10;2;9;10;9;11;8;11;7;11;6;11;5;11;4;11;3;11;2;11;1;11;1;10;1;9;1;8;1;7;1;6;2;6;3;6;4;6;5;6;6;6;7;6;7;7;7;8;8;8;9;8;10;8;11;8;12;8;13;8;13;9;14;9;14;10;14;11;14;12;14;13;14;14;14;15;14;16;13;16;12;16;11;16;10;16;10;15
1;0;10;2;9;11;8;11;7;11;6;11;5;11;4;11;3;11;2;11;1;11;1;10;1;9;1;8;1;7;1;6;2;6;3;6;4;6;5;6;6;6;7;6;7;7;7;8;8;8;9;8;10;8;11;8;12;8;13;8;13;9;14;9;14;10;14;11;14;12;14;13;14;14;14;15;14;16;13;16;12;16;11;16;10;16;10;15;10;14
1;0;10;2;8;11;7;11;6;11;5;11;4;11;3;11;2;11;1;11;1;10;1;9;1;8;1;7;1;6;2;6;3;6;4;6;5;6;6;6;7;6;7;7;7;8;8;8;9;8;10;8;11;8;12;8;13;8;13;9;14;9;14;10;14;11;14;12;14;13;14;14;14;15;14;16;13;16;12;16;11;16;10;16;10;15;10;14;10;13
1;0;10;2;7;11;6;11;5;11;4;11;3;11;2;11;1;11;1;10;1;9;1;8;1;7;1;6;2;6;3;6;4;6;5;6;6;6;7;6;7;7;7;8;8;8;9;8;10;8;11;8;12;8;13;8;13;9;14;9;14;10;14;11;14;12;14;13;14;14;14;15;14;16;13;16;12;16;11;16;10;16;10;15;10;14;10;13;10;12
1;0;10;2;6;11;5;11;4;11;3;11;2;11;1;11;1;10;1;9;1;8;1;7;1;6;2;6;3;6;4;6;5;6;6;6;7;6;7;7;7;8;8;8;9;8;10;8;11;8;12;8;13;8;13;9;14;9;14;10;14;11;14;12;14;13;14;14;14;15;14;16;13;16;12;16;11;16;10;16;10;15;10;14;10;13;10;12;10;11
1;0;10;2;5;11;4;11;3;11;2;11;1;11;1;10;1;9;1;8;1;7;1;6;2;6;3;6;4;6;5;6;6;6;7;6;7;7;7;8;8;8;9;8;10;8;11;8;12;8;13;8;13;9;14;9;14;10;14;11;14;12;14;13;14;14;14;15;14;16;13;16;12;16;11;16;10;16;10;15;10;14;10;13;10;12;10;11;10;10
1;0;10;2;4;11;3;11;2;11;1;11;1;10;1;9;1;8;1;7;1;6;2;6;3;6;4;6;5;6;6;6;7;6;7;7;7;8;8;8;9;8;10;8;11;8;12;8;13;8;13;9;14;9;14;10;14;11;14;12;14;13;14;14;14;15;14;16;13;16;12;16;11;16;10;16;10;15;10;14;10;13;10;12;10;11;10;10;10;9
1;1;10;2;3;11;2;11;1;11;1;10;1;9;1;8;1;7;1;6;2;6;3;6;4;6;5;6;6;6;7;6;7;7;7;8;8;8;9;8;10;8;11;8;12;8;13;8;13;9;14;9;14;10;14;11;14;12;14;13;14;14;14;15;14;16;13;16;12;16;11;16;10;16;10;15;10;14;10;13;10;12;10;11;10;10;10;9;11;9
1;2;10;2;2;11;1;11;1;10;1;9;1;8;1;7;1;6;2;6;3;6;4;6;5;6;6;6;7;6;7;7;7;8;8;8;9;8;10;8;11;8;12;8;13;8;13;9;14;9;14;10;14;11;14;12;14;13;14;14;14;15;14;16;13;16;12;16;11;16;10;16;10;15;10;14;10;13;10;12;10;11;10;10;10;9;11;9;11;10
1;2;10;2;1;11;1;10;1;9;1;8;1;7;1;6;2;6;3;6;4;6;5;6;6;6;7;6;7;7;7;8;8;8;9;8;10;8;11;8;12;8;13;8;13;9;14;9;14;10;14;11;14;12;14;13;14;14;14;15;14;16;13;16;12;16;11;16;10;16;10;15;10;14;10;13;10;12;10;11;10;10;10;9;11;9;11;10;11;11
1;2;10;2;1;10;1;9;1;8;1;7;1;6;2;6;3;6;4;6;5;6;6;6;7;6;7;7;7;8;8;8;9;8;10;8;11;8;12;8;13;8;13;9;14;9;14;10;14;11;14;12;14;13;14;14;14;15;14;16;13;16;12;16;11;16;10;16;10;15;10;14;10;13;10;12;10;11;10;10;10;9;11;9;11;10;11;11;11;12
1;2;10;2;1;9;1;8;1;7;1;6;2;6;3;6;4;6;5;6;6;6;7;6;7;7;7;8;8;8;9;8;10;8;11;8;12;8;13;8;13;9;14;9;14;10;14;11;14;12;14;13;14;14;14;15;14;16;13;16;12;16;11;16;10;16;10;15;10;14;10;13;10;12;10;11;10;10;10;9;11;9;11;10;11;11;11;12;11;13
1;2;10;2;1;8;1;7;1;6;2;6;3;6;4;6;5;6;6;6;7;6;7;7;7;8;8;8;9;8;10;8;11;8;12;8;13;8;13;9;14;9;14;10;14;11;14;12;14;13;14;14;14;15;14;16;13;16;12;16;11;16;10;16;10;15;10;14;10;13;10;12;10;11;10;10;10;9;11;9;11;10;11;11;11;12;11;13;11;14
1;2;10;2;1;7;1;6;2;6;3;6;4;6;5;6;6;6;7;6;7;7;7;8;8;8;9;8;10;8;11;8;12;8;13;8;13;9;14;9;14;10;14;11;14;12;14;13;14;14;14;15;14;16;13;16;12;16;11;16;10;16;10;15;10;14;10;13;10;12;10;11;10;10;10;9;11;9;11;10;11;11;11;12;11;13;11;14;11;15
1;1;10;2;1;6;2;6;3;6;4;6;5;6;6;6;7;6;7;7;7;8;8;8;9;8;10;8;11;8;12;8;13;8;13;9;14;9;14;10;14;11;14;12;14;13;14;14;14;15;14;16;13;16;12;16;11;16;10;16;10;15;10;14;10;13;10;12;10;11;10;10;10;9;11;9;11;10;11;11;11;12;11;13;11;14;11;15;12;15
1;0;10;2;2;6;3;6;4;6;5;6;6;6;7;6;7;7;7;8;8;8;9;8;10;8;11;8;12;8;13;8;13;9;14;9;14;10;14;11;14;12;14;13;14;14;14;15;14;16;13;16;12;16;11;16;10;16;10;15;10;14;10;13;10;12;10;11;10;10;10;9;11;9;11;10;11;11;11;12;11;13;11;14;11;15;12;15;12;14
1;0;10;2;3;6;4;6;5;6;6;6;7;6;7;7;7;8;8;8;9;8;10;8;11;8;12;8;13;8;13;9;14;9;14;10;14;11;14;12;14;13;14;14;14;15;14;16;13;16;12;16;11;16;10;16;10;15;10;14;10;13;10;12;10;11;10;10;10;9;11;9;11;10;11;11;11;12;11;13;11;14;11;15;12;15;12;14;12;13
1;0;10;2;4;6;5;6;6;6;7;6;7;7;7;8;8;8;9;8;10;8;11;8;12;8;13;8;13;9;14;9;14;10;14;11;14;12;14;13;14;14;14;15;14;16;13;16;12;16;11;16;10;16;10;15;10;14;10;13;10;12;10;11;10;10;10;9;11;9;11;10;11;11;11;12;11;13;11;14;11;15;12;15;12;14;12;13;12;12
1;0;10;2;5;6;6;6;7;6;7;7;7;8;8;8;9;8;10;8;11;8;12;8;13;8;13;9;14;9;14;10;14;11;14;12;14;13;14;14;14;15;14;16;13;16;12;16;11;16;10;16;10;15;10;14;10;13;10;12;10;11;10;10;10;9;11;9;11;10;11;11;11;12;11;13;11;14;11;15;12;15;12;14;12;13;12;12;12;11
1;0;10;2;6;6;7;6;7;7;7;8;8;8;9;8;10;8;11;8;12;8;13;8;13;9;14;9;14;10;14;11;14;12;14;13;14;14;14;15;14;16;13;16;12;16;11;16;10;16;10;15;10;14;10;13;10;12;10;11;10;10;10;9;11;9;11;10;11;11;11;12;11;13;11;14;11;15;12;15;12;14;12;13;12;12;12;11;12;10
1;1;10;2;7;6;7;7;7;8;8;8;9;8;10;8;11;8;12;8;13;8;13;9;14;9;14;10;14;11;14;12;14;13;14;14;14;15;14;16;13;16;12;16;11;16;10;16;10;15;10;14;10;13;10;12;10;11;10;10;10;9;11;9;11;10;11;11;11;12;11;13;11;14;11;15;12;15;12;14;12;13;12;12;12;11;12;10;13;10
