20
1;1;9;19;8;10;9;10;10;10
1;2;9;19;9;10;10;10;10;11
1;3;9;19;10;10;10;11;9;11
1;2;9;19;10;11;9;11;9;12
1;2;9;19;9;11;9;12;9;13
1;2;9;19;9;12;9;13;9;14
1;2;9;19;9;13;9;14;9;15
1;2;9;19;9;14;9;15;9;16
1;2;9;19;9;15;9;16;9;17
1;2;9;19;9;16;9;17;9;18
1;2;15;4;9;17;9;17;9;18;9;19
1;3;15;4;9;17;9;18;9;19;8;19
1;0;15;4;9;18;9;19;8;19;8;18
1;0;15;4;9;19;8;19;8;18;8;17
1;1;15;4;8;19;8;18;8;17;9;17
1;1;15;4;8;18;8;17;9;17;10;17
1;1;15;4;8;17;9;17;10;17;11;17
1;1;15;4;9;17;10;17;11;17;12;17
1;1;15;4;10;17;11;17;12;17;13;17
1;1;15;4;11;17;12;17;13;17;14;17
1;1;15;4;12;17;13;17;14;17;15;17
1;0;15;4;13;17;14;17;15;17;15;16
1;0;15;4;14;17;15;17;15;16;15;15
1;0;15;4;15;17;15;16;15;15;15;14
1;0;15;4;15;16;15;15;15;14;15;13
1;0;15;4;15;15;15;14;15;13;15;12
1;0;15;4;15;14;15;13;15;12;15;11
1;0;15;4;15;13;15;12;15;11;15;10
1;0;15;4;15;12;15;11;15;10;15;9
1;0;15;4;15;11;15;10;15;9;15;8
1;0;15;4;15;10;15;9;15;8;15;7
1;0;15;4;15;9;15;8;15;7;15;6
1;0;15;4;15;8;15;7;15;6;15;5
1;0;18;5;15;7;15;7;15;6;15;5;15;4
1;1;18;5;15;7;15;6;15;5;15;4;16;4
1;1;18;5;15;6;15;5;15;4;16;4;17;4
1;1;18;5;15;5;15;4;16;4;17;4;18;4
1;2;19;18;15;4;15;4;16;4;17;4;18;4;18;5
1;2;19;18;15;4;16;4;17;4;18;4;18;5;18;6
1;2;19;18;16;4;17;4;18;4;18;5;18;6;18;7
1;2;19;18;17;4;18;4;18;5;18;6;18;7;18;8
1;2;19;18;18;4;18;5;18;6;18;7;18;8;18;9
1;2;19;18;18;5;18;6;18;7;18;8;18;9;18;10
1;2;19;18;18;6;18;7;18;8;18;9;18;10;18;11
1;2;19;18;18;7;18;8;18;9;18;10;18;11;18;12
1;2;19;18;18;8;18;9;18;10;18;11;18;12;18;13
1;2;19;18;18;9;18;10;18;11;18;12;18;13;18;14
1;2;19;18;18;10;18;11;18;12;18;13;18;14;18;15
1;2;19;18;18;11;18;12;18;13;18;14;18;15;18;16
1;2;19;18;18;12;18;13;18;14;18;15;18;16;18;17
1;2;19;18;18;13;18;14;18;15;18;16;18;17;18;18
1;3;19;18;18;14;18;15;18;16;18;17;18;18;17;18
1;3;19;18;18;15;18;16;18;17;18;18;17;18;16;18
1;3;19;18;18;16;18;17;18;18;17;18;16;18;15;18
1;3;19;18;18;17;18;18;17;18;16;18;15;18;14;18
1;2;19;18;18;18;17;18;16;18;15;18;14;18;14;19
1;1;19;18;17;18;16;18;15;18;14;18;14;19;15;19
1;1;19;18;16;18;15;18;14;18;14;19;15;19;16;19
1;1;19;18;15;18;14;18;14;19;15;19;16;19;17;19
1;1;19;18;14;18;14;19;15;19;16;19;17;19;18;19
1;1;19;18;14;19;15;19;16;19;17;19;18;19;19;19
1;0;3;17;15;19;15;19;16;19;17;19;18;19;19;19;19;18
1;0;3;17;15;19;16;19;17;19;18;19;19;19;19;18;19;17
1;3;3;17;16;19;17;19;18;19;19;19;19;18;19;17;18;17
1;3;3;17;17;19;18;19;19;19;19;18;19;17;18;17;17;17
1;3;3;17;18;19;19;19;19;18;19;17;18;17;17;17;16;17
1;3;3;17;19;19;19;18;19;17;18;17;17;17;16;17;15;17
1;3;3;17;19;18;19;17;18;17;17;17;16;17;15;17;14;17
1;3;3;17;19;17;18;17;17;17;16;17;15;17;14;17;13;17
1;3;3;17;18;17;17;17;16;17;15;17;14;17;13;17;12;17
1;3;3;17;17;17;16;17;15;17;14;17;13;17;12;17;11;17
1;3;3;17;16;17;15;17;14;17;13;17;12;17;11;17;10;17
1;3;3;17;15;17;14;17;13;17;12;17;11;17;10;17;9;17
1;0;3;17;14;17;13;17;12;17;11;17;10;17;9;17;9;16
1;3;3;17;13;17;12;17;11;17;10;17;9;17;9;16;8;16
1;3;3;17;12;17;11;17;10;17;9;17;9;16;8;16;7;16
1;3;3;17;11;17;10;17;9;17;9;16;8;16;7;16;6;16
1;3;3;17;10;17;9;17;9;16;8;16;7;16;6;16;5;16
1;3;3;17;9;17;9;16;8;16;7;16;6;16;5;16;4;16
1;3;3;17;9;16;8;16;7;16;6;16;5;16;4;16;3;16
1;2;14;14;8;16;8;16;7;16;6;16;5;16;4;16;3;16;3;17
1;3;14;14;8;16;7;16;6;16;5;16;4;16;3;16;3;17;2;17
1;0;14;14;7;16;6;16;5;16;4;16;3;16;3;17;2;17;2;16
1;0;14;14;6;16;5;16;4;16;3;16;3;17;2;17;2;16;2;15
1;0;14;14;5;16;4;16;3;16;3;17;2;17;2;16;2;15;2;14
1;1;14;14;4;16;3;16;3;17;2;17;2;16;2;15;2;14;3;14
1;1;14;14;3;16;3;17;2;17;2;16;2;15;2;14;3;14;4;14
1;1;14;14;3;17;2;17;2;16;2;15;2;14;3;14;4;14;5;14
1;1;14;14;2;17;2;16;2;15;2;14;3;14;4;14;5;14;6;14
1;1;14;14;2;16;2;15;2;14;3;14;4;14;5;14;6;14;7;14
1;1;14;14;2;15;2;14;3;14;4;14;5;14;6;14;7;14;8;14
1;1;14;14;2;14;3;14;4;14;5;14;6;14;7;14;8;14;9;14
1;1;14;14;3;14;4;14;5;14;6;14;7;14;8;14;9;14;10;14
1;1;14;14;4;14;5;14;6;14;7;14;8;14;9;14;10;14;11;14
1;1;14;14;5;14;6;14;7;14;8;14;9;14;10;14;11;14;12;14
1;1;14;14;6;14;7;14;8;14;9;14;10;14;11;14;12;14;13;14
1;1;2;19;7;14;7;14;8;14;9;14;10;14;11;14;12;14;13;14;14;14
1;2;2;19;7;14;8;14;9;14;10;14;11;14;12;14;13;14;14;14;14;15
1;3;2;19;8;14;9;14;10;14;11;14;12;14;13;14;14;14;14;15;13;15
1;3;2;19;9;14;10;14;11;14;12;14;13;14;14;14;14;15;13;15;12;15
1;3;2;19;10;14;11;14;12;14;13;14;14;14;14;15;13;15;12;15;11;15
1;3;2;19;11;14;12;14;13;14;14;14;14;15;13;15;12;15;11;15;10;15
1;3;2;19;12;14;13;14;14;14;14;15;13;15;12;15;11;15;10;15;9;15
1;3;2;19;13;14;14;14;14;15;13;15;12;15;11;15;10;15;9;15;8;15
1;3;2;19;14;14;14;15;13;15;12;15;11;15;10;15;9;15;8;15;7;15
1;3;2;19;14;15;13;15;12;15;11;15;10;15;9;15;8;15;7;15;6;15
1;3;2;19;13;15;12;15;11;15;10;15;9;15;8;15;7;15;6;15;5;15
1;3;2;19;12;15;11;15;10;15;9;15;8;15;7;15;6;15;5;15;4;15
1;3;2;19;11;15;10;15;9;15;8;15;7;15;6;15;5;15;4;15;3;15
1;3;2;19;10;15;9;15;8;15;7;15;6;15;5;15;4;15;3;15;2;15
1;2;2;19;9;15;8;15;7;15;6;15;5;15;4;15;3;15;2;15;2;16
1;2;2;19;8;15;7;15;6;15;5;15;4;15;3;15;2;15;2;16;2;17
1;2;2;19;7;15;6;15;5;15;4;15;3;15;2;15;2;16;2;17;2;18
1;2;15;9;6;15;6;15;5;15;4;15;3;15;2;15;2;16;2;17;2;18;2;19
1;3;15;9;6;15;5;15;4;15;3;15;2;15;2;16;2;17;2;18;2;19;1;19
1;0;15;9;5;15;4;15;3;15;2;15;2;16;2;17;2;18;2;19;1;19;1;18
1;0;15;9;4;15;3;15;2;15;2;16;2;17;2;18;2;19;1;19;1;18;1;17
1;0;15;9;3;15;2;15;2;16;2;17;2;18;2;19;1;19;1;18;1;17;1;16
1;0;15;9;2;15;2;16;2;17;2;18;2;19;1;19;1;18;1;17;1;16;1;15
1;0;15;9;2;16;2;17;2;18;2;19;1;19;1;18;1;17;1;16;1;15;1;14
1;0;15;9;2;17;2;18;2;19;1;19;1;18;1;17;1;16;1;15;1;14;1;13
1;0;15;9;2;18;2;19;1;19;1;18;1;17;1;16;1;15;1;14;1;13;1;12
1;0;15;9;2;19;1;19;1;18;1;17;1;16;1;15;1;14;1;13;1;12;1;11
1;0;15;9;1;19;1;18;1;17;1;16;1;15;1;14;1;13;1;12;1;11;1;10
1;0;15;9;1;18;1;17;1;16;1;15;1;14;1;13;1;12;1;11;1;10;1;9
1;1;15;9;1;17;1;16;1;15;1;14;1;13;1;12;1;11;1;10;1;9;2;9
1;1;15;9;1;16;1;15;1;14;1;13;1;12;1;11;1;10;1;9;2;9;3;9
1;1;15;9;1;15;1;14;1;13;1;12;1;11;1;10;1;9;2;9;3;9;4;9
1;1;15;9;1;14;1;13;1;12;1;11;1;10;1;9;2;9;3;9;4;9;5;9
1;1;15;9;1;13;1;12;1;11;1;10;1;9;2;9;3;9;4;9;5;9;6;9
1;1;15;9;1;12;1;11;1;10;1;9;2;9;3;9;4;9;5;9;6;9;7;9
1;1;15;9;1;11;1;10;1;9;2;9;3;9;4;9;5;9;6;9;7;9;8;9
1;1;15;9;1;10;1;9;2;9;3;9;4;9;5;9;6;9;7;9;8;9;9;9
1;1;15;9;1;9;2;9;3;9;4;9;5;9;6;9;7;9;8;9;9;9;10;9
1;1;15;9;2;9;3;9;4;9;5;9;6;9;7;9;8;9;9;9;10;9;11;9
1;1;15;9;3;9;4;9;5;9;6;9;7;9;8;9;9;9;10;9;11;9;12;9
1;1;15;9;4;9;5;9;6;9;7;9;8;9;9;9;10;9;11;9;12;9;13;9
1;1;15;9;5;9;6;9;7;9;8;9;9;9;10;9;11;9;12;9;13;9;14;9
1;2;15;9;6;9;7;9;8;9;9;9;10;9;11;9;12;9;13;9;14;9;14;10
1;2;15;9;7;9;8;9;9;9;10;9;11;9;12;9;13;9;14;9;14;10;14;11
1;2;15;9;8;9;9;9;10;9;11;9;12;9;13;9;14;9;14;10;14;11;14;12
1;2;15;9;9;9;10;9;11;9;12;9;13;9;14;9;14;10;14;11;14;12;14;13
1;1;15;9;10;9;11;9;12;9;13;9;14;9;14;10;14;11;14;12;14;13;15;13
1;0;15;9;11;9;12;9;13;9;14;9;14;10;14;11;14;12;14;13;15;13;15;12
1;0;15;9;12;9;13;9;14;9;14;10;14;11;14;12;14;13;15;13;15;12;15;11
1;0;15;9;13;9;14;9;14;10;14;11;14;12;14;13;15;13;15;12;15;11;15;10
1;0;8;2;14;9;14;9;14;10;14;11;14;12;14;13;15;13;15;12;15;11;15;10;15;9
1;0;8;2;14;9;14;10;14;11;14;12;14;13;15;13;15;12;15;11;15;10;15;9;15;8
1;0;8;2;14;10;14;11;14;12;14;13;15;13;15;12;15;11;15;10;15;9;15;8;15;7
1;0;8;2;14;11;14;12;14;13;15;13;15;12;15;11;15;10;15;9;15;8;15;7;15;6
1;0;8;2;14;12;14;13;15;13;15;12;15;11;15;10;15;9;15;8;15;7;15;6;15;5
1;0;8;2;14;13;15;13;15;12;15;11;15;10;15;9;15;8;15;7;15;6;15;5;15;4
1;0;8;2;15;13;15;12;15;11;15;10;15;9;15;8;15;7;15;6;15;5;15;4;15;3
1;0;8;2;15;12;15;11;15;10;15;9;15;8;15;7;15;6;15;5;15;4;15;3;15;2
1;3;8;2;15;11;15;10;15;9;15;8;15;7;15;6;15;5;15;4;15;3;15;2;14;2
1;3;8;2;15;10;15;9;15;8;15;7;15;6;15;5;15;4;15;3;15;2;14;2;13;2
1;3;8;2;15;9;15;8;15;7;15;6;15;5;15;4;15;3;15;2;14;2;13;2;12;2
1;3;8;2;15;8;15;7;15;6;15;5;15;4;15;3;15;2;14;2;13;2;12;2;11;2
1;3;8;2;15;7;15;6;15;5;15;4;15;3;15;2;14;2;13;2;12;2;11;2;10;2
1;3;8;2;15;6;15;5;15;4;15;3;15;2;14;2;13;2;12;2;11;2;10;2;9;2
1;3;7;14;15;5;15;5;15;4;15;3;15;2;14;2;13;2;12;2;11;2;10;2;9;2;8;2
1;3;7;14;15;5;15;4;15;3;15;2;14;2;13;2;12;2;11;2;10;2;9;2;8;2;7;2
1;2;7;14;15;4;15;3;15;2;14;2;13;2;12;2;11;2;10;2;9;2;8;2;7;2;7;3
1;2;7;14;15;3;15;2;14;2;13;2;12;2;11;2;10;2;9;2;8;2;7;2;7;3;7;4
1;2;7;14;15;2;14;2;13;2;12;2;11;2;10;2;9;2;8;2;7;2;7;3;7;4;7;5
1;2;7;14;14;2;13;2;12;2;11;2;10;2;9;2;8;2;7;2;7;3;7;4;7;5;7;6
1;2;7;14;13;2;12;2;11;2;10;2;9;2;8;2;7;2;7;3;7;4;7;5;7;6;7;7
1;2;7;14;12;2;11;2;10;2;9;2;8;2;7;2;7;3;7;4;7;5;7;6;7;7;7;8
1;2;7;14;11;2;10;2;9;2;8;2;7;2;7;3;7;4;7;5;7;6;7;7;7;8;7;9
1;2;7;14;10;2;9;2;8;2;7;2;7;3;7;4;7;5;7;6;7;7;7;8;7;9;7;10
1;2;7;14;9;2;8;2;7;2;7;3;7;4;7;5;7;6;7;7;7;8;7;9;7;10;7;11
1;2;7;14;8;2;7;2;7;3;7;4;7;5;7;6;7;7;7;8;7;9;7;10;7;11;7;12
1;2;7;14;7;2;7;3;7;4;7;5;7;6;7;7;7;8;7;9;7;10;7;11;7;12;7;13
1;2;7;2;7;3;7;3;7;4;7;5;7;6;7;7;7;8;7;9;7;10;7;11;7;12;7;13;7;14
1;3;7;2;7;3;7;4;7;5;7;6;7;7;7;8;7;9;7;10;7;11;7;12;7;13;7;14;6;14
1;0;7;2;7;4;7;5;7;6;7;7;7;8;7;9;7;10;7;11;7;12;7;13;7;14;6;14;6;13
1;0;7;2;7;5;7;6;7;7;7;8;7;9;7;10;7;11;7;12;7;13;7;14;6;14;6;13;6;12
1;0;7;2;7;6;7;7;7;8;7;9;7;10;7;11;7;12;7;13;7;14;6;14;6;13;6;12;6;11
1;0;7;2;7;7;7;8;7;9;7;10;7;11;7;12;7;13;7;14;6;14;6;13;6;12;6;11;6;10
1;0;7;2;7;8;7;9;7;10;7;11;7;12;7;13;7;14;6;14;6;13;6;12;6;11;6;10;6;9
1;0;7;2;7;9;7;10;7;11;7;12;7;13;7;14;6;14;6;13;6;12;6;11;6;10;6;9;6;8
1;1;7;2;7;10;7;11;7;12;7;13;7;14;6;14;6;13;6;12;6;11;6;10;6;9;6;8;7;8
1;0;7;2;7;11;7;12;7;13;7;14;6;14;6;13;6;12;6;11;6;10;6;9;6;8;7;8;7;7
1;0;7;2;7;12;7;13;7;14;6;14;6;13;6;12;6;11;6;10;6;9;6;8;7;8;7;7;7;6
1;0;7;2;7;13;7;14;6;14;6;13;6;12;6;11;6;10;6;9;6;8;7;8;7;7;7;6;7;5
1;0;7;2;7;14;6;14;6;13;6;12;6;11;6;10;6;9;6;8;7;8;7;7;7;6;7;5;7;4
1;0;7;2;6;14;6;13;6;12;6;11;6;10;6;9;6;8;7;8;7;7;7;6;7;5;7;4;7;3
1;0;16;19;6;13;6;13;6;12;6;11;6;10;6;9;6;8;7;8;7;7;7;6;7;5;7;4;7;3;7;2
1;3;16;19;6;13;6;12;6;11;6;10;6;9;6;8;7;8;7;7;7;6;7;5;7;4;7;3;7;2;6;2
1;3;16;19;6;12;6;11;6;10;6;9;6;8;7;8;7;7;7;6;7;5;7;4;7;3;7;2;6;2;5;2
1;2;16;19;6;11;6;10;6;9;6;8;7;8;7;7;7;6;7;5;7;4;7;3;7;2;6;2;5;2;5;3
1;2;16;19;6;10;6;9;6;8;7;8;7;7;7;6;7;5;7;4;7;3;7;2;6;2;5;2;5;3;5;4
1;2;16;19;6;9;6;8;7;8;7;7;7;6;7;5;7;4;7;3;7;2;6;2;5;2;5;3;5;4;5;5
1;2;16;19;6;8;7;8;7;7;7;6;7;5;7;4;7;3;7;2;6;2;5;2;5;3;5;4;5;5;5;6
1;2;16;19;7;8;7;7;7;6;7;5;7;4;7;3;7;2;6;2;5;2;5;3;5;4;5;5;5;6;5;7
1;2;16;19;7;7;7;6;7;5;7;4;7;3;7;2;6;2;5;2;5;3;5;4;5;5;5;6;5;7;5;8
1;2;16;19;7;6;7;5;7;4;7;3;7;2;6;2;5;2;5;3;5;4;5;5;5;6;5;7;5;8;5;9
1;2;16;19;7;5;7;4;7;3;7;2;6;2;5;2;5;3;5;4;5;5;5;6;5;7;5;8;5;9;5;10
1;2;16;19;7;4;7;3;7;2;6;2;5;2;5;3;5;4;5;5;5;6;5;7;5;8;5;9;5;10;5;11
1;2;16;19;7;3;7;2;6;2;5;2;5;3;5;4;5;5;5;6;5;7;5;8;5;9;5;10;5;11;5;12
1;2;16;19;7;2;6;2;5;2;5;3;5;4;5;5;5;6;5;7;5;8;5;9;5;10;5;11;5;12;5;13
1;2;16;19;6;2;5;2;5;3;5;4;5;5;5;6;5;7;5;8;5;9;5;10;5;11;5;12;5;13;5;14
1;2;16;19;5;2;5;3;5;4;5;5;5;6;5;7;5;8;5;9;5;10;5;11;5;12;5;13;5;14;5;15
1;2;16;19;5;3;5;4;5;5;5;6;5;7;5;8;5;9;5;10;5;11;5;12;5;13;5;14;5;15;5;16
1;2;16;19;5;4;5;5;5;6;5;7;5;8;5;9;5;10;5;11;5;12;5;13;5;14;5;15;5;16;5;17
1;2;16;19;5;5;5;6;5;7;5;8;5;9;5;10;5;11;5;12;5;13;5;14;5;15;5;16;5;17;5;18
1;2;16;19;5;6;5;7;5;8;5;9;5;10;5;11;5;12;5;13;5;14;5;15;5;16;5;17;5;18;5;19
1;1;16;19;5;7;5;8;5;9;5;10;5;11;5;12;5;13;5;14;5;15;5;16;5;17;5;18;5;19;6;19
1;1;16;19;5;8;5;9;5;10;5;11;5;12;5;13;5;14;5;15;5;16;5;17;5;18;5;19;6;19;7;19
1;1;16;19;5;9;5;10;5;11;5;12;5;13;5;14;5;15;5;16;5;17;5;18;5;19;6;19;7;19;8;19
1;1;16;19;5;10;5;11;5;12;5;13;5;14;5;15;5;16;5;17;5;18;5;19;6;19;7;19;8;19;9;19
1;1;16;19;5;11;5;12;5;13;5;14;5;15;5;16;5;17;5;18;5;19;6;19;7;19;8;19;9;19;10;19
1;1;16;19;5;12;5;13;5;14;5;15;5;16;5;17;5;18;5;19;6;19;7;19;8;19;9;19;10;19;11;19
1;1;16;19;5;13;5;14;5;15;5;16;5;17;5;18;5;19;6;19;7;19;8;19;9;19;10;19;11;19;12;19
1;1;16;19;5;14;5;15;5;16;5;17;5;18;5;19;6;19;7;19;8;19;9;19;10;19;11;19;12;19;13;19
1;1;16;19;5;15;5;16;5;17;5;18;5;19;6;19;7;19;8;19;9;19;10;19;11;19;12;19;13;19;14;19
1;1;16;19;5;16;5;17;5;18;5;19;6;19;7;19;8;19;9;19;10;19;11;19;12;19;13;19;14;19;15;19
1;1;2;0;5;17;5;17;5;18;5;19;6;19;7;19;8;19;9;19;10;19;11;19;12;19;13;19;14;19;15;19;16;19
1;1;2;0;5;17;5;18;5;19;6;19;7;19;8;19;9;19;10;19;11;19;12;19;13;19;14;19;15;19;16;19;17;19
1;1;2;0;5;18;5;19;6;19;7;19;8;19;9;19;10;19;11;19;12;19;13;19;14;19;15;19;16;19;17;19;18;19
1;1;2;0;5;19;6;19;7;19;8;19;9;19;10;19;11;19;12;19;13;19;14;19;15;19;16;19;17;19;18;19;19;19
1;0;2;0;6;19;7;19;8;19;9;19;10;19;11;19;12;19;13;19;14;19;15;19;16;19;17;19;18;19;19;19;19;18
1;3;2;0;7;19;8;19;9;19;10;19;11;19;12;19;13;19;14;19;15;19;16;19;17;19;18;19;19;19;19;18;18;18
1;3;2;0;8;19;9;19;10;19;11;19;12;19;13;19;14;19;15;19;16;19;17;19;18;19;19;19;19;18;18;18;17;18
1;3;2;0;9;19;10;19;11;19;12;19;13;19;14;19;15;19;16;19;17;19;18;19;19;19;19;18;18;18;17;18;16;18
1;3;2;0;10;19;11;19;12;19;13;19;14;19;15;19;16;19;17;19;18;19;19;19;19;18;18;18;17;18;16;18;15;18
1;3;2;0;11;19;12;19;13;19;14;19;15;19;16;19;17;19;18;19;19;19;19;18;18;18;17;18;16;18;15;18;14;18
1;3;2;0;12;19;13;19;14;19;15;19;16;19;17;19;18;19;19;19;19;18;18;18;17;18;16;18;15;18;14;18;13;18
1;3;2;0;13;19;14;19;15;19;16;19;17;19;18;19;19;19;19;18;18;18;17;18;16;18;15;18;14;18;13;18;12;18
1;0;2;0;14;19;15;19;16;19;17;19;18;19;19;19;19;18;18;18;17;18;16;18;15;18;14;18;13;18;12;18;12;17
1;0;2;0;15;19;16;19;17;19;18;19;19;19;19;18;18;18;17;18;16;18;15;18;14;18;13;18;12;18;12;17;12;16
1;0;2;0;16;19;17;19;18;19;19;19;19;18;18;18;17;18;16;18;15;18;14;18;13;18;12;18;12;17;12;16;12;15
1;0;2;0;17;19;18;19;19;19;19;18;18;18;17;18;16;18;15;18;14;18;13;18;12;18;12;17;12;16;12;15;12;14
1;0;2;0;18;19;19;19;19;18;18;18;17;18;16;18;15;18;14;18;13;18;12;18;12;17;12;16;12;15;12;14;12;13
1;0;2;0;19;19;19;18;18;18;17;18;16;18;15;18;14;18;13;18;12;18;12;17;12;16;12;15;12;14;12;13;12;12
1;0;2;0;19;18;18;18;17;18;16;18;15;18;14;18;13;18;12;18;12;17;12;16;12;15;12;14;12;13;12;12;12;11
1;0;2;0;18;18;17;18;16;18;15;18;14;18;13;18;12;18;12;17;12;16;12;15;12;14;12;13;12;12;12;11;12;10
1;0;2;0;17;18;16;18;15;18;14;18;13;18;12;18;12;17;12;16;12;15;12;14;12;13;12;12;12;11;12;10;12;9
1;0;2;0;16;18;15;18;14;18;13;18;12;18;12;17;12;16;12;15;12;14;12;13;12;12;12;11;12;10;12;9;12;8
1;0;2;0;15;18;14;18;13;18;12;18;12;17;12;16;12;15;12;14;12;13;12;12;12;11;12;10;12;9;12;8;12;7
1;0;2;0;14;18;13;18;12;18;12;17;12;16;12;15;12;14;12;13;12;12;12;11;12;10;12;9;12;8;12;7;12;6
1;0;2;0;13;18;12;18;12;17;12;16;12;15;12;14;12;13;12;12;12;11;12;10;12;9;12;8;12;7;12;6;12;5
1;0;2;0;12;18;12;17;12;16;12;15;12;14;12;13;12;12;12;11;12;10;12;9;12;8;12;7;12;6;12;5;12;4
1;0;2;0;12;17;12;16;12;15;12;14;12;13;12;12;12;11;12;10;12;9;12;8;12;7;12;6;12;5;12;4;12;3
1;0;2;0;12;16;12;15;12;14;12;13;12;12;12;11;12;10;12;9;12;8;12;7;12;6;12;5;12;4;12;3;12;2
1;0;2;0;12;15;12;14;12;13;12;12;12;11;12;10;12;9;12;8;12;7;12;6;12;5;12;4;12;3;12;2;12;1
1;0;2;0;12;14;12;13;12;12;12;11;12;10;12;9;12;8;12;7;12;6;12;5;12;4;12;3;12;2;12;1;12;0
1;3;2;0;12;13;12;12;12;11;12;10;12;9;12;8;12;7;12;6;12;5;12;4;12;3;12;2;12;1;12;0;11;0
1;3;2;0;12;12;12;11;12;10;12;9;12;8;12;7;12;6;12;5;12;4;12;3;12;2;12;1;12;0;11;0;10;0
1;3;2;0;12;11;12;10;12;9;12;8;12;7;12;6;12;5;12;4;12;3;12;2;12;1;12;0;11;0;10;0;9;0
1;3;2;0;12;10;12;9;12;8;12;7;12;6;12;5;12;4;12;3;12;2;12;1;12;0;11;0;10;0;9;0;8;0
1;3;2;0;12;9;12;8;12;7;12;6;12;5;12;4;12;3;12;2;12;1;12;0;11;0;10;0;9;0;8;0;7;0
1;3;2;0;12;8;12;7;12;6;12;5;12;4;12;3;12;2;12;1;12;0;11;0;10;0;9;0;8;0;7;0;6;0
1;3;2;0;12;7;12;6;12;5;12;4;12;3;12;2;12;1;12;0;11;0;10;0;9;0;8;0;7;0;6;0;5;0
1;3;2;0;12;6;12;5;12;4;12;3;12;2;12;1;12;0;11;0;10;0;9;0;8;0;7;0;6;0;5;0;4;0
1;3;2;0;12;5;12;4;12;3;12;2;12;1;12;0;11;0;10;0;9;0;8;0;7;0;6;0;5;0;4;0;3;0
1;3;15;1;12;4;12;4;12;3;12;2;12;1;12;0;11;0;10;0;9;0;8;0;7;0;6;0;5;0;4;0;3;0;2;0
1;2;15;1;12;4;12;3;12;2;12;1;12;0;11;0;10;0;9;0;8;0;7;0;6;0;5;0;4;0;3;0;2;0;2;1
1;1;15;1;12;3;12;2;12;1;12;0;11;0;10;0;9;0;8;0;7;0;6;0;5;0;4;0;3;0;2;0;2;1;3;1
1;1;15;1;12;2;12;1;12;0;11;0;10;0;9;0;8;0;7;0;6;0;5;0;4;0;3;0;2;0;2;1;3;1;4;1
1;1;15;1;12;1;12;0;11;0;10;0;9;0;8;0;7;0;6;0;5;0;4;0;3;0;2;0;2;1;3;1;4;1;5;1
1;1;15;1;12;0;11;0;10;0;9;0;8;0;7;0;6;0;5;0;4;0;3;0;2;0;2;1;3;1;4;1;5;1;6;1
1;1;15;1;11;0;10;0;9;0;8;0;7;0;6;0;5;0;4;0;3;0;2;0;2;1;3;1;4;1;5;1;6;1;7;1
1;1;15;1;10;0;9;0;8;0;7;0;6;0;5;0;4;0;3;0;2;0;2;1;3;1;4;1;5;1;6;1;7;1;8;1
1;1;15;1;9;0;8;0;7;0;6;0;5;0;4;0;3;0;2;0;2;1;3;1;4;1;5;1;6;1;7;1;8;1;9;1
1;1;15;1;8;0;7;0;6;0;5;0;4;0;3;0;2;0;2;1;3;1;4;1;5;1;6;1;7;1;8;1;9;1;10;1
1;1;15;1;7;0;6;0;5;0;4;0;3;0;2;0;2;1;3;1;4;1;5;1;6;1;7;1;8;1;9;1;10;1;11;1
1;1;15;1;6;0;5;0;4;0;3;0;2;0;2;1;3;1;4;1;5;1;6;1;7;1;8;1;9;1;10;1;11;1;12;1
1;1;15;1;5;0;4;0;3;0;2;0;2;1;3;1;4;1;5;1;6;1;7;1;8;1;9;1;10;1;11;1;12;1;13;1
1;1;15;1;4;0;3;0;2;0;2;1;3;1;4;1;5;1;6;1;7;1;8;1;9;1;10;1;11;1;12;1;13;1;14;1
1;1;17;0;3;0;3;0;2;0;2;1;3;1;4;1;5;1;6;1;7;1;8;1;9;1;10;1;11;1;12;1;13;1;14;1;15;1
1;1;17;0;3;0;2;0;2;1;3;1;4;1;5;1;6;1;7;1;8;1;9;1;10;1;11;1;12;1;13;1;14;1;15;1;16;1
1;1;17;0;2;0;2;1;3;1;4;1;5;1;6;1;7;1;8;1;9;1;10;1;11;1;12;1;13;1;14;1;15;1;16;1;17;1
1;0;14;16;2;1;2;1;3;1;4;1;5;1;6;1;7;1;8;1;9;1;10;1;11;1;12;1;13;1;14;1;15;1;16;1;17;1;17;0
1;3;14;16;2;1;3;1;4;1;5;1;6;1;7;1;8;1;9;1;10;1;11;1;12;1;13;1;14;1;15;1;16;1;17;1;17;0;16;0
1;3;14;16;3;1;4;1;5;1;6;1;7;1;8;1;9;1;10;1;11;1;12;1;13;1;14;1;15;1;16;1;17;1;17;0;16;0;15;0
1;3;14;16;4;1;5;1;6;1;7;1;8;1;9;1;10;1;11;1;12;1;13;1;14;1;15;1;16;1;17;1;17;0;16;0;15;0;14;0
1;3;14;16;5;1;6;1;7;1;8;1;9;1;10;1;11;1;12;1;13;1;14;1;15;1;16;1;17;1;17;0;16;0;15;0;14;0;13;0
1;3;14;16;6;1;7;1;8;1;9;1;10;1;11;1;12;1;13;1;14;1;15;1;16;1;17;1;17;0;16;0;15;0;14;0;13;0;12;0
1;3;14;16;7;1;8;1;9;1;10;1;11;1;12;1;13;1;14;1;15;1;16;1;17;1;17;0;16;0;15;0;14;0;13;0;12;0;11;0
1;3;14;16;8;1;9;1;10;1;11;1;12;1;13;1;14;1;15;1;16;1;17;1;17;0;16;0;15;0;14;0;13;0;12;0;11;0;10;0
1;3;14;16;9;1;10;1;11;1;12;1;13;1;14;1;15;1;16;1;17;1;17;0;16;0;15;0;14;0;13;0;12;0;11;0;10;0;9;0
1;3;14;16;10;1;11;1;12;1;13;1;14;1;15;1;16;1;17;1;17;0;16;0;15;0;14;0;13;0;12;0;11;0;10;0;9;0;8;0
1;2;14;16;11;1;12;1;13;1;14;1;15;1;16;1;17;1;17;0;16;0;15;0;14;0;13;0;12;0;11;0;10;0;9;0;8;0;8;1
1;2;14;16;12;1;13;1;14;1;15;1;16;1;17;1;17;0;16;0;15;0;14;0;13;0;12;0;11;0;10;0;9;0;8;0;8;1;8;2
1;2;14;16;13;1;14;1;15;1;16;1;17;1;17;0;16;0;15;0;14;0;13;0;12;0;11;0;10;0;9;0;8;0;8;1;8;2;8;3
1;2;14;16;14;1;15;1;16;1;17;1;17;0;16;0;15;0;14;0;13;0;12;0;11;0;10;0;9;0;8;0;8;1;8;2;8;3;8;4
1;2;14;16;15;1;16;1;17;1;17;0;16;0;15;0;14;0;13;0;12;0;11;0;10;0;9;0;8;0;8;1;8;2;8;3;8;4;8;5
1;2;14;16;16;1;17;1;17;0;16;0;15;0;14;0;13;0;12;0;11;0;10;0;9;0;8;0;8;1;8;2;8;3;8;4;8;5;8;6
1;2;14;16;17;1;17;0;16;0;15;0;14;0;13;0;12;0;11;0;10;0;9;0;8;0;8;1;8;2;8;3;8;4;8;5;8;6;8;7
1;2;14;16;17;0;16;0;15;0;14;0;13;0;12;0;11;0;10;0;9;0;8;0;8;1;8;2;8;3;8;4;8;5;8;6;8;7;8;8
1;2;14;16;16;0;15;0;14;0;13;0;12;0;11;0;10;0;9;0;8;0;8;1;8;2;8;3;8;4;8;5;8;6;8;7;8;8;8;9
1;2;14;16;15;0;14;0;13;0;12;0;11;0;10;0;9;0;8;0;8;1;8;2;8;3;8;4;8;5;8;6;8;7;8;8;8;9;8;10
1;2;14;16;14;0;13;0;12;0;11;0;10;0;9;0;8;0;8;1;8;2;8;3;8;4;8;5;8;6;8;7;8;8;8;9;8;10;8;11
1;1;14;16;13;0;12;0;11;0;10;0;9;0;8;0;8;1;8;2;8;3;8;4;8;5;8;6;8;7;8;8;8;9;8;10;8;11;9;11
1;1;14;16;12;0;11;0;10;0;9;0;8;0;8;1;8;2;8;3;8;4;8;5;8;6;8;7;8;8;8;9;8;10;8;11;9;11;10;11
1;1;14;16;11;0;10;0;9;0;8;0;8;1;8;2;8;3;8;4;8;5;8;6;8;7;8;8;8;9;8;10;8;11;9;11;10;11;11;11
1;1;14;16;10;0;9;0;8;0;8;1;8;2;8;3;8;4;8;5;8;6;8;7;8;8;8;9;8;10;8;11;9;11;10;11;11;11;12;11
1;0;14;16;9;0;8;0;8;1;8;2;8;3;8;4;8;5;8;6;8;7;8;8;8;9;8;10;8;11;9;11;10;11;11;11;12;11;12;10
1;1;14;16;8;0;8;1;8;2;8;3;8;4;8;5;8;6;8;7;8;8;8;9;8;10;8;11;9;11;10;11;11;11;12;11;12;10;13;10
1;0;14;16;8;1;8;2;8;3;8;4;8;5;8;6;8;7;8;8;8;9;8;10;8;11;9;11;10;11;11;11;12;11;12;10;13;10;13;9
1;1;14;16;8;2;8;3;8;4;8;5;8;6;8;7;8;8;8;9;8;10;8;11;9;11;10;11;11;11;12;11;12;10;13;10;13;9;14;9
1;2;14;16;8;3;8;4;8;5;8;6;8;7;8;8;8;9;8;10;8;11;9;11;10;11;11;11;12;11;12;10;13;10;13;9;14;9;14;10
1;2;14;16;8;4;8;5;8;6;8;7;8;8;8;9;8;10;8;11;9;11;10;11;11;11;12;11;12;10;13;10;13;9;14;9;14;10;14;11
1;2;14;16;8;5;8;6;8;7;8;8;8;9;8;10;8;11;9;11;10;11;11;11;12;11;12;10;13;10;13;9;14;9;14;10;14;11;14;12
1;2;14;16;8;6;8;7;8;8;8;9;8;10;8;11;9;11;10;11;11;11;12;11;12;10;13;10;13;9;14;9;14;10;14;11;14;12;14;13
1;2;14;16;8;7;8;8;8;9;8;10;8;11;9;11;10;11;11;11;12;11;12;10;13;10;13;9;14;9;14;10;14;11;14;12;14;13;14;14
1;2;14;16;8;8;8;9;8;10;8;11;9;11;10;11;11;11;12;11;12;10;13;10;13;9;14;9;14;10;14;11;14;12;14;13;14;14;14;15
1;2;10;0;8;9;8;9;8;10;8;11;9;11;10;11;11;11;12;11;12;10;13;10;13;9;14;9;14;10;14;11;14;12;14;13;14;14;14;15;14;16
1;3;10;0;8;9;8;10;8;11;9;11;10;11;11;11;12;11;12;10;13;10;13;9;14;9;14;10;14;11;14;12;14;13;14;14;14;15;14;16;13;16
1;3;10;0;8;10;8;11;9;11;10;11;11;11;12;11;12;10;13;10;13;9;14;9;14;10;14;11;14;12;14;13;14;14;14;15;14;16;13;16;12;16
1;3;10;0;8;11;9;11;10;11;11;11;12;11;12;10;13;10;13;9;14;9;14;10;14;11;14;12;14;13;14;14;14;15;14;16;13;16;12;16;11;16
1;3;10;0;9;11;10;11;11;11;12;11;12;10;13;10;13;9;14;9;14;10;14;11;14;12;14;13;14;14;14;15;14;16;13;16;12;16;11;16;10;16
1;0;10;0;10;11;11;11;12;11;12;10;13;10;13;9;14;9;14;10;14;11;14;12;14;13;14;14;14;15;14;16;13;16;12;16;11;16;10;16;10;15
1;0;10;0;11;11;12;11;12;10;13;10;13;9;14;9;14;10;14;11;14;12;14;13;14;14;14;15;14;16;13;16;12;16;11;16;10;16;10;15;10;14
1;0;10;0;12;11;12;10;13;10;13;9;14;9;14;10;14;11;14;12;14;13;14;14;14;15;14;16;13;16;12;16;11;16;10;16;10;15;10;14;10;13
1;0;10;0;12;10;13;10;13;9;14;9;14;10;14;11;14;12;14;13;14;14;14;15;14;16;13;16;12;16;11;16;10;16;10;15;10;14;10;13;10;12
1;0;10;0;13;10;13;9;14;9;14;10;14;11;14;12;14;13;14;14;14;15;14;16;13;16;12;16;11;16;10;16;10;15;10;14;10;13;10;12;10;11
1;0;10;0;13;9;14;9;14;10;14;11;14;12;14;13;14;14;14;15;14;16;13;16;12;16;11;16;10;16;10;15;10;14;10;13;10;12;10;11;10;10
1;0;10;0;14;9;14;10;14;11;14;12;14;13;14;14;14;15;14;16;13;16;12;16;11;16;10;16;10;15;10;14;10;13;10;12;10;11;10;10;10;9
1;0;10;0;14;10;14;11;14;12;14;13;14;14;14;15;14;16;13;16;12;16;11;16;10;16;10;15;10;14;10;13;10;12;10;11;10;10;10;9;10;8
1;0;10;0;14;11;14;12;14;13;14;14;14;15;14;16;13;16;12;16;11;16;10;16;10;15;10;14;10;13;10;12;10;11;10;10;10;9;10;8;10;7
1;0;10;0;14;12;14;13;14;14;14;15;14;16;13;16;12;16;11;16;10;16;10;15;10;14;10;13;10;12;10;11;10;10;10;9;10;8;10;7;10;6
1;0;10;0;14;13;14;14;14;15;14;16;13;16;12;16;11;16;10;16;10;15;10;14;10;13;10;12;10;11;10;10;10;9;10;8;10;7;10;6;10;5
1;0;10;0;14;14;14;15;14;16;13;16;12;16;11;16;10;16;10;15;10;14;10;13;10;12;10;11;10;10;10;9;10;8;10;7;10;6;10;5;10;4
1;0;10;0;14;15;14;16;13;16;12;16;11;16;10;16;10;15;10;14;10;13;10;12;10;11;10;10;10;9;10;8;10;7;10;6;10;5;10;4;10;3
1;0;10;0;14;16;13;16;12;16;11;16;10;16;10;15;10;14;10;13;10;12;10;11;10;10;10;9;10;8;10;7;10;6;10;5;10;4;10;3;10;2
1;0;10;0;13;16;12;16;11;16;10;16;10;15;10;14;10;13;10;12;10;11;10;10;10;9;10;8;10;7;10;6;10;5;10;4;10;3;10;2;10;1
1;0;1;4;12;16;12;16;11;16;10;16;10;15;10;14;10;13;10;12;10;11;10;10;10;9;10;8;10;7;10;6;10;5;10;4;10;3;10;2;10;1;10;0
1;3;1;4;12;16;11;16;10;16;10;15;10;14;10;13;10;12;10;11;10;10;10;9;10;8;10;7;10;6;10;5;10;4;10;3;10;2;10;1;10;0;9;0
1;2;1;4;11;16;10;16;10;15;10;14;10;13;10;12;10;11;10;10;10;9;10;8;10;7;10;6;10;5;10;4;10;3;10;2;10;1;10;0;9;0;9;1
1;2;1;4;10;16;10;15;10;14;10;13;10;12;10;11;10;10;10;9;10;8;10;7;10;6;10;5;10;4;10;3;10;2;10;1;10;0;9;0;9;1;9;2
1;2;1;4;10;15;10;14;10;13;10;12;10;11;10;10;10;9;10;8;10;7;10;6;10;5;10;4;10;3;10;2;10;1;10;0;9;0;9;1;9;2;9;3
1;2;1;4;10;14;10;13;10;12;10;11;10;10;10;9;10;8;10;7;10;6;10;5;10;4;10;3;10;2;10;1;10;0;9;0;9;1;9;2;9;3;9;4
1;3;1;4;10;13;10;12;10;11;10;10;10;9;10;8;10;7;10;6;10;5;10;4;10;3;10;2;10;1;10;0;9;0;9;1;9;2;9;3;9;4;8;4
1;3;1;4;10;12;10;11;10;10;10;9;10;8;10;7;10;6;10;5;10;4;10;3;10;2;10;1;10;0;9;0;9;1;9;2;9;3;9;4;8;4;7;4
1;3;1;4;10;11;10;10;10;9;10;8;10;7;10;6;10;5;10;4;10;3;10;2;10;1;10;0;9;0;9;1;9;2;9;3;9;4;8;4;7;4;6;4
1;3;1;4;10;10;10;9;10;8;10;7;10;6;10;5;10;4;10;3;10;2;10;1;10;0;9;0;9;1;9;2;9;3;9;4;8;4;7;4;6;4;5;4
1;3;1;4;10;9;10;8;10;7;10;6;10;5;10;4;10;3;10;2;10;1;10;0;9;0;9;1;9;2;9;3;9;4;8;4;7;4;6;4;5;4;4;4
1;3;1;4;10;8;10;7;10;6;10;5;10;4;10;3;10;2;10;1;10;0;9;0;9;1;9;2;9;3;9;4;8;4;7;4;6;4;5;4;4;4;3;4
1;3;1;4;10;7;10;6;10;5;10;4;10;3;10;2;10;1;10;0;9;0;9;1;9;2;9;3;9;4;8;4;7;4;6;4;5;4;4;4;3;4;2;4
1;3;19;0;10;6;10;6;10;5;10;4;10;3;10;2;10;1;10;0;9;0;9;1;9;2;9;3;9;4;8;4;7;4;6;4;5;4;4;4;3;4;2;4;1;4
1;0;19;0;10;6;10;5;10;4;10;3;10;2;10;1;10;0;9;0;9;1;9;2;9;3;9;4;8;4;7;4;6;4;5;4;4;4;3;4;2;4;1;4;1;3
1;0;19;0;10;5;10;4;10;3;10;2;10;1;10;0;9;0;9;1;9;2;9;3;9;4;8;4;7;4;6;4;5;4;4;4;3;4;2;4;1;4;1;3;1;2
1;0;19;0;10;4;10;3;10;2;10;1;10;0;9;0;9;1;9;2;9;3;9;4;8;4;7;4;6;4;5;4;4;4;3;4;2;4;1;4;1;3;1;2;1;1
1;0;19;0;10;3;10;2;10;1;10;0;9;0;9;1;9;2;9;3;9;4;8;4;7;4;6;4;5;4;4;4;3;4;2;4;1;4;1;3;1;2;1;1;1;0
1;1;19;0;10;2;10;1;10;0;9;0;9;1;9;2;9;3;9;4;8;4;7;4;6;4;5;4;4;4;3;4;2;4;1;4;1;3;1;2;1;1;1;0;2;0
1;1;19;0;10;1;10;0;9;0;9;1;9;2;9;3;9;4;8;4;7;4;6;4;5;4;4;4;3;4;2;4;1;4;1;3;1;2;1;1;1;0;2;0;3;0
1;1;19;0;10;0;9;0;9;1;9;2;9;3;9;4;8;4;7;4;6;4;5;4;4;4;3;4;2;4;1;4;1;3;1;2;1;1;1;0;2;0;3;0;4;0
1;1;19;0;9;0;9;1;9;2;9;3;9;4;8;4;7;4;6;4;5;4;4;4;3;4;2;4;1;4;1;3;1;2;1;1;1;0;2;0;3;0;4;0;5;0
1;1;19;0;9;1;9;2;9;3;9;4;8;4;7;4;6;4;5;4;4;4;3;4;2;4;1;4;1;3;1;2;1;1;1;0;2;0;3;0;4;0;5;0;6;0
1;1;19;0;9;2;9;3;9;4;8;4;7;4;6;4;5;4;4;4;3;4;2;4;1;4;1;3;1;2;1;1;1;0;2;0;3;0;4;0;5;0;6;0;7;0
1;1;19;0;9;3;9;4;8;4;7;4;6;4;5;4;4;4;3;4;2;4;1;4;1;3;1;2;1;1;1;0;2;0;3;0;4;0;5;0;6;0;7;0;8;0
1;1;19;0;9;4;8;4;7;4;6;4;5;4;4;4;3;4;2;4;1;4;1;3;1;2;1;1;1;0;2;0;3;0;4;0;5;0;6;0;7;0;8;0;9;0
1;1;19;0;8;4;7;4;6;4;5;4;4;4;3;4;2;4;1;4;1;3;1;2;1;1;1;0;2;0;3;0;4;0;5;0;6;0;7;0;8;0;9;0;10;0
1;1;19;0;7;4;6;4;5;4;4;4;3;4;2;4;1;4;1;3;1;2;1;1;1;0;2;0;3;0;4;0;5;0;6;0;7;0;8;0;9;0;10;0;11;0
1;1;19;0;6;4;5;4;4;4;3;4;2;4;1;4;1;3;1;2;1;1;1;0;2;0;3;0;4;0;5;0;6;0;7;0;8;0;9;0;10;0;11;0;12;0
1;1;19;0;5;4;4;4;3;4;2;4;1;4;1;3;1;2;1;1;1;0;2;0;3;0;4;0;5;0;6;0;7;0;8;0;9;0;10;0;11;0;12;0;13;0
1;1;19;0;4;4;3;4;2;4;1;4;1;3;1;2;1;1;1;0;2;0;3;0;4;0;5;0;6;0;7;0;8;0;9;0;10;0;11;0;12;0;13;0;14;0
1;1;19;0;3;4;2;4;1;4;1;3;1;2;1;1;1;0;2;0;3;0;4;0;5;0;6;0;7;0;8;0;9;0;10;0;11;0;12;0;13;0;14;0;15;0
1;1;19;0;2;4;1;4;1;3;1;2;1;1;1;0;2;0;3;0;4;0;5;0;6;0;7;0;8;0;9;0;10;0;11;0;12;0;13;0;14;0;15;0;16;0
1;1;19;0;1;4;1;3;1;2;1;1;1;0;2;0;3;0;4;0;5;0;6;0;7;0;8;0;9;0;10;0;11;0;12;0;13;0;14;0;15;0;16;0;17;0
1;1;19;0;1;3;1;2;1;1;1;0;2;0;3;0;4;0;5;0;6;0;7;0;8;0;9;0;10;0;11;0;12;0;13;0;14;0;15;0;16;0;17;0;18;0
1;1;6;5;1;2;1;2;1;1;1;0;2;0;3;0;4;0;5;0;6;0;7;0;8;0;9;0;10;0;11;0;12;0;13;0;14;0;15;0;16;0;17;0;18;0;19;0
1;2;6;5;1;2;1;1;1;0;2;0;3;0;4;0;5;0;6;0;7;0;8;0;9;0;10;0;11;0;12;0;13;0;14;0;15;0;16;0;17;0;18;0;19;0;19;1
1;2;6;5;1;1;1;0;2;0;3;0;4;0;5;0;6;0;7;0;8;0;9;0;10;0;11;0;12;0;13;0;14;0;15;0;16;0;17;0;18;0;19;0;19;1;19;2
1;2;6;5;1;0;2;0;3;0;4;0;5;0;6;0;7;0;8;0;9;0;10;0;11;0;12;0;13;0;14;0;15;0;16;0;17;0;18;0;19;0;19;1;19;2;19;3
1;2;6;5;2;0;3;0;4;0;5;0;6;0;7;0;8;0;9;0;10;0;11;0;12;0;13;0;14;0;15;0;16;0;17;0;18;0;19;0;19;1;19;2;19;3;19;4
1;2;6;5;3;0;4;0;5;0;6;0;7;0;8;0;9;0;10;0;11;0;12;0;13;0;14;0;15;0;16;0;17;0;18;0;19;0;19;1;19;2;19;3;19;4;19;5
1;3;6;5;4;0;5;0;6;0;7;0;8;0;9;0;10;0;11;0;12;0;13;0;14;0;15;0;16;0;17;0;18;0;19;0;19;1;19;2;19;3;19;4;19;5;18;5
1;3;6;5;5;0;6;0;7;0;8;0;9;0;10;0;11;0;12;0;13;0;14;0;15;0;16;0;17;0;18;0;19;0;19;1;19;2;19;3;19;4;19;5;18;5;17;5
1;3;6;5;6;0;7;0;8;0;9;0;10;0;11;0;12;0;13;0;14;0;15;0;16;0;17;0;18;0;19;0;19;1;19;2;19;3;19;4;19;5;18;5;17;5;16;5
1;3;6;5;7;0;8;0;9;0;10;0;11;0;12;0;13;0;14;0;15;0;16;0;17;0;18;0;19;0;19;1;19;2;19;3;19;4;19;5;18;5;17;5;16;5;15;5
1;3;6;5;8;0;9;0;10;0;11;0;12;0;13;0;14;0;15;0;16;0;17;0;18;0;19;0;19;1;19;2;19;3;19;4;19;5;18;5;17;5;16;5;15;5;14;5
1;3;6;5;9;0;10;0;11;0;12;0;13;0;14;0;15;0;16;0;17;0;18;0;19;0;19;1;19;2;19;3;19;4;19;5;18;5;17;5;16;5;15;5;14;5;13;5
1;3;6;5;10;0;11;0;12;0;13;0;14;0;15;0;16;0;17;0;18;0;19;0;19;1;19;2;19;3;19;4;19;5;18;5;17;5;16;5;15;5;14;5;13;5;12;5
1;3;6;5;11;0;12;0;13;0;14;0;15;0;16;0;17;0;18;0;19;0;19;1;19;2;19;3;19;4;19;5;18;5;17;5;16;5;15;5;14;5;13;5;12;5;11;5
1;3;6;5;12;0;13;0;14;0;15;0;16;0;17;0;18;0;19;0;19;1;19;2;19;3;19;4;19;5;18;5;17;5;16;5;15;5;14;5;13;5;12;5;11;5;10;5
1;3;6;5;13;0;14;0;15;0;16;0;17;0;18;0;19;0;19;1;19;2;19;3;19;4;19;5;18;5;17;5;16;5;15;5;14;5;13;5;12;5;11;5;10;5;9;5
1;3;6;5;14;0;15;0;16;0;17;0;18;0;19;0;19;1;19;2;19;3;19;4;19;5;18;5;17;5;16;5;15;5;14;5;13;5;12;5;11;5;10;5;9;5;8;5
1;3;6;5;15;0;16;0;17;0;18;0;19;0;19;1;19;2;19;3;19;4;19;5;18;5;17;5;16;5;15;5;14;5;13;5;12;5;11;5;10;5;9;5;8;5;7;5
1;3;7;18;16;0;16;0;17;0;18;0;19;0;19;1;19;2;19;3;19;4;19;5;18;5;17;5;16;5;15;5;14;5;13;5;12;5;11;5;10;5;9;5;8;5;7;5;6;5
1;2;7;18;16;0;17;0;18;0;19;0;19;1;19;2;19;3;19;4;19;5;18;5;17;5;16;5;15;5;14;5;13;5;12;5;11;5;10;5;9;5;8;5;7;5;6;5;6;6
1;1;7;18;17;0;18;0;19;0;19;1;19;2;19;3;19;4;19;5;18;5;17;5;16;5;15;5;14;5;13;5;12;5;11;5;10;5;9;5;8;5;7;5;6;5;6;6;7;6
1;2;7;18;18;0;19;0;19;1;19;2;19;3;19;4;19;5;18;5;17;5;16;5;15;5;14;5;13;5;12;5;11;5;10;5;9;5;8;5;7;5;6;5;6;6;7;6;7;7
1;2;7;18;19;0;19;1;19;2;19;3;19;4;19;5;18;5;17;5;16;5;15;5;14;5;13;5;12;5;11;5;10;5;9;5;8;5;7;5;6;5;6;6;7;6;7;7;7;8
1;2;7;18;19;1;19;2;19;3;19;4;19;5;18;5;17;5;16;5;15;5;14;5;13;5;12;5;11;5;10;5;9;5;8;5;7;5;6;5;6;6;7;6;7;7;7;8;7;9
1;2;7;18;19;2;19;3;19;4;19;5;18;5;17;5;16;5;15;5;14;5;13;5;12;5;11;5;10;5;9;5;8;5;7;5;6;5;6;6;7;6;7;7;7;8;7;9;7;10
1;2;7;18;19;3;19;4;19;5;18;5;17;5;16;5;15;5;14;5;13;5;12;5;11;5;10;5;9;5;8;5;7;5;6;5;6;6;7;6;7;7;7;8;7;9;7;10;7;11
1;2;7;18;19;4;19;5;18;5;17;5;16;5;15;5;14;5;13;5;12;5;11;5;10;5;9;5;8;5;7;5;6;5;6;6;7;6;7;7;7;8;7;9;7;10;7;11;7;12
1;2;7;18;19;5;18;5;17;5;16;5;15;5;14;5;13;5;12;5;11;5;10;5;9;5;8;5;7;5;6;5;6;6;7;6;7;7;7;8;7;9;7;10;7;11;7;12;7;13
1;2;7;18;18;5;17;5;16;5;15;5;14;5;13;5;12;5;11;5;10;5;9;5;8;5;7;5;6;5;6;6;7;6;7;7;7;8;7;9;7;10;7;11;7;12;7;13;7;14
1;2;7;18;17;5;16;5;15;5;14;5;13;5;12;5;11;5;10;5;9;5;8;5;7;5;6;5;6;6;7;6;7;7;7;8;7;9;7;10;7;11;7;12;7;13;7;14;7;15
1;2;7;18;16;5;15;5;14;5;13;5;12;5;11;5;10;5;9;5;8;5;7;5;6;5;6;6;7;6;7;7;7;8;7;9;7;10;7;11;7;12;7;13;7;14;7;15;7;16
1;2;7;18;15;5;14;5;13;5;12;5;11;5;10;5;9;5;8;5;7;5;6;5;6;6;7;6;7;7;7;8;7;9;7;10;7;11;7;12;7;13;7;14;7;15;7;16;7;17
1;3;7;18;14;5;13;5;12;5;11;5;10;5;9;5;8;5;7;5;6;5;6;6;7;6;7;7;7;8;7;9;7;10;7;11;7;12;7;13;7;14;7;15;7;16;7;17;6;17
1;3;7;18;13;5;12;5;11;5;10;5;9;5;8;5;7;5;6;5;6;6;7;6;7;7;7;8;7;9;7;10;7;11;7;12;7;13;7;14;7;15;7;16;7;17;6;17;5;17
1;3;7;18;12;5;11;5;10;5;9;5;8;5;7;5;6;5;6;6;7;6;7;7;7;8;7;9;7;10;7;11;7;12;7;13;7;14;7;15;7;16;7;17;6;17;5;17;4;17
1;2;7;18;11;5;10;5;9;5;8;5;7;5;6;5;6;6;7;6;7;7;7;8;7;9;7;10;7;11;7;12;7;13;7;14;7;15;7;16;7;17;6;17;5;17;4;17;4;18
1;1;7;18;10;5;9;5;8;5;7;5;6;5;6;6;7;6;7;7;7;8;7;9;7;10;7;11;7;12;7;13;7;14;7;15;7;16;7;17;6;17;5;17;4;17;4;18;5;18
1;1;7;18;9;5;8;5;7;5;6;5;6;6;7;6;7;7;7;8;7;9;7;10;7;11;7;12;7;13;7;14;7;15;7;16;7;17;6;17;5;17;4;17;4;18;5;18;6;18
1;1;0;2;8;5;8;5;7;5;6;5;6;6;7;6;7;7;7;8;7;9;7;10;7;11;7;12;7;13;7;14;7;15;7;16;7;17;6;17;5;17;4;17;4;18;5;18;6;18;7;18
1;1;0;2;8;5;7;5;6;5;6;6;7;6;7;7;7;8;7;9;7;10;7;11;7;12;7;13;7;14;7;15;7;16;7;17;6;17;5;17;4;17;4;18;5;18;6;18;7;18;8;18
1;0;0;2;7;5;6;5;6;6;7;6;7;7;7;8;7;9;7;10;7;11;7;12;7;13;7;14;7;15;7;16;7;17;6;17;5;17;4;17;4;18;5;18;6;18;7;18;8;18;8;17
1;0;0;2;6;5;6;6;7;6;7;7;7;8;7;9;7;10;7;11;7;12;7;13;7;14;7;15;7;16;7;17;6;17;5;17;4;17;4;18;5;18;6;18;7;18;8;18;8;17;8;16
1;0;0;2;6;6;7;6;7;7;7;8;7;9;7;10;7;11;7;12;7;13;7;14;7;15;7;16;7;17;6;17;5;17;4;17;4;18;5;18;6;18;7;18;8;18;8;17;8;16;8;15
1;0;0;2;7;6;7;7;7;8;7;9;7;10;7;11;7;12;7;13;7;14;7;15;7;16;7;17;6;17;5;17;4;17;4;18;5;18;6;18;7;18;8;18;8;17;8;16;8;15;8;14
1;0;0;2;7;7;7;8;7;9;7;10;7;11;7;12;7;13;7;14;7;15;7;16;7;17;6;17;5;17;4;17;4;18;5;18;6;18;7;18;8;18;8;17;8;16;8;15;8;14;8;13
1;0;0;2;7;8;7;9;7;10;7;11;7;12;7;13;7;14;7;15;7;16;7;17;6;17;5;17;4;17;4;18;5;18;6;18;7;18;8;18;8;17;8;16;8;15;8;14;8;13;8;12
1;0;0;2;7;9;7;10;7;11;7;12;7;13;7;14;7;15;7;16;7;17;6;17;5;17;4;17;4;18;5;18;6;18;7;18;8;18;8;17;8;16;8;15;8;14;8;13;8;12;8;11
1;1;0;2;7;10;7;11;7;12;7;13;7;14;7;15;7;16;7;17;6;17;5;17;4;17;4;18;5;18;6;18;7;18;8;18;8;17;8;16;8;15;8;14;8;13;8;12;8;11;9;11
1;0;0;2;7;11;7;12;7;13;7;14;7;15;7;16;7;17;6;17;5;17;4;17;4;18;5;18;6;18;7;18;8;18;8;17;8;16;8;15;8;14;8;13;8;12;8;11;9;11;9;10
1;1;0;2;7;12;7;13;7;14;7;15;7;16;7;17;6;17;5;17;4;17;4;18;5;18;6;18;7;18;8;18;8;17;8;16;8;15;8;14;8;13;8;12;8;11;9;11;9;10;10;10
1;0;0;2;7;13;7;14;7;15;7;16;7;17;6;17;5;17;4;17;4;18;5;18;6;18;7;18;8;18;8;17;8;16;8;15;8;14;8;13;8;12;8;11;9;11;9;10;10;10;10;9
1;1;0;2;7;14;7;15;7;16;7;17;6;17;5;17;4;17;4;18;5;18;6;18;7;18;8;18;8;17;8;16;8;15;8;14;8;13;8;12;8;11;9;11;9;10;10;10;10;9;11;9
1;1;0;2;7;15;7;16;7;17;6;17;5;17;4;17;4;18;5;18;6;18;7;18;8;18;8;17;8;16;8;15;8;14;8;13;8;12;8;11;9;11;9;10;10;10;10;9;11;9;12;9
1;1;0;2;7;16;7;17;6;17;5;17;4;17;4;18;5;18;6;18;7;18;8;18;8;17;8;16;8;15;8;14;8;13;8;12;8;11;9;11;9;10;10;10;10;9;11;9;12;9;13;9
1;0;0;2;7;17;6;17;5;17;4;17;4;18;5;18;6;18;7;18;8;18;8;17;8;16;8;15;8;14;8;13;8;12;8;11;9;11;9;10;10;10;10;9;11;9;12;9;13;9;13;8
1;0;0;2;6;17;5;17;4;17;4;18;5;18;6;18;7;18;8;18;8;17;8;16;8;15;8;14;8;13;8;12;8;11;9;11;9;10;10;10;10;9;11;9;12;9;13;9;13;8;13;7
1;0;0;2;5;17;4;17;4;18;5;18;6;18;7;18;8;18;8;17;8;16;8;15;8;14;8;13;8;12;8;11;9;11;9;10;10;10;10;9;11;9;12;9;13;9;13;8;13;7;13;6
1;0;0;2;4;17;4;18;5;18;6;18;7;18;8;18;8;17;8;16;8;15;8;14;8;13;8;12;8;11;9;11;9;10;10;10;10;9;11;9;12;9;13;9;13;8;13;7;13;6;13;5
1;0;0;2;4;18;5;18;6;18;7;18;8;18;8;17;8;16;8;15;8;14;8;13;8;12;8;11;9;11;9;10;10;10;10;9;11;9;12;9;13;9;13;8;13;7;13;6;13;5;13;4
1;0;0;2;5;18;6;18;7;18;8;18;8;17;8;16;8;15;8;14;8;13;8;12;8;11;9;11;9;10;10;10;10;9;11;9;12;9;13;9;13;8;13;7;13;6;13;5;13;4;13;3
1;0;0;2;6;18;7;18;8;18;8;17;8;16;8;15;8;14;8;13;8;12;8;11;9;11;9;10;10;10;10;9;11;9;12;9;13;9;13;8;13;7;13;6;13;5;13;4;13;3;13;2
1;3;0;2;7;18;8;18;8;17;8;16;8;15;8;14;8;13;8;12;8;11;9;11;9;10;10;10;10;9;11;9;12;9;13;9;13;8;13;7;13;6;13;5;13;4;13;3;13;2;12;2
1;3;0;2;8;18;8;17;8;16;8;15;8;14;8;13;8;12;8;11;9;11;9;10;10;10;10;9;11;9;12;9;13;9;13;8;13;7;13;6;13;5;13;4;13;3;13;2;12;2;11;2
1;3;0;2;8;17;8;16;8;15;8;14;8;13;8;12;8;11;9;11;9;10;10;10;10;9;11;9;12;9;13;9;13;8;13;7;13;6;13;5;13;4;13;3;13;2;12;2;11;2;10;2
1;3;0;2;8;16;8;15;8;14;8;13;8;12;8;11;9;11;9;10;10;10;10;9;11;9;12;9;13;9;13;8;13;7;13;6;13;5;13;4;13;3;13;2;12;2;11;2;10;2;9;2
1;3;0;2;8;15;8;14;8;13;8;12;8;11;9;11;9;10;10;10;10;9;11;9;12;9;13;9;13;8;13;7;13;6;13;5;13;4;13;3;13;2;12;2;11;2;10;2;9;2;8;2
1;3;0;2;8;14;8;13;8;12;8;11;9;11;9;10;10;10;10;9;11;9;12;9;13;9;13;8;13;7;13;6;13;5;13;4;13;3;13;2;12;2;11;2;10;2;9;2;8;2;7;2
1;3;0;2;8;13;8;12;8;11;9;11;9;10;10;10;10;9;11;9;12;9;13;9;13;8;13;7;13;6;13;5;13;4;13;3;13;2;12;2;11;2;10;2;9;2;8;2;7;2;6;2
1;3;0;2;8;12;8;11;9;11;9;10;10;10;10;9;11;9;12;9;13;9;13;8;13;7;13;6;13;5;13;4;13;3;13;2;12;2;11;2;10;2;9;2;8;2;7;2;6;2;5;2
1;3;0;2;8;11;9;11;9;10;10;10;10;9;11;9;12;9;13;9;13;8;13;7;13;6;13;5;13;4;13;3;13;2;12;2;11;2;10;2;9;2;8;2;7;2;6;2;5;2;4;2
1;3;0;2;9;11;9;10;10;10;10;9;11;9;12;9;13;9;13;8;13;7;13;6;13;5;13;4;13;3;13;2;12;2;11;2;10;2;9;2;8;2;7;2;6;2;5;2;4;2;3;2
1;3;0;2;9;10;10;10;10;9;11;9;12;9;13;9;13;8;13;7;13;6;13;5;13;4;13;3;13;2;12;2;11;2;10;2;9;2;8;2;7;2;6;2;5;2;4;2;3;2;2;2
1;3;0;2;10;10;10;9;11;9;12;9;13;9;13;8;13;7;13;6;13;5;13;4;13;3;13;2;12;2;11;2;10;2;9;2;8;2;7;2;6;2;5;2;4;2;3;2;2;2;1;2
1;3;1;13;10;9;10;9;11;9;12;9;13;9;13;8;13;7;13;6;13;5;13;4;13;3;13;2;12;2;11;2;10;2;9;2;8;2;7;2;6;2;5;2;4;2;3;2;2;2;1;2;0;2
1;0;1;13;10;9;11;9;12;9;13;9;13;8;13;7;13;6;13;5;13;4;13;3;13;2;12;2;11;2;10;2;9;2;8;2;7;2;6;2;5;2;4;2;3;2;2;2;1;2;0;2;0;1
1;1;1;13;11;9;12;9;13;9;13;8;13;7;13;6;13;5;13;4;13;3;13;2;12;2;11;2;10;2;9;2;8;2;7;2;6;2;5;2;4;2;3;2;2;2;1;2;0;2;0;1;1;1
1;1;1;13;12;9;13;9;13;8;13;7;13;6;13;5;13;4;13;3;13;2;12;2;11;2;10;2;9;2;8;2;7;2;6;2;5;2;4;2;3;2;2;2;1;2;0;2;0;1;1;1;2;1
1;1;1;13;13;9;13;8;13;7;13;6;13;5;13;4;13;3;13;2;12;2;11;2;10;2;9;2;8;2;7;2;6;2;5;2;4;2;3;2;2;2;1;2;0;2;0;1;1;1;2;1;3;1
1;1;1;13;13;8;13;7;13;6;13;5;13;4;13;3;13;2;12;2;11;2;10;2;9;2;8;2;7;2;6;2;5;2;4;2;3;2;2;2;1;2;0;2;0;1;1;1;2;1;3;1;4;1
1;1;1;13;13;7;13;6;13;5;13;4;13;3;13;2;12;2;11;2;10;2;9;2;8;2;7;2;6;2;5;2;4;2;3;2;2;2;1;2;0;2;0;1;1;1;2;1;3;1;4;1;5;1
1;1;1;13;13;6;13;5;13;4;13;3;13;2;12;2;11;2;10;2;9;2;8;2;7;2;6;2;5;2;4;2;3;2;2;2;1;2;0;2;0;1;1;1;2;1;3;1;4;1;5;1;6;1
1;1;1;13;13;5;13;4;13;3;13;2;12;2;11;2;10;2;9;2;8;2;7;2;6;2;5;2;4;2;3;2;2;2;1;2;0;2;0;1;1;1;2;1;3;1;4;1;5;1;6;1;7;1
1;1;1;13;13;4;13;3;13;2;12;2;11;2;10;2;9;2;8;2;7;2;6;2;5;2;4;2;3;2;2;2;1;2;0;2;0;1;1;1;2;1;3;1;4;1;5;1;6;1;7;1;8;1
1;1;1;13;13;3;13;2;12;2;11;2;10;2;9;2;8;2;7;2;6;2;5;2;4;2;3;2;2;2;1;2;0;2;0;1;1;1;2;1;3;1;4;1;5;1;6;1;7;1;8;1;9;1
1;1;1;13;13;2;12;2;11;2;10;2;9;2;8;2;7;2;6;2;5;2;4;2;3;2;2;2;1;2;0;2;0;1;1;1;2;1;3;1;4;1;5;1;6;1;7;1;8;1;9;1;10;1
1;0;1;13;12;2;11;2;10;2;9;2;8;2;7;2;6;2;5;2;4;2;3;2;2;2;1;2;0;2;0;1;1;1;2;1;3;1;4;1;5;1;6;1;7;1;8;1;9;1;10;1;10;0
1;3;1;13;11;2;10;2;9;2;8;2;7;2;6;2;5;2;4;2;3;2;2;2;1;2;0;2;0;1;1;1;2;1;3;1;4;1;5;1;6;1;7;1;8;1;9;1;10;1;10;0;9;0
1;3;1;13;10;2;9;2;8;2;7;2;6;2;5;2;4;2;3;2;2;2;1;2;0;2;0;1;1;1;2;1;3;1;4;1;5;1;6;1;7;1;8;1;9;1;10;1;10;0;9;0;8;0
1;3;1;13;9;2;8;2;7;2;6;2;5;2;4;2;3;2;2;2;1;2;0;2;0;1;1;1;2;1;3;1;4;1;5;1;6;1;7;1;8;1;9;1;10;1;10;0;9;0;8;0;7;0
1;3;1;13;8;2;7;2;6;2;5;2;4;2;3;2;2;2;1;2;0;2;0;1;1;1;2;1;3;1;4;1;5;1;6;1;7;1;8;1;9;1;10;1;10;0;9;0;8;0;7;0;6;0
1;3;1;13;7;2;6;2;5;2;4;2;3;2;2;2;1;2;0;2;0;1;1;1;2;1;3;1;4;1;5;1;6;1;7;1;8;1;9;1;10;1;10;0;9;0;8;0;7;0;6;0;5;0
1;3;1;13;6;2;5;2;4;2;3;2;2;2;1;2;0;2;0;1;1;1;2;1;3;1;4;1;5;1;6;1;7;1;8;1;9;1;10;1;10;0;9;0;8;0;7;0;6;0;5;0;4;0
1;3;1;13;5;2;4;2;3;2;2;2;1;2;0;2;0;1;1;1;2;1;3;1;4;1;5;1;6;1;7;1;8;1;9;1;10;1;10;0;9;0;8;0;7;0;6;0;5;0;4;0;3;0
1;3;1;13;4;2;3;2;2;2;1;2;0;2;0;1;1;1;2;1;3;1;4;1;5;1;6;1;7;1;8;1;9;1;10;1;10;0;9;0;8;0;7;0;6;0;5;0;4;0;3;0;2;0
1;3;1;13;3;2;2;2;1;2;0;2;0;1;1;1;2;1;3;1;4;1;5;1;6;1;7;1;8;1;9;1;10;1;10;0;9;0;8;0;7;0;6;0;5;0;4;0;3;0;2;0;1;0
1;3;1;13;2;2;1;2;0;2;0;1;1;1;2;1;3;1;4;1;5;1;6;1;7;1;8;1;9;1;10;1;10;0;9;0;8;0;7;0;6;0;5;0;4;0;3;0;2;0;1;0;0;0
