20
1;1;11;12;8;10;9;10;10;10
1;2;11;12;9;10;10;10;10;11
1;1;11;12;10;10;10;11;11;11
1;2;7;13;10;11;10;11;11;11;11;12
1;1;7;13;10;11;11;11;11;12;12;12
1;2;7;13;11;11;11;12;12;12;12;13
1;3;7;13;11;12;12;12;12;13;11;13
1;3;7;13;12;12;12;13;11;13;10;13
1;3;7;13;12;13;11;13;10;13;9;13
1;3;7;13;11;13;10;13;9;13;8;13
1;3;12;4;10;13;10;13;9;13;8;13;7;13
1;0;12;4;10;13;9;13;8;13;7;13;7;12
1;1;12;4;9;13;8;13;7;13;7;12;8;12
1;1;12;4;8;13;7;13;7;12;8;12;9;12
1;1;12;4;7;13;7;12;8;12;9;12;10;12
1;1;12;4;7;12;8;12;9;12;10;12;11;12
1;1;12;4;8;12;9;12;10;12;11;12;12;12
1;0;12;4;9;12;10;12;11;12;12;12;12;11
1;0;12;4;10;12;11;12;12;12;12;11;12;10
1;0;12;4;11;12;12;12;12;11;12;10;12;9
1;0;12;4;12;12;12;11;12;10;12;9;12;8
1;0;12;4;12;11;12;10;12;9;12;8;12;7
1;0;12;4;12;10;12;9;12;8;12;7;12;6
1;0;12;4;12;9;12;8;12;7;12;6;12;5
1;3;12;4;12;8;12;7;12;6;12;5;11;5
1;0;12;4;12;7;12;6;12;5;11;5;11;4
1;1;19;13;12;6;12;6;12;5;11;5;11;4;12;4
1;1;19;13;12;6;12;5;11;5;11;4;12;4;13;4
1;2;19;13;12;5;11;5;11;4;12;4;13;4;13;5
1;2;19;13;11;5;11;4;12;4;13;4;13;5;13;6
1;2;19;13;11;4;12;4;13;4;13;5;13;6;13;7
1;2;19;13;12;4;13;4;13;5;13;6;13;7;13;8
1;2;19;13;13;4;13;5;13;6;13;7;13;8;13;9
1;2;19;13;13;5;13;6;13;7;13;8;13;9;13;10
1;2;19;13;13;6;13;7;13;8;13;9;13;10;13;11
1;2;19;13;13;7;13;8;13;9;13;10;13;11;13;12
1;2;19;13;13;8;13;9;13;10;13;11;13;12;13;13
1;1;19;13;13;9;13;10;13;11;13;12;13;13;14;13
1;1;19;13;13;10;13;11;13;12;13;13;14;13;15;13
1;1;19;13;13;11;13;12;13;13;14;13;15;13;16;13
1;1;19;13;13;12;13;13;14;13;15;13;16;13;17;13
1;0;19;13;13;13;14;13;15;13;16;13;17;13;17;12
1;1;19;13;14;13;15;13;16;13;17;13;17;12;18;12
1;2;19;13;15;13;16;13;17;13;17;12;18;12;18;13
1;1;1;4;16;13;16;13;17;13;17;12;18;12;18;13;19;13
1;0;1;4;16;13;17;13;17;12;18;12;18;13;19;13;19;12
1;0;1;4;17;13;17;12;18;12;18;13;19;13;19;12;19;11
1;0;1;4;17;12;18;12;18;13;19;13;19;12;19;11;19;10
1;0;1;4;18;12;18;13;19;13;19;12;19;11;19;10;19;9
1;0;1;4;18;13;19;13;19;12;19;11;19;10;19;9;19;8
1;0;1;4;19;13;19;12;19;11;19;10;19;9;19;8;19;7
1;0;1;4;19;12;19;11;19;10;19;9;19;8;19;7;19;6
1;0;1;4;19;11;19;10;19;9;19;8;19;7;19;6;19;5
1;0;1;4;19;10;19;9;19;8;19;7;19;6;19;5;19;4
1;3;1;4;19;9;19;8;19;7;19;6;19;5;19;4;18;4
1;3;1;4;19;8;19;7;19;6;19;5;19;4;18;4;17;4
1;3;1;4;19;7;19;6;19;5;19;4;18;4;17;4;16;4
1;3;1;4;19;6;19;5;19;4;18;4;17;4;16;4;15;4
1;3;1;4;19;5;19;4;18;4;17;4;16;4;15;4;14;4
1;3;1;4;19;4;18;4;17;4;16;4;15;4;14;4;13;4
1;3;1;4;18;4;17;4;16;4;15;4;14;4;13;4;12;4
1;3;1;4;17;4;16;4;15;4;14;4;13;4;12;4;11;4
1;3;1;4;16;4;15;4;14;4;13;4;12;4;11;4;10;4
1;3;1;4;15;4;14;4;13;4;12;4;11;4;10;4;9;4
1;3;1;4;14;4;13;4;12;4;11;4;10;4;9;4;8;4
1;3;1;4;13;4;12;4;11;4;10;4;9;4;8;4;7;4
1;3;1;4;12;4;11;4;10;4;9;4;8;4;7;4;6;4
1;3;1;4;11;4;10;4;9;4;8;4;7;4;6;4;5;4
1;3;1;4;10;4;9;4;8;4;7;4;6;4;5;4;4;4
1;3;1;4;9;4;8;4;7;4;6;4;5;4;4;4;3;4
1;3;1;4;8;4;7;4;6;4;5;4;4;4;3;4;2;4
1;2;1;4;7;4;6;4;5;4;4;4;3;4;2;4;2;5
1;3;1;4;6;4;5;4;4;4;3;4;2;4;2;5;1;5
1;0;7;11;5;4;5;4;4;4;3;4;2;4;2;5;1;5;1;4
1;3;7;11;5;4;4;4;3;4;2;4;2;5;1;5;1;4;0;4
1;2;7;11;4;4;3;4;2;4;2;5;1;5;1;4;0;4;0;5
1;2;7;11;3;4;2;4;2;5;1;5;1;4;0;4;0;5;0;6
1;2;7;11;2;4;2;5;1;5;1;4;0;4;0;5;0;6;0;7
1;2;7;11;2;5;1;5;1;4;0;4;0;5;0;6;0;7;0;8
1;2;7;11;1;5;1;4;0;4;0;5;0;6;0;7;0;8;0;9
1;2;7;11;1;4;0;4;0;5;0;6;0;7;0;8;0;9;0;10
1;2;7;11;0;4;0;5;0;6;0;7;0;8;0;9;0;10;0;11
1;1;7;11;0;5;0;6;0;7;0;8;0;9;0;10;0;11;1;11
1;1;7;11;0;6;0;7;0;8;0;9;0;10;0;11;1;11;2;11
1;1;7;11;0;7;0;8;0;9;0;10;0;11;1;11;2;11;3;11
1;1;7;11;0;8;0;9;0;10;0;11;1;11;2;11;3;11;4;11
1;1;7;11;0;9;0;10;0;11;1;11;2;11;3;11;4;11;5;11
1;1;7;11;0;10;0;11;1;11;2;11;3;11;4;11;5;11;6;11
1;1;10;18;0;11;0;11;1;11;2;11;3;11;4;11;5;11;6;11;7;11
1;2;10;18;0;11;1;11;2;11;3;11;4;11;5;11;6;11;7;11;7;12
1;1;10;18;1;11;2;11;3;11;4;11;5;11;6;11;7;11;7;12;8;12
1;1;10;18;2;11;3;11;4;11;5;11;6;11;7;11;7;12;8;12;9;12
1;1;10;18;3;11;4;11;5;11;6;11;7;11;7;12;8;12;9;12;10;12
1;2;10;18;4;11;5;11;6;11;7;11;7;12;8;12;9;12;10;12;10;13
1;2;10;18;5;11;6;11;7;11;7;12;8;12;9;12;10;12;10;13;10;14
1;2;10;18;6;11;7;11;7;12;8;12;9;12;10;12;10;13;10;14;10;15
1;2;10;18;7;11;7;12;8;12;9;12;10;12;10;13;10;14;10;15;10;16
1;2;10;18;7;12;8;12;9;12;10;12;10;13;10;14;10;15;10;16;10;17
1;1;10;18;8;12;9;12;10;12;10;13;10;14;10;15;10;16;10;17;11;17
1;2;10;18;9;12;10;12;10;13;10;14;10;15;10;16;10;17;11;17;11;18
1;3;6;17;10;12;10;12;10;13;10;14;10;15;10;16;10;17;11;17;11;18;10;18
1;3;6;17;10;12;10;13;10;14;10;15;10;16;10;17;11;17;11;18;10;18;9;18
1;0;6;17;10;13;10;14;10;15;10;16;10;17;11;17;11;18;10;18;9;18;9;17
1;0;6;17;10;14;10;15;10;16;10;17;11;17;11;18;10;18;9;18;9;17;9;16
1;0;6;17;10;15;10;16;10;17;11;17;11;18;10;18;9;18;9;17;9;16;9;15
1;0;6;17;10;16;10;17;11;17;11;18;10;18;9;18;9;17;9;16;9;15;9;14
1;3;6;17;10;17;11;17;11;18;10;18;9;18;9;17;9;16;9;15;9;14;8;14
1;0;6;17;11;17;11;18;10;18;9;18;9;17;9;16;9;15;9;14;8;14;8;13
1;3;6;17;11;18;10;18;9;18;9;17;9;16;9;15;9;14;8;14;8;13;7;13
1;3;6;17;10;18;9;18;9;17;9;16;9;15;9;14;8;14;8;13;7;13;6;13
1;2;6;17;9;18;9;17;9;16;9;15;9;14;8;14;8;13;7;13;6;13;6;14
1;2;6;17;9;17;9;16;9;15;9;14;8;14;8;13;7;13;6;13;6;14;6;15
1;2;6;17;9;16;9;15;9;14;8;14;8;13;7;13;6;13;6;14;6;15;6;16
1;2;12;4;9;15;9;15;9;14;8;14;8;13;7;13;6;13;6;14;6;15;6;16;6;17
1;1;12;4;9;15;9;14;8;14;8;13;7;13;6;13;6;14;6;15;6;16;6;17;7;17
1;1;12;4;9;14;8;14;8;13;7;13;6;13;6;14;6;15;6;16;6;17;7;17;8;17
1;1;12;4;8;14;8;13;7;13;6;13;6;14;6;15;6;16;6;17;7;17;8;17;9;17
1;1;12;4;8;13;7;13;6;13;6;14;6;15;6;16;6;17;7;17;8;17;9;17;10;17
1;1;12;4;7;13;6;13;6;14;6;15;6;16;6;17;7;17;8;17;9;17;10;17;11;17
1;1;12;4;6;13;6;14;6;15;6;16;6;17;7;17;8;17;9;17;10;17;11;17;12;17
1;0;12;4;6;14;6;15;6;16;6;17;7;17;8;17;9;17;10;17;11;17;12;17;12;16
1;0;12;4;6;15;6;16;6;17;7;17;8;17;9;17;10;17;11;17;12;17;12;16;12;15
1;0;12;4;6;16;6;17;7;17;8;17;9;17;10;17;11;17;12;17;12;16;12;15;12;14
1;0;12;4;6;17;7;17;8;17;9;17;10;17;11;17;12;17;12;16;12;15;12;14;12;13
1;0;12;4;7;17;8;17;9;17;10;17;11;17;12;17;12;16;12;15;12;14;12;13;12;12
1;0;12;4;8;17;9;17;10;17;11;17;12;17;12;16;12;15;12;14;12;13;12;12;12;11
1;0;12;4;9;17;10;17;11;17;12;17;12;16;12;15;12;14;12;13;12;12;12;11;12;10
1;0;12;4;10;17;11;17;12;17;12;16;12;15;12;14;12;13;12;12;12;11;12;10;12;9
1;0;12;4;11;17;12;17;12;16;12;15;12;14;12;13;12;12;12;11;12;10;12;9;12;8
1;0;12;4;12;17;12;16;12;15;12;14;12;13;12;12;12;11;12;10;12;9;12;8;12;7
1;0;12;4;12;16;12;15;12;14;12;13;12;12;12;11;12;10;12;9;12;8;12;7;12;6
1;3;12;4;12;15;12;14;12;13;12;12;12;11;12;10;12;9;12;8;12;7;12;6;11;6
1;0;12;4;12;14;12;13;12;12;12;11;12;10;12;9;12;8;12;7;12;6;11;6;11;5
1;1;12;4;12;13;12;12;12;11;12;10;12;9;12;8;12;7;12;6;11;6;11;5;12;5
1;0;9;18;12;12;12;12;12;11;12;10;12;9;12;8;12;7;12;6;11;6;11;5;12;5;12;4
1;3;9;18;12;12;12;11;12;10;12;9;12;8;12;7;12;6;11;6;11;5;12;5;12;4;11;4
1;3;9;18;12;11;12;10;12;9;12;8;12;7;12;6;11;6;11;5;12;5;12;4;11;4;10;4
1;3;9;18;12;10;12;9;12;8;12;7;12;6;11;6;11;5;12;5;12;4;11;4;10;4;9;4
1;2;9;18;12;9;12;8;12;7;12;6;11;6;11;5;12;5;12;4;11;4;10;4;9;4;9;5
1;2;9;18;12;8;12;7;12;6;11;6;11;5;12;5;12;4;11;4;10;4;9;4;9;5;9;6
1;2;9;18;12;7;12;6;11;6;11;5;12;5;12;4;11;4;10;4;9;4;9;5;9;6;9;7
1;2;9;18;12;6;11;6;11;5;12;5;12;4;11;4;10;4;9;4;9;5;9;6;9;7;9;8
1;2;9;18;11;6;11;5;12;5;12;4;11;4;10;4;9;4;9;5;9;6;9;7;9;8;9;9
1;2;9;18;11;5;12;5;12;4;11;4;10;4;9;4;9;5;9;6;9;7;9;8;9;9;9;10
1;2;9;18;12;5;12;4;11;4;10;4;9;4;9;5;9;6;9;7;9;8;9;9;9;10;9;11
1;2;9;18;12;4;11;4;10;4;9;4;9;5;9;6;9;7;9;8;9;9;9;10;9;11;9;12
1;2;9;18;11;4;10;4;9;4;9;5;9;6;9;7;9;8;9;9;9;10;9;11;9;12;9;13
1;2;9;18;10;4;9;4;9;5;9;6;9;7;9;8;9;9;9;10;9;11;9;12;9;13;9;14
1;2;9;18;9;4;9;5;9;6;9;7;9;8;9;9;9;10;9;11;9;12;9;13;9;14;9;15
1;2;9;18;9;5;9;6;9;7;9;8;9;9;9;10;9;11;9;12;9;13;9;14;9;15;9;16
1;2;9;18;9;6;9;7;9;8;9;9;9;10;9;11;9;12;9;13;9;14;9;15;9;16;9;17
1;1;9;18;9;7;9;8;9;9;9;10;9;11;9;12;9;13;9;14;9;15;9;16;9;17;10;17
1;2;9;18;9;8;9;9;9;10;9;11;9;12;9;13;9;14;9;15;9;16;9;17;10;17;10;18
1;3;8;12;9;9;9;9;9;10;9;11;9;12;9;13;9;14;9;15;9;16;9;17;10;17;10;18;9;18
1;3;8;12;9;9;9;10;9;11;9;12;9;13;9;14;9;15;9;16;9;17;10;17;10;18;9;18;8;18
1;0;8;12;9;10;9;11;9;12;9;13;9;14;9;15;9;16;9;17;10;17;10;18;9;18;8;18;8;17
1;0;8;12;9;11;9;12;9;13;9;14;9;15;9;16;9;17;10;17;10;18;9;18;8;18;8;17;8;16
1;0;8;12;9;12;9;13;9;14;9;15;9;16;9;17;10;17;10;18;9;18;8;18;8;17;8;16;8;15
1;0;8;12;9;13;9;14;9;15;9;16;9;17;10;17;10;18;9;18;8;18;8;17;8;16;8;15;8;14
1;0;8;12;9;14;9;15;9;16;9;17;10;17;10;18;9;18;8;18;8;17;8;16;8;15;8;14;8;13
1;0;18;7;9;15;9;15;9;16;9;17;10;17;10;18;9;18;8;18;8;17;8;16;8;15;8;14;8;13;8;12
1;1;18;7;9;15;9;16;9;17;10;17;10;18;9;18;8;18;8;17;8;16;8;15;8;14;8;13;8;12;9;12
1;1;18;7;9;16;9;17;10;17;10;18;9;18;8;18;8;17;8;16;8;15;8;14;8;13;8;12;9;12;10;12
1;1;18;7;9;17;10;17;10;18;9;18;8;18;8;17;8;16;8;15;8;14;8;13;8;12;9;12;10;12;11;12
1;0;18;7;10;17;10;18;9;18;8;18;8;17;8;16;8;15;8;14;8;13;8;12;9;12;10;12;11;12;11;11
1;1;18;7;10;18;9;18;8;18;8;17;8;16;8;15;8;14;8;13;8;12;9;12;10;12;11;12;11;11;12;11
1;0;18;7;9;18;8;18;8;17;8;16;8;15;8;14;8;13;8;12;9;12;10;12;11;12;11;11;12;11;12;10
1;0;18;7;8;18;8;17;8;16;8;15;8;14;8;13;8;12;9;12;10;12;11;12;11;11;12;11;12;10;12;9
1;0;18;7;8;17;8;16;8;15;8;14;8;13;8;12;9;12;10;12;11;12;11;11;12;11;12;10;12;9;12;8
1;0;18;7;8;16;8;15;8;14;8;13;8;12;9;12;10;12;11;12;11;11;12;11;12;10;12;9;12;8;12;7
1;1;18;7;8;15;8;14;8;13;8;12;9;12;10;12;11;12;11;11;12;11;12;10;12;9;12;8;12;7;13;7
1;1;18;7;8;14;8;13;8;12;9;12;10;12;11;12;11;11;12;11;12;10;12;9;12;8;12;7;13;7;14;7
1;1;18;7;8;13;8;12;9;12;10;12;11;12;11;11;12;11;12;10;12;9;12;8;12;7;13;7;14;7;15;7
1;1;18;7;8;12;9;12;10;12;11;12;11;11;12;11;12;10;12;9;12;8;12;7;13;7;14;7;15;7;16;7
1;1;18;7;9;12;10;12;11;12;11;11;12;11;12;10;12;9;12;8;12;7;13;7;14;7;15;7;16;7;17;7
1;0;18;7;10;12;11;12;11;11;12;11;12;10;12;9;12;8;12;7;13;7;14;7;15;7;16;7;17;7;17;6
1;1;18;7;11;12;11;11;12;11;12;10;12;9;12;8;12;7;13;7;14;7;15;7;16;7;17;7;17;6;18;6
1;2;12;16;11;11;11;11;12;11;12;10;12;9;12;8;12;7;13;7;14;7;15;7;16;7;17;7;17;6;18;6;18;7
1;2;12;16;11;11;12;11;12;10;12;9;12;8;12;7;13;7;14;7;15;7;16;7;17;7;17;6;18;6;18;7;18;8
1;2;12;16;12;11;12;10;12;9;12;8;12;7;13;7;14;7;15;7;16;7;17;7;17;6;18;6;18;7;18;8;18;9
1;2;12;16;12;10;12;9;12;8;12;7;13;7;14;7;15;7;16;7;17;7;17;6;18;6;18;7;18;8;18;9;18;10
1;2;12;16;12;9;12;8;12;7;13;7;14;7;15;7;16;7;17;7;17;6;18;6;18;7;18;8;18;9;18;10;18;11
1;3;12;16;12;8;12;7;13;7;14;7;15;7;16;7;17;7;17;6;18;6;18;7;18;8;18;9;18;10;18;11;17;11
1;3;12;16;12;7;13;7;14;7;15;7;16;7;17;7;17;6;18;6;18;7;18;8;18;9;18;10;18;11;17;11;16;11
1;3;12;16;13;7;14;7;15;7;16;7;17;7;17;6;18;6;18;7;18;8;18;9;18;10;18;11;17;11;16;11;15;11
1;3;12;16;14;7;15;7;16;7;17;7;17;6;18;6;18;7;18;8;18;9;18;10;18;11;17;11;16;11;15;11;14;11
1;3;12;16;15;7;16;7;17;7;17;6;18;6;18;7;18;8;18;9;18;10;18;11;17;11;16;11;15;11;14;11;13;11
1;3;12;16;16;7;17;7;17;6;18;6;18;7;18;8;18;9;18;10;18;11;17;11;16;11;15;11;14;11;13;11;12;11
1;2;12;16;17;7;17;6;18;6;18;7;18;8;18;9;18;10;18;11;17;11;16;11;15;11;14;11;13;11;12;11;12;12
1;2;12;16;17;6;18;6;18;7;18;8;18;9;18;10;18;11;17;11;16;11;15;11;14;11;13;11;12;11;12;12;12;13
1;2;12;16;18;6;18;7;18;8;18;9;18;10;18;11;17;11;16;11;15;11;14;11;13;11;12;11;12;12;12;13;12;14
1;2;12;16;18;7;18;8;18;9;18;10;18;11;17;11;16;11;15;11;14;11;13;11;12;11;12;12;12;13;12;14;12;15
1;1;12;16;18;8;18;9;18;10;18;11;17;11;16;11;15;11;14;11;13;11;12;11;12;12;12;13;12;14;12;15;13;15
1;2;12;16;18;9;18;10;18;11;17;11;16;11;15;11;14;11;13;11;12;11;12;12;12;13;12;14;12;15;13;15;13;16
1;3;1;7;18;10;18;10;18;11;17;11;16;11;15;11;14;11;13;11;12;11;12;12;12;13;12;14;12;15;13;15;13;16;12;16
1;3;1;7;18;10;18;11;17;11;16;11;15;11;14;11;13;11;12;11;12;12;12;13;12;14;12;15;13;15;13;16;12;16;11;16
1;0;1;7;18;11;17;11;16;11;15;11;14;11;13;11;12;11;12;12;12;13;12;14;12;15;13;15;13;16;12;16;11;16;11;15
1;0;1;7;17;11;16;11;15;11;14;11;13;11;12;11;12;12;12;13;12;14;12;15;13;15;13;16;12;16;11;16;11;15;11;14
1;0;1;7;16;11;15;11;14;11;13;11;12;11;12;12;12;13;12;14;12;15;13;15;13;16;12;16;11;16;11;15;11;14;11;13
1;0;1;7;15;11;14;11;13;11;12;11;12;12;12;13;12;14;12;15;13;15;13;16;12;16;11;16;11;15;11;14;11;13;11;12
1;0;1;7;14;11;13;11;12;11;12;12;12;13;12;14;12;15;13;15;13;16;12;16;11;16;11;15;11;14;11;13;11;12;11;11
1;0;1;7;13;11;12;11;12;12;12;13;12;14;12;15;13;15;13;16;12;16;11;16;11;15;11;14;11;13;11;12;11;11;11;10
1;0;1;7;12;11;12;12;12;13;12;14;12;15;13;15;13;16;12;16;11;16;11;15;11;14;11;13;11;12;11;11;11;10;11;9
1;0;1;7;12;12;12;13;12;14;12;15;13;15;13;16;12;16;11;16;11;15;11;14;11;13;11;12;11;11;11;10;11;9;11;8
1;0;1;7;12;13;12;14;12;15;13;15;13;16;12;16;11;16;11;15;11;14;11;13;11;12;11;11;11;10;11;9;11;8;11;7
1;3;1;7;12;14;12;15;13;15;13;16;12;16;11;16;11;15;11;14;11;13;11;12;11;11;11;10;11;9;11;8;11;7;10;7
1;3;1;7;12;15;13;15;13;16;12;16;11;16;11;15;11;14;11;13;11;12;11;11;11;10;11;9;11;8;11;7;10;7;9;7
1;3;1;7;13;15;13;16;12;16;11;16;11;15;11;14;11;13;11;12;11;11;11;10;11;9;11;8;11;7;10;7;9;7;8;7
1;3;1;7;13;16;12;16;11;16;11;15;11;14;11;13;11;12;11;11;11;10;11;9;11;8;11;7;10;7;9;7;8;7;7;7
1;3;1;7;12;16;11;16;11;15;11;14;11;13;11;12;11;11;11;10;11;9;11;8;11;7;10;7;9;7;8;7;7;7;6;7
1;3;1;7;11;16;11;15;11;14;11;13;11;12;11;11;11;10;11;9;11;8;11;7;10;7;9;7;8;7;7;7;6;7;5;7
1;3;1;7;11;15;11;14;11;13;11;12;11;11;11;10;11;9;11;8;11;7;10;7;9;7;8;7;7;7;6;7;5;7;4;7
1;3;1;7;11;14;11;13;11;12;11;11;11;10;11;9;11;8;11;7;10;7;9;7;8;7;7;7;6;7;5;7;4;7;3;7
1;2;1;7;11;13;11;12;11;11;11;10;11;9;11;8;11;7;10;7;9;7;8;7;7;7;6;7;5;7;4;7;3;7;3;8
1;3;1;7;11;12;11;11;11;10;11;9;11;8;11;7;10;7;9;7;8;7;7;7;6;7;5;7;4;7;3;7;3;8;2;8
1;2;1;7;11;11;11;10;11;9;11;8;11;7;10;7;9;7;8;7;7;7;6;7;5;7;4;7;3;7;3;8;2;8;2;9
1;3;1;7;11;10;11;9;11;8;11;7;10;7;9;7;8;7;7;7;6;7;5;7;4;7;3;7;3;8;2;8;2;9;1;9
1;0;1;7;11;9;11;8;11;7;10;7;9;7;8;7;7;7;6;7;5;7;4;7;3;7;3;8;2;8;2;9;1;9;1;8
1;0;15;3;11;8;11;8;11;7;10;7;9;7;8;7;7;7;6;7;5;7;4;7;3;7;3;8;2;8;2;9;1;9;1;8;1;7
1;0;15;3;11;8;11;7;10;7;9;7;8;7;7;7;6;7;5;7;4;7;3;7;3;8;2;8;2;9;1;9;1;8;1;7;1;6
1;1;15;3;11;7;10;7;9;7;8;7;7;7;6;7;5;7;4;7;3;7;3;8;2;8;2;9;1;9;1;8;1;7;1;6;2;6
1;1;15;3;10;7;9;7;8;7;7;7;6;7;5;7;4;7;3;7;3;8;2;8;2;9;1;9;1;8;1;7;1;6;2;6;3;6
1;1;15;3;9;7;8;7;7;7;6;7;5;7;4;7;3;7;3;8;2;8;2;9;1;9;1;8;1;7;1;6;2;6;3;6;4;6
1;1;15;3;8;7;7;7;6;7;5;7;4;7;3;7;3;8;2;8;2;9;1;9;1;8;1;7;1;6;2;6;3;6;4;6;5;6
1;1;15;3;7;7;6;7;5;7;4;7;3;7;3;8;2;8;2;9;1;9;1;8;1;7;1;6;2;6;3;6;4;6;5;6;6;6
1;1;15;3;6;7;5;7;4;7;3;7;3;8;2;8;2;9;1;9;1;8;1;7;1;6;2;6;3;6;4;6;5;6;6;6;7;6
1;1;15;3;5;7;4;7;3;7;3;8;2;8;2;9;1;9;1;8;1;7;1;6;2;6;3;6;4;6;5;6;6;6;7;6;8;6
1;1;15;3;4;7;3;7;3;8;2;8;2;9;1;9;1;8;1;7;1;6;2;6;3;6;4;6;5;6;6;6;7;6;8;6;9;6
1;1;15;3;3;7;3;8;2;8;2;9;1;9;1;8;1;7;1;6;2;6;3;6;4;6;5;6;6;6;7;6;8;6;9;6;10;6
1;1;15;3;3;8;2;8;2;9;1;9;1;8;1;7;1;6;2;6;3;6;4;6;5;6;6;6;7;6;8;6;9;6;10;6;11;6
1;1;15;3;2;8;2;9;1;9;1;8;1;7;1;6;2;6;3;6;4;6;5;6;6;6;7;6;8;6;9;6;10;6;11;6;12;6
1;1;15;3;2;9;1;9;1;8;1;7;1;6;2;6;3;6;4;6;5;6;6;6;7;6;8;6;9;6;10;6;11;6;12;6;13;6
1;1;15;3;1;9;1;8;1;7;1;6;2;6;3;6;4;6;5;6;6;6;7;6;8;6;9;6;10;6;11;6;12;6;13;6;14;6
1;0;15;3;1;8;1;7;1;6;2;6;3;6;4;6;5;6;6;6;7;6;8;6;9;6;10;6;11;6;12;6;13;6;14;6;14;5
1;1;15;3;1;7;1;6;2;6;3;6;4;6;5;6;6;6;7;6;8;6;9;6;10;6;11;6;12;6;13;6;14;6;14;5;15;5
1;0;15;3;1;6;2;6;3;6;4;6;5;6;6;6;7;6;8;6;9;6;10;6;11;6;12;6;13;6;14;6;14;5;15;5;15;4
1;0;8;16;2;6;2;6;3;6;4;6;5;6;6;6;7;6;8;6;9;6;10;6;11;6;12;6;13;6;14;6;14;5;15;5;15;4;15;3
1;3;8;16;2;6;3;6;4;6;5;6;6;6;7;6;8;6;9;6;10;6;11;6;12;6;13;6;14;6;14;5;15;5;15;4;15;3;14;3
1;3;8;16;3;6;4;6;5;6;6;6;7;6;8;6;9;6;10;6;11;6;12;6;13;6;14;6;14;5;15;5;15;4;15;3;14;3;13;3
1;3;8;16;4;6;5;6;6;6;7;6;8;6;9;6;10;6;11;6;12;6;13;6;14;6;14;5;15;5;15;4;15;3;14;3;13;3;12;3
1;3;8;16;5;6;6;6;7;6;8;6;9;6;10;6;11;6;12;6;13;6;14;6;14;5;15;5;15;4;15;3;14;3;13;3;12;3;11;3
1;3;8;16;6;6;7;6;8;6;9;6;10;6;11;6;12;6;13;6;14;6;14;5;15;5;15;4;15;3;14;3;13;3;12;3;11;3;10;3
1;3;8;16;7;6;8;6;9;6;10;6;11;6;12;6;13;6;14;6;14;5;15;5;15;4;15;3;14;3;13;3;12;3;11;3;10;3;9;3
1;3;8;16;8;6;9;6;10;6;11;6;12;6;13;6;14;6;14;5;15;5;15;4;15;3;14;3;13;3;12;3;11;3;10;3;9;3;8;3
1;2;8;16;9;6;10;6;11;6;12;6;13;6;14;6;14;5;15;5;15;4;15;3;14;3;13;3;12;3;11;3;10;3;9;3;8;3;8;4
1;2;8;16;10;6;11;6;12;6;13;6;14;6;14;5;15;5;15;4;15;3;14;3;13;3;12;3;11;3;10;3;9;3;8;3;8;4;8;5
1;2;8;16;11;6;12;6;13;6;14;6;14;5;15;5;15;4;15;3;14;3;13;3;12;3;11;3;10;3;9;3;8;3;8;4;8;5;8;6
1;2;8;16;12;6;13;6;14;6;14;5;15;5;15;4;15;3;14;3;13;3;12;3;11;3;10;3;9;3;8;3;8;4;8;5;8;6;8;7
1;2;8;16;13;6;14;6;14;5;15;5;15;4;15;3;14;3;13;3;12;3;11;3;10;3;9;3;8;3;8;4;8;5;8;6;8;7;8;8
1;2;8;16;14;6;14;5;15;5;15;4;15;3;14;3;13;3;12;3;11;3;10;3;9;3;8;3;8;4;8;5;8;6;8;7;8;8;8;9
1;2;8;16;14;5;15;5;15;4;15;3;14;3;13;3;12;3;11;3;10;3;9;3;8;3;8;4;8;5;8;6;8;7;8;8;8;9;8;10
1;2;8;16;15;5;15;4;15;3;14;3;13;3;12;3;11;3;10;3;9;3;8;3;8;4;8;5;8;6;8;7;8;8;8;9;8;10;8;11
1;2;8;16;15;4;15;3;14;3;13;3;12;3;11;3;10;3;9;3;8;3;8;4;8;5;8;6;8;7;8;8;8;9;8;10;8;11;8;12
1;2;8;16;15;3;14;3;13;3;12;3;11;3;10;3;9;3;8;3;8;4;8;5;8;6;8;7;8;8;8;9;8;10;8;11;8;12;8;13
1;2;8;16;14;3;13;3;12;3;11;3;10;3;9;3;8;3;8;4;8;5;8;6;8;7;8;8;8;9;8;10;8;11;8;12;8;13;8;14
1;1;8;16;13;3;12;3;11;3;10;3;9;3;8;3;8;4;8;5;8;6;8;7;8;8;8;9;8;10;8;11;8;12;8;13;8;14;9;14
1;2;8;16;12;3;11;3;10;3;9;3;8;3;8;4;8;5;8;6;8;7;8;8;8;9;8;10;8;11;8;12;8;13;8;14;9;14;9;15
1;3;8;16;11;3;10;3;9;3;8;3;8;4;8;5;8;6;8;7;8;8;8;9;8;10;8;11;8;12;8;13;8;14;9;14;9;15;8;15
1;2;10;1;10;3;10;3;9;3;8;3;8;4;8;5;8;6;8;7;8;8;8;9;8;10;8;11;8;12;8;13;8;14;9;14;9;15;8;15;8;16
1;1;10;1;10;3;9;3;8;3;8;4;8;5;8;6;8;7;8;8;8;9;8;10;8;11;8;12;8;13;8;14;9;14;9;15;8;15;8;16;9;16
1;1;10;1;9;3;8;3;8;4;8;5;8;6;8;7;8;8;8;9;8;10;8;11;8;12;8;13;8;14;9;14;9;15;8;15;8;16;9;16;10;16
1;0;10;1;8;3;8;4;8;5;8;6;8;7;8;8;8;9;8;10;8;11;8;12;8;13;8;14;9;14;9;15;8;15;8;16;9;16;10;16;10;15
1;0;10;1;8;4;8;5;8;6;8;7;8;8;8;9;8;10;8;11;8;12;8;13;8;14;9;14;9;15;8;15;8;16;9;16;10;16;10;15;10;14
1;0;10;1;8;5;8;6;8;7;8;8;8;9;8;10;8;11;8;12;8;13;8;14;9;14;9;15;8;15;8;16;9;16;10;16;10;15;10;14;10;13
1;0;10;1;8;6;8;7;8;8;8;9;8;10;8;11;8;12;8;13;8;14;9;14;9;15;8;15;8;16;9;16;10;16;10;15;10;14;10;13;10;12
1;0;10;1;8;7;8;8;8;9;8;10;8;11;8;12;8;13;8;14;9;14;9;15;8;15;8;16;9;16;10;16;10;15;10;14;10;13;10;12;10;11
1;0;10;1;8;8;8;9;8;10;8;11;8;12;8;13;8;14;9;14;9;15;8;15;8;16;9;16;10;16;10;15;10;14;10;13;10;12;10;11;10;10
1;0;10;1;8;9;8;10;8;11;8;12;8;13;8;14;9;14;9;15;8;15;8;16;9;16;10;16;10;15;10;14;10;13;10;12;10;11;10;10;10;9
1;0;10;1;8;10;8;11;8;12;8;13;8;14;9;14;9;15;8;15;8;16;9;16;10;16;10;15;10;14;10;13;10;12;10;11;10;10;10;9;10;8
1;0;10;1;8;11;8;12;8;13;8;14;9;14;9;15;8;15;8;16;9;16;10;16;10;15;10;14;10;13;10;12;10;11;10;10;10;9;10;8;10;7
1;0;10;1;8;12;8;13;8;14;9;14;9;15;8;15;8;16;9;16;10;16;10;15;10;14;10;13;10;12;10;11;10;10;10;9;10;8;10;7;10;6
1;0;10;1;8;13;8;14;9;14;9;15;8;15;8;16;9;16;10;16;10;15;10;14;10;13;10;12;10;11;10;10;10;9;10;8;10;7;10;6;10;5
1;0;10;1;8;14;9;14;9;15;8;15;8;16;9;16;10;16;10;15;10;14;10;13;10;12;10;11;10;10;10;9;10;8;10;7;10;6;10;5;10;4
1;0;10;1;9;14;9;15;8;15;8;16;9;16;10;16;10;15;10;14;10;13;10;12;10;11;10;10;10;9;10;8;10;7;10;6;10;5;10;4;10;3
1;0;10;1;9;15;8;15;8;16;9;16;10;16;10;15;10;14;10;13;10;12;10;11;10;10;10;9;10;8;10;7;10;6;10;5;10;4;10;3;10;2
1;3;10;1;8;15;8;16;9;16;10;16;10;15;10;14;10;13;10;12;10;11;10;10;10;9;10;8;10;7;10;6;10;5;10;4;10;3;10;2;9;2
1;0;10;1;8;16;9;16;10;16;10;15;10;14;10;13;10;12;10;11;10;10;10;9;10;8;10;7;10;6;10;5;10;4;10;3;10;2;9;2;9;1
1;1;0;0;9;16;9;16;10;16;10;15;10;14;10;13;10;12;10;11;10;10;10;9;10;8;10;7;10;6;10;5;10;4;10;3;10;2;9;2;9;1;10;1
1;0;0;0;9;16;10;16;10;15;10;14;10;13;10;12;10;11;10;10;10;9;10;8;10;7;10;6;10;5;10;4;10;3;10;2;9;2;9;1;10;1;10;0
1;3;0;0;10;16;10;15;10;14;10;13;10;12;10;11;10;10;10;9;10;8;10;7;10;6;10;5;10;4;10;3;10;2;9;2;9;1;10;1;10;0;9;0
1;3;0;0;10;15;10;14;10;13;10;12;10;11;10;10;10;9;10;8;10;7;10;6;10;5;10;4;10;3;10;2;9;2;9;1;10;1;10;0;9;0;8;0
1;3;0;0;10;14;10;13;10;12;10;11;10;10;10;9;10;8;10;7;10;6;10;5;10;4;10;3;10;2;9;2;9;1;10;1;10;0;9;0;8;0;7;0
1;3;0;0;10;13;10;12;10;11;10;10;10;9;10;8;10;7;10;6;10;5;10;4;10;3;10;2;9;2;9;1;10;1;10;0;9;0;8;0;7;0;6;0
1;3;0;0;10;12;10;11;10;10;10;9;10;8;10;7;10;6;10;5;10;4;10;3;10;2;9;2;9;1;10;1;10;0;9;0;8;0;7;0;6;0;5;0
1;3;0;0;10;11;10;10;10;9;10;8;10;7;10;6;10;5;10;4;10;3;10;2;9;2;9;1;10;1;10;0;9;0;8;0;7;0;6;0;5;0;4;0
1;3;0;0;10;10;10;9;10;8;10;7;10;6;10;5;10;4;10;3;10;2;9;2;9;1;10;1;10;0;9;0;8;0;7;0;6;0;5;0;4;0;3;0
1;2;0;0;10;9;10;8;10;7;10;6;10;5;10;4;10;3;10;2;9;2;9;1;10;1;10;0;9;0;8;0;7;0;6;0;5;0;4;0;3;0;3;1
1;3;0;0;10;8;10;7;10;6;10;5;10;4;10;3;10;2;9;2;9;1;10;1;10;0;9;0;8;0;7;0;6;0;5;0;4;0;3;0;3;1;2;1
1;0;0;0;10;7;10;6;10;5;10;4;10;3;10;2;9;2;9;1;10;1;10;0;9;0;8;0;7;0;6;0;5;0;4;0;3;0;3;1;2;1;2;0
1;3;0;0;10;6;10;5;10;4;10;3;10;2;9;2;9;1;10;1;10;0;9;0;8;0;7;0;6;0;5;0;4;0;3;0;3;1;2;1;2;0;1;0
1;2;0;0;10;5;10;4;10;3;10;2;9;2;9;1;10;1;10;0;9;0;8;0;7;0;6;0;5;0;4;0;3;0;3;1;2;1;2;0;1;0;1;1
1;2;0;0;10;4;10;3;10;2;9;2;9;1;10;1;10;0;9;0;8;0;7;0;6;0;5;0;4;0;3;0;3;1;2;1;2;0;1;0;1;1;1;2
1;2;0;0;10;3;10;2;9;2;9;1;10;1;10;0;9;0;8;0;7;0;6;0;5;0;4;0;3;0;3;1;2;1;2;0;1;0;1;1;1;2;1;3
1;2;0;0;10;2;9;2;9;1;10;1;10;0;9;0;8;0;7;0;6;0;5;0;4;0;3;0;3;1;2;1;2;0;1;0;1;1;1;2;1;3;1;4
1;2;0;0;9;2;9;1;10;1;10;0;9;0;8;0;7;0;6;0;5;0;4;0;3;0;3;1;2;1;2;0;1;0;1;1;1;2;1;3;1;4;1;5
1;3;0;0;9;1;10;1;10;0;9;0;8;0;7;0;6;0;5;0;4;0;3;0;3;1;2;1;2;0;1;0;1;1;1;2;1;3;1;4;1;5;0;5
1;2;0;0;10;1;10;0;9;0;8;0;7;0;6;0;5;0;4;0;3;0;3;1;2;1;2;0;1;0;1;1;1;2;1;3;1;4;1;5;0;5;0;6
1;1;0;0;10;0;9;0;8;0;7;0;6;0;5;0;4;0;3;0;3;1;2;1;2;0;1;0;1;1;1;2;1;3;1;4;1;5;0;5;0;6;1;6
1;1;0;0;9;0;8;0;7;0;6;0;5;0;4;0;3;0;3;1;2;1;2;0;1;0;1;1;1;2;1;3;1;4;1;5;0;5;0;6;1;6;2;6
1;1;0;0;8;0;7;0;6;0;5;0;4;0;3;0;3;1;2;1;2;0;1;0;1;1;1;2;1;3;1;4;1;5;0;5;0;6;1;6;2;6;3;6
1;0;0;0;7;0;6;0;5;0;4;0;3;0;3;1;2;1;2;0;1;0;1;1;1;2;1;3;1;4;1;5;0;5;0;6;1;6;2;6;3;6;3;5
1;3;0;0;6;0;5;0;4;0;3;0;3;1;2;1;2;0;1;0;1;1;1;2;1;3;1;4;1;5;0;5;0;6;1;6;2;6;3;6;3;5;2;5
1;0;0;0;5;0;4;0;3;0;3;1;2;1;2;0;1;0;1;1;1;2;1;3;1;4;1;5;0;5;0;6;1;6;2;6;3;6;3;5;2;5;2;4
1;1;0;0;4;0;3;0;3;1;2;1;2;0;1;0;1;1;1;2;1;3;1;4;1;5;0;5;0;6;1;6;2;6;3;6;3;5;2;5;2;4;3;4
1;1;0;0;3;0;3;1;2;1;2;0;1;0;1;1;1;2;1;3;1;4;1;5;0;5;0;6;1;6;2;6;3;6;3;5;2;5;2;4;3;4;4;4
1;0;0;0;3;1;2;1;2;0;1;0;1;1;1;2;1;3;1;4;1;5;0;5;0;6;1;6;2;6;3;6;3;5;2;5;2;4;3;4;4;4;4;3
1;1;0;0;2;1;2;0;1;0;1;1;1;2;1;3;1;4;1;5;0;5;0;6;1;6;2;6;3;6;3;5;2;5;2;4;3;4;4;4;4;3;5;3
1;0;0;0;2;0;1;0;1;1;1;2;1;3;1;4;1;5;0;5;0;6;1;6;2;6;3;6;3;5;2;5;2;4;3;4;4;4;4;3;5;3;5;2
1;1;0;0;1;0;1;1;1;2;1;3;1;4;1;5;0;5;0;6;1;6;2;6;3;6;3;5;2;5;2;4;3;4;4;4;4;3;5;3;5;2;6;2
1;0;0;0;1;1;1;2;1;3;1;4;1;5;0;5;0;6;1;6;2;6;3;6;3;5;2;5;2;4;3;4;4;4;4;3;5;3;5;2;6;2;6;1
1;1;0;0;1;2;1;3;1;4;1;5;0;5;0;6;1;6;2;6;3;6;3;5;2;5;2;4;3;4;4;4;4;3;5;3;5;2;6;2;6;1;7;1
1;0;0;0;1;3;1;4;1;5;0;5;0;6;1;6;2;6;3;6;3;5;2;5;2;4;3;4;4;4;4;3;5;3;5;2;6;2;6;1;7;1;7;0
1;3;0;0;1;4;1;5;0;5;0;6;1;6;2;6;3;6;3;5;2;5;2;4;3;4;4;4;4;3;5;3;5;2;6;2;6;1;7;1;7;0;6;0
1;3;0;0;1;5;0;5;0;6;1;6;2;6;3;6;3;5;2;5;2;4;3;4;4;4;4;3;5;3;5;2;6;2;6;1;7;1;7;0;6;0;5;0
1;3;0;0;0;5;0;6;1;6;2;6;3;6;3;5;2;5;2;4;3;4;4;4;4;3;5;3;5;2;6;2;6;1;7;1;7;0;6;0;5;0;4;0
1;3;0;0;0;6;1;6;2;6;3;6;3;5;2;5;2;4;3;4;4;4;4;3;5;3;5;2;6;2;6;1;7;1;7;0;6;0;5;0;4;0;3;0
1;3;0;0;1;6;2;6;3;6;3;5;2;5;2;4;3;4;4;4;4;3;5;3;5;2;6;2;6;1;7;1;7;0;6;0;5;0;4;0;3;0;2;0
1;3;0;0;2;6;3;6;3;5;2;5;2;4;3;4;4;4;4;3;5;3;5;2;6;2;6;1;7;1;7;0;6;0;5;0;4;0;3;0;2;0;1;0
1;2;0;0;3;6;3;5;2;5;2;4;3;4;4;4;4;3;5;3;5;2;6;2;6;1;7;1;7;0;6;0;5;0;4;0;3;0;2;0;1;0;1;1
1;3;0;0;3;5;2;5;2;4;3;4;4;4;4;3;5;3;5;2;6;2;6;1;7;1;7;0;6;0;5;0;4;0;3;0;2;0;1;0;1;1;0;1
1;2;0;0;2;5;2;4;3;4;4;4;4;3;5;3;5;2;6;2;6;1;7;1;7;0;6;0;5;0;4;0;3;0;2;0;1;0;1;1;0;1;0;2
1;2;0;0;2;4;3;4;4;4;4;3;5;3;5;2;6;2;6;1;7;1;7;0;6;0;5;0;4;0;3;0;2;0;1;0;1;1;0;1;0;2;0;3
1;2;0;0;3;4;4;4;4;3;5;3;5;2;6;2;6;1;7;1;7;0;6;0;5;0;4;0;3;0;2;0;1;0;1;1;0;1;0;2;0;3;0;4
1;2;0;0;4;4;4;3;5;3;5;2;6;2;6;1;7;1;7;0;6;0;5;0;4;0;3;0;2;0;1;0;1;1;0;1;0;2;0;3;0;4;0;5
1;1;0;0;4;3;5;3;5;2;6;2;6;1;7;1;7;0;6;0;5;0;4;0;3;0;2;0;1;0;1;1;0;1;0;2;0;3;0;4;0;5;1;5
1;1;0;0;5;3;5;2;6;2;6;1;7;1;7;0;6;0;5;0;4;0;3;0;2;0;1;0;1;1;0;1;0;2;0;3;0;4;0;5;1;5;2;5
1;1;0;0;5;2;6;2;6;1;7;1;7;0;6;0;5;0;4;0;3;0;2;0;1;0;1;1;0;1;0;2;0;3;0;4;0;5;1;5;2;5;3;5
1;0;0;0;6;2;6;1;7;1;7;0;6;0;5;0;4;0;3;0;2;0;1;0;1;1;0;1;0;2;0;3;0;4;0;5;1;5;2;5;3;5;3;4
1;1;0;0;6;1;7;1;7;0;6;0;5;0;4;0;3;0;2;0;1;0;1;1;0;1;0;2;0;3;0;4;0;5;1;5;2;5;3;5;3;4;4;4
1;1;0;0;7;1;7;0;6;0;5;0;4;0;3;0;2;0;1;0;1;1;0;1;0;2;0;3;0;4;0;5;1;5;2;5;3;5;3;4;4;4;5;4
1;1;0;0;7;0;6;0;5;0;4;0;3;0;2;0;1;0;1;1;0;1;0;2;0;3;0;4;0;5;1;5;2;5;3;5;3;4;4;4;5;4;6;4
1;2;0;0;6;0;5;0;4;0;3;0;2;0;1;0;1;1;0;1;0;2;0;3;0;4;0;5;1;5;2;5;3;5;3;4;4;4;5;4;6;4;6;5
1;3;0;0;5;0;4;0;3;0;2;0;1;0;1;1;0;1;0;2;0;3;0;4;0;5;1;5;2;5;3;5;3;4;4;4;5;4;6;4;6;5;5;5
1;2;0;0;4;0;3;0;2;0;1;0;1;1;0;1;0;2;0;3;0;4;0;5;1;5;2;5;3;5;3;4;4;4;5;4;6;4;6;5;5;5;5;6
1;3;0;0;3;0;2;0;1;0;1;1;0;1;0;2;0;3;0;4;0;5;1;5;2;5;3;5;3;4;4;4;5;4;6;4;6;5;5;5;5;6;4;6
1;2;0;0;2;0;1;0;1;1;0;1;0;2;0;3;0;4;0;5;1;5;2;5;3;5;3;4;4;4;5;4;6;4;6;5;5;5;5;6;4;6;4;7
1;3;0;0;1;0;1;1;0;1;0;2;0;3;0;4;0;5;1;5;2;5;3;5;3;4;4;4;5;4;6;4;6;5;5;5;5;6;4;6;4;7;3;7
1;2;0;0;1;1;0;1;0;2;0;3;0;4;0;5;1;5;2;5;3;5;3;4;4;4;5;4;6;4;6;5;5;5;5;6;4;6;4;7;3;7;3;8
1;3;0;0;0;1;0;2;0;3;0;4;0;5;1;5;2;5;3;5;3;4;4;4;5;4;6;4;6;5;5;5;5;6;4;6;4;7;3;7;3;8;2;8
1;0;0;0;0;2;0;3;0;4;0;5;1;5;2;5;3;5;3;4;4;4;5;4;6;4;6;5;5;5;5;6;4;6;4;7;3;7;3;8;2;8;2;7
1;3;0;0;0;3;0;4;0;5;1;5;2;5;3;5;3;4;4;4;5;4;6;4;6;5;5;5;5;6;4;6;4;7;3;7;3;8;2;8;2;7;1;7
1;0;0;0;0;4;0;5;1;5;2;5;3;5;3;4;4;4;5;4;6;4;6;5;5;5;5;6;4;6;4;7;3;7;3;8;2;8;2;7;1;7;1;6
1;3;0;0;0;5;1;5;2;5;3;5;3;4;4;4;5;4;6;4;6;5;5;5;5;6;4;6;4;7;3;7;3;8;2;8;2;7;1;7;1;6;0;6
1;0;0;0;1;5;2;5;3;5;3;4;4;4;5;4;6;4;6;5;5;5;5;6;4;6;4;7;3;7;3;8;2;8;2;7;1;7;1;6;0;6;0;5
1;0;0;0;2;5;3;5;3;4;4;4;5;4;6;4;6;5;5;5;5;6;4;6;4;7;3;7;3;8;2;8;2;7;1;7;1;6;0;6;0;5;0;4
1;0;0;0;3;5;3;4;4;4;5;4;6;4;6;5;5;5;5;6;4;6;4;7;3;7;3;8;2;8;2;7;1;7;1;6;0;6;0;5;0;4;0;3
1;1;0;0;3;4;4;4;5;4;6;4;6;5;5;5;5;6;4;6;4;7;3;7;3;8;2;8;2;7;1;7;1;6;0;6;0;5;0;4;0;3;1;3
1;0;0;0;4;4;5;4;6;4;6;5;5;5;5;6;4;6;4;7;3;7;3;8;2;8;2;7;1;7;1;6;0;6;0;5;0;4;0;3;1;3;1;2
1;1;0;0;5;4;6;4;6;5;5;5;5;6;4;6;4;7;3;7;3;8;2;8;2;7;1;7;1;6;0;6;0;5;0;4;0;3;1;3;1;2;2;2
1;0;0;0;6;4;6;5;5;5;5;6;4;6;4;7;3;7;3;8;2;8;2;7;1;7;1;6;0;6;0;5;0;4;0;3;1;3;1;2;2;2;2;1
1;3;0;0;6;5;5;5;5;6;4;6;4;7;3;7;3;8;2;8;2;7;1;7;1;6;0;6;0;5;0;4;0;3;1;3;1;2;2;2;2;1;1;1
1;0;0;0;5;5;5;6;4;6;4;7;3;7;3;8;2;8;2;7;1;7;1;6;0;6;0;5;0;4;0;3;1;3;1;2;2;2;2;1;1;1;1;0
1;1;0;0;5;6;4;6;4;7;3;7;3;8;2;8;2;7;1;7;1;6;0;6;0;5;0;4;0;3;1;3;1;2;2;2;2;1;1;1;1;0;2;0
1;1;0;0;4;6;4;7;3;7;3;8;2;8;2;7;1;7;1;6;0;6;0;5;0;4;0;3;1;3;1;2;2;2;2;1;1;1;1;0;2;0;3;0
1;1;0;0;4;7;3;7;3;8;2;8;2;7;1;7;1;6;0;6;0;5;0;4;0;3;1;3;1;2;2;2;2;1;1;1;1;0;2;0;3;0;4;0
1;1;0;0;3;7;3;8;2;8;2;7;1;7;1;6;0;6;0;5;0;4;0;3;1;3;1;2;2;2;2;1;1;1;1;0;2;0;3;0;4;0;5;0
1;2;0;0;3;8;2;8;2;7;1;7;1;6;0;6;0;5;0;4;0;3;1;3;1;2;2;2;2;1;1;1;1;0;2;0;3;0;4;0;5;0;5;1
1;3;0;0;2;8;2;7;1;7;1;6;0;6;0;5;0;4;0;3;1;3;1;2;2;2;2;1;1;1;1;0;2;0;3;0;4;0;5;0;5;1;4;1
1;2;0;0;2;7;1;7;1;6;0;6;0;5;0;4;0;3;1;3;1;2;2;2;2;1;1;1;1;0;2;0;3;0;4;0;5;0;5;1;4;1;4;2
1;3;0;0;1;7;1;6;0;6;0;5;0;4;0;3;1;3;1;2;2;2;2;1;1;1;1;0;2;0;3;0;4;0;5;0;5;1;4;1;4;2;3;2
1;2;0;0;1;6;0;6;0;5;0;4;0;3;1;3;1;2;2;2;2;1;1;1;1;0;2;0;3;0;4;0;5;0;5;1;4;1;4;2;3;2;3;3
1;3;0;0;0;6;0;5;0;4;0;3;1;3;1;2;2;2;2;1;1;1;1;0;2;0;3;0;4;0;5;0;5;1;4;1;4;2;3;2;3;3;2;3
1;2;0;0;0;5;0;4;0;3;1;3;1;2;2;2;2;1;1;1;1;0;2;0;3;0;4;0;5;0;5;1;4;1;4;2;3;2;3;3;2;3;2;4
1;3;0;0;0;4;0;3;1;3;1;2;2;2;2;1;1;1;1;0;2;0;3;0;4;0;5;0;5;1;4;1;4;2;3;2;3;3;2;3;2;4;1;4
1;2;0;0;0;3;1;3;1;2;2;2;2;1;1;1;1;0;2;0;3;0;4;0;5;0;5;1;4;1;4;2;3;2;3;3;2;3;2;4;1;4;1;5
1;3;0;0;1;3;1;2;2;2;2;1;1;1;1;0;2;0;3;0;4;0;5;0;5;1;4;1;4;2;3;2;3;3;2;3;2;4;1;4;1;5;0;5
1;0;0;0;1;2;2;2;2;1;1;1;1;0;2;0;3;0;4;0;5;0;5;1;4;1;4;2;3;2;3;3;2;3;2;4;1;4;1;5;0;5;0;4
1;0;0;0;2;2;2;1;1;1;1;0;2;0;3;0;4;0;5;0;5;1;4;1;4;2;3;2;3;3;2;3;2;4;1;4;1;5;0;5;0;4;0;3
1;0;0;0;2;1;1;1;1;0;2;0;3;0;4;0;5;0;5;1;4;1;4;2;3;2;3;3;2;3;2;4;1;4;1;5;0;5;0;4;0;3;0;2
1;0;0;0;1;1;1;0;2;0;3;0;4;0;5;0;5;1;4;1;4;2;3;2;3;3;2;3;2;4;1;4;1;5;0;5;0;4;0;3;0;2;0;1
1;0;4;7;1;0;1;0;2;0;3;0;4;0;5;0;5;1;4;1;4;2;3;2;3;3;2;3;2;4;1;4;1;5;0;5;0;4;0;3;0;2;0;1;0;0
