20
1;1;6;5;8;10;9;10;10;10
1;0;6;5;9;10;10;10;10;9
1;0;6;5;10;10;10;9;10;8
1;0;6;5;10;9;10;8;10;7
1;0;6;5;10;8;10;7;10;6
1;0;6;5;10;7;10;6;10;5
1;3;6;5;10;6;10;5;9;5
1;3;6;5;10;5;9;5;8;5
1;3;6;5;9;5;8;5;7;5
1;3;9;2;8;5;8;5;7;5;6;5
1;0;9;2;8;5;7;5;6;5;6;4
1;1;9;2;7;5;6;5;6;4;7;4
1;1;9;2;6;5;6;4;7;4;8;4
1;1;9;2;6;4;7;4;8;4;9;4
1;0;9;2;7;4;8;4;9;4;9;3
1;0;0;7;8;4;8;4;9;4;9;3;9;2
1;3;0;7;8;4;9;4;9;3;9;2;8;2
1;3;0;7;9;4;9;3;9;2;8;2;7;2
1;2;0;7;9;3;9;2;8;2;7;2;7;3
1;2;0;7;9;2;8;2;7;2;7;3;7;4
1;2;0;7;8;2;7;2;7;3;7;4;7;5
1;2;0;7;7;2;7;3;7;4;7;5;7;6
1;2;0;7;7;3;7;4;7;5;7;6;7;7
1;3;0;7;7;4;7;5;7;6;7;7;6;7
1;3;0;7;7;5;7;6;7;7;6;7;5;7
1;3;0;7;7;6;7;7;6;7;5;7;4;7
1;3;0;7;7;7;6;7;5;7;4;7;3;7
1;3;0;7;6;7;5;7;4;7;3;7;2;7
1;3;0;7;5;7;4;7;3;7;2;7;1;7
1;3;12;5;4;7;4;7;3;7;2;7;1;7;0;7
1;0;12;5;4;7;3;7;2;7;1;7;0;7;0;6
1;0;12;5;3;7;2;7;1;7;0;7;0;6;0;5
1;1;12;5;2;7;1;7;0;7;0;6;0;5;1;5
1;1;12;5;1;7;0;7;0;6;0;5;1;5;2;5
1;1;12;5;0;7;0;6;0;5;1;5;2;5;3;5
1;1;12;5;0;6;0;5;1;5;2;5;3;5;4;5
1;1;12;5;0;5;1;5;2;5;3;5;4;5;5;5
1;1;12;5;1;5;2;5;3;5;4;5;5;5;6;5
1;1;12;5;2;5;3;5;4;5;5;5;6;5;7;5
1;1;12;5;3;5;4;5;5;5;6;5;7;5;8;5
1;1;12;5;4;5;5;5;6;5;7;5;8;5;9;5
1;1;12;5;5;5;6;5;7;5;8;5;9;5;10;5
1;1;12;5;6;5;7;5;8;5;9;5;10;5;11;5
1;1;0;15;7;5;7;5;8;5;9;5;10;5;11;5;12;5
1;2;0;15;7;5;8;5;9;5;10;5;11;5;12;5;12;6
1;3;0;15;8;5;9;5;10;5;11;5;12;5;12;6;11;6
1;3;0;15;9;5;10;5;11;5;12;5;12;6;11;6;10;6
1;3;0;15;10;5;11;5;12;5;12;6;11;6;10;6;9;6
1;3;0;15;11;5;12;5;12;6;11;6;10;6;9;6;8;6
1;3;0;15;12;5;12;6;11;6;10;6;9;6;8;6;7;6
1;2;0;15;12;6;11;6;10;6;9;6;8;6;7;6;7;7
1;2;0;15;11;6;10;6;9;6;8;6;7;6;7;7;7;8
1;3;0;15;10;6;9;6;8;6;7;6;7;7;7;8;6;8
1;3;0;15;9;6;8;6;7;6;7;7;7;8;6;8;5;8
1;3;0;15;8;6;7;6;7;7;7;8;6;8;5;8;4;8
1;3;0;15;7;6;7;7;7;8;6;8;5;8;4;8;3;8
1;3;0;15;7;7;7;8;6;8;5;8;4;8;3;8;2;8
1;3;0;15;7;8;6;8;5;8;4;8;3;8;2;8;1;8
1;3;0;15;6;8;5;8;4;8;3;8;2;8;1;8;0;8
1;2;0;15;5;8;4;8;3;8;2;8;1;8;0;8;0;9
1;2;0;15;4;8;3;8;2;8;1;8;0;8;0;9;0;10
1;2;0;15;3;8;2;8;1;8;0;8;0;9;0;10;0;11
1;2;0;15;2;8;1;8;0;8;0;9;0;10;0;11;0;12
1;2;0;15;1;8;0;8;0;9;0;10;0;11;0;12;0;13
1;2;0;15;0;8;0;9;0;10;0;11;0;12;0;13;0;14
1;2;14;12;0;9;0;9;0;10;0;11;0;12;0;13;0;14;0;15
1;1;14;12;0;9;0;10;0;11;0;12;0;13;0;14;0;15;1;15
1;1;14;12;0;10;0;11;0;12;0;13;0;14;0;15;1;15;2;15
1;1;14;12;0;11;0;12;0;13;0;14;0;15;1;15;2;15;3;15
1;1;14;12;0;12;0;13;0;14;0;15;1;15;2;15;3;15;4;15
1;1;14;12;0;13;0;14;0;15;1;15;2;15;3;15;4;15;5;15
1;1;14;12;0;14;0;15;1;15;2;15;3;15;4;15;5;15;6;15
1;1;14;12;0;15;1;15;2;15;3;15;4;15;5;15;6;15;7;15
1;1;14;12;1;15;2;15;3;15;4;15;5;15;6;15;7;15;8;15
1;1;14;12;2;15;3;15;4;15;5;15;6;15;7;15;8;15;9;15
1;1;14;12;3;15;4;15;5;15;6;15;7;15;8;15;9;15;10;15
1;1;14;12;4;15;5;15;6;15;7;15;8;15;9;15;10;15;11;15
1;1;14;12;5;15;6;15;7;15;8;15;9;15;10;15;11;15;12;15
1;1;14;12;6;15;7;15;8;15;9;15;10;15;11;15;12;15;13;15
1;1;14;12;7;15;8;15;9;15;10;15;11;15;12;15;13;15;14;15
1;0;14;12;8;15;9;15;10;15;11;15;12;15;13;15;14;15;14;14
1;0;14;12;9;15;10;15;11;15;12;15;13;15;14;15;14;14;14;13
1;0;9;10;10;15;10;15;11;15;12;15;13;15;14;15;14;14;14;13;14;12
1;0;9;10;10;15;11;15;12;15;13;15;14;15;14;14;14;13;14;12;14;11
1;0;9;10;11;15;12;15;13;15;14;15;14;14;14;13;14;12;14;11;14;10
1;3;9;10;12;15;13;15;14;15;14;14;14;13;14;12;14;11;14;10;13;10
1;3;9;10;13;15;14;15;14;14;14;13;14;12;14;11;14;10;13;10;12;10
1;3;9;10;14;15;14;14;14;13;14;12;14;11;14;10;13;10;12;10;11;10
1;3;9;10;14;14;14;13;14;12;14;11;14;10;13;10;12;10;11;10;10;10
1;3;11;3;14;13;14;13;14;12;14;11;14;10;13;10;12;10;11;10;10;10;9;10
1;0;11;3;14;13;14;12;14;11;14;10;13;10;12;10;11;10;10;10;9;10;9;9
1;1;11;3;14;12;14;11;14;10;13;10;12;10;11;10;10;10;9;10;9;9;10;9
1;1;11;3;14;11;14;10;13;10;12;10;11;10;10;10;9;10;9;9;10;9;11;9
1;0;11;3;14;10;13;10;12;10;11;10;10;10;9;10;9;9;10;9;11;9;11;8
1;0;11;3;13;10;12;10;11;10;10;10;9;10;9;9;10;9;11;9;11;8;11;7
1;0;11;3;12;10;11;10;10;10;9;10;9;9;10;9;11;9;11;8;11;7;11;6
1;0;11;3;11;10;10;10;9;10;9;9;10;9;11;9;11;8;11;7;11;6;11;5
1;0;11;3;10;10;9;10;9;9;10;9;11;9;11;8;11;7;11;6;11;5;11;4
1;0;8;12;9;10;9;10;9;9;10;9;11;9;11;8;11;7;11;6;11;5;11;4;11;3
1;3;8;12;9;10;9;9;10;9;11;9;11;8;11;7;11;6;11;5;11;4;11;3;10;3
1;3;8;12;9;9;10;9;11;9;11;8;11;7;11;6;11;5;11;4;11;3;10;3;9;3
1;3;8;12;10;9;11;9;11;8;11;7;11;6;11;5;11;4;11;3;10;3;9;3;8;3
1;2;8;12;11;9;11;8;11;7;11;6;11;5;11;4;11;3;10;3;9;3;8;3;8;4
1;2;8;12;11;8;11;7;11;6;11;5;11;4;11;3;10;3;9;3;8;3;8;4;8;5
1;2;8;12;11;7;11;6;11;5;11;4;11;3;10;3;9;3;8;3;8;4;8;5;8;6
1;2;8;12;11;6;11;5;11;4;11;3;10;3;9;3;8;3;8;4;8;5;8;6;8;7
1;2;8;12;11;5;11;4;11;3;10;3;9;3;8;3;8;4;8;5;8;6;8;7;8;8
1;2;8;12;11;4;11;3;10;3;9;3;8;3;8;4;8;5;8;6;8;7;8;8;8;9
1;2;8;12;11;3;10;3;9;3;8;3;8;4;8;5;8;6;8;7;8;8;8;9;8;10
1;2;8;12;10;3;9;3;8;3;8;4;8;5;8;6;8;7;8;8;8;9;8;10;8;11
1;2;7;15;9;3;9;3;8;3;8;4;8;5;8;6;8;7;8;8;8;9;8;10;8;11;8;12
1;3;7;15;9;3;8;3;8;4;8;5;8;6;8;7;8;8;8;9;8;10;8;11;8;12;7;12
1;2;7;15;8;3;8;4;8;5;8;6;8;7;8;8;8;9;8;10;8;11;8;12;7;12;7;13
1;2;7;15;8;4;8;5;8;6;8;7;8;8;8;9;8;10;8;11;8;12;7;12;7;13;7;14
1;2;5;9;8;5;8;5;8;6;8;7;8;8;8;9;8;10;8;11;8;12;7;12;7;13;7;14;7;15
1;3;5;9;8;5;8;6;8;7;8;8;8;9;8;10;8;11;8;12;7;12;7;13;7;14;7;15;6;15
1;0;5;9;8;6;8;7;8;8;8;9;8;10;8;11;8;12;7;12;7;13;7;14;7;15;6;15;6;14
1;0;5;9;8;7;8;8;8;9;8;10;8;11;8;12;7;12;7;13;7;14;7;15;6;15;6;14;6;13
1;0;5;9;8;8;8;9;8;10;8;11;8;12;7;12;7;13;7;14;7;15;6;15;6;14;6;13;6;12
1;0;5;9;8;9;8;10;8;11;8;12;7;12;7;13;7;14;7;15;6;15;6;14;6;13;6;12;6;11
1;0;5;9;8;10;8;11;8;12;7;12;7;13;7;14;7;15;6;15;6;14;6;13;6;12;6;11;6;10
1;0;5;9;8;11;8;12;7;12;7;13;7;14;7;15;6;15;6;14;6;13;6;12;6;11;6;10;6;9
1;3;8;9;8;12;8;12;7;12;7;13;7;14;7;15;6;15;6;14;6;13;6;12;6;11;6;10;6;9;5;9
1;0;8;9;8;12;7;12;7;13;7;14;7;15;6;15;6;14;6;13;6;12;6;11;6;10;6;9;5;9;5;8
1;1;8;9;7;12;7;13;7;14;7;15;6;15;6;14;6;13;6;12;6;11;6;10;6;9;5;9;5;8;6;8
1;1;8;9;7;13;7;14;7;15;6;15;6;14;6;13;6;12;6;11;6;10;6;9;5;9;5;8;6;8;7;8
1;1;8;9;7;14;7;15;6;15;6;14;6;13;6;12;6;11;6;10;6;9;5;9;5;8;6;8;7;8;8;8
1;2;11;18;7;15;7;15;6;15;6;14;6;13;6;12;6;11;6;10;6;9;5;9;5;8;6;8;7;8;8;8;8;9
1;2;11;18;7;15;6;15;6;14;6;13;6;12;6;11;6;10;6;9;5;9;5;8;6;8;7;8;8;8;8;9;8;10
1;2;11;18;6;15;6;14;6;13;6;12;6;11;6;10;6;9;5;9;5;8;6;8;7;8;8;8;8;9;8;10;8;11
1;2;11;18;6;14;6;13;6;12;6;11;6;10;6;9;5;9;5;8;6;8;7;8;8;8;8;9;8;10;8;11;8;12
1;2;11;18;6;13;6;12;6;11;6;10;6;9;5;9;5;8;6;8;7;8;8;8;8;9;8;10;8;11;8;12;8;13
1;2;11;18;6;12;6;11;6;10;6;9;5;9;5;8;6;8;7;8;8;8;8;9;8;10;8;11;8;12;8;13;8;14
1;2;11;18;6;11;6;10;6;9;5;9;5;8;6;8;7;8;8;8;8;9;8;10;8;11;8;12;8;13;8;14;8;15
1;2;11;18;6;10;6;9;5;9;5;8;6;8;7;8;8;8;8;9;8;10;8;11;8;12;8;13;8;14;8;15;8;16
1;2;11;18;6;9;5;9;5;8;6;8;7;8;8;8;8;9;8;10;8;11;8;12;8;13;8;14;8;15;8;16;8;17
1;2;11;18;5;9;5;8;6;8;7;8;8;8;8;9;8;10;8;11;8;12;8;13;8;14;8;15;8;16;8;17;8;18
1;1;11;18;5;8;6;8;7;8;8;8;8;9;8;10;8;11;8;12;8;13;8;14;8;15;8;16;8;17;8;18;9;18
1;1;11;18;6;8;7;8;8;8;8;9;8;10;8;11;8;12;8;13;8;14;8;15;8;16;8;17;8;18;9;18;10;18
1;1;15;9;7;8;7;8;8;8;8;9;8;10;8;11;8;12;8;13;8;14;8;15;8;16;8;17;8;18;9;18;10;18;11;18
1;1;15;9;7;8;8;8;8;9;8;10;8;11;8;12;8;13;8;14;8;15;8;16;8;17;8;18;9;18;10;18;11;18;12;18
1;1;15;9;8;8;8;9;8;10;8;11;8;12;8;13;8;14;8;15;8;16;8;17;8;18;9;18;10;18;11;18;12;18;13;18
1;1;15;9;8;9;8;10;8;11;8;12;8;13;8;14;8;15;8;16;8;17;8;18;9;18;10;18;11;18;12;18;13;18;14;18
1;1;15;9;8;10;8;11;8;12;8;13;8;14;8;15;8;16;8;17;8;18;9;18;10;18;11;18;12;18;13;18;14;18;15;18
1;0;15;9;8;11;8;12;8;13;8;14;8;15;8;16;8;17;8;18;9;18;10;18;11;18;12;18;13;18;14;18;15;18;15;17
1;0;15;9;8;12;8;13;8;14;8;15;8;16;8;17;8;18;9;18;10;18;11;18;12;18;13;18;14;18;15;18;15;17;15;16
1;0;15;9;8;13;8;14;8;15;8;16;8;17;8;18;9;18;10;18;11;18;12;18;13;18;14;18;15;18;15;17;15;16;15;15
1;0;15;9;8;14;8;15;8;16;8;17;8;18;9;18;10;18;11;18;12;18;13;18;14;18;15;18;15;17;15;16;15;15;15;14
1;0;15;9;8;15;8;16;8;17;8;18;9;18;10;18;11;18;12;18;13;18;14;18;15;18;15;17;15;16;15;15;15;14;15;13
1;0;15;9;8;16;8;17;8;18;9;18;10;18;11;18;12;18;13;18;14;18;15;18;15;17;15;16;15;15;15;14;15;13;15;12
1;0;15;9;8;17;8;18;9;18;10;18;11;18;12;18;13;18;14;18;15;18;15;17;15;16;15;15;15;14;15;13;15;12;15;11
1;0;15;9;8;18;9;18;10;18;11;18;12;18;13;18;14;18;15;18;15;17;15;16;15;15;15;14;15;13;15;12;15;11;15;10
1;0;15;5;9;18;9;18;10;18;11;18;12;18;13;18;14;18;15;18;15;17;15;16;15;15;15;14;15;13;15;12;15;11;15;10;15;9
1;0;15;5;9;18;10;18;11;18;12;18;13;18;14;18;15;18;15;17;15;16;15;15;15;14;15;13;15;12;15;11;15;10;15;9;15;8
1;0;15;5;10;18;11;18;12;18;13;18;14;18;15;18;15;17;15;16;15;15;15;14;15;13;15;12;15;11;15;10;15;9;15;8;15;7
1;0;15;5;11;18;12;18;13;18;14;18;15;18;15;17;15;16;15;15;15;14;15;13;15;12;15;11;15;10;15;9;15;8;15;7;15;6
1;0;7;1;12;18;12;18;13;18;14;18;15;18;15;17;15;16;15;15;15;14;15;13;15;12;15;11;15;10;15;9;15;8;15;7;15;6;15;5
1;0;7;1;12;18;13;18;14;18;15;18;15;17;15;16;15;15;15;14;15;13;15;12;15;11;15;10;15;9;15;8;15;7;15;6;15;5;15;4
1;0;7;1;13;18;14;18;15;18;15;17;15;16;15;15;15;14;15;13;15;12;15;11;15;10;15;9;15;8;15;7;15;6;15;5;15;4;15;3
1;0;7;1;14;18;15;18;15;17;15;16;15;15;15;14;15;13;15;12;15;11;15;10;15;9;15;8;15;7;15;6;15;5;15;4;15;3;15;2
1;0;7;1;15;18;15;17;15;16;15;15;15;14;15;13;15;12;15;11;15;10;15;9;15;8;15;7;15;6;15;5;15;4;15;3;15;2;15;1
1;3;7;1;15;17;15;16;15;15;15;14;15;13;15;12;15;11;15;10;15;9;15;8;15;7;15;6;15;5;15;4;15;3;15;2;15;1;14;1
1;3;7;1;15;16;15;15;15;14;15;13;15;12;15;11;15;10;15;9;15;8;15;7;15;6;15;5;15;4;15;3;15;2;15;1;14;1;13;1
1;3;7;1;15;15;15;14;15;13;15;12;15;11;15;10;15;9;15;8;15;7;15;6;15;5;15;4;15;3;15;2;15;1;14;1;13;1;12;1
1;3;7;1;15;14;15;13;15;12;15;11;15;10;15;9;15;8;15;7;15;6;15;5;15;4;15;3;15;2;15;1;14;1;13;1;12;1;11;1
1;3;7;1;15;13;15;12;15;11;15;10;15;9;15;8;15;7;15;6;15;5;15;4;15;3;15;2;15;1;14;1;13;1;12;1;11;1;10;1
1;3;7;1;15;12;15;11;15;10;15;9;15;8;15;7;15;6;15;5;15;4;15;3;15;2;15;1;14;1;13;1;12;1;11;1;10;1;9;1
1;3;7;1;15;11;15;10;15;9;15;8;15;7;15;6;15;5;15;4;15;3;15;2;15;1;14;1;13;1;12;1;11;1;10;1;9;1;8;1
1;3;14;17;15;10;15;10;15;9;15;8;15;7;15;6;15;5;15;4;15;3;15;2;15;1;14;1;13;1;12;1;11;1;10;1;9;1;8;1;7;1
1;2;14;17;15;10;15;9;15;8;15;7;15;6;15;5;15;4;15;3;15;2;15;1;14;1;13;1;12;1;11;1;10;1;9;1;8;1;7;1;7;2
1;2;14;17;15;9;15;8;15;7;15;6;15;5;15;4;15;3;15;2;15;1;14;1;13;1;12;1;11;1;10;1;9;1;8;1;7;1;7;2;7;3
1;2;14;17;15;8;15;7;15;6;15;5;15;4;15;3;15;2;15;1;14;1;13;1;12;1;11;1;10;1;9;1;8;1;7;1;7;2;7;3;7;4
1;2;14;17;15;7;15;6;15;5;15;4;15;3;15;2;15;1;14;1;13;1;12;1;11;1;10;1;9;1;8;1;7;1;7;2;7;3;7;4;7;5
1;2;14;17;15;6;15;5;15;4;15;3;15;2;15;1;14;1;13;1;12;1;11;1;10;1;9;1;8;1;7;1;7;2;7;3;7;4;7;5;7;6
1;2;14;17;15;5;15;4;15;3;15;2;15;1;14;1;13;1;12;1;11;1;10;1;9;1;8;1;7;1;7;2;7;3;7;4;7;5;7;6;7;7
1;2;14;17;15;4;15;3;15;2;15;1;14;1;13;1;12;1;11;1;10;1;9;1;8;1;7;1;7;2;7;3;7;4;7;5;7;6;7;7;7;8
1;2;14;17;15;3;15;2;15;1;14;1;13;1;12;1;11;1;10;1;9;1;8;1;7;1;7;2;7;3;7;4;7;5;7;6;7;7;7;8;7;9
1;2;14;17;15;2;15;1;14;1;13;1;12;1;11;1;10;1;9;1;8;1;7;1;7;2;7;3;7;4;7;5;7;6;7;7;7;8;7;9;7;10
1;2;14;17;15;1;14;1;13;1;12;1;11;1;10;1;9;1;8;1;7;1;7;2;7;3;7;4;7;5;7;6;7;7;7;8;7;9;7;10;7;11
1;2;14;17;14;1;13;1;12;1;11;1;10;1;9;1;8;1;7;1;7;2;7;3;7;4;7;5;7;6;7;7;7;8;7;9;7;10;7;11;7;12
1;2;14;17;13;1;12;1;11;1;10;1;9;1;8;1;7;1;7;2;7;3;7;4;7;5;7;6;7;7;7;8;7;9;7;10;7;11;7;12;7;13
1;2;14;17;12;1;11;1;10;1;9;1;8;1;7;1;7;2;7;3;7;4;7;5;7;6;7;7;7;8;7;9;7;10;7;11;7;12;7;13;7;14
1;2;14;17;11;1;10;1;9;1;8;1;7;1;7;2;7;3;7;4;7;5;7;6;7;7;7;8;7;9;7;10;7;11;7;12;7;13;7;14;7;15
1;2;14;17;10;1;9;1;8;1;7;1;7;2;7;3;7;4;7;5;7;6;7;7;7;8;7;9;7;10;7;11;7;12;7;13;7;14;7;15;7;16
1;2;14;17;9;1;8;1;7;1;7;2;7;3;7;4;7;5;7;6;7;7;7;8;7;9;7;10;7;11;7;12;7;13;7;14;7;15;7;16;7;17
1;1;14;17;8;1;7;1;7;2;7;3;7;4;7;5;7;6;7;7;7;8;7;9;7;10;7;11;7;12;7;13;7;14;7;15;7;16;7;17;8;17
1;1;14;17;7;1;7;2;7;3;7;4;7;5;7;6;7;7;7;8;7;9;7;10;7;11;7;12;7;13;7;14;7;15;7;16;7;17;8;17;9;17
1;1;14;17;7;2;7;3;7;4;7;5;7;6;7;7;7;8;7;9;7;10;7;11;7;12;7;13;7;14;7;15;7;16;7;17;8;17;9;17;10;17
1;1;14;17;7;3;7;4;7;5;7;6;7;7;7;8;7;9;7;10;7;11;7;12;7;13;7;14;7;15;7;16;7;17;8;17;9;17;10;17;11;17
1;1;14;17;7;4;7;5;7;6;7;7;7;8;7;9;7;10;7;11;7;12;7;13;7;14;7;15;7;16;7;17;8;17;9;17;10;17;11;17;12;17
1;1;14;17;7;5;7;6;7;7;7;8;7;9;7;10;7;11;7;12;7;13;7;14;7;15;7;16;7;17;8;17;9;17;10;17;11;17;12;17;13;17
1;1;16;18;7;6;7;6;7;7;7;8;7;9;7;10;7;11;7;12;7;13;7;14;7;15;7;16;7;17;8;17;9;17;10;17;11;17;12;17;13;17;14;17
1;2;16;18;7;6;7;7;7;8;7;9;7;10;7;11;7;12;7;13;7;14;7;15;7;16;7;17;8;17;9;17;10;17;11;17;12;17;13;17;14;17;14;18
1;1;16;18;7;7;7;8;7;9;7;10;7;11;7;12;7;13;7;14;7;15;7;16;7;17;8;17;9;17;10;17;11;17;12;17;13;17;14;17;14;18;15;18
1;1;6;18;7;8;7;8;7;9;7;10;7;11;7;12;7;13;7;14;7;15;7;16;7;17;8;17;9;17;10;17;11;17;12;17;13;17;14;17;14;18;15;18;16;18
1;2;6;18;7;8;7;9;7;10;7;11;7;12;7;13;7;14;7;15;7;16;7;17;8;17;9;17;10;17;11;17;12;17;13;17;14;17;14;18;15;18;16;18;16;19
1;3;6;18;7;9;7;10;7;11;7;12;7;13;7;14;7;15;7;16;7;17;8;17;9;17;10;17;11;17;12;17;13;17;14;17;14;18;15;18;16;18;16;19;15;19
1;3;6;18;7;10;7;11;7;12;7;13;7;14;7;15;7;16;7;17;8;17;9;17;10;17;11;17;12;17;13;17;14;17;14;18;15;18;16;18;16;19;15;19;14;19
1;3;6;18;7;11;7;12;7;13;7;14;7;15;7;16;7;17;8;17;9;17;10;17;11;17;12;17;13;17;14;17;14;18;15;18;16;18;16;19;15;19;14;19;13;19
1;3;6;18;7;12;7;13;7;14;7;15;7;16;7;17;8;17;9;17;10;17;11;17;12;17;13;17;14;17;14;18;15;18;16;18;16;19;15;19;14;19;13;19;12;19
1;3;6;18;7;13;7;14;7;15;7;16;7;17;8;17;9;17;10;17;11;17;12;17;13;17;14;17;14;18;15;18;16;18;16;19;15;19;14;19;13;19;12;19;11;19
1;0;6;18;7;14;7;15;7;16;7;17;8;17;9;17;10;17;11;17;12;17;13;17;14;17;14;18;15;18;16;18;16;19;15;19;14;19;13;19;12;19;11;19;11;18
1;3;6;18;7;15;7;16;7;17;8;17;9;17;10;17;11;17;12;17;13;17;14;17;14;18;15;18;16;18;16;19;15;19;14;19;13;19;12;19;11;19;11;18;10;18
1;3;6;18;7;16;7;17;8;17;9;17;10;17;11;17;12;17;13;17;14;17;14;18;15;18;16;18;16;19;15;19;14;19;13;19;12;19;11;19;11;18;10;18;9;18
1;3;6;18;7;17;8;17;9;17;10;17;11;17;12;17;13;17;14;17;14;18;15;18;16;18;16;19;15;19;14;19;13;19;12;19;11;19;11;18;10;18;9;18;8;18
1;3;6;18;8;17;9;17;10;17;11;17;12;17;13;17;14;17;14;18;15;18;16;18;16;19;15;19;14;19;13;19;12;19;11;19;11;18;10;18;9;18;8;18;7;18
1;3;3;6;9;17;9;17;10;17;11;17;12;17;13;17;14;17;14;18;15;18;16;18;16;19;15;19;14;19;13;19;12;19;11;19;11;18;10;18;9;18;8;18;7;18;6;18
1;0;3;6;9;17;10;17;11;17;12;17;13;17;14;17;14;18;15;18;16;18;16;19;15;19;14;19;13;19;12;19;11;19;11;18;10;18;9;18;8;18;7;18;6;18;6;17
1;0;3;6;10;17;11;17;12;17;13;17;14;17;14;18;15;18;16;18;16;19;15;19;14;19;13;19;12;19;11;19;11;18;10;18;9;18;8;18;7;18;6;18;6;17;6;16
1;0;3;6;11;17;12;17;13;17;14;17;14;18;15;18;16;18;16;19;15;19;14;19;13;19;12;19;11;19;11;18;10;18;9;18;8;18;7;18;6;18;6;17;6;16;6;15
1;0;3;6;12;17;13;17;14;17;14;18;15;18;16;18;16;19;15;19;14;19;13;19;12;19;11;19;11;18;10;18;9;18;8;18;7;18;6;18;6;17;6;16;6;15;6;14
1;0;3;6;13;17;14;17;14;18;15;18;16;18;16;19;15;19;14;19;13;19;12;19;11;19;11;18;10;18;9;18;8;18;7;18;6;18;6;17;6;16;6;15;6;14;6;13
1;0;3;6;14;17;14;18;15;18;16;18;16;19;15;19;14;19;13;19;12;19;11;19;11;18;10;18;9;18;8;18;7;18;6;18;6;17;6;16;6;15;6;14;6;13;6;12
1;0;3;6;14;18;15;18;16;18;16;19;15;19;14;19;13;19;12;19;11;19;11;18;10;18;9;18;8;18;7;18;6;18;6;17;6;16;6;15;6;14;6;13;6;12;6;11
1;0;3;6;15;18;16;18;16;19;15;19;14;19;13;19;12;19;11;19;11;18;10;18;9;18;8;18;7;18;6;18;6;17;6;16;6;15;6;14;6;13;6;12;6;11;6;10
1;0;3;6;16;18;16;19;15;19;14;19;13;19;12;19;11;19;11;18;10;18;9;18;8;18;7;18;6;18;6;17;6;16;6;15;6;14;6;13;6;12;6;11;6;10;6;9
1;0;3;6;16;19;15;19;14;19;13;19;12;19;11;19;11;18;10;18;9;18;8;18;7;18;6;18;6;17;6;16;6;15;6;14;6;13;6;12;6;11;6;10;6;9;6;8
1;0;3;6;15;19;14;19;13;19;12;19;11;19;11;18;10;18;9;18;8;18;7;18;6;18;6;17;6;16;6;15;6;14;6;13;6;12;6;11;6;10;6;9;6;8;6;7
1;0;3;6;14;19;13;19;12;19;11;19;11;18;10;18;9;18;8;18;7;18;6;18;6;17;6;16;6;15;6;14;6;13;6;12;6;11;6;10;6;9;6;8;6;7;6;6
1;3;3;6;13;19;12;19;11;19;11;18;10;18;9;18;8;18;7;18;6;18;6;17;6;16;6;15;6;14;6;13;6;12;6;11;6;10;6;9;6;8;6;7;6;6;5;6
1;3;3;6;12;19;11;19;11;18;10;18;9;18;8;18;7;18;6;18;6;17;6;16;6;15;6;14;6;13;6;12;6;11;6;10;6;9;6;8;6;7;6;6;5;6;4;6
1;3;7;8;11;19;11;19;11;18;10;18;9;18;8;18;7;18;6;18;6;17;6;16;6;15;6;14;6;13;6;12;6;11;6;10;6;9;6;8;6;7;6;6;5;6;4;6;3;6
1;2;7;8;11;19;11;18;10;18;9;18;8;18;7;18;6;18;6;17;6;16;6;15;6;14;6;13;6;12;6;11;6;10;6;9;6;8;6;7;6;6;5;6;4;6;3;6;3;7
1;2;7;8;11;18;10;18;9;18;8;18;7;18;6;18;6;17;6;16;6;15;6;14;6;13;6;12;6;11;6;10;6;9;6;8;6;7;6;6;5;6;4;6;3;6;3;7;3;8
1;2;7;8;10;18;9;18;8;18;7;18;6;18;6;17;6;16;6;15;6;14;6;13;6;12;6;11;6;10;6;9;6;8;6;7;6;6;5;6;4;6;3;6;3;7;3;8;3;9
1;2;7;8;9;18;8;18;7;18;6;18;6;17;6;16;6;15;6;14;6;13;6;12;6;11;6;10;6;9;6;8;6;7;6;6;5;6;4;6;3;6;3;7;3;8;3;9;3;10
1;2;7;8;8;18;7;18;6;18;6;17;6;16;6;15;6;14;6;13;6;12;6;11;6;10;6;9;6;8;6;7;6;6;5;6;4;6;3;6;3;7;3;8;3;9;3;10;3;11
1;1;7;8;7;18;6;18;6;17;6;16;6;15;6;14;6;13;6;12;6;11;6;10;6;9;6;8;6;7;6;6;5;6;4;6;3;6;3;7;3;8;3;9;3;10;3;11;4;11
1;0;7;8;6;18;6;17;6;16;6;15;6;14;6;13;6;12;6;11;6;10;6;9;6;8;6;7;6;6;5;6;4;6;3;6;3;7;3;8;3;9;3;10;3;11;4;11;4;10
1;0;7;8;6;17;6;16;6;15;6;14;6;13;6;12;6;11;6;10;6;9;6;8;6;7;6;6;5;6;4;6;3;6;3;7;3;8;3;9;3;10;3;11;4;11;4;10;4;9
1;0;7;8;6;16;6;15;6;14;6;13;6;12;6;11;6;10;6;9;6;8;6;7;6;6;5;6;4;6;3;6;3;7;3;8;3;9;3;10;3;11;4;11;4;10;4;9;4;8
1;0;7;8;6;15;6;14;6;13;6;12;6;11;6;10;6;9;6;8;6;7;6;6;5;6;4;6;3;6;3;7;3;8;3;9;3;10;3;11;4;11;4;10;4;9;4;8;4;7
1;1;7;8;6;14;6;13;6;12;6;11;6;10;6;9;6;8;6;7;6;6;5;6;4;6;3;6;3;7;3;8;3;9;3;10;3;11;4;11;4;10;4;9;4;8;4;7;5;7
1;2;7;8;6;13;6;12;6;11;6;10;6;9;6;8;6;7;6;6;5;6;4;6;3;6;3;7;3;8;3;9;3;10;3;11;4;11;4;10;4;9;4;8;4;7;5;7;5;8
1;2;7;8;6;12;6;11;6;10;6;9;6;8;6;7;6;6;5;6;4;6;3;6;3;7;3;8;3;9;3;10;3;11;4;11;4;10;4;9;4;8;4;7;5;7;5;8;5;9
1;2;7;8;6;11;6;10;6;9;6;8;6;7;6;6;5;6;4;6;3;6;3;7;3;8;3;9;3;10;3;11;4;11;4;10;4;9;4;8;4;7;5;7;5;8;5;9;5;10
1;2;7;8;6;10;6;9;6;8;6;7;6;6;5;6;4;6;3;6;3;7;3;8;3;9;3;10;3;11;4;11;4;10;4;9;4;8;4;7;5;7;5;8;5;9;5;10;5;11
1;1;7;8;6;9;6;8;6;7;6;6;5;6;4;6;3;6;3;7;3;8;3;9;3;10;3;11;4;11;4;10;4;9;4;8;4;7;5;7;5;8;5;9;5;10;5;11;6;11
1;1;7;8;6;8;6;7;6;6;5;6;4;6;3;6;3;7;3;8;3;9;3;10;3;11;4;11;4;10;4;9;4;8;4;7;5;7;5;8;5;9;5;10;5;11;6;11;7;11
1;0;7;8;6;7;6;6;5;6;4;6;3;6;3;7;3;8;3;9;3;10;3;11;4;11;4;10;4;9;4;8;4;7;5;7;5;8;5;9;5;10;5;11;6;11;7;11;7;10
1;0;7;8;6;6;5;6;4;6;3;6;3;7;3;8;3;9;3;10;3;11;4;11;4;10;4;9;4;8;4;7;5;7;5;8;5;9;5;10;5;11;6;11;7;11;7;10;7;9
1;0;13;4;5;6;5;6;4;6;3;6;3;7;3;8;3;9;3;10;3;11;4;11;4;10;4;9;4;8;4;7;5;7;5;8;5;9;5;10;5;11;6;11;7;11;7;10;7;9;7;8
1;1;13;4;5;6;4;6;3;6;3;7;3;8;3;9;3;10;3;11;4;11;4;10;4;9;4;8;4;7;5;7;5;8;5;9;5;10;5;11;6;11;7;11;7;10;7;9;7;8;8;8
1;1;13;4;4;6;3;6;3;7;3;8;3;9;3;10;3;11;4;11;4;10;4;9;4;8;4;7;5;7;5;8;5;9;5;10;5;11;6;11;7;11;7;10;7;9;7;8;8;8;9;8
1;1;13;4;3;6;3;7;3;8;3;9;3;10;3;11;4;11;4;10;4;9;4;8;4;7;5;7;5;8;5;9;5;10;5;11;6;11;7;11;7;10;7;9;7;8;8;8;9;8;10;8
1;1;13;4;3;7;3;8;3;9;3;10;3;11;4;11;4;10;4;9;4;8;4;7;5;7;5;8;5;9;5;10;5;11;6;11;7;11;7;10;7;9;7;8;8;8;9;8;10;8;11;8
1;1;13;4;3;8;3;9;3;10;3;11;4;11;4;10;4;9;4;8;4;7;5;7;5;8;5;9;5;10;5;11;6;11;7;11;7;10;7;9;7;8;8;8;9;8;10;8;11;8;12;8
1;1;13;4;3;9;3;10;3;11;4;11;4;10;4;9;4;8;4;7;5;7;5;8;5;9;5;10;5;11;6;11;7;11;7;10;7;9;7;8;8;8;9;8;10;8;11;8;12;8;13;8
1;0;13;4;3;10;3;11;4;11;4;10;4;9;4;8;4;7;5;7;5;8;5;9;5;10;5;11;6;11;7;11;7;10;7;9;7;8;8;8;9;8;10;8;11;8;12;8;13;8;13;7
1;0;13;4;3;11;4;11;4;10;4;9;4;8;4;7;5;7;5;8;5;9;5;10;5;11;6;11;7;11;7;10;7;9;7;8;8;8;9;8;10;8;11;8;12;8;13;8;13;7;13;6
1;0;13;4;4;11;4;10;4;9;4;8;4;7;5;7;5;8;5;9;5;10;5;11;6;11;7;11;7;10;7;9;7;8;8;8;9;8;10;8;11;8;12;8;13;8;13;7;13;6;13;5
1;0;19;15;4;10;4;10;4;9;4;8;4;7;5;7;5;8;5;9;5;10;5;11;6;11;7;11;7;10;7;9;7;8;8;8;9;8;10;8;11;8;12;8;13;8;13;7;13;6;13;5;13;4
1;1;19;15;4;10;4;9;4;8;4;7;5;7;5;8;5;9;5;10;5;11;6;11;7;11;7;10;7;9;7;8;8;8;9;8;10;8;11;8;12;8;13;8;13;7;13;6;13;5;13;4;14;4
1;2;19;15;4;9;4;8;4;7;5;7;5;8;5;9;5;10;5;11;6;11;7;11;7;10;7;9;7;8;8;8;9;8;10;8;11;8;12;8;13;8;13;7;13;6;13;5;13;4;14;4;14;5
1;2;19;15;4;8;4;7;5;7;5;8;5;9;5;10;5;11;6;11;7;11;7;10;7;9;7;8;8;8;9;8;10;8;11;8;12;8;13;8;13;7;13;6;13;5;13;4;14;4;14;5;14;6
1;2;19;15;4;7;5;7;5;8;5;9;5;10;5;11;6;11;7;11;7;10;7;9;7;8;8;8;9;8;10;8;11;8;12;8;13;8;13;7;13;6;13;5;13;4;14;4;14;5;14;6;14;7
1;2;19;15;5;7;5;8;5;9;5;10;5;11;6;11;7;11;7;10;7;9;7;8;8;8;9;8;10;8;11;8;12;8;13;8;13;7;13;6;13;5;13;4;14;4;14;5;14;6;14;7;14;8
1;2;19;15;5;8;5;9;5;10;5;11;6;11;7;11;7;10;7;9;7;8;8;8;9;8;10;8;11;8;12;8;13;8;13;7;13;6;13;5;13;4;14;4;14;5;14;6;14;7;14;8;14;9
1;2;19;15;5;9;5;10;5;11;6;11;7;11;7;10;7;9;7;8;8;8;9;8;10;8;11;8;12;8;13;8;13;7;13;6;13;5;13;4;14;4;14;5;14;6;14;7;14;8;14;9;14;10
1;2;19;15;5;10;5;11;6;11;7;11;7;10;7;9;7;8;8;8;9;8;10;8;11;8;12;8;13;8;13;7;13;6;13;5;13;4;14;4;14;5;14;6;14;7;14;8;14;9;14;10;14;11
1;2;19;15;5;11;6;11;7;11;7;10;7;9;7;8;8;8;9;8;10;8;11;8;12;8;13;8;13;7;13;6;13;5;13;4;14;4;14;5;14;6;14;7;14;8;14;9;14;10;14;11;14;12
1;2;19;15;6;11;7;11;7;10;7;9;7;8;8;8;9;8;10;8;11;8;12;8;13;8;13;7;13;6;13;5;13;4;14;4;14;5;14;6;14;7;14;8;14;9;14;10;14;11;14;12;14;13
1;2;19;15;7;11;7;10;7;9;7;8;8;8;9;8;10;8;11;8;12;8;13;8;13;7;13;6;13;5;13;4;14;4;14;5;14;6;14;7;14;8;14;9;14;10;14;11;14;12;14;13;14;14
1;2;19;15;7;10;7;9;7;8;8;8;9;8;10;8;11;8;12;8;13;8;13;7;13;6;13;5;13;4;14;4;14;5;14;6;14;7;14;8;14;9;14;10;14;11;14;12;14;13;14;14;14;15
1;1;19;15;7;9;7;8;8;8;9;8;10;8;11;8;12;8;13;8;13;7;13;6;13;5;13;4;14;4;14;5;14;6;14;7;14;8;14;9;14;10;14;11;14;12;14;13;14;14;14;15;15;15
1;1;19;15;7;8;8;8;9;8;10;8;11;8;12;8;13;8;13;7;13;6;13;5;13;4;14;4;14;5;14;6;14;7;14;8;14;9;14;10;14;11;14;12;14;13;14;14;14;15;15;15;16;15
1;1;19;15;8;8;9;8;10;8;11;8;12;8;13;8;13;7;13;6;13;5;13;4;14;4;14;5;14;6;14;7;14;8;14;9;14;10;14;11;14;12;14;13;14;14;14;15;15;15;16;15;17;15
1;1;19;15;9;8;10;8;11;8;12;8;13;8;13;7;13;6;13;5;13;4;14;4;14;5;14;6;14;7;14;8;14;9;14;10;14;11;14;12;14;13;14;14;14;15;15;15;16;15;17;15;18;15
1;1;12;12;10;8;10;8;11;8;12;8;13;8;13;7;13;6;13;5;13;4;14;4;14;5;14;6;14;7;14;8;14;9;14;10;14;11;14;12;14;13;14;14;14;15;15;15;16;15;17;15;18;15;19;15
1;0;12;12;10;8;11;8;12;8;13;8;13;7;13;6;13;5;13;4;14;4;14;5;14;6;14;7;14;8;14;9;14;10;14;11;14;12;14;13;14;14;14;15;15;15;16;15;17;15;18;15;19;15;19;14
1;0;12;12;11;8;12;8;13;8;13;7;13;6;13;5;13;4;14;4;14;5;14;6;14;7;14;8;14;9;14;10;14;11;14;12;14;13;14;14;14;15;15;15;16;15;17;15;18;15;19;15;19;14;19;13
1;0;12;12;12;8;13;8;13;7;13;6;13;5;13;4;14;4;14;5;14;6;14;7;14;8;14;9;14;10;14;11;14;12;14;13;14;14;14;15;15;15;16;15;17;15;18;15;19;15;19;14;19;13;19;12
1;0;12;12;13;8;13;7;13;6;13;5;13;4;14;4;14;5;14;6;14;7;14;8;14;9;14;10;14;11;14;12;14;13;14;14;14;15;15;15;16;15;17;15;18;15;19;15;19;14;19;13;19;12;19;11
1;0;12;12;13;7;13;6;13;5;13;4;14;4;14;5;14;6;14;7;14;8;14;9;14;10;14;11;14;12;14;13;14;14;14;15;15;15;16;15;17;15;18;15;19;15;19;14;19;13;19;12;19;11;19;10
1;3;12;12;13;6;13;5;13;4;14;4;14;5;14;6;14;7;14;8;14;9;14;10;14;11;14;12;14;13;14;14;14;15;15;15;16;15;17;15;18;15;19;15;19;14;19;13;19;12;19;11;19;10;18;10
1;3;12;12;13;5;13;4;14;4;14;5;14;6;14;7;14;8;14;9;14;10;14;11;14;12;14;13;14;14;14;15;15;15;16;15;17;15;18;15;19;15;19;14;19;13;19;12;19;11;19;10;18;10;17;10
1;3;12;12;13;4;14;4;14;5;14;6;14;7;14;8;14;9;14;10;14;11;14;12;14;13;14;14;14;15;15;15;16;15;17;15;18;15;19;15;19;14;19;13;19;12;19;11;19;10;18;10;17;10;16;10
1;2;12;12;14;4;14;5;14;6;14;7;14;8;14;9;14;10;14;11;14;12;14;13;14;14;14;15;15;15;16;15;17;15;18;15;19;15;19;14;19;13;19;12;19;11;19;10;18;10;17;10;16;10;16;11
1;2;12;12;14;5;14;6;14;7;14;8;14;9;14;10;14;11;14;12;14;13;14;14;14;15;15;15;16;15;17;15;18;15;19;15;19;14;19;13;19;12;19;11;19;10;18;10;17;10;16;10;16;11;16;12
1;2;12;12;14;6;14;7;14;8;14;9;14;10;14;11;14;12;14;13;14;14;14;15;15;15;16;15;17;15;18;15;19;15;19;14;19;13;19;12;19;11;19;10;18;10;17;10;16;10;16;11;16;12;16;13
1;3;12;12;14;7;14;8;14;9;14;10;14;11;14;12;14;13;14;14;14;15;15;15;16;15;17;15;18;15;19;15;19;14;19;13;19;12;19;11;19;10;18;10;17;10;16;10;16;11;16;12;16;13;15;13
1;0;12;12;14;8;14;9;14;10;14;11;14;12;14;13;14;14;14;15;15;15;16;15;17;15;18;15;19;15;19;14;19;13;19;12;19;11;19;10;18;10;17;10;16;10;16;11;16;12;16;13;15;13;15;12
1;0;12;12;14;9;14;10;14;11;14;12;14;13;14;14;14;15;15;15;16;15;17;15;18;15;19;15;19;14;19;13;19;12;19;11;19;10;18;10;17;10;16;10;16;11;16;12;16;13;15;13;15;12;15;11
1;0;12;12;14;10;14;11;14;12;14;13;14;14;14;15;15;15;16;15;17;15;18;15;19;15;19;14;19;13;19;12;19;11;19;10;18;10;17;10;16;10;16;11;16;12;16;13;15;13;15;12;15;11;15;10
1;3;12;12;14;11;14;12;14;13;14;14;14;15;15;15;16;15;17;15;18;15;19;15;19;14;19;13;19;12;19;11;19;10;18;10;17;10;16;10;16;11;16;12;16;13;15;13;15;12;15;11;15;10;14;10
1;3;12;12;14;12;14;13;14;14;14;15;15;15;16;15;17;15;18;15;19;15;19;14;19;13;19;12;19;11;19;10;18;10;17;10;16;10;16;11;16;12;16;13;15;13;15;12;15;11;15;10;14;10;13;10
1;3;12;12;14;13;14;14;14;15;15;15;16;15;17;15;18;15;19;15;19;14;19;13;19;12;19;11;19;10;18;10;17;10;16;10;16;11;16;12;16;13;15;13;15;12;15;11;15;10;14;10;13;10;12;10
1;2;12;12;14;14;14;15;15;15;16;15;17;15;18;15;19;15;19;14;19;13;19;12;19;11;19;10;18;10;17;10;16;10;16;11;16;12;16;13;15;13;15;12;15;11;15;10;14;10;13;10;12;10;12;11
1;2;7;5;14;15;14;15;15;15;16;15;17;15;18;15;19;15;19;14;19;13;19;12;19;11;19;10;18;10;17;10;16;10;16;11;16;12;16;13;15;13;15;12;15;11;15;10;14;10;13;10;12;10;12;11;12;12
1;3;7;5;14;15;15;15;16;15;17;15;18;15;19;15;19;14;19;13;19;12;19;11;19;10;18;10;17;10;16;10;16;11;16;12;16;13;15;13;15;12;15;11;15;10;14;10;13;10;12;10;12;11;12;12;11;12
1;0;7;5;15;15;16;15;17;15;18;15;19;15;19;14;19;13;19;12;19;11;19;10;18;10;17;10;16;10;16;11;16;12;16;13;15;13;15;12;15;11;15;10;14;10;13;10;12;10;12;11;12;12;11;12;11;11
1;0;7;5;16;15;17;15;18;15;19;15;19;14;19;13;19;12;19;11;19;10;18;10;17;10;16;10;16;11;16;12;16;13;15;13;15;12;15;11;15;10;14;10;13;10;12;10;12;11;12;12;11;12;11;11;11;10
1;0;7;5;17;15;18;15;19;15;19;14;19;13;19;12;19;11;19;10;18;10;17;10;16;10;16;11;16;12;16;13;15;13;15;12;15;11;15;10;14;10;13;10;12;10;12;11;12;12;11;12;11;11;11;10;11;9
1;0;7;5;18;15;19;15;19;14;19;13;19;12;19;11;19;10;18;10;17;10;16;10;16;11;16;12;16;13;15;13;15;12;15;11;15;10;14;10;13;10;12;10;12;11;12;12;11;12;11;11;11;10;11;9;11;8
1;0;7;5;19;15;19;14;19;13;19;12;19;11;19;10;18;10;17;10;16;10;16;11;16;12;16;13;15;13;15;12;15;11;15;10;14;10;13;10;12;10;12;11;12;12;11;12;11;11;11;10;11;9;11;8;11;7
1;0;7;5;19;14;19;13;19;12;19;11;19;10;18;10;17;10;16;10;16;11;16;12;16;13;15;13;15;12;15;11;15;10;14;10;13;10;12;10;12;11;12;12;11;12;11;11;11;10;11;9;11;8;11;7;11;6
1;0;7;5;19;13;19;12;19;11;19;10;18;10;17;10;16;10;16;11;16;12;16;13;15;13;15;12;15;11;15;10;14;10;13;10;12;10;12;11;12;12;11;12;11;11;11;10;11;9;11;8;11;7;11;6;11;5
1;3;7;5;19;12;19;11;19;10;18;10;17;10;16;10;16;11;16;12;16;13;15;13;15;12;15;11;15;10;14;10;13;10;12;10;12;11;12;12;11;12;11;11;11;10;11;9;11;8;11;7;11;6;11;5;10;5
1;3;7;5;19;11;19;10;18;10;17;10;16;10;16;11;16;12;16;13;15;13;15;12;15;11;15;10;14;10;13;10;12;10;12;11;12;12;11;12;11;11;11;10;11;9;11;8;11;7;11;6;11;5;10;5;9;5
1;3;7;5;19;10;18;10;17;10;16;10;16;11;16;12;16;13;15;13;15;12;15;11;15;10;14;10;13;10;12;10;12;11;12;12;11;12;11;11;11;10;11;9;11;8;11;7;11;6;11;5;10;5;9;5;8;5
1;3;10;10;18;10;18;10;17;10;16;10;16;11;16;12;16;13;15;13;15;12;15;11;15;10;14;10;13;10;12;10;12;11;12;12;11;12;11;11;11;10;11;9;11;8;11;7;11;6;11;5;10;5;9;5;8;5;7;5
1;2;10;10;18;10;17;10;16;10;16;11;16;12;16;13;15;13;15;12;15;11;15;10;14;10;13;10;12;10;12;11;12;12;11;12;11;11;11;10;11;9;11;8;11;7;11;6;11;5;10;5;9;5;8;5;7;5;7;6
1;2;10;10;17;10;16;10;16;11;16;12;16;13;15;13;15;12;15;11;15;10;14;10;13;10;12;10;12;11;12;12;11;12;11;11;11;10;11;9;11;8;11;7;11;6;11;5;10;5;9;5;8;5;7;5;7;6;7;7
1;2;10;10;16;10;16;11;16;12;16;13;15;13;15;12;15;11;15;10;14;10;13;10;12;10;12;11;12;12;11;12;11;11;11;10;11;9;11;8;11;7;11;6;11;5;10;5;9;5;8;5;7;5;7;6;7;7;7;8
1;2;10;10;16;11;16;12;16;13;15;13;15;12;15;11;15;10;14;10;13;10;12;10;12;11;12;12;11;12;11;11;11;10;11;9;11;8;11;7;11;6;11;5;10;5;9;5;8;5;7;5;7;6;7;7;7;8;7;9
1;2;10;10;16;12;16;13;15;13;15;12;15;11;15;10;14;10;13;10;12;10;12;11;12;12;11;12;11;11;11;10;11;9;11;8;11;7;11;6;11;5;10;5;9;5;8;5;7;5;7;6;7;7;7;8;7;9;7;10
1;1;10;10;16;13;15;13;15;12;15;11;15;10;14;10;13;10;12;10;12;11;12;12;11;12;11;11;11;10;11;9;11;8;11;7;11;6;11;5;10;5;9;5;8;5;7;5;7;6;7;7;7;8;7;9;7;10;8;10
1;1;10;10;15;13;15;12;15;11;15;10;14;10;13;10;12;10;12;11;12;12;11;12;11;11;11;10;11;9;11;8;11;7;11;6;11;5;10;5;9;5;8;5;7;5;7;6;7;7;7;8;7;9;7;10;8;10;9;10
1;1;14;1;15;12;15;12;15;11;15;10;14;10;13;10;12;10;12;11;12;12;11;12;11;11;11;10;11;9;11;8;11;7;11;6;11;5;10;5;9;5;8;5;7;5;7;6;7;7;7;8;7;9;7;10;8;10;9;10;10;10
1;0;14;1;15;12;15;11;15;10;14;10;13;10;12;10;12;11;12;12;11;12;11;11;11;10;11;9;11;8;11;7;11;6;11;5;10;5;9;5;8;5;7;5;7;6;7;7;7;8;7;9;7;10;8;10;9;10;10;10;10;9
1;0;14;1;15;11;15;10;14;10;13;10;12;10;12;11;12;12;11;12;11;11;11;10;11;9;11;8;11;7;11;6;11;5;10;5;9;5;8;5;7;5;7;6;7;7;7;8;7;9;7;10;8;10;9;10;10;10;10;9;10;8
1;0;14;1;15;10;14;10;13;10;12;10;12;11;12;12;11;12;11;11;11;10;11;9;11;8;11;7;11;6;11;5;10;5;9;5;8;5;7;5;7;6;7;7;7;8;7;9;7;10;8;10;9;10;10;10;10;9;10;8;10;7
1;3;14;1;14;10;13;10;12;10;12;11;12;12;11;12;11;11;11;10;11;9;11;8;11;7;11;6;11;5;10;5;9;5;8;5;7;5;7;6;7;7;7;8;7;9;7;10;8;10;9;10;10;10;10;9;10;8;10;7;9;7
1;2;14;1;13;10;12;10;12;11;12;12;11;12;11;11;11;10;11;9;11;8;11;7;11;6;11;5;10;5;9;5;8;5;7;5;7;6;7;7;7;8;7;9;7;10;8;10;9;10;10;10;10;9;10;8;10;7;9;7;9;8
1;2;14;1;12;10;12;11;12;12;11;12;11;11;11;10;11;9;11;8;11;7;11;6;11;5;10;5;9;5;8;5;7;5;7;6;7;7;7;8;7;9;7;10;8;10;9;10;10;10;10;9;10;8;10;7;9;7;9;8;9;9
1;3;14;1;12;11;12;12;11;12;11;11;11;10;11;9;11;8;11;7;11;6;11;5;10;5;9;5;8;5;7;5;7;6;7;7;7;8;7;9;7;10;8;10;9;10;10;10;10;9;10;8;10;7;9;7;9;8;9;9;8;9
