20
1;1;12;12;8;10;9;10;10;10
1;2;12;12;9;10;10;10;10;11
1;2;12;12;10;10;10;11;10;12
1;1;12;12;10;11;10;12;11;12
1;1;16;16;10;12;10;12;11;12;12;12
1;2;16;16;10;12;11;12;12;12;12;13
1;2;16;16;11;12;12;12;12;13;12;14
1;2;16;16;12;12;12;13;12;14;12;15
1;2;16;16;12;13;12;14;12;15;12;16
1;1;16;16;12;14;12;15;12;16;13;16
1;1;16;16;12;15;12;16;13;16;14;16
1;1;16;16;12;16;13;16;14;16;15;16
1;1;19;0;13;16;13;16;14;16;15;16;16;16
1;1;19;0;13;16;14;16;15;16;16;16;17;16
1;1;19;0;14;16;15;16;16;16;17;16;18;16
1;1;19;0;15;16;16;16;17;16;18;16;19;16
1;0;19;0;16;16;17;16;18;16;19;16;19;15
1;0;19;0;17;16;18;16;19;16;19;15;19;14
1;0;19;0;18;16;19;16;19;15;19;14;19;13
1;0;19;0;19;16;19;15;19;14;19;13;19;12
1;0;19;0;19;15;19;14;19;13;19;12;19;11
1;0;19;0;19;14;19;13;19;12;19;11;19;10
1;0;19;0;19;13;19;12;19;11;19;10;19;9
1;0;19;0;19;12;19;11;19;10;19;9;19;8
1;0;19;0;19;11;19;10;19;9;19;8;19;7
1;0;19;0;19;10;19;9;19;8;19;7;19;6
1;0;19;0;19;9;19;8;19;7;19;6;19;5
1;0;19;0;19;8;19;7;19;6;19;5;19;4
1;0;19;0;19;7;19;6;19;5;19;4;19;3
1;0;19;0;19;6;19;5;19;4;19;3;19;2
1;0;19;0;19;5;19;4;19;3;19;2;19;1
1;0;1;0;19;4;19;4;19;3;19;2;19;1;19;0
1;3;1;0;19;4;19;3;19;2;19;1;19;0;18;0
1;3;1;0;19;3;19;2;19;1;19;0;18;0;17;0
1;3;1;0;19;2;19;1;19;0;18;0;17;0;16;0
1;3;1;0;19;1;19;0;18;0;17;0;16;0;15;0
1;3;1;0;19;0;18;0;17;0;16;0;15;0;14;0
1;3;1;0;18;0;17;0;16;0;15;0;14;0;13;0
1;3;1;0;17;0;16;0;15;0;14;0;13;0;12;0
1;3;1;0;16;0;15;0;14;0;13;0;12;0;11;0
1;3;1;0;15;0;14;0;13;0;12;0;11;0;10;0
1;3;1;0;14;0;13;0;12;0;11;0;10;0;9;0
1;3;1;0;13;0;12;0;11;0;10;0;9;0;8;0
1;3;1;0;12;0;11;0;10;0;9;0;8;0;7;0
1;3;1;0;11;0;10;0;9;0;8;0;7;0;6;0
1;3;1;0;10;0;9;0;8;0;7;0;6;0;5;0
1;3;1;0;9;0;8;0;7;0;6;0;5;0;4;0
1;3;1;0;8;0;7;0;6;0;5;0;4;0;3;0
1;3;1;0;7;0;6;0;5;0;4;0;3;0;2;0
1;3;11;0;6;0;6;0;5;0;4;0;3;0;2;0;1;0
1;2;11;0;6;0;5;0;4;0;3;0;2;0;1;0;1;1
1;1;11;0;5;0;4;0;3;0;2;0;1;0;1;1;2;1
1;1;11;0;4;0;3;0;2;0;1;0;1;1;2;1;3;1
1;1;11;0;3;0;2;0;1;0;1;1;2;1;3;1;4;1
1;1;11;0;2;0;1;0;1;1;2;1;3;1;4;1;5;1
1;1;11;0;1;0;1;1;2;1;3;1;4;1;5;1;6;1
1;1;11;0;1;1;2;1;3;1;4;1;5;1;6;1;7;1
1;1;11;0;2;1;3;1;4;1;5;1;6;1;7;1;8;1
1;1;11;0;3;1;4;1;5;1;6;1;7;1;8;1;9;1
1;1;11;0;4;1;5;1;6;1;7;1;8;1;9;1;10;1
1;1;11;0;5;1;6;1;7;1;8;1;9;1;10;1;11;1
1;2;11;0;6;1;7;1;8;1;9;1;10;1;11;1;11;2
1;2;11;0;7;1;8;1;9;1;10;1;11;1;11;2;11;3
1;3;11;0;8;1;9;1;10;1;11;1;11;2;11;3;10;3
1;3;11;0;9;1;10;1;11;1;11;2;11;3;10;3;9;3
1;0;11;0;10;1;11;1;11;2;11;3;10;3;9;3;9;2
1;0;11;0;11;1;11;2;11;3;10;3;9;3;9;2;9;1
1;0;11;0;11;2;11;3;10;3;9;3;9;2;9;1;9;0
1;1;11;0;11;3;10;3;9;3;9;2;9;1;9;0;10;0
1;1;7;7;10;3;10;3;9;3;9;2;9;1;9;0;10;0;11;0
1;2;7;7;10;3;9;3;9;2;9;1;9;0;10;0;11;0;11;1
1;2;7;7;9;3;9;2;9;1;9;0;10;0;11;0;11;1;11;2
1;2;7;7;9;2;9;1;9;0;10;0;11;0;11;1;11;2;11;3
1;3;7;7;9;1;9;0;10;0;11;0;11;1;11;2;11;3;10;3
1;3;7;7;9;0;10;0;11;0;11;1;11;2;11;3;10;3;9;3
1;3;7;7;10;0;11;0;11;1;11;2;11;3;10;3;9;3;8;3
1;3;7;7;11;0;11;1;11;2;11;3;10;3;9;3;8;3;7;3
1;2;7;7;11;1;11;2;11;3;10;3;9;3;8;3;7;3;7;4
1;2;7;7;11;2;11;3;10;3;9;3;8;3;7;3;7;4;7;5
1;2;7;7;11;3;10;3;9;3;8;3;7;3;7;4;7;5;7;6
1;2;8;16;10;3;10;3;9;3;8;3;7;3;7;4;7;5;7;6;7;7
1;1;8;16;10;3;9;3;8;3;7;3;7;4;7;5;7;6;7;7;8;7
1;2;8;16;9;3;8;3;7;3;7;4;7;5;7;6;7;7;8;7;8;8
1;2;8;16;8;3;7;3;7;4;7;5;7;6;7;7;8;7;8;8;8;9
1;2;8;16;7;3;7;4;7;5;7;6;7;7;8;7;8;8;8;9;8;10
1;2;8;16;7;4;7;5;7;6;7;7;8;7;8;8;8;9;8;10;8;11
1;2;8;16;7;5;7;6;7;7;8;7;8;8;8;9;8;10;8;11;8;12
1;2;8;16;7;6;7;7;8;7;8;8;8;9;8;10;8;11;8;12;8;13
1;2;8;16;7;7;8;7;8;8;8;9;8;10;8;11;8;12;8;13;8;14
1;2;8;16;8;7;8;8;8;9;8;10;8;11;8;12;8;13;8;14;8;15
1;2;8;1;8;8;8;8;8;9;8;10;8;11;8;12;8;13;8;14;8;15;8;16
1;1;8;1;8;8;8;9;8;10;8;11;8;12;8;13;8;14;8;15;8;16;9;16
1;0;8;1;8;9;8;10;8;11;8;12;8;13;8;14;8;15;8;16;9;16;9;15
1;0;8;1;8;10;8;11;8;12;8;13;8;14;8;15;8;16;9;16;9;15;9;14
1;0;8;1;8;11;8;12;8;13;8;14;8;15;8;16;9;16;9;15;9;14;9;13
1;0;8;1;8;12;8;13;8;14;8;15;8;16;9;16;9;15;9;14;9;13;9;12
1;0;8;1;8;13;8;14;8;15;8;16;9;16;9;15;9;14;9;13;9;12;9;11
1;3;8;1;8;14;8;15;8;16;9;16;9;15;9;14;9;13;9;12;9;11;8;11
1;0;8;1;8;15;8;16;9;16;9;15;9;14;9;13;9;12;9;11;8;11;8;10
1;0;8;1;8;16;9;16;9;15;9;14;9;13;9;12;9;11;8;11;8;10;8;9
1;0;8;1;9;16;9;15;9;14;9;13;9;12;9;11;8;11;8;10;8;9;8;8
1;0;8;1;9;15;9;14;9;13;9;12;9;11;8;11;8;10;8;9;8;8;8;7
1;0;8;1;9;14;9;13;9;12;9;11;8;11;8;10;8;9;8;8;8;7;8;6
1;0;8;1;9;13;9;12;9;11;8;11;8;10;8;9;8;8;8;7;8;6;8;5
1;0;8;1;9;12;9;11;8;11;8;10;8;9;8;8;8;7;8;6;8;5;8;4
1;0;8;1;9;11;8;11;8;10;8;9;8;8;8;7;8;6;8;5;8;4;8;3
1;0;8;1;8;11;8;10;8;9;8;8;8;7;8;6;8;5;8;4;8;3;8;2
1;0;5;18;8;10;8;10;8;9;8;8;8;7;8;6;8;5;8;4;8;3;8;2;8;1
1;3;5;18;8;10;8;9;8;8;8;7;8;6;8;5;8;4;8;3;8;2;8;1;7;1
1;3;5;18;8;9;8;8;8;7;8;6;8;5;8;4;8;3;8;2;8;1;7;1;6;1
1;3;5;18;8;8;8;7;8;6;8;5;8;4;8;3;8;2;8;1;7;1;6;1;5;1
1;2;5;18;8;7;8;6;8;5;8;4;8;3;8;2;8;1;7;1;6;1;5;1;5;2
1;2;5;18;8;6;8;5;8;4;8;3;8;2;8;1;7;1;6;1;5;1;5;2;5;3
1;2;5;18;8;5;8;4;8;3;8;2;8;1;7;1;6;1;5;1;5;2;5;3;5;4
1;2;5;18;8;4;8;3;8;2;8;1;7;1;6;1;5;1;5;2;5;3;5;4;5;5
1;2;5;18;8;3;8;2;8;1;7;1;6;1;5;1;5;2;5;3;5;4;5;5;5;6
1;2;5;18;8;2;8;1;7;1;6;1;5;1;5;2;5;3;5;4;5;5;5;6;5;7
1;2;5;18;8;1;7;1;6;1;5;1;5;2;5;3;5;4;5;5;5;6;5;7;5;8
1;2;5;18;7;1;6;1;5;1;5;2;5;3;5;4;5;5;5;6;5;7;5;8;5;9
1;2;5;18;6;1;5;1;5;2;5;3;5;4;5;5;5;6;5;7;5;8;5;9;5;10
1;2;5;18;5;1;5;2;5;3;5;4;5;5;5;6;5;7;5;8;5;9;5;10;5;11
1;2;5;18;5;2;5;3;5;4;5;5;5;6;5;7;5;8;5;9;5;10;5;11;5;12
1;2;5;18;5;3;5;4;5;5;5;6;5;7;5;8;5;9;5;10;5;11;5;12;5;13
1;2;5;18;5;4;5;5;5;6;5;7;5;8;5;9;5;10;5;11;5;12;5;13;5;14
1;2;5;18;5;5;5;6;5;7;5;8;5;9;5;10;5;11;5;12;5;13;5;14;5;15
1;2;5;18;5;6;5;7;5;8;5;9;5;10;5;11;5;12;5;13;5;14;5;15;5;16
1;2;5;18;5;7;5;8;5;9;5;10;5;11;5;12;5;13;5;14;5;15;5;16;5;17
1;2;13;5;5;8;5;8;5;9;5;10;5;11;5;12;5;13;5;14;5;15;5;16;5;17;5;18
1;1;13;5;5;8;5;9;5;10;5;11;5;12;5;13;5;14;5;15;5;16;5;17;5;18;6;18
1;1;13;5;5;9;5;10;5;11;5;12;5;13;5;14;5;15;5;16;5;17;5;18;6;18;7;18
1;1;13;5;5;10;5;11;5;12;5;13;5;14;5;15;5;16;5;17;5;18;6;18;7;18;8;18
1;1;13;5;5;11;5;12;5;13;5;14;5;15;5;16;5;17;5;18;6;18;7;18;8;18;9;18
1;1;13;5;5;12;5;13;5;14;5;15;5;16;5;17;5;18;6;18;7;18;8;18;9;18;10;18
1;1;13;5;5;13;5;14;5;15;5;16;5;17;5;18;6;18;7;18;8;18;9;18;10;18;11;18
1;1;13;5;5;14;5;15;5;16;5;17;5;18;6;18;7;18;8;18;9;18;10;18;11;18;12;18
1;1;13;5;5;15;5;16;5;17;5;18;6;18;7;18;8;18;9;18;10;18;11;18;12;18;13;18
1;0;13;5;5;16;5;17;5;18;6;18;7;18;8;18;9;18;10;18;11;18;12;18;13;18;13;17
1;0;13;5;5;17;5;18;6;18;7;18;8;18;9;18;10;18;11;18;12;18;13;18;13;17;13;16
1;0;13;5;5;18;6;18;7;18;8;18;9;18;10;18;11;18;12;18;13;18;13;17;13;16;13;15
1;0;13;5;6;18;7;18;8;18;9;18;10;18;11;18;12;18;13;18;13;17;13;16;13;15;13;14
1;0;13;5;7;18;8;18;9;18;10;18;11;18;12;18;13;18;13;17;13;16;13;15;13;14;13;13
1;0;13;5;8;18;9;18;10;18;11;18;12;18;13;18;13;17;13;16;13;15;13;14;13;13;13;12
1;0;13;5;9;18;10;18;11;18;12;18;13;18;13;17;13;16;13;15;13;14;13;13;13;12;13;11
1;0;13;5;10;18;11;18;12;18;13;18;13;17;13;16;13;15;13;14;13;13;13;12;13;11;13;10
1;0;13;5;11;18;12;18;13;18;13;17;13;16;13;15;13;14;13;13;13;12;13;11;13;10;13;9
1;0;13;5;12;18;13;18;13;17;13;16;13;15;13;14;13;13;13;12;13;11;13;10;13;9;13;8
1;0;13;5;13;18;13;17;13;16;13;15;13;14;13;13;13;12;13;11;13;10;13;9;13;8;13;7
1;0;13;5;13;17;13;16;13;15;13;14;13;13;13;12;13;11;13;10;13;9;13;8;13;7;13;6
1;0;7;6;13;16;13;16;13;15;13;14;13;13;13;12;13;11;13;10;13;9;13;8;13;7;13;6;13;5
1;3;7;6;13;16;13;15;13;14;13;13;13;12;13;11;13;10;13;9;13;8;13;7;13;6;13;5;12;5
1;3;7;6;13;15;13;14;13;13;13;12;13;11;13;10;13;9;13;8;13;7;13;6;13;5;12;5;11;5
1;3;7;6;13;14;13;13;13;12;13;11;13;10;13;9;13;8;13;7;13;6;13;5;12;5;11;5;10;5
1;3;7;6;13;13;13;12;13;11;13;10;13;9;13;8;13;7;13;6;13;5;12;5;11;5;10;5;9;5
1;3;7;6;13;12;13;11;13;10;13;9;13;8;13;7;13;6;13;5;12;5;11;5;10;5;9;5;8;5
1;3;7;6;13;11;13;10;13;9;13;8;13;7;13;6;13;5;12;5;11;5;10;5;9;5;8;5;7;5
1;2;18;14;13;10;13;10;13;9;13;8;13;7;13;6;13;5;12;5;11;5;10;5;9;5;8;5;7;5;7;6
1;2;18;14;13;10;13;9;13;8;13;7;13;6;13;5;12;5;11;5;10;5;9;5;8;5;7;5;7;6;7;7
1;2;18;14;13;9;13;8;13;7;13;6;13;5;12;5;11;5;10;5;9;5;8;5;7;5;7;6;7;7;7;8
1;2;18;14;13;8;13;7;13;6;13;5;12;5;11;5;10;5;9;5;8;5;7;5;7;6;7;7;7;8;7;9
1;2;18;14;13;7;13;6;13;5;12;5;11;5;10;5;9;5;8;5;7;5;7;6;7;7;7;8;7;9;7;10
1;2;18;14;13;6;13;5;12;5;11;5;10;5;9;5;8;5;7;5;7;6;7;7;7;8;7;9;7;10;7;11
1;2;18;14;13;5;12;5;11;5;10;5;9;5;8;5;7;5;7;6;7;7;7;8;7;9;7;10;7;11;7;12
1;2;18;14;12;5;11;5;10;5;9;5;8;5;7;5;7;6;7;7;7;8;7;9;7;10;7;11;7;12;7;13
1;2;18;14;11;5;10;5;9;5;8;5;7;5;7;6;7;7;7;8;7;9;7;10;7;11;7;12;7;13;7;14
1;1;18;14;10;5;9;5;8;5;7;5;7;6;7;7;7;8;7;9;7;10;7;11;7;12;7;13;7;14;8;14
1;1;18;14;9;5;8;5;7;5;7;6;7;7;7;8;7;9;7;10;7;11;7;12;7;13;7;14;8;14;9;14
1;1;18;14;8;5;7;5;7;6;7;7;7;8;7;9;7;10;7;11;7;12;7;13;7;14;8;14;9;14;10;14
1;1;18;14;7;5;7;6;7;7;7;8;7;9;7;10;7;11;7;12;7;13;7;14;8;14;9;14;10;14;11;14
1;1;18;14;7;6;7;7;7;8;7;9;7;10;7;11;7;12;7;13;7;14;8;14;9;14;10;14;11;14;12;14
1;1;18;14;7;7;7;8;7;9;7;10;7;11;7;12;7;13;7;14;8;14;9;14;10;14;11;14;12;14;13;14
1;1;18;14;7;8;7;9;7;10;7;11;7;12;7;13;7;14;8;14;9;14;10;14;11;14;12;14;13;14;14;14
1;1;18;14;7;9;7;10;7;11;7;12;7;13;7;14;8;14;9;14;10;14;11;14;12;14;13;14;14;14;15;14
1;1;18;14;7;10;7;11;7;12;7;13;7;14;8;14;9;14;10;14;11;14;12;14;13;14;14;14;15;14;16;14
1;1;18;14;7;11;7;12;7;13;7;14;8;14;9;14;10;14;11;14;12;14;13;14;14;14;15;14;16;14;17;14
1;1;14;7;7;12;7;12;7;13;7;14;8;14;9;14;10;14;11;14;12;14;13;14;14;14;15;14;16;14;17;14;18;14
1;0;14;7;7;12;7;13;7;14;8;14;9;14;10;14;11;14;12;14;13;14;14;14;15;14;16;14;17;14;18;14;18;13
1;0;14;7;7;13;7;14;8;14;9;14;10;14;11;14;12;14;13;14;14;14;15;14;16;14;17;14;18;14;18;13;18;12
1;0;14;7;7;14;8;14;9;14;10;14;11;14;12;14;13;14;14;14;15;14;16;14;17;14;18;14;18;13;18;12;18;11
1;0;14;7;8;14;9;14;10;14;11;14;12;14;13;14;14;14;15;14;16;14;17;14;18;14;18;13;18;12;18;11;18;10
1;0;14;7;9;14;10;14;11;14;12;14;13;14;14;14;15;14;16;14;17;14;18;14;18;13;18;12;18;11;18;10;18;9
1;0;14;7;10;14;11;14;12;14;13;14;14;14;15;14;16;14;17;14;18;14;18;13;18;12;18;11;18;10;18;9;18;8
1;0;14;7;11;14;12;14;13;14;14;14;15;14;16;14;17;14;18;14;18;13;18;12;18;11;18;10;18;9;18;8;18;7
1;3;14;7;12;14;13;14;14;14;15;14;16;14;17;14;18;14;18;13;18;12;18;11;18;10;18;9;18;8;18;7;17;7
1;3;14;7;13;14;14;14;15;14;16;14;17;14;18;14;18;13;18;12;18;11;18;10;18;9;18;8;18;7;17;7;16;7
1;3;14;7;14;14;15;14;16;14;17;14;18;14;18;13;18;12;18;11;18;10;18;9;18;8;18;7;17;7;16;7;15;7
1;3;7;11;15;14;15;14;16;14;17;14;18;14;18;13;18;12;18;11;18;10;18;9;18;8;18;7;17;7;16;7;15;7;14;7
1;3;7;11;15;14;16;14;17;14;18;14;18;13;18;12;18;11;18;10;18;9;18;8;18;7;17;7;16;7;15;7;14;7;13;7
1;3;7;11;16;14;17;14;18;14;18;13;18;12;18;11;18;10;18;9;18;8;18;7;17;7;16;7;15;7;14;7;13;7;12;7
1;3;7;11;17;14;18;14;18;13;18;12;18;11;18;10;18;9;18;8;18;7;17;7;16;7;15;7;14;7;13;7;12;7;11;7
1;3;7;11;18;14;18;13;18;12;18;11;18;10;18;9;18;8;18;7;17;7;16;7;15;7;14;7;13;7;12;7;11;7;10;7
1;3;7;11;18;13;18;12;18;11;18;10;18;9;18;8;18;7;17;7;16;7;15;7;14;7;13;7;12;7;11;7;10;7;9;7
1;3;7;11;18;12;18;11;18;10;18;9;18;8;18;7;17;7;16;7;15;7;14;7;13;7;12;7;11;7;10;7;9;7;8;7
1;3;7;11;18;11;18;10;18;9;18;8;18;7;17;7;16;7;15;7;14;7;13;7;12;7;11;7;10;7;9;7;8;7;7;7
1;2;7;11;18;10;18;9;18;8;18;7;17;7;16;7;15;7;14;7;13;7;12;7;11;7;10;7;9;7;8;7;7;7;7;8
1;2;7;11;18;9;18;8;18;7;17;7;16;7;15;7;14;7;13;7;12;7;11;7;10;7;9;7;8;7;7;7;7;8;7;9
1;2;7;11;18;8;18;7;17;7;16;7;15;7;14;7;13;7;12;7;11;7;10;7;9;7;8;7;7;7;7;8;7;9;7;10
1;2;16;4;18;7;18;7;17;7;16;7;15;7;14;7;13;7;12;7;11;7;10;7;9;7;8;7;7;7;7;8;7;9;7;10;7;11
1;1;16;4;18;7;17;7;16;7;15;7;14;7;13;7;12;7;11;7;10;7;9;7;8;7;7;7;7;8;7;9;7;10;7;11;8;11
1;1;16;4;17;7;16;7;15;7;14;7;13;7;12;7;11;7;10;7;9;7;8;7;7;7;7;8;7;9;7;10;7;11;8;11;9;11
1;1;16;4;16;7;15;7;14;7;13;7;12;7;11;7;10;7;9;7;8;7;7;7;7;8;7;9;7;10;7;11;8;11;9;11;10;11
1;1;16;4;15;7;14;7;13;7;12;7;11;7;10;7;9;7;8;7;7;7;7;8;7;9;7;10;7;11;8;11;9;11;10;11;11;11
1;1;16;4;14;7;13;7;12;7;11;7;10;7;9;7;8;7;7;7;7;8;7;9;7;10;7;11;8;11;9;11;10;11;11;11;12;11
1;1;16;4;13;7;12;7;11;7;10;7;9;7;8;7;7;7;7;8;7;9;7;10;7;11;8;11;9;11;10;11;11;11;12;11;13;11
1;1;16;4;12;7;11;7;10;7;9;7;8;7;7;7;7;8;7;9;7;10;7;11;8;11;9;11;10;11;11;11;12;11;13;11;14;11
1;1;16;4;11;7;10;7;9;7;8;7;7;7;7;8;7;9;7;10;7;11;8;11;9;11;10;11;11;11;12;11;13;11;14;11;15;11
1;1;16;4;10;7;9;7;8;7;7;7;7;8;7;9;7;10;7;11;8;11;9;11;10;11;11;11;12;11;13;11;14;11;15;11;16;11
1;0;16;4;9;7;8;7;7;7;7;8;7;9;7;10;7;11;8;11;9;11;10;11;11;11;12;11;13;11;14;11;15;11;16;11;16;10
1;0;16;4;8;7;7;7;7;8;7;9;7;10;7;11;8;11;9;11;10;11;11;11;12;11;13;11;14;11;15;11;16;11;16;10;16;9
1;0;16;4;7;7;7;8;7;9;7;10;7;11;8;11;9;11;10;11;11;11;12;11;13;11;14;11;15;11;16;11;16;10;16;9;16;8
1;0;16;4;7;8;7;9;7;10;7;11;8;11;9;11;10;11;11;11;12;11;13;11;14;11;15;11;16;11;16;10;16;9;16;8;16;7
1;0;16;4;7;9;7;10;7;11;8;11;9;11;10;11;11;11;12;11;13;11;14;11;15;11;16;11;16;10;16;9;16;8;16;7;16;6
1;0;16;4;7;10;7;11;8;11;9;11;10;11;11;11;12;11;13;11;14;11;15;11;16;11;16;10;16;9;16;8;16;7;16;6;16;5
1;0;12;13;7;11;7;11;8;11;9;11;10;11;11;11;12;11;13;11;14;11;15;11;16;11;16;10;16;9;16;8;16;7;16;6;16;5;16;4
1;3;12;13;7;11;8;11;9;11;10;11;11;11;12;11;13;11;14;11;15;11;16;11;16;10;16;9;16;8;16;7;16;6;16;5;16;4;15;4
1;3;12;13;8;11;9;11;10;11;11;11;12;11;13;11;14;11;15;11;16;11;16;10;16;9;16;8;16;7;16;6;16;5;16;4;15;4;14;4
1;3;12;13;9;11;10;11;11;11;12;11;13;11;14;11;15;11;16;11;16;10;16;9;16;8;16;7;16;6;16;5;16;4;15;4;14;4;13;4
1;3;12;13;10;11;11;11;12;11;13;11;14;11;15;11;16;11;16;10;16;9;16;8;16;7;16;6;16;5;16;4;15;4;14;4;13;4;12;4
1;2;12;13;11;11;12;11;13;11;14;11;15;11;16;11;16;10;16;9;16;8;16;7;16;6;16;5;16;4;15;4;14;4;13;4;12;4;12;5
1;2;12;13;12;11;13;11;14;11;15;11;16;11;16;10;16;9;16;8;16;7;16;6;16;5;16;4;15;4;14;4;13;4;12;4;12;5;12;6
1;2;12;13;13;11;14;11;15;11;16;11;16;10;16;9;16;8;16;7;16;6;16;5;16;4;15;4;14;4;13;4;12;4;12;5;12;6;12;7
1;2;12;13;14;11;15;11;16;11;16;10;16;9;16;8;16;7;16;6;16;5;16;4;15;4;14;4;13;4;12;4;12;5;12;6;12;7;12;8
1;2;12;13;15;11;16;11;16;10;16;9;16;8;16;7;16;6;16;5;16;4;15;4;14;4;13;4;12;4;12;5;12;6;12;7;12;8;12;9
1;2;12;13;16;11;16;10;16;9;16;8;16;7;16;6;16;5;16;4;15;4;14;4;13;4;12;4;12;5;12;6;12;7;12;8;12;9;12;10
1;2;12;13;16;10;16;9;16;8;16;7;16;6;16;5;16;4;15;4;14;4;13;4;12;4;12;5;12;6;12;7;12;8;12;9;12;10;12;11
1;2;12;13;16;9;16;8;16;7;16;6;16;5;16;4;15;4;14;4;13;4;12;4;12;5;12;6;12;7;12;8;12;9;12;10;12;11;12;12
1;2;5;1;16;8;16;8;16;7;16;6;16;5;16;4;15;4;14;4;13;4;12;4;12;5;12;6;12;7;12;8;12;9;12;10;12;11;12;12;12;13
1;3;5;1;16;8;16;7;16;6;16;5;16;4;15;4;14;4;13;4;12;4;12;5;12;6;12;7;12;8;12;9;12;10;12;11;12;12;12;13;11;13
1;0;5;1;16;7;16;6;16;5;16;4;15;4;14;4;13;4;12;4;12;5;12;6;12;7;12;8;12;9;12;10;12;11;12;12;12;13;11;13;11;12
1;0;5;1;16;6;16;5;16;4;15;4;14;4;13;4;12;4;12;5;12;6;12;7;12;8;12;9;12;10;12;11;12;12;12;13;11;13;11;12;11;11
1;0;5;1;16;5;16;4;15;4;14;4;13;4;12;4;12;5;12;6;12;7;12;8;12;9;12;10;12;11;12;12;12;13;11;13;11;12;11;11;11;10
1;0;5;1;16;4;15;4;14;4;13;4;12;4;12;5;12;6;12;7;12;8;12;9;12;10;12;11;12;12;12;13;11;13;11;12;11;11;11;10;11;9
1;0;5;1;15;4;14;4;13;4;12;4;12;5;12;6;12;7;12;8;12;9;12;10;12;11;12;12;12;13;11;13;11;12;11;11;11;10;11;9;11;8
1;0;5;1;14;4;13;4;12;4;12;5;12;6;12;7;12;8;12;9;12;10;12;11;12;12;12;13;11;13;11;12;11;11;11;10;11;9;11;8;11;7
1;0;5;1;13;4;12;4;12;5;12;6;12;7;12;8;12;9;12;10;12;11;12;12;12;13;11;13;11;12;11;11;11;10;11;9;11;8;11;7;11;6
1;0;5;1;12;4;12;5;12;6;12;7;12;8;12;9;12;10;12;11;12;12;12;13;11;13;11;12;11;11;11;10;11;9;11;8;11;7;11;6;11;5
1;0;5;1;12;5;12;6;12;7;12;8;12;9;12;10;12;11;12;12;12;13;11;13;11;12;11;11;11;10;11;9;11;8;11;7;11;6;11;5;11;4
1;0;5;1;12;6;12;7;12;8;12;9;12;10;12;11;12;12;12;13;11;13;11;12;11;11;11;10;11;9;11;8;11;7;11;6;11;5;11;4;11;3
1;0;5;1;12;7;12;8;12;9;12;10;12;11;12;12;12;13;11;13;11;12;11;11;11;10;11;9;11;8;11;7;11;6;11;5;11;4;11;3;11;2
1;0;5;1;12;8;12;9;12;10;12;11;12;12;12;13;11;13;11;12;11;11;11;10;11;9;11;8;11;7;11;6;11;5;11;4;11;3;11;2;11;1
1;3;5;1;12;9;12;10;12;11;12;12;12;13;11;13;11;12;11;11;11;10;11;9;11;8;11;7;11;6;11;5;11;4;11;3;11;2;11;1;10;1
1;3;5;1;12;10;12;11;12;12;12;13;11;13;11;12;11;11;11;10;11;9;11;8;11;7;11;6;11;5;11;4;11;3;11;2;11;1;10;1;9;1
1;3;5;1;12;11;12;12;12;13;11;13;11;12;11;11;11;10;11;9;11;8;11;7;11;6;11;5;11;4;11;3;11;2;11;1;10;1;9;1;8;1
1;3;5;1;12;12;12;13;11;13;11;12;11;11;11;10;11;9;11;8;11;7;11;6;11;5;11;4;11;3;11;2;11;1;10;1;9;1;8;1;7;1
1;3;5;1;12;13;11;13;11;12;11;11;11;10;11;9;11;8;11;7;11;6;11;5;11;4;11;3;11;2;11;1;10;1;9;1;8;1;7;1;6;1
1;3;10;18;11;13;11;13;11;12;11;11;11;10;11;9;11;8;11;7;11;6;11;5;11;4;11;3;11;2;11;1;10;1;9;1;8;1;7;1;6;1;5;1
1;2;10;18;11;13;11;12;11;11;11;10;11;9;11;8;11;7;11;6;11;5;11;4;11;3;11;2;11;1;10;1;9;1;8;1;7;1;6;1;5;1;5;2
1;2;10;18;11;12;11;11;11;10;11;9;11;8;11;7;11;6;11;5;11;4;11;3;11;2;11;1;10;1;9;1;8;1;7;1;6;1;5;1;5;2;5;3
1;2;10;18;11;11;11;10;11;9;11;8;11;7;11;6;11;5;11;4;11;3;11;2;11;1;10;1;9;1;8;1;7;1;6;1;5;1;5;2;5;3;5;4
1;2;10;18;11;10;11;9;11;8;11;7;11;6;11;5;11;4;11;3;11;2;11;1;10;1;9;1;8;1;7;1;6;1;5;1;5;2;5;3;5;4;5;5
1;2;10;18;11;9;11;8;11;7;11;6;11;5;11;4;11;3;11;2;11;1;10;1;9;1;8;1;7;1;6;1;5;1;5;2;5;3;5;4;5;5;5;6
1;2;10;18;11;8;11;7;11;6;11;5;11;4;11;3;11;2;11;1;10;1;9;1;8;1;7;1;6;1;5;1;5;2;5;3;5;4;5;5;5;6;5;7
1;2;10;18;11;7;11;6;11;5;11;4;11;3;11;2;11;1;10;1;9;1;8;1;7;1;6;1;5;1;5;2;5;3;5;4;5;5;5;6;5;7;5;8
1;2;10;18;11;6;11;5;11;4;11;3;11;2;11;1;10;1;9;1;8;1;7;1;6;1;5;1;5;2;5;3;5;4;5;5;5;6;5;7;5;8;5;9
1;2;10;18;11;5;11;4;11;3;11;2;11;1;10;1;9;1;8;1;7;1;6;1;5;1;5;2;5;3;5;4;5;5;5;6;5;7;5;8;5;9;5;10
1;1;10;18;11;4;11;3;11;2;11;1;10;1;9;1;8;1;7;1;6;1;5;1;5;2;5;3;5;4;5;5;5;6;5;7;5;8;5;9;5;10;6;10
1;1;10;18;11;3;11;2;11;1;10;1;9;1;8;1;7;1;6;1;5;1;5;2;5;3;5;4;5;5;5;6;5;7;5;8;5;9;5;10;6;10;7;10
1;1;10;18;11;2;11;1;10;1;9;1;8;1;7;1;6;1;5;1;5;2;5;3;5;4;5;5;5;6;5;7;5;8;5;9;5;10;6;10;7;10;8;10
1;1;10;18;11;1;10;1;9;1;8;1;7;1;6;1;5;1;5;2;5;3;5;4;5;5;5;6;5;7;5;8;5;9;5;10;6;10;7;10;8;10;9;10
1;1;10;18;10;1;9;1;8;1;7;1;6;1;5;1;5;2;5;3;5;4;5;5;5;6;5;7;5;8;5;9;5;10;6;10;7;10;8;10;9;10;10;10
1;2;10;18;9;1;8;1;7;1;6;1;5;1;5;2;5;3;5;4;5;5;5;6;5;7;5;8;5;9;5;10;6;10;7;10;8;10;9;10;10;10;10;11
1;2;10;18;8;1;7;1;6;1;5;1;5;2;5;3;5;4;5;5;5;6;5;7;5;8;5;9;5;10;6;10;7;10;8;10;9;10;10;10;10;11;10;12
1;2;10;18;7;1;6;1;5;1;5;2;5;3;5;4;5;5;5;6;5;7;5;8;5;9;5;10;6;10;7;10;8;10;9;10;10;10;10;11;10;12;10;13
1;2;10;18;6;1;5;1;5;2;5;3;5;4;5;5;5;6;5;7;5;8;5;9;5;10;6;10;7;10;8;10;9;10;10;10;10;11;10;12;10;13;10;14
1;2;10;18;5;1;5;2;5;3;5;4;5;5;5;6;5;7;5;8;5;9;5;10;6;10;7;10;8;10;9;10;10;10;10;11;10;12;10;13;10;14;10;15
1;2;10;18;5;2;5;3;5;4;5;5;5;6;5;7;5;8;5;9;5;10;6;10;7;10;8;10;9;10;10;10;10;11;10;12;10;13;10;14;10;15;10;16
1;2;10;18;5;3;5;4;5;5;5;6;5;7;5;8;5;9;5;10;6;10;7;10;8;10;9;10;10;10;10;11;10;12;10;13;10;14;10;15;10;16;10;17
1;2;1;3;5;4;5;4;5;5;5;6;5;7;5;8;5;9;5;10;6;10;7;10;8;10;9;10;10;10;10;11;10;12;10;13;10;14;10;15;10;16;10;17;10;18
1;1;1;3;5;4;5;5;5;6;5;7;5;8;5;9;5;10;6;10;7;10;8;10;9;10;10;10;10;11;10;12;10;13;10;14;10;15;10;16;10;17;10;18;11;18
1;0;1;3;5;5;5;6;5;7;5;8;5;9;5;10;6;10;7;10;8;10;9;10;10;10;10;11;10;12;10;13;10;14;10;15;10;16;10;17;10;18;11;18;11;17
1;0;1;3;5;6;5;7;5;8;5;9;5;10;6;10;7;10;8;10;9;10;10;10;10;11;10;12;10;13;10;14;10;15;10;16;10;17;10;18;11;18;11;17;11;16
1;0;1;3;5;7;5;8;5;9;5;10;6;10;7;10;8;10;9;10;10;10;10;11;10;12;10;13;10;14;10;15;10;16;10;17;10;18;11;18;11;17;11;16;11;15
1;0;1;3;5;8;5;9;5;10;6;10;7;10;8;10;9;10;10;10;10;11;10;12;10;13;10;14;10;15;10;16;10;17;10;18;11;18;11;17;11;16;11;15;11;14
1;0;1;3;5;9;5;10;6;10;7;10;8;10;9;10;10;10;10;11;10;12;10;13;10;14;10;15;10;16;10;17;10;18;11;18;11;17;11;16;11;15;11;14;11;13
1;0;1;3;5;10;6;10;7;10;8;10;9;10;10;10;10;11;10;12;10;13;10;14;10;15;10;16;10;17;10;18;11;18;11;17;11;16;11;15;11;14;11;13;11;12
1;0;1;3;6;10;7;10;8;10;9;10;10;10;10;11;10;12;10;13;10;14;10;15;10;16;10;17;10;18;11;18;11;17;11;16;11;15;11;14;11;13;11;12;11;11
1;0;1;3;7;10;8;10;9;10;10;10;10;11;10;12;10;13;10;14;10;15;10;16;10;17;10;18;11;18;11;17;11;16;11;15;11;14;11;13;11;12;11;11;11;10
1;0;1;3;8;10;9;10;10;10;10;11;10;12;10;13;10;14;10;15;10;16;10;17;10;18;11;18;11;17;11;16;11;15;11;14;11;13;11;12;11;11;11;10;11;9
1;3;1;3;9;10;10;10;10;11;10;12;10;13;10;14;10;15;10;16;10;17;10;18;11;18;11;17;11;16;11;15;11;14;11;13;11;12;11;11;11;10;11;9;10;9
1;3;1;3;10;10;10;11;10;12;10;13;10;14;10;15;10;16;10;17;10;18;11;18;11;17;11;16;11;15;11;14;11;13;11;12;11;11;11;10;11;9;10;9;9;9
1;0;1;3;10;11;10;12;10;13;10;14;10;15;10;16;10;17;10;18;11;18;11;17;11;16;11;15;11;14;11;13;11;12;11;11;11;10;11;9;10;9;9;9;9;8
1;0;1;3;10;12;10;13;10;14;10;15;10;16;10;17;10;18;11;18;11;17;11;16;11;15;11;14;11;13;11;12;11;11;11;10;11;9;10;9;9;9;9;8;9;7
1;0;1;3;10;13;10;14;10;15;10;16;10;17;10;18;11;18;11;17;11;16;11;15;11;14;11;13;11;12;11;11;11;10;11;9;10;9;9;9;9;8;9;7;9;6
1;0;1;3;10;14;10;15;10;16;10;17;10;18;11;18;11;17;11;16;11;15;11;14;11;13;11;12;11;11;11;10;11;9;10;9;9;9;9;8;9;7;9;6;9;5
1;0;1;3;10;15;10;16;10;17;10;18;11;18;11;17;11;16;11;15;11;14;11;13;11;12;11;11;11;10;11;9;10;9;9;9;9;8;9;7;9;6;9;5;9;4
1;0;1;3;10;16;10;17;10;18;11;18;11;17;11;16;11;15;11;14;11;13;11;12;11;11;11;10;11;9;10;9;9;9;9;8;9;7;9;6;9;5;9;4;9;3
1;3;1;3;10;17;10;18;11;18;11;17;11;16;11;15;11;14;11;13;11;12;11;11;11;10;11;9;10;9;9;9;9;8;9;7;9;6;9;5;9;4;9;3;8;3
1;3;1;3;10;18;11;18;11;17;11;16;11;15;11;14;11;13;11;12;11;11;11;10;11;9;10;9;9;9;9;8;9;7;9;6;9;5;9;4;9;3;8;3;7;3
1;3;1;3;11;18;11;17;11;16;11;15;11;14;11;13;11;12;11;11;11;10;11;9;10;9;9;9;9;8;9;7;9;6;9;5;9;4;9;3;8;3;7;3;6;3
1;3;1;3;11;17;11;16;11;15;11;14;11;13;11;12;11;11;11;10;11;9;10;9;9;9;9;8;9;7;9;6;9;5;9;4;9;3;8;3;7;3;6;3;5;3
1;3;1;3;11;16;11;15;11;14;11;13;11;12;11;11;11;10;11;9;10;9;9;9;9;8;9;7;9;6;9;5;9;4;9;3;8;3;7;3;6;3;5;3;4;3
1;3;1;3;11;15;11;14;11;13;11;12;11;11;11;10;11;9;10;9;9;9;9;8;9;7;9;6;9;5;9;4;9;3;8;3;7;3;6;3;5;3;4;3;3;3
1;3;1;3;11;14;11;13;11;12;11;11;11;10;11;9;10;9;9;9;9;8;9;7;9;6;9;5;9;4;9;3;8;3;7;3;6;3;5;3;4;3;3;3;2;3
1;3;2;15;11;13;11;13;11;12;11;11;11;10;11;9;10;9;9;9;9;8;9;7;9;6;9;5;9;4;9;3;8;3;7;3;6;3;5;3;4;3;3;3;2;3;1;3
1;2;2;15;11;13;11;12;11;11;11;10;11;9;10;9;9;9;9;8;9;7;9;6;9;5;9;4;9;3;8;3;7;3;6;3;5;3;4;3;3;3;2;3;1;3;1;4
1;2;2;15;11;12;11;11;11;10;11;9;10;9;9;9;9;8;9;7;9;6;9;5;9;4;9;3;8;3;7;3;6;3;5;3;4;3;3;3;2;3;1;3;1;4;1;5
1;2;2;15;11;11;11;10;11;9;10;9;9;9;9;8;9;7;9;6;9;5;9;4;9;3;8;3;7;3;6;3;5;3;4;3;3;3;2;3;1;3;1;4;1;5;1;6
1;2;2;15;11;10;11;9;10;9;9;9;9;8;9;7;9;6;9;5;9;4;9;3;8;3;7;3;6;3;5;3;4;3;3;3;2;3;1;3;1;4;1;5;1;6;1;7
1;2;2;15;11;9;10;9;9;9;9;8;9;7;9;6;9;5;9;4;9;3;8;3;7;3;6;3;5;3;4;3;3;3;2;3;1;3;1;4;1;5;1;6;1;7;1;8
1;2;2;15;10;9;9;9;9;8;9;7;9;6;9;5;9;4;9;3;8;3;7;3;6;3;5;3;4;3;3;3;2;3;1;3;1;4;1;5;1;6;1;7;1;8;1;9
1;2;2;15;9;9;9;8;9;7;9;6;9;5;9;4;9;3;8;3;7;3;6;3;5;3;4;3;3;3;2;3;1;3;1;4;1;5;1;6;1;7;1;8;1;9;1;10
1;2;2;15;9;8;9;7;9;6;9;5;9;4;9;3;8;3;7;3;6;3;5;3;4;3;3;3;2;3;1;3;1;4;1;5;1;6;1;7;1;8;1;9;1;10;1;11
1;2;2;15;9;7;9;6;9;5;9;4;9;3;8;3;7;3;6;3;5;3;4;3;3;3;2;3;1;3;1;4;1;5;1;6;1;7;1;8;1;9;1;10;1;11;1;12
1;2;2;15;9;6;9;5;9;4;9;3;8;3;7;3;6;3;5;3;4;3;3;3;2;3;1;3;1;4;1;5;1;6;1;7;1;8;1;9;1;10;1;11;1;12;1;13
1;2;2;15;9;5;9;4;9;3;8;3;7;3;6;3;5;3;4;3;3;3;2;3;1;3;1;4;1;5;1;6;1;7;1;8;1;9;1;10;1;11;1;12;1;13;1;14
1;2;2;15;9;4;9;3;8;3;7;3;6;3;5;3;4;3;3;3;2;3;1;3;1;4;1;5;1;6;1;7;1;8;1;9;1;10;1;11;1;12;1;13;1;14;1;15
1;3;2;15;9;3;8;3;7;3;6;3;5;3;4;3;3;3;2;3;1;3;1;4;1;5;1;6;1;7;1;8;1;9;1;10;1;11;1;12;1;13;1;14;1;15;0;15
1;0;2;15;8;3;7;3;6;3;5;3;4;3;3;3;2;3;1;3;1;4;1;5;1;6;1;7;1;8;1;9;1;10;1;11;1;12;1;13;1;14;1;15;0;15;0;14
1;0;2;15;7;3;6;3;5;3;4;3;3;3;2;3;1;3;1;4;1;5;1;6;1;7;1;8;1;9;1;10;1;11;1;12;1;13;1;14;1;15;0;15;0;14;0;13
1;0;2;15;6;3;5;3;4;3;3;3;2;3;1;3;1;4;1;5;1;6;1;7;1;8;1;9;1;10;1;11;1;12;1;13;1;14;1;15;0;15;0;14;0;13;0;12
1;0;2;15;5;3;4;3;3;3;2;3;1;3;1;4;1;5;1;6;1;7;1;8;1;9;1;10;1;11;1;12;1;13;1;14;1;15;0;15;0;14;0;13;0;12;0;11
1;0;2;15;4;3;3;3;2;3;1;3;1;4;1;5;1;6;1;7;1;8;1;9;1;10;1;11;1;12;1;13;1;14;1;15;0;15;0;14;0;13;0;12;0;11;0;10
1;0;2;15;3;3;2;3;1;3;1;4;1;5;1;6;1;7;1;8;1;9;1;10;1;11;1;12;1;13;1;14;1;15;0;15;0;14;0;13;0;12;0;11;0;10;0;9
1;0;2;15;2;3;1;3;1;4;1;5;1;6;1;7;1;8;1;9;1;10;1;11;1;12;1;13;1;14;1;15;0;15;0;14;0;13;0;12;0;11;0;10;0;9;0;8
1;0;2;15;1;3;1;4;1;5;1;6;1;7;1;8;1;9;1;10;1;11;1;12;1;13;1;14;1;15;0;15;0;14;0;13;0;12;0;11;0;10;0;9;0;8;0;7
1;0;2;15;1;4;1;5;1;6;1;7;1;8;1;9;1;10;1;11;1;12;1;13;1;14;1;15;0;15;0;14;0;13;0;12;0;11;0;10;0;9;0;8;0;7;0;6
1;0;2;15;1;5;1;6;1;7;1;8;1;9;1;10;1;11;1;12;1;13;1;14;1;15;0;15;0;14;0;13;0;12;0;11;0;10;0;9;0;8;0;7;0;6;0;5
1;1;2;15;1;6;1;7;1;8;1;9;1;10;1;11;1;12;1;13;1;14;1;15;0;15;0;14;0;13;0;12;0;11;0;10;0;9;0;8;0;7;0;6;0;5;1;5
1;1;2;15;1;7;1;8;1;9;1;10;1;11;1;12;1;13;1;14;1;15;0;15;0;14;0;13;0;12;0;11;0;10;0;9;0;8;0;7;0;6;0;5;1;5;2;5
1;2;2;15;1;8;1;9;1;10;1;11;1;12;1;13;1;14;1;15;0;15;0;14;0;13;0;12;0;11;0;10;0;9;0;8;0;7;0;6;0;5;1;5;2;5;2;6
1;2;2;15;1;9;1;10;1;11;1;12;1;13;1;14;1;15;0;15;0;14;0;13;0;12;0;11;0;10;0;9;0;8;0;7;0;6;0;5;1;5;2;5;2;6;2;7
1;2;2;15;1;10;1;11;1;12;1;13;1;14;1;15;0;15;0;14;0;13;0;12;0;11;0;10;0;9;0;8;0;7;0;6;0;5;1;5;2;5;2;6;2;7;2;8
1;2;2;15;1;11;1;12;1;13;1;14;1;15;0;15;0;14;0;13;0;12;0;11;0;10;0;9;0;8;0;7;0;6;0;5;1;5;2;5;2;6;2;7;2;8;2;9
1;2;2;15;1;12;1;13;1;14;1;15;0;15;0;14;0;13;0;12;0;11;0;10;0;9;0;8;0;7;0;6;0;5;1;5;2;5;2;6;2;7;2;8;2;9;2;10
1;2;2;15;1;13;1;14;1;15;0;15;0;14;0;13;0;12;0;11;0;10;0;9;0;8;0;7;0;6;0;5;1;5;2;5;2;6;2;7;2;8;2;9;2;10;2;11
1;2;2;15;1;14;1;15;0;15;0;14;0;13;0;12;0;11;0;10;0;9;0;8;0;7;0;6;0;5;1;5;2;5;2;6;2;7;2;8;2;9;2;10;2;11;2;12
1;2;2;15;1;15;0;15;0;14;0;13;0;12;0;11;0;10;0;9;0;8;0;7;0;6;0;5;1;5;2;5;2;6;2;7;2;8;2;9;2;10;2;11;2;12;2;13
1;2;2;15;0;15;0;14;0;13;0;12;0;11;0;10;0;9;0;8;0;7;0;6;0;5;1;5;2;5;2;6;2;7;2;8;2;9;2;10;2;11;2;12;2;13;2;14
1;2;9;17;0;14;0;14;0;13;0;12;0;11;0;10;0;9;0;8;0;7;0;6;0;5;1;5;2;5;2;6;2;7;2;8;2;9;2;10;2;11;2;12;2;13;2;14;2;15
1;2;9;17;0;14;0;13;0;12;0;11;0;10;0;9;0;8;0;7;0;6;0;5;1;5;2;5;2;6;2;7;2;8;2;9;2;10;2;11;2;12;2;13;2;14;2;15;2;16
1;2;9;17;0;13;0;12;0;11;0;10;0;9;0;8;0;7;0;6;0;5;1;5;2;5;2;6;2;7;2;8;2;9;2;10;2;11;2;12;2;13;2;14;2;15;2;16;2;17
1;1;9;17;0;12;0;11;0;10;0;9;0;8;0;7;0;6;0;5;1;5;2;5;2;6;2;7;2;8;2;9;2;10;2;11;2;12;2;13;2;14;2;15;2;16;2;17;3;17
1;1;9;17;0;11;0;10;0;9;0;8;0;7;0;6;0;5;1;5;2;5;2;6;2;7;2;8;2;9;2;10;2;11;2;12;2;13;2;14;2;15;2;16;2;17;3;17;4;17
1;1;9;17;0;10;0;9;0;8;0;7;0;6;0;5;1;5;2;5;2;6;2;7;2;8;2;9;2;10;2;11;2;12;2;13;2;14;2;15;2;16;2;17;3;17;4;17;5;17
1;1;9;17;0;9;0;8;0;7;0;6;0;5;1;5;2;5;2;6;2;7;2;8;2;9;2;10;2;11;2;12;2;13;2;14;2;15;2;16;2;17;3;17;4;17;5;17;6;17
1;1;9;17;0;8;0;7;0;6;0;5;1;5;2;5;2;6;2;7;2;8;2;9;2;10;2;11;2;12;2;13;2;14;2;15;2;16;2;17;3;17;4;17;5;17;6;17;7;17
1;1;9;17;0;7;0;6;0;5;1;5;2;5;2;6;2;7;2;8;2;9;2;10;2;11;2;12;2;13;2;14;2;15;2;16;2;17;3;17;4;17;5;17;6;17;7;17;8;17
1;1;14;12;0;6;0;6;0;5;1;5;2;5;2;6;2;7;2;8;2;9;2;10;2;11;2;12;2;13;2;14;2;15;2;16;2;17;3;17;4;17;5;17;6;17;7;17;8;17;9;17
1;1;14;12;0;6;0;5;1;5;2;5;2;6;2;7;2;8;2;9;2;10;2;11;2;12;2;13;2;14;2;15;2;16;2;17;3;17;4;17;5;17;6;17;7;17;8;17;9;17;10;17
1;1;14;12;0;5;1;5;2;5;2;6;2;7;2;8;2;9;2;10;2;11;2;12;2;13;2;14;2;15;2;16;2;17;3;17;4;17;5;17;6;17;7;17;8;17;9;17;10;17;11;17
1;1;14;12;1;5;2;5;2;6;2;7;2;8;2;9;2;10;2;11;2;12;2;13;2;14;2;15;2;16;2;17;3;17;4;17;5;17;6;17;7;17;8;17;9;17;10;17;11;17;12;17
1;1;14;12;2;5;2;6;2;7;2;8;2;9;2;10;2;11;2;12;2;13;2;14;2;15;2;16;2;17;3;17;4;17;5;17;6;17;7;17;8;17;9;17;10;17;11;17;12;17;13;17
1;1;14;12;2;6;2;7;2;8;2;9;2;10;2;11;2;12;2;13;2;14;2;15;2;16;2;17;3;17;4;17;5;17;6;17;7;17;8;17;9;17;10;17;11;17;12;17;13;17;14;17
1;0;14;12;2;7;2;8;2;9;2;10;2;11;2;12;2;13;2;14;2;15;2;16;2;17;3;17;4;17;5;17;6;17;7;17;8;17;9;17;10;17;11;17;12;17;13;17;14;17;14;16
1;0;14;12;2;8;2;9;2;10;2;11;2;12;2;13;2;14;2;15;2;16;2;17;3;17;4;17;5;17;6;17;7;17;8;17;9;17;10;17;11;17;12;17;13;17;14;17;14;16;14;15
1;0;14;12;2;9;2;10;2;11;2;12;2;13;2;14;2;15;2;16;2;17;3;17;4;17;5;17;6;17;7;17;8;17;9;17;10;17;11;17;12;17;13;17;14;17;14;16;14;15;14;14
1;0;14;12;2;10;2;11;2;12;2;13;2;14;2;15;2;16;2;17;3;17;4;17;5;17;6;17;7;17;8;17;9;17;10;17;11;17;12;17;13;17;14;17;14;16;14;15;14;14;14;13
1;0;13;10;2;11;2;11;2;12;2;13;2;14;2;15;2;16;2;17;3;17;4;17;5;17;6;17;7;17;8;17;9;17;10;17;11;17;12;17;13;17;14;17;14;16;14;15;14;14;14;13;14;12
1;0;13;10;2;11;2;12;2;13;2;14;2;15;2;16;2;17;3;17;4;17;5;17;6;17;7;17;8;17;9;17;10;17;11;17;12;17;13;17;14;17;14;16;14;15;14;14;14;13;14;12;14;11
1;0;13;10;2;12;2;13;2;14;2;15;2;16;2;17;3;17;4;17;5;17;6;17;7;17;8;17;9;17;10;17;11;17;12;17;13;17;14;17;14;16;14;15;14;14;14;13;14;12;14;11;14;10
1;3;17;4;2;13;2;13;2;14;2;15;2;16;2;17;3;17;4;17;5;17;6;17;7;17;8;17;9;17;10;17;11;17;12;17;13;17;14;17;14;16;14;15;14;14;14;13;14;12;14;11;14;10;13;10
1;0;17;4;2;13;2;14;2;15;2;16;2;17;3;17;4;17;5;17;6;17;7;17;8;17;9;17;10;17;11;17;12;17;13;17;14;17;14;16;14;15;14;14;14;13;14;12;14;11;14;10;13;10;13;9
1;1;17;4;2;14;2;15;2;16;2;17;3;17;4;17;5;17;6;17;7;17;8;17;9;17;10;17;11;17;12;17;13;17;14;17;14;16;14;15;14;14;14;13;14;12;14;11;14;10;13;10;13;9;14;9
1;1;17;4;2;15;2;16;2;17;3;17;4;17;5;17;6;17;7;17;8;17;9;17;10;17;11;17;12;17;13;17;14;17;14;16;14;15;14;14;14;13;14;12;14;11;14;10;13;10;13;9;14;9;15;9
1;1;17;4;2;16;2;17;3;17;4;17;5;17;6;17;7;17;8;17;9;17;10;17;11;17;12;17;13;17;14;17;14;16;14;15;14;14;14;13;14;12;14;11;14;10;13;10;13;9;14;9;15;9;16;9
1;1;17;4;2;17;3;17;4;17;5;17;6;17;7;17;8;17;9;17;10;17;11;17;12;17;13;17;14;17;14;16;14;15;14;14;14;13;14;12;14;11;14;10;13;10;13;9;14;9;15;9;16;9;17;9
1;0;17;4;3;17;4;17;5;17;6;17;7;17;8;17;9;17;10;17;11;17;12;17;13;17;14;17;14;16;14;15;14;14;14;13;14;12;14;11;14;10;13;10;13;9;14;9;15;9;16;9;17;9;17;8
1;0;17;4;4;17;5;17;6;17;7;17;8;17;9;17;10;17;11;17;12;17;13;17;14;17;14;16;14;15;14;14;14;13;14;12;14;11;14;10;13;10;13;9;14;9;15;9;16;9;17;9;17;8;17;7
1;0;17;4;5;17;6;17;7;17;8;17;9;17;10;17;11;17;12;17;13;17;14;17;14;16;14;15;14;14;14;13;14;12;14;11;14;10;13;10;13;9;14;9;15;9;16;9;17;9;17;8;17;7;17;6
1;0;17;4;6;17;7;17;8;17;9;17;10;17;11;17;12;17;13;17;14;17;14;16;14;15;14;14;14;13;14;12;14;11;14;10;13;10;13;9;14;9;15;9;16;9;17;9;17;8;17;7;17;6;17;5
1;0;13;0;7;17;7;17;8;17;9;17;10;17;11;17;12;17;13;17;14;17;14;16;14;15;14;14;14;13;14;12;14;11;14;10;13;10;13;9;14;9;15;9;16;9;17;9;17;8;17;7;17;6;17;5;17;4
1;0;13;0;7;17;8;17;9;17;10;17;11;17;12;17;13;17;14;17;14;16;14;15;14;14;14;13;14;12;14;11;14;10;13;10;13;9;14;9;15;9;16;9;17;9;17;8;17;7;17;6;17;5;17;4;17;3
1;0;13;0;8;17;9;17;10;17;11;17;12;17;13;17;14;17;14;16;14;15;14;14;14;13;14;12;14;11;14;10;13;10;13;9;14;9;15;9;16;9;17;9;17;8;17;7;17;6;17;5;17;4;17;3;17;2
1;0;13;0;9;17;10;17;11;17;12;17;13;17;14;17;14;16;14;15;14;14;14;13;14;12;14;11;14;10;13;10;13;9;14;9;15;9;16;9;17;9;17;8;17;7;17;6;17;5;17;4;17;3;17;2;17;1
1;0;13;0;10;17;11;17;12;17;13;17;14;17;14;16;14;15;14;14;14;13;14;12;14;11;14;10;13;10;13;9;14;9;15;9;16;9;17;9;17;8;17;7;17;6;17;5;17;4;17;3;17;2;17;1;17;0
1;3;13;0;11;17;12;17;13;17;14;17;14;16;14;15;14;14;14;13;14;12;14;11;14;10;13;10;13;9;14;9;15;9;16;9;17;9;17;8;17;7;17;6;17;5;17;4;17;3;17;2;17;1;17;0;16;0
1;3;13;0;12;17;13;17;14;17;14;16;14;15;14;14;14;13;14;12;14;11;14;10;13;10;13;9;14;9;15;9;16;9;17;9;17;8;17;7;17;6;17;5;17;4;17;3;17;2;17;1;17;0;16;0;15;0
1;3;13;0;13;17;14;17;14;16;14;15;14;14;14;13;14;12;14;11;14;10;13;10;13;9;14;9;15;9;16;9;17;9;17;8;17;7;17;6;17;5;17;4;17;3;17;2;17;1;17;0;16;0;15;0;14;0
1;3;7;18;14;17;14;17;14;16;14;15;14;14;14;13;14;12;14;11;14;10;13;10;13;9;14;9;15;9;16;9;17;9;17;8;17;7;17;6;17;5;17;4;17;3;17;2;17;1;17;0;16;0;15;0;14;0;13;0
1;3;7;18;14;17;14;16;14;15;14;14;14;13;14;12;14;11;14;10;13;10;13;9;14;9;15;9;16;9;17;9;17;8;17;7;17;6;17;5;17;4;17;3;17;2;17;1;17;0;16;0;15;0;14;0;13;0;12;0
1;3;7;18;14;16;14;15;14;14;14;13;14;12;14;11;14;10;13;10;13;9;14;9;15;9;16;9;17;9;17;8;17;7;17;6;17;5;17;4;17;3;17;2;17;1;17;0;16;0;15;0;14;0;13;0;12;0;11;0
1;3;7;18;14;15;14;14;14;13;14;12;14;11;14;10;13;10;13;9;14;9;15;9;16;9;17;9;17;8;17;7;17;6;17;5;17;4;17;3;17;2;17;1;17;0;16;0;15;0;14;0;13;0;12;0;11;0;10;0
1;3;7;18;14;14;14;13;14;12;14;11;14;10;13;10;13;9;14;9;15;9;16;9;17;9;17;8;17;7;17;6;17;5;17;4;17;3;17;2;17;1;17;0;16;0;15;0;14;0;13;0;12;0;11;0;10;0;9;0
1;3;7;18;14;13;14;12;14;11;14;10;13;10;13;9;14;9;15;9;16;9;17;9;17;8;17;7;17;6;17;5;17;4;17;3;17;2;17;1;17;0;16;0;15;0;14;0;13;0;12;0;11;0;10;0;9;0;8;0
1;3;7;18;14;12;14;11;14;10;13;10;13;9;14;9;15;9;16;9;17;9;17;8;17;7;17;6;17;5;17;4;17;3;17;2;17;1;17;0;16;0;15;0;14;0;13;0;12;0;11;0;10;0;9;0;8;0;7;0
1;2;7;18;14;11;14;10;13;10;13;9;14;9;15;9;16;9;17;9;17;8;17;7;17;6;17;5;17;4;17;3;17;2;17;1;17;0;16;0;15;0;14;0;13;0;12;0;11;0;10;0;9;0;8;0;7;0;7;1
1;2;7;18;14;10;13;10;13;9;14;9;15;9;16;9;17;9;17;8;17;7;17;6;17;5;17;4;17;3;17;2;17;1;17;0;16;0;15;0;14;0;13;0;12;0;11;0;10;0;9;0;8;0;7;0;7;1;7;2
1;2;7;18;13;10;13;9;14;9;15;9;16;9;17;9;17;8;17;7;17;6;17;5;17;4;17;3;17;2;17;1;17;0;16;0;15;0;14;0;13;0;12;0;11;0;10;0;9;0;8;0;7;0;7;1;7;2;7;3
1;2;7;18;13;9;14;9;15;9;16;9;17;9;17;8;17;7;17;6;17;5;17;4;17;3;17;2;17;1;17;0;16;0;15;0;14;0;13;0;12;0;11;0;10;0;9;0;8;0;7;0;7;1;7;2;7;3;7;4
1;2;7;18;14;9;15;9;16;9;17;9;17;8;17;7;17;6;17;5;17;4;17;3;17;2;17;1;17;0;16;0;15;0;14;0;13;0;12;0;11;0;10;0;9;0;8;0;7;0;7;1;7;2;7;3;7;4;7;5
1;2;7;18;15;9;16;9;17;9;17;8;17;7;17;6;17;5;17;4;17;3;17;2;17;1;17;0;16;0;15;0;14;0;13;0;12;0;11;0;10;0;9;0;8;0;7;0;7;1;7;2;7;3;7;4;7;5;7;6
1;2;7;18;16;9;17;9;17;8;17;7;17;6;17;5;17;4;17;3;17;2;17;1;17;0;16;0;15;0;14;0;13;0;12;0;11;0;10;0;9;0;8;0;7;0;7;1;7;2;7;3;7;4;7;5;7;6;7;7
1;2;7;18;17;9;17;8;17;7;17;6;17;5;17;4;17;3;17;2;17;1;17;0;16;0;15;0;14;0;13;0;12;0;11;0;10;0;9;0;8;0;7;0;7;1;7;2;7;3;7;4;7;5;7;6;7;7;7;8
1;2;7;18;17;8;17;7;17;6;17;5;17;4;17;3;17;2;17;1;17;0;16;0;15;0;14;0;13;0;12;0;11;0;10;0;9;0;8;0;7;0;7;1;7;2;7;3;7;4;7;5;7;6;7;7;7;8;7;9
1;2;7;18;17;7;17;6;17;5;17;4;17;3;17;2;17;1;17;0;16;0;15;0;14;0;13;0;12;0;11;0;10;0;9;0;8;0;7;0;7;1;7;2;7;3;7;4;7;5;7;6;7;7;7;8;7;9;7;10
1;2;7;18;17;6;17;5;17;4;17;3;17;2;17;1;17;0;16;0;15;0;14;0;13;0;12;0;11;0;10;0;9;0;8;0;7;0;7;1;7;2;7;3;7;4;7;5;7;6;7;7;7;8;7;9;7;10;7;11
1;2;7;18;17;5;17;4;17;3;17;2;17;1;17;0;16;0;15;0;14;0;13;0;12;0;11;0;10;0;9;0;8;0;7;0;7;1;7;2;7;3;7;4;7;5;7;6;7;7;7;8;7;9;7;10;7;11;7;12
1;2;7;18;17;4;17;3;17;2;17;1;17;0;16;0;15;0;14;0;13;0;12;0;11;0;10;0;9;0;8;0;7;0;7;1;7;2;7;3;7;4;7;5;7;6;7;7;7;8;7;9;7;10;7;11;7;12;7;13
1;2;7;18;17;3;17;2;17;1;17;0;16;0;15;0;14;0;13;0;12;0;11;0;10;0;9;0;8;0;7;0;7;1;7;2;7;3;7;4;7;5;7;6;7;7;7;8;7;9;7;10;7;11;7;12;7;13;7;14
1;2;7;18;17;2;17;1;17;0;16;0;15;0;14;0;13;0;12;0;11;0;10;0;9;0;8;0;7;0;7;1;7;2;7;3;7;4;7;5;7;6;7;7;7;8;7;9;7;10;7;11;7;12;7;13;7;14;7;15
1;2;7;18;17;1;17;0;16;0;15;0;14;0;13;0;12;0;11;0;10;0;9;0;8;0;7;0;7;1;7;2;7;3;7;4;7;5;7;6;7;7;7;8;7;9;7;10;7;11;7;12;7;13;7;14;7;15;7;16
1;2;7;18;17;0;16;0;15;0;14;0;13;0;12;0;11;0;10;0;9;0;8;0;7;0;7;1;7;2;7;3;7;4;7;5;7;6;7;7;7;8;7;9;7;10;7;11;7;12;7;13;7;14;7;15;7;16;7;17
1;2;15;8;16;0;16;0;15;0;14;0;13;0;12;0;11;0;10;0;9;0;8;0;7;0;7;1;7;2;7;3;7;4;7;5;7;6;7;7;7;8;7;9;7;10;7;11;7;12;7;13;7;14;7;15;7;16;7;17;7;18
1;1;15;8;16;0;15;0;14;0;13;0;12;0;11;0;10;0;9;0;8;0;7;0;7;1;7;2;7;3;7;4;7;5;7;6;7;7;7;8;7;9;7;10;7;11;7;12;7;13;7;14;7;15;7;16;7;17;7;18;8;18
1;1;15;8;15;0;14;0;13;0;12;0;11;0;10;0;9;0;8;0;7;0;7;1;7;2;7;3;7;4;7;5;7;6;7;7;7;8;7;9;7;10;7;11;7;12;7;13;7;14;7;15;7;16;7;17;7;18;8;18;9;18
1;1;15;8;14;0;13;0;12;0;11;0;10;0;9;0;8;0;7;0;7;1;7;2;7;3;7;4;7;5;7;6;7;7;7;8;7;9;7;10;7;11;7;12;7;13;7;14;7;15;7;16;7;17;7;18;8;18;9;18;10;18
1;1;15;8;13;0;12;0;11;0;10;0;9;0;8;0;7;0;7;1;7;2;7;3;7;4;7;5;7;6;7;7;7;8;7;9;7;10;7;11;7;12;7;13;7;14;7;15;7;16;7;17;7;18;8;18;9;18;10;18;11;18
1;1;15;8;12;0;11;0;10;0;9;0;8;0;7;0;7;1;7;2;7;3;7;4;7;5;7;6;7;7;7;8;7;9;7;10;7;11;7;12;7;13;7;14;7;15;7;16;7;17;7;18;8;18;9;18;10;18;11;18;12;18
1;1;15;8;11;0;10;0;9;0;8;0;7;0;7;1;7;2;7;3;7;4;7;5;7;6;7;7;7;8;7;9;7;10;7;11;7;12;7;13;7;14;7;15;7;16;7;17;7;18;8;18;9;18;10;18;11;18;12;18;13;18
1;1;15;8;10;0;9;0;8;0;7;0;7;1;7;2;7;3;7;4;7;5;7;6;7;7;7;8;7;9;7;10;7;11;7;12;7;13;7;14;7;15;7;16;7;17;7;18;8;18;9;18;10;18;11;18;12;18;13;18;14;18
1;1;15;8;9;0;8;0;7;0;7;1;7;2;7;3;7;4;7;5;7;6;7;7;7;8;7;9;7;10;7;11;7;12;7;13;7;14;7;15;7;16;7;17;7;18;8;18;9;18;10;18;11;18;12;18;13;18;14;18;15;18
1;0;15;8;8;0;7;0;7;1;7;2;7;3;7;4;7;5;7;6;7;7;7;8;7;9;7;10;7;11;7;12;7;13;7;14;7;15;7;16;7;17;7;18;8;18;9;18;10;18;11;18;12;18;13;18;14;18;15;18;15;17
1;0;15;8;7;0;7;1;7;2;7;3;7;4;7;5;7;6;7;7;7;8;7;9;7;10;7;11;7;12;7;13;7;14;7;15;7;16;7;17;7;18;8;18;9;18;10;18;11;18;12;18;13;18;14;18;15;18;15;17;15;16
1;0;15;8;7;1;7;2;7;3;7;4;7;5;7;6;7;7;7;8;7;9;7;10;7;11;7;12;7;13;7;14;7;15;7;16;7;17;7;18;8;18;9;18;10;18;11;18;12;18;13;18;14;18;15;18;15;17;15;16;15;15
1;0;15;8;7;2;7;3;7;4;7;5;7;6;7;7;7;8;7;9;7;10;7;11;7;12;7;13;7;14;7;15;7;16;7;17;7;18;8;18;9;18;10;18;11;18;12;18;13;18;14;18;15;18;15;17;15;16;15;15;15;14
1;0;15;8;7;3;7;4;7;5;7;6;7;7;7;8;7;9;7;10;7;11;7;12;7;13;7;14;7;15;7;16;7;17;7;18;8;18;9;18;10;18;11;18;12;18;13;18;14;18;15;18;15;17;15;16;15;15;15;14;15;13
1;0;15;8;7;4;7;5;7;6;7;7;7;8;7;9;7;10;7;11;7;12;7;13;7;14;7;15;7;16;7;17;7;18;8;18;9;18;10;18;11;18;12;18;13;18;14;18;15;18;15;17;15;16;15;15;15;14;15;13;15;12
1;0;15;8;7;5;7;6;7;7;7;8;7;9;7;10;7;11;7;12;7;13;7;14;7;15;7;16;7;17;7;18;8;18;9;18;10;18;11;18;12;18;13;18;14;18;15;18;15;17;15;16;15;15;15;14;15;13;15;12;15;11
1;0;15;8;7;6;7;7;7;8;7;9;7;10;7;11;7;12;7;13;7;14;7;15;7;16;7;17;7;18;8;18;9;18;10;18;11;18;12;18;13;18;14;18;15;18;15;17;15;16;15;15;15;14;15;13;15;12;15;11;15;10
1;0;15;8;7;7;7;8;7;9;7;10;7;11;7;12;7;13;7;14;7;15;7;16;7;17;7;18;8;18;9;18;10;18;11;18;12;18;13;18;14;18;15;18;15;17;15;16;15;15;15;14;15;13;15;12;15;11;15;10;15;9
1;0;16;9;7;8;7;8;7;9;7;10;7;11;7;12;7;13;7;14;7;15;7;16;7;17;7;18;8;18;9;18;10;18;11;18;12;18;13;18;14;18;15;18;15;17;15;16;15;15;15;14;15;13;15;12;15;11;15;10;15;9;15;8
1;1;16;9;7;8;7;9;7;10;7;11;7;12;7;13;7;14;7;15;7;16;7;17;7;18;8;18;9;18;10;18;11;18;12;18;13;18;14;18;15;18;15;17;15;16;15;15;15;14;15;13;15;12;15;11;15;10;15;9;15;8;16;8
1;2;5;5;7;9;7;9;7;10;7;11;7;12;7;13;7;14;7;15;7;16;7;17;7;18;8;18;9;18;10;18;11;18;12;18;13;18;14;18;15;18;15;17;15;16;15;15;15;14;15;13;15;12;15;11;15;10;15;9;15;8;16;8;16;9
1;2;5;5;7;9;7;10;7;11;7;12;7;13;7;14;7;15;7;16;7;17;7;18;8;18;9;18;10;18;11;18;12;18;13;18;14;18;15;18;15;17;15;16;15;15;15;14;15;13;15;12;15;11;15;10;15;9;15;8;16;8;16;9;16;10
1;2;5;5;7;10;7;11;7;12;7;13;7;14;7;15;7;16;7;17;7;18;8;18;9;18;10;18;11;18;12;18;13;18;14;18;15;18;15;17;15;16;15;15;15;14;15;13;15;12;15;11;15;10;15;9;15;8;16;8;16;9;16;10;16;11
1;2;5;5;7;11;7;12;7;13;7;14;7;15;7;16;7;17;7;18;8;18;9;18;10;18;11;18;12;18;13;18;14;18;15;18;15;17;15;16;15;15;15;14;15;13;15;12;15;11;15;10;15;9;15;8;16;8;16;9;16;10;16;11;16;12
1;2;5;5;7;12;7;13;7;14;7;15;7;16;7;17;7;18;8;18;9;18;10;18;11;18;12;18;13;18;14;18;15;18;15;17;15;16;15;15;15;14;15;13;15;12;15;11;15;10;15;9;15;8;16;8;16;9;16;10;16;11;16;12;16;13
1;2;5;5;7;13;7;14;7;15;7;16;7;17;7;18;8;18;9;18;10;18;11;18;12;18;13;18;14;18;15;18;15;17;15;16;15;15;15;14;15;13;15;12;15;11;15;10;15;9;15;8;16;8;16;9;16;10;16;11;16;12;16;13;16;14
1;1;5;5;7;14;7;15;7;16;7;17;7;18;8;18;9;18;10;18;11;18;12;18;13;18;14;18;15;18;15;17;15;16;15;15;15;14;15;13;15;12;15;11;15;10;15;9;15;8;16;8;16;9;16;10;16;11;16;12;16;13;16;14;17;14
1;0;5;5;7;15;7;16;7;17;7;18;8;18;9;18;10;18;11;18;12;18;13;18;14;18;15;18;15;17;15;16;15;15;15;14;15;13;15;12;15;11;15;10;15;9;15;8;16;8;16;9;16;10;16;11;16;12;16;13;16;14;17;14;17;13
1;0;5;5;7;16;7;17;7;18;8;18;9;18;10;18;11;18;12;18;13;18;14;18;15;18;15;17;15;16;15;15;15;14;15;13;15;12;15;11;15;10;15;9;15;8;16;8;16;9;16;10;16;11;16;12;16;13;16;14;17;14;17;13;17;12
1;0;5;5;7;17;7;18;8;18;9;18;10;18;11;18;12;18;13;18;14;18;15;18;15;17;15;16;15;15;15;14;15;13;15;12;15;11;15;10;15;9;15;8;16;8;16;9;16;10;16;11;16;12;16;13;16;14;17;14;17;13;17;12;17;11
1;0;5;5;7;18;8;18;9;18;10;18;11;18;12;18;13;18;14;18;15;18;15;17;15;16;15;15;15;14;15;13;15;12;15;11;15;10;15;9;15;8;16;8;16;9;16;10;16;11;16;12;16;13;16;14;17;14;17;13;17;12;17;11;17;10
1;0;5;5;8;18;9;18;10;18;11;18;12;18;13;18;14;18;15;18;15;17;15;16;15;15;15;14;15;13;15;12;15;11;15;10;15;9;15;8;16;8;16;9;16;10;16;11;16;12;16;13;16;14;17;14;17;13;17;12;17;11;17;10;17;9
1;0;5;5;9;18;10;18;11;18;12;18;13;18;14;18;15;18;15;17;15;16;15;15;15;14;15;13;15;12;15;11;15;10;15;9;15;8;16;8;16;9;16;10;16;11;16;12;16;13;16;14;17;14;17;13;17;12;17;11;17;10;17;9;17;8
1;0;5;5;10;18;11;18;12;18;13;18;14;18;15;18;15;17;15;16;15;15;15;14;15;13;15;12;15;11;15;10;15;9;15;8;16;8;16;9;16;10;16;11;16;12;16;13;16;14;17;14;17;13;17;12;17;11;17;10;17;9;17;8;17;7
1;0;5;5;11;18;12;18;13;18;14;18;15;18;15;17;15;16;15;15;15;14;15;13;15;12;15;11;15;10;15;9;15;8;16;8;16;9;16;10;16;11;16;12;16;13;16;14;17;14;17;13;17;12;17;11;17;10;17;9;17;8;17;7;17;6
1;0;5;5;12;18;13;18;14;18;15;18;15;17;15;16;15;15;15;14;15;13;15;12;15;11;15;10;15;9;15;8;16;8;16;9;16;10;16;11;16;12;16;13;16;14;17;14;17;13;17;12;17;11;17;10;17;9;17;8;17;7;17;6;17;5
1;3;5;5;13;18;14;18;15;18;15;17;15;16;15;15;15;14;15;13;15;12;15;11;15;10;15;9;15;8;16;8;16;9;16;10;16;11;16;12;16;13;16;14;17;14;17;13;17;12;17;11;17;10;17;9;17;8;17;7;17;6;17;5;16;5
1;3;5;5;14;18;15;18;15;17;15;16;15;15;15;14;15;13;15;12;15;11;15;10;15;9;15;8;16;8;16;9;16;10;16;11;16;12;16;13;16;14;17;14;17;13;17;12;17;11;17;10;17;9;17;8;17;7;17;6;17;5;16;5;15;5
1;3;5;5;15;18;15;17;15;16;15;15;15;14;15;13;15;12;15;11;15;10;15;9;15;8;16;8;16;9;16;10;16;11;16;12;16;13;16;14;17;14;17;13;17;12;17;11;17;10;17;9;17;8;17;7;17;6;17;5;16;5;15;5;14;5
1;3;5;5;15;17;15;16;15;15;15;14;15;13;15;12;15;11;15;10;15;9;15;8;16;8;16;9;16;10;16;11;16;12;16;13;16;14;17;14;17;13;17;12;17;11;17;10;17;9;17;8;17;7;17;6;17;5;16;5;15;5;14;5;13;5
1;3;5;5;15;16;15;15;15;14;15;13;15;12;15;11;15;10;15;9;15;8;16;8;16;9;16;10;16;11;16;12;16;13;16;14;17;14;17;13;17;12;17;11;17;10;17;9;17;8;17;7;17;6;17;5;16;5;15;5;14;5;13;5;12;5
1;3;5;5;15;15;15;14;15;13;15;12;15;11;15;10;15;9;15;8;16;8;16;9;16;10;16;11;16;12;16;13;16;14;17;14;17;13;17;12;17;11;17;10;17;9;17;8;17;7;17;6;17;5;16;5;15;5;14;5;13;5;12;5;11;5
1;3;5;5;15;14;15;13;15;12;15;11;15;10;15;9;15;8;16;8;16;9;16;10;16;11;16;12;16;13;16;14;17;14;17;13;17;12;17;11;17;10;17;9;17;8;17;7;17;6;17;5;16;5;15;5;14;5;13;5;12;5;11;5;10;5
1;3;5;5;15;13;15;12;15;11;15;10;15;9;15;8;16;8;16;9;16;10;16;11;16;12;16;13;16;14;17;14;17;13;17;12;17;11;17;10;17;9;17;8;17;7;17;6;17;5;16;5;15;5;14;5;13;5;12;5;11;5;10;5;9;5
1;3;5;5;15;12;15;11;15;10;15;9;15;8;16;8;16;9;16;10;16;11;16;12;16;13;16;14;17;14;17;13;17;12;17;11;17;10;17;9;17;8;17;7;17;6;17;5;16;5;15;5;14;5;13;5;12;5;11;5;10;5;9;5;8;5
1;3;5;5;15;11;15;10;15;9;15;8;16;8;16;9;16;10;16;11;16;12;16;13;16;14;17;14;17;13;17;12;17;11;17;10;17;9;17;8;17;7;17;6;17;5;16;5;15;5;14;5;13;5;12;5;11;5;10;5;9;5;8;5;7;5
1;3;5;5;15;10;15;9;15;8;16;8;16;9;16;10;16;11;16;12;16;13;16;14;17;14;17;13;17;12;17;11;17;10;17;9;17;8;17;7;17;6;17;5;16;5;15;5;14;5;13;5;12;5;11;5;10;5;9;5;8;5;7;5;6;5
1;3;13;16;15;9;15;9;15;8;16;8;16;9;16;10;16;11;16;12;16;13;16;14;17;14;17;13;17;12;17;11;17;10;17;9;17;8;17;7;17;6;17;5;16;5;15;5;14;5;13;5;12;5;11;5;10;5;9;5;8;5;7;5;6;5;5;5
1;2;13;16;15;9;15;8;16;8;16;9;16;10;16;11;16;12;16;13;16;14;17;14;17;13;17;12;17;11;17;10;17;9;17;8;17;7;17;6;17;5;16;5;15;5;14;5;13;5;12;5;11;5;10;5;9;5;8;5;7;5;6;5;5;5;5;6
1;2;13;16;15;8;16;8;16;9;16;10;16;11;16;12;16;13;16;14;17;14;17;13;17;12;17;11;17;10;17;9;17;8;17;7;17;6;17;5;16;5;15;5;14;5;13;5;12;5;11;5;10;5;9;5;8;5;7;5;6;5;5;5;5;6;5;7
1;2;13;16;16;8;16;9;16;10;16;11;16;12;16;13;16;14;17;14;17;13;17;12;17;11;17;10;17;9;17;8;17;7;17;6;17;5;16;5;15;5;14;5;13;5;12;5;11;5;10;5;9;5;8;5;7;5;6;5;5;5;5;6;5;7;5;8
1;2;13;16;16;9;16;10;16;11;16;12;16;13;16;14;17;14;17;13;17;12;17;11;17;10;17;9;17;8;17;7;17;6;17;5;16;5;15;5;14;5;13;5;12;5;11;5;10;5;9;5;8;5;7;5;6;5;5;5;5;6;5;7;5;8;5;9
1;2;13;16;16;10;16;11;16;12;16;13;16;14;17;14;17;13;17;12;17;11;17;10;17;9;17;8;17;7;17;6;17;5;16;5;15;5;14;5;13;5;12;5;11;5;10;5;9;5;8;5;7;5;6;5;5;5;5;6;5;7;5;8;5;9;5;10
1;2;13;16;16;11;16;12;16;13;16;14;17;14;17;13;17;12;17;11;17;10;17;9;17;8;17;7;17;6;17;5;16;5;15;5;14;5;13;5;12;5;11;5;10;5;9;5;8;5;7;5;6;5;5;5;5;6;5;7;5;8;5;9;5;10;5;11
1;2;13;16;16;12;16;13;16;14;17;14;17;13;17;12;17;11;17;10;17;9;17;8;17;7;17;6;17;5;16;5;15;5;14;5;13;5;12;5;11;5;10;5;9;5;8;5;7;5;6;5;5;5;5;6;5;7;5;8;5;9;5;10;5;11;5;12
1;2;13;16;16;13;16;14;17;14;17;13;17;12;17;11;17;10;17;9;17;8;17;7;17;6;17;5;16;5;15;5;14;5;13;5;12;5;11;5;10;5;9;5;8;5;7;5;6;5;5;5;5;6;5;7;5;8;5;9;5;10;5;11;5;12;5;13
1;2;13;16;16;14;17;14;17;13;17;12;17;11;17;10;17;9;17;8;17;7;17;6;17;5;16;5;15;5;14;5;13;5;12;5;11;5;10;5;9;5;8;5;7;5;6;5;5;5;5;6;5;7;5;8;5;9;5;10;5;11;5;12;5;13;5;14
1;2;13;16;17;14;17;13;17;12;17;11;17;10;17;9;17;8;17;7;17;6;17;5;16;5;15;5;14;5;13;5;12;5;11;5;10;5;9;5;8;5;7;5;6;5;5;5;5;6;5;7;5;8;5;9;5;10;5;11;5;12;5;13;5;14;5;15
1;2;13;16;17;13;17;12;17;11;17;10;17;9;17;8;17;7;17;6;17;5;16;5;15;5;14;5;13;5;12;5;11;5;10;5;9;5;8;5;7;5;6;5;5;5;5;6;5;7;5;8;5;9;5;10;5;11;5;12;5;13;5;14;5;15;5;16
1;1;13;16;17;12;17;11;17;10;17;9;17;8;17;7;17;6;17;5;16;5;15;5;14;5;13;5;12;5;11;5;10;5;9;5;8;5;7;5;6;5;5;5;5;6;5;7;5;8;5;9;5;10;5;11;5;12;5;13;5;14;5;15;5;16;6;16
1;1;13;16;17;11;17;10;17;9;17;8;17;7;17;6;17;5;16;5;15;5;14;5;13;5;12;5;11;5;10;5;9;5;8;5;7;5;6;5;5;5;5;6;5;7;5;8;5;9;5;10;5;11;5;12;5;13;5;14;5;15;5;16;6;16;7;16
1;1;13;16;17;10;17;9;17;8;17;7;17;6;17;5;16;5;15;5;14;5;13;5;12;5;11;5;10;5;9;5;8;5;7;5;6;5;5;5;5;6;5;7;5;8;5;9;5;10;5;11;5;12;5;13;5;14;5;15;5;16;6;16;7;16;8;16
1;1;13;16;17;9;17;8;17;7;17;6;17;5;16;5;15;5;14;5;13;5;12;5;11;5;10;5;9;5;8;5;7;5;6;5;5;5;5;6;5;7;5;8;5;9;5;10;5;11;5;12;5;13;5;14;5;15;5;16;6;16;7;16;8;16;9;16
1;1;13;16;17;8;17;7;17;6;17;5;16;5;15;5;14;5;13;5;12;5;11;5;10;5;9;5;8;5;7;5;6;5;5;5;5;6;5;7;5;8;5;9;5;10;5;11;5;12;5;13;5;14;5;15;5;16;6;16;7;16;8;16;9;16;10;16
1;1;13;16;17;7;17;6;17;5;16;5;15;5;14;5;13;5;12;5;11;5;10;5;9;5;8;5;7;5;6;5;5;5;5;6;5;7;5;8;5;9;5;10;5;11;5;12;5;13;5;14;5;15;5;16;6;16;7;16;8;16;9;16;10;16;11;16
1;1;13;16;17;6;17;5;16;5;15;5;14;5;13;5;12;5;11;5;10;5;9;5;8;5;7;5;6;5;5;5;5;6;5;7;5;8;5;9;5;10;5;11;5;12;5;13;5;14;5;15;5;16;6;16;7;16;8;16;9;16;10;16;11;16;12;16
1;1;14;18;17;5;17;5;16;5;15;5;14;5;13;5;12;5;11;5;10;5;9;5;8;5;7;5;6;5;5;5;5;6;5;7;5;8;5;9;5;10;5;11;5;12;5;13;5;14;5;15;5;16;6;16;7;16;8;16;9;16;10;16;11;16;12;16;13;16
1;1;14;18;17;5;16;5;15;5;14;5;13;5;12;5;11;5;10;5;9;5;8;5;7;5;6;5;5;5;5;6;5;7;5;8;5;9;5;10;5;11;5;12;5;13;5;14;5;15;5;16;6;16;7;16;8;16;9;16;10;16;11;16;12;16;13;16;14;16
1;2;14;18;16;5;15;5;14;5;13;5;12;5;11;5;10;5;9;5;8;5;7;5;6;5;5;5;5;6;5;7;5;8;5;9;5;10;5;11;5;12;5;13;5;14;5;15;5;16;6;16;7;16;8;16;9;16;10;16;11;16;12;16;13;16;14;16;14;17
1;2;13;14;15;5;15;5;14;5;13;5;12;5;11;5;10;5;9;5;8;5;7;5;6;5;5;5;5;6;5;7;5;8;5;9;5;10;5;11;5;12;5;13;5;14;5;15;5;16;6;16;7;16;8;16;9;16;10;16;11;16;12;16;13;16;14;16;14;17;14;18
1;3;13;14;15;5;14;5;13;5;12;5;11;5;10;5;9;5;8;5;7;5;6;5;5;5;5;6;5;7;5;8;5;9;5;10;5;11;5;12;5;13;5;14;5;15;5;16;6;16;7;16;8;16;9;16;10;16;11;16;12;16;13;16;14;16;14;17;14;18;13;18
1;3;13;14;14;5;13;5;12;5;11;5;10;5;9;5;8;5;7;5;6;5;5;5;5;6;5;7;5;8;5;9;5;10;5;11;5;12;5;13;5;14;5;15;5;16;6;16;7;16;8;16;9;16;10;16;11;16;12;16;13;16;14;16;14;17;14;18;13;18;12;18
1;3;13;14;13;5;12;5;11;5;10;5;9;5;8;5;7;5;6;5;5;5;5;6;5;7;5;8;5;9;5;10;5;11;5;12;5;13;5;14;5;15;5;16;6;16;7;16;8;16;9;16;10;16;11;16;12;16;13;16;14;16;14;17;14;18;13;18;12;18;11;18
1;3;13;14;12;5;11;5;10;5;9;5;8;5;7;5;6;5;5;5;5;6;5;7;5;8;5;9;5;10;5;11;5;12;5;13;5;14;5;15;5;16;6;16;7;16;8;16;9;16;10;16;11;16;12;16;13;16;14;16;14;17;14;18;13;18;12;18;11;18;10;18
1;3;13;14;11;5;10;5;9;5;8;5;7;5;6;5;5;5;5;6;5;7;5;8;5;9;5;10;5;11;5;12;5;13;5;14;5;15;5;16;6;16;7;16;8;16;9;16;10;16;11;16;12;16;13;16;14;16;14;17;14;18;13;18;12;18;11;18;10;18;9;18
1;3;13;14;10;5;9;5;8;5;7;5;6;5;5;5;5;6;5;7;5;8;5;9;5;10;5;11;5;12;5;13;5;14;5;15;5;16;6;16;7;16;8;16;9;16;10;16;11;16;12;16;13;16;14;16;14;17;14;18;13;18;12;18;11;18;10;18;9;18;8;18
1;3;13;14;9;5;8;5;7;5;6;5;5;5;5;6;5;7;5;8;5;9;5;10;5;11;5;12;5;13;5;14;5;15;5;16;6;16;7;16;8;16;9;16;10;16;11;16;12;16;13;16;14;16;14;17;14;18;13;18;12;18;11;18;10;18;9;18;8;18;7;18
1;3;13;14;8;5;7;5;6;5;5;5;5;6;5;7;5;8;5;9;5;10;5;11;5;12;5;13;5;14;5;15;5;16;6;16;7;16;8;16;9;16;10;16;11;16;12;16;13;16;14;16;14;17;14;18;13;18;12;18;11;18;10;18;9;18;8;18;7;18;6;18
1;0;13;14;7;5;6;5;5;5;5;6;5;7;5;8;5;9;5;10;5;11;5;12;5;13;5;14;5;15;5;16;6;16;7;16;8;16;9;16;10;16;11;16;12;16;13;16;14;16;14;17;14;18;13;18;12;18;11;18;10;18;9;18;8;18;7;18;6;18;6;17
1;1;13;14;6;5;5;5;5;6;5;7;5;8;5;9;5;10;5;11;5;12;5;13;5;14;5;15;5;16;6;16;7;16;8;16;9;16;10;16;11;16;12;16;13;16;14;16;14;17;14;18;13;18;12;18;11;18;10;18;9;18;8;18;7;18;6;18;6;17;7;17
1;1;13;14;5;5;5;6;5;7;5;8;5;9;5;10;5;11;5;12;5;13;5;14;5;15;5;16;6;16;7;16;8;16;9;16;10;16;11;16;12;16;13;16;14;16;14;17;14;18;13;18;12;18;11;18;10;18;9;18;8;18;7;18;6;18;6;17;7;17;8;17
